frame,stop,start,length,protein,,
-3,1862730,1862058,672,MNQLLTITKENASTLTMSSREIAELCEKRHDNVLKLVRELIERGLLKNTIPHSYIHPQNNQRYFEFFSDKRDTLVIVARLSPEFTAAVVDRWQALENQQKPTALIPQSFSEALMLAAQLQAEKERNAPKVAFVDHYVEVGTSKSFRETAKILKMPERALVNRLVEDKYLYRQSGVLLPYQSAHTKDLFTVKTGTAEHGHNYTQTRVTSKGIEFIASRYASELML,length1,672
-3,1861677,1861404,273,MNLKKLRKKAKPKCCLSSSVLPDNWRKILSHTAKPKRASLIKRNSTVCKNRRTRLGFRFVKRWKFASNATGRDLTHRGIGVMKNCDQIHRT,length1,273
-3,1860417,1860003,414,MSQYKPFFLRDQRIKNNCLDLIKELPTDDKKPLVVKIQPITRNLEQNAKFHAMCQDVANQAEFMGRKLTMEQWKVLFISGHAIATNQKVDVVPGLEGEFVNIRESSAQMSVSRMASLIEYVTSWGVQNGVRFNDRWGL,length1,414
-3,1859319,1858956,363,MQTKHILDIKLTARRYGKWAREGVGINYPAIQPFLRKATPDHGIPMLDDETAMRIHDATLIMRNVTPELYQVFMLRYVSNLSQGNVGREMGVSVPMIKSYLYAAHQSLKLLLTQNKCIFLA,length1,363
-3,1858914,1858398,516,MFRLAKQQENRMITYAQLCEQNIRYQAMLHHNAQMLRTVINCFTIALEEDLGLTDKSYKKEFNQDQQVPYVDVLNIDDHKSCPWYQLKTEFEQNAPVIEFELALTLEKAPNVYPKTTLISPMRAIYINENSIQLEFTAHRDKPQFIISINEKDAFSHVINTYKQLILEMLKC,length1,516
-3,1858194,1857375,819,MKKTAILIDGGFFFAKVGFFARKYFKNKTITAENLIDLMWRMVRFHTEIERGQHSGREAQELYRIYYYDSPPLDKQVKLPFPEKGETTPRDKNFKTEAMNKLRAEFHVKLKENRKTALRMGRLQSTDWRLNEHTLKALRQGKKKWEDLTNDDWYYEITQKSVDVKLGMDITILSYEKLVDVIVLIAGDSDFVPAAKQARIKGVDFILNPLKQEISHDLAEHIDGIQSFSVGVGLAEILKCDPEGNPQWWQDYQAKAAANKEKRKAKKQTRKKK,length1,819
-3,1847688,1846527,1161,MFTYGSICSGIEAVSVAWKGLSKPLWFSEIEPFPCAVLAYHYPNIPNLGDMTTLPEKILNREIPAPDVLVGGTPCQAFSVAGLRNSLDDERGNLTLTLIHILEAIDYVRYQDGKQPCVLLWENVPGVLSTKDNAFGHLLAGLVQEREPLQPTGAKWSNAGYVHSSRTIAWRILDAQYFGLAQRRKRVFLVASARERSVAQILFERKSLQGYSQSCGKTQQGFTCYAEGSFGTYRQSVLGGLVKASGGALGGGSETIVVHGTQDPIISTSTAHCLGRNNGQENVLFDISDRRDVVRIQKDGATPTLTARMGTGGNNIPCMSINQNIRKLTPSECEKLQGFPPGYTQIPYRNKLANDCPDSPRYKAIGNSMAVPVIKWIGERMINYLNK,length1,1161
-3,1836717,1836180,537,MENPPLVSVIVCAYNAEQYIDESISSIINQSYENLEIIVINDGSTDLTLSHLEKISKLDKRIKIISNKYNLGFINSLNIGLGCFSGKYIARMDADDIAKPSWIEKIVTYLEKNDHITAMGSYLEIIVEKECGIIGSQYKTGDIWKNPLLHNEICEAMLFYNPIHNNTMIMRANVYREHK,length1,537
-3,1834074,1832385,1689,MILAGADQSCDALIRQSGKPQFGDYQANGIMAAAKKLGLNPREFAQKVLDNLQLSDIAEKLEIAGPGFINIFLNPTWLTTEISAALSHKNLGIQATNKQTVVIDYSSPNVAKEMHVGHLRSTIIGDAVARTLEFLGHNVIRANHVGDWGTQFGMLIAYLEKMQNEHASEMELQDLEAFYREAKKHYDEDEVFAEKARNYVVKLQSGDEYCRTMWKRLVDITMQQNQHNYNRLNVTLTEKDVMGESLYNPMLPSIVEDLKKQGLAVENDGALVVYLDEFKNKEGDPMGVIVQKKDGGFLYTTTDIAAAKYRYETLKANRALVFSDTRQSQHMQQAWLITRKAGYVPDSFSLEHKNFGMMLGKDGKPFKTRTGGTIKLADLLDEAIERATVLINEKNTNLSNDEKEAVIEAVGIGAVKYADLSKNRTTDYVFDWDNMLSFEGNTAPYMQYAYTRIRSIFNKTDINSTALLAAPLTIKDDKERTLAIKLLQFEEAVQTVGKEGTPHVLCAYLYELAGIFSSFYEHCPILNAEDESIKLSRLKLALLTEKTLKQGLTLLGIKTVEKM,length1,1689
-3,1826337,1825041,1296,MEKITLAPISAVEGTINLPGSKSLSNRALLLAALAKGTTKVTNLLDSDDIRHMLNALKALGVRYQLSDDKTICEVEGLGGTFNIQDNLSLFLGNAGTAMRPLTAALCLKGKTESEIILTGEPRMKERPILHLVDALRQAGADIRYLENEGYPPLAIRNKGIKGGKVKIDGSISSQFLTALLMSAPLAENDTEIEIIGELVSKPYIDITLAMMRDFGVKVENHHYQKFQVKGNQSYISPNKYLVEGDASSASYFLAAGAIKGKVKVTGIGKNSIQGDRLFADVLEKMGAKITWGEDFIQAEQAELNSIDMDMNHIPDAAMTIATTALFANGETVIRNIYNWRVKETDRLAAMATELRKIGAEVEEGEDFIRIQPLALNQFKHANIETYNDHRMAMCFSLIALSNTPVTILDPKCTAKTFPTFFNEFEKIYLKN,length1,1296
-3,1809147,1807512,1635,MKNIKSRLKLSAISVLLGLASSSLYAEEAFLVKGFQLSGALETLSEDAQLSVAKSLSKYQGSQTLTNLKTAQLELQAVLDKIEPNKFDVILPQQTITDGNIMFELVSKSAAESQVFYKASQGYSEENIARSLPSLKQGKVYEDGRQWFDLREFNMAKENPLKVTRVHYELNPKNKTSNLIIAGFSPFGKTRSFISYDNFGAREFNYQRVSLGFVNANLTGHDDVLNLNALTNVKAPSKSYAVGVGYTYPFYSKHQSLSLYTSMSYADSDDIDGLPSAINRKLSKGQSISANLKWSYYLPTFNLGMEDQFKINLGYNYRHINQTSELNRLGATKKKFAVSGISAGIDGRIQFTPKTIFNIDLTHHYYASKLPGSFGMERIGETFNRSYHISTASLGLSQEFAQGWHFSSQLSGQFTLQDISSIDLFSVTGVYGVRGFKYGGVSGERGLVWRNELSMPKYTRFQISPYAFYDVGQFRYNSENAKTYGEDMHTVSSAGLGIKTSPTQNLNLDAFVARRLANANNDNLNGNKKRTSSPTTFWGRLTFSF,length1,1635
-3,1807386,1805343,2043,MLKNNLYDKLKYTPCHVPWRYRGFRYKGFNNMTKENLQNAPQNTTVSLVESNNNQTSPQMLQQSPKPNLLRLEQYVAEKDYELACRELMAILEKMDANFGGVHDIEFDAPAQLAYLPEKLLIYFATRLANAITTLFSDPELAISEEGALKMISLQRWLTLIFASSPYVNADHILNKYNINPDSEGGFHLATDNSSIAKFCIFYLPESNVNMSLDALWAGNQQLCASLCFALQSSRFIGTASAFHKRAVVLQWFPKKLAEIANLDELPANILHDVYMHCSYDLAKNKHDVKRPLNELVRKHILTQGWQDRYLYTLGKKDGKPVMMVLLEHFNSGHSIYRTHSTSMIAAREKFYLVGLGHEGVDNIGREVFDEFFEISSNNIMERLFFIRKQCETFQPAVFYMPSIGMDITTIFVSNTRLAPIQAVALGHPATTHSEFIDYVIVEDDYVGSEDCFSETLLRLPKDALPYVPSALAPQKVDYVLRENPEVVNIGIAATTMKLNPEFLLTLQEIRDKAKVKIHFHFALGQSTGLTHPYVKWFIESYLGDDATAHPHAPYHDYLAILRDCDMLLNPFPFGNTNGIIDMVTLGLVGVCKTGDEVHEHIDEGLFKRLGLPEWLIADTRETYIECALRLAENHQERLELRRYIIENNGLQKLFTGDPRPLGKILLKKTNEWKRKHLSKK,length1,2043
-3,1797453,1796379,1074,MFKMVSSPHTHSGKLTARIMLWVILAMMPAFFTQIYYFGFGVVLQSALAIGTAIIAEFIAIKLRGKKPLNYLSDFSVALTALILAMAIPPYAPYWVIIIGTLCAVLLGKQVYGGLGQNPFNPAMIGYVILLISFPLQMTTWMPPINLLQEPPTFSDTFSLIFSGLTTDGFTLSQLTHNIDGITQATPLDSAKIFYKSHNQLSDFYELIKLPIFMGNGTDFAQGWWQINVAFLAGGIFLILKRIIHWQIPVAMLVTFFCLATATAFTGFTHLSAISQLVSGAMMFGAFFIATDPVTASITPRGKIIFGALVGLFVYLIRYHGNYPDGVAFAILLSNICVPLIDHYTRPRVSGYPTKGRK,length1,1074
-3,1795752,1795047,705,MTDLTEKNTALEEEKIESAVENQQKSIWKEIFAQGIWKNNPAVVQLLGLCPLLAVSSTATNALGLGLATMLVLTCTNTVISLFRQYIPKEIRIPIYVMIIATTVTAVQLLMNAYTYTLYQSLGIFIPLIVTNCIIIGRAEAFASKNSLLHSIWDGFSMGLGMALSLTILGALREIIGQGTIFEGIENLFGEQAKFLTHHIYHTDSSFLLFILPPGAFIGLGLLLAIKNRIDNIKK,length1,705
-3,1794924,1794291,633,MNKTKRIEILTRLREQNPHPTTELQYNSPFELLIAVILSAQATDKGVNKATEKLFPVANTPQAILDLGLDGLKSYIKTIGLFNSKAENIIKTCRDLIEKHNGEIPENREALEALAGVGRKTANVVLNTAFGHPTIAVDTHIFRVCNRTNFAAGKDVVKVEEKLLKVVPNEFKVDVHHWLILHGRYTCIARKPRCGSCIIEDLCEYKEKVEF,length1,633
-3,1781085,1780632,453,MGYAIMNSLVQSINAHLILLLMALIHLTLCLSLHARYYDLQSHQLITLCCNLQMPQVVLVHELNLNASLQQVRLLIIQRVLQLNQNKWLIIILRSLCLIQRKQIYRLQPILLVNLMLMQVHQFESILPLQPLMHLKFQHKQALIDLINRNG,length1,453
-3,1777635,1776162,1473,MKYQAKNTALSQATDCIVLGIYENNKFSKSFNEIDQLTQGYLNDLVKSGELTGKLAQTILLRDLQGLSAKRLLIVGCGKKGELTERQYKQIIQAVLKTLKETNTREVISYLTEIELKDRDLYWNIRFAIETIEHTNYQFDHFKSQKAETSVLESFIFNTDCNQAQQAISHANAISSGIKAARDIANMPPNICNPAYLAEQAKNLAENSTALSLKVVDEEEMAKLGMNAYLAVSKGSENRAYMSVLTFNNAPDKNAKPIVLVGKGLTFDAGGISLKPAADMDEMKYDMCGAASVFGTMKAIAQLNLPLNVIGVLAGCENLPDGNAYRPGDILTTMNGLTVEVLNTDAEGRLVLCDALTYVERFEPELVIDVATLTGACVVALGQHNSGLVSTDNNLANALLQAATETTDKAWRLPLSEEYQEQLKSPFADLANIGGRWGGAITAGAFLSNFTKKYRWAHLDIAGTAWLQGANKGATGRPVSLLTQFLINQVK,length1,1473
-3,1759956,1759560,396,MPPALVAVVHPLVSKMDFQFTHYQGNVSVKCSMEHIALANWFNTEVRSNSDKILTALSTAQSLSENQEKILIGAEYTLFLNADEVMVRANNLAIESDEILEQDFHYYDEESLAFCGTQDFIHFLQSYVDFIA,length1,396
-3,1759551,1757208,2343,MTSQHSAKKSSKNTPKNNRTFKGFLLKFSFTVLVLTIFYGGYLDWQIRSKMDGQIWHLPAEVYSRLESVKIADNLAFDEVIQILLDNEYRQTTMVAAPGDFKLEDDSIVVLRRAFPFPDKAEPQRVLRLRFSHNKLSRIEDLVTVKTVDEFRLAPKLIAMLQSDNEDRLAIPLQNYPRLLIDTLILTEDRRFYEHNGINPVGILRALIANIRAGQTVQGGSTLTQQLVKNLFLSRERTITRKANEALMSLVLDWRYDKNRILETYLNEIYLGQNGDTQIHGFELASQFYFGRSIREISLDQIALLVGMVKGPSLYNPWRNPQNALERRNIVLRLMLEHKMIGDELYQLLSQRPLGVQKKGQISRKYPAFIQTLQADLRRELGEHKISSLLGARIFSTMDLKQQAQAENAVVNTVSQLQLKMKNPHLEGAMIITDYRTGEIRAVVGGLQTQYAGFNRALMAKRQIGSLVKPSIYLTALSNPEQFRLNTPINNQPITINVKGSPPWQPRNYDKKYSDSVMLMDALARSLNIPTVNIGMKVGLSKVIDTQKAMGWDNVEIPKVPAMLLGSYSISPYDVTKLYQTLANQGGRIALTTVDSIADRQGNLIFQHDKSAKQVVPQEAAFQTLFAMQQTVERGTARSLQKDYADLHLAGKTGTTNESRDTWFVGIDGKNISTVWLGRDDNGETKLTGASGALQIYKDYLNRTNIEKLAITPPTTVKWVGINQYGDWDCESYRTIPVWLNNGQNFCGETSSPSLTPTTETETPPQESLWDVLDNPNPPAQ,length1,2343
-3,1756005,1754673,1332,MSNTILQNLPKGQKVGIAFSGGLDTSAALLWMRQKGAVPYAYTANLGQPDEDDYNAIPKKAMAYGAENARLIDCRSQLAHEGIAAIQCGAFHISTGGIPYFNTTPLGRAVTGTMLVAAMKEDDVNIWGDGSTFKGNDIERFYRYGLLTNPNLKIYKPWLDVQFIEELGGRLEMSQFLIENGFDYKMSVEKAYSTDSNMLGATHEAKDLEQLSTGMKIVKPIMGVAFWDEKVEIKPETVTVTFEDGVPVALNGKHFDNAVDLILEANRIGGRHGLGMSDQIENRIIEAKSRGIYEAPGMALLHIAYERLVTGIHNEDTIEQYRINGIRLGRLLYQGRWFDPQALMLRETAQRWVAKAITGTVTLELRRGNDFTILNTESPNLTYEAERLSMEKVEDAPFDPVDRIGQLTMRNLDVSDTRGKLGIYAQTGLLSAIKDSVLPQLGKK,length1,1332
-3,1729770,1728753,1017,MAIKIGINGFGRIGRIVFRAAQHRDDIEVVGINDLIDVEYMAYMLKYDSTHGRFDGTVEVKDGNLVVNGKTIRVTAERDPANLNWGAIGVDIAVEATGLFLTDETARKHITAGAKKVVLTGPSKDATPMFVRGVNFNAYAGQDIVSNASCTTNCLAPLARVVHETFGIKDGLMTTVHATTATQKTVDGPSAKDWRGGRGASQNIIPSSTGAAKAVGKVLPALNGKLTGMAFRVPTPNVSVVDLTVNLEKPASYDAIKQAIKDAAEGKTFNGELKGVLGYTEDAVVSTDFNGCALTSVFDAEAGIALTDSFVKLVSWYDNETGYSNKVLDLVAHIYNYKG,length1,1017
-3,1720089,1719375,714,MSKIEISNDTRVIRHRTPARISHWMLVICFFMTMFTGVAFFFPDFAWLTEILGTPQIARAIHPFTGILMFFAFIYLALLYWDHNIPEKNDIRWAKGVIEVLKGNEHAVADNGKYNLGQKMLFWTLNLAMVTLLVTGIIMWRQYFSHYFSIPVLRIAILLHSASAFMLFTGILVHIYMAFWVKGSIRGIVEGWVTVRWAKKHHPRWYREEVLSKLEEDLLNEQSGKVGKTKVLFKGFGK,length1,714
-3,1719303,1718397,906,MSIKILSESEIKQVANSYQAPAVLFANPKNLYQRRAKRLRDLAQNHPLSDYLLFAADIVESQLSTLEKNPLPPQQLEQLNAIEPLNARTFKRDSVWREYLTEILDEIKPKANEQIAATIEFLEKASSTELEEMANKLLAQEFNLVSSDKAVFIWAALSLYWLQAAQQIPHNSRVENTENLHHCPVCGSLPVASMVQIGTSQGLRYLHCNLCESEWNLVRAQCTNCNSHDKLEMWSLNEELALVRAETCGSCESYLKMMFQEKDPHVEPVADDLASIFLDIEMEEKGFARSGLNPFIFPAEEA,length1,906
-3,1688487,1687434,1053,MKPIFGKAPPLGIRLLIAIFASIALILADGRNSSITKARSAMETAIGGLYYLANSPRSILDGISENLVDTNKLQIENKVLRQQLLEKNADLLLLDQLKVENQRLRLLLNSPLRTDEYKKIAEVLTAETDIYRQQIVINQGKKDGAYVGQPVIDEKGVIGQIISVGENTSRVLLLTDVTHSIPVQVLRNDVRVIASGTGHTDELSLDNVPRSVDIEKGDLLVTSGLGGRFLEGYPVAVVQSVLRDSSNYFAIVKAKPLALLERLRYVLLLWPSNLDISKVKSMSPEEVRNLVQKRLESQANEANYRVKKTPLTEKDFLENEEKTIIEPDIPTDFLQNEEDLPIEQQEERIED,length1,1053
-3,1681812,1681488,324,MDQMPNCPKCQSEYVYHDSINFVCPDCGNEWDNNEIQESDDDQLIVKDSNGNLLAEGDNVLLIKDLKLKGSSEVLKKGTKFKNIRLVNGDHNVDCGKIMLKSEFLKKA,length1,324
-3,1664916,1664646,270,MFYSHDAPLATHRFCLKCGQKFAHFLLQHRQLAKRYSFHHRLKSHKNGDYQLVSQRCEEKVFENATLANANHAQQYKKCGNFPHSFSVKG,length1,270
-3,1656252,1655319,933,MKPTAIFLMGPTASGKTDLAIQLRSSLPVEVISVDSALIYKGMDIGTAKPSKEELALAPHRLIDILDPSESYSAMNFRDDALREMADITAQGKIPLLVGGTMLYYKALIEGLSPLPSADENIRAELEQKAAQQGWAALHTELAKIDPISAARINPSDSQRINRALEVFYITGKSLTELTEEKGEALPYDFVQFAIAPQDRHVLHERIEQRFHKMIELGFQAEVEKLYARGDLNINLPSIRCVGYRQMWEYLQGDYDHEEMIFRGICATRQLAKRQLTWLRGWKTPIQWLDSLQPQQAKETVLRHLDSYQKG,length1,933
-3,1643091,1642584,507,MVTLHTNFGDIKIKLDFDKAPVTAENFLNYCKEGFYNNTIFHRVIDGFMIQGGGMESGMHEKATKAPIQNEANNRLSNKRGTIAMARTSDPHSATAQFFINVADNDFLNYRSKEMFGREVVQEWGYAVFGEVVEGMDVVDKIKKVKTGNKGFHQDVPTEDVVITLVSIE,length1,507
-3,1642578,1642149,429,MSIKQHRPKVGEILECDYGQFSHTCHVDGHIPPEMVKKRLVVVLNAKLNGLILVAPISSTINLDGIKNGYHIEIDSELIKATSFYDKRTRWIKSELIQSVSRLRLYHIYDKGTKITQYLPRDVVTKVQRAIIKAINASSLLDK,length1,429
-3,1642005,1641219,786,MHFFDTHTHLDYLQQFTGEPLSQLIDNAKQADVQKILVVAVKEADFKTIQNMTALFPDNLCYGLGLHPLYIQEHAENDLILLEQALKNRDANCTAVAEIGLERAIPDLLTDELWAKQCHFFESQLYLAKQFNLPVNIHSRKTHDQIFTFLKRIPLSKLGVVHGFSGSYDQAKRFVDLGYKIGVGGTITYERANKTRQAIAKLPLDALVLETDSPDMPVFGFQGQPNRPERIVESFKALCTLRNEPAELIKKLTWKNACQIFS,length1,786
-3,1632087,1631376,711,MNIQHNLNLIQQKIETACKEENRNQNTVKLLAVSKTKPISEILSAYQAGQTAFGENYVQEGVEKIQYFESQGVNLEWHFIGPLQSNKTRLVAEHFDWMQTLDRAKIADRLNEQRPTNKAPLNVLIQINISDEESKSGIQPEEMLTLAKHIENLPHLCLRGLMAIPAPTDKIAEQEAVFRKMSDLFEQLKQALPNQQIDTLSMGMTDDMPSAIKCGSTMVRIGTAIFGARNYSTSQNK,length1,711
-3,1629414,1629012,402,MAFGFGDIILPALPPPIMASKIAAFDKSLRRDNAKAIGETVITATSTNTPTAVKIIVASAKASKARVSPNLLVMVSAMEFAAPDSISTPANTPAAKIRITAVVIPCAPPIIRLTVCDKSAPPINPPTKAPTNIP,length1,402
-3,1622817,1621749,1068,MRLNKMINNPLLTVKNLNKFFNEQQVLHDISFSLQRGEILFLLGASGCGKTTLLRAIAGFEHPNTGEIWLKERLIFGENFNLPTQQRHLGYVVQEGVLFPHLNVYRNIAYGLGNGKGKNSEEKTRIEQIMQLTGIFELADRFPHQLSGGQQQRVALARALAPNPELILLDEPFSALDEHLRQQIRQEMLQALRQSGASAIFVTHDRDESLRYADKIAIIQQGKILQIDTPRTLYWSPNHLETAKFMGESIVLPANLLDENTAQCQLGNIPIKNKSISQNQGRILLRPEQFSLFKTSENPTALFNGQIKQIEFKGKITSIQIEINGYAIWIENVISPDLSIGDNLPVYLHRKGLFYA,length1,1068
-3,1617255,1616502,753,MNNLELEQLINQKLSSDKINDYAPNGLQVEGKTEIKKIITGVTASQALIDYAISQNADAILVHHGYFWKSETPCIRGMKGKRIKALLVNDINLYGYHLPLDVHPELGNNAQLAKLLDIENLQPLEKGTVSIPVWGELKEPMTGKDFAEKIEKVLNRKPLICIENGPHLIRKIGICTGGGQGYIDLAAEQGCDAFITGEVSEQTIHSAREQGLHFFSAGHHATERYGIKALGEWLAKEYGFDVEFKDIDNPA,length1,753
-3,1615203,1614633,570,MTTKSAAEWPPCITAQACLPAMQVQEKATFVAILLKKICSKPSYSCLTTCFITQVLPLIFGCCPTTNLKHAKAKFSSLMPASYSANCVKTLAIKTANLYLNISPKLPKTILISLPKRAKPTAKMKQSAWLRRFLTIKISAITKSPSNARIAVLPNLPPKISRLYGLTRLCLSRCNIFIGNMANKFTTPDF,length1,570
-3,1604538,1603770,768,MEHEYQRAVTRVCVQTALLLLQHGAESTVVVQMAQRLGVALGVESVECALTANAVVLTTLSDNHCITTARKNTDKGINMQMVTDVQRIVIAVEHHLYELEIVQRKLDQLKPLKYNRWLVVFMIGLSCAAFAHLSGGDWIICSITFVAAAIAMFVRQEFSKRHYNPLIVFSITSFVASLISGVSLKYNLGNDPQIALASSVLLLVPGFPLINSLADILKGYVNMGLGRWTIATVLTFGACLGIVFALSLLHITTWGH,length1,768
-3,1588263,1587156,1107,MSVCKPFWFKTFSISIITALLVSCTSNIKNIQIPTTLNGSDPQQFGAKYTNRTYQQAALVPVSNIENQSAVINQGDFLTQLSNIKNYSSKLSTNFYDNYEKITNWVLSGANINELTQFNIHPQIMRGFDGYQNVLMTGYYSPILYARHTPQGQFKNPIYRMPVKKRLSRAQIYAGALTGKRLELAYSDSMLENFLLGVQGSGYVDFGDGNLNYFAYAGQNGYPYTAIGRLLVEDGEIPKEKMSIQAIREWGNRNPSRVQSLLERNEAYVFFKNDPSGKVKGSAGVPLVAMASVASDRNIIPSGSVLLVEVPDIDNNGNWIGTHKLHLMVALDVGGAVKGHHFDLYRGIGARAGHIAGLSKHYGRVWVLR,length1,1107
-3,1580760,1580205,555,MKFNIPIFLTIFRVILIPFFVIAFYLPIESSPFITTLIFFIAGVTDWLDGYLARKWKQTTRFGAFLDPVADKVMVVAALVLIVEHQHTFWITIPAIIMISREIIISALREWMAELGERSKVAVSWWGKWKTTAQMLALGGLLWRYNNYMEIAAIILLYIAAILTIWSMIQYLQVAKGSLLDNIQL,length1,555
-3,1576686,1576101,585,MRLCDTDIERYLDDGIISLTPRPNNDKINGATIDVRLGNSFRVFREHSAPFIDLSGPKEEVSAQLESVMSDEILIPEGEAFFLHPGTLALATTLESVKLPANIIGWLDGRSSLARLGLMVHVTAHRIDPGWEGKIVLEFYNSGKLPLALRPNMVIGALSFEVLSGEAKRPYSSRKDAKYKNQQSAVASRIDEDKE,length1,585
-3,1576095,1574922,1173,MKKFALIIGIVFLAIFSFLYIQLYRVQSAINEQLAQQNIAVQSINLSLFSPALSLENLKTTQFSAQKIEAKFSFLPLLYGNAALHSLNIQQLKLTQNTQNPANVSIEVSPFSLKQLLSKKVILNGENHIRIEFNKPIYGKTKTFHFSFHKANLDFSTSESAPLQFVDANLNNQPIGYIETHTAHQQIVTYIKPQCDNDCLAVLKYQQIDNQSAVNFSGKYFPVQRLFALLNLPEMLSGHADFDLDFSFSSSALIQGKLNFLAQNGEILGVNLLDMVAQHFPINYNNDLLQNKELNTRFEQFYLQLFLQQNQLIAEKIELKTPALLGQGKGIIDLNRMECNVDINLNSTDQRYQNLTLPINFFGNCNSPQYKINFTKKFRHQLIDAIKEKLR,length1,1173
-3,1569897,1568805,1092,MKKTLAALIVGAFAASAANAAVVYNNEGTNVELGGRLSVIAEQSNSTRKDQKQQHGELRNAGSRFHIKATHNFGDGFYAQGYLETRLVSDYESRSDNFGNIITKYAYVTLGNKGFGEVKLGRAKTISDGITSAEDKEYGVLKNKEYIPKDGNSVGYTFKGIDGLVLGANYLLAQKRDAYKTATATPGEVTSQSISNGVQVGAKYDANNIIVGIAYGRTNYREDVPQQNDVGKKQQVNGALSTLGYRFSDLGLLVSLDSGYAKTKNYKDKHEKRYFVSPGFQYELMEDTNLYGNFKYERNSVDQGKKEREQAVLFGIDHKLHKQVLTYIEGAYARTRTTMHDTKKTSTVKTEKEKSVGVGLRVYF,length1,1092
-3,1561197,1559349,1848,MKYINKLEEWLGGTLFIAIFGILIAQILSRQVFHSPLIWSEELAKLLFVYVGMLGISVAVRKQEHVFIDFLTNLMPEKIRKFTNTFVQLLVFVCIFLFIHFGIRTFNGASFPIDALGGISEKWIFAALPVIAILMMFRFIQAQTLNFKTGKSYLPATFFIISAVILFAILFFAPDWFKVLRISNYIKLGSSSVYVALLVWLIIMFIGVPVGWSLFIATLLYFSMTRWNVVNAATEKLVYSLDSFPLLAVPFYILTGILMNTGGITERIFNFAKALLGHYTGGMGHVNIGASLLFSGMSGSALADAGGLGQLEIKSMRDAGYDDDICGGITAASCIIGPLVPPSIAMIIYGVIANESIAKLFIAGFIPGVLITLALMAMNYRIAKKRGYPRTPKATREQLCSSFKQSFWAILTPLLIIGGIFSGLFSPTESAIVAAAYSVIIGKFVYKELTLKSLFNSCIEAMAITGVVALMIMTVTFFGDMIAREQVAMRVANVFVAVADSPLTVLVMINALLLFLGMFIDALALQFLVLPMLIPIAMQFNIDLIFFGVMTTLNMMIGILTPPMGMALFVVARVGNMSVSTVTKGVLPFLIPVFVTLVLITIFPQIITLVPNLLIP,length1,1848
-3,1557882,1557450,432,MLFIPPPLLCLFIAIAMYFLPKIASYSVHFSVIVFVISLSFLIALSSVMQFFICKTSINPRDFKGTTKLVSTGIFRFSRNPMYLSLLLILLAWTLWLGNSLAWLGVIVFILVMNHCQIAREEAYLENKFGDEYRRYKQKVRRWL,length1,432
-3,1544334,1542993,1341,MITIKKGLDLPIAGKPAQVIHSGNAVNQVAILGEEYVGMRPSMKVREGDVVKKGQVLFEDKKNPGVIFTAPASGTITAINRGEKRVLQSVVINVEGDEKITFAKYSTEQLNTLSSEQVKQNLIESGLWTALRTRPFSKVPSIESEASSLFVNAMDTNPLAADSSVVLKEYSQDFTNGLTVLSRLFPSKPLHLCKAGDSNIPTADLENLQIHDFTGVHPAGLVGTHIHFIDPVGIQKTVWHINYQDVIAVGKLFTTGELYSERVISLAGPQVKEPRLVRTIIGANLSQLTQNELSAGKNRVISGSVLCGQIAKDSHDYLGRYALQVSVIAEGNEKEFFGWIMPQANKYSVTRTVLGHFSKKLFNFTTSENGGERAMVPIGSYERVMPLDILPTLLLRDLIVGDTDGAQELGCLELDEEDLALCSFVCPGKYEYGSILRQVLDKIEKEG,length1,1341
-3,1541760,1541028,732,MAKFNKDSVGGTILVVLLLSLVCSIIVAGSAVMLKPAQEEQKLLDKQKNILNVAGLLQENTNVKETYAKFIEPRFVDLATGEYTQQADDSQQAIPADADKARIRSRSKTTEVYLVKDEQGQTQQVILPIYGTGLWSVMYGLVSVQPDGNTINGITYYQHGETPGLGGEIENPNWASLFKGKKLFDEQHQPAIRIVKGQAPQDEHSIDGLSGATLTGNGVQGTFNYWFSKDGFGPYLEKLHSGAN,length1,732
-3,1533975,1533189,786,MRKIKSLALLAVAALVIGCSSGSKDVEQASVNELYTKGTTSLQEGSYSEAIRYLKATTERFPGSVYQEQAMLDLIYANYKTQDYTQVLLMVDSFLHQFPQSPNQAYAVYMAGLTNAATGDNFIQDFFGIDRATRETTSMRTAFSNFQNLVRVFPNSPYAQDALARMAYIKDALARHELEIAKFYAKRKAWVAVANRVVGMLKQYPDTKATYEGLFLMQEAYEKMGLTALANDTQKIIDANKDKTFAPIEKPNEPDLKVPAVK,length1,786
-3,1531203,1530915,288,MKRSTKSQAMSSTRLSLLPYCGYSPSISKSIATLVATTLPSLSLMSPRTGLTFAYLIAESESAATERPAIPQAMVRYTSRSCNAINAASYEYLSCI,length1,288
-3,1528020,1527108,912,MYYGLDIGGTKIELAVLNEKLEKLYSERVPTPKTDYEEWLNTIVDLVNRADEKFGEAGTVGLGVPGFVNQQTGLAEIANIRVADNKPILCDLSTRLGREVRAENDANCFALSEAWDTENQQYSTVLGLILGTGFGGGFVLNGKVHSGQVGMAGELGHLKLNYHALKLLGWDNAPIYQCGCGNKACLDNYLSGRGFEMLYQDLKGETLSARKIIDLFYQSNESAVDFVNLFVELAAISIGNIITAFDPHMIVLGGGLSNFDYLYEALPKALPPHLMRTAKVPPIKKAKHGDSGGVRGAAALFLTK,length1,912
-3,1522644,1522359,285,MAKKSIFRAKFFLFYRTEFIMFGLSPAQLIILLVVILLIFGTKKLRNAGSDLGAAVKGFKKAMKEDEKVKDAEFKSIDNETASAKKENIKEKEQA,length1,285
-3,1522317,1521795,522,MILGLVVLGPKRLPIAIRTVMDWVKTIRGLAANVQNELKQELKLQELQDSIKKAESLNLQALSPELSKTVEELKAQADKMKAELEDKAAQAGTTVEDQIKEIKSAAENAEKPQNAISVEEAAETLSEAEKTPTDLTALETHEKVELNTHLSSYYPPDDIEIAPASKSQSSKTKS,length1,522
-3,1521783,1521015,768,MSNVDESQPLITHLVELRNRLLRCVICVVLVFVALVYFSNDIYHFVAAPLTAVMPKGTTMIATNIQTPFFTPIKLTAIVAIFISVPYLLYQIWAFIAPALYQHEKRMIYPLLFSSTILFYCGVAFAYYVVFPLVFSFFTQTAPEGVTIATDISSYLDFALALFLAFGVCFEVPIAIILLCWTGITTVKALSEKRPYIIVAAFFIGMLLTPPDVFSQTLLAIPMCLLFELGLLVARFYQPKDDESAVKNNDESEKTQ,length1,768
-3,1520652,1519305,1347,MSKVASLDAFLTKVAQRDGYQPEFLQAVREVFTSIWPFLEANPKYRSEALLERLVEPERAFQFRVAWTDDKGQVQVNRAFRVQFNSAIGPFKGGMRFHPSVNLSILKFLGFEQIFKNALTTLPMGGAKGGSDFDPKGKSDAEVMRFCQALMAELYRHVGADTDVPAGDIGVGGREVGYLAGYMKKLSNQSACVFTGRGLSFGGSLIRPEATGYGLIYFAQAMLAEKGDSFAGKVVSVSGSGNVAQYAIEKALSLGAKVVTCSDSSGYVYDPNGFTTEKLAALLEIKNVKRGRVKDYAELFGLQYFEGKRPWEVQVDIALPCATQNELELSDAQRLIKNGVKLVAEGANMPTTIEATEALLAADVLFGPGKAANAGGVATSGLEMAQSSQRLYWTAEEVDAQLHRIMLDIHANCKKYGTIEGQENINYVVGANVAGFVKVADAMLAQGVY,length1,1347
-3,1516644,1515288,1356,MYPWQNFAIQPDFSDKIALRTTQSDALTWIELTTKINQTVAFLQKKGVNAESAVAFVGKNSEKILFLYLATIQLGAKVLGINPAFPQEKIAELCEFYQIDFCFYDKDLLNLQEIDAFTQKANFFRPATMTLTSGSTGLPKAVVHNVQAHLDNAKGVCNLMKFDCNQSWLLSLPLYHVSGQGIVWRWLYCGAQLHFPKDDFYASLLETTHVSLVPTQLQRLLDYLQENSIISFSTRHILLGGTHIPAELTKKIVKYGIETYSGYGMTEMASTVFAKKSDEKQGVGQPLLGREYRLVNDEVWLKGAGLAMGYWKDRQIVSLTNNQGWLPTKDKGVWQEGELVIIGRLDNMFISGGENIQPEEIEQVIIQHSSVNQVFVLPQKNKEFGQRPVALVDFNESFSKSAVENLMFFLQDKLARFKQPIAYYPLPLMLGKGIKISRKQLADWLAKQDKIN,length1,1356
-3,1515258,1511922,3336,MIRKLMKTPPFFTVLFASAMFTLSVSQGALGANSTNVLPTEQSLKADLANAQKMSEGEAKNTLLAELQTSIDLLQQIQAQQKINDALQTTLSHSESEIRKNNAEIQALKKQQETATSTDYNAQSQDDLQNSLAKLNDQLQDTQNALGAANAQLAGQNSISERAQAALTENVVRTQQINQQLANNDIGSALRKQYQIELQLIDLKNSYNQNLLKNNDQLSLLYQSRYDLLNLRLQVQQQNIIAIQEVINQKNLQQSQNQLEQAQQQQQKTVQNDYIQKELDRNAQLGQYLLQQTEKANSLTQDELRMRNILDSLTQTQHTIDEQISALQGTLVLSRIIQQQKQKLPTNLNIQGLSKQIADLRVHIFDITQKRNELYDLNNYINKVESEDGKQFTEAERTQVKTLLTERRKMTSDLIKSLNNQLNLAISLELTQQQITQISDQIQSKLEQQSFWVKSNNPINLDWIKMLPRALIEQFNGMLKKLGFPTNYDNLPYLLMYFLGLFIVGGAIFKFKNRIKQQLNKINREIHRLDTDSQWSTPLALLLTAFLTLSSTLWFLAVCQMIGFFFFKNPEEFWHWSFSMAGYWWFFTFWISLFRPNGIFVNHFESSKENAQRFRGVIQRIIIVIVLLLNTSVFSNVTDAGLANDVLGQINTITALIFCAAIIAPRFNRVLRSYEPETNKHHWLIRIVQIGLRLIPVGLIVLIVLGYYYTALNLIEHFIHSYIAWCVWWLVRNTIYRGITVSSRRLAHRRLAEKRRQKALENNYENISSDDVVAVGEPEEGLALNDVRSQLLRFVDLFIWTALLGIFYYVWSDLVTVVSYLREITLWQQTTTTDAGTVIESITLFNLLVALVILGITYVLVRNISGILEVLIFSRVNLSQGTPYTITTLLTYIFIAIGGAWAFATLGMSWSKLQWLFAALSVGLGFGMQEIFANFVSGIILLFERPIRVGDVVTINGVSGTVAKIRIRAITLIDFDRKEIIVPNKSFVTGQVTNWALSSTMTRLVISVGVAYGSDLTLVRQLLLQAADEQPTVLRDPKPSAYFLTFGASTLDHELRVYVEQVGDRTSTTDAINRRINELFAEHNIDIAFNQLDVFIKNNDTGEEIPFVDVKK,length1,3336
-3,1511910,1510839,1071,MAGNTIGQLFRVTTFGESHGIALGCIVDGVPPNLELSEQDIQPDLDRRKPGTSRYTTPRREDDEVQILSGVFEGKTTGTSIGMIIKNADQRSQDYGEIKDRFRPGHADFTYQQKYGIRDYRGGGRSSARETAMRVAAGAIAKKYLREHFGIEVRGFLSQIGHVKISPQIIGEIDWEKVNSNPFFCPDESAVEKFDELIRELKKEGDSIGAKLTVIAENVPVGLGEPVFDRLDADLAHALMGINAVKGVEIGDGFAVVEQRGSEHRDEMTPNGFESNHAGGILGGISSGQPIIATIALKPTSSITIPGRSINLNGKPVEVVTKGRHDPCVGIRAVPIAEAMVAIVLLDHLLRFKAQCK,length1,1071
-3,1510611,1509753,858,MNKILLKTTIIFTALFSLNVVASPLDWKKVKRPIPSEDGKASPIGSYTNGCIIGAQALPPKGEGYQVIRMNRNRYYGHPNMIQYIERLGQRAKAAGLPTMLVGDIAMPGGGRFLTGHASHQMGLDADIWLRMGEMSDADALNSDGKGLLVVDRKAQRVDERVWNSNHATLIKLAAQDPNVTRIFVNPAIKVKLCQTAGNDRGWLHKVRPWYGHNSHFHVRLTCPADASYCENQAPVPAGDGCGDELYSWFEPPKPGASVSKPKVTPPEPFLCQQILNSPNRSEWLE,length1,858
-3,1508919,1507965,954,MSDNQQNLRLTARVGYEAHFSWSYLKPQYWGIWLGIFFLLLLAFVPFRLRDKFAGKLGIWIGHKAKKQRTRAQTNLQYCFPHWTEQQREQVIDKMFTVVTQVMFGIGEIAIRSKKHLQKRSEFIGLEHIEQAKAEGKNIILMVPHGWAIDASGIILHTQGMPMTSMYNPHRNPLVDWLWTIARQRFGGKMHARQNGIKPFLNHVRKGEMGYYLPDEDFGVEQSVFVDFFGTYKATLPGLNKMAKLSKAVVIPMFPRYNAETGKYEMEIHPAMNLSDDPEQSARAMNEEIESFVTPSPEQYVWILQLLRTRKDGEDLYD,length1,954
-3,1507698,1506867,831,MPIVDDPFDFGRIAATNAISDIFAMGGKPIMGIAILGFPTNVLPAEVAQKIVDGGRFACHQAGIALAGGHSIDSPEPIFGLAVTGVIDTEKVKRNASAKSGCKLYMTKPLGIGILTTAEKKGKLKPEHQGLATAAMCQMNSIGSQFSQVDGVTAMTDVTGFGLLGHLIEICEGSNLSAVVFSDKIKTLDGVKDYIAQGCVPGGTGRNFESYGHKVGALTEEQKAILCDPQTSGGLLVAVEPNSVQTIIEIAKDTGIDLYEVGKLKPKSESDIVVEVK,length1,831
-3,1504491,1503708,783,MRFIMKISFHSVLIGLASFIGVQQGVIASPSSHQSISTESAEALKQQFSMALAKQDKQQITNLQKKLTALFSLPPQFLDNQIQISEKILTRIFKTDKNLTPKFLDYLYFEPINTVDANLIQEMKKNLLVSFLANDQAKIYIRQTDNSEQFVQTLMERGAKADQIILLSLNAKGIFQKIIEQIRQDFPNQTIFSITENRISLITPSSEIKSRLALANMMFNRQFKGVEVDDFSYLDQPRENLQHNNDAIRYKTFQAMLEGLN,length1,783
-3,1501587,1501047,540,MAEKRNIFLVGPMGAGKSTIGRQLAQQLNMDFIDSDAVIEERTGADISWIFDLEGEDGFRKREERIINELTQMQGIVLSTGGGAVLSKENRNYLSARGIVIYLETTVEKQFQRTQRDKKRPLLQDAENPRQVLEDLAKIRNPLYEEIADITLPTDEQNAKVMVNQIVDLIDNMNGLNGAL,length1,540
-3,1497213,1496541,672,MTTNKDHFMAKIQLVAQANLPTEYGIFKMVGFEFPDTKKEHVALVMGDISNADEPVLARIHSECLTGDALHSLKCDCGFQLATALKQIQEEGRGVLIYHREEGRGIGLINKIRAYSLQDKGMDTIEANLALGFKADERNFEVCADMFELLGVKKVRLMTNNPEKVETMKKAGINVVERVPLNVGENRYNTKYLDTKAKKMGHYIVHNNDEQHLMTCPHCQEEII,length1,672
-3,1487838,1486842,996,MNDLIIYNTDDGKSHVALLVIENEAWLTQNQLAELFDTSVPNITTHIKNILQDKELDEFSVIKDYLITAQDSKQYQVKHYSLDMILAIGFRVRSPRGVQFRRWANTQLRTYLDKGFLLDKERLKNPQGRFDHFDELLEQIREIRASELRFYQKVRELFKLSSDYDKTDKVTQMFFAETQNKLIYAITQQTAAELICTRANAKLPNMGLTSWKGAVVRKGDIITAKNYLTHDELDSLNRLVMIFLESAELRVKNRQDLTLNFWRNNVDNLIEFNGFPLLIGNGTRTVKQMETFTKEQYALFDQVRKQQKRIQADNEDLEILENWQKDLKKQKH,length1,996
-3,1471542,1469973,1569,MTNIHNHKILILDFGSQYTQLIARRVREIGVYCELWAWDVTEQQIREFAPTGIILSGGPESTTEENSPRAPEYVFNAGVPVLGICYGMQTMAMQLGGLTETSDHREFGYASVSLENSTALFANLNDNSTASEPKLDVWMSHGDKVTRLPENFKVTGTTPTCPIAAMSDENRRFYGVQFHPEVTHTKKGLELLTNFVVNICGCETKWTAENIIEDAVARIKEQVGDDEVILGLSGGVDSSVVALLLHRAIGKNLHCVFVDNGLLRLHEGDQVMEMFGDKFGLNITRVDAESRFLGELAGVSDPEAKRKIIGKVFVDVFDDESKKLTNVKWLAQGTIYPDVIESAASKTGKAHVIKSHHNVGGLPDYMKLGLVEPLRELFKDEVRKIGLALGLPAEMINRHPFPGPGLGVRVLGEVKKEYCDLLRRADAIFIEELRNSGWYEKTSQAFSVFLPVKSVGVMGDGRKYDWVISLRAVETIDFMTAHWAHLPYDLLGKVSNRIINEVNGISRVVYDISGKPPATIEWE,length1,1569
-3,1468899,1468440,459,MQTLDKLDRHILNVLQQDAMIPLKELSEKVNSSVATCQRRVQSLTDSGVITKRVAVVSPKAVGRTISVFVMVEMDNQHSYYQEQFERKMRQEDEVVSCYEISGDYDFMLLLHAKDMESYHAFTRRVLTGEFHVRTYKSLFVMNFTKADSGIIL,length1,459
-3,1467009,1465701,1308,MFSRKDIIILGMMIFALFLGAGNIIFPPMEGFSSGQHWTSASLGFVLTGVLMPFITLVVVAILGRGEELTKDLPKWAGTGFLVILYLTIGSTFAMPRITNVAYEMAWLPLGLTENNANVRFVFSLIFNLIAMGFMISPNTIISSVGKFMTPALLVLLIAVAITVFISPLSEIQAPSNAYENSHSLLIGLTSGYQTMDVLAAIAFGGIVARALSAKNVTKTKDIVKYTISAGFVSVILLASLYFSLFYLGATSAAVAEGATNGGQIFSRYVNVLFGSAGTWIMAGIIVLASLTTLVGVTSASADYFSKFSVRFSYPFWAALFTAMTITVSQYGLTDLLRITIPALLLIYPVAIVLVLLQFLRKKLPSIKFTYNSTLLVTVCFSLCDSLNNVKMLPESINSLLKHFPLSSEGMAWLVPTLVMLVASIFIGKALHKTHS,length1,1308
-3,1463844,1461807,2037,MASMDDTTVFVTVVAKKDVKEGQDFFPLTVNYQERTYAAGKIPGGFFKREGRPSEGETLIARLIDRPIRPLFPEGFFNEIQVVATVVSVNPQISPDLVAMIGASAALTLSGVPFNGPIGAARVGFIDNQFVLNPTMAEQKQSRLDLVVAGTDKAVLMVESEADVLTEEQMLAAVVFGHQQQQVVIEAIKEFAKEAGKPRWDWVAPQPNTDLINKVKAIAEARLGDAYRITEKQARYEQIDAIKADVIAQITAEDEEISEGKIVDIFTALESQIVRGRIIAGEPRIDGRTVDTVRALDICTGVLPRTHGSAIFTRGETQALAVATLGTERDAQIIDELTGERQDHFLFHYNFPPYSVGETGMIGSPKRREIGHGRLAKRGVAAVMPSLAEFPYVVRVVSEITESNGSSSMASVCGASLALMDAGVPIKAAVAGIAMGLVKEEEKFVVLSDILGDEDHLGDMDFKVAGTREGVTALQMDIKIEGITPEIMQIALNQAKSARMHILGVMEQAIPAPRADISDYAPRIYTMKIDPKKIKDVIGKGGATIRSLTEETGTSIDIDDDGTVKIAAVDGNAAKNVMGRIEEIVAEVEAGAIYKGKVTRLADFGAFVAIVGNKEGLVHISQIAEERVEKVSDYLQVGQEVNVKVVEIDRQGRIRLTMKDLAPKQETEINQEDSVEEQK,length1,2037
-3,1461723,1460793,930,MRCFRLSRHFIVYLFSLCAILLLAGCVQSRGGFVSKNHVVLAEQNPNTHFEQEVMIVRLSQVLLVGKMSNEERASLHFERGVLYDSLGLWGLARYDFTQALALQPKMASVYNYLGLYLLLEEDYDGALDAFNTVFELDSGYDYTHLNRGLNFYYVGRYPLAQQDFLQFYQADTKDPYRVLWLYLNEQKLKPQEAQTNLVERAKGLSEDFWGTHIVQYYLGHISVEELQQRASEFAENSQQYAEILTETYFYLAKQKLNVGLVDEAAALFKLAMANQVYNFVEYRFAAFELMKLKPVQTEDEKEEKSAVAK,length1,930
-3,1455855,1454808,1047,MLEMLKSWYSRRLSDPQAMGLLAILLFGFISIYFFGDLIAPLLIALVLSYLLEMPINFLNQYLKCPRMLATILIFGSFIGLAAVFFLVLVPMLWNQTISLLSDLPAMFNKSNEWLLNLPKNYPELIDYSMVDSIFNSVREKILGFGESAVKLSLASIMNLVSLGIYAFLVPLMMFFMLKDKSELLQGVSRFLPKNRNLAFKVWKEMQQQISNYIHGKLLEILIVTLITYIIFLIFGLNYPLLLAFAVGLSVLVPYIGAVIVTIPVALVALFQFGISPTFWYIIIAFAVSQLLDGNLLVPYLFSEAVNLHPLIIIISVLIFGGLWGFWGVFFAIPLATLVKAVINALPQD,length1,1047
-3,1449831,1449552,279,MDFSGERKIRSPLIGFWNFTPSSVILRNLPKLNTWKPPLSVKIGRCHCIKSCKSPCLRITSCPGRSHKWKVLPSKISAPVARTSSGVMPFTVP,length1,279
-3,1441269,1440993,276,MLFSAIIGKLVFPIYTLRASGRKREPPQSIQGRLLIFFANSSRTDIDSVSLYRRAILFKIPSKGCLRITTSPRSFIYWNSISSLPEPCIMIC,length1,276
-3,1439808,1439304,504,MAGINKVIIVGHLGNDPEIRTMPNGDAVANISVATSESWNDRNTGERREVTEWHRIVFYRRQAEICGEYLRKGSQVYVEGRLKTRKWQDQNGQDRYTTEIQGDVMQMLGGRNQNAGGYGNDMGGVPQSSYQARQTNNGNSYQSSRPAPQQAAPQAEPPMDGFDDDIPF,length1,504
-3,1431699,1430658,1041,MPFFTEAPKSLCILRLSAVGDVCHALAVVQHIQAYYPQTEMTWIVGKTEMGLLSGIPNITLIPYDKKAGWKGVLLFWKQLKNKQFDALLNMQTAFRASILSLGIKAKFKIGFGEKRSREGQWLFVNRRITDPFSPHVLDGFMAFAEYIGVPKSEPKWELAISEDDYKFADQFIDFSRKNLLISPCSSKAEKDWLIERYAEIANIAHQHNINVIFCSSPAKRELEIVEKITALCHFTPINIAGKTNLKQLTALISKVDLVLSPDSGPAHIATTQGTPVIGLYAYHNPLRTAPYNNLDNVVSVYEENAQKEFGKPSSELPWATKLKGKNLMAEIQVEPVIEQMKKLGLF,length1,1041
-3,1422375,1420770,1605,MSSNKYDAEAINISGSLRMQSYRLLYEMQEQPESVETNLRRYHISLHSSALLEVQNQFFTPNVLKHSYQNILQRWTNMEKYARQQDVKNYSKQLTNYVADVDYFVFELQRFSEQKWILGVSVLGFAMLLILLMVSYVIWYTNREVVKPLHLMTKASMQVQMRQFNHIPLDTRKQNELGTLARVFTQMSTELGQLYSRLEEAVNEKTQKLRQTNRTLSTLYQSAQLLNTNTINDKILNQVLHYIFISDHLNFVKVEVMGAEHWDITLGKQDANNELQIETLSVDNEELGVLSWQAGLPCPDPRIMQNLAQMLARALYFHKNLRQKEQILLMEERSIIARELHDSLAQVLSFLQIQLTLLKHNLKKEDEQSKEKSLAIIANFEQALSGGYAQLRELLATFRLTIQEANLQLALKQVIDSLRSQTTMQMNVNCQLPSQSLNPQQLVHVLQIVREATTNAIKHSQGTVIEISARINAEGEYEILVEDDGVGIPNLEEPEGHYGLNIMAERCRQLNAQLHIHRREQGGTQVKITLPHTLY,length1,1605
-3,1420758,1419735,1023,MQNLQPFHTFHIQSNAREIIEAHSIEQLQQVWANSKSENLPVLFLGQGSNVLFLDDFNGVVVLNRLMGITHEQDANFHYLHVNGGENWHKLVEWSINNGIYGLENLALIPGCAGSAPIQNIGAYGVEFKDVCDYVDVLNLNTNETFRLDTEQCEFGYRESTFKHRYQQGYVITAVGLKLKKDWQPILKYGSLVDFDPKTITAKQIFDEVCHIRQSKLPDPNETGNAGSFFKNPVVSSEHFEEIKKHHKNLPHFPQADGSVKLAAGWLIDQCNLKGFQIGGAAVHKKQALVLINKSGATGQDVVKLAHHVRQTVAEKFGVYLQPEVRFISATGEVNSEQIIT,length1,1023
-3,1403676,1403265,411,MTALRQAQPMLFLHHENVNKIVDTQIDFSAKPINRPCPVSPENGQVHSLIAVNMREFSILTRLLPALNNSLDFVLNTQKISRILPQIVNDKKFFYKIFSILKIQRKLTALFSKNLLDTKGFHYAIIPKIRQIRTRML,length1,411
-3,1401978,1400724,1254,MIQQKSPSLLGGTMIIAGTAIGAGMLANPTSTAGVWFIGSILALIYTWFCMTTSGLMILEANLHYPTGSSFDTIVKDLLGKSWNTINGLSVAFVLYILTYAYITSGGGITQNLLNQAFSSAESAVDIGRTSGSLIFYLILAAFVWLSTKAVDRFTTVLIVGMVVAFFLSTTGLLSSVKTAVLFNSVAENEQIYLPYLLTALPVCLVSFGFHGNVPSLVKYYDRDGRRVMKSIFIGTGLALVIYILWQLAVQGNLPRTEFAPVIEKGGDVSALLEALHKYIEVEYLSIALNFFAYMAISTSFLGVTLGLFDYIADLFKFDDSLLGRTKTTLVTFLPPLLLSLQFPYGFVIAIGYAGLAATIWAAIVPALLAKASRQKFPQASYKVYGGNFMIGFVMLFGILNIVAQIGANLGWFASFTG,length1,1254
-3,1394448,1394064,384,MNISEAAKLVGLSTKQIRDYEKIGLIKPAVRSLSGYRNYGESDLERLHFIRHSRNVGFSLHQIAQLLALQDNPKRSCREVKVLTAQHIATLNQQIEQLQKMVQKLQHWHDSCQGNDNPGCSILNGLNG,length1,384
-3,1387119,1386222,897,MNDEQQNSNQSENTKKPFFQSLFGRFFQGELKNREELVEVIRDSEQNDLIDQNTREMIEGVMEIAELRVRDIMIPRSQIIFIEDQQDLNTCLNTIIESAHSRFPVIADADDRDNIVGILHAKDLLKFLREDAEIFDLSSLLRPVVIVPESKRVDRMLKDFRSERFHMAIVVDEFGAVSGLVTIEDILEQIVGDIEDEFDEEEVADIRQLSRHTYAVRALTDIDDFNAQFNTDFDDEEVDTIGGLIMQTFGYLPKRGEEIILKNLQFKVTSADSRRLIQLRVTVPDEHLAKMNNVDEKSE,length1,897
-3,1383324,1382907,417,MGITALAFDFGTKSIGCAIGQSITGTAQALPAFKAQDGIPNWEAIEKCLKEWKPDVVIVGLPLNMDGTEQDLTLRARKFANRLQGRFGVNVHLQDERLTTTQARSEIFERGGFKALKKGKIDGVSACLILESWFEYAEY,length1,417
-3,1381737,1380528,1209,MAKKVKPLVDTEIKKAKASDKPYTLTDGYGLFLIVSPTGSKSWRFNYYRPLTKKRAKISLGLYPAITLSKARELREHYRQLLANKIDPQEYIKQHELLQLQRQNNTFFAISTQWKQKKVSEIKSVTLKSRWRTLEKYAFPYLGDNPIAEITPQQLHDTAIPLFERGVSHTGKLVIALVNEIMNFAVNKGIIEFNKCINVSKAFNVNRTTHHPTIRPEKLPEFMSALRHSHIDLMVKYLIEFSLLTITRPSEAANAQWNEIDFEKSLWNIPAERMKMKKAFTIPLSPQVLKILNKLKNISGRSRFIFQSQRYPERPLHSSSANAAIKRVGYKDQLTSHGLRSIASTYLSETFTEMNLEILEACLSHQSKNQVRNAYNRSTYLEQRKPLMNSWGDFVEECMKKSI,length1,1209
-3,1379538,1379190,348,MIKTVFSMLVLMTNIAYAGIRTIESPPEQGGSIPTKCGDYIYFGEKRSPYDVCMITGLLKTYEKGQCITRDEYKLLNKACSTKPDNVPQAYKMRDSSYYVEYSPETDGFVPMSSEN,length1,348
-3,1376100,1374936,1164,MQVRPFYWLALSFLGYYCAYGVFLPFFPAWLKSQQYGEEMIGLVIGSAYIFRFAGGLFFSSLIKKANHIIISLRLLALASAIIMAAMSLVAHNFWLLFIAIGLYASVNSAGMPIGDSLASTWQRQIGLDYGKVRLIGSAAFILGVVVFGGMIGWVGEQNIVWILTALLSFYTIIQLLKPTIPPKDEIPEGGVQNDVGFIALLKNPMTLRVMVAVGLIQGSHAAYYVYSTIYWTSIGISVSQTSLLWGIGVLAEIVLFFFSRRLFQNISISVLLYISALACIGRWAVIGYIDDFWLIFLLQLIHSLTYAVCHYAIVRYITTQPQSHIAKLQGLYNGLSNGVLIAIFTAIAGMIYPTSPAMTFVFMSIIAAAAFFVIPRKLNAFLIVQHK,length1,1164
-3,1374903,1374012,891,MKNLALIDLFLNEYWIEKGLSENTVQSYRLDLTALCDWLDKNDLSLETLDAVDLQGFLGERLEKGYKATSTARMLSAMRKLFQYLYREKYRVDDPSAVLSSPKLPSRLPKYLTEQQVSDLLNTPDVKVPLELRDKAMLELLYATGLRVTELVSLTIENMSVQQGVVRVIGKGNKERIVPMGEEAAYWVRQFMLYGRPVLLNGQSSDVVFPSQRAQQMTRQTFWHRVKHYAILADIDADALSPHVLRHAFATHLVNHGADLRVVQMLLGHTDLSTTQIYTHVAKERLKRLHERFHPRG,length1,891
-3,1369902,1369611,291,MLADLQNSGLPSLSTLLPWFSGRQLHHECFLFQLKAWLNGLNRMLNQHAVEYRILMHLIRNRISRVVVLRQYQEYGTQFVAFSDQKYAQNHHPLRSR,length1,291
-3,1368048,1367439,609,MFKIKAFLCHIIRFFVILCGLLRLNYVKDNHMLFINITFACILAIRFYSLSISIRHEKALIAKGAIQYGKRNSTLLSIAHVAFYFAAIIEANKQNLSFNSTSQIGLAILIFAIAMLFYVIYELKEIWTVKIYILPEHQINRSFLFKYVRHPNYFLNIIPELIGLSLFCQAKYTALVGLPIYLLILAVRIKQEESAMSHLFPKS,length1,609
-3,1365381,1364694,687,MSDSQEIPYHNQLKNRFRGYFPVIIDVETAGFDAKKDALLELAAITLKMDENGYLHPDQKCHFHIKPFEGANINPESLKFNGIDIHNPLRGAVSELDAITGLFQMVRRGQKDADCQRSIIVAHNATFDQSFVMAAAERTGVKRNPFHPFGMFDTASLAGLMFGQTVLVKACQAAKIPFDGKQAHSALYDTERTAKLFCYMVNHLKDLGGFPHIASELEQEKTTEKETAL,length1,687
-3,1362993,1362408,585,MTVQQLIQRLDQKVQQLYQAHLSKREEKIFAKFDRTLFSENGQNVSFYLKEINQTLDRIKTLESNDSNHYNFLAERLLAQCSVLSEALVRKNTHLTESQTTTKQTIQKSQHSIHKLPPRERLEKYYEAREQLNNLYRQHKDLAQAEKNNDEKIRYAQLAEVYKKRQQKCQDAIDLLEEYLVFKEEVENRENTENK,length1,585
-3,1361223,1360437,786,MCSDLEFVQAEGFSTDPLEEKNANAVPNILHKYRNRLLFMAKGGCAVNCRYCFRRHFPYDENPGNKKSWQLALDYIAAHSEIEEVIFSGGDPLMAKDHELAWLIKHLENIPHLQRLRIHTRLPVVIPQRITDEFCTLLAETRLQTVMVTHINHPNEIDQIFAHAMQKLNAVNVTLLNQSVLLKGVNDDAQILKILSDKLFQTGILPYYLHLLDKVQGASHFLISDIEAMQIYKTLQSLTSGYLVPKLAREIAGEPNKTLYAE,length1,786
-3,1358982,1358580,402,MLKKTSLIFTALLLAGCAQNANVTTPQTQKMQVEKVDKALQKGEADRYLCQDDKVVRVVHATHKKYKKNLHYVTVTFQGVSEKLTLMISERGKNYANIRWMWQERDDFSTLKTNLGEILATQCVSQTSERLSGQ,length1,402
-3,1356471,1354242,2229,MVAVRGSHLLNPQNFVIEQWCTGLKLAEQTEKSLIDAWYYARDLMNAYPDEMKNATLMLQSGVEMVEILHELNMDAETLLTAMLFPIVANKLTDWESLKEKFGAKITKLLKGVLEMDNIRQLNASHSANALQVDNVRRMLLAMVDDFRCVIIKLAERITFLRDAEHRCAEEDKVLAVKECSYIYAPLANRLGIGQLKWELEDYCFRYLHPEQYRAIAKLLQERRLDREHYIADFVSELSSYLRENIEQVEVYGRPKHIYSIWRKMQKKHLEFSGLYDVRAVRIIVQKLQDCYTALGIVHTQFKHLPKEFDDYVANPKPNGYQSIHTVVLGKGGKPIEVQIRTQQMHDDAELGMAAHWKYKEGNTGSMSAYEEKIAWLRKLLAWQDDITDSGEVLAELRSQVFDDRVYVFTPKGEVVDLPTGSTPLDFAYAIHSEIGHRCIGAKVAGRIVPFTYQLQMGDQIDIITQKNPNPSRDWLNPNLGFTHTAKSRAKIQAWFKKQDRDKNIPAGKELLDNELALLNLSIKQVEPYALPRYNLKNLDDLYAGIGSGDIRLNNLINFLQSKLIKVTAEEADQEILRHVANKSAVNSQQKSEKNNGYVIVEGVDNLMHHIARCCQPIPGDAIVGYITMGRGISIHRADCEQFLDLQAAHPERVVESIWGENYASGFHINIRIVAGDRNGLLRDITTVLANEKISVLGVSSRADTKKQLATIDMEIELHNVESLSKILARLAKLDDVIEAKRL,length1,2229
-3,1353786,1353195,591,MTALLKIGLVSVSDRASAGVYQDQGIPELQAWLEQALVDPFHLETRLIPDEQPIIEQTLKELVDEQGCHLVLTTGGTGPAKRDVTPDATLAVADREMPGFGEQMRQVSLHFVPTAILSRQVGVIRKESLILNLPGQPKAIKETLEGVKDKEGNVLVKGIFSAVPYCLQLINGLYIDTKPEIIESFRPKSARRENLEK,length1,591
-3,1352703,1351809,894,MTQRRVPHWLAITLLFVLISLVFFFLVGLINSTAREFTQSIPQYKVLLSQRVSDLTGLLQRFNLPFTLSRETIQENFDPSIIMNFVSRVLLNFSGVVSNVFVLVLVVIFMLAEAPTMKHKFAMVISSTPHDAAKEERHIDRVLQGVIGYLGIKSITSLLTGVGVFILLEACGVQYAILWATLSFLLNYIPNIGSIIAAIPIIVQALLLNGFGIGFGVAIGVIAINMVVGNIIEPKMMGQRLGLSTLVVFLSLLFWGWLLGTVGMLLSVPLTMALKIALESSPNTAKYACLLGDVEDFK,length1,894
-3,1348113,1347585,528,MTVENLPRRQFLRGKFSTLSCLENNQKQNFVGIRPPWSVENSIFVAQCTRCGDCLSVCETNILVKGDAGFPEVRFDNGECTFCGKCVDACKQPIFYPRDQLPWSHKIDIGVACLTLHRIECRTCQDNCPANAIRFKLQMGSVAQPLVNFDACNGCGACVQGCPVNAITMNDLKQNE,length1,528
-3,1347273,1344792,2481,MNLSRRDFMKANAAMAAATAAGLTIPVKNVVAAESEIKWDKGVCRFCGTGCAVLVGTKDGRVVASQGDPDAEVNRGLNCIKGYFLPKIMYGKDRLTQPLLRMTNGKFDKNGDFAPVSWDFAFKTMAEKFKEAFKKNGQNAVGMFSSGQSTIWEGYAKNKLWKAGFRSNNVDPNARHCMASAAVAFMRTFGMDEPMGCYDDIEQADAFVLWGSNMAEMHPILWSRITDRRISNPDVRVTVLSTYEHRSFELADHGLIFTPQTDLAIMNYIINYLIQNNAINWDFVNKHTKFKRGETNIGYGLRPEHPLEKDTNRKTAGKMHDSSFEELKQLVSEYTVEKVSKMSGLDKVQLETLAKLYADPTKKVVSYWTMGFNQHTRGVWVNQLIYNIHLLTGKISIPGCGPFSLTGQPSACGTAREVGSFPHRLPADLVVTNPKHREIAERIWKLPKGTVSEKVGLHTIAQDRAMNDGEMNVLWQMCNNNMQAGPNINQDRLPGWRKEGNFVIVSDPYPTVSALSADLILPTAMWVEKEGAYGNAERRTQFWRQQVKAPGEAKSDLWQLMEFAKYFTTDEMWTEDLLAQMPEYRGKTLYEVLFRNGQVDKFPLSELAEGQLNDESEYFGYYVHKGLFEEYAEFGRGHGHDLAPFDMYHKARGLRWPVVEGKETLWRYREGYDPYVKEGEGVAFYGYPDKKAIILAVPYEPPAESPDNEYDLWLSTGRVLEHWHTGTMTRRVPELHRAFPNNLVWMHPLDAQARGLRHGDKIKISSRRGEMISYLDTRGRNKPPRGLVFTTFFDAGQLANSLTLDATDPISKETDFKKCAVKVEKAA,length1,2481
-3,1344735,1343898,837,MKVRLKSKKKMKKPALNPERRKFLKEATRTAGGLAGVGILLGLQQNQSLAREGVPLRPPFALQDAKAFSAACIRCGQCVQACPYDMLHLASLLSPVEAGTPYFIARDKPCEMCPDIPCAKACPSGALDRQATDINESRMGLSVLLDHETCLNYQGLRCDVCYRVCPLIDKAITLEKQHNPRSDKHALFIPTVHSDACTGCGKCEQACVLEEAAIKILPMDLAKGMLGKHYRLGWEEKAKAGHSLAPKDMISLPTRTPEGAIVMPEPAEPVLAPILGSGK,length1,837
-3,1342569,1341969,600,MSEKKPNILKRFWQWFRKPSRMAIGTIIILSAIGGILSWVGFNYGLEKTNTEQFCASCHMQDAYPEYLHSVHYQTRTGVGASCPDCHVPHEFGAKMKRKIIAAKEVYAHYTGKVDTLEKFNAHRLEMAQNEWARMKANDSKECRNCHNVDRMNFNDQRSVAARMHQKMKTEGKTCIDCHKGIAHQLPDMSGVESGFKDEK,length1,600
-3,1337049,1336329,720,MVRIQDLSLAFNGQTLFEHLNLTLLPNEWVSLLGSSGVGKSTLLRLLAGIETQGVVQGKILFEPKIRIAWLPQKETLYPWLSIVDNVQLQAVLFGRKSAKTTEKAKMLLEKVGMAAHWHKPCSQLSGGQKQRVALARTLMQEADLILLDEPFSALDAISRHQLQDLAFELLEDKSVLLVTHDPQEALRLSQRIFVLRSPESHQTALSAVILPEGNAPRELHQANLWALQQQLLQELGGEQ,length1,720
-3,1328940,1327770,1170,MCNNEAKMSELLSVQSDAPAKKINLMDLTRQQMREFFKELGEKPFRADQLVKWIYHFGEDNFDNMTNINKKLREKLKAVAEIKAPEVAVEQRSADGTIKWAMQVGEQQVETVYIPEADRATLCVSSQVGCALACTFCSTAQQGFNRNLTVSEIIGQVWRASKIIGNFGVTGVRPITNVVMMGMGEPLLNVANVVPAMEIMLDDFAYGLSKRRVTLSTSGVVPALDNLSKMIDVALAISLHAPNDELRDEIVPINKKYNIKTLIDSVNRYLNVSNANHGKVTIEYVMLDHVNDGIEHAHQLAEVLKNTPCKINLIPWNPFPEAPYAKSSNTRIDRFQKTLMEYGFTVIIRKTRGDDIDAACGQLAGDVIDRTKRTAMKRQFGQNIGVTEVN,length1,1170
-3,1327668,1327131,537,MQTISKQLSAVIFPFIFSACVSQSASSLDHQAAAKARVELALSYLQQNNPQLAKINLDKALQHDKNYYLVHSALAHYYQQQGQIENAFREYEIAVKLNHKQGDVHNNFGTFLCSQKKFEQAQQQFELALNSPNYYHQADTFENIALCAYSAKKMDIYQQTLEKLRQINGKRAEKFNSLK,length1,537
-3,1323732,1323120,612,MAYSIEEEQEINQLKDWWKENGKTIIVAFILGVGGMFGWRYWQSHQAEQIAQASAQYDTLINSVQQDEQAKKANIEQFVQANSKTAYAVFALLDEAKKATQKQDFSAAEANLNQALTQSQDEVLTSIVALRLSAVQFQLGQLDNALTTLNQVKGESFNARKAILTGDIQVAKGDKVAAKNSFEQAQQSGSQLEQQMAKMKLNNL,length1,612
-3,1300545,1300239,306,MNQINIEIAYAFPERYYLKSFQVDEGITVQTAITQSGILSQFPEIDLSTNKIGIFSRPIKLTDVLKEGDRIEIYRPLLADPKEIRRKRAAEQAAAKDKEKGA,length1,306
-3,1299018,1297701,1317,MSDNIYSVSQLNSAARQMLEGNFSQIWLTGEISNFTQPVSGHWYLTLKDENAQVRCAMFRMKNLRVAFRPQNGMQVLVRANVSLYEPRGDYQLIIDSMLPAGEGLLQQQFEALKMKLAAEGLFAQNLKKNLPHFSKAVGIITSSTGAALQDILHILARRDPSLKVVIYPTAVQGKEATAEIVQMIELANVRQEVDVLIVGRGGGSLEDLWCFNEEEVARAIFRSTLPIISAVGHETDVTIADFVADLRAPTPSAAAELVSRNQDELLQQLRHQQQRLDMAFDRLFTRKSQRLKQLTLRLHNQHPQNQLRAQQAKNEQLTHRLQLAILRQFENTQQKFTALSVRLKQNPLPYRIQRYQQGLEQLKVRLNFCVNRQVTERQNKLATLCGKLDGLSPLKVLARGYSIAENPQGKAIVSVKDVNQGDFITTQVADGKIVSKVL,length1,1317
-3,1297500,1296870,630,MSEIQHFSQQDIEILGEQTLYEGFFTLKRIQFKHKLFAGGQSGVVTRELLIKGAASAVIAYDPKEDSVILVEQVRIGAAYHPESHRSPWLLELIAGMVEKGEKPEEVALRESEEEAGIQVKNLTHCLSVWDSPGGIVERIHLFAGEVDSSQAKGIHGLAEENEDIRVQVVKREQAYQWMCEGKIDNGIAVIGLQWLQLNYAQLQQSWKRS,length1,630
-3,1296858,1296036,822,MKNTFVYQAEKPVIKLLQITDPHLFKDESAELLGVNTQASFAQVLKEIKQENNQFDVILATGDLVQDSSDEGYIRFVEMMKPFNKPVFWIPGNHDFQPKMAEFLNQPPMNVAKHLLLGEHWQALLLDSQVYGVPHGQLSQHQLDLLKETLGKNPERYTLVVLHHHLLPTNSAWLDQHNLRNSHELAEVLAPFSNVKAILYGHIHQEVNSEWNGYQVMATPATCIQFKPDCQYFSLDTLQPGWREIELYSDGSIRTEVKRIQQAEFLPNMQEDGY,length1,822
-3,1279002,1278324,678,MKNIQKILPLYFVAGTQDCRHLGENLSENLLFVLKQALEGGITCFQFRDKGKFSLEHTPSAQKALAMSCRDLCREYGVPFIVDDNVDLALAIEADGIHVGQSDMPVQEIRAKTDKPLIIGWSVNRLDEAKIGENLAEIDYFGIGPIFPTQSKENPKPTLGMAFIQTLRNVGITKPLVAIGGVKLAHVKTLREFGADGVAVITAITHADNVQAATKALREASDEYAK,length1,678
-3,1272132,1270767,1365,MLINKTKRAEQNLNNLPFLALQAEQIEFLGSSAEFKTQIIELIRNAKKRIYVTALYWQKDEAGQEILDEIYRVKQENPHLDVKILIDWHRAQRNLLGAEKSATNADWYCEQRQTYQLPDDPNMFFGVPINTREVFGVLHVKGFVFDDTVLYSGASINNVYLHQFEKYRYDRYQKITHAELADSMVNFINDYLLDFSAVYPLDVTNRPRTKEIRGNIRAYRKDLAQNGEYSLKSAVKLPNVLSVSPLFGLGASGNELNQVIEDLFLQVQEKLVICTPYFNFPRTLQHKIATLLESGKQVEIIVGDKVANDFYIPPEQPFKMAGALPYLYESNLRRFCEKFETQIENGQLVVRLWRDGDNTYHLKGVWVDDRYILLTGNNLNPRAWRLDAENGLLIYDPQQQLLAQVEKEQNQIRQHTKVLKHYSELEELNQYPEPVQKLLKKFARIKADKLVKMIL,length1,1365
-3,1262055,1261668,387,MLALFLLVVSKRGLAIISTLFSRSNALNSKSSNRPLIFATCNAIEPAGVVVVAKFTLRLSAIFSKLLPVRLPATRLAFSVGLKIPHRTPSSFKLSSVIVTIRASIAICSIGLSISAISFLIFCTKRGSS,length1,387
-3,1254693,1254093,600,MQSSPLLEHLIENLRCLPGVGPKSAQRMAYHLLQRNRSGGMNLARALTEAMSKIGHCSQCRDFTEEDTCNICNNPRRQNSGLLCVVEMPADIQAIEQTGQFSGRYFVLMGHLSPLDGIGPREIGLDLLQKRLVEESFHEVILATNPTVEGDATANYIAEMCRQHNIKVSRIAHGIPVGGELETVDGTTLTHSFLGRRQID,length1,600
-3,1254075,1252122,1953,MRLFIAEKPSLARAIADVLPKPHQRGDGFIKCGDNDVVTWCVGHLLEQAEPDAYDPKFKQWRLEHLPIIPEKWQLLPRKEVKKQLSVVEKLIHQADTLVNAGDPDREGQLLVDEVFSYANLSAEKRDKILRCLISDLNPSAVEKAVKKLQPNRNFIPLATSALARARADWLYGINMTRAYTIRGRQTGYDGVLSVGRVQTPVLGLIVRRDLEIEHFQPKDFFEVQAWVNPESKEEKTPEKSTALFSALWQPSKACEDYQDDDGRVLSKGLAENVVKRITNQPAEVTEYKDVREKETAPLPYSLSALQIDAAKRFGMSAQAVLDACQRLYETHRLITYPRSDCRYLPEEHFAERHNVLNAISTHCEAYQRLPNVISTEQRNRCWNDKKVEAHHAIIPTAKNRPVNLTQEERNIYSLIARQYLMQFCPDAEYRKSKITLNIAGGTFIAQARNLQTAGWKELLGKEDDTENQEPLLPIVKKGQILHCERGEVMSKKTQPPKPFTDATLLSAMTGIARFVQDKELKKILRETDGLGTEATRAGIIELLFKRSFLTKKGRNIHSTETGRILIQALPDIATQPDMTAHWESQLTDISQKQATYQQFMHNLNQMLPDLVRFVDLNALRQLSRIKMIKSDRVKPKSAVKKSSKSNGETD,length1,1953
-3,1252011,1251672,339,MYQVLLFIYVVVAIALIGFILVQQGKGANAGASFGGGASGTMFGSAGAGNFLTRTSAILATAFFVIALVLGNMNSHKGNVQKGTFDDLSQAAEQVQQQQAAPAKDNKNSDIPQ,length1,339
-3,1236696,1234287,2409,MAKNTQRTMPVLPLRDVVVFPYMVMPLFVGRVKSINALEEAMNDDKQILLVSQREADLEEPTPEDLFDVGTIANIIQLLKLPDGTVKVLVEGQNRAKINSLEDGEKCFSAQITPIETTYGDEQELVVAKSAVLSEFENYLTLNKKVPTDILNALQRIDDVDRLADTMAAHLPVSIRHKQNALELANVQERLEYLLGMMESEADILQVEKRIRGRVKKQMEKSQRNYYLNEQIKAIRKEMDGGENEDTIDEVEQLHQKVEAAGMPADVRDKVENELQKLKMMSAMSSEATVIRSYIEWMIQVPWHQRSKVKKDIVKAQQVLDTDHYGLDRVKERILEYLAVQARLNKVKGPILCLVGPPGVGKTSLGQSIANATGRKYVRMALGGVRDEAEIRGHRKTYIGALPGKLIQKMAKVGVKNPLFLLDEIDKMASDMRGDPASALLEVLDPEQNTTFNDHYLEVDYDLSDVMFVATSNSMNIPGPLLDRMEVIRLSGYTEDEKLNIAMRHLLAKQIERNGLKKGELTVEESAILDIIRYYTREAGVRGLEREISKICRKAVKNLLVNPKLKSITVNSDNLHDYLGVKRFEFGKADTQNRIGEVTGLAWTEVGGDLLTIETASVVGKGKLSFTGSLGDVMKESIQAAMTVVRARADKLGINAEFHEKRDIHIHVPDGATPKDGPSAGIAMCTALISCLTGNPVRADVAMTGEISLRGKVLPIGGLKEKLLAAHRGGIKTVLIPKENVKDLEEIPENVKQNLAIHAVETIDEVLGFALENPPEGIEFVKVKAKPKAPRRKVTSKSERAVN,length1,2409
-3,1232883,1232226,657,MNQLEMKKLAAQAALEYVTADTIVGVGSGSTVNCFIEALGTIKNKIQGAVAASKASEELLRKQGIEVFNANDVSSLDIYVDGADEINPQKMMIKGGGAALTREKIVAALAKKFICIVDSSKQVDVLGSTFPLPVEVIPMARSQVGRKLVALGGAPEYREGVVTDNGNVILDVHNFSILNPVEMEKELNNVAGVVTNGIFALRGADVVIVGTPEGAKIID,length1,657
-3,1228755,1227846,909,MTNTTMQPNRLRIALQKKGRLSQDCAILLKQCGVKINWNEQRLIAYAENLPIEILRVRDDDIPGLIFDGVVDLGIIGENVLEEEELGRRAANETVTYKKLRQLDFGDCRLSLAVDRDCHYENVKDLANRRIATSYPHLLKRYMNENGVSFKSCLLNGSVEVAPSAGIAYAICDLVSSGATLEANGLKEVDVIYRSKACLIQRAEPLESTKQALVDKLLTRIQGVQQAAESKYIMLHAPKEKLEKITALLPGVENPTILPLASDTTRVAMHVVSQENLFWETMEQLKEAGASSILVLPIEKMME,length1,909
-3,1224030,1223433,597,MTNITIIDTGCANLSSVKFAFDRLGYNTEITFDLNKIKSADKLILPGVGTANAAMYNLQERQLIETIQNLTQPVLGICLGMQLMTEFSEEGNVPTLNLISGKTNRIPDTGLPLPQMGWNRVQFVKNCPLFDGIVQNSHFYFVHSYAVSPNEHSVAISNYGVNFSAAIAKENFYGVQFHPERSGKNGALLLKNFVEKVPF,length1,597
-3,1221888,1221225,663,MNITKIDWQKVNGLLPVIIQNISTREVLMLGYMNEEALTKTIKERKVTFFSRTKQRLWTKGEISGNFLNVEEMSLDCDNDTLLILVDPIGATCHTGEYSCFHQFTSPQSENKKQQFANWAWFIKLEQHLKEKKNADPSNSYTATLHAKGTKKIAQKVGEEGVETALAAVAQDKAEVISEATDLVYHLTVLLHNQDLQWYEIIAKLQERHQGIGLHPEGGNK,length1,663
-3,1210737,1210266,471,MDIFSFFSADFWQANSLCFMFISAFLSATVLPGNSEVIFVALAVPKLMLGSLFNADILALILIATAGNSLGSLTTYGIGRWMPKFDPKNYRTLWAINQLRRYGAIALLLSWLPVVGDLFCAIAGWLRLNFVTSSLFIFLGKMVRYVALLFLSTPFLL,length1,471
-3,1207029,1205697,1332,MSEMTPRKIVSELDQHIIGQADAKRAVAIALRNRWRRMQLQEPLRHEVTPKNILMIGPTGVGKTEIARRLAKLANAPFIKVEATKFTEVGYVGKEVDSIIRDLTDSAMKLVRQQEIAKNRARAEDMAEERILDALLPPAKNQWGEVESHDSHSSTRQAFRKKLREGQLDDKEIEIDVSAGVSMGVEIMAPPGMEEMTNQLQSLFQNLGSDKTKKRKMKIKDALKALIDDEAAKLINPEELKQKAIDAVEQNGIVFIDEIDKICKKGEYSGADVSREGVQRDLLPLVEGSTVSTKHGMVKTDHILFIASGAFQVARPSDLIPELQGRLPIRVELTALSAADFERILTEPHASLTEQYRALMATEGVNIAFTTDAVKKIAEAAFRVNEKTENIGARRLHTVMERLMDKISFSASDMNGQTINIDAAYVADALGEVVENEDLSRFIL,length1,1332
-3,1201368,1200951,417,MKKTALLNAQLSHCIATLGHTESLTICDAGLPIPLSVERIDLALTAGVPSFLQTLNVVTNEMYVERVVIAEEIKEKNPEILTALLTQLQKLESHQGNQIQVEFVSHETFKKFTLESKAIVRTGECSPYANVILYSGVPF,length1,417
-3,1197474,1196556,918,MKKTLTVLGSINADHVISVPYFAKPGETLTGQNYQIAYGGKGANQAVAAARLGAKVAFISCIGSDSIGKTMKNAFEQEGIDTTHINTVSQEMTGMAFIQVAKSSENSIVLASGANAHLGEMVVRQSEAQIAQSDCLLMQLETPLSGVELAAQIAKKNGVKVVLNPAPAQILSDELLSLIDIITPNETEAEILTGVAVADEQSAVKAASVFHDKGIETVMITLGAKGVFVSRKGKSRIIKGFCVQAIDTTAAGDTFNGGFVTALLEEKSFDEAIRFGQAAAAISVTKKGAQSSIPTRQETLEFLEHA,length1,918
-3,1196526,1195530,996,MATMKDIARLAQVSTSTVSHVINGSRFVSDEIREKVMRIVAELNYTPSAVARSLKVRETKTIGLLVTATNNPFFAEVMAGVEQYCQKNQYNLIIATTGGDAKRLQQNLQTLMHKQVDGLLLMCGDSRFQADIELAISLPLVVMDWWFTELNADKILENSALGGYLATKALIDAGHRKIGIITGNLKKSVAQNRLQGYKNALSEAKIALNPHWIVESHFDFEGGVLGIQSLLTQSSRPTAVFCCSDTIAVGAYQAIQQQGLRIPQDLSIMGYDDIELARYLSPPLSTICQPKAELGKLAVETLLQRIKNPNENYLTLVLEPTCVLRESIYSFK,length1,996
-3,1195422,1194873,549,MKENKPVDPYAKYNEQSNIIAKIIFASRWLQVPIYLGLIVTLAIYSYKFIKGLWELVINVNDMDSNTIMLGVLNLIDVVMIANLLVMVTIGGYEIFVSKLRTRNHPDQPEWMSHVNATVLKVKLSMSIIGISSIHMLQTFVNASNMPEKTMMWQLLLHLGFLVSAIALAYTDKILYSTSHKTH,length1,549
-3,1185888,1185573,315,MIFLRFTSSLCSNSLRSSSYCSASCSNWFCFSSSAMVCSNHLVRSNLSNCAASAPLEIRRLRTRANKPASKISNSSVKSFFASRSCISSISNARLSFSTPSRVKT,length1,315
-3,1181043,1180764,279,MLIDVLLPWFVREYEYGQTRYKSLMLLHHILQPHHKFQQLPFPHLKCRIFPLHRTFLHRVYRINPPRISYRHERLCLLLLQLEQQLVPYRSQQ,length1,279
-3,1176930,1176642,288,MARGSKESIIHQVPHQDLLEAATLKIRSPFGYTHCNQAGYNEDDKSRSLHINHKSSDSVKSPILHRYSQVNREDQINARQYCLMSLIFDDKSDYWL,length1,288
-3,1176393,1175739,654,MKKKVRVIPRTSWAATSLWTAQYKTISILLFALSILGIGDGLIVLSGLGSTPWTVLSQGIAIQTNFDIGWSSFLISCAVMLVWKPLKLRLGLGTLLNIIVIALFLGITTKILTPPTALFSRMIFCLIGILLYGFGTALYLTCHLGAGPRDGLMVGICQRFHLSINVVRSSLEISVCLLGFLLGGVVGLGTVLFATSIGSVVQFFLNIIARLPHIPYEK,length1,654
-3,1156281,1155993,288,MNIRPLHDRVIIKREEVETRSAGGIVLTGSAATKSTRAKVLAVGKGRILENGTVQPLDVKVGDTVIFNDGYGVKAEKIDGEEVLIISENDILAIVE,length1,288
-3,1133154,1132875,279,MCPLLGKTTFCRNVLFLRLRFYLSMAKLLEFYDHDQLLQNHQRSPPPPSKVQKVQDLFLGSLLVYLVNLQYLMPLYDASFHALCVLLHAHELP,length1,279
-3,1125879,1125156,723,MLKIQKLSIAALMVSAVISGQVFAEDNTFDEKAASYAVGTLMGSQMKDLVDSHKEVIKYDNARILDGLKDALEGKVDVRKDEKIQKTLESIEAKLVAASKAKAEAIAKQAKEEGDKFRAEFAKGKDVKTTQSGLMYKIESAGKGDTIKSTDTVKVHYTGKLPNGKVFDSSVERGQPVEFQLDQVIKGWTEGLQLVKKGGKIQLVIAPELGYGEQGAGASIPPNSTLIFDVEVLDVNPKSEK,length1,723
-3,1124022,1123665,357,MKIAFLFRTSPHGTSISREGLDAILAATAFCEPNDIGIFFINDGVLNLIDNQQPEIIQQKDFIRTFKLLDLYDVEQRFICTASLQKFKLDNRELILSCEKINRSLLLEKLNQAEKLFTF,length1,357
-3,1101828,1100826,1002,MAFNMKNRHLLSLVHHTEREIKYLLDLSRDLKRAKYAGTEQQKLKGKNIALIFEKTSTRTRCAFEVAAYDQGAQVTYIDPNSSQIGHKESMKDTARVLGRMYDGIEYRGFKQSIVQELADYAGVPVFNGLTDEFHPTQMLADVLTMIEHCDKPLSEISYVYIGDARNNMGNSLLLIGAKLGMDVRICGPKALLPEANLVEMCEKFAKESGARITVTEDIDKAVKGVDFIHTDVWVSMGEPLETWGERIKLLLPYQVTPELMKRTGNPKVKFMHCLPAFHNSETKVGRQIAEKYPELANGIEVTEEVFESPMNIAFEQAENRMHTIKAVMVASLA,length1,1002
-3,1100814,1099884,930,MRIVIALGGNALLRRGEPMTAENQRQNVRIACEQIAKIWPNNELVIAHGNGPQVGLLALQGAAYTDVPTYPLDVLGAETAGMIGYMIQQELGNLVPFEVPFATLLSQVEVDINDPAFKNPTKPIGPVYTKEEAERLAKEKNWSIAQDGDKYRRVVPSPLPKRIFEIRPVKWLLEKGSIVICAGGGGIPTYYDEHHNLQGVEAVIDKDLCSALLAENLDADLFIIATDVSATFVDWGKPNQKAISVASPEAISELGFASGSMGPKVQAAINFAKQTGKDAVIGSLSDIVDIVKGKAGTRITKKAEGISYYA,length1,930
-3,1092870,1091577,1293,MELFKSIVAVIGIIATIYFLIKKAETRTVLIGVGLIMSILTLNPMGALDAFAKSMTSGGLIMAICSSMGFAYVMKYTQCDTHLVHLLTKPLSGLKFFLIPIATVITFFINIAIPSAAGCAAAVGATLIPVLKSAGVRPATAGAAILAGTFGSMMSPGSSHSAMISEMSGLTITQVNLSHAPYNMIAGAIGAVVLTILALVFKDYGEQHRQAYLAEQKESEIKVIEGVNVLYALAPLIPLVILVIGGTSLQQVPGLEWTKMGVPQAMLIGAIYGIIVTRISPVKITEEFFNGMGNSYANVLGIIIAASVFVAGLKSTGAVDAAISFLKESNEFVRWGATIGPFLMGLITGSGDAAAIAFNTAVTPHAVELGYTHVNLGMAAAIAGAIGRTASPIAGVTIVCAGLAMVSPVEMVKRTAPGMILAVLFLALFML,length1,1293
-3,1086969,1085082,1887,MFYTETYDVIVIGGGHAGTEAALAPARMGFKTLLLTHNVDTLGQMSCNPAIGGIGKGHLVKEVDAMGGLMAHAADKAGIQFRTLNSSKGPAVRATRAQADRVLYRQAVRTALENQPNLDIFQQEATDILIEQDRVTGVSTKMGLIFRAKSVVLTAGTFLAGKIHIGLENYEGGRAGDPASVNLSHRLRDLGLRVDRLKTGTPPRIDARTINFDILAKQHGDEVLPMFSFMGSVDDHPQQIPCYITYTNEQTHEVIRNNLDRSPMYTGVIEGIGPRYCPSIEDKVMRFSDRNSHQIYLEPEGLTSNEVYPNGISTSLPFDVQMGIVNSMKGLENARIVKPGYAIEYDYFDPRDLKPTLETKSISGLFFAGQINGTTGYEEAAAQGLLAGINAGLYVQEKDAWYPRRDQSYTGVLVDDLCTLGTKEPYRVFTSRAEYRLLLREDNADIRLTPIAHELGLIDEARWARFNQKMEKIEQERQRLRSIWLHPRSEYLEEANKVLGSPLVREASGEDLLRRPEMTYDILTSLTPYKPAMEDREAVEQVEIAIKYQGYIEHQQEEIKKQKRHENTAIPANFDYSKVSGLSNEVRAKLELHRPVSIGQASRISGITPAAISIILINLKKQGMLKRGE,length1,1887
-3,1079481,1078500,981,MPQNLPHFYRGRFSVAPMLDWTTRHCRYFHRQFSKHALLYTEMVTAPAIIHAKYDHLDFDLQENPVALQLGGSDPEQLKYCAKLAEERGYHEINLNVGCPSDRVQNGMFGACLMAKADLVADCVEQMQSAVKIPVTVKTRIGIDELDSYEFLCDFIEKVQGKGCQEFIIHARKAWLSGLSPKENREIPPLDYARVYQLKRDFPHLTIAINGGIKTIEEMKQHLQYVDGVMVGREAYQNPSLLGQIDQALFDPNAAIVTAHEAVQSMLPYIEQQLNQGIHLNHIVRHMLGAFQNCKGARQWRRYLSENAFKQGAGVEVIETALSFVEH,length1,981
-3,1074723,1074234,489,MALNLQDKQAIVAEVNEAAKGALSAVIADSRGVTVEKMTELRKSAREAGVTMRVVRNTLLRRAVEGTDYECLKDTFVGPTLIAFSNEHPGAAARLFKEFAKANDKFEIKGAAFEGKIQDVEFLATLPTYEEAIARLMGTMKEAAAGKLARTFAALRDKLQEAA,length1,489
-3,1074177,1073808,369,MSLTNEQIIEAIASKTVTEIVELIAAMEEKFGVSAAAAVAAAPAAGGAAAAEEKTEFDVVLKSAGANKVAVIKAVRGATGLGLKEAKDLVESAPANLKEGVSKEEAEALKKELEEAGAEVEVK,length1,369
-3,1062591,1061829,762,MPTISVAMIVKNEAQDLANCLDTVKDWVDEIIILDSGSTDNTKEIALSYGAKFYENSDWQGFGKQRQLAQQYVTSDYVLWLDADERVTPKLQQAILSAVKNDRENTVYEIPRVSEVFGREIRHSGWYPDYVVRLYRTNYAQYNDSLVHEKVEFPAGTKVEKLTGDLEHFTYKSIHHYLVKSAGYAKAWADQRQAKGKKATLWQGISHALGCFVKMYLLKAGFLDGKQGFLLAVLSAHSTFVKYADLWERDQHKH,length1,762
-3,1042485,1041033,1452,MSEITTLQPSLLWKWFDQICAIPHPSHYEDTLANFIVNWAKEKHFFVERDEVGNILIRKPATKGMENHTPVVLQAHLDMVPQANEGNPHDFTKDPIQPYIDGEWVKARGTTLGADNGIGLASTLAVLESNDLAHPPLEVLLTMTEETGMDGAKGLRHSWLQSEILINTDTEEIGEIYIGCAGGINANFEIPVQYETNTFERSAQITLKGLRGGHSGGDIHTGRANAIKVLARVLAKLSQNQPHFALSDIRGGSIRNAIPREAAAVLAFNGDVKTIESAVENLAVVLKEELAIAEPNFTLFVESAEKAPTVFTAQSTQTVINALNVLPNGVIRNSDVVKNVVESSLSVGVLKTEGNVVKSTILVRSLIESGKYYVTEMLSSLAILANAKVEFSAPYPGWQPVNDSTILDVTRKHYAEVLGEQPVVKVIHAGLECGLLKEHYPNIEMISVGPTIRNAHSPDEKVEIATVQTYWDLLTRVLADIPAK,length1,1452
-3,1039491,1038702,789,MARRPLVMGNWKLNGSKAFTKELIEGLKAELHDVTGCDVAIAPPVMYLGTAEAALSGCGCSCGGKSVIQLGAQNVDINVKGAFTGDISSEMLKDFGAKYIIIGHSERRTYHKESDEFVAKKFGALKEAGLVPVLCIGESEAENEAGKTEEVCARQIDAVINALGVEAFNGAVIAYEPIWAIGTGKSATPAQAQAVHAFIRGHIAAKSQAVAEQVIIQYGGSVNDANAAELFTQPDIDGALVGGASLKAPAFAVIVKAAAAAKN,length1,789
-3,1035828,1034352,1476,MANYFNTLNLRQKLDQLGRCRFMDREEFADEANFLKGKKIVIVGCGAQGLNQGLNMRDSGLDISYALRPEAIAEKRASFQRATENGFKVGTYEELIPTADLVVNLTPDKQHSKVVADVMPLMKKDSAFGYSHGFNIVEVGEEIRKDITVVMVAPKCPGTEVREEYKRGFGVPTLIAVHPENDPKGEGLAIAKAWAAATGGHKAGVLESSFVAEVKSDLMGEQTILCGMLQAGSIVCYDKLVADGKDPAYAGKLIQYGWETITEALKQGGITLMMDRLSNSAKLRAFELAEQIKESLGFLYYKHMDDIISGHFSATMMADWANGDKDLFAWREATGKTAFENAPKYDGKISEQEYFDNGVLMIAMVKAGVELAFDAMVASGIYEESAYYESLHELPLIANTIARKRLYEMNVVISDTAEYGNYLFSNVATPILAKEIIPNLQKGDLGEPTPAVEIDNITLRDVNDAIRNHPVELIGQELRGYMTDMKRIAVAG,length1,1476
-3,1028130,1027038,1092,MKLKTLALSLLAAGVLAGCSSHSSNMANTQMKSDKIIIAHRGASGYLPEHTLESKALAFAQQADYLEQDLAMTKDGRLVVIHDHFLDGLTDVAKKFPHRHRKDGRYYVIDFTLKEIQSLEMTENFETKDGKQAQVYPNRFPLWKSHFRIHTFEDEIEFIQGLEKSTGKKVGIYPEIKAPWFHHQNGKDIAAETLKVLKKYGYDKKTDMVYLQTFDFNELKRIKTELLPQMGMDLKLVQLIAYTDWKETQEKDPKGYWVNYNYDWMFKPGAMAEVVKYADGVGPGWYMLVNKEESKPDNIVYTPLVKELAQYNVEVHPYTVRKDALPEFFTDVNQMYDALLNKSGATGVFTDFPDTGVEFLKGIK,length1,1092
-3,1025991,1024482,1509,MTDKKYIIALDQGTTSSRAVLLDHNANVVEIAQREFTQIYPRAGWVEHNPMEIWATQSSTLNEVVAKAGITSDEIAAIGITNQRETTIVWEKSTGTPVYNAIVWQCRRTADITDKLKADGHEEYIRNTTGLVVDPYFSGTKVKWILDNVEGAREKAERGELLFGTVDTWLVWKLTQGRVHVTDYTNASRTMLFNIHTKQWDDKMLEILNIPRSILPEVRNSSEIYGQTNIGGKGGVRIPVAGIAGDQQAALYGHLCVHAGQAKNTYGTGCFMLLHTGNKAITSKNGLLTTIACNAKGEPEYALEGSVFIAGASIQWLRDELKTVHDSFDSEYFAQKVTDSNGVYVVPAFTGLGAPYWDPYARGAIFGLSRGANCNHIVRATLQSIAYQTRDVLEAMQSDSGERLQYLRVDGGATNNNFLMQFQADILDVNVERPVVKEVTALGAAYLAGLATGFWKDLDELRDKARVERTFSPDSDNEKRERRYKGWKKAVKRSLEWAKEDEE,length1,1509
-3,1020159,1019817,342,MRKSERISIPDFVFAANSRLISSSLLLCGPFKITSSSLTGSAVSGRLSILIRAQGISTVPLKFNSLGLAFIVISGLKRSFAIDGISTLKLFACAFNSVVQCSIFAQFARPVKFK,length1,342
-3,1012092,1011516,576,MKIFGTMYDKTMEWSKHRFAVFWLSFVSFIEAIFFPIPPDVMLIPMSMSKPKSAVKFAFYTAIASVIGGIIGYAIGFYATGWVENIVQQWGYAAHWAKAVSWFEQWGVLVVFVAGFSPIPYKVFTLCAGVMQMAFFPFVITAFVSRLARFLLVAKLAAWGGEKFAAKLRKSIEIIGWSVVVLAIIAYFILKN,length1,576
-3,1011285,1010070,1215,MNKSFLLLPLSLVVLSACTSNSPAPISDADGNLSPSVVQSVNGSNVGGAWQPEIQKNSLPTMGNMVTPQPNFQPINQQPAMPTKPAQPAFQPSPKTVVSAPTVQTKTVTKTIADCVDGQHINIPRNPNTNAPDYSKISKGSYKGNTYKVNKGDTMFLIAYLAGIDVKELAALNNLSEPYNLSLGQVLKISNCGTKTVTTTVSVKQPAVTASTAMPAKPAVTYTPGANGTQIGSDGTIIGPIKSEAGISSSVSVATSSTQVTSSVNNANSTPINANVVAPIASNVAWQWPTSGNIIQGFSSTDGGNKGIDISGSRGQAVKAAAAGRIVYAGNALRGYGNLIIIKHNDDFLSAYAHNDKILVADQQEVKAGQDIAKMGSSGTNTVKLHFEIRYKGKSVDPVRYLPKR,length1,1215
-3,1008198,1006968,1230,MKKQPSIFGGACIIASVCVGAGMLGLPTSGAGAWTIWSVLVICLTMIVMTLSGWLLLEAYSTYDLRASFSTVTKDMLGSTVNSINNLAVYFVGGILLYAYTTASGGILENLIKPWIDFGSSTLAICSTVFVLVFSFFVWHSTRIVDRISVLLIVCMGFTFIFSTYGLATNISLDTLLDIGGKETNYAKYAVGMFPVALTSFGYHHSVCTMRAYYGEEKKAKYAILGGTAIALTLYLLWIFSIFGNLPRDQFAPVIASDGNLDILLNTLGGVIESNTVKQMINAFSIAAILSSFIGVGLGVFDYLADFFKFDNCKIGRTKSWAVTFLPPLIMSILFPLGFLKAIGYAGAVATIWTSIIPALLAYKSRKINTAATFRVCGGNGLIIFIALFGVFVAIFHFLAMFGCLPFFKF,length1,1230
-3,1004034,1002651,1383,MTALFQQLPSVDKILKTPQGLQLITEFGHTAVVATCRELLTQARQFIKKNNQLPEYFSNFDRTFVEIHSRLQKQNQVQIKAVHNLTGTVLHTNLGRALWSEAAQQAALSVMQKNVSLEYDLDKGKRSHRDNYISELLCKLTGAEAACIVNNNAAAVLLMLATFAQGKEVIISRGELIEIGGAFRIPDIMEQAGCYLVEVGTTNRTHLKDYRNAITENTAFLMKVHSSNYQICGFTSSVSEEELAELGREMNVPVVTDLGSGALIDLSQYGLPKESTVQEKVAQGVGLVSFSGDKLLGGVQAGIIVGKKEWIEQLQAHPLKRALRCDKVILAGLEATLRLYLNPEKLTEKLPTLYLLTQPLKQLKINAMRLKERLESRLNSQFDIQIEASQAQIGSGSQPMERIPSVAVTIAEKTNVKLSALSARFKQLSQPIIGRMENGKIWLDLRSLAAIETLLNTLDEL,length1,1383
-3,999504,999198,306,MSEEKPLKVSYSKQFVRDLTDLAKRSPNVLIGSKYITAIYCLLNRLPLPENYQDHALVGEWKGYRDCYIQGDLVLIYQYVIHDEFDELKFSRLNTHSQTALK,length1,306
-3,994071,993492,579,MSVIPMVVEQTSRGERSYDIYSRLLKERVIFLSGEVEDRMANLIVAQLLFLESEDPTKDINIYINSPGGSVTAGMAIYDTMQFIKPDIRTLCIGQACSMGAFLLAGGTAGKRAALPNARVMIHQPLGGFRGQASDIQIHAQEILKIKHTLNDRLAFHTGQSIERIEKDTDRDNFMSAEEAQAYGLVDEVLVKR,length1,579
-3,993480,992247,1233,MTDKDKDLHCSFCGKEKGEVDKLIAGTGGYICNECIELCHSMLEESNDENLEESAVENKDKLPTPHEIRAHLDDYVIGQDYAKKVLSVAVYNHYKRLRTNYESNDVELGKSNILLIGPTGSGKTLLAQTLARRLNVPFAMADATTLTEAGYVGEDVENVLQKLLQNCEYDTEKAEKGIIYIDEIDKISRKSEGASITRDVSGEGVQQALLKLIEGTIASIPPQGGRKHPQQEMVKLDTSKILFICGGAFAGLDKIIDKRTQTSTSIGFNAKVEKDEKQQSLSELFRQVEPDDLMKFGLIPEFIGRLPMIAPLSELDEDALIQILTKPKNALIKQYQALFGLEKVELDFTPEALKAMAKKALERKTGARGLRSIVEAVLLDTMYDLPSLENLQKVIVDESTIVDNLAPKLEY,length1,1233
-3,992100,991686,414,MATEIVDKKKNTQEVIVEGKSKGLNTFLWVLVVIFFAAAAIGNIYFQQIYSLPIRVIGMAIALVIAFILAAITNQGTKARAFFNDSRTEARKVVWPTRAEARQTTLIVIGVTMIASLFFWAVDSIIVTVINFLTDLRF,length1,414
-3,990168,989778,390,MMTQIIHTEKAPAAIGPYVQAVDLGNLVLTSGQIPVNPATGEVPADIVAQARQSLENVKAIIEKAGLTAADIVKTTVFVKDLNDFAAVNAEYERFFKENNHPNFPARSCVEVARLPKDVGLEIEAIAVRK,length1,390
-3,972666,971865,801,MTLDVWQHIRQEAKELAENEPMLASFFHSTILKHQNLGGALSYLLANKLANPIMPAISLREIIEEAYQSNPSIIDCAACDIQAVRHRDPAVELWSTPLLYLKGFHAIQSYRITHYLWNQNRKSLALYLQNQISVAFDVDIHPAAKIGHGIMFDHATGIVVGETSVIENDVSILQGVTLGGTGKESGDRHPKVREGVMIGAGAKILGNIEVGKYAKIGANSVVLNPVPEYATAAGVPARIVSQDKAAKPAFDMNQYFIGIDDGMNLNI,length1,801
-3,971853,971040,813,MINKDTQLCMSLSGRPSNFGTTFHNYLYDKLGLNFIYKAFTTQDIEHAIKGVRALGIRGCAVSMPFKETCMPFLDEIHPSAQAIESVNTIVNDNGFLRAYNTDYIAIVKLIEKYHLNKNAKVIVHGSGGMAKAVVAAFKNSGFEKLKIYARNVKTGQYLAALYGYAYINSLENQQADILVNVTPIGMKGGKEEMDLAFPKAFIDNASVAFDVVAMPVETPFIRYAQARGKQTISGAEVIVLQAVEQFELYTHQRPSDELIAEAAAFARTKF,length1,813
-3,957666,957090,576,MKNFLAQQGKITLILTALCALIYIAQQLGFEDDIMYLMHYPAYEEQDSEAWRYISHTLVHLSNLHILFNLSWFFIFGGMIERTFGSVKLLMLYVVASVITGYVQNYVSGPAFFGLSGVVYAVLGYVFIRDKLNHHLFDLPEGFFTMLLVGIALGFISPLFGVEMGNAAHISGLIVGLIWGFIDSKLRKNSLE,length1,576
-3,946428,945870,558,MARKKKTRRITDIMPIRKADKKIDITKARSGKKLTRYELDAKAREDKKKRKHKGLASGSRHSAVEEKANKLQNEIKDPKIGSKKKIPLVVEFVNKPEKGQVIPVIKQVKKQDPMKELENLENNEILNELLDALDAGKTISKSDQQFVDECLDRISELMEELGIEDEDESEDDLYRTFERMDINQFR,length1,558
-3,945864,945426,438,MIWIFFVIALFLVTGLTLYAIRLLKQLKVQKELIAKAKNNRVIRLKESIDIIARAMQSGECNLSEGVIRLTMLLRPFGKNLSSYPAMANLYEVVRDMPTHDDRKLLEKRERMRLDLARESAEAQFEKNIKQELYILLEDIKSIELI,length1,438
-3,942804,940857,1947,MATGFLMTDNVFGIVSLKPVLHMARTCSSKMLDSPLPSKIIEKPTALSVLKSVFGYQSFRKGQEEVINAALNGQDALVVMATGNGKSLCYQIPALCFDGLTLVISPLISLMKDQVDQLQANGIEADFLNSSQTLEQQQQVQNKLISGQLKLLYVSPEKVMTNSFFQLISYSKVCFIAIDEAHCISQWGHDFRPEYTQLGGLKASFPDAPIMALTATADYATQKDILRHLNLKNLHKYIGSFDRPNIRYTLEEKYKPMEQLTRFVLAQKGKSGIIYCNSRNKVERIAESLRNKGVSAAAYHAGMETAIRERVQQDFQRDNVQVVVATIAFGMGINKSNVRFVAHFDLPRSIESYYQETGRAGRDDLPAEAVLFYEPADYAWLQKILFEKPETPQRQIEQHKLEAIGEFAESQTCRRLVLLNYFGEHRQTPCNNCDICLDPPKKYDGLVDAQKVMSTIYRVGQCFGAHYVIAVLRGMHNQKIIERQHHKLSVYGIGKDKSKEHWQSVIRQLIHLGFAQQVISELNPTLQLTESAKVILKGEEPLELAMPRISSISKIAHNPQRQGVANYDKDLFARLRFLRKQIADKENIPPYIVFNDATLQEMAQYMPTSNIEMLQINGVGSIKLERFGQPFMALIQEHKAILANAQNND,length1,1947
-3,940770,939054,1716,MRTSQYLFSTLKETPNDAQVVSHQLMLRAGMIRPMASGLYNWLPTGIRVLKKVEKVVREEMNKGGAIEVLMPVVQPAELWEESGRWDQYGPELLRFEDRGNRNFVLGPTHEEVITDLVRREVSSYKQLPLNLYQIQTKFRDEVRPRFGVMRSREFIMKDAYSFHTTQESLQATYDVMYQVYSNIFRRLGLDFRAVQADTGSIGGSASHEFQVLASSGEDDVVFSTESDFAANIELAEAIAIGERQAPTAEMCLVDTPNAKTIAELVEQFNLPIEKTVKTLIVKGADENQPLVALIIRGDHELNEIKAQKHPLVADPLEFADETEIKAKIGAGVGSLGAVNLNIPAIIDRTVALMSDFSCGANIDGKHYFNVNWVRDVAMPEVFDLRNVVEGDPSPDGKGTLQIKRGIEVGHIFQLGKKYSEAMKATVQGEDGKPLVMTMGCYGIGVTRVVASAIEQHHDDRGIIWPSDEIAPFTVAIVPMNMHKSEAVQKYAEELYRTLQSQGVDVIFDDRKERPGVMFADMELIGIPHMVVIGEKNLDNGEIEYKNRRTGEKEMISKDKLLSVLNEKLGNL,length1,1716
-3,930891,929055,1836,MPKLRSATSTQGRNMAGARALWRATGMKENDFGKPIIAVVNSFTQFVPGHVHLKDMGQLVAAEIEKAGGVAKEFNTIAVDDGIAMGHGGMLYSLPSRDLIADSVEYMVNAHCADAMVCISNCDKITPGMLMAAMRLNIPTIFVSGGPMEAGKTKLSDQLIRLDLVDAMIEAADPNVSDERIDAIERSACPTCGSCSGMFTANSMNCLTEALGLSLPGNGSMLATHADRKELFLKAGRQIVELCKRYYEQDDASVLPRSIGTFDAFENAMSLDIAMGGSSNTVLHLLAAAQEAGVDFKMEDIDRLSRKVPCLSKIAPNTNKYHMEDVHRAGGIMGLLGELDRAGLIHKNTHTVLGMSMGEQLDQYDIIRNQDEELHKFFRAGPAGIRTTQAFSQDCRWDTVDNDRVNGCIRNKENAISQEGGLAVLFGNLAEDGCIVKTAGVDESIWKFTGTAIVFESQEDAVAGILGGKVKEGHVVVIRYEGPKGGPGMQEMLYPTSYLKSMGLGKKCALLTDGRFSGGTSGLSIGHASPEAASGGAIGLVRDGDIINIDIPNRAINLEISNDELAARRAEQDQKGWQPANREREVSFALKVFGHFATSADKGAVRDKTLLK,length1,1836
-3,923676,922035,1641,MTTLFEVAQHWLNQDPDTETRAELTALLDAAKGGDKAAEAELHARFDGRLQFGTAGLRGRLQAGSIGMNRVLVSQAAGGLAEYLKGYDKEPSIVIGYDGRKNSDVFARDTAEIMAGAGVKAYLLPRKLPTPVLAYAIQYFDTTAGVMVTASHNPPEDNGYKVYLGKANGGGQIVSPADKDIAALIDKVAAGNIQDLPRSDNYVVLNDEVVDAYITKTASLAKEPACDINYVYTAMHGVGYEVLSKTLAKAGLPQPHVVADQVWPDGTFPTVNFPNPEEKGALDLAIKVAKEKNAEFIIANDPDADRLAVAVPDAQGNWKSLHGNVVGCFLGWYLAKQYQGKQGTLACSLVSSPALAEIAKKYGFQSEETLTGFKYIGKVSGLLFGFEEALGYLVDPDKVRDKDGISAAIVFLDLVRNLKKQGKTLADYADEFTKEFGAYVSGQISIRVSDLSEIGKLMTALRNNPPAEIAGVKVAQFIDHIKTDRQSDILVFNLENGGRLIARPSGTEPKIKFYLDARGKDPKDADCVLAEFDEGVRHILRQDTYGK,length1,1641
-3,920649,919329,1320,MSAMFLLQFAIVLLCIFVGARVGGIGLGVFGGLGLAILSFGFGLKPAGLPIDVMFMIMAVVAAAAAMQAAGGLDYMIKIATKILRRNPKHITFIAPAVTWLFTLLAGTGHVAYSVLPVIAEVSRQNGIRPERPMSMAVIASQFAIVASPIAAAVVAVVAYLEPQGIHLGDVLMVTIPSTILGLFLACLFVNKMGKELKDDPEYQRRLNDPKYADIFASTTLVKEVEVSKTAKISVSLFLFGALLVVLMGAAPSIRPVFDGKPMGMAHTIEIIMLSIGALIILTCKPDGTAITKGSVFHAGMRAVIAIFGIAWLGDTLMQAHITEVKEMVKGLVETAPWAFAFALFVLSVLVNSQGATVATLFPLGIALGIPAPVLIGVFVAVNGYFFIPNYGPIIASLDFDTTGTTKIGKYILNHSFMLPGLLSMFFCLLIGLGLSHVIL,length1,1320
-3,914256,913434,822,MQFSKMHGLGNDFVVVDGVTQNVFFTPETIRRLANRHCGIGFDQLLIVEAPYDPELDFHYRIFNADGSEVSQCGNGARCFARFVTLKGLTNKKDISVSTQKGNMVLTVKDDNQIRVNMGEPIWEPAKIPFTANKFEKNYILRTDIQTVLCGAVSMGNPHCVVQVDDIQTANVEQLGPLLESHERFPERVNAGFMQIINKEHIKLRVYERGAGETQACGSGACAAVAVGIMQGLLNNNVQVDLPGGSLMIEWNGVGHPLYMTGEATHIYDGFITL,length1,822
-3,912153,908193,3960,MQTFALFVIIRLFFYFSFIRNCNMTVKTFRGSPALSEFRLTQLQQKCQQYQLPITSVYAEYLHFVEQKTSLVEDEIVKLQALLHYGSMFSELKPAGYCLIVTPRVGTISSWSSKATDIAHNCGLSKVNRIERGIAYYFNIERDLTEAELATLKDLLHDRMLETVLNHETEAALLFTQQEPKALTTIDILNGGRQALERANIALGLALADDEMDYLVESFTALKRNPQDVELYMFAQANSEHCRHKIFNADWIIDGKKQDKSLFKMIKNTFEQTPDFVLSAYKDNAAVMEGSKVGRWFPDPDGQYRVHQEDAHILMKVETHNHPTAISPFPGAATGSGGEIRDEGATGRGAKPKAGLTGFSVSNLVIPNFEQPWENPLSKPNRIASALDIMIDAPLGSAAFNNEFGRPALLGYFRTYEEKVNSFAGKEVRGYHKPIMLAGGIGNIRGEQVQKGEIPIGAKLIVLGGAAMNIGLGGGAASSMDSGKSKEDLDFASVQRENPEMERRCQEVIDRCWQLGEENPILFIHDVGAGGLSNAMPELVHDGRRGGKFDLRSILCDEKGMSPLEIWCNESQERYVLAVAPENLELFTALCERERAPFAVIGEATQAEHLILHDSHFDNNPIDLPMNVLLGKTPKMTREVLSKTVENQSLKTEGIQLKEAFHRVLRLPVVAEKTFLITIGDRSVTGMVARDQMVGPWQIPVSDVAVTTASLDSYHGEAMAMGERSPVALLNFSASARLAVAEAITNIAGTHIGEMKRIKLSANWMSAAGHTGEDAGLYEAVKAVGEELCPALGLTIPVGKDSMSMKTTWIDNGEQKSVTAPLSLVISAFARVEDVRKTLTPQLRTDKGLSSLLLIDLGEGHNRLGATALAQVYKQLGDKPADVVKVQRLKDFYNAMQTLVAEDKLLAYHDRSDGGLITTLAEMAFAGHCGVEVDISALGDNDLAVLFNEELGAVIQVADSQLESVREVLKAHNLLGITHQLGTVTADDRFEISRGSHKLFSEKRTELRSIWAELTYQMQRLRDNPDCAEQEFEAKKNPDDKGLSAFLTYDVNEDITAPFINKGVKPTIAILREQGVNSHYEMAAAFDRAGFNAIDVHMSDLMTGRRNLAEFNAMVACGGFSYGDVLGAGGGWAKSILFNPKLHEQFSQFFINPNTLTLGVCNGCQMISNLAEIIPGTENWPHFVRNKSERFEARVSLVKINEVASVWFAGMAGSHMPIAVSHGEGQVKFKSAEQLVGLKAQGIIAAQYIDNNGNPTELYPANPNGSVEGITAITNLDGRVAIMMPHPERVFRAVSNSWHPENWTEDGAWMRLFRNARMVF,length1,3960
-3,905667,903687,1980,MRNGNLKKHYSAKELLDLSLSCLPNSVQGIIYQAKKNGWVTQKRVGKGGGKEYALASLPQEIQTEIRTKFAVSIVKAKPKSLPADLRQVELKTLTEKQREVAGARMALVAQVAQLEQAQPRYKAIKFFCEQIKHGGISSDLMRLVETANNKKGKNRTLSDRTLNQWVLDYEKADTPEERLKALAPMQRVAKKAEEIVWLPDFLAIYRQTNGINVAEAYHYFSAEWDARFADEPLRLEMKPSIDQVRAALAKLPKHIKEIGRKTGSELRALNTYVKRDWSVLQVNDVWVGDGHAMKLKVAHPEHGRPFIPEVTLIMDTSCRFIVGWSASLAENVLAVADALRYGVERYGIPAIYYSDNGGGEKNWMLDGDITGMLPRLGINHQTGIPGNPQGRGIIERVHQTILYKIGRQFETYHGTGADKDTVRQVSTAVISLDKAKRKGATQLTPKQQWAVGKLPSWNQFLQACQEGIDEYNNKHEHRELGGMTPAQKRRQLMEKMNPNDLVFVTPVEARDLFRPSTLRVAQRGWLQLFNNYYFSTKLLDVDGQKVQVMFDIHDPSQVIVRKQDGTFVCYAELDGNKRDAFPMPFVEKTRQERHARRAKLKQEQLDEINAELNPIITIEHQQGFELLRTKPKAKQEATPIFLTKADKEAWEQRKKLVNE,length1,1980
-3,902787,902487,300,MTMLQARKNKQLNKNNAVMLAYLEQVEKAVRRLNEMGLTVINVHFEKIRPTVRVMNNAVTEKLEKDQRAYVYHVGRDVGRYQEAQFTVEGIRVVWRKYLN,length1,300
-3,900525,899967,558,MRPESRYFKCALSVEPIKSLDEQWRKDRELRDKKLDAIFDTIPFYECWRGSERNIFGIVCSLDSDEFAKIKEDKTYKFEIVENEKVVITGNGRTKAGKAFNDKIQSVRDILNQYPSFNDFMLRKLKLNCWVLGARTGYVSVCGVASDYFIVSIPVKSEGFGGDGFPAIPECLTEIKQSEFLMLQGK,length1,558
-3,899034,898431,603,MRGQNRCLRWCVVKARLKCKALRRKKRINVWQPFNILNVMPLLGSCNLWKICLSLRFGKPGKRNRRKAMLRKNLIARIHIGKSQLGLDDETYRQLLVSTTGKTSCTEMKENELQQVLNIMVQKGFKSSRHFWGNRAAPREDKKIYLAKITALLAKHGLPKEYADGIAKRSFKVDFVHWLQPWQLKKVVQMLAVYDRNKKAL,length1,603
-3,896466,896196,270,MQNAWSFIANLALLRPLVKVGCVVWRAILNMEQSTMKFKFLGVFKRVLNWFQKPQKVTQYRPHFYSKNAWSYVSRGKPTAAQMIMWRLCR,length1,270
-3,887874,886953,921,MDKFKKSELLKALDEAFKKDFASGLNVINPQWSEIAMKIASSTETNTYGWLGHFPKLQEWVGKRRLRKMQAQGMQVSNKLFESTVAIPRTNIEDDQVGLFSPMVKQMGQSAAELPDDLVFGLIKQGKSTLCYDGQNFFDDDHPVFAEVDGTGNQTTQSNITKGSAAGKPAFYLLDTTNAVKPFIWQERLTPEIETKFDPSKSDTVFMEDTYIWGVRARGNAGFAFWQLAHRVEDSELTEDVLMGVLAKMKSLKGDGGKLLNIRPNILLVPPALEYTAKRLVEADIINGTSNVLKGTLKVMVSSQIVE,length1,921
-3,886887,886584,303,MAKKQKNKTDDEVKTDSAENTTETDRTLDESDDTPKGNDVIHPIAYAVTLRAIHPQASYGRCGYRFNKESAVEIPVENLTGEQVIMLAEDPWLELIPICEK,length1,303
-3,886572,886143,429,MHYASAEDFVLRVGEVQAIELTDRDLTGQVNDNLLDVALSDSSSQIDGYLAARYTLPLVNVPQNLVRLCCDLARYRLASMSHVTITEEIITRYKLSLKELEDISVGKISLGLPPTENNDANEHDNGVIFTNPKNRIFARDYSN,length1,429
-3,885348,883935,1413,MAEMNIDFDNIPTSLRKPGVYTEYNSRNAVSTLPTNEQNVLIVAPMLNATKAFSAPTPIYSDVDAKNTFGAGSWAHLMARIAIQNNALIRLTVIGLKESDSGVAATGTITLTGTASNAGVLKVVIGGLDYAVAIAKSETAANIAARLNAVINAGEYCPVSATVNEGTVTLTAKCKGEIGNEISVNATLSVNDMAVNVSALANGAENADLAAALASVAGQHYHVIISPFADDKNAKALREHLESVASPVEKKPGIGVLGFNGTLASGTTYTEKINANRITVGWYKGAVESNALIAAGYGAVIAGEEDPAKPLNTLEIKGLTPVDATQTPLKTEVNQALFHGLTPITVVNNRVQIMRAITTYTKSPANVDDPAWLDLTTIRTLDYTRKAIEQRIELRFPRAKLSNRTPPKVRSEILDVLYRLEQQEILENVDANKGKLLVVRNGKDPNRLDTAIPADVVNGLHVVANRIDLIL,length1,1413
-3,883923,883554,369,MEKYAGMAVLEVDGTEIEITDLNVTKQTGRKLVKTMNSEGRARGFAKGITTWELSVTAALPIDGSEIDWAGISDAKITVYPLNQEDKRTSYLGCFTTQVGEKYTVDNEAVIDIQMNALKEVKE,length1,369
-3,879333,878211,1122,MSNNYPYENDITLEVDGKAHNSWKSYDIDSDFLIPADAFKFDLGVPSNSTVLPDFSGAEVKVRINGELVMTGIVDTTQHTISKTNRTYSLNGRDRASILVDCSAPITNVKGLTVLDAVKKIVEPLGIKKVALRAENNPTLDKVDIDVGETAWNAAMRCANSAGLHLWFEPNGELIVGGADYSTPPVATLCCMKDGKRNNFEQADLTFDVSNRFSEVTFLAQSHGKQGQDNKNDLKWVYHDPDMTTYKPKTVVVSDVDNLEALQKWAKKYIADSMLEGFTLTIVVPDHKMQDGTLWQPGQRVHVICEEYAIDAIFFLMGRRFMLSRNAGTQTELRFKQDGIWTPDAYNAKAEKARKRKGKKLMATNGHGSWVAAN,length1,1122
-3,878199,877566,633,MRRLSQAIQQKAQGAAEEIRQAFRGVLHLVKSADNIQKVQASGLADETLQDVELMQQFGFTSVPPANTQAVILPIGGQTTHGIVIATENGSFRVKNLQGGEVAVYDESGSSIVLKKGRLIEIDCDVLKINAATKVDISSPLVETDQVFTAQGQINGNGGMAVQGGSGASFTGNVQQSGGSFTTDGDVEAGIISLRNHKHTGDSGGKTTKPE,length1,633
-3,877494,877146,348,MDREISPLTGDYTSKQISTLANAAYIRLTTPLGSWWADGRVGSLLHLIPREKDLSRIGLIAQQYAEEALQPLIDDGRADEIIVNHTQPHNGVLILDISIRDNRGETYHFKHPVKVI,length1,348
-3,870501,869997,504,MQNKSQLYAKSFANLYIVLEDDAKFKNNFLEVLDFINSDKNTFEFFWLQPDRLKNKRKLISNFGNLSIYQFSKGFAGTTGYYLTPQAARKFLTQSKEWYLTVDVTMDRFFENKVPPYAIVPFCLEDDGEIESTIYEKQKKRRSLKIVIMRELFNLKTNIKRRIYNLFH,length1,504
-3,867684,867003,681,MELVFIRHGFSEWNAKNLFTGWRDVNLTERGVEEAKAAGKKLLEKGYEFDIAFTSVLTRAIKTCNIVLEESHQLWIPQVKNWRLNERHYGALQGLDKKATAEQYGDEQVHIWRRSYDISPPDLDPQDPNSAHNDRRYANIPSDVVPNAENLKLTLERALPFWEDQIAPAMLSGKRVLVVAHGNSLRALAKHIIGISDAEIMDFEIPTGQPLVLKLDDKLNYVEHYYL,length1,681
-3,853431,853080,351,MIQAIEPINVTKTTPCAGVFAIEAIVERNLRICGEVARALPVTTINAICIPKPSKFQKPLPHILTKSTGVLSVNPQAQMNVTKVRNTAKISGSGRYLLTNVVIKRETRLIIIKVLSG,length1,351
-3,851544,850617,927,MAVLRGVKMMDIRHLRYFVSIVDNDFNLSRASQNLYVSQPALSMMITEFENRENIQIFKRASGKIIGLTFAGENYYRDAKEVIKRYNDMRTNLYKSKDCKKGTITIGIPPLVLSAVFSSVLPHLILKNPDINFIIKEIGAYALKSELLLDKVDLAVLLYPERISKNIIDSIEIHSSELALFLSPKHVLAKKQQITWADLHQQKMAIFDQTFMIHHHLKEAFERNNCYPDIVLDSSCWDFLLSAVKTNKELLTILPLPMAELYHSKEFLCRKIESPVPWKVTLCRQRKTVYTHLEEYIFDKLLEAFRPTK,length1,927
-3,850050,849426,624,MIGLVGRKVGMTRIFNEDGVSVPVTVIEIEANRVTQVKTLENDGYTAVQVTTGSKKANRVTKPEAGHFVKAGVEAGRGLWEFRTEGEEFTLGQEINVDIFADVKKVDVTGTSKGKGFQGGVKRWNFRTQDATHGNSLSHRVLGSIGQNQTPGRVFKGKKMAGHLGAERVTVQSLEVVRVDAERKLLLVKGSVPGAINGDVIVKPAVKA,length1,624
-3,849408,848808,600,MELQVVGANALTVSETTFGREFNEALIHQVVVAYAAGARQGTRAQKTRAEVSGSGKKPWRQKGTGRARAGDIKSPIWRSGGTTFAAKPQDHSQKVNKKMYRGAIKSILSELVRQDRLVVVEKFELDAPKTKVLVQKLKDLAVEDALIITASLDENLFLAARNLYKVDVRDVQGIDPVSLIAFDKVIVTVDAVKQIEEILA,length1,600
-3,847008,846303,705,MGQKVHPHGIRLGIVKPWSSTWFANTQDFADNLEGDFKVRKFLNKELANASVSRITIERPAKSIRVTIHTARPGIVIGKKGEDVEKLRNAVSKIAGVPAQINIAEVKKPELDAKLVADSIASQLERRVMFRRAMKRAVQSAMRLGAKGIKVEVSGRLGGAEIARSEWYREGRVPLHTLRADIDYNTAEAHTTYGVIGVKVWIFKGEILGGMAAVAQSEQQPADKPKKAPRGKGRK,length1,705
-3,843753,843444,309,MAAKIRQNDEVIVLTGKDKGKRGKVTKVLPNGKVFVEGINIITKHEKPVPALGKAGGLVKKEAAIDASNVAIFNPKTNKADRVGFRFEDGKKVRFFKSNNEII,length1,309
-3,836001,835617,384,MRHRKSGRQLNRNSSHRQAMFRNLASALVSHEIIKTTLPKAKELRRVVEPLITLAKVDSVANRRLAFARTRNVETVAKLFNELGPRFAQRAGGYTRILKCGFRAGDNAPMAYIELVDRPEVAEATTEE,length1,384
-3,827889,827607,282,MPSLSSCISLLYASGKPFKVINIDVNEPITLPVLPRINSQASGFFFCGINDEPEVTRSDSSTKFASPLLKIIISSAKRERCAILREAIESNSTI,length1,282
-3,818940,818667,273,MLPLVYLNKSNHCSSMLLPHQVLVDFLLRHDEHVLLLTEKVRSILLLFFGIAQLKHLVMLSRQKILLPLHIADGEYCIRLLLNRAVRLNSQ,length1,273
-3,811815,811083,732,MLINFTQVLQDSWNFFRNQKKIMLQFVAILFIVQSASALLSFSVNDENKNDVLNLANTDITSFIFSVAITQILTSFIAAWGLTSIHKISLQNYRTLGETFSLTLRRFAGVIVLDLLMVAPMLLGLGEAFAALLTKKSPSIMSLIAMLVGVWFFVRLNLTVVHYLSTQEALSQTIRKIWMRGNTRKGVLFIYTLLVYFLVPILIFQLSAFSNNAIFDMVIGIFTALLNIFMLVVTYRFYSLFMKD,length1,732
-3,807906,807603,303,MYISRNLEQWNAFLQMLKIAFEENKAQEFLTLLLTADERDAVGLRLQIVSQLIDKNMPQREIQQNLNTSAATITRGSNMIKTMDPDFMQWMKQHLDLIEKN,length1,303
-3,803247,802248,999,MCKIFKTGLKMTALNHWQPSADIKNLLKRAKIIAEIRQFFTERGLLEVETPVLSEFGVTDLHLSTFSTEFLAPFGEQSKTLWLSTSPEYHMKRLLAAGSGPIFQISKVFRNEEAGNRHNPEFTMLEWYRPHFHMHRLINEVDDLLQQILDCPPAESLSYQFVFQEYVGLDPLSAERSELIEAARKHNFMAEDNEDRDTLLQFLFSEVVEPQIGKERPIAVYHFPSTQAALAQVSPEDQRVAERFEFYYKGLELANGFHELADAQEQRHRFELDNQQRQKCELPTREIDERFLAALEAGMPDASGVALGIDRLMMIALDCEKINDVISFAVDNA,length1,999
-3,795504,794781,723,MVQINMSQFLVSKKITKKILKPHCSVLAVSLNKRKEMKKVLLALGLGVSTLMSVNSFAADLQEGKQYVQVSQQASQQKEVIEFFSFYCPHCYAFEMEYKIPQQVVDALPKDVKFKQYHVNFLGHQSENLTRAWALAMALGAESKVKSPLFEAAQKDALKSMDDIRAIFLSNGITAEQFDGGINSFAVNGLVNKQVNAAEQFKVRGVPDFYVNGKFRVNPEGLNYDDFVKDYVQTVKGLLQK,length1,723
-3,794238,793149,1089,MQLPISQYNELLQKKLEKLTALLHPFNAPDIQVFDSPTSHYRMRAEFRIWHEQDDFYHIMFDQATLQRYRVDEFPIASMLINRMMQTLLPLLKQQEVLHKKLFQIDYLSTLSNKIIVSLLYHKTLTEEWESAAKNLKDLLEKQDFDVQIIGRASKQKICFEQDYVDEVLPVNGRNYVYRQVENSFTQPNATVNCKMLEWAIDCTQNSEGDLLELYCGNGNFSIALAQNFRKVLATEIAKPSVAAAQFNIAENKVDNLQIIRMSAEEFTQAMNGVRAFNRLKGIDLKSYECNTIFVDPPRAGLDPDTVKLVQNYDRILYISCNPHTLCDNLVELSKTHRIEKAALFDQFPYTDHMESGLWLIRK,length1,1089
-3,789498,787851,1647,MLMKLKATLTLAAATLVLAACDQSSSANKSTAQTEAKSSSNNTFVYCTAKAPLGFSPALIIEGTSYNASSQQVYNRLVEFKKGSTDVEPALAESWEISDDGLSYTFHLRKGVKFHTTKEFTPTRDFNADDVVFSFQRQLDPNHPYHNVSKGTYPYFKAMKFPELLKSVEKVDDNTIRITLNKTDATFLASLGMDFISIYSAEYADSMLKAGKPETLDSRPVGTGPFVFVDYKTDQAIQYVAHENYWKGRTPLDRLVISIVPDATTRYAKLQAGTCDLILFPNVADLAKMKTDPKVQLLEQKGLNVAYIAFNTEKAPFDNVKVRQALNYAVDKKAIIEAVYQGAGISAKNPLPPTIWSYNDEIQDYPYDPEKAKQLLAEAGYPNGFETDFWIQPIIRASNPNPKRMAELIMADWAKIGVKTNPVTYEWADYRKRAKEGELTAGIFGWSGDNGDPDNFLSPLLGSSNIGNSNMARFNNSEFDALLNEAIGLTNKEERAKLYKQAQVIVHNQAPWIPVAHSVGFAPLSPRVKGYVQSPFGYDAFYGVSVDGK,length1,1647
-3,782847,782286,561,MNTQKRQQIRAEIRKIRANLTALQQQQAAQSVTQQALNLIEQRQAKNIALYFSFDGEISTKALIQSLWMQNKNVYLPVLHPFTKHYLLFLRYLPDTPMKQNQFGIWEPKLNVQNVLPLNELDILFTPLVAFDKKGNRLGMGGGFYDRTLQNWQNKSFIPVGLAHQCQQVENLPTEHWDVPLFDILVD,length1,561
-3,779355,779010,345,MVSVASPAVPTTQILWFCCKSRSVRERLVTRINGTVSAAPQATLRAIDVNCADLSFGTITATAPAASAVRRQAPKLCGSVTPSKTNKSGFCLFARISSRSFSLSSFAACTRAMTP,length1,345
-3,769992,768951,1041,MSNTNRTILVTGGAGFIGSALVHYLLEKTHNKIVNVDKLTYAGNLASLKTVENHPRYAFVQADICDTKALSYIFSQYQPDAVIHLAAESHVDRSINASSEFIQTNIVGTYCLLESTLDYWHRLDNQKKSSFRFLHISTDEVYGDLKSNEGLFTETSAYKPSSPYSASKAASDHLVQAWYRTYGLPTIITHSSNNYGPYQYPEKLIPLMILNAIEGKTLPIYGDGLQIRDWLFVEDHIDALYNVLMKGNIGETYNIGGNNEKSNIDVVRSICSLLEEFLPNKPKHIDKYEDLICYVQDRPGHDLRYALDTSKINHKLGWIPKETFESGLRKTVIWYLNHQEWCQKVSE,length1,1041
-3,759555,757818,1737,MKKLFLFFTLIFTAFAANSGLFDKKQTFLKVDDAFAFSATLSTDKSQLQAHWDITDGYYLYQDKISAELVGKSNPLSLHTQQAAELHQDPYFGEVKVFTHSIDGIFRGTFNNADDKVEITYQGCTEGFCYPPETKVLRIGDLAVSQKQIVEKTVEKNTALLSEQDRLADGLFHSKWTIFGFFVLGLGLAFTPCVLPMLPLLSAIVIGQQQRPNMMRAFSLAFLYVQGMALTYTLLGLAVAAIGLPFQIALQHPYVMIGLSILFVALALSMFGLFTIQLPNSLQNKLNTWSQKQTSGAFGGAFAMGMIAGLVASPCTSAPLSGALLYVAQSGDLFTGAVTLYLLALGMGVPLMLITLFGNKILPKSGEWMNTVKQTFGFVMLALPVFLLSRILPEVWEPRLWAGLATVFFIWFALQMSKNGFGYAIKIISFALAMVTVQPLQNWIWQTQTTTQSAVENMPVSQVKFKQIKNTEELDRTLAENPHSIAMLDLYADWCVACKEFEKLTFSDPQVQQQFQNILLLQVNMTKNSPENKALMERFNVMGLPTILFFDQQNNEIKGSRVTGFMDADAFSNWIEKLL,length1,1737
-3,757704,757302,402,MNNLEKYRPYFLAFLRIVVAYMFILHGTAKFLEFPISMTGGNGAVGDPMLLVAGVIEIVGSILLILGLFTRQAAFILSVEMAYAYFFLHVAGKGNLFFPIANGGELALLYSLLFLYFVFSGAGACALDNKFFKK,length1,402
-3,755418,754131,1287,MNILIIGNGGREHALAWKVAQSPLADKVFVAPGNAGTALEHKVENVNISATDIPALVKFAQDKQIGLTIVGPEAPLVIGVVDAFREAGLKIFGPAKAAAQLEGSKAFTKDFLARHKIPTAEYQNFTEVEPALTYLREKGTPIVVKADGLAAGKGVIVAMTLQEAEDAVRDMLSGNAFGEAGSRVVIEEFLDGEEASFIVMVDGKNVEPMATSQDHKRVGENDTGLNTGGMGAYSPAPVITPEIHSRIMKEVIYPTVNGMAAEGSVYTGFLYAGLMIMPNGQPKVIEFNCRFGDPETQPIMLRLKSDLVELCLKACDGKLDEVISQWDPRASLGIVLAAEGYPKDYRKGDEISGLPKSAVKNEKVFLAGVAEQEGKLVTNGGRVLCVTALGESVFEAQQKALKLAEQIQWSGRFYRRDIGYRAVEREQAK,length1,1287
-3,750006,748761,1245,MQQDYLSQQRFSALPLHPIVRGALAKKGFDFCTPIQALSLPISLNGRDVAGQAQTGTGKTMAFLTATFHHLLTHQDPNLEYPHPRTLILAPTRELAVQISNDAEFLAKASGLKTALAYGGDGYDKQLQVIERGVDILIGTTGRVIDYVKQGVIGLDEIQVVVLDEADRMFDLGFIRDIRYLLRKCPAPQARLTMLFSATLSYKVRELAFEDMNDPEYIEIEPEQKTGHRIKEELFYPSNQDKMALLLTLMEDEWPERCIVFANTKHRCEEIWGYLAADGHRVGLLTGDVAQKKRLSLLKQFTDGDLDILVATDVAARGLHISDVTHVFNYDLPDDREDYVHRIGRTGRAGESGVSISFACEEYAMNLPGIEEYIGHSIPVSQYETEALLELPKPYRLKRAVPPQGHTRHRSYHTK,length1,1245
-3,743238,742626,612,MQQAITQQEKAQPKSVLPNRPEEVWSYIKALETRTVPVDNNPASVEQNMRLTEEQRQVLIQIERDQKAADEARKLAEQQRIEDATRTQSKKTEDMKNTEAEIVKLESIKKQDSQKIESAKKVEQIKTVNNVRDSKKFGLQCGAFKNRAQAENLQGRLQMTGLNAQIQTNGEWNRVRVVSFDTRELAVQAQSRAKTVTDCVVIGM,length1,612
-3,737364,736572,792,MFTFILLCLLVGALAGFLAGLFGIGGGLVIVPTLVYLLPIVDVPESLLMSTALGTSFATIVITGIGSAQRHHKLGNIVWQAVRILAPVIMFSVFICGLFIGRLDREISAKIFACLVVYLATKMVLSIKKDQVTTKPLTPLASVIGGILIGMASSAAGIGGGGFIVPFLTARGINIKQAIGSSAFCGMLLGISGMFSFIVSGWGNPLMPEYSLGYIYLPAVLGITATSFFTSKLGASATAKLPVSTLKKGFALFLIVVAINMFLK,length1,792
-3,733524,730821,2703,MSILTRIFGSRNERVLRKLKKQVVKINKMEPAFEALSDDELKAKTQEFRDRLSGGETLQQILPEAFATVREASKRVLGMRHFDVQLIGGMVLTNRCIAEMRTGEGKTLTATLPCYLIALEGKGVHVVTVNDYLARRDAETNRPLFEFLGMSVGVNIPGLSPEEKRAAYAADITYATNSELGFDYLRDNLAHSKEERFQRTLGYALVDEVDSILIDEARTPLIISGQAENSSELYIAVNKLIPSLIKQEKEDTEEYQGEGDFTLDLKSKQAHLTERGQEKVEDWLITQGLMPEGDSLYSPSRIVLLHHVMAALRAHTLFEKDVDYIVKDGEIVIVDEHTGRTMAGRRWSDGLHQAIEAKEGVDVKSENQTVASISYQNYFRLYERLAGMTGTADTEAFEFQQIYGLETVVIPTNRPMIRDDRTDVMFENEQYKFNAIIEDIKDCVERQQPVLVGTISVEKSEELSKALDKAGIKHNVLNAKFHQQEAEIVAEAGFPSAVTIATNMAGRGTDIILGGNWKAQAAKLENPTQEQIEALKAEWEKNHEIVMKAGGLHIIGTERHESRRIDNQLRGRSGRQGDPGSSRFYLSLEDGLMRIYLNEGKLNLMRKAFTVAGEAMESKMLAKVIASAQAKVEAFHFDGRKNLLEYDDVANDQRHAIYEQRNHLLDNDDISETINAIRHDVFNGVIDQYIPPQSLEEQWDIKGLEERLSQEFGMELPISNWLEEDNNLHEESLCERIVEIAEKEYKEKEALVGEDAMRHFEKGVMLQTLDELWKEHLASMDYLRQGIHLRGYAQKDPKQEYKKESFRMFTEMLDSLKHQVITTLTRVRVRTQEEMEEAERARQEMAARINQNNLPVDENSQTTQNSETEDYSDRRIGRNEPCPCGSGKKYKHCHGSRVARQ,length1,2703
-3,726480,725631,849,MAEITASLVKELRDRTGAGMMECKKALVEANGDIELAIDNMRKSGQAKAAKKAGRVAAEGVILARVENGFGVLVEMNCETDFVAKDAGFLGLANEVADFAAANKGTTIEALQAQFEEKRAALVAKIGENMNIRRVAYLDGQVIAQYLHGAKIGVLVAGEGSADELKKVAMHVAASKPEFVNPEDVSAEVVEHERQIQIDIAINSGKPKEIAEKMVEGRMKKFTGEVSLTGQAFVMDPSVSVGDFLKSVNTSVSNFIRLEVGEGIEKKEEDFAAEVAKITGGNA,length1,849
-3,715443,714942,501,MIKSIKTLLLIATLAILSACGWHFQQSVTMPNEWRTLALESDDPYNDFTVIMRRKLQENQVNIVNVKQNIPILRINKQITSDQVASIFKHGREAEKLLILEVEATFRLANGESYPINAKVNRTFFDNARAALAKSEEREVIWNDMREQVARQLIVKIIALQNQIKSK,length1,501
-3,708186,706662,1524,MSSQCPFSHLAATNLTMGNGAPVADNQNSLTAGPRGPLLSQDLWLNEKLADFVREVIPERRMHAKGSGAFGTFTVTHDITKYTRAKIFSEVGKKTEMFARFTTVAGERGAADAERDIRGFALKFYTEEGNWDLVGNNTPVFFLRDPRKFPDLNKAVKRDPRTNMRSATNNWDFWTLLPEALHQVTVVMSDRGIPASYRHMHGFGSHTYSFWNEAGERFWVKFHFHTQQGIKNLTDAEAAAVIASDRESHQRDLYEAIERGDFPKWTLFVQIMPEADAEKVPYHPFDLTKVWPKKDYPLIEVGEFELNRNPENFFADVEQSAFAPSNLVPGIGASPDRMLQARLFNYADAQRYRLGVNYRQIPVNRPRCPVHSNQRDGQGRVDGNYGSLPHYEPNSFSQWQQQPDFAEPPLRINGDAAHWDYRNDDNDYFSQPRALFNLMNADQKQSLFNNTAAAMGDAPDFIKYRHIRNCHWCDAAYGEGVAKALGLTVEDALKARDTDPALGQGGLL,length1,1524
-3,696819,696309,510,MQKGVTLVELLIGLAIISIVLSFVVPLWQTDSPKTILAKEQHRLYLFLRQIQVRAENSSEVWFLLINRNLATQQWCLTAQVKNNQTCDCLNPINCPKEVYAHFYYPYFPNKTMIQSHHIYPKEITRFDGIRNTIVTRCFILQAENERTLFLFFNVGSIRLKTNQFDSACN,length1,510
-3,681945,680745,1200,MNLNGKRVVVGITGGIAAYKTIELIRLLRKAEAEVRVVLTPAAAEFVTPLTLQAISGNAVSQSLLDPQAELAMGHIELAKWADAIIIAPASADFIARLTVGMANDLLSTICLATDAPIFLVPAMNQQMYHQSITQQNLTTLQTRGIELIGPNSGFQACGDMGKGRMSEPEEIFTALSDFFSQKQDLQGLNVAITAGPTREAIDPVRYISNHSSGKMGFAIAEAFAKRGANVTLISGPVNLTTPKNVNRINVISAQEMWQASLESAVKNQIFIGCAAVADYRVAEVAEQKIKKSGDEISIKLIKNPDIISDVGHLKTHRPFTVGFAAETQNIDDYAKDKLERKNLDMICANDVSGGQVFNADENALQLFWKNGHKKLSLKSKVELAADLVNEIIERYQKTL,length1,1200
-3,667497,666510,987,MAQKSFNLYRYSIPVDSQLILRDRFLKRREGLIVRVSCSRDGWGEIAPLPGFSEETLDQTQEQAIEWLTTWCNASCDAPRVPLDGTYPSVAFGISCAMDEMKGYLQAEGNYHTAPLCCGDPDELYAKLASMEGEKVAKMKVGIYEANRDGLIADMFLEAIPDLQLRLDANRHWSLEKALQFAAKVKPQHRKRIQFLEEPCKTQELSREFAAQTDIAIAWDESVREPNFCLEKEPHLSAVVIKPTLIGSIQRCTELINQAHSLGLKAVISSSIESSLGLSQLARIAQQYTPNVTPGLDTLDLMEYQVLRAWPNSNLPIVNLESEFITKII,length1,987
-3,663399,661947,1452,MNLGIILPLIIYLTFVFGAAIFAYVKRTKGDFLTEYYVGNRSMTGFVLAMTTASTYASASSFVGGPGAAYKYGLGWVLLAMIQVPAVWLALGALGKKFALLSRETNALTINDLFFYRYKNKYLVWLSSLALLLAFFAAMNVQFIGGARLLETTIGISYTQALLLFALTVGIYTFIGGFRAVVLTDTIQGTVMIFGTIILLVGTIYALGGVESAVNKLTEIDPDLVTPYGPNGMLDFQFMASFWILVCFGVVGLPHTAVRCMAFKDSKALHRGMLIGTIVLSIIMLGMHLAGALGRAVIPNLTVSDQVIPTLMLKVLPPIVAGIFLAAPMSAIMSTIDAQLIQSSSIFVKDLYLSTKPEAAKNEKKVSYFSSIITLILTALLIFAALNPPDMIIWLNLFAFGGLEAAFLWVIVLGIYWDKANAYGALSSMIIGLGSYILLTQLGVKLFNFHQIVPSLAFGLIAFLVGNKLGERRIEKTQLKATAL,length1,1452
-3,661824,660954,870,MLYQILALLIWSSSLIVGKLTYSMMDPVLVVQVRLIIAMILVMPLFLRRWKKIDKPMRKQLWWLAFFNYTAVFLLQFIGLKYTSASSAVTMIGLEPLLVIFVGHFFFKDKAKWFHWLFGAMAFIGVAILINGGKNNEGIDNVSLLGCLLVLSAGIIFATVLRWTRRVVAKVSTQVYTSISIVLGVITTLPFTLLLTENWQISLNSTGIVGLLYLALGCSWLAYWLWHKGLNTVDANISGILLALEPLFGILFAVSLLGETLSFSAVLGITIIMLATLGSILLPKLLKKSV,length1,870
-3,658857,658560,297,MLEQQRNPADALTVSVLNAQSQVTSKPLRDSVKQALRNYLAQLDGQDVNDLYELVLAEVEHPMLDMIMQYTRGNQTRAANMLGINRGTLRKKLKKYGMG,length1,297
-3,650742,649335,1407,MAKTLYEKLFDSHIVYEAEGETPILYINRHLIHEVTSPQAFDGLRVANRQVRQVNKTFGTMDHSISTQVRDVNKLEGQAKIQVLELDKNTKATGIKLFDITTKEQGIVHVMGPEQGLTLPGMTIVCGDSHTATHGAFGALAFGIGTSEVEHVLATQTLKQARAKSMKIEVRGKVASGITAKDIILAIIGKTTMAGGTGHVVEFCGEAIRDLSMEGRMTVCNMAIEMGAKAGLIAPDETTFAYLKDRPHAPKGKDWEDAVAYWKTLKSDDDAQFDTVVTLEAKDIAPQVTWGTNPGQVISVNETIPNPQEMADPVQRASAEKALHYIGLEAGTNLKDIKVDQVFIGSCTNSRIEDLRTAAAVMKGRKKADNVKRILVVPGSGLVKEQAEKEGLDKIFIAAGAEWRNPGCSMCLGMNDDRLGEWERCASTSNRNFEGRQGRNGRTHLVSPAMAAAAGVFGKFVDIRDVTLN,length1,1407
-3,634266,632820,1446,MKNGVKQLSLLSLIGLSLTNVAWAEVARPKNDILTNTVQSAELKTSSFSSMTKKEIPNRHIISLSKSQLAHHPRLVLRGLIPALYQNNTQAVQLLLPLYKQFPQQDNFLLTWAKAIEAREQGDLTQSIAYYRELFARDASLLPLRYQLAQALFFNYENESAKIQFEKLRTEVDDEKFLGVIDQYLLTLNQRNQWIWQVGLNFLNDDNLNNAPKSGTKIGSNWTAWEKESGQGVGYSLSVEKKWPWADHFFSKTMFNGNGKYYWDNKKYNEATFRIGGGLGYQTALVEVSLFPFQEKRWYAGGSSGTNTMKQYADKLGIRLENVDWLSKTWQISTALEYGESRYKIRKHLDGNYYFVSSTLFYLPKSTQFWFAGMDFHRENTQALDNAYQQKTLRLGWGQDWSHGISSRLTFSYANRVYREKDLIGIQQKNREYTTTITLWHRNIHFMGLTPKLSWDYQKSTSNHAFYRYDKNRIYLEIGKIF,length1,1446
-3,628635,626769,1866,MLIEKMHNLTNSKISKFILGLITVSFLVGGMSGYLFSSNDTYAAKVNGEVISQQDFLNRYNQEFEIRAQREGEAFMGQSDSPEFVTALRQNIVNLMIDQELLRQYVKELKLGVSDEMIKRAIVTDPNFQVKGKFDNSVYQRILQQNHLTSDGYASILRASLPLEQIQNGVANSEFIVPAQVKNSAEIFFQKRLARLATLSLADEMAKQSVSDDEIKTYYEANQKSFVQPEQVKVQYIDLSADNISKNLQVTDIEIAQYYQDNKAQFMTQRLAHIQFANEQDAKVVYEELQKGANFADVAKTKSLDKISGENGGDLGWVNANELPKAFEDAAAALQVGQYSQPINVDGNYHIVLVQERKAQSLENVKAQIADLVRKSLMESRYFSLEKQASDKAFEDSKSLNTAAQAAGVKVQESGYFSRQNVPAGLNFPNVIYTIFESDSTNIGMNSEPINVGDYHTIIVRVLDRKAEGVKSLEEAKIDIETFLKRQKAENVLNEKAQQAVKKLSENPESKIDGINFSSEQTFTLSENKDPILTNGIFSIAKPKSNEALYQVVHNSNGDVVVVALNKVEQGSLSEKELSQFGMQLLRSHQSELQVQLIQGLRERAKIEVNDSFINQDDEVQQ,length1,1866
-3,626679,625122,1557,MMFGKKIIHSKTIWFYFLLFLFSIFTNMGLGNVLSENIPVSDYAILFVITAISFYFTPWVGRILITVLFLSALFYCSAGFFYGIPSLGIIASVYETNINETLEYYTTIPFWIFLFQASYFILFVALMKLSFYFKRQAFKWLNTAVISLLLVFSYNQFSDWNYAYKFRFYPVLFYSEFDRMNDLYLEQRDFLNQSANAPSQWDIQSFMPKYKNYILIIGESMRKDYMSLYGFPLKTTPFLERVKGTVFENYYSAAPNTQPSLQLTLYRADKGETVYTDNIISLAKKAGVKTYWISNQGKIGEFDTIASRIGQSADETIFMKPLGYNSKKVYDDEMLPVLDKALKENITNPKLIVIHLMGSHPAFCERLPYEVKNYFINQSMSCYLESIKYTDQFLEKLNSQLVSQNEPYSVIYFSDHGLAHYEDSEGLSLHPNNLYKQDYEIPFVMFSSDSQKVEKIKTPQSAFNFVYGFADWMGIKEKHLQGVDFFHPEKQEIKVFDWNNVVNVKELADDPAKLPETVQ,length1,1557
-3,625050,624537,513,MSKKSGLSFLWLSTVAFVVDLLTKYIVVQKFDLYESVNVLPVFNLTYVRNYGAAFSFLADHSGWQQYFFILLALAISGMLVYFLVKNNAEQKIQNSAYALIIGGALANMVDRAYNGFVVDFFDFYWDIYHYPVFNIADIAICIGAGLLALDAFKSEKKKVQDKQVEKCGQK,length1,513
-3,623424,623079,345,MKLMKTLFTSFVLCGSLAAGSTFAEDKVVEQTTQAVVTTQTDSQVAPAMMGDKLNINIATASEIQKSLTGIGAKKAEAIVQYREKHGNFTNVEQLLEVQGIGKATLEKNRDRIIF,length1,345
-3,622830,621834,996,MKLLKLTLISTALFSTAALAQSQQSVNVYSYDSFTSEWGAGPKVKQDFEKAHPQCTINFTPFESVGVLLNRVRLEGKKTKADIVLGLDNFFLEQAEKTGIFAPNNVDLTQLDLPTKWTNKTFLPFDFGNYAFVYDKTKLQNPPKSLKELVERQDLRVIYQDPRTSSVGRGLLVWMNVIYPEDKIQSAWKNLDKHTVTVGKGWSDTYGAFLKGEADLVLSYSTSPLYHQLFEKKDNYAATDFAEGHITQVELAARVANHPNQCADDFMAFLISPTAQKHIVTANIMLPVIQGEIEPHFDALKVQQKTQTPINPTVNAEQLKNWISTWQTTLTK,length1,996
-3,619467,618468,999,MLAEKLQINSITPHPSVEYWSVCKVEALFETPFLELVYRATQVHRKHFNPRAIQLSTLMSIKTGGCPEDCSYCPQSARYHTGVQNQQLLDVDEIVAKAKIAKARGAGRFCMGAAWRGPKPKDIEKVTEIIKAVKSLGLETCGTFGLLQDGMAEDLKEAGLDYYNHNLDTAPEHYAEVIGTRRFDDRLSTLGKVRKAGLKVCCGGIVGMNETRKERAGLIASLANLDPQPESVPINQLVKVEGTPLADAEELDWTEFVRTIAVARITMPKSYVRLSAGRSGMTEEMQAMCFMAGANSIFYGDKLLVTDNPEEDGDQLLMAKLDLEPETAENKKL,length1,999
-3,615963,615021,942,MQIQCFESITQKYPQFPTALLANEEPIQNGEPFILYGTKLDITKLEKFQQKCGQNFQIFDVWMVAKNIIVLLKGQWFSDFIKFAHDVEVDIAKLDFSPKLSQAGLLVMDMDSTAIQIECIDEIAKLAGVGELVSAITESAMRGELDFEQSLRCRVGTLKGAPESILQQVRENLPLMSGLVETIQTLQKYGWKTAIASGGFTYFADYLKALLQLDFAASNQFDIEDGKLTGLVKGDVVDAQYKAKTLQHLLEEYGIYSQHSIAIGDGANDLAMMNVAGLGVAFHAKPKVQQQAQIVVNFADLTALLCLLSANDRI,length1,942
-3,614214,613269,945,MINAFAINDSRLVRIDEDQTDLNTAIWLDLLEPTGEEREILQEGLGQSLASFLELEDIEASARFFEDEDGLHLHSFFYCEDEDNYADLASVAFTIRDGRLFTLRDRELPAFRLYRMRSRSQRLLECNSYEVLLDLFETKIEQLADVIENIYADLEELSRVILNGKQDEAFDEALNTLTEQEDTSSKVRLCLMDTQRALGFLVRKTRLPTNQLEQAREILRDIESLQPHNESLFQKVNFLMQAAMGYINIEQNKIMKFFSVVSVMFLPATLVASTYGMNFDFMPELHFKYGYPMAIGLMIAAALTPYIYFRRKGWL,length1,945
-3,607158,606720,438,MILSAGTITPKSMTSKLLHCITTLTMFLPISCTSPFTVAITTLALLEPFCLVALINGSKYATDCFITRADFTTCGRNILPSPNKSPTTSMPAINGPSITSSGLGNVWQVVIPFTRACFKSSPTGQVHHSATESTALFLNFSPLKSA,length1,438
-3,600063,599703,360,MTTYLKNSNKSFWVAIAAALSAAVASTLCCIAPLIYLVFGVSSTWLIGLGEYDYLRIPMLIISLCAFAYGFWLLMFSKKIICSKYISRKKLIVLYWIVFIVMIFFLTYPTILPWILELAN,length1,360
-3,596358,596019,339,MFADWKEHTSHVKKSFGALGKQHPKMLQAYQALGSAAEEGNVLDAKTRELIALAVAVTTRCESCISVHAEEAVKAGASEAEVAAALATAIALNAGAAYTYSLRALEAYSVQKG,length1,339
-3,578049,577758,291,MRAVPGSITYLMPGTVNEVSATLVANTMRFKPLGWKILFCSCADKRAKSGRISVCFRFCFCKASAVSRISRSPFIKIKISPRLSACNSSTALRIPCS,length1,291
-3,575748,575409,339,MTTKTTAKISINVNVNSLEVESHINKLCSGCELEGITNGNIDTAAVIITPAIVNAEKKNAKPQRFALENAAFNNAATTAKAGKIQRIGISLKFLNHAPVSTATSLFIGDDGAK,length1,339
-3,560676,560013,663,MIFLEIIKRELQIAMRKNAEILNPLWFFLLVITLFPLVIGPEPKLLSRIAPGIAWVAALLSALLSFERLFRDDFIDGSLEQLMLTAQPLPMTALAKVVAHWLLTGLPLILLSPIAALLLSLEVNIWWALVLTLLLGTPVLSCIGAIGVALTVGLRKGGVLLSLLVVPLFIPVLIFASSILEAAGLNVPYGGQLAILGAMMVGAVTLSPFAIAAALRISLDN,length1,663
-3,558966,558447,519,MNPRRKSRFKLVIFVVLGIAIASGLMLYALRQNIDLFYTPSEVIQGKDNNPNQKPEVGQRIRVGGMVVEGTVVRDPKSLKVRFDLNDIGPAITVEYEGILPDLFREGQGIVAQGVLTQSAVLSATEVLAKHDENYVPPELGEKMQKVHKPMGIKAADLKGESERDRQEKEGAK,length1,519
-3,556359,555816,543,MKKKLLVPLILFLSITIAFLVQLKRNAQGEDIKALESALVGKPVPEKNLTELFENKAYTNELFQQGKPVLLNVWATWCPTCYAEHQYLNKLAKEGVRIIGLDYKDESPKAMKWLKDLGNPYQVVLKDEKGSFGLDLGVYGAPETFIVDGKGVIHYRYAGDVNEKVWTQTLKPIYDKLSEQQ,length1,543
-3,553821,553515,306,MYLMRKIVFVSCVILGLAACSSQPEQIGGGVYDMKTVQEYNARVISGNTVTQTQKDKITQQIDTSLKLNQSDNKVKTRTRRVLPVLPVTPSVGYHYNYHYFR,length1,306
-3,550245,549429,816,MLNLNELKSGFHYFVMGWHFITQKGLRRFVIIPILLNTILLCGLFWLFISQISSAIDWVMNFIPDWLSFLSVILLTLSILTILLLFYFTFTTFSGFIAAPFNGLLAEKVEKMLTEENINDDSLVDIMRDVPRMLAREWQKLRYSLPKIIALFLLSFIPLVGQTIVPVLTFLFTCWMMAIQYCDYPFDNHKVSFDIMKNALGNQRTQSLTFGGLVTCCTFVPVINLLIMPVAVCGATLMWVENYRNDLGFNMNRSFSSQTGLDVRSENTGIVK,length1,816
-3,548130,546909,1221,MTNKVNSYGWKALIGSAVGYAMDGFDLLILGFMLSAISADLNLTPAQGGSLVTWTLIGAVFGGILFGALSDKYGRVRVLTWTILLFAVFTGLCAIAQGYWDLLIYRTIAGIGLGGEFGIGMALAAEAWPARHRAKAASYVALGWQVGVLGAALLTPLLLPHIGWRGMFLVGIFPAFVAWFLRSHLHEPEIFTQKQTALSTQSSFTDKLRSFQLLIKDKATSKISLGIVVLTSVQNFGYYGIMIWLPNFLSKQLGFSLTKSGLWTAVTVCGMMAGIWIFGQLADRIGRKPSFLLFQLGAVISIVVYSQLTDPDIMLLAGAFLGMFVNGMLGGYGALMAEAYPTEARATAQNVLFNIGRAVGGFGPVVVGAVVLAYSFQTAIALLAIIYVIDMLATIFLIPELKGKALD,length1,1221
-3,541650,540297,1353,MRKISSPREENVMTTYFDKIEKISFEGEKSTNPFAFKHYDANQVILGKTMAEHLRLAVCYWHTFCWNGNDMFGLGSLERSWQKNPNVLAGAEQKADIAFEFLNKLGVPYYCFHDVDIAPEGNSVREYVQNFHHIVDILERKQVETGVKLLWGTANCFTNPRYMSGAATNPNPEVFAWAATQVFNAMNATQRLGGENYVLWGGREGYETLLNTDLKREREQIGRFMQMVVEHKHKIGFKGTLLIEPKPQEPTKHQYDYDVATVYGFLKQFGLEKEIKVNIEANHATLAGHTFQHEIATACALDIFGSIDANRGDPQLGWDTDQFPNSVEENTLVMYEILKHGGFTTGGFNFDAKIRRQSIDPYDLFYAHIGAIDVLALSLKRAAKMLQEKTLQKIVNARYAGWNSELGQHILQGKTSLETLAQLVQQKDLAPKPVSGQQEYLENLVNQVIYS,length1,1353
-3,538566,538281,285,MEWFQSRLFRGISLPHQPPHGNFLHFLYQGCKYPKYHFANTKYSLQPHRLHKQNHGGILRCLQIILDFRLLRFGYSSGMPHSPLNLYDFHAARKH,length1,285
-3,534054,533178,876,MAIQMTTKTTYQWPQSKDIYPYRPGRFDAPKHWRYNLRSFLNRGSIRRFEQFINQHPFLVDIFNTHLDYSYPVACRFLDKRFNASQRFHAVCENLLFLPEKLTALSTPLWEKPLSFGEVIPDFEMTLSMTTHQPMEGYWVLELWHKPRNELVYLLTFAKLGDALLIAVVQGPNFEGSKEMVKQLTKLCHGLRPAYLMVETMKSLTKILDYDKLLGIPQKYQNKSRFIQSKQYTVDYDAIFGESGGELKDYWELPLEMDRNLDDIPSKKRSMYRKRYAMLDDLAKVIEEKLGL,length1,876
-3,531507,531201,306,MSCSPIFMYGLSDVIGSWKIMEICSARILFNSAFGKLTNSFPSKMAEPSTSPLAANKPIKAKAVCDLPDPLSPTMPSVLPAFSVKFKSFTAVTTPSGVLKRT,length1,306
-3,521688,519858,1830,MVKFNSSRKSGKSKKTIRKLTAPETVKQNKPQKVFEKCFMRGRYMLSTVLILLGLCALVARAAYVQSINADTLSNEADKRSLRKDEVLSVRGSILDRNGQLLSVSVPMSAIVADPKTMLKENSLADKERIAALAEELGMTENDLVKKIEKNSKSGYLYLARQVELSKANYIRKLKIKGIILETEHRRFYPRVEEAAHVVGYTDIDGNGIEGIEKSFNSLLVGKDGSRTVRKDKRGNIVEHISDEKKYDAQDVTLSIDEKLQSMVYREIKKAVSENNAESGTAVLVDVRTGEVLAMATAPSYNPNNRVGVKSELMRNRAITDTFEPGSTVKPFVVLTALQRGVVKRDEIIDTTSFKLSGKEIVDVAPRAQQTLDEILMNSSNRGVSRLALRMPPSALMETYQNAGLSKPTDLGLIGEQVGILNANRKRWADIERATVAYGYGITATPLQIARAYATLGSFGVYRPLSITKVDPPVIGKRVFSEKITKDIVGILEKVAIKNKRAMVEGYRVGVKTGTARKIENGHYVNKYVAFTAGIAPISDPRYALVVLINDPKAGEYYGGAVSAPVFSNIMGYALRANAIPQDAEAAENTTTKSAKRIVYIGEHKNQKVN,length1,1830
-3,519846,518382,1464,MKKLTALFNLPELKNDIELHNMVLDSRKVKAGDLFVAIKGHQVDGNQFIDSALHSGASAVVSETELSSEHLTVAFIRNVPVVKYYQLARHLSSLADVFYDSPSKNLTLVGVTGTNGKTTISQLLAQWAELLGHRAAVMGTIGNGLLGQIVEAKNTTGSAVEIQSSLSTFKHAGADFTSIEVSSHGLAQHRVEALHFKAAIFTNLTRDHLDYHQSMENYAAAKKRLFTELDTQIKVINADDEIGYQWLTELPDAIAVSMNADFKVGSHQWMKAINIHYHFKGADITFESSWGNGVLHSPLIGAFNVSNLLLVMTTLLSFGYPLENLLATAKSLKGVCGRMEMIQYPNKPIVIVDYAHTPDALEKALIAAREHCQGELWCIFGCGGDRDRGKRPLMAQVAEQFAEKIIVTKDNPRTEPQSQIEADIVAGFKNMEKVGIIPDRAQAIQFAIESAVENDVILIAGKGHEHYQIIGSEVVHFSDQEIALDFLK,length1,1464
-3,516999,515919,1080,MLVWLAEYLVRYETAFNAISYITVRAILALLTALFISLWIGPKVIKRLQILKFGQEVRNDGPESHFAKKGTPTMGGVMILFSIGVSTLLWANLANSYIWVCLFVLFGYGAIGFVDDFRKITRKNTDGLIARWKYFWMSVVALVAILWLYWLGHDTDATRLVIPFFKDIMPQLGLFYIVLSYFVIVGTGNAVNLTDGLDGLAIMPTALVAGAFALIAWATGNVNFAEYLHIPYIKYSSEVVVFCTAIVGASLGFLWFNTYPAQVFMGDVGSLALGGALGVVAILVRQEFLLVIMGGVFVVEALSVILQVGSYKLRKQRIFRMAPIHHHFELKGWPEPRVIIRFWIISLMLVLMGLVTLKLR,length1,1080
-3,515805,514494,1311,MNAYQNKNITIIGLGKTGLSCVDYLLSQQANIRVIDTRKKPTGIDKLPQNIPLHTGSLNQEWLLESDMIVISPGLAVKTPEIQTALKAGVEVIGDIELFCRAATKPIVGITGSNGKSTVTTLVYEMAKAAGVKVGMGGNIGIPALSLLNEDCELYVLELSSFQLETTYSLKAAAATVLNVTEDHMDRYMDLEDYRQAKLRIYHNAEVGVLNNEDKLTFGEGENQARQTVSFAENSADYWLKTENGKQYLMVKDEVILPCEEVTLVGRHNYMNILAATALAQAVGINLDSIRTALRHFKGLDHRFQLVHQANGIRWINDSKATNVGSTVAALAGLYIEGKLHLLLGGDGKGADFSELAELINQPHIICYCFGRDGVQLAKFSSQSYLFETMEQAIEFLRPTLQSGDMVLLSPACASLDQFASFEKRGEEFTHLAQYSA,length1,1311
-3,513273,512220,1053,MKNKKLLVMAGGTGGHVFPAIAVAQTLQKQEWDICWLGTKDRMEAQLVPKYGIPIRFIQISGLRGKGIKALLNAPFAIFRAVLQAKKIIQEEKPDAVLGMGGYVSGPAGVAAKLCGVPIILHEQNAIAGLTNKLLGKIATCVLQAFPTAFPHAEVVGNPVREDLFEMPNPDIRFSDREEKLRVLVVGGSQGARVLNHTLPKVVAQLADKLELRHQVGKGAVEEVSQLYGENLEQVKITEFIDNMAEAYAWADVVICRSGALTVCEIAAVGVAAIFVPFQHKDRQQYLNAKYLSDVDAAKIIEQADLTPEMLVNYLKNLTRENLLQMALKAKTMSMPNAAQRVAEVIKQYSN,length1,1053
-3,509661,508899,762,MNILKRKTPQNIRFGEQKPKYYFHIRAFAVLLGVFFLLGVYFNWQSILEKMDDKPISAFALVGQNTFTTADDIKESLLKMGELKGFWGQDVAPIQEQIEALPWVKGAIVRKMWPNRLSIWVSEYQPVAFWNQNQFVTLDGIVFQLPSVRLTAKNLPYLGGPDYQSLKVIETWNQIYINLKSNNIMAKGINIDDRGAWQIQLDNDIVLKLGRGDWKSKLERFVTIYPQIDVPENKKIDYIDLRYTAGAAVGMVDR,length1,762
-3,508878,507603,1275,MVKGVETKTIVGLEVGTSKVVAVVGEVFPDGVVNVLGVGSCPSKGIDRGSITDLDAVVGSIQRAIEAAESMADCQIMSVTLAITGEHIQSLNESGFVPIAESEVTQEEIDSALHTASSIKLPEGLSLLHVIPQEYAVDRQMNIKNPLGLQGVRLKAQVHLIACHQDWQNNLKKAVERCGLQVDKVVFSGFAATHSVLTEDEKDLGVCLIDFGAGTMNVMVYTNGALRFSKVIPYAGNIVTNDIAHACTISRAEAERIKVNYASAFYPARLHGDKKIEVASIGGRAPRSLTKSDLSLITSARYTELLGVVKDELDKLKAELEAKHIKFELIAGVVITGGGAQIEDLKECASNVFHCQVRIASPLNITGLTDYVNRPQYSTVVGLLQYNHSNSDDDLISGSDDSEGTFFESIWQGVKKIVNKVRSEF,length1,1275
-3,498354,497817,537,MKKHHVDVLISENDVHARIAELGAQITKFYQEKQIDSLVVVGLLRGSFMFMADIVRQINLPVEIEFMTTSSYGTGMTTNHDVRITKDLDGDIKGKHVLIVEDIIDTGYTLEKVRDILNLREPASLTICTLLDKPSRREVEVPVEWVGFEIPDEFVVGYGIDYAQRHRNLGYIGKVVLEE,length1,537
-3,484980,483903,1077,MKKTAIALVVAGLAAASVAQAAPQENTFYAGVKAGQGSFHDGINNNGVIGEALQSSGYGYRRNTFTYGVFGGYQILNQDNFGLAAELGYDDFGRAKIREAGKPKAKHTNHGAHLSLKGSYEVLDGLDVYGKAGVALVRSDYKFYEVANGARDRNQGRHSLRTSGLFAVGAEYAVLPELAVRLEYQWLTRVGKYRTQDKPNSAINYNPWIGSINVGISYRFGQGEAPVVAAPEMVSKTFSLNSDVTFAFGKANLKPQAQATLDSVYGEISQVKSAKVAVAGYTDRIGSDAFNVKLSQERADSVANYFVAKGVAADAISATGYGEANPVTGATCDQVKGRKALIACLAPDRRVEIAVNGTK,length1,1077
-3,483753,483432,321,METLDKIKKQISENPILIYMKGSPKFPSCGFSARASEALMNCKVPFGYVDILQHPDIRAELPTYANWPTFPQLWVEGELIGGCDIILEMYQAGELQTLLAEVAAKHA,length1,321
-3,478908,478329,579,MKLLIINNHDSFTFNLVDLIRKLNVPYDVLNVEDLKESTAEKYSHILISPGPDIPRAYPQLFSMLEKYYQQKSILGVCLGHQTLCEFFGGTLYNLENVRHGQKRTLKVRSNSPLFFDLPTEFNIGLYHSWGVQEEDFPDCLEVTALCDEGVVMAMQHKSLPIYSVQFHPESYMSDFGEKILRNWLAIPPSTNP,length1,579
-3,478242,477090,1152,MSSYLFTSESVSEGHPDKIADQISDAVLDEILKQDPKARVACETYVKTGMALVGGEITTSAWVDIENLTRKVICDIGYEHSEMGFDGHSCAVLNAIGKQSADINQGVDRENPLDQGAGDQGIMFGYATNETDVLMPAAITYAHRLMEKQAEVRKSGKLAWLRPDAKSQVTLKYEDNKIVGVDAVVLSTQHSEEVSQKDLHEGVMEEIIKPVLPTEWLSKETKFFINPTGRFVIGGPMGDCGLTGRKIIVDTYGGAARHGGGAFSGKDPSKVDRSAAYAARYVAKNIVAAGLADRCEIQLSYAIGVADPTSIMVETFGTGKVANELLVSLVREFFDLRPYGLIKMLDLIQPIYRETAAYGHFGREQFPWEKVDRAEDLRIAAGLK,length1,1152
-3,459501,458271,1230,MAHCKQCCRLIYLIQNHFMWSIILIALMTKKFKHSVSGLLTQLNKKKMNKLALYCRPGFEKEVAAEIADQASHLGVFGFARVQDNSGYVIFECYQPDEADRLARDIPFNRLIFARQMMVISGLLEDLDPADRISPIVTAFEELSQQVNFAQSSELFVETADTNEAKELSTFCRKFTVPLRQALKKQGWLSAKASQKCGQFLHCFFVKPNCCYVGYSYVDNHSSHFMGIPRLKFPADAPSRSTLKLEEAILTFIPRKEENKRLNENMIGVDLGACPGGWTYQLVKRGLFVYAVDHGKMAASLHDTGCIEHCAEDGFKFQPPKRKKVDWLVCDMVEQPSRISLLIGKWLLNGWCRETIFNLKLPMKKRYQEVILCLENLAVMLAEQNLNFDIQAKHLYHDREEITVHIALKP,length1,1230
-3,455391,454320,1071,MKPSQKQTQRQPHFSKDSAKKRDFSAKNDRRSVSRTARIETANTKKSAVNSDNKFLSKPKAKPVVRASNQPKAEGEKLQKVLARAGQGSRREIETMIAAGRVSVEGKIATLGDRIDVHSGVKVRIDGQIINLSHAQKEICRVLMYYKPEGELCTRSDPEGRATVFDRLPRLTGSRWIAVGRLDINTSGLLLFTTDGELANRLMHPSREVEREYSVRVFGQVDDAMLARLRKGVQLEDGPANFKEIKFTGGVGINQWYDITLMEGRNREVRRLWESQGIQVSRLIRIRYGNIKLMKGLPRGGWEEMDLENVNYLRELVGLPAETETKLDVKQASRRPKSGQIRKAVKRYSEMNKRYKK,length1,1071
-3,450768,450420,348,MPRSAQSTAALIVRGSSPSGSTIRFFAARASSVNWKRNAGGDKRGKRLESATKLLIKSALKCWLMYCLIFSIRSLSSTGTSRLKLCKLNAVCQVLPSIRKIGNFAFSKVGWQSLLI,length1,348
-3,447996,447555,441,MAFFSIFKQGQIYLNTWPQEAKLGIIFPENRIMKATSFAQKFMPFVAVFAILWQQIYAKNDLMAFSIAILTALFALLIPFQGLYWLGKRANSPLENQSAVWFYDICERLKQQNEPLPFVQEKPTYQHLAEVLRKAQSKFERAFWQEI,length1,441
-3,446964,445449,1515,MCGIVGIVSQSPVNESIYAALTLLQHRGQDAAGIVTVDDENRFRLRKANGLVSDVFRQEHMLRLQGNAGLGHIRYPTAGSSSVSEAQPFYVNSPYGVTLVHNGNLTNSVELKEKVFKTARRHVNTNSDSELLLNILANHLDHIPQNHLDPQDIFYAVRKTHNDIRGAYACVAMIIGHGMVAFRDPFGIRPLVLGKREENGKTDYMFASETVALDIVGFEFVRDIAAGEAVYVTFDGELYSQQCTESAVLNPCIFEYVYFARPDSTIDGVSVYAARVHMGEKLGKKIAKEWADEIDNIDVVIPIPETSTDIALQIARVLGKPYRQGFVKNRYVGRTFIMPGQAQRISSVRRKLNTIKAEFKDKNVLLVDDSIVRGTTSEQIVEMARSAGAKKIYFASAAPEIRYPNVYGIDMPSCDELIAYGRNVEEIAHLIGVDKLIFQDLTALTESVQLENPAIQGFDCSVFTGEYITGDISPEYLDKIALQRNDSAKKKREKQASNLEIYNEQ,length1,1515
-3,410871,410157,714,MKLLISNQHGAIVMALLPFIYGMLLANPVWAHMFLLLGWFSLYLMTYPFLNLFKGKNLELYKKWSVIYFAAAVIFAIPALIYNWQVLYFMFAMLPFVAVNIYFTKKKDERNLWNDLAGILIFALAGMGSYYFSDRTFDEKILWVAIYPTLFFIGTTLYVKSMMRERKNPRYFWASVIFHLLCVLIFVVSQQFILALAFVPGLVRAVYLPTKKLSVMQVGLTEFAITAVFFILLLVATL,length1,714
-3,410154,409614,540,MKLKLFFHIVLLCFSLPVWAMKTIDITANSKMDDQARMNLAQEFANKQQWSSVFDIMYPMALEGNTTAQSNLGMLYNLGRGTVRDYEKAYWWFSEAAEKGSVKGLNNLGVMYLRGDYVKQNTEQAIKLFERTARAKDTDAMMMLSNIYRLQNQPEKSLEWLKKAAELGNKEAKQRLSSQP,length1,540
-3,407919,407301,618,MHLSEGVLHTPILLAGAVLAVAGIAVGVRRLESERLPLTALFAAAFFVAGTIHVPVGIGSVHLILNGMAGLFLGWAVFPAFLIALLLQVIFFSFGGFAVLGVNLCVMAIPAVIAYYLFRSRLQPQMALKDRLLVGIGAGVIGVGGAGVLASFVLMLDGGKSYLNLVWLLLVSHIPVFVLDSIISVGVITLLGKMYPEVMNRTENFS,length1,618
-3,406665,406041,624,MLAVNNLCIERNGRAIIQDLSFTLEGQKRLFVQGEIGSGKTTLLLALLGFVPVTKGEIKLFGKVCREEKDFAPFRGTIGICFQNADDQLFGPTVLDDVAFGPLNQNMPREQAYHIAEQQLERLGITGLKDRMVHTLSGGEKNFTALAGVLAMQPKILLLDEPTNGLDRKNTEKLTALLRELSLPMLISSHHHGFINELATEIIRFTNK,length1,624
-3,402534,402192,342,MKLLNYKGYVGTIEADLENNILFGKLAYIRDLVTYEAESLSELEKEFRQSVDLYLQDCLELGKEPNKPFKGVFNVRIGEELHREATIIAGDRSLNAFVTEAIQEKIFREKPSLR,length1,342
-3,397404,396690,714,MQLPALQSAKLIRRYKRFLADIELPTGDVMTIHCANTGAMTGCGEKGDTIWYSHSDSQTRKYPHSWELTQLANGQLCCINTHRSNQLVFEALQNKQIKELAMYDEIYPEVKYGEENSRIDFLLKGEGLPDCYVEVKSITLVKGNLGMFPDAVTTRGQKHVRELLAMKKQGHRAVVLFAGLHNGFDRFKIAEYIDPEYDRLLKEAMEQGVEAYAYAGQFEISNEIPTALSLTESVPYIK,length1,714
-3,396489,395304,1185,MTNINTVLAELKRGTDEILSEADLIEKLKENRPLKVKLGADPTAPDIHLGHTVVLNKLRQFQQLGHEVYFLIGDFTGMVGDPSGKNATRPPLSREDVLRNAETYKEQIYKILDPQKTKIVFNSEWLSKLGTEGMIRLASNYTVARMLERDDFKKRFGNNQPIAIHEFIYPLLQGYDSVALDADVELGGTDQKFNLLVGRELQKSAGKKPQVAITLPLLVGLDGEKKMSKSLGNYIGVTEAPSDMFGKVMSISDELMWDWYNLLSFRPLSEIAQLKSEVEKGKNPRDVKILLAKELIARFHNEEAANAAEQEFINRFQKGAMPDEMPEFTFSGEIGLATLLKEAGLVPSTSEAIRSAQQGGVKINGEKVDNVKDNAPKGTNVYQVGKRKFARVTVE,length1,1185
-3,388041,387756,285,MKKLATLTALASALTMAVATAVQAESKSSNTDNTATPCVGDKCVKTKAAEGKCGEGKCGADKAKSAEGKCGEGKCGASKPKAAEGKCGEGKCGSK,length1,285
-3,387693,386772,921,MKLQGAGLGYRRNLAEDFLQLPPNNAIQFIEVAPENWSKMGGMARYQFDQAAERFPLAVHGLSLSLGGQAPLDRKLLRNTKALMNQYNSSFFSEHLSYCECEGHLYDLLPMPFTEEAVKHVAQRIRDVQDFLGLQISLENTSYYLHSPTSTMNEVEFLNAIAQEANCGIHLDVNNIYVNGVNHGLLDPYVFLDQVDVKRVNYIHIAGHDEEHSAAQVVENSADESFNKVKGAYRHLPELLIDTHGEAVKGTVWDLLEYAYQRLPTIPPTLLERDFNFPPFAELYAEVEHIAQLQQKYAHTEVMSYAA,length1,921
-3,369447,368997,450,MTDIQISVQEQPFDQNAVYQWLSEQHSVGATVIFVGKVRDLNLGDAVSSLYLEHYPAMTEKALNEIVAQATARWDIQRVSVIHRVGLLQTGDEIVLVGVSSAHRGDAYHANEFIMDFLKSKAPFWKKEQTNQGERWIEARESDKEALEKW,length1,450
-3,362055,360588,1467,MVVFKSTLKLSLFALSLSMMMSGCVLVGLSKNDQSKSLYGINLSHLSFAERKELEEAIYADQQRLTEEKQTLLNMTLTHEIGDHKLQFKPLLARLYASRKYAPLWTDNAAARQLLRDYAAMVASGISKSSATSLETLALVEQQGGLVYDVLLSDILLDYLYYTQNVRSQASNWLYSSAQYQAQQPENDHIQRWLSAVENNQLLDFIQSLAGENHLYRQTVQSLPMFIPTSKESNIAQKLAMNAQRLRVIPDFHNGIFVNIPSYKLQYYRDGDLILESRVIVGTDSRRTPVMYSKLSNVVVNPPWNAPIRLINEDLLPKMKADPNYITEHNYSILDNQGNVVDPASIDWESIGNKFPYRVRQAAGDSALGNYKFNMPSSDAIYLHDTPNRGLFNRKNRALSSGCVRVEKSDQLASILLKEAGWTETRKNTVLASKKTTSAPIRSDNPVFLYYVTAWIENGNIVNLPDIYGYDRQINLAEINWDLVKKYLQ,length1,1467
-3,360570,360012,558,MNYVDQNKRKWLSLGGIALGISILPNSVLAMVSTPKPRILTFRNINTGERLSGEFSLAKGFSPAMLKKLDYLMRDKRTNQVHKMDPNLFQKFYNIQTNLGLRNAEIEVICGYRSASTNAMRRRQSRGVAKNSYHIKGKAIDFRIAGVPLIKVKSSAESLRNGGVGYYPTSNFIHVDTGPVRTWKGV,length1,558
-3,359958,359205,753,MLFDSHLHLDQLSDENIQQILAHSKIIGMLAVSTNLNSAKKLLNLKQTYPKKLYFAAGFHPEQQLPSLEEQKKLFQWIDEHHSSISGIGEVGLPHYSKRENPNLDYAPYIELLERFILIAKKWDLPLNLHIVHNDVEIALELLQKHKIQRAHFHWFKTDEKSFQKFFSTPYFASLTPDILWNPKTQYVAQHLPLNRLMIETDSPWQHEGFESAVISEQLFAVAKKVAELKSLPLHSVQKQILLNTEQFYRL,length1,753
-3,359193,358557,636,MNIEIIPVTAFQQNCSLIWDDEKNAAIIDPGGEAERLIQRIEELDLNLKVILITHGHLDHVGAAMQLKQHFGVEIWGSNEKDKFLFESLPEQAQRFGLPNIDAFLPDRWFNQEGEILKLDGFNFEILHLPGHTPGHIGFIEHEKKVAFTGDVLFQGGIGRTDFPRGDYETLISSIRTKLLPLNDDIIIIAGHGSYTTIGQEKRSNPFLNPKS,length1,636
-3,345531,344085,1446,MLNQVSNTLLTPSNLSTQTLLNIFDIMSHRNIDYADLYFQLSQDESWVLEDGIIKEGGFHIDRGVGVRAVSGEKTGFAYADQINLASLQQCAEAVKGIAQVKQGNLISLSAFNVVNPIARYAAINPLESLTKEKKIELLHLVDRTARAEDHRVTKVSASLSSVYEEVLIMATDGTLAADIRPLVRLSISVLVEENGKRERGSCGSGGRFGLDWFFEVVDGDIRAVLFAKEAVRQALVNLSAVAAPAGLMPVVLGAGWPGVLLHEAVGHGLEGDFNRKESSLFTGKIGEQVTSPLCTIVDDGTIENRRGSLTIDDEGVPSQCNVLIKDGILQGYMQDKMNARLMGVAPTGNGRRESYAHLPMPRMTNTYMLAGQSQFDDLIASVKQGIYAPHFGGGQVDITSGKFVFSTSEAYLIEKGKITKPVKGATLIGSGIEVMQKISMVADKSELDLGIGVCGKEGQSVPVGVGQPALKIDEITVGGTN,length1,1446
-3,340542,340218,324,MIQSALKPCKYSMVCNVFRIVDFGSFWGKPNYEVAFALVNTTRNFVFVHPYPTLHSVLSLVTVRFFDENYLLSLLQYGLFPREGRYADNGLCYFTYIDKVLMQTQVIC,length1,324
-3,339159,338853,306,METVVSWRKHFALIDIVNFNSFQNLSLNEMSNSNFCHNWNANCSLDFLDHLRIAHSRDTSNSTNICRNSFQSHHCSCTSSFCNASLFRILNIHDNTTFEHLC,length1,306
-3,338412,337680,732,MVMRGNCLYNAQNFENERIICMGMIITVDGPSGAGKGTLCYALAEKLGYALLDSGAIYRVTALAALQRKTDLTNETDLAELARHLDIQFIPQNGEVNILLAGMDVSRLIRTQEVADAASKVAVFQKVRSALLQLQQDFAKNDGLIADGRDMGTVVFPNAQVKLFLDASAEERAKRRYKQLQNKGINGNFAQILAEIKERDLRDRNREVAPLKPADDALLLDSTALSINEVIDQALSYIQEKVSV,length1,732
-3,337575,335928,1647,MSESFAQLFEESLKGLETRQGSIVSGTVVAIQKGFVLVDAGLKSESAIPVAEFLNAQGELEIQVGDTVNVALDAVEDGFGETKLSREKAVRHESWIELEKAYEEKATVIGLINGKVKGGFTVELNGVRAFLPGSLVDTRPAREADHLLGKELEFKVIKLDQKRNNVVVSRRAVIESENSQEREQVLENLVEGSEVKGIVKNLTEYGAFVDLGGVDGLLHITDMAWKRVKHPSEIVNVGDEVTVKVLKFDKDRTRVSLGLKQLGQDPWAAIAENHPVNSKLTGKVTNLTDYGCFVEILDGVEGLVHVSEMDWTNKNIHPSKVVSLGDTVEVMVLEIDEERRRISLGLKQCKANPWTQFADTHNKGDKVTGKIKSITDFGIFIGLEGGIDGLVHLSDISWSISGEEAVRQYKKGDEVSAVVLAVDAVKERISLGIKQLEEDPFNNFVAINKKGAVVSATVVEADAKGAKVELAGGVEGYIRSADLTSEVAIGDVVEAKYTGVDRKSRIVHLSVKAKDQAEEAAAVASVNNKQEDIVIPNAMAEAFKAAKGE,length1,1647
-3,335151,333963,1188,MIELLFLLLPIAAAYGWYMGRRSAKKDQDDISNKLSRDYVTGVNFLLSNQTDKAVDLFLDMLQKQEIENEIESHSQFEAELTLGNLFRSRGEVDRALRIHQALDLSPNYTFEQKLLAKQQLARDFMVVGFFDRAENLYILLVDEPEFAENALQQLLVIYQKTKEWKKAVNIAEKLAKIKPQENNIELAQCYCEYSQSLEPESAVEKRSVLQKALSVSPTCVRASLLLANLAMLDGQYQQAVEILENVLEQNPDYTGEILSPLKHCYEELNQLDNFELFLIRAGQIINNDEVELALVKLIEEKDGKSAAQAKLYQQLTKNPSTLIFHRFMQYQIDDAEDGRGKESLILLHKMVGERIKQTSPYRCTNCGYQIHKLLWNCPSCRQWESIKPVSNQEHN,length1,1188
-3,332085,331746,339,MIATIAHKLIPFSDTLPTSTNILPIPNVITTEIIHRLRASVTSTLPRIKVLMPTTAIEPKTSIIIPPITIVGMVDRNAPTFPQNEIAIAQTAAQVIIFGLKLRVSITAPVTSA,length1,339
-3,329397,329058,339,MLVFLCAWALVQSFLAREVRSFFYEIFLHPVLGCDVKFHLLQLMIQLCVLDVLGFRVVLNVPAHLKRKGLPNLECSFYLVLLENKLILYFATVLAHLHNYQYFQPHLALMAVE,length1,339
-3,325647,325260,387,MKRAPSAPSMTRWSNDNDIGRIKRGANSLPFHTGSIDDLDTPRIATSGAFTIGAKCVVPIPPRLEMVKQPPCISDAVNLPSRAFFDTSINSRESSIMPFLFTFLNTGTTKPFGVSTATPMLIYFFRIKR,length1,387
-3,320976,320520,456,MQTTTRTLTQHKRIALVAHDSCKKNLLNWTQKHKEALKPHILYATGTTGHILERETGLSIQSLLSGPMGGDQQLGGLIAEKKIDMMIFFWDPMNAAPHDPDVKALMRIATVWNIPVAINQSSADFLLTSVLFEQDVEIDVPDYEGYLKERLA,length1,456
-3,307263,305340,1923,MKKAHSPLFPIFTFVLINLIILSLSRLGLAVWQSERVSAVDGWLQLFLQGVRMDVVALCYLFGVPALLTTLFHSSKVWVKILRLWLTFGSVFIIFMEIATPAFIETYDYRPNRLFIEYLIYPKEVFSMLAEGHLSAVIFSLVFTILAAVIYWKISGWAVKNLRSISWKLRPVIALLVIVVSFLGARSSFQHRGINPAMVAFSSDALVNSLVLNSGYSVIYAAQQFKDEEKSSEMYGKMDADEMFRIVKASRGRPESDYISDKYPTLTKNVATYQGKPKNIVILLQESLGAQFIGTLGGKPLSPNVDQLAKEGWLFENLYATGTRSVRGIEATTAGFTPTPARAVVKLNNAQSGFFTIADLLHKQGYNTSFIYGGEKHFDNMASFFYGNGFKDIWDQQDYQNPKFTGTWGVSDEDLFDKANETFTKLQNEGKPFFSLVFSSSNHDPFEYPDGKIELYEQPKATRNNAAKYADYALGHFFKMAKQSNYWKDTIFLIVADHDSRVGGASLVPIKHFHIPALILGDGITPRRDSRLVSQIDMPTTLLSLAGVSGNYPMIGFDLTQDVNPDRAFMQYDQTQAMMKGNNDVVIQMPNKAAQGYHYDKSTETLTPKEVPDAMKKEALAHALLGSYLYKNRLYSSGENK,length1,1923
-3,300081,298413,1668,MSSQFVYTMHRVGKVVPPKRHILKDISLSFFPGAKIGVLGLNGAGKSTLLRIMAGVDKEFEGEARPQPGIKIGYLPQEPKLEPQQTVREAVEEAVSEVKNALTRLDEVYALYADPDADFDKLAAEQANLEAIIQAHDGHNLDNQLERAADALRLPDWDAKIEHLSGGERRRVALCRLLLEKPDMLLLDEPTNHLDAESVAWLERFLHDYEGTVVAITHDRYFLDNVAGWILELDRGEGIPWEGNYSSWLEQKEKRLEQEQAAENARQKSIAKELEWVRQNPKGRQAKSKARMARFDELNSGEYQKRNETNELFIPPGPRLGDKVIEVQNLTKSYGDRTLIDDLSFSIPKGAIVGIIGANGAGKSTLFRMLSGQEQPDNGSITMGETVVLASVDQFRDAMDDKKTVWEEVSNGQDILTIGNFEIPSRAYVGRFNFKGVDQQKRVGELSGGERGRLHLAKLLQRGGNVLLLDEPTNDLDVETLRALENAILEFPGCAMVISHDRWFLDRIATHILDYGDEGKVTFYEGNFSDYEEWKKKTLGDAATQPHRIKYKRIAK,length1,1668
-3,290688,289800,888,MSWINRIFSKSPSSSTRKANVPEGVWTKCTACEQVLYSEELKRNLYVCPKCGHHMRIDARERLLKLLDEGSSQEIAADLEPKDILKFKDLKKYKDRISAAQKETGEKDALITMTGTLYNMPIVVAASNFAFMGGSMGSVVGAKFVKAAEKAMEMNCPFVCFSASGGARMQEALFSLMQMAKTSAVLAQMREKGVPFISVLTDPTLGGVSASFAMLGDLNIAEPKALIGFAGPRVIEQTVREKLPEGFQRSEFLLEKGAIDMIVKRSEMRQTLASVLSKLTNQPSPFVEPELISEDE,length1,888
-3,275613,274503,1110,MATYFSDNLTADQQNQVQQIIQQFQHPTLQKDLIVLNTLKKVEKGGDTLRIELKLPFAWNSGAEQLKQAVSDALLKATDCKSIKWAVAYQIATLKRANNQPAVKGVKNIIAVSSGKGGVGKSSVSVNLALALQAQGARVGILDADIYGPSIPHMLGAANQRPTSPDNQHITPIKAHGLSANSIGFLMNEDSATIWRGPMASSALSQLLNETLWDSLDYLVIDMPPGTGDIQLTLSQQIPVTGAVVVTTPQDIALLDAVKGISMFERVSVPVLGIVENMSMHICSKCGHHEAIFGTGGAEKMAEKYNVKVLAQLPLHIRIREDLDAGNPTVVRVPENEISQAFLQLAEKVSTELYWQGSVIPSEILFKEVK,length1,1110
-3,273678,273006,672,MTRIAIIPARAGSKGIKDKNLQLVGGVSLVGRAILAAQESGMFDQIVVTSDGENILKEATKYGAKPVARPESLAQSDTRTIDAILHCLETLNISQGTAALLQPTSPLRNALDIRNAMEIFLGGKYKSVVSACECEHHPYKSFTLEGTEVQPIHELTDFEAPRQKLPKSYRANGAIYINDIESLFEEKRFFIAPMRFYLMPTYRSIDIDSTLDLQLAESLISKEF,length1,672
-3,267432,266790,642,MRPTKRHFLEVSAAIANAAETEDLSDFTEYDKMCRILARHRKDLKNIQSTERKAAFKKQILPDYLPWIEGALSVGSGKQDNVLMTWCVWAIDCGEYHLALQIADYAVFHDLRLPEPFTRTLGTLLAEEFADQAKAAQAANKPFEVAYLEQVQRITADCDMPDESRARLLRELGLLLVEKNPEQALAYLERALGLDQKIGVKGDIKKLKKTIINN,length1,642
-3,266487,265983,504,MSDGAISVKLAPDYEMGEVQQQLNDYDTSDDIISNDGFFPDMSLAQFRNQYRADGTITTQRLQDALIEGMASVNAELSTFKTQSKRDSLEQITAPSINGESVLIYRYKRAVSCLALANLYERYASYDSTNDGEKKMAQLKDSIDELRRDARFAISDILGRKRVDAELI,length1,504
-3,265053,264705,348,MFNFLTAKERSILLIGPILLVLLIMFLGFEANYWRKEMLKEEQLKLKWQNSYIELNHSVQQFAEQQAQLIQAVNNLKAKQNQQTQDLKNVLKSNQDWADSPLPDDVKRLFNSAGNH,length1,348
-3,264204,263736,468,MKKPNQLRKILEQSHPDFVKNPDHLQLYVDGGQIIATGAASFSFEYRYTLNVVVTDYAGDIAALIVPMLAYLRTNQPEIFENPQIRENAFKFQVDYNNNHTADISFEIQLTERVISKKEGNNVQIHYAKEPVWDEPTRVKVYLENWDSPIFEGDIV,length1,468
-3,259959,259509,450,MLERKHIKFVEIHHLFTQISLALGFTEQDIDKHSTNLAELIALWQQQEFVEVYVENKDRLFGRAKDSSLAYGASPYYIGLYHARLSYEENDPLVVLTFNYEDNPEQTTVSVRFMVDHDTLFGTKEEKFIQQRMKDIRKRIDDFIQLGNKK,length1,450
-3,258843,258417,426,MKIELSKQFQEGRLNTPFFKDIQAMSDEELQLIFDFMQSIKQGKLLRGKNKPSWLDDNLNDIPNTEVYQQNEIWHYHCGPYNKGSRYCPMSGLKINLNGETSGPVIHYQKISDEHIVIIAFSPQHEPFPREWDTPNPIIDRA,length1,426
-3,253392,252792,600,MKVYFLKENLNSYQIFPIPQNLNDFVEMEVENESELETKQLIYFKSQYILVDRQPTELHKWNGNSWIVDEKKKTEIKRELIKNLVDSIDDTAANISSRWIRFAEEYKEREAAAIAFKEANFAGEVSVYISSFATVAGLDNQSASLLILQQAERLRALQQQLAVQRMRKYELKHEALSDEELKNIHDDIVSKMRQLAEAQQ,length1,600
-3,251046,249876,1170,MAELHDSFGESMEKAGYERASDSDSSFSGGGGWREDNSSDSYRSTSDRWNDHKSRYGKDKVYTDAFNERRNNSSWSGGHSAISRTISEKYHSLSNGQMSAAVPEKDQKTLTGGLFGKSYSNAPYSERTPSIFDRNIRGSMTLNNGDVWSSDPQYSSVRERADINSYDRIKRGEELNLIGRAVGGVFSGVGGAATTPVGKIAESAANFGLSHVGDLSRQFKSNQEQAYYDSLTPEGKAYYDTRVDFINKSYKNAREKYETNDKWIDRGITAAQVGLSALGPPGAMLGSGIGLLGKAINKKDTMTKSLRDLTETLNSNALNNHIAQQNELAEKERQAYKEFMAGRDLRSDNTQPKGILNTMHNRMQNIDPDKQVKTSDVPNLRNYWANIIVS,length1,1170
-3,249864,249339,525,MGILDSMTQQSQPQTTEQSAVENPQGSQQQGSMAQMYQMLMQNSINAIANVAQQRIQEKGPEEGIADLVAKAMISNLQAAQQNGKTIPPQVMMQVAKDLAMQLLQQVGVPEEQIDDVLIDILMNALEQFGEATHGALPQEEEQQYVDMINKVSEMESQRRAQVQNGQSKPMQQGA,length1,525
-3,249333,248571,762,MGWGGILGAMTQGLGTGIVKNVEQGWKDEETQKLLDWKTAEADKQRAFDSELLDKKYKHEFELEDHRTRNEISAAAAKARISARYSHGGESEAQKNLLGATQTLGIYDSQLHSLQEKLSATEDKEQQNAIAARINAVSAERENYLKRPDTIAAFKGAGQMGQALYMTGGGNMDLYNPKPVERETVAEDVKSSVAPPVRNMIDVNNLTPQQAADIARQKSEDAARLQFSKASADAKDWAQKRTQYQSSTFIPRTF,length1,762
-3,238401,238128,273,MDIPAPIKGIIFFSLKSSFNRINRFRLSEVISNILLASFKFLCFLSVFQNSKTSLYASGSRVYKISCRKKLFPLIIISPSEFSSSMKSRSK,length1,273
-3,235023,234639,384,MAREFKRSDRVAQEIQKEIAVILQREVKDPRIGMVTVSDVEVSSDLSYAKIFVTFLFDHDETAIEQGMKGLEKASPYIRSLLGKAMRLRIVPEIRFIYDQSLVEGMRMSNLVTNVVREDEKKHVEESN,length1,384
-3,233496,232374,1122,MEALKDLRSEIDSLDRELIQLFAKRLELVSQVGKVKHQHGLPIYAPEREIAMLQARRLEAEKAGISADLIEDVLRRFMRESYANENQFGFKTINSDIHKIVIVGGYGKLGGLFARYLRASGYPISILDREDWAVAESILTNADVVIVSVPINLTLETIERLKPYLTENMLLADLTSVKREPLAKMLEVHSGAVLGLHPMFGADIASMAKQVVVRCDGRFPERYEWLLEQIQIWGAKIYQTNATEHDHNMTYIQALRHFSTFANGLHLSKQPVNLANLLALSSPIYRLELAMIGRLFAQDAELYADIIMDKSENLAVIETLKQTYDEALTFFENNDRQGFIDAFHKVRDWFGDYSEQFLRESRQLLQQANDLKQG,length1,1122
-3,227193,225810,1383,MQKNEIKQSDMKPLIIDSSWTERFLPDPPREKDNRPPFRRDRGRILHSAAFRCLQAKTQIHAIGENDFYRTRLTHSLEVAQIGSSLVAQLKFLETFESLSQTLNIDKNELQKQLKPLLPSNDLIESLCFAHDIGHPPFGHGGETALNYMMAEQGGFEGNAQTFRILTKLEPYTENAGMNLTRRTLLGVVKYPALLDVASPQYAELNFSRNIDPRFVRIHDWIPGKGIFRDDLKMFNWLLENLSENDRTLFCQFKKVRENPAEFLQTSFKSLDCSIMELADDIAYGVHDLEDAIVTGVVNPHQWQAAHSALKQIPSAWLQENIDSISQRLFSDKHFERKQAIGALVNFFITNVRWKLTANFDEPLLRYNAELSPEVIIALGVFKKFVWDYVIRNVDTQRIEYKGQRMLTEMFQIFESDPERLLPRNTENRWRNAPEERKKRIICDYIAGMSDAHALRVYQQV,length1,1383
-3,225552,223773,1779,MDDGKIQYEKDLVVSRLEQDPPRNAQGNIFDYVAEGVGHLTDLLKEYHHISVQLEENYSDQILSQLEQVQAKLEHADGWRFENKINEVLLKLGLNPNTKLSALSGGWLRKAALARALVCDPDVLLLDEPTNHLDVEAIEWLENFLLDFQGSIVFISHDRSFIRKMATRIVDLDRGQLQSYLGNYDLYLTTKEENLRVEALQNELFDKRLAQEEVWIRQGIKARRTRNEGRVRALKAMREERRQRRDVMGIAKLQLDTSSRSGKIVFEMEDVSYEIAGKTLLKDFSTTILRGDKIALVGVNGCGKTTFIKLLLGEIQPTSGKIRCGTKLEIAYFDQYRADLDPEKTVMDNVADGKQDIEVNGVKRHVLGYLQDFLFPPKRAMTPVKALSGGERNRLLLAKLLLKPNNLLILDEPTNDLDVETLELLEEILTDYQGTLLIVSHDRQFIDNTATECYLFEGEGRLNKYVGGFFDAKQQQANFWASKAVEEQAKAKKSEPLKEESAVKSDRTSKPKSVKLSYKEQRELEQLPQLLEELETKITVLQAEIADPAFFQQAHDITDAKLKELADTEAELETAFLRWEELEEKKNLTDGKA,length1,1779
-3,216882,216006,876,MQELIKRTLPQDDALNQAIVNELRSQNWAGFLNYSQVQQLCHNFELTPLKLAMHLLPLAASYSHTAISHFNVGAIAIGEQGDFYFGANQEFANSAIQQTIHAEQSAISHAWLRNERRISDMVVNYTPCGHCRQFMNELHGAEKISIHLPHSQNNPLHSYLPDAFGPKDLDIAAHLLAEENHDLVADHQDDLVNQAILAANQSHCPYSNSPHGIAILFKNGDVVTGRYAENAAFNPSLPALQTALNFAYLNDKKLSDIERIVMAEKALKLSHKTMAETLLSTLTSVELEYYSL,length1,876
-3,213369,211896,1473,MDAVELLMNVTPNETRIALVETGMLREVHIERQAKRGIVGNIYKGRVTRVLPGMQSAFVDIGLEKAAFLHAADIVSHTECVDENEQKQFKVKSISELVREGQDIVVQVVKEPLGTKGARLTTDITLPSRHLVFMPENSHVGVSQRIESEEERARLKALVEPFCDELGGFIIRTATEGASEEELRQDAEFLKRLWRKVLERKSKYPTKSKIYGEPALPQRILRDFIGTNLEKIRIDSKLCFGEVKEFTDEFMPELSDKLVLYSGNQPIFDVYGVENAIQTALDKRVNLKSGGYLIIEQTEAMTTIDINTGAFVGHRNLEETIFNTNIEATKAIAQQLQLRNLGGIIIIDFIDMQTDEHRNRVLQSLCDALSKDRMKTNVNGFTQLGLVEMTRKRTRESLEHVLCDECPTCHGRGRVKTVETVCYEIMREIIRVYHLFSSEQFVVYASPAVSEYLINEESHGLLPEVEMFIGKRVKVKTEQFYNQEQFDVVVM,length1,1473
-3,196998,195462,1536,MLIGVPRELLENESRVAATPKTVQQILKLGFDVIVEHDAGFKASFEDQAFLDAGAKIGTSAEIWQSDIIFKVNAPTDEEIAQMKEGATLVSFIWRMQNPELMKKLTAKKINVLAMDAVPRISRAQALDALSSMANISGYRAVIEAAHEFGSFFTGQITAAGKVPPAKVLVIGAGVAGLAAIGAANSLGAIVRAFDSRPEVKEQVQSMGASFLEIDFKEEGGSGDGYAKVMSEEFNRRAMELYAEQAKEVDIIITTAAIPGKPAPRLITKEMVDSMKPGSVIVDLAAATGGNCEYTQAGKVVTTENQVKVIGYTDFPSRLPTQSSQLYGTNLVNLLKLLCKEKDGNINIDFEDVVLRGVTVVRDGEEIPPAQIQVSAQPKQETKAAPVAEKKESKPTDPRVKYGVMAGVGVLFLWLASVAPAAFLSHFTVFVLACVVGYYVVWNVSHALHTPLMAVTNAISGIIIVGALLQIRQPTGNLFIDALAFVAILVASINIFGGFRVTQRMLAMFRKG,length1,1536
-3,192948,190344,2604,MSKSLVIVESPAKAKTINKYLGSQYVVKSSVGHIRDLPTVGSSTGEKAKPISTKGMDAEEKAKIKAEKERNALVKRMGIDPYHDWKANYQILPGKEKVVSELKSLAKKADHIYLATDLDREGEAIAWHLREVIGGNDDRFSRVVFNEITKNAIKQAFEKPEQLNMDRVNAQQTRRFLDRVVGFMVSPLLWKKVARGLSAGRVQSVAVKLLVEREREIKAFQPEEYWEVAVLTNNQNKQAIRLDVTDYKGKKFDPKNQKEAQSAVDFLNVSDYVVTDLETKPTSSRPRAPFITSTLQQTASTRLGFGVKKTMMLAQRLYEAGYITYMRTDSTNLSQDALNMARSYIENHFGAQYLPEKPNFYSSKENAQEAHEAIRPSDIRALPESLEGMEKDAVRLYDLIWRQFLACQMPPAQYDSSTLTVTAGDYTLKAKGRILRFDGWTKVLPQIGKNPEDQELPSVTVSEKLALKEVQPTQHFTKPPARFTEAALVKELEKRGIGRPSTYAAIISTIQERGYVRTENRRFYAEKMGEIVTDRLNESFGELMNYDFTANMEDTLDKIASGSVNWKTELNQFFKDFSSQLSKAELDELEGGMRPNNLVETDIKCPTCDRNMAIRTASTGVFLGCSGYALPPKERCKTTINLIPEAELLNVLDESSETKALMDRKRCTKCGTAMDSYVIDAHRKIHICGNNPNCDGYLIEEGSFKIKGYDGPVVECDKCGADMHLKLGRFGKYMGCTNCDNTRKILKSGEVAPPKEEPVHFPELKCEKSDAYFVLRDGASGVFMSAHNFPKSRETRPVKIAELVQYRERLPEKLAYLADAPQKDPEENEAIVRFSRKEKKQYVTSEKEGKATKWIVDFTNGKWVERKK,length1,2604
-3,176034,171504,4530,MSDVFELENEIELESDEVIMENENVEEIVDAPMPFSMTTNNGVERGKFRSLTLINWNGFFARTFDLDELVTTLSGGNGAGKSTTMAGFVTALIPDLTLLHFRNTTEAGSTGGSRDKGLHGKLRPGVCYAVLDTINSRHQRILVGVRLQQIAGRDKKVDLKTFSIQGVELSQNPTALFTETVGERQARVLNLNELKDKIENIGAQFKQYHSITDYHGMMFDLGIIPKRLRSASDRSKFYKLIEASLYGGISSAITRSLRDYLLPENLGVRKAFQDMESALRENRMTLEAIKVTQSDRNLFKHLITETTNYVASDYMRNANERRGNIEAALESRREWYKAKAEQNLSQHRLVDLSREAAELAENERTLEVDHQSAVDHLNLVLNALRHQEKITRYQEDIAELTERLEEQKIVVEDANDALEESQAQFEQTEIEIDAVRAQLADYQQALDAQQTRALQYQQAITALEKAKTLCGLADLSVKNVEDYHAEFEAHAESLTETVLELEHKMSISEAAKSQFDKAYQLVCKIAGEIPRSSAWESAKELLREYPSQKLQAQQTPQLRTKLHELEQRYAQQQSAVKLLNDFNQRANLSLQTAEELEDYHAEQEALIEDISARLSEQVENRSTLRQKRENLTALYDENARKAPAWLTAQAALERLEQQSGETFEHSQDVMNFMQSQLVKERELTMQRDQLEQKRLQLDEQISRLSQPDGSEDPRLNMLAERFGGVLLSELYDDVTIEDAPYFSALYGPARHAIVVRDLNAVREQLAQLEDCPDDLYLIEGDPTAFDDSVLSAQELELGVVVQVSDRELRYSRFPEIPLFGRAAREKRLEELQIERDEVAEQHAQIAFDVQKCQRLHEHFSQFVGLHLSLAFQPNPEALMSEINRERNEIDRELNQFNNGEQQLRIQLDNAKEKLQLLNKLIPQLNVLTDEDLIDRIEECREQLDIAEQDEYFIRQYGVTLSQLEPIANSLQSDPENYEGLKNELTQAIERQKQVQQRVFALADVVQRKPHFGYEDAGQAETSELNEKLRQRLEQMQAQRDMQREQVRQKQSQFAEYNRILIQLQSSYDSKYQLLNELIGEISDLGVRADDGAEERARIRRDELHQQLSTSRQRRSYVEKQLTLIESEADNLNRLIRKTERDYKTQRELVVATKVSWCVVLRLSRNSDMEKRLNRRELAYLSADELRSMSDKALGALRTAVADNEYLRDSLRVSEDSRKPENKVRFFIAVYQHLRERIRQDIIKTDDPIDAIEQMEIELSRLTAELTGREKKLAISSESVANIMRKTIQREQNRIRMLNQGLQNISFGQVKSVRLVVNIRDTHAMLLDALSGQQDEYQDLFNDNCITFSEAMAKLYQRINPHIDMGQRTAQTIGEELLDYRNYLELEVEVFRGADGWLRAESGALSTGEAIGTGMSILLMVVQSWEEESRRIRGKDIVPCRLLFLDEAARLDGKSISTLFELCERLDMQLLIAAPENISPEKGTTYKLVRKIAGNQEHVHVVGLRGFGATE,length1,4530
-3,171432,170526,906,MKIFTSKKGQLSQLKQQKFKLEKDIQRLFEENLTLLSGYIFIRSEFSIKNSRIDTLAFDPETQAFVIIEYKRQQNSSVVDQGISYLNLMLEYKADFIVEYNEKQKAPLKRNDVDWSQSKVIFVSPTFNDFQIQATNFKDLPIELWEVNRFDNDIITLNIINKSKSAPNIKAVSIEKNEEFSTLKEIKVYQESDHLSDKSDFIQELYEDFKQGILNLDPNIEINTRKLYIAFKKDRNIADIRIQQKNLKIWINLPYGELDDPKNLAKNVSNTGHWGNGDYEITIESTQYLEYIMSLIKQAIKD,length1,906
-3,170520,169647,873,MHNLIFAILCSVAVSVLLKIARKKNIIIEQAIAFNYITAITFSYFLLKPDFKGLEFTDYIAQSENSPIFLALGLLLPSVFIIMSKAVEFAGIVRSDAAQRLSLFLPILAAFLIFHETLSQSKIIGVVLAFIGLFCLLTKPTQGQSAVNFKGVLGLIGVWFGYGIIDILFKQVAKSGGAFPATLFISFSLAACVMFIYLFLKRAQWTSSSVIGGIVLGVLNFFNILFYIKAHQSFAGNPTLVFAGMNIGVICLGTITGALVFKEKISKLNWLGIIFSLSAIFCLYYLDKLIA,length1,873
-3,169632,168213,1419,MAKDFSFFIYDYESFGVNPATDRPAQFAGIRTDADFNIIGKPIMFYCKQTNDYLPAPEAVMVTGITPQECNEKGLSEPEFAANILAEFSQPNTCVMGYNNIRYDDEMTRYTFYRNFIDPYEYSWKNGNSRWDLLDLVRACYALRPEGINWAYDDDGMPSFRLEKLTKANGIEHENAHDAMADVYATIAMAKLIKEKQPKLFQYFFENRGKKEIEKLVDTGAMTPLVHVSGMLGNYRGNCTWVAPLSWHPTNQNALIVCDLTGDIDNLLAKSADELRTDLYTKKSELEERGVSSVPLKLVHINKCPILAPAKTLLPETANRLGIDRQLCLDNLAKLRASFDIREKVADIFNEERQFASNDNVETELYNGFFSNADKNNMAILRSLPAEKLSEHGLAFEDKRILELLFHYRARHFYKTLTRAEQIKWQKYRQNKLEKSAVEFQSGLQRLAEEHSDNSEKLSLLQQVYEYGIKLLG,length1,1419
-3,159885,159255,630,MNTGKNGILNGAINAVAAFLVEEDIICYLDDDNQLREDHVESLVNVIEQGADFAYSLRSFYDSNHQFICNDDFDSLGNWNTKSDIFVDVKIEDIQKQIHFTFNEVNGHIDTNCYAVPREIAQKTSYSWNTPLIGDRSFLSALKSLGLIGQTSGKYTVKYRADFNKLIAVRRVFPQLSLSDEDNNNISAKILEVINQQNIEYYGGRPWAKE,length1,630
-3,156513,155514,999,MQHNQLLEQLYSGHSLSTSESTALFNAVIQGELSNEQIAAMLIALKVRGANTEEITGAVAASLQNAKVFPRPDYPFADIVGTGGDGQNTINISTASAIVAASMGAKVAKHGNRSVSSKSGASDVLTALGVNVNVTPEQARQALDEIGVCFLFAQQYHSGFRHVAPVRAALKTHTIFNILGPLINPARPTYHLLGVYAPELVKTYAETAVALEHQHSFVVHGSGLDEVALHGETQVAEIKNGKIEYFTLTPEDFGLKTQSLESLCGGEPQENAQYLTALLQGKGKAEHANAVAANTALLLKLFGYDDLKQNVQNVLAHLLSGKAFETLQKLTTY,length1,999
-3,153357,153039,318,MAFKRAVCFSRIFAFSAFKLRNNRSKPLLGAMLLSARILRTATITSFNHSISASASRSKPFSSTCGKGCSIMLSAVMPTNPFTFCQISSVINGISGCAKRNNFSNT,length1,318
-3,148044,147201,843,MNIVFTLDCNFASHLDTVLKSLCYHHNNINIYVIHDGIPAESLEKLKMHCAKFDNTLYDIQFNINQFSFPTVISPAHIQSTASLFRLYLHQILPQHIERVIYLDMDLIIHQAIDELWDINLEDSLIAGVSDFFSEYLWEHPFYEKQQYINTGVMLINLNKWRENNIEQYFIEYAAKYGEFFVYGDQDVINFSIPTNLIKLLPVKFNIQVKFIEYLWMEHKEKIKFTPHIIHYIGSNKPWLKEHSANSPRFYNEEYLFYHHLSWDNLRQTDRQTDRQTDRKI,length1,843
-3,146976,145584,1392,MAFRIEKDTMGEVQVPADKYWAAQTERSRNNFKIGPAASMPHEIIEAFGYLKKAAAFANHDLGVLPLEKRDLIALACDEILANKLDDQFPLVIWQTGSGTQSNMNVNEVVANRAHVINGGKLGEKSIIHPNDDVNKSQSSNDTFPTAMHIAAYKKVVEHTIPCVERLQKTFAAKSEAFKNVVKIGRTHLMDATPLTLGQEFSAYAAQLDFGLKALKNTLPHLSQLALGGTAVGTGLNTPKGYDVKVADYIAKFTTLPFVTADNKFEALAAHDAIVETHGALRQLAMSLFKIANDIRLLASGPRSGIGEILIPENEPGSSIMPGKVNPTQCEAMTMVCAQVFGNDTTIAFVGSQGHFQLNVFNPVMIANFLQSAQLLGDACVSFDEHCAVGIEPNYPRIKQQLENSLMLVTALNTNIGYENAAKIAKTAHKNGTTLREEAINLGLVSAEDFDKWVRPEDMVGSLK,length1,1392
-3,142260,141954,306,MLSNAETTKGNNKMSFFVTALCPRLFSAFSFPCCFNMCRMLDSSILCCQSVISKPILSFANVINSELTPPKLENDLLPPPPIELSNNSSRSIFPVLLGSAAW,length1,306
-3,141768,141486,282,MYFFIPTSSCLACVKAAFNFEDWSRAINIARFSVVLPKSFTCAARSLFKEPRTIACMTVFCTLSRYCERIDLINWILPAVNAFTLSAIFGLLRK,length1,282
-3,126501,126072,429,MTLSDLIAFSALIVSIFALPISYILGARGLKNTAYNGELSKLSDLCDLVFTEALNIHKKTQSNLSDEMDYHLMIAFHKRLQSKCLEIKSLSNSERYPRMELREVKQAITDHLVSDNLEVRNTAMRGLIYKLDALKTFFTPKFI,length1,429
-3,121917,121530,387,MEPIKLSQKAEEEIVNAAKMAALSNLTEKSQNLITLEDIAIYFGRHYQTVAKIISKLPNFPKPVTVDQQNSRPRYIAGEVVRWGGSMLNILANRVIPPPPPYQGHNRHFVKSKYLYAQIFWLMSSHLLF,length1,387
-3,115044,113853,1191,MSDTLLNPYFGEFGGMYVPEILVPVLKQLEQAFVEAQNDPTFQAEFADLLKNYAGRPTALTLCRNLTKGTKTKLYLKREDLLHGGAHKTNQVLGQILLAKRMGKTRIIAETGAGQHGVATALACAMLDMPCRVYMGAKDVERQSPNVFRMRLMGAEVIPVEKGSCSLKDACCEAMRDWSANYETTHYLLGTAAGPHPFPTIVREFQKMIGEETKRQILEREGRLPDAVIAAVGGGSNAIGMFTDFIDEPNVRLIGVEPAGKGIESGEHGAPLGHAKVGIYFGMKSPLMQTEDGQVEESYSVSAGLDFPSVGPQHAYLNEIGRADYVSITDEEALNAFQELAKHEGIIPALESSHALAYALKLIKQNPEKEQLLVVNLSGRGDKDIFTVDKILNGGTN,length1,1191
-3,109545,109080,465,MTSCVPDSNGFSSVSSGLRISKITSFSPNTEIASTSTTSFSVSSAIWRISKYFAFCTELSRISKLKCPSSSRIFSRTALIVGFFEITPQNSGIDFAISSVPISFAIAIICSLSCVINGRNTKASAASSIKRKLVKVWLETCPNASPVTIASILKR,length1,465
-3,107838,106950,888,MGHFSEELQQVQTRINRFLEAQFEGIESHNALLLEAMKYALLLGGKRVRPFLVYATGQMLGAEKQTLDYAAAAIEAIHAYSLIHDDLPAMDDDNLRRGHPTCHIQFDEATAILAGDALQSFAFEILTKTPNISAEQKLALIQILAQGAGVQGMCLGQSLDLISEHKQISLSELELIHRNKTGALLIAALKLGFICSPHFTDKRLEQSLTQYAEAIGLAFQVQDDILDIEGDSAEIGKQVGADLDLDKSTYPKLLGLSGAKQKAQDLYQSALSELEKIPFDTTALRALAEFVITRKS,length1,888
-3,97491,97170,321,MTTEIKKLDPDTAIDIAYDIFLEMAGENLDPADILLFNLQFEERGGVEFVETADDWEEEIGVLIDPEEYAEVWVGLVNEQDEMDDVFAKFLISHREEDREFHVIWKK,length1,321
-3,82710,82365,345,MKNIEKINRSFLLGILMTTLSTKQKQFLKGLAHHLNPVVMLGGNGLTEGVLAEIENALNHHELIKVKVAGADRETKQLIINAIVRETKAAQVQTIGHILVLYRPSEEAKIQLPRK,length1,345
-3,81684,80247,1437,MKKLSSISTALGSFLLSVSFSLPTFANINVSDLTQKLPEGSNVGFIAKNINQNQIIADYNGSTFMLSASTQKVFTAVAAKLALGDQFQFETALLSNGKIQSGNLDGHLIVRFTGDPDLTRGQLYSLLAELKKQGIKKINGDLVLDTSVFSSHDRGLGWIWNDLTMCFNSPPAAANIDNNCFYAELDANKNPGEIVKINVPAQFPIQVFGQVYVADSNEAPYCQLDVVVHDNNRYQVKGCLARQYKPFGLSFAVQNTDAYAAAIIQRQLRQLGIEFNGKVLLPQKPQQGQLLAKHLSKPLPDLLKKMMKKSDNQIADSLFRAVAFNYYKRPASFQLGTLAVKSILQKQGIRFGNSILADGSGLSRHNLVAPKTMLSVLEYIAKNEDKLHLMETFPIAGVDGTISGRGGLISPPLVKNVIAKTGSLKGVYNLAGFMTNARGEKVAFVQFINGYSTGDLESKTKRAPLVQFERNLYNELYKY,length1,1437
-3,42471,41538,933,MKNEKLPQFQPHFLAPKYWLFWLGVAIWRSILCLPYPILRHIGHGLGWLFSHLKVGKRRAAIARRNLELCFPDMSENDREAILQENLRSVGMAIIETGMAWFWSDSRIKKWSKVEGLHYLKENQKDGIVLVGVHFLTLELGARILGLHHPGIGVYRPNDNPLLDWLQTQGRLRSNKDMLDRKDLRGMIKALRHEETIWYAPDHDYGRKNAVFVPFFAVPDACTTTGSYYLLKSSQNSKVIPFAPLRNKDGSGYTVSISAPVDFTDLQDETAIAARMNQIVEKEIMKGISQYMWLHRRFKTRPDEKTPSLYD,length1,933
-3,37212,36000,1212,MSYTFSTYETLALASLVLLLGYFLVKRINVLKTFNIPEPVVGGFIVAIGLLIWHKIDGTSFNFDKNLQTTMMLVFFTSIGLSANFSRLIKGGKPLVVFLFIAALLIFGQNVIGIASSMALGIHPAYGLLAGSVTLTGGHGTGAAWADTFAHQFNLQGATEIAIACATFGLVFGGIIGGPVARFLLNRQKQGENPENDEVDDIQEAFEHPTYKRKITARSLIETIAMISVCLLIGQYLDVQTKGTALQLPTFVWCLFTGVIVRNILTNIFRFQVAESAIDVLGSVGLSIFLAIALMSLRLWELAGLAIDVLIVLAIQVAFMAAFAIFITYRAMGKDYDAVVLSAGHCGFGLGATPTAIANMQAVTSRFGPSHKAFLIVPMVGAFFIDLINAALLKVSFAVVNMLA,length1,1212
-3,33237,31227,2010,MTFSVQHAEIHFNQNHIPVSDQFDDVYFSNENGLAETDYVFLQGNQLWERWITHKEANFVIAETGFGTGLNFFAVTKLFREFRQQHENHPLKRLNFISFEKYPLKITALLQAHLAYPQFEDLSAHLQRYWPSLILGCHRIHFEETTLDLWFGDVSENLPQLGDYMNERINAWFLDGFAPSKNPEMWNDDLYNLMFRFTKPNGSFATFTAASAVRKGLESAGFNVTKRKGFGKKRECLSGLKIQSKSTALSTPWYLAQPAKMEKQDVAIIGGGIASLCAAISLVKRGAKVTIYCEDDALALNASGNKQGAFYPQLSDDNALTVDFYLHAFSYGRQLLDWAIAQNIAFEHEFCGVALCAYNEKSAVKLAKISQLGLPNEIFQMLNAEQLSEKVGLPLNCEGGWIEQGAWLAPRQFVQNAFSFLEKQGVIIKTSQKITALSQLEKGWELKNMQGQKYCHEVVILANGYKITDFVQTEKLPLYPIRGQVSQIPTSENLLKLKSVLCYDGYLTPANQLKTSHCIGASHVRDNVDRHFSEQEQQENQQKLQQNIAQPWTQDVNTSDNLARVGIRCSVRDLAPMVGNVPHFEQQQADYYNLFNLRRRKQPIQSAANFQNIFLIAALGSRGLTSAPLLGETLASIIYGEPLPISEGILHNLSANRAWVKKWLKGSKVE,length1,2010
-3,31137,30156,981,MQSINQSINQSINQSINQSINQSINQSINQIVGFVKTCYKPEEVFHFLHQHSIPFSSIGGMTNQNVLLNISGVKFVLRIPNAVNLSLINREYEAFNNAQAYRAGLNVETPVLDAKSGVKLTRYLENSNTLSQIQLNEQSCLSQVVNNLYRLHNSEFVFRNVFSVFDEFRQYFSLLENKSAFYQADSRMDKLSAVFWQFEEINKEIILRPCHNDLVPENMLLQDDRLFFIDWEYSGLNDPLFDIATIIEEAHLSKEAADFLLETYCNQTNKYHKTEFQIAHKRLKIHRFCQNVLWFLWTKVKEEHGENFGDYALKRLDAAFKLLEELP,length1,981
-3,28578,27783,795,MKKLTLREQQLVCLNILDYFHALCERHQIHYSLGGGTLIGAIRHKGFIPWDDDIDVYMHRDEYQRFVDVWFQETHEYYNMETAEDILAQYTGEMAKIFDCRTQITDAKGRKSPMFMDIFIYDGVPNEPKIIYPLMKKHRRIKLRFSSCKKRWLRSKENTLQRTILGKLSHFLFSKMQKNLAQFQIKYPIKQCDYIGLVLSDYGGWQKSYMPKEYFNHIVYKEFEGRQFQVMNGYHEHLTQYYGDYMKLPPEEDQKPHHIQEAYIL,length1,795
-3,2664,2385,279,MTKRCDQPICIEYEECEPNKYGEIRKKIVGVKNRFTEKKIITKLKNWVIKSAKSALGSTALNSETTEQTRRIEPLGLVSITVTVQKLNIKLIY,length1,279
-2,1863361,1862779,582,MANTSRLSPKHLTEKSPKPTSCAHSQSHNSATNSKNLQEKGKVLMNSKDIQRTLHRDCKNASGGITTLALTLGKSPNILGNKLNVECENNHLSFIEALDLIEITNSTRTVAAIADKIDHLIVPMPKCASCCADVVQGFLDITTNAGKIGEQIKSAVHPNSDLGRELSNKEKQTISASIDALIESALCLKWELEQ,length1,582
-2,1862059,1861303,756,MSMRLMVQAMNCKVGNPARKLVLLKLADNANDDGICFPSYQYIADKCEMTRRSAINHIEYLIKMGLVSKKERKNKDGSISNLYFLHLEQGSENFALGSENISLGSENFALGGSENISPRTSHSLEPVNEPKKTTQKSEAEMLLEQFGITGQLAKDFIAHRKAKKGVINQTQLNRLQKQADKAGISICEAVEICIERNWQGFNASWDWRDEKLRPNSPHLGQSHRNKPKFDDTQTGWSAGMNFIVDGTQWQIP,length1,756
-2,1859908,1859323,585,MAKEYKCKMCGNYFIKIVSSLQKVCSPECAIKLSREQTRKAREKKDKQARIENRKKMTALKEKNKTKHELTKEAQVAVNKYIRLRDVGKECISCGTPLVAEQLGGGFDAGHYRSRSAAPHLRFYTLNIHGQCKKCNRYYGGNVQQYRLGLLDRLGSEKVEQIEADNRPRHYSPDDLRRIKQIFNKKYRLIEKRKG,length1,585
-2,1853326,1852909,417,MALKSKKTAAKSQKKKCLISNKEPQMKHSKTPLRQEKQSFTHFMKGSEKWLNRICYFLAALIIAMIVGGISLHANAHPTDWHDNELSQQIQQETRCELKGGIYENGVCLPPNLTLAAEKELQDYTAQKQAEINRTWSKQ,length1,417
-2,1851727,1851034,693,MNLAKSRLRSWRQLRMEMYQLKAKCSGLADLMVKPKSGNGISATAKSAVRKIVKYDLFGYQDFEGNKYTEKGIALEEQAIKLSGRKRGLPLKKNTERRENDWITGECDIYVPSRKLIIDTKCSWDIGSHPFFADEAEEKAKKAGYDAQMQGYMWLWDCSEAQIDFVLLPTPYEQLSSYDDPNRYIDLVEQIPQEKRITTVTIKRDEKIIEKIKERVEIAQEYYQQLIQEMR,length1,693
-2,1850536,1849354,1182,MAEENKEIIAYKGFKQDWTCRGYQYEVGKTYEHKGNVKACESGFHACEYPLDVLSYYSPAVSKFAVVKMSGETSKDSDDTKIASAKITIETEINLPEMIKKAVEWIKGKVDWDAAKVSNTGDQSAATNTGYRSVATNTGYQSAATNTGYQSAATNTGYRSVATNTGYQSAATNTGYQSAATNTGDRSVATNTGNQSAATNTGYQSAATNTGYQSAATNTGYQSAATNTGDRSAATNTGDRSAATNTGDRSVATNTGYQSAATNTGYQSAATNTGYQSAATNTGDRSVATNTGNQSAATNTGYQSAATNTGDRSAATNTGDRSAAEVSSKQSIAVALGWQSKAKASIDGAIVCVYRNDDGELIHIKASKVGENNIKADTWYTLDEIGEFVEVNYD,length1,1182
-2,1848055,1847698,357,MNEINIKLPLHKFQDLMISHVRYSLPRHTYIVSETIHDVKTYWSVLSSNTREVITRDINEHLKRWESDRNDPSLKLDYDSWEELFDWINENRSSPSTTATTAKPIVPVLPVINPKQRKK,length1,357
-2,1846474,1845928,546,MKEFNLDAALNGEPVKLRNGFKAIVYYRIPDEFSYPGGSTEIYPLIGIIFNKDGTIKGASENWKDCGAYCSRQGGLDIVGMWEEHKLTSEQVLEKAYKENFLVLCDGNPDLPLKVIAKTKNGEFVMQPEDDTIQPWLANLTMEWFFVKDSAPKSNTITVTLPKPFKAKKGDNFWFIVEDFEI,length1,546
-2,1845577,1845235,342,MSENNGWIKCTESLPEPGIKCLVFDAETQCVSMNFLMKDAKWYVGYNIKHWMPLPKPPNDETSANIADKLKALQSNPDKEVAHNQADKILCDLLNSLGYHDVVKEFENLEKWYA,length1,342
-2,1800829,1800253,576,MTHYILLIIGTALINNFVLVKFLGLCPFMGVSKKIETAVGMGLATMFVLTVASLCAYLVDHYILIPLNATFLRTLVFILVIAVVVQFTEMAINKTSPTLYRLLGIFLPLITTNCAVLGVALLNINLAHNLTESVVYGFGASLGFSLVLVLFAALRERLVAADIPATFRGSSIALITAGLMSLAFMGFTGLVK,length1,576
-2,1800163,1799584,579,MTFLFIVITLLALIFGAILGFASIKLKVEADPVVEKIDAILPQSQCGQCGYPGCKPYAEAICNGDEITKCIPGGQTTIVKIAEILGVDVPTMEGIEEPIEKVAFIDENMCIGCTKCIQACPVDAIIGTNKAMHTIIPDLCTGCELCVAPCPTDCILMIPVKKNIDNWDWKFDAKLVIPVMNVDGSEKKLVVGE,length1,579
-2,1799581,1797460,2121,MADVLSRFNSGKLWDFKGGIHPPEMKSQSNSQPLRYLPLGTDFYIPLKQHLGTTGNLLIKEGDYVLKGQALTKGDGLRMLPVHAPTSGTIKSIKPYVATHPSGLDEPTIHLQADGLDQWIERNPIDDFSTLSSEQLIHKIYQAGIAGLGGAVFPTAAKIQSAEQKVKLLIINGAECEPYITCDDRLMRERADEIIKGIRILRYILHPEKVVIAIEDNKPEAISAIRNALQGANDISVRVIPTKYPSGATKQLIYLLTGIEVPSGERSSSIGVLMQNVGTMFAIKRAVINDEPLIERVVTLTGNKIAEKGNYWVRLGTPISQILSDAGYQFDKHFPIFAGGPMMGLELPNLNAPVTKLVNCLLAPDYLEYAEPEAEQACIRCSSCSDACPVNLMPQQLYWFARSEDHKKSEEYALKDCIECGICAYVCPSHIPLIQYFRQEKAKIWQIKEKQKKSDEAKIRFEAKQARMEREEQERKARSQRAAQARREELAQTKGEDPVKAALERLKAKKANETESTQIKTLTSEKGEVLPDNTDLMAQRKARRLARQQAASQVENQEQQTQPTDAKKAVVAAAIARAKAKKLAQANSTSEAISNSQTAENEVEKTKSAVEKTEENSTALDAKKAAVAAAIARAKAKKLAQANSTSEAISNAQTAENEVEKTKSAVEKTQENSTALDPKKAAVAAAIARAKTKKLAKTQATLENNQE,length1,2121
-2,1796377,1795756,621,MGTVKITSRYGILLGFIALLCTIISTGIFFLTKDKIDAVIAAQQRELLLQVIPQDYFNNNLLESAVIPQDKNFVGIQKIYFAKKDGNISAYAYETTAPDGYSGDIRLLVGLDPKGEVLGVRVIEHHETPGLGDKIERRISNWILGFTNQSINEHNLSEWAVKKDGGKFDQFSGATITPRAVVNQTKRSALIMLNNQALLQQLSTQVK,length1,621
-2,1791607,1791331,276,MFDTKVMVAPNSPNDRAKPSTSPAKTPGKESGKVIVKNTRQAEAPSVCAACSNLISIFSKESRIARTTNGKATTAEESTAPFQLKPKDKPNH,length1,276
-2,1790026,1789261,765,MKNTEILLTIKLQQALFIDPKRVRLLKEIQQCGSINQAAKNAKVSYKSAWDHLEAMNKISPRPLLERNTGGKNGGGTVLTTYAERLLQLYDLLERTQEHAFHILQDESVPLDSLLTATARFSLQSSARNQFFGRVAQQRIIDSRCVVDVNVQGLPTPLQVSITTKSSARLKLITEKEVMLMFKAPWVKISEQPLVNQPNQFSVNIKSLNEEEAILQFAESNIEFCATVHQPNQWQIGQQVWIHIDQEQIILATLG,length1,765
-2,1768867,1768531,336,MTPTCMLLSKTLPSSRNSAFNVSITAFNSRISSTEIIIGNITANLPKAEARNTARNCAFKISRRSNAMRIARHPKNGFISFGKSKYESSLSPPISIVRSTVKRPFIASTTCL,length1,336
-2,1765975,1765429,546,MPFDKQNLIWIDLEMTGLDPEKERIIEIATIVTDKNLNILAEGPVLAVHQSDELLNKMNDWCQKTHSENGLIERVKASKLTERAAELQTLDFLKKWVPKGASPICGNSIAQDKRFLVKYMPDLADYFHYRHLDVSTLKELAARWKPEILEGFKKENTHLALDDIRESIKELAYYREHFMKLD,length1,546
-2,1760257,1759915,342,MIDDIAVPLTFTDAAANKVKSLISEEENTDLKLRVYITGGGCSGFQYGFTFDEKVNDGDLTIEKSGVQLVIDPMSLQYLIGGTVDYTEGLEGSRFTVNNPNATSTCGCGSSFSI,length1,342
-2,1721020,1720084,936,MAGTAQGVQTQDVIKISATSGLTPAPQARDHKVEVAKLIDVSTCIGCKACQVGCSEWNDIRSDVNAQCVGVYDNPVDLDAKAWTVMRFNEVEENDRLEWLIRKDGCMHCAEPGCLKACPAPGAIIQYANGIVDFQSDKCIGCGYCIAGCPFNIPRMNPEDNRVYKCTLCVDRVSVGQEPACVKTCPTGAIRFGSKEEMKIYAEQRVADLKSRGYENAGLYDPPGVGGTHVMYVLHHADKPELYNGLPKDPQIDLSVTLWKDVLKPVAAVAMGGLALAEVAHYLTVGPNVEEDVEDHHHEFEENKPSKGENNE,length1,936
-2,1691530,1689754,1776,MDYSQEAITSLIWILQTLAITSVVFSFGIFLLVRFTQWGRQFWMFAGGYLSPKRSIKPILFFLLIVAMTLLSVRISLVHSEWYKNMYTSLQEFNEHVFWQQMGLFCVIAASSVSAALVSYYLEQRFVINWIEWLNEQLVDKWMAHRAYYKTQYLSENLDNPDQRIQQDVQSYVKTTLSLSTGVIDAVTSMISYTILLWGLAGPMMVLGVEIPHMMVFLVFGYVIFTTLIAFWLGRPLISLNFINELLNANYRYSLIRIKEYAESIAFYAGEKVEKNQLYQQFNAVIHNMWIIVFRTLKFSGFNLVVSQISVVFPLLIQVGRYFEKQIKLGDLMQTLQVFGQLHANLSFFRNTYDNFASYKATLDRLTGFCYAIEKANNKSQTQIHNHPTDVIFKNLSIQNPLGHTLIKHLNITLPQGTSLLIQGKSGAGKTTLLRTIAGLWSYAEGEINCPTHNQLFLSQKPYVPQGNLMSALAYPNNADNISHTQAVEILNKVQLGHLAEQLEKEQDWTRILSLGEQQRLAFARLILHKPAVAFLDEATASMDEGLEFSMYQLLQQELPQTTIISVGHRSTLKTLHQQQLILQDKGQWQVL,length1,1776
-2,1689622,1688569,1053,MLFKKIRGLFSNDLSIDLGTANTLIYVKRQGIVLDEPSVVAIRQDRVGTLKSIAAVGKEAKLMLGRTPKSIVAIRPMKDGVIADFFVTEKMLQYFIKQVHSGNFMRPSPRVLVCVPAGATQVERRAIKESAIGAGAREVYLIEEPMAAAIGAKLPVSTAVGSMVIDIGGGTTEVAVISLNGIVYSSSVRIGGDRFDEAIISYVRRTFGSVIGEPTAERIKQEIGSAYIQEGDEIKEMEVHGHNLAEGAPRSFTLTSRDVLEAIQQPLNGIVAAVRTALEECQPEHAADIFERGMVLTGGGALLRNIDILLSKESGVPVIIAEDPLTCVARGGGEALEMIDMHGGDIFSDEI,length1,1053
-2,1687432,1686946,486,MQTRFILQWFTILSFFVIAFVLELAPWPVGFQMLKPAWLVLVLLYWVLAIPNKVSIGWSFLLGLTWDLILGSTLGVHALVLSTSMYIIAKNYLILRNLSLWFQSLLVVLFVFIIRLLIFLVEFSLHTAFFHWQAILGAFASGLLWPWVFLLMRKIRRKVKLH,length1,486
-2,1673533,1672786,747,MENIVNRTYTRIGQLLKQDISQGIYSIGDKLPTEREISEKFGVSRTIVREAMVMLEVEKLVEVKKGSGVYVVRTPESIHMEHSDLPDVGPFELLQARQLLESSIAEFAALQATKKDILNLKQILNREKELLTQNQDDYSADKDFHLALAEITQNDVLVKLQEQLWQYRFNSAMWTQLHSRILQNDYHHLWIEDHQTILSAIQKKNANEARKAMWQHLENVKVKLFELSDVEDPHFDGYLFNTNPVVVGI,length1,747
-2,1672756,1671574,1182,MEQAWRWYGPKDPVSLSDIRQAGATGIVTALHHIPNGEVWSIEEIKKRKTEIENAGLSWSVVESVPVHEEIKTQTGNYQKWINNYKQTLRNLAQCGIDTVCYNFMPVLDWTRTDLAYELPDGSKALRFDHIAFAAFELHILKRPDAEKAYNQEEQVAARTYYDKMSEQDITQLTRNIIAGLPGAEEGYTLDEFQTQLDRYKDISPEKFRTHLAYFLNEIVPVAQEVGIKMAIHPDDPPRPILGLPRIVSTIEDMQWFVETQPLPANGFTMCTGSYGVRSDNDLVKMTEQFADRIYFAHLRSTQREDNPLTFHEAAHLEGDVDMFNVVKALLNEEYRRLNQGETRLIPMRPDHGHQMLDDLRKKTNPGYSAIGRLKGLAEFRGLEMALKKVYFNK,length1,1182
-2,1661857,1660501,1356,MPKARAKKSEQTRRYDKNVIKAAQFDISPSDFSRNALNVVEKLQRQGFEAYIVGGCIRDLLLGKKPKDFDVATNARPEQIQNIFQRQCRLVGRRFRLAHIMFGRDIIEVATFRANHSDARNENQAKQSNEGMLLRDNVYGTIEQDAARRDFTVNALYYNPQDNTLRDYFEGIKDLKAGKLRLIGDPVTRYQEDPVRMLRSIRFMAKLDMFLEKPSEQPIRELAPLLKNIPPARLFDESLKLLQAGQGVKTYRLLRQYSLFEQLFPALSAYFTEKEDSFAERMIVTALSSTDERVADKLRINPAFLFAAFFWYPLREKVEILKNEGGLNNHDAYALAGNEVLDLFCRALAVPRRHTAVIRDIWFLQLQLLKRTGSAPMRTMEHPKFRAGFDLLAMRAEIEGGETIELAKWWHEYQFSNGEQREQLIHEQQRLHPKPKKKYYRPRRRKITRSAE,length1,1356
-2,1659448,1658152,1296,MKTKILFFLFFSTFSFSIFAAPITIAIDPGHGGKDPGAISRNLGIYEKNVTLSIAKELKALLDKDPHFRGVLTRKSDYYISVPERSEIARKFKANYLISIHADSSESPDRRGASVWVLSNRRANDEMGQWLEDDEKRSELLGGAGKVLSHNNDKYLDQTVLDLQFGHSQRTGYVLGEHILHHFAKITTLSRSTPQHASLGVLRSPDIPSVLVETGFLSNSEEEKKLNSQTYRRRIAYMIYEGLVAFRSGKTNTLVKDNLVQNIKQNDIKKSGKNNRTSEQNINEDNIKDSGIRHIVKKGESLGSLSNKYHVKVSDIIKLNQLKRKTLWLNESIKIPDNFEIKNKSLTIKENDFHKKQNSSVNNTNKDLKKEKNTQTNNQKNIIPLYHKVTKNQTLYAISREYNIPVNILLSLNPHLKNGKVITGQKIKLREK,length1,1296
-2,1658149,1656262,1887,MPIKILSPQLANQIAAGEVVERPASVVKELVENSLDAGANKIQIDIENGGANLIRIRDNGCGIPKEELSLALARHATSKIADLDDLEAILSLGFRGEALASISSVSRLTLTSRTEEQTEAWQIYAQGRDMETTIKPASHPVGTTVEVANLFFNTPARRKFLRTDKTEFAHIDEVIRRIALTKFNTAFTLTHNGKIIRQYRPAEAINQQLKRVAAICGDDFVKNALRIDWKHDDLHLSGWVATPNFSRTQNDLSYCYINGRMVRDKVISHAIRQAYAQYLPTDAYPAFVLFIDLNPHDVDVNVHPTKHEVRFHQQRLIHDFIYEGISYALNNQEQLNWHTDQSAVENHEENTVREPQPNYSIRPNRAAAGQNSFAPKYYEKPQQNQPHFSNTPVLPNHVSTGYRDYRSDAPSKTEQRLYAELLRTLPPTEQKDISDTAQQNISDTAKIISTEIIECSSHLRTLSLIENRALLLQQNQDFFLLSLEKLQRLQWQLALQQIQIEQQPLLIPIVFRLTEAQFQAWQQYSDNFKKIGFEFIENQAQLRLTLNKVPNVLRTQNLQKCLMAMLTRDENSSPFLTALCAQLECKTFDALADALNLLSDTERLLTQTNRTAFTQLLKPVNWQPLLDEI,length1,1887
-2,1655311,1652368,2943,MTALSALIEQKLQSLGTILCQSFPELSPEKIHEAIQQNSNHPELPVYQLGYAIAMSDFVEKVLQKYPHLVKQWWEKSPCFADCTAYIERLNRELANVHDETALYQTLRQFRNIEMAKLSFCQSLNLATVEEIFVQLSQLAESLIIAARDWLYHQACAEIGTPMDEQGNPQQLYILGMGKLGGFELNFSSDIDLIFTYPSQGETSIENTNARRSVDNGKFFTRLGQRLISALDEFTSDGFVYRTDMRLRPFGDSGALVLSFAAMEQYYQDQGRDWERYAMIKGRVLGVQTKDPNVSKLQKMLRPFVYRRYIDFSVIQSLREMKGKIEREVRRRGLKDNIKLGAGGIREVEFIVQVFQLIRGGREINLQQHSLLKILPEITKLGLITEQQFHDLRESYIFLRRVENILQAINDQQTQTLPTDEIDQIRLVKACKTFTCLNENNQTIEKHYPIENWDDFYRTLQQKQEKVRAVFTQLIGDEQDEPSQTDSQWQDFLEADFEDIEQTLLESGVSENNIDEVLEKLAQFKDGLNHRVIGSRGRDVLSHLMPTVLALIFEQENYRTLLPRILNIIEKISSRTTYLELLLENPRALQQVIELCAQSQLISEQLARYPILLDELLNTEALRHPLPFTQYPAELHQYLLRLPPDDEEQIIDALRQFKQATLLKVAAADILGALPVMKVSDHLTYLAESIIEVVVNLAWKQVSSRFGVPEHLQNNEKGFLVIGYGKLGGIELGYKSDLDLVFLYDAVENQTTGGKKVIDSNQFYLRLAQKIVSIFSINTSAGVLYEADMRLRPSGDAGLIGCSLSAFSHYQLNDAWTWEKQALVRARPVFGESSLKAKFEHIRQQVLSASRDIEQLKQDVVEMRKKMFAHLSHSKHSEFNLKTDRGGITDIEFIAQYLMLANAPKKPQLTKWSDNVRIFDDIAEAKIISQTDCDTLKQCYVDLRNAIHHLNLIGKSPVVDETEFVKERSFIQAFWDRLFVS,length1,2943
-2,1649611,1648909,702,MIHKMTALEFNIFVIISFFATPCPITINQFCFTEKKMSEQEQKIETPEVEKQEDSVVEETQQTESSQELDPLEEAIARVQELEELLKTQIEEAANKEQDILLRSRAEIENLRRRTEQDVEKAHKFAVEKFSKDILNTIDNLERALATPANKENESVKALFDGVELTLKELVSTVSRFGVEAVGVVGEAFNPDLHQAISMQPAEGFETNQISVVLQKGYTLSGRVIRPAMVMVAA,length1,702
-2,1645594,1644736,858,MSDILNNLIHLLKLEKIDDLIFRGESQDLGFRQVFGGQVVAQALSAAMQVAPEDRILHSCHAYFLAPGDSQYPIIYDVETLREGRNFSALRVKAIQHKNTICHVTTSFQVLEKGFEHQNSMPNVGAPEDFTDENVMLQKVAQTLPEPLNEKFAAERPFEVRTKYLNNPFNGTKLPAEQYSWFKTNGETPLDIKIQQCLLAYFSDFHCILTALHPHEKGFLQKGMKVATIDHSIWFHRPFDLNHWHLHAIESNNAFGGRGLARGQIFSQDGQLIATTQQEGLIRFNE,length1,858
-2,1625440,1624444,996,MQFKHFKLATLAAALAFSANSFADITVYNGQHKEAATAVAKAFEQETGIKVTLNSGKSEQLAGQLKEEGDKTPADVFYTEQTATFADLSEAGLLAPISEQTIQQTAQKGVPLAPKKDWIALSGRSRVVVYDHTKLSEKDMEKSVLDYATPKWKGKIGYVSTSGAFLEQVVALSKMKGDKVALNWLKGLKENGKLYAKNSVALQAVENGEVPAALINNYYWYNLAKEKGVENLKSRLYFVRHQDPGALVSYSGAAVLKASKNQAEAQKFVDFLASKKGQEALVAARAEYPLRADVVSPFNLEPYEKLEAPVVSATTAQDKEHAIKLIEEAGLK,length1,996
-2,1624183,1622806,1377,MAELLSNTMLLMVCVTIGAISLGTLCAFLLERYRFFGKAFFEVAMTLPLCIPAFVSCFTWISLTFRVEGFWGTIGIMTLSSFPLAYLPVSAILKRLDRSLEEVSLSLGKSPVYTFWYVIFPQLKPAIGSSILLIALHMLIEFGAVSILNYQTFTTAIFQEYEMSFNNSTAALLSAVLMAICILIVFGEIFFRGKQTLYHSGKGVTRPYLVKTLSFGKQCLTFGFFSSIFILSIGVPVIMLIYWLIVGTSLESAGDFSEFLSAFSNSFIISGLGALLTVMCALPLVWAAVRYRSYLTIWIDRLPYLLHAVPGLVIALSLVYFSIHYANDLYQTFFVIIIAYFMLYLPMAQTTLRASLEQLSDQIEKVGQSLGRSPFYIFRTLTLPAILPGVAAAFALVFLNLMKELTATLLLTSNDIKTLSIAVWEHTSDAQYAAATPYALMLVLFSGIPVFLLKKYAFK,length1,1377
-2,1616326,1613956,2370,MEHSVHNKLVSFIWSIADDCLRDVYVRGKYRDVILPMFVLRRLDTLLEPSKDAVLEEMRFQKEELAFTELDDLPLKKITGHVFYNTSKWTLKSLYQTASNTPQYMLANFEEYLDGFSTNIHEIINCFKLREQIRHMSHKNVLLSVLEKFVSPYINLTPKEQQDPEGNKLPALTNLGMGYVFEELIRKFNEENNEEAGEHFTPREVIELMTHLVFDPLKDQIPAIITIYDPACGSGGMLTESQNFIEQKYPLSESQGERSIFLFGKETNDETYAICKSDMMIKGDNPENIKVGSTLATDSFQGNHFDFMLSNPPYGKSWSKDQAYIKDGNEVIDSRFKVTLPDYWGNVETLDATPRSSDGQLLFLMEMVSKMKSPNDNKIGSRVASVHNGSSLFTGDAGSGESNIRRHIIEKDLLEAIVQLPNNLFYNTGITTYIWLLSNNKPEARKGKVQLIDASLLFRKLRKNLGDKNCEFVPEHIAEITQNYLDFTAKARETDSQNETVGLASQIFDNQDFGYYKVTIERPDRRSAQFTAENISPLRFDKALFEPMQYLYRQYGEQIYNAGFLAQTEQEITAWCEAQGIALNNKNKTKLLDVKTWEKAAALFQTASTLLEHFGEQQFDDFNQFKQAVECRLKAEKIPLSATEKKAVFNAVSWYDENSAKVIAKTLKLKPNELDALCQRYQCQADELADFGYYATGKAGEYILYETSSDLRDSESIPLKQNIHDYFKAEVQAHISEAWLNMESVKIGYEISFNKYFYRHKPLRSLAEVAQDILALEKQADGLISEILEA,length1,2370
-2,1601065,1600438,627,MKLYGLIGACSFVPHVALEWVKIRENADYEFEPVTRELIKSPEFLSLNPRGAVPVLVDGDLVLSQNQAILHYLDELYPNSKLFGSKTVRDKAKAARWLAFFNSDVHKSFVPLFRLPNYAKDNETLAHTIRQQAVEQILDQLAVANEHLESHIYFGEDISVADAYLYIMLNWCRAVGIDFSHLTQLSAFMQRVETDQAVENVRKSEELKV,length1,627
-2,1600075,1597840,2235,MNILINKRIFLLVTLVGIQLNVTAKQNSSNSNREELLPIIVNTNDDSNKLPGRSVLKQKNIEQQQADNAANLINILPGVNMAGGFRPGGQTLNINGMGDAEDVRVQLDGATKSFEKYQQGSIFIEPELLRRVTVDKGNYSPQYGNGGFAGTVKFETKAARDFLQENQKIGGFLKYGNNSNNNQKTYSTALVLQNEQKNIDLLLFGSVRNAGDYKRPDNSKILFSKNNQKTGLIKVNWQISPEHLLTLSSVYGIHKGWEPFAAKRDILPKPSSGDIMRYGADIAWKRKLVYRDQKDKNYTLKYNYLPENNPWINLSTQFSYSKTTQNDTRPEKAPPVFLGTLGNQSWITYSDLTFDINNTSTFNIKSTRHELLFGLQWLKNTRNTLMYDKSKVKKEDYNYGYFQPYYMPSGRQYTQALYLQDQITWKNIIFSTGVRYDHINNIGQKNFAPQYNDISVGQNYSQKNYNGWSYYLGLKYDVNHYLSLFTNFSRTWRAPVIDEQYETQYKQSSGPVTATSLNLEKEMINQTRVGGIITLNHLFQENDVFQFRTTYFYNRGKNEIFKTRGVNCVGNAADTNHVCPKIIGNYRNLPGYVIQGAELEAYYQSTYLFGEITYSYVKGKRDTSPRNPWGKTSTWIAEIPPRKATTALGFNIPKYNFTAGWRAEFVRRQDRSPLSGDPEAKYWSLPASRGYSLHNLFLSWSPAKIKGMNIKITVDNLFNRAYNPYLGELASGTGRNIKFSLSQKF,length1,2235
-2,1587169,1586386,783,MGITVMARIDNYEQRFGGIGRLYTPDGLARLRQAHICVIGIGGVGSWVVEALARSGICELTLIDMDDICVTNINRQLPAMSGTIGKLKTEVMSERVKLINPECTVNIIDDFISPENQSDYLNRGYDYVIDAIDNVKTKASLIAYCKRNKINVITIGGAGGQTDPTQIQIADLSKTIQDPLLAKVRSVLRKDYNFSQNPKRKFSIDAVFSTQPLIFPQMTEGCSTSATMNCANGFGAATMITATFGFFAVSRVIDKLLKKKS,length1,783
-2,1586206,1585201,1005,MKKLLKISAVSAALLSAPMMANADVLASVKPLGFIVSSIADGVTGTQVLVPAGASPHDYNLKLSDIQKVKSADLVVWIGEDIDSFLDKPISQIERKKVITIADLADVKPLLSKAHHEHFHEDGDHDHKHEHKHDHKHDHDHDHDHKHEHKHDHEHHDHDHHEGLTTNWHVWYSPAISKIVAQKVADKLTAQFPDKKALIAQNLSDFNRTLAEQSEKITAQLANVKDKGFYVFHDAYGYFNDAYGLKQTGYFTINPLVAPGAKTLAHIKEEIDEHKVNCLFAEPQFTPKVIESLAKNTKVNVGQLDPIGDKVTLGKNSYATFLQSTADSYMECLAK,length1,1005
-2,1581469,1580863,606,MTMVLVTRQAPDFTSSAVLSNGEIVDNFNFKKHIAGKAAVIFFYPLDFTFVCPSELIAFDHRYEEFKKRGVEVVGVSIDSQFTHNAWRNTPTENGGIGQVKYALAADVKHEIAQAYGIEHPEAGVALRASFLIDKNGVVRHQVVNDLPLGRNIDEMLRMVDALQFHEDHGEVCPAQWEKGKEGMKDNPEGVAKYLKQNADKL,length1,606
-2,1574920,1573714,1206,MSLYLKAAKIQSWRVLIMACAGFIFNTTEFVPVAMLSDIAQSFNMQTADTGLMMTVYAWTVLIMSLPAMLATGNMERKSLLIKLFIIFIVGHILSVIAWNFWILLLARMCIALAHSVFWSITASLVMRIAPKHKKTQALGMLAIGTALATILGLPIGRIVGQLVGWRVTFGIIAVLALSIMFLIIRLLPNLPSKNAGSIASLPLLAKRPLLLWLYVTTAIVISAHFTAYTYIEPFMIDVGHLDPNFATAVLLVFGFSGIAASLLFNRLYRFAPTKFIVVSMSLLMFSLLLLLFSTEAIIAMFSLVFIWGIGISCIGLSLQMRVLKLAPDATDVATAIYSGIFNAGIGAGALFGNLATTYLGLNEIGYTGAALGLIGFIIFITTHLKYRHTFLLQNNKKITAL,length1,1206
-2,1570627,1570165,462,MQKQIEIFTDGSCLGNPGAGGIGAVLRYKQHEKMLSKGYFKTTNNRMELRAVIEALNTLKEPCLITLYSDSQYMKNGITKWIFNWKKNNWKASSGKPVKNQDLWIALDESIQRHKINWQWVKGHAGHRENEICDELAKKGAENPTLEDMGYIEE,length1,462
-2,1562251,1561264,987,MMKLTKLFLATAISLGVSSAVLAADYDLKFGMNAGTSSNEYKAAEMFAKEVKEKSQGKIEISLYPSSQLGDDRAMLKQLKDGSLDFTFAESARFQLFYPEAAVFALPYVISNYNVAQKALFDTEFGKDLIKKMDKDLGVTLLSQAYNGTRQTTSNRAINSIADMKGLKLRVPNAATNLAYAKYVGASPTPMAFSEVYLALQTNAVDGQENPLAAVQAQKFYEVQKFLAMTNHILNDQLYLVSNETYKELPEDLQKVVKDAAENAAKYHTKLFVDGEKDLVTFFEKQGVKITHPDLVPFKASMKPYYAEFVKQTGQKGEAALKQIEAINP,length1,987
-2,1548196,1547326,870,MMTSNSYWQRLKVAFQYVMPQIYLTQIAGWFAKQKWGKTTHFVIKAFAKKYNIDMSIAQKEQFSDYASFNEFFIRPLKENARPINQNPTTLCLPADGRISECGHIDDNLLLQAKGHFFSLEDLLAEDKELVETFKNGEFATTYLSPRDYHRVHMPCDATLRKMIYVPGDLFSVNPFLAQHVPNLFARNERVICVFDTEFGTMVQILVGATITASIGTTWAGVINPPRHNEVKTWTYEGESAVKLLKGQEMGWFQLGSTVINLFQANQVRLADHLSVNEPVRMGEILAYKK,length1,870
-2,1542988,1541755,1233,MGLKNLFEKMEPAFLPGGKYSKLYPIFESIYTLLYTPGTVTHKNTHVRDALDSKRMMITVFLALFPAIFYGMYNVGNQAIPALNQLGNLDQLIANDWHYALASSLGLDLTANATWGSKMALGAIFFLPIYLVVFTVCTIWELLFSVVRGHEVNEGMFVSTILFALIVPPTLPLWQAALGITFGIIVAKEIFGGVGRNFMNPALAGRAFLFFAYPAQISGDTVWTAADGFSGATALSQWSQGGQGALQHTVTGAPITWMDAFVGNLPGSMGEVSTLAILIGGAVIVFTRIAAWRIIAGVMIGMIATSTLFNLIGSETNPMFSMPWHWHFVLGGFALGMVFMATDPVSASFTNTGKWWYGALIGVMAVLIRTVNPAYPEGMMLAILFANLFAPIFDYIVVQANIKRRRARTNG,length1,1233
-2,1541026,1540402,624,MSGKTSYKDLLLAPIAKNNPIALQILGICSALAVTTKLETAFVMAIAVTLVTGLSNLFVSLIRNYIPNSIRIIVQLAIIASLVIVVDQILKAYAYGLSKQLSVFVGLIITNCIVMGRAEAFAMKSPPVESFVDGIGNGLGYGSMLIIVAFFRELIGSGKLFGMTIFETIQNGGWYQANGLFLLAPSAFFIIGFVIWGLRTWKPEQQEK,length1,624
-2,1540396,1539802,594,MEHYISLFVKAVFIENMALSFFLGMCTFLAVSKKVSTAFGLGIAVTFVLGIAVPVNQLIYANVLKENALIEGVDLSFLNFITFIGVIAGLVQILEMVLDKFMPSLYNALGIFLPLIAVNCAIFGGVSFMVQRDYNFPESIVYGFGSGLGWMLAIVALAGLTEKMKYADIPAGLKGLGITFISVGLMALGFMSFSGIQL,length1,594
-2,1539787,1538554,1233,MSDSVILALGIAAFTVIVLVLVAIILFAKSKLVDSGDITIGINDDPEKAITLPAGSKLLGALASKGIFVSSACGGGGSCGQCIVKVKNGGGEILPTELSHINKREAKEGYRLACQVNVKGNMEVELPEEIFGVKKWECTVISNDNKATFIKELKLAIPEGEEVPFRAGGYIQIEAEPHVVNYKDFDIPEEYHEDWDKYDLWRYVSKVDEHIIRAYSMASYPEEKGIIMLNVRIATPPPRQPDAPPGQMSSYIWSLKAGDKVTISGPFGEFFAKETDAEMVFIGGGAGMAPMRSHIFDQLKRLHSKRKMSFWYGARSKREIFYQEDFDQLQAENPNFVWHVALSDALPEDNWTGYTGFIHNVLYENYLKNHEAPEDCEYYMCGPPVMNAAVIKMLKDLGVEDENILLDDFGG,length1,1233
-2,1537030,1535839,1191,MTNVLRLNRSYGRTMLISNTYNQHFPQLTQEQLARNATKKVICGMSGGVDSSVSAFILQQQGYQVEGLFMKNWEEDDDTDYCTAAADLADAQAVCDKLGIKLHKINFAAEYWDNVFEHFLTEYKAGRTPNPDILCNKEIKFKAFLEYAAEDLGADYIATGHYVRRAGDNENAKLLRGLDANKDQSYFLYTLSHKQVGQSLFPVGEIEKPIVRAIAEDLGLITAKKKDSTGICFIGERKFKDFLARYLPAQPGNIRTVDDEIIGRHDGLMYHTLGQRKGLGIGGLKNAGDEAWYVVDKDVENNELIVAQGHDHPRLFSKGLIASQLHWVDREPIRESLRCTVKTRYRQQDIPCVIEPIDDETIRVIFDEPQSAVTPGQSAVFYLGEVCLGGGIIAERI,length1,1191
-2,1526929,1525486,1443,MIMEFEFSKMLEEVLTWIVAHLDGPLWDATIIILLGTGLFFTITTGFVQFRLFPASLREMWFGRSVEGSSLTPFQAFTTGLASRVGVGNIGGVATAIALGGEGAVFWMWVTAFIGMSSAFAESTLAQLFKIQDKDGSFRGGPAYYIVQGLKSRCMAVAFALALIFTFGFAFNSVQANSIVEATSNAWNWKGEYVGISLVILTALIIFGGVKRIAIISSNLVPMMALFYLIMAVIILGMHIDMIPSVIHRIVQSAFSFDAAAGGMFGALVSKAMMMGIKRGLFSNEAGMGSAPNSAAAAHVKHPVSQGLVQMLGVFVDTMIVCTCTAVIILLSNNYGSETLKSISLTQNALQYHIGEFGVHFLAFILLLFAYSSIIGNYAYAESNIRFIKNKPWFVLLFRLMVLFFVYFGSVRSGNVVWNFADTVMAVMAIINLIAILMLSPIVWKLMKDYQHQLKEGKTPEFKIDDHPELRKKIFDSRIWK,length1,1443
-2,1509733,1508968,765,MDIGIDLLAILFCVGFVASFIDAIAGGGGLITIPALLMTGMPPAMALGTNKLQAMGGALSASLYFLRKRAVNLRDIWFILIWVFLGSALGTLLIQSIDVAIFKKMLPFLILAIGLYFLFTPKLGDEDRKQRLSYMLFGLLVSPFLGFYDGFFGPGTGSIMSLACVTLLGFNLPKATAHAKVMNFTSNLASFALFLLGGQILWKVGFVMMAGSILGANLGAKMVMTKGKTLIRPMVVIMSFMMTAKMIYDQGWFHF,length1,765
-2,1506070,1505752,318,MSLPAIPHQLERNRRLTILHQFQFESTVHQSLRNVHILKSISDFEQARLRRLDQVYVLVAKGKSPLRLLLPLLLQYESHPVKVAPSSAFLGHHHKGDRPQFYACRM,length1,318
-2,1499935,1499077,858,MLRPKKQSLKPKLKHRPFLKWAGGKFRLTDEINKAFPNKKNCLIEPFVGAGAIFLNSNFERYILADINPDLINLFNIVKENVEGYIEDCKPIFFADDANTPDYYYAKRRQFNASTDPFERSIIFLYLNRFGFNGLCRYNSKNEFNVPFGAYKTHYFPEDELRYFAHKAQSAVFLCCDFQKTFEFADKDSVIYCDPPYAPLQQETNFTGYAGNEFGLVQQRALADLAKSIQKEKQISILISNHDTKFTREIYNGAKFKRVKVQRSISQNPEKRVKVKELIAIFGARK,length1,858
-2,1494205,1492162,2043,MSMSNPLLNIQALPPFSQIKPEHIQPAVEKLIQDCRNTIEQVLKQPHFTWENFILPLTETNDRLNRAWSPVSHLNSVKNSAELREAYQECLPLLSEYSTWVGQHKGLYNAYLALKNSAEFADYSIAQKKAIENSLRDFELSGIGLSEEKQQRYGEIVARLSELNSQFSNNVLDATMGWEKLIENEAELAGLPESALQAAQQSAESKGLKGYRFTLEIPSYLPVMTYCENRTLREEMYHAYATRASEQGPNAGKWDNSKVMEEILTLRVELAKLLGFNTYTELSLATKMAENPQQVLDFLDHLAERAKPQGEKELQELKNYCEKEFGVTELAPWDIGFYSEKQKQHLYAINDEELRPYFPENRVISGLFELIKRIFNIRAVERKGVDTWHKDVRFFDLIDENDQLRGSFYLDLYAREHKRGGAWMDDYIGRKRKLDGSIQTPVAYLTCNFNAPIGNKPALFTHNEVTTLFHEFGHGIHHMLTQIDVSDVAGINGVPWDAVELPSQFMENWCWEEEALAFISGHYETGEPLPKEKLTQLLKAKNFQAAMFILRQLEFGIFDFRLHHTFDAEKTNQILDTLKSVKSQVAVIKGVDWARAPHSFSHIFAGGYAAGYYSYLWAEVLSADAYSRFEEEGIFNPITGKSFLDEILTRGGSEEPMELFKRFRGREPQLDALLRHKGIMN,length1,2043
-2,1491928,1490386,1542,MAAAIQQRAELQRRIWQIANDVRGSVDGWDFKQYVLGTLFYRFISENFANYIEAGDESVNYAQLPDEIITPDIKTDAIKTKGYFIYPSQLFKNVVATANTNPNLNTELKQIFSDIENSATGYPSEQDIKGLFADFDTTSNRLGNTVTDKNSRLAAVLKGVAELDFGDFEDNHIDLFGDAYEFLISNYAANAGKSGGEFFTPQCVSKLIARLALYGQDKVNKIYDPAAGSGSLLLQAKKQFDEHIIEEGFFGQEINHTTYNLARMNMFLHNINYDKFDIALGNTLMEPQFGDDKPFDAIVSNPPYSVKWAGSDDPTLINDERFAPAGVLAPKSKADFAFILHALSYLSAKGRAAIVSFPGIFYRGGAEQKIRQYLVDNNYVDAVIALAPNLFFGTSIAVNILVLSKHKPNTQTQFIDASGLFKSATNNNILEEEHIEQILKLFADKEDVPHLAKSISFEEIAQNDYNLAVSSYVEQKDTREVINIDELNAQIRKTVANIDRLRAEIDKIVAEIEG,length1,1542
-2,1488997,1487845,1152,MTKSLDKIAKQLRDSDKKVNLIYAFNGSGKTRLSKVFKNLIAPKENHDNEEDLTRRKILYFNAFTEDLFYWDNDLLNDTEPKLKIQPNSFIRWLIRDQGDEGKVIGKFHHYCDEKLMPKFDIENNQITFSFARGDDTPEENIKLSKGEESNFIWSIFHTLIEQVVAELNISEPSERTTNEFDELKYIFIDDPVSSLDENHLIQLAVDLAELVKDSPDTIKFIITTHNPLFYNVLYNELGAKNGYILRKDENKNEKERFDLEVKQGGSNKSFSYHLFLKNLLEEVEPKDIQKYHFMLLRNLYEKAANFLGYSGWSNLLPNDDARQSYYTRIINFTSHSTLSNEIIAEPTDAEKKIVKYLLEHLINNYGFYIEENIKDPQTDNITE,length1,1152
-2,1473118,1471654,1464,MSLRIKQEALTFDDVLLVPAHSTVLPNTANLSTQLTKEIRLNIPMLSAAMDTVTETKLAISLAQEGGIGFIHKNMTIERQADRVRKVKKFESGIVSEPVTVLPNLTLAELAEMVKKNGFAGYPVVDEENNLIGIITGRDTRFVKDLSKTVSQVMTKKEDLVTVKEGASREEILELMHQHRVEKVLVVNDSFKLKGMITVKDFQKAEQKPNACKDEFGRLRVGAAVGAGAGNEERIDALVKAGVDVLLIDSSHGHSEGVLQRVRETRAKYPNLPIVAGNVATAEGAIALADAGASAVKVGIGPGSICTTRIVTGVGVPQITAIADAAAALKDRGIPVIADGGIRFSGDIAKAIAAGASCVMVGSMFAGTEEAPGEIELYQGRAFKSYRGMGSLGAMAKGSSDRYFQSDNAADKLVPEGIEGRIPYKGYLKEIIHQQMGGLRSCMGLTGCATIDELRTKAEFVRISGAGIKESHVHDVAITKEAPNYRMG,length1,1464
-2,1436710,1435816,894,MSAQNPLFSGSIVALVTPMNHYGEVDFSCLEKLVEHHIEAGSNALVSVGTTGESATLSIEENVKVIEKTVEFAKGRIPIIAGAGANATSEAITMTKLLRDSGVAGCLSVVPYYNKPTQEGMYQHFKAIAECTDLPQILYNVPSRTGSDMKPETVARLAEIENIVGIKEATGDVSRIVKIKQLAGKNFIVLSGDDATGLEAIKLGAEGVISVTNNIAAKDMADMCRYALAGDFNKAEEINARLMRLHHDLFIESNPIPVKWAAYRLGLIKSPHLRLPLTTLSEEIQPKVEEALKIAGLL,length1,894
-2,1434883,1434562,321,MTLNITSKQMDITPAIREHLEERLAKLGKWQTQLISPHFVLNKVPNGFSVEASIGTPLGNLLASATSDDMYKAINEVEEKLERQLNKLQHKSESRRANERLKDSFEI,length1,321
-2,1432057,1431775,282,MKLSKTTGSFKSRKTITIFVQFTPKSTAIIMTQRTIYAKPIFRLQEISSASTFCTSYHSFLFLPKFRLEKLGCLLKSAVKIKDKILVILLELVH,length1,282
-2,1430320,1428178,2142,MRFSKLSLAIATTLVTANVLAQSTELDSINVIATRDPSKFAYTPEKQSKDSLLSKQATSVAAALEDIPNVDIRGGSRSIAQKPNIRGLSDNRVVQVIDGVRQNFDLAHRGSYFLPMSLIQEIEVIKGPSSSLWGSGALGGVVAMRTPNALDLLKNNDKFGVKIRQGYQTANNLSERDASVFAANDKFDVLISAFYNNADNLRIGKGNKLNNTAYKQFGGLAKFGWQINDANRVELSHRETRFKQTAPSNNEVENELTNEQIKKQIGEFHGSNNSLPQRKPSASETSAFYSKVKTRFGSVSYLSDQQIPDQSTVFNYYLTPDNPYLNTHIALYNNKTIEKEQRKVSGVKDQTKLTTRGINLRNSSELSHISFVYGVDYMRDKISTERGTNSSDAQFRAEPYNANSNTTGVYLIAHIPLFGEKLLLSPSVRYDHYDTSSKTVKYKDKHLSPATKLTWKVTNWLDFSAKYNEAFRAPSMQERFVSGSHFGANILGKDEINRFVANPNLRPETAKNKEITANLHFDSLFKQGDKFKIEATYFRNDVKDLINLKIFNNPNAPNANGALLPTNSQYQNIANARLSGIELQAQYQTERLTLFTNYGSTKGRDKDSGEALSNIAASKIGVGADYALVKDKFTVGATVTHYAAQHRVPKDHAVTYPSYILTDLRATYAPLKGEWKNLRLDFALENLFDRKYQPAFSLMEGTGRNAKISAVYSF,length1,2142
-2,1428094,1426402,1692,MKMRPRYFVIASAVSLGFVLSKSVMALVPNAGSLNRELEQRQIQPEAKPSGELFNQAAKSPYTAQYKQELKFPLTQVQILDRNNQEVAADELAHILKNYVGKEVSLSDLSNLANEISEFYRHNNYLVAKAILPPQEIEQGTVKILLLKGNVGEIRLQNHSALSNKFVSRLSNTTVNTSEFILKDELEKFALTINDVPGVNAGLQLSAGKKVGEANLLIKINDAKRFSGYVSVDNQGNKYTGRYRLAAGTKVNNLTGWGDELKLDLLSSNQANLKNARIDYSSLIDGYSTRFGVTANYLHYKLGGNFKSLQSQGHSHNLGAYLLHPTIRTPNFRLSTKVSFNHQNLTDAQQAVTVKQKRKINSLTVGIDGSWNLIKDGTTYFSLSTLFGNLANQTDEKKHNAVENFQPQSHFTVYNYRLSHEQILPKSFAFNIGINGQFADKTLESSQKMLLGGLSGVRGHQAGAASVDEGHLIQTEFKHYLPVFSQSVLVSSLFYDYGLGKYYKNSQFLAKGVKNSVKLQSVGAGLSFSDAGSYAINVSVAKPLDNNINNADKHQFWLSMIKTF,length1,1692
-2,1419607,1418764,843,MDKETQMMLVPQGSIEGYIRAANEYPMLTAEEEKELAERLYYHEDLDAAKKLILSHLRFVIHVARGYSGYGLPQADLIQEGNIGLMKAVKRFNPEVGVRLVSFAVHWIKAEIHEYVLRNWRIVKVATTKAQRKLFFNLRKTKQRLGWFNENEVDMVANELGVSKEDVIEMESRMSGADVGFDLPTDDAETETYSPALYLEDKSSNFAAELENENFESQATEQLGAALQSLDARSQDIIKARWLDDNKATLHDLAAKYNVSAERIRQLETNALKKLKSAVNF,length1,843
-2,1409638,1408861,777,MIIRRFIMSDVFHLNLTKAQLKGATLAIVPGDPARSERIAKQLDNPEFLASTREFTSWLGYVNGQPIVVCSTGIGGPSTSICVEELAQLGVRTFLRIGTTGAIQPHINVGDVLITTASVRLDGASCHFAPLEYPAVANFECTTALYNAAKAKGIEPYVGITASSDTFYPGQERYDTYSGKVYRDYQGLLKQWQDLNVMNYEMESSTLFTMCSALGLRAGMVAGVIVNRTQQEIPNEATIKQTEEKAVSVVIAAAQALLS,length1,777
-2,1393483,1392223,1260,MHLTELKNTPVSDLVKLGEEQMGLENLARLRKQDIVFAILKQHAKSGEDIFGGGVLEILPDGFGFLRSADSSYLAGPDDIYVSPSQIRRFNLQTGDKIEGKIRPPKEGERYFALLKVDQVNDDKPEVSRSKILFENLTPLHANSRLRMERGNGSTEDLTARILDLASPIGKGQRGLIVAPPKAGKTMLLQNIAQSITHNYPDVELIVLLIDERPEEVTEMQRSVKGEVIASTFDEPATRHVQVAEMVIEKAKRSVEHKKDVVILLDSITRLARAYNTVTPASGKILSGGVDANALHRPKRFFGAARNVEEGGSLTIIATALVDTGSKMDEVIFEEFKGTGNMELHLSRKIAERRVFPAIDFKRSGTRKEDLLTTSDELQKMWILRKILNPMDEVDAMEFLIDKLMMAKTNEEFFEVMKRS,length1,1260
-2,1384618,1383883,735,MRIPRIYHPISLENQTQYLLSEDAANHVARVLRMTEGEQLELFDGSNHIYPAKIIESNKKSVKVEILGRELADKESHLKIHLGQVISRGERMEFTIQKSVELGVNVITPLWSERCGVKLDAERMDRKIQQWQKIAIAACEQCGRNSVPEIRPLMKLQDWCAENDGALKLNLHPRAHYSIKTLPTIPSEGVRLLIGSEGGLSAQEIAQTEQQGFTEILLGKRVLRTETASLAAISALQICFGDLGE,length1,735
-2,1382872,1382542,330,MIKARFYNLAFSPPNSSNKFSVSLAKIPVISTKSASKRCAKSSFRISSFFSRTVSANFKRLIVQSSLKTKVKVSSHSKANLLTTFLPSCRRARISSFSKGCFLQRITLSS,length1,330
-2,1379905,1379566,339,MKALSIVALIFAAISIFIPVIGLYIAILCSLLALISFYSQPTLSGITIGINILSTIFLSPSLALQAGMAEGNASGGGSQILGFYIGIHVICLVAGFLLIILRKIFSKKKTITK,length1,339
-2,1369204,1368868,336,MPTNCVYSSICLRVISAPFGTRMTATRPFGLFAGSLNTLNSTSLTISATSTISNGLRKSGLSEPKRRIASCQVITGNLPKSTPMVSSHKSCTIRSIISRTSGAVRKEVSTSI,length1,336
-2,1366333,1365931,402,MIYMLDTNIIIYLMKNRPKIIAERVSQLLPNDRLVMSFITYAELIKGAFGSQNYEQSIRAIELLTERVNVLYPNEQICLHYGKWANTLKKQGRPIGNNDLWIACHALSLNAVLITHNVKEFQRITDLQWQDWTK,length1,402
-2,1365862,1365457,405,MQILHTMLRVGDLDRSIKFYQDVLGMRLLRTSENPEYKYTLAFLGYEDGESAAEIELTYNWGVDKYEHGTAYGHIAIGVDDIYATCEAVRASGGNVTREAGPVKGGSTVIAFVEDPDGYKIEFIENKSTKSGLGN,length1,405
-2,1360327,1359043,1284,MDKNQQSSQNELDLGLNQEPITPKKTIQPSSSILGKAKGLFAKKNHVQTNFQQRKEPTFGDSSTQENDPLIPSENLKKVQKPVLQTSSTEENISAVDEEISAENNADEPVEKAEKPILAQPEKWKILQVLPAKHRRLFMAIFVLVILLIIFFALKPSSDTVESFTQSNSNEVPVQFQSLDQSQPLETTILDNPPAQNQMAVEQANQSEFAPKAEEAANNTTAQNPLVENAPMQQNVVQSPSQMPNEMAAASVMPMQPAQAEQPKATVPVQPMKKAVEPQVAHKDTVKKEVKVAENAQAPSKATEQNVAKTAGNAPIVEAKPVQVKKEKKVQIVDAKPVSKSAASRLSAKTLTVPKGVSLMQVFRDNQLNISDVNAMSKAAGAGNVLSSFKSGDKVTVSVNNQGRVNEMRLSNGARFVRQSDGSYQYKK,length1,1284
-2,1358155,1357867,288,MLGYGVDFLHCAGSGEPVDFSMTYRYREEKGFVASLVKDNLTFYGRDLLAFEALDFSDDAVRQAAKRFTRIALKPYLGDKPLKSRELFTQNILLLK,length1,288
-2,1354225,1353871,354,MYKTTGLTHLINSTKYSLQGLKSAFKNEMAFRHECFLACILIPLTFFLGETKIEIILMISSVLLVMALELLNSAVEAVVDRIGTERHELSGRAKDQGSASVFIALCIVGIVWGGILFF,length1,354
-2,1349488,1348750,738,MTQTFADQKRKTVETAEFTEDGRYKRKIRSFVLRTGRLSEFQRNMMNDNWGTLGLDYQTEPFDFAKIYGNDNPVVLEIGFGMGKSLVDMAFANPDKNYLGIEVHTPGVGACIAYAVEKGVTNLRVICHDATEILRDSIADGALGGLQLFFPDPWHKAKHHKRRIVQPHFVTQVIQKLSENGFIHMATDWENYAEQMLEVLSANTDLANTSKNGDYIPRPDFRPLTKFEARGHKLGHGVWDLYFVKK,length1,738
-2,1348663,1348321,342,MSKSYNQRQRKKLHLAEFQELGFLVNFQFVEGTAIETVDEIVDRFINEVIQPNGLAYEGSGYLHWEGLVCLEKIGKCDESHRETVKKWLETNGLQQIEVSELFDIWWEYPAKAK,length1,342
-2,1343896,1343035,861,MANAPKFAGKEAREKWGWWYANRFLFWRRLSQLSILAMFLSGPYFGVWILKGNYSGSLLLDTIPLSDPLITAESLAARHLPDALTLIGAAVIVLFYAVLGSKVFCGWVCPLNVVTDCAAWLRRKLGIRQTAKISRSLRYGILVLILLGSSVSGMLLWEWVNPVAALGRAFVFGFGATGWLLLVIFLFDLLIAEHGWCGHLCPIGAAYGVIGAKSLIRIKVIDRAKCDNCMDCYNVCPEAQVLRSPLHGKKDESLLVLSKDCISCGRCIDVCAEKVFKFSTRFDHSGE,length1,861
-2,1336375,1335595,780,MGVAATIIAGIRGRTMKIRLLKPLLIVGVLLMIWQMVATLGSFPHYIFPSPQAVGQQLFTHAELLWQHTQVTLLEICLGLLLGFLFGLISALLLSFSRQISAVLLPILVISQAIPVFAIAPLLVLWFGYGMASKIVMSVLIIYFPVTAACYDGLRNTPQAWLDLAKTFNISPLRLLLKVRLPAALPAFASGLRIAVSVAPIGAVVGEWVGSSEGLGYLMIHANARMQVDLMFAALLILVSISLCLYFSIDWLLHRFIWSV,length1,780
-2,1335571,1334629,942,MKIIIRYFSFVIGLMLTLPSFAKEKISVMLDWYVNPDHAAIIVAQQKGFFEKNNLEVEIIEPADPALPPKLAAAEKVDLAVSYQPQLYQQVAEGLPLVRVGSLISNPLNSVVVLKKSNLKTLADLKGKKVGYSVSGFEDGLLDTMLHSIGLSNKDVELVNVNWSLSPSLLTGQVDAVIGAFRNFELNQLALEKQEGIAFFPEQYGVPAYDELILVANKNSVTDKKTSAFLTALEQATSYLQAHPNEAWQAFVSYKPNELNTPLNQLAWKDTLPFLANKPRQLDAKRYQQMAEFMQQKGLIPKALALKEYAVEIE,length1,942
-2,1334617,1333972,645,MIEQLIQQAQPYWQQYIEHEFVQQLAKGTLPKACFQHYLKQDYLYLFHYSRAFALGVFKAKNFAEMEIPRQTLEVICQEVQLHLDYCREWGISEQEIFTTQESAACIAYTRYLLDCGMMGSLAELYAAVTPCALGYAQVARYITQHYPRLPNNPYQTWIDTYASEEFQQAAQETVDFLTALCNPLNPSQLAEIQQIFTTATRMEIAFWQMGLDLA,length1,645
-2,1327057,1326148,909,MNPTTEQVLSPGEIFRQTREALNLSLEDVAKEITLRPSILEQLENNEFIQKSTPSIFVKGYVRSYAKFLRLPDSVWENIVFAETEKNDLGKNARSTRAVNQYSSHNRWIGRLTAIVFVMVIGMTGLWWWQSYQQNTQERDDLVQSYVASTENNQPTTALVTTEETNKSAPETAAPVSQPVEITNNLLPEIAQENSVSQPKNDEKSVSDIQSAVENPSISPTLPIAKGDLVIEILANSSWISVKDNARHVLAQKEYKQGEILTFNGNEFSLIVGAPSNVRITYKGENYPLKVDGRVAKFKLSQP,length1,909
-2,1310593,1308673,1920,MDYENQIANIFSLNGELSQNIKGFRPRAEQLEMAHAVGKAIQNKSSLVVEAGTGTGKTFAYLAPTLVFGKKTIISTGSKNLQDQLFNRDLPAIKKALNFTGKIALLKGRANYLCLERLDQVIAQGVLGDKSVLAELSKVRKWNNSTKTGDFTECIELAEDSPIIPQLTSTAESCLGTDCPNYSECYVASARKKALNADLVVVNHHLFFADMAVKESGFGELIPNAEVIIFDEAHQLPDIASQYFGQSLTSRQLFDLCKDINIVYRTELKDMQQLGTTSDTLLKVVQDFRLLLGNGSNVRGNWRELYRQSAVKKAFELLQEKIDFLSEVIKLALGRSQTLDSIFERVESIKIQLKRLSETNIVGYCYWYEGNGRQFGLHITPLTVADKFGAQLEAKEAAWIFTSATLEVGGTFNHFCQRLGIENATQKILYSPFNYPEQSLLCVPRYLPNTNQVNTLNSLGEMLLPVIEANKGRCFVLCTSYSMMRGLAEYFRETSHLSILLQGETSKGKLLEQFIKETHSVLVATSSFWEGVDVRGDALSLVIIDKLPFTAPDEPLLKARIEDCRLQGGDPFNDIQIPEAVITLKQGVGRLIRDITDRGVVIICDNRLVMRNYGETFLKSLPNSSRTRDLNKVIQFLQNK,length1,1920
-2,1308658,1307950,708,MQNLTLLALDTSTEACSVALLYRGEKTHINELAQRTHTKRILPMIDEILANSGLGLNQVDALAFGRGPGSFTGVRVGAGIAQGLAFGADLPVIPISNLTAMAQAAFELHQAENVVAAIDARMNEVYFSQVVREKVRSDFGEFFQWREIISEQVCSPEQAINQLQNDNAFRVGTGWAAYSQFTEKNLTGSDIALPNALYMLELAQVEYLQKHTISALEIEPIYLRNEVTWKKLPGRE,length1,708
-2,1307923,1307374,549,MKGKITLFFTALCFGLTGCIAPPKGLEKERFSINSYREISPQDLTCHCKTVRLGGKIVNTTVLANQTKIEVLSLPVSSISAKPFVELQSDGRFIVYFNGFVEPENLKERYITVGGQLAGTEKGKIEQADYTYPVVQADKYRIWTLSTTYDYPTDDWDEDDDWGFFRWRYRPWYVQPEIRYYLN,length1,549
-2,1305586,1304446,1140,MIKECQNPPHFRVIADNATLLEVCNLAQQKSAVALDTEFMRVSTYFPKLGLIQLYDGERISLIDPLAITDFSPFIALLANPKVLKILHSCSEDLLVFLQEFDQLPRPMIDTQIMARFIGLGTSAGLAKLAQQYLNVEIDKGATRTNWIKRPLSDIQLQYAAGDVWYLLPLYHILEKELAKTPWEQAVRDDCELALAKTHKLQERDSEKAYLDIPNAWKLNPFELSRLRILAQWRQNVAIERDLALSYIVKSDNLWKVAKNNPRNTSEMLEMGLTENEVRVRGKKILQLLAQARRVSPNDYPKPIERISEDPRYKKTIRLLQEKVNSLTPAGLTPEILASKRTLDELIKWVWKYDCSQDKLPELLIGWRKPIAEKLVDILK,length1,1140
-2,1300234,1299022,1212,MTALSSVDFCLPEHITPEIFLRDYWQKKPLVIRNGLPEIVGQFEPQDIIELAQNEDVTARLVKTFSDDDWKVFFSPLSEKDFQQLPEKWSVLVQNLEQWSPELGQLWNKFGFIPQWQRDDIMVSYAPKGGSVGKHYDEYDVFLVQGYGHRRWQVGKWCDASTEFKPNQSIRIFDDMGELVIDEVMNPGDILYIPARMAHYGVAEDDCLTFSFGLRYPNLSNLIDGISKGFCHQDPDLNLSEFDLPLRLSQSEQRTGKLADENIQAMKQLLLDKLANSKAFDTLFKQAVASAVSSRRYELLVSDEMCDPDEVRSILEEDGAFLSQDNNCKLLYTENPLRIYANGEWLDELNIIESEVLKRLSDGESLDWVFLSDLANKTEDPETSMDLLLDSICNWVDDGWALIE,length1,1212
-2,1294009,1293472,537,MTALYYTYYPSPVGRLLILSDGESITHIDFEKEQYAPNPKWHKQDELPVFQKVRLAFERYFNGEVECFSDIPLKPEGTAFQQAIWQALREIAYGELSTYGELALRINNPKAVRAVGGAVGSNPISIIIPCHRILGKDRTLTGFGGGLEAKRFLLQLEKIPYIDKGTENTRPRFFKKYHE,length1,537
-2,1288537,1287112,1425,MPVQHVKLARDRRKKRTYIKVGVFFVAILLILTGILLTIKDKSEENPIFSTSDSGEYHELNTSPNKNSTALQPDEDATSYDDELQAKDDEVDEVKLSSDDLGTLPQHAQDALNGLLDAADQAIRITDQFSYTVTEGDTLKDVLVLSGLDDSSVQPLIKLDPELAHLKAGQQFYWILNKNDNLEYLNWLVSEKEERIYERLEDGKFKRQVIEKKSIWRKEVLKGEIQNSLNSSLREQGLDTRQISQLSNALQWQVSLRKLKKGTQFAILVSREYLGDKLTGQGNVEALRISSGGKNYYAVQAANGRYYNQQGETLGKGFARYPLQRQARVSSPFNPNRRHPVTGRVRPHKGVDFSVSQGTPVIAPADGTVEKVAYQAGGAGRYVMLRHGREYQTVYMHLSKSLVKAGQTVKKGERIALSGNTGISTGPHLHYEFRINGRAVNPLTVKLPGTSSGMTSAERKQFLVRVREAEKMLKP,length1,1425
-2,1286995,1286041,954,MTISKFNPQKPFECFIVQSEAMKSAVENAKRFAMFDVPLLIQGETGTGKDLLAKACHYQSLRRDKKFIAVNCAGLPDEDAESEMFGRKVGDSETIGFFEYANEGTVLLDGIAELSLGLQAKLLRFLTDGSFRRVGEEKEHYANVRVICTSQVPLHLLVEQGKVRADLFHRLNVLTLNVPPLRERMTDIEPLAQGFLQEISEELKIAKPTFDKDFLLYLQKYDWKGNVRELYNTLYRACSLVQDNHLTIESLNLAPPQSAVISLDEFGNKTLDEIIGSYEAQVLKLFYAEYPSTRKLAQRLGVSHTAIANKLKQYGIGK,length1,954
-2,1284187,1281382,2805,MKRMLINATQKEELRVALVDGQRLFDLDIESPGHEQKKANIYKGTITRVEPSLEAAFVDYGAERHGFLPLKEIAREYFPDDYVFQGRPNIRDILTEGQEVIVQVNKEERGNKGAALTTFVSLAGSYLVLMPNNPRAGGISRRIEGDERTELKEALSSLDVPEGVGLIVRTAGVGKSPEELQWDLKVLLHHWEAIKQASQSRPAPFLIHQESDVIVRAIRDYLRRDIGEILIDSPKIFEKAKEHIKLVRPDFINRVKLYQGEVPLFSHYQIESQIESAFQREVRLPSGGSIVIDVTEALTAIDINSARSTRGGDIEETALNTNLEAADEIARQLRLRDLGGLVVIDFIDMTPIRHQREVENRIRDAVRPDRARIQISRISRFGLLEMSRQRLSPSLGESSHHICPRCQGTGKVRDNESLSLSILRLLEEEALKENTKQVHTIVPVQIASYLLNEKRKAISNIEKRHNVDIIVAPNEAMETPHFSVFRLRDGEEVNELSYNLAKIHCAQDENTEESLLSRNVETTAVIEQPAVESAVVALSISEAAPTPVERKSNEPSLLAKIIAKIKGLFATKSEENKPKNNRTSRNPNRNQRRSQDRRSSRRPRSENNETERTEEQVRNVRERNQRRPRRNLVEESIAESAVNSTPVFEAKEERTEPVTQRRQRRDLRKRVRVEDNETVVENNFSTTEKMPEVDVITVQNNDEKPVHQNQRSERQERQRRTPRHLRAANNQRRRRNQEPKSPMPLFAAVVSPELASGKAWIDYSTVNLPKENHFLSVDELLEQEKTKKGFITPAMGIVVEEKSPDVKPALDFITQPANESVQKKVQESLDRLSSYKPQEVVESIDPAINVDEPETLEKVSKFVRTYEFNGRLGTISSVPHTKAEMTLAKANDEMPEAFPIRAWQDSRYYFYGKGAAGHHCAISHVYSEPTRAKSE,length1,2805
-2,1279822,1279015,807,MSNVKQVLTIAGSDSGGGAGIQADLKTFQMRGVFGTSVITAVTAQNTLGVFDIHPIPLKTIQAQLEAVKNDFQIASCKIGMLGNAEIIECVADFLADKPFGTLVLDPVMIAKGGAPLLQQQAVSALSQKLLPLADVITPNIPEAEALTGIAIVDDISIQQAAKALQKQGAKNVIIKGGHSLNSQSELCQDWVLLADGRHFTLQSPRFNTPHTHGTGCTFSACLTAELAKGEPLQSAVKTAKDFITAAISHPLNIGQGHGPTNHWAYSRL,length1,807
-2,1258834,1256242,2592,MRIAKLILNTLLTLCILGLVAGGMLYFHLKSELPSVETLRTVELQKPMQIYTADGKLIGEVGEQRRIPVKLADVPQRLIDAFLATEDNRFYDHHGLDPIGIARALFVAVSNGGASQGASTITQQLARNFFLTPEKTIIRKAREAVLAVEIENTLNKQEILELYLNKIFLGYRSYGVAAAAQTYFGKALNELTLSEMAIIAGLPKAPSTMNPLYSLKRSEERRNVVLSRMLDEKYISKEEYDAALKEPIVASYHGAKFEFRADYVTEMVRQEMVRRFGEENAYTSGYKVFTTVLSKDQAEAQKAVRNNLIDYDMRHGYRSGAPLWQKNEAAWDNDRIVGFLRKLPDSEPFIPAAVIEIAKGGADILLASGEKMTLSTNAMRWTGRSNPVKVGEQIWIRQRANGEWQLGQIPAANSALVSLNSDNGAIEAVVGGFSYEQSKFNRATQSLVQVGSSIKPFIYAAALEKGLTLSSVLQDSPISIQKPGQKMWQPKNSPDRYDGPMRLRVGLGQSKNMIAIRAIQTAGIDFTAEFLQRFGFKRDQYFASEALALGAASFTPLEMARAYAVFDNGGFLIEPYIIEKIQDNTGKDLFIANPKIACIECNDIPVIYGETKDKINGFANIPLGESALKPTDDSTNGEELDQQPETVPELPELQSNFTALKEDAIDLMAAAKNASSKIEYAPRVISGELAFLIRSALNTAIYGEQGLDWKGTSWRIAQSIKRSDIGGKTGTTNSSKVAWYAGFGANLVTTTYVGFDDNKRVLGRGEAGAKTAMPAWITYMKMALSDKPERKLPLPPKIVEKNIDTLTGLLSPNGGRKEYFIVGTEPTRTYLSEMQERGYYVPTELQQRLNNEGNTPATQPQELF,length1,2592
-2,1256167,1255324,843,MLSYRHSFHAGNHADVLKHIVLMLILENLKLKEKGFFYLDTHSGVGRYRLSSNESKKTGEYKEGIGRLWDQTDLPEDVARYVKMIKKLNYGGKELRYYAGSPLIAAELLRPQDRALLTELHPSDYPILRNNFSDDKNVTVKCDNGFQQVKATLPPKERRGLVLIDPPYELKDDYDLVVKAIEEGYKRFATGTYAIWYPVVLRQQTKRIFKGLEATGIRKILRIELAVRPDSDQRGMTASGMVVINPPWTLETQMKEILPYLTKTLVPEGTGSWTVEWITPE,length1,843
-2,1255189,1254826,363,MHAIFDLIKDNIMFGKGGLGGLMKQAQQMQEKMQKMQEEIAQLEVTGESGAGLVKITINGAHNCRRIDIDPSLMEDDKEMLEDLIAAAFNDAVRRAEELQKEKMASVTAGMPLPPGMKFPF,length1,363
-2,1251019,1250737,282,MTNNPPCGACKVIFNPIEIAPATAPPITELIMTRIGSAATNGNAPSEIKHKPRTNDAFPASRWLTVNLLRAIQVATVIPIGGTIPAAIAAAIGV,length1,282
-2,1238605,1237816,789,MHYSIQDFIQLIAQLRNPNGGCPWDLKQNYESMIPCLTEETYEVIEAIEKKDIPNLREELGDLLLQVVFFSQLATEDKYFTFDDVLQDIAEKIVRRHPHVFGDAKAGDETEALSRWNEMKAKEKQGKSEETSILDNVPRALPSLTRAAKLQKRCSKVGFDWEEISPVFDKVREELEEVQAEINRTSIEQNKVEEEIGDLLFATVNLARHLKCDPEDALRKANLKFERRFRAVEQAVQQQGKQVNNVPLIELDLLWDEVKKQEN,length1,789
-2,1234168,1233019,1149,MLKLPPLSLYIHIPWCVQKCPYCDFNSHAQKGDIPEQDYIYHLLQDLQADLQRFKDSIQQRKLHSIFIGGGTPSLFSAESIAYLLKEIKKQIDFEDNIEITLEANPGTVEAERFKGYVSAGIMRISMGIQSFNDDKLQRLGRIHNAAEAKSAVNLAKVSGLKSFNLDLMHGLPNQTLEEALDDLRQAIELSPPHISWYQLTIEPNTMFAYRPPKLPDDDALWDIFEQGHQLLTMAGYQQYETSAYAKAGFQCKHNLNYWRFGDYLAIGCGAHGKLTFPTGEITRFSKTKHPKGYLRGEYLYEEKNVPEIDRPFEFFMNRFRLLEAVPKQEFEDYTGLSQSAVKNQIDFAIQQNYIVENADSWQITEHGKLFLNELLELFLTEE,length1,1149
-2,1232194,1230964,1230,MTNKVSLDKSKIKFVLFEGVHQSALDTLHAAGYSNIDYYKKALDGDELKEAIKDAHFIGLRSRTHLTAEMIEAAPKLIAVGCFCIGTNQVDLNAAKARGIPVFNAPFSNTRSVAELVLGEILLLMRNVPQANAEVHRGVWNKSATGSYEVRGKKLGIIGYGHIGSQLSIIAESLGMDVYFYDIENKLPLGNAKQVRSLEELLSSCDVVSLHVPELPSTKNLMNATRIAQLKQGAILINAARGTVVDIDALAQALKDGKLQGAAIDVFPVEPASINEEFVSPLREFDNVILTPHIGGSTAEAQENIGFEVAGKFVKYSDNGSTLSSVNFPKVSLPEHEGTKRLLHIHENRPGILNKLNQIFVEANLNIAAQYLQTDPKIGYVVVDVETNDASPLLTKLKEIDGTIRARVLY,length1,1230
-2,1227751,1226470,1281,MQTIIWNHLSETEKRKVIMRPVQQNGENIQQAVNAIRENVAYNGDRALFELCEKFDGVKLDKLIVSADEIQAASSRISVKLRNAIEQAKTNIEAFHKAQQNQEIDLEIQEGVRCQVVTRPISCVGLYIPGGSAPLFSTVLMLAIPAKIAGCKKIVLCSPPPISDEILYTAHLCGVETIYAIGGAQAVFAMAQGTESVAKVDKIFGPGNAFVTEAKRQVAQNSTAIDMPAGPSEVLVIADESADPEFVASDLLSQAEHGADSQVILVATCETLAKETALAIERQLALLPRAETARKALNHSRIFIAESLEQAVEISNEYAPEHLIVQTKNARKLLPYLDNAGSIFLGAYSPESMGDYASGTNHVLPTYGYTKTYSSLGLADFSKRMTVQELTPKGFKNLAETVEVMAEAEQLAAHKMAVSVRLAKLNI,length1,1281
-2,1223395,1222648,747,MKQSIIIPALDLINGQVVRLHQGDYAKQTTYSDNPIKQFDNYVRQGAKQLHLVDLTGAKNPQSRQTALIGKIVEATQCKVQVGGGIRTEQDVADLLAVGANRVVIGSTAVTHRSMVKNWFIKYGAEKFVLALDVNINASGQKIVAISGWQEESGVLLETLIEDFQTVGLQQVLCTDISRDGTLTGSNIGLYQEICEKYPPIQFQSSGGIGSLADIEALKGTGVSGVIVGRALLEGKFTLSEAIKCWQNG,length1,747
-2,1220959,1219759,1200,MNKTVGSTLLVAGTMIGAGMLAMPLTSAGIGFGFTLVLLLGLWALLTFSALLFVELYQTAESDAGIGTLAEQYFGKTGRIIATAVLIIFLYALIAAYISGGGSLLKDLLPESFGDKVSVLLFTVIFGSFIVIGTHSVDKINRVLFFVMLAAFAVVLSLMLPEIKFDNLMATPIDKALIISASPVFFTAFGFHGSIPSLNKYLDGNVKALRFSILVGSAITLCAYILWQLSTHGLLTQNEFLQILKEDATLNGLVKATFAITGSNVIASAVKLFSTLALITSFLGVGLGLLECIEDLLKRSFNVTAGRISLGLLTFIPPLVFALFYPEGFILALGYAGQMFAFYAVVLPVSLVWKARRAHANLPYKVWGGNLTLIIVLVLGVIITSIPFAIRAGYLPFVVG,length1,1200
-2,1215343,1215046,297,MRFLINSLISVEFSCILYSSYNCNSFARRVSCPRLLPSITKSSVRTITPAISALSTLQFNFTLRANLFSIAAAIFSICVAFNGCADVTSTSAIAWCSST,length1,297
-2,1209934,1209433,501,MPLLDSFKVDHTKMNAPAVRIAKTMRTPKGDNITVFDLRFCIPNKEILSPKGIHTLEHLFAGFMRDHLNGDSIEIIDISPMGCRTGFYMSLIGTPNEQEVSEAWLASMQDVLGVQDQASIPELNIYQCGSYTEHSLEDAHEIAKNVIARGIGVNKNEDLSLDNSLLK,length1,501
-2,1207567,1207042,525,MTTIVSVRRNGQVVVGGDGQVSLGNTVMKGNARKVRRLYNGKVLAGFAGGTADAFTLFELFERKLEMHQGHLLKSAVELAKDWRTDRALRKLEAMLIVADEKESLIITGIGDVVQPEEDQILAIGSGGNYALSAARALVENTELSAREIVEKSLRIAGDICVFTNTNFTIEELPN,length1,525
-2,1204432,1203139,1293,MLNFAYQEHVRSYYFDSRNQDFQFPPLTQIEYADVCVIGAGFFGLSAALELAEKGKKVIVLEGARVGFGASGRSGGQAINGFEEGIDEYVKQVGEDKAHKLWNMSLETIDIIDERIEKYGIQCDWKKGYATLALNERRMDDLIEMEKESHKNFGYQNMQLWDKTKLKQHLGSDIYVGGLFDSNSGHLHPLNYCLGLAKACVDLGVQIFEQSPVVDMVEKNGCVEVKTAKSAVISQDVILATNAYIDALPKSIHHGINRKILPVESFIIATEPLSQAVADSVINNGMSVCDNNLLLDYYRLSADNRLLFGSDSSSEKDMVAIMRKNMLCVFPQLENVKIDYGWAGPIDMTLNSTPHFGRISPHIYFAHGYSGHGVALTGLAGRIVAEAILGDDERLSIFEGLKVPSVYGGRIIKDLATKIGVQYYKFLDKYR,length1,1293
-2,1198450,1197574,876,MKKLTALTSAVLLGLAVSGSASAQDTIALAVSTLDNPFFVTLKDGAQKKADELGYKLVVLDSQNDPAKELANVEDLTVRGAKILLINPTDSEAVGNAVAIANRKHIPVITLDRGAAKGNVVSHIASDNIAGGKMAGDFIAQKLGDNAKVIQLEGIAGTSAARERGEGFKQAIDAHKFNVLASQPADFDRTKGLNVTENLLASKGDVQAIFAQNDEMALGALRAVKAANKKVLIVGFDGTDDGVKAVKSGKMAATIAQQPELIGSLGVVTADKILKGEKVEAKIPVDLKVISE,length1,876
-2,1193212,1192495,717,MNDLTLSPIAIIHTPYKEKFSVPRQPKLVEDGVGIVELLPPYNSPEAVRGLEQFSHLWLIFQFDQIQQGKWQPTVRPPRLGGNQRIGVFASRATHRPNPLGLSKVELRQVECINGNIFLHLGAVDLVDGTPIFDIKPYIAYADSEPNAQSSFAQEKPPVKLTVEFTEQAKSAVKKREEKRPHLSRFIRQVLEQDPRPAYQQGKPSDRIYGTSLYEFNVKWRIKAGTVNCVEVIEIEKDK,length1,717
-2,1167505,1165726,1779,MKGSIPRPFIDDLLTKSDIVDVINTRVKLKKAGRDYQACCPFHHEKTPSFTVSQKKQFYHCFGCGAHGNAISFLMDYDKLEFIEAIEELAAMAGLEIPYEKRANHSGKPQANYQTKRNLYELMQEIATFYQNQLPLNTQAQEYLQQRGLSPEIIERFQIGFVPNAMDTVLRKFGVNREEQQKLIELGMLSRNDRGNIYDKFRNRIMFPIRDKRGRTVAFGGRVLTDEKPKYLNSPETITYHKGKELYGLYEALQTNDEPKQLLVVEGYMDVVALAQFGVDYAVASLGTSTTSEQIQLIFRSTEQVVCCYDGDRAGRDAAWRALENALPYLEDGRQLKFIFLPDGEDPDTYIRQYGKEKFEEYIESAQSLSEFMFAHLSPQVDFSTKEGRGKLVALAAPLIHQIPGEMLRLSLRNMLAQKLGIFDQTQLENLIPKQLEQANTQQKVTHNKIKKTPMRMVISLLLQNPELVKRMSESGVQALRAEAGFEILEKLTALCRQREGITTGQILEYFRNTSYSNPLEILATWDHLLDESDIINAFSQNYRRLNIQAIERDIEMLIAKERTEGLTNEEKTVLVHLLAGKEQQKKQLVNPL,length1,1779
-2,1165666,1163785,1881,MSIKMEKNQQSTAEQYSEQIEQLMELGRTQGYLTFAEINDLLPEDAIDPEYYDKLLQTLQNDAGIPVLDEAPESDDMMLSDTIPDEDAVEEATQILSNVESEIGRTTDPVRMYMREMGTVDLLTREDEISIAKRIEGGIDEVQTSIAAYPEALNGLLKNYDDVEKGNFRLTDLITGFVDPNAEIEEHNGLDEDFSDEDDEEESSNADVEDNESESTSDSSDSDNSIDPEVAREKFQQLREQHSKTLAVIEKHGRSGKRAQDQIALLGEIFKQFRLVPKQFDLLVLSMKEMMKRVRYQERQLQKILVDIAGMPKDDFEKIITTNGSNSEWVAKALKSSKPWAKRLIKYEDRIYEALNNLAITEENTKLTITQMRDICDAVARGEQKARRAKKEMVEANLRLVISIAKKYTNRGLQFLDLIQEGNIGLMKAVDKFEYRRGYKFSTYATWWIRQAITRSIADQARTIRIPVHMIETINKLNRISRQLLQEMGREATPEELAERMGMPEDKIRKVLKIAKEPISMETPIGDDDDSHLGDFIEDSTLELPLDSATAQSLKVATHEVLEGLTPREAKVLRMRFGIDMNTDHTLEEVGKQFDVTRERIRQIEAKALRKLRHPSRSETLRSFLDE,length1,1881
-2,1152127,1151266,861,MNSKKHLGHTARKRFGQNFLHDTSVIQGIVAAIYPQPNQFLVEIGPGLGALTEPVGELVDHLTVVELDRDLAERLRHHPFLHQKLTVIETDAMQFDFGALYTKENLAEKEQKLRVFGNLPYNISTPLMFHLFKYHDVIQDMHFMLQKEVVKRLCAAPNSKAYGRLTIMAQYFCQVMPVLEVPPSAFKPAPKVDSAVVRLIPHKELPHPVKDLYWLNRVCSQAFNQRRKTLRNALSTLFSPENLTALGIDLNARAENLAIADYARLANWLADNPPADINKDEILDSEE,length1,861
-2,1150198,1149373,825,MATYFVGDLQGCYDELQLLLERVDFNPTQDKLYLVGDLVARGDKSLECLRFVKSLGDSAQTVLGNHDLHLIATALGIKKVKPRDRVDAIFNAPDFDELIHWLRHQPLLVHNEKLNFLMAHAGISPDWNLETAKSCAAEVEQILQHGDFYYLIENMYSEQPDRWSSDLQGLDRHRYIINAFTRMRFCYLDHRLDFACKSPLKYAPTELTPWFNLGNPLYKQIPIVFGHWASLVDEPTPKGVYALDTGCVWNNRMTMLRWEDKQIFTQSAVKNYSDF,length1,825
-2,1149361,1148740,621,MLSLTAESCELFNIPFYQFAQMKKSCPEDIPAIKADYKLHWDNWKAIIQSVSAQLGTPFAKPHIESWTNGWQVRAHFFAYFKYEFNQNSAAIFSVLLNRRRLRVCLDWHYYRADRSQINVQQYNQWLDQFDFKQFADFDIWREDESEYDDFRQVKVISEKNLILRSDEDFWCIGKSIEKAELHQIDPVSFITQTIQQLQSLYDRCHQ,length1,621
-2,1142674,1142383,291,MPTINTIKPNHSPIVSQFSRFKDNGASEPPVVTEAAIMNAKMTPIKLSPTIKPAEKSVPKRSALADTSLLPSFAIWRAIIHARNAPTITGVLIDGGK,length1,291
-2,1139476,1138486,990,MKKTFILQQQEISFVKNTFTQNLIEQLGIIEVQGPILSQVGNGMQDNLSGIEKAVQVNVKCIPNAVFEVVHSLAKWKRHTLARFNFKEDEGLFVHMKALRPDEDSLDPTHSVYVDQWDWEKVIPEGRRNFAYLKETVNSIYRAIRLTELAVEARFDIPSILPKQITFVHSEDLVKRYPDLSSKERENAICKEYGAVFLIGIGGKLSDGKPHDGRAPDYDDWTTESENGYKGLNGDILVWNDQLGKAFELSSMGIRVDESALRLQVGLTGDEDHLKMDWHQDLLNGKLPLTIGGGIGQSRLAMLLLRKKHIGEVQSSVWPKEMLEEFSNIL,length1,990
-2,1125064,1124401,663,MTLNDKYPFTDEDQAIINSYKAVVDGVSALIGEHCEIVLHSLENIEHSAICIANGHNTNRQVGSPITDLALRSLRNMQSESVSKPYFTRAKGSVLMKSVTIAIRNKTQRIIGLLCININLDVPMSQFLQCFMPTEHTNETSSVNFANSVEDLVAQTIEKTIEEVNTDRAVANNTKNRQIVLSLYEKGIFDIKDAINLVAERLDISRHTVYLYIRQIKQEQE,length1,663
-2,1123654,1123369,285,MLYTFSQSDYPKTELDDYFSYITEKDAVVLWQDGVLLAIKYPDYFAKCKGNCMILKQDILARNLTALLPQSSKIKLISIEELVGITENYLPQLSL,length1,285
-2,1099777,1098250,1527,MDASKKKKTFNFPSAFTILFAILILAVGLTWVIPSGSYSKLTYNSTDNVFVVKAYGVDDKTYPATTDTLDNLNIKIKLSNFTEGVIKKPIAIPGTYQRVEQHHKGIEDITKSMVEGTIEAVDVMVFIFVLGGMIGVINRTGSFNAGLMALVKKTKGNEFFIVFCVSVLMVLGGTTCGIEEEAVAFYPILVPVFLALGYDAIVCVGAIFLAASMGTAFSTINPFSVVIASNAAGIQFTEGIGFRALGLVLGATCVIAYLYWYCKKIKADPSFSYTYDDREEFRQRYMKNFDPNTTIPFSARRKLILTLFCISFPIMIWGVMVGGWWFPQMAASFLAITIIIMFISGLSEKDVVESFTEGASELVGVSLIIGLARGVNLVLEQGMISDTILDYMSNVVSGMPGSVFILGQLVVFIFLGLIVPSSSGLAVLSMPIMAPLADSVGIPRDIVVSAYNWGQYAMLFLAPTGLVLVTLQMLHIPFDRWVKFVMPMIGCLLLIGSILLVVQVSLYSV,length1,1527
-2,1097452,1097155,297,MKIVLQLRLMALLKQKHYLPKVLKTCLKDMVILITRVMELKLKLYLMPKLPKVQILSCLVVVHWVAPSSIKLKMQEIFCLTKTTRLNIKLVLPARMMKD,length1,297
-2,1093183,1092859,324,MICRLLILLHFKHYNFFLIKLIRTLFQVKCKATMVKAEKNVWQNFYSLIQPHLYMHYLKVLRFIYKMKWQLYWAKILFCASVKIWNVAHLISIQLFLINLKGTYNGII,length1,324
-2,1091503,1091041,462,MNLDLNQLVKWRREFHRFPEIGWSEFWTTSRIADYLEDLDCFEIFLGKQIINPDFVRGRKQAVVDKGLANAKAYGANEKWLEKMEGYTGCVALFDSGKPGKTIALRFDIDCVNVTETRSPEHIPNKEGFASINDGFMHACGHDSHITIGLGVVL,length1,462
-2,1090711,1090234,477,MTRINVGVLKAGEGRNVIPSSAELQLEVRGENKAINEYMTEQVMQIAKGISISFDVAYETEIVGEAVDMNNDVELIKLIEEISLEQPQINNVNSDYAFNASEDATILGRRVQEHGGKAIYFILGADRTAGHHEAEFDFDENQLLTGVNIYTSLVQKLLA,length1,477
-2,1090138,1088167,1971,MMNRRHFIQIGATSILALSANRFAMAKGKSDVDLRIVATTDVHSFLTDFDYYKDAPTDKFGFTRAASLIRQARAEVKNSVLVDNGDLIQGNPIADYQAAQGYKEGKSNPAVDCLNAMNYEVGTLGNHEFNYGLNYLADAIKQAKFPIVNANVVKAGTEEPYFTPYVIQEKSVVDNQGKTHKLKIGYIGFVPPQIMVWDKANLQGKVETRDIVKTAQKYVPEMKKKGADIVVALAHTGPSDEPYQEGAENSAFYLADVPHIDAVIFGHSHRLFPNKEFAKSPNADIVNGTVKGVPESMAGYWANNISVVDLGLTEHKGKWIVTSGKAVLRPIYDIETKKALAKNDPEITALLKPVHEATRKYVSQPIGKATDNMYSYLALVQDDPTIQIVNQAQKAYVEKVAPSVAAMAGLPILSAGAPFKAGGRKNDPTGYTEVNKGELTFRNAADLYLYPNTLVVVKATGEQLKEWLECSAGMFKQIDPTSDKPQSLIDWEGFRTYNFDVIDGVNYEYDLTKPARYDGECKLINPESHRVVNLTYQGKPVDPKAEFLIATNNYRAYGNKFPGTGDQHIVYASPDESRQILADYIKATSEKEGSVNPNADKNWRFVPITGNDKLDVRFETSPSEQAAKFIAEKAQYPMKQVGTDEIGFAVYQIDLSK,length1,1971
-2,1084366,1083898,468,MPRRRSIEARKILPDPKFGSELLAKFINVIMVDGKKSVAESIVYGALETLAQRTGKEPLEAFEVALENVRPTVEVKSRRVGGSTYQVPVEVRPVRRNALGMRWIVEAARKRGDKSMALRLANELSDASDNKGAAVKKREDVHRMAEANKAFAHYRW,length1,468
-2,1081645,1080463,1182,MSKEKFERTKPHVNVGTIGHVDHGKTTLTAAITTVLAKHYGGAARAFDQIDNAPEEKARGITINTSHVEYDTPTRHYAHVDCPGHADYVKNMITGAAQMDGAILVVAATDGPMPQTREHILLGRQVGVPYIIVFLNKCDMVDDEELLELVEMEVRELLSQYDFPGDDTPIVRGSALQALNGVAEWEEKILELANHLDTYIPEPERAIDQPFLLPIEDVFSISGRGTVVTGRVERGIIRTGDEVEIVGIKDTAKTTVTGVEMFRKLLDEGRAGENIGALLRGTKREEIERGQVLAKPGSITPHTDFESEVYVLSKDEGGRHTPFFKGYRPQFYFRTTDVTGTIELPEGVEMVMPGDNIKMTVSLIHPIAMDQGLRFAIREGGRTVGAGVVAKIIK,length1,1182
-2,1076365,1074997,1368,MQLSTLTALSPLDGRYQDKVTPLRAIFSEFGLMKFRVVVEVRWLQKLASTADITEVPPFSTQANAFLDGIVANFNEADAARIKEIERTTNHDVKAVEYFLKEKIQNEVELVNVSEFIHFACTSEDINNLSHALMLSTARDEVILPEWQKLIDEITRLAEEYKTIPLLSRTHGQPASPSTVGKEMANVVYRLKRQFKQLQNAEILGKINGAVGNYNAHLSAYPNIDWHKFSEEFVTSLGIQWNPYTTQIEPHDYIAEFFDAVVRFNTIIIDFDRDLWGYIALNHFKQRTIAGEIGSSTMPHKVNPIDFENSEGNLGLANAVMTHLGQKLPISRWQRDLTDSTVLRNLGVGLGYCLIAYASTRKGMSKLEVNQPHLLEELNQNWEVLAEPIQTVMRRYGIEKPYEKLKELTRGKRVTEQAMREFIDKLDIPQEEKLRLQKLTPATYIGAAVELVEKLS,length1,1368
-2,1073647,1072279,1368,MTKKALSAVILAAGKGTRMYSDLPKVLHTIAGKPMVKHVIDIAHQLGSENIHLIYGHGGDLMRTHLANEQVNWVLQTEQLGTAHAVQQAAPFFKDNENIVVLYGDAPLITKETLEKLIEAKPENGIALLTVNLDNPTGYGRIIRENGNVVAIVEQKDANAEQLNIKEVNTGVMVSDGASFKKWLARVGNNNAQGEYYLTDLIALANQDNCQVVAVQATDVMEVEGANNRLQLAALERYFQNKQASKLLLEGVMIYDPARFDLRGTLEHGKDVEIDVNVIIEGNVKLGDCVKIGAGCVLKNVVIGNDVEIKPYSVLEDSIVGEKAAIGPFSRLRPGAELAAETHVGNFVEIKKSTVGKGSKVNHLTYVGDSEIGSNCNIGAGVITCNYDGANKFKTIIGDDVFVGSDTQLVAPVKVANGATIGAGTTITRDVGENELVITRVAQRHIQGWQRPIKKK,length1,1368
-2,1068136,1067560,576,MADGTLLPYLDIPLQHASPKILKAMKRPGSIDRTLERIKQWREICPDLTLRSTFIVGFPGETEEDFQLLLDFLKEAQLDRVGCFKFSPVEGAPATDMADQVPEDVKEERFHRFMQLQQEISANRLKQKIGKTLDVLVDEIDEDGIIGRSKADAPEVDGLVYVDNLSGINVKVGDVIKVTITNSDEYDLWGSC,length1,576
-2,1050862,1049206,1656,MRKNGFVVMGHLLKLVTPLAHIMAFTITMGTLGFLAAIFIMVFGAMGLVNLLNFDTHLSFSGILTALIVLAVARGALRYLEQMSGHYIAFKLLALLRDKVFSSLRRLAFVKLQDKQAGQLVSLVTNDIELLEVFYAHTIAPIMIAFFTSAILLLVFAQLSSWFVLVALAAYLTVGVILPIITTKLAREDGRRYRELVGEMNDFFLDSVRGMKEIQLFGYAQQRLAEIQQRSQKIDMAFERIKDQEAKVRVYTEVAVSVFNIIMLFTGLILFSLDKIDFAAFLIGVILLMSSYGPVIALSNLSSNLLQTLASGERVLSLLAEEPELKDVESAVDLKEVSRIDVENLNFAYGEEQILSGVSLSVKKGEILGIHGRSGSGKSTLLKLLMRFYDPKSGSIKINGETLPNINTRSLRDNMAYITQQTYIFNETIEENIRLARRDATLEEIMEAAKKASIHDFILSLPQGYQTKMTELGGNLSDGEKQRIGIARAFLHNAPIILLDEPTSNLDSLNEAMILKSLLNVKAEKLIILVSHRQSTMAICDQVIGIENGRMS,length1,1656
-2,1045792,1045354,438,MHICILSGSTLGGAEYVAEHLNDVLETQGFSTALFHGPNLSDIENEKIWLIVTSTHGAGELPDNLKPLFDELANSQKDFSDVRFAVVGLGSSDYDTFCYAADKVEQTLQAKSAVKICETLKIDVLNVDDQESYAEEWLPSFIEGLK,length1,438
-2,1029676,1028236,1440,MFGPFKPAPHIAELPAEKIDSTYKRLRWQVFAGIFFGYAAYYFVRANFDLAQPGLIQAGLYSKAELGVIGSAAGLAYGLSKFVMAGMSDRSNPRVFLPFGLLLSGLCMTLMGLFPWATSGIAIMWVMIFLNGWFQGMGWPPCGRTMVHWWSKSERGTIVSIWNTAHNIGGMVPGAMVLLASAIFFSTHGIEAQAKDVWQQSLYFPGIAAMIFAIPVYFVMRDTPQSCGLPSIEKWRNDYPDDYNEKTYENDLTAKEIFVTYVLKNKLLWYIAIANVFVYLIRYGVLKWSPVYLSEVKHFNIKGTAWAYTIYELAAVPGTLLCGWVSDKVFKGKRGLTGFIFMILTTAAVVAYWMNPATPEAELANYSAWYENPYQLTDFVLMTLIGFLIYGPVMLIGLHALELAPKKAAGTAAGFTGLFGYLGGTVSASAVIGWAAQHYGWDGGFYVMIGGGVLAVLLLLIVMVEEGKHKAKLGDTYGTK,length1,1440
-2,1022641,1021960,681,MKKNFSAGKLPSKGKSAVNFHRTFKPKSKPKTLSLDETKAVLFNKPFDVLTQFTDEQGRATLKDFISIPNVYAAGRLDRDSEGLLILTNNGELQHRLADPKFKTEKTYWVQVEGIPEETDLAQLRKGVELKDGMTKQAQVRLISEPNLWERNPPIRERKNIPTSWLEIKISEGRNRQVRRMTAHIGFPTLRLVRVSMGSLSINGLENGSFRLLSLDEIKALFQTVKL,length1,681
-2,1012054,1011784,270,MVKTSFCCFLALFCKFYRGDIFSYSARCDADPNVYVKAKKCGEICILYGNCVCNRRNYRLCYWFLCNGLGGKHCATMGICCALGKSRQLV,length1,270
-2,1006825,1004242,2583,MISEENFQQHTPMMQQYLKLKAENPDILLFYRMGDFYELFYDDAKKAAALLDISLTKRGQSAGQPIPMAGMPYHAVEGYLAKLVQLGESVAICEQIGDPSTSKGPVERQIVRIVTPGTVSDEALLPERQDNLIAAVYQEKEKFGLATLDMTSGRFQLCEPADKETLRAELQRIVPVELLYCEEFNEMAAIEHCKGLRRRPIWEFELSTAITLLNRQFGTKDLRAFGVEKSPLGLSAAGCLLQYAKETQRTALPHIQSISLIQNQDCIQLDAATRRNLELTQNLSGGTENTLASVLDKCVTPMGSRLLKRWIHQPIRDVEKLKQRQQAIAEILNFDLVDELQPYLQLVGDMERILARVALRSARPRDLTRLRTALEQIPALRTIVQQKTSPFLTALFSQIADFSEQWDLLQRALIETPPLLIRDGGVIAEGYHAELDEWRMLSDGATQYLENLEKRERESTGIDTLKIGFNAVHGYYIQISQGQAHKAPIHYVRRQTLKNAERYIIPELKEYEDKVLKSKGAALALEKQLYDELFDLLLPHLGSLQLASLALSELDVLVNLAECADTLNYVMPTFCDEVSVKIENGRHPVVEQVLKDPFIANPVELNHNRHLLIITGPNMGGKSTYMRQTALITLLAYIGSFVPADSARIGPIDRIFTRIGASDDLASGRSTFMVEMTEMANILHQATEQSLVLIDEIGRGTSTYDGLSLAWACAEWLAKKIRSLTLFATHYFELTALPEQLEGIANIHLDALEHNNTIAFMHAVQDGAASKSYGLAVAALAGLPQSVIKLAKQKLTQLEKNSSYSAEQQIQALREANHNQGELLFEQETDALREAIEKLDPDDLSPKQALAYLYQLKKMVG,length1,2583
-2,1002652,1000795,1857,MIIVTSGHVDHGKTVLLKALTGTSTAHLPEEKKRGMTIDLGYAYLPLENKVLGFIDVPGHEKFLSNMLAGLGGVHYAMLIVAADEGVATQTKEHLAILRQLQFHEIIVIITKADRANSAQIESLIQEIKQNYSFLRGANYFVTSAETGQGINELRHYLANLPELSDTQKPFRYAIDRVFNVKGAGTVVTGTAFSGTVKVNDELYLSTGQKVRVKAIHAQNTSSEQGIAGQRLALNLNADLDRTSMKRGDWLLQNEPLPPTDRISVQILAEVPLNESQPVHIYHGASRTTGKLTLLQGKNAAKNDRSLAEIILDSPLFLAFGDKLILRSGDTKTLIAGARVLEINSPKRHKRTEVRLNFLANLALAENASQRIALTLKHNATTARQLMWTEQLTSLQLDKALVERDAVRYQDWCFNTNYIQEKTQQILTALNTYHEQHNDQLGVSKARLYRMTALNQPENLINHFIDEMLEEGRLQQTRGWLHLPEHKIQFSQEEQKYWSSVLDEFEKAQGQAIWVRDMANALAIDESIMRNFMYKAGKLGYLTPIVKDRFFLTETIYAYARLIKQIAEEQGKVSVNEVRDKLNFGRKLTVQLMEYFDRMGFLRRKGNSHILRDKNVFDL,length1,1857
-2,1000774,999922,852,MKKTLVAALISSAILLTGCQDKDTEAKIKQLNQTVAQLSAENTKLKDQIEKTIPAIFVENDEIFNQSEIIKHPKSKEDYQPEETKIEYSISTIKTNIDWLNDLLWKKLTENEETKTISREQFVARYQTAFEEDKKEAKETPSFGISHSIWTNFIGQKEKLATFAISFYDYEGGAHGIEGNRYFTIDLTTRHILTLNDLFNEKDLPKVKTLLWEQYNNSNKEYEPIIEADSFNLSNNIYLDSKGVHFIYDVYEIAPYAAGEQDLMLHFGQLEELFKPEFRQGNDI,length1,852
-2,989608,988759,849,MMRILLFLATNMAVMLVLGIILSVTGIAGNSTGGILIMALLFGFAGSLISLFLSKTMALRSVDGEVITQPRNQTERWLIDTVSRQAQKAGIPMPDVAIYHSPDVNAFATGATKSNSLVAVSTGLLNNMTEAEAEAVLAHEISHISNGDMVTMALLQGVLNTFVIFLSRVIATAVASSRNNNGEETRSSGIYFLVSMVLEMLFGVLASIIAMWFSRYREFRADAGSASLVGKEKMIMALQRLQQLHEPQNLEGSLNAFMINGKRSELFMSHPPLEKRIEALRNL,length1,849
-2,988360,987742,618,MAEYLVPKSAVVFEEEIKKSRFITYLQHTEGLEDARAFWAKIKQEHPNARHHCWAAVAGKPTDSLQLGFSDDGEPAGTAGKPMLSALQGSQLGEISAVVVRYYGGILLGTGGLVRAYGNGVQQALKLIESEIKVERTPFKLDCDYGQLRLVQQLCEKYQVEILSQGFQANIHLILGISEKTIEAFSSELTEKSSGRLVIQLLEIGE,length1,618
-2,973690,972685,1005,MITSQTPITVLGAGSYGTALAITFSRNGSPTHLWGHNPVHIAQMQTERQNYRFLPDVIFPEDLHLESNLAQAMEYSQDILIVVPSHAFGEILIKIKPHLKAHHRLIWATKGLERNTGRLLQTVVEEQLGTQYPLAVLSGPTFAKELAQGLPSAITLAANNEQFAREFQSRIHCSKGFRVYINSDMTGVQLGGAIKNVIAIGAGISDGMGFGANARTALITRGIAEITRLGISLGANTNTFMGMSGLGDLVLTCTDNQSRNRRFGLMLGKGLDAQMAMENIGQVVEGFYNTKEAYLLAQRQGVEMPITEQIYQMLFCGKNAQDVAISLLGRACKGE,length1,1005
-2,970900,969517,1383,MGEMASLRSHKNGIIFILDIVLFFVLLNVLPFEPKANSGLALLAFIAVLWLSEALHVTITALLVPLLAVALGLVSTKQALVGFADPTIFLFFGGFSLATALHIQKLDKLIANKIMALARGNLFIAVIYLFLITAFLSMWMSNTATAAMMLPLAMGILSQLDREKDHNTYVFVLLGIAYSASIGGMGTLVGSPPNAIVASNLNLTFSDWLWYGLPIMIILLPLMIGILYIIFKPKLHLNFEQTFENIEMNPMRILTFIIFSVIALTWIFSGKINPFISGLLGLQKNIASFDSIVALLAALVICSTGVASWKQIQSNTDWGVLMLFGGGLTLSAVLKDSGASKILADSIVFMIDGQHFYLIGLLVAAFIIFLTEFTSNTASAALLVPIFISIAQSLGMPEIGLALIIGIGASCAFMLPVATPPNAIVFGSGQVKQSEMVKVGFLLNLVCVVVIATMGYMFWLK,length1,1383
-2,961126,958357,2769,MPFAIGQRWLSESENALGLGVITALDQRTVTIYFPAADETRIYAIAQAPLSRIVFSKGETLSHQAGWQGEILDVQNMNGLLFYLVKNPQDEDVIVQERDISPIISFSQAKDRLFSAQIDRSTHFALRYRTLCHQQAQFKSPLRGLRGTRASLIPHQLHIAAEVGNRVNPRVLLADEVGLGKTIEAGMILQNQLFAEKVQRVLIIVPETLQHQWLVEMLRRFNLHFALFDEERCNDFDLDAVNPFTTESLIICSLNWLETHPNRVEQALDAQFDCLIVDEAHHLVWSETSPSAAYLFVEQLARIIPSVLLLTATPEQLGQESHFARLRLLDPERFFDYQTFVKEQEHYQPVVNAVESLLANKALSAVEKNHISDLLLEQDVEPLFKAIASNNDEEQQRARQELIQALIDRHGTGRMLFRNTRQGVKGFPHRVYHQITLSEENDKIDWLIDFLKLHRDEKIFVICQTAATAIQLEQILREREAIRAAVFHEKMSIIERDRAAAYFADLENGAQVLLSSSIGSEGRNFQFAANLVLFDLPTNPDLLEQCIGRLDRIGQKRDVQIYMPCAKDSPQSRLARWYNEGLNAFEQTCPMGMALFSQFADELEKVRSNSTALSENEFSGLLKQTKTAREKLKIELEKGRDRLLELNSHGGEQAQALADQIADEDNSPELVNFALKLFDIIGVEQEDLGANSIVISPTGTMLVPDFPGLKEEGVTVTFDRELALAREEMEFLTWDHPMIRQGIDLVASGDIGKAAMALLVNKQLPAGTLLIELIYVVESQSPKGLQLNRFLPPTPIRLLLDNKGNNMGEQVAFETLHSKLKPLGKNIANQMVKMARSNIESLITRGDQLVKSLAEPIIAEAKNQADQQLSAEINRLQALRAVNKNIRQSEIDILEQQRTQSLDELSKANWRLDCLRVIVTNKE,length1,2769
-2,957058,956293,765,MKQSLRHQKIIKLVEQSGYLSTEELVAALDVSPQTIRRDLNILAELDLIRRHHGGAASPSSAENSDYVDRKQFFSLQKNNIAQEVAKLIPNGASLFIDIGTTPEAVANALLGHEKLRIVTNNLNAAHLLRQNESFDIVMAGGSLRMDGGIIGEATVNFISQFRLDFGILGISAIDADGSLLDYDYHEVQVKRAIIESSRQTLLVADHSKFTRQAIVRLGELSDVEYLFTGDVPEGIVNYLKEQKTKLVLCNGKVR,length1,765
-2,943021,942718,303,MNIAEFHQNIEQVWQKIEEELENQGADVDCETQGSVFTITFDNRTQIVINKQEPLLELWIASKLGGFHFAFKNGDWVSNDGQRFWDCFVEACAAHGENVQF,length1,303
-2,931558,930979,579,MTGAQLIMACLKAHHVTTLFGYPGGAIMPTYDALYDAGLDHLLCRNEQGTAMAAIGYARSTGKVGVCIAASGSGATNLVIGLGDAMMDSIPVVTIEPWREQIRNFKAKLDFTYVENQGNRPIDPWALLNSLSNRKPNNAIICTDVGQHQMWSVQHILRVARHCGFTVTTMEMTLIETQVRLKITVKSDRTLDY,length1,579
-2,919123,917791,1332,MKNVVIVGGGAGGIELATFLGNKLGRQKQAKVTLVDRNATHLWKPLLHEIATGVMDDGVDSLSYRAHGKNHFFSFEQGSIIRINREQKYVELAPVYGQEGDMLVIARRIPYDYLVIAIGSKSNDFNTKGVADNCIFLDSSKQALRFQHKLLELFLKFSENRALDDIGEEEFKQKLVDENKVNIAIVGGGATGVELTAELYHAAEDLSSYGYGKIDSSCLQVTLVEAGTRLLPALPENLSAAVLDELKEMGTNVQLNTMITEAQPNTLITKDGGEIKADLIVWAAGVRASTVTQQFDGLEINRINQLVVKDTLQTTVDDSIFAIGDCAALIQSNGKLVPPRAQAAHQMAKACAKNIFALFENKPLKSFKYNDKGTLVSLSNFTALGSLTNKFGKNPLTVQGKFAQFAYVSLYRMHQHALHGCIKIGLIILVDKLNRYLKPRLKLH,length1,1332
-2,915022,914401,621,MRPLTARQQEVLDLLKRHLETTGMPPTRAEISRELGFKSANAAEEHLKALSRKGAIEIIPGASRGIRILDNSSNDEFDGLPLVGRVAAGEPILAEQHIEATYRVDADMFKPQADFLLKVYGLSMKNVGILDGDLLAVHSTKDVRNGQIVVARIEDEVTVKRLEKKGSIIYLHAENEEFDPIVVNLEEQKNFEIEGIAVGIIRNNAWM,length1,621
-2,903673,902794,879,MKAQELKAFMDAHKMSQKQVATLFDVSITTVSQYLNGKYPTDTKWLDEKVDELLARHKAKVVEAKYNNAFVPTQTAKRGMEIMHFAHAEGEINVIYGAAGLGKTQMLKQYAKEHSSAILIEVDPSCTPKVLLRKIAENVGSTSRGVNNDVLSGIVEKLNGAERLLMIDEAELLSTRSLEFIRRIHDLTNCGVILAGMPRLLVNLKGKNNELAQLYSRVGFACDLGNALPDDDLAMLAESALNTSEFNAPLLEACKGNARRLSKLMRGVVRSAEINETEISAEMIEQYSKMLIS,length1,879
-2,902284,901669,615,MKQMIEGKEYWRDARGNLTPAELVKDIDKARDVLVREWVEKGVSLNKEMRNFKDGIFGDIQAFIELSAEKYNAKVGGSKGNITLYSYDGKYKIQRAINDHLQFDERIQAAKVLIDECLNEWSEGSRPELKALIERAFNVDKEGNLNTSRILGLRRVDIQDERWQNAMQAISESVQVVSSKAYVRLYERVGETDQYVPIALDVAGA,length1,615
-2,899368,898822,546,MKLCRCPICHSDIHLDALLEDDAGREMLGLISNLGGRNARSLVSYIGLFRPERSALSNGRALRLMKDVLEMYQPSPLLAHALNETVQAVMKNRRETRNIQALANHNYLKKVYEGAKPLFAVVRSEGKAEMQSVAAQEEDQRMAAIQYIERYAAIGQLQFVENMPEFAVWKAWKAEQEKGYVA,length1,546
-2,898375,897454,921,MIKFLSKLFQRFTSNFNSKPKPKPKPKPEVITEYELHNSTTNLELPRFTVSIEIDNRPKPEDPQEKRRFKEAFEQITHDIKFINIDKDDVYELLWTHRIGGFYQLGKALKTRDILMNWSWFDEWLERFQNISIYPYMWNSWLVKGKLYPTDLDEATKKLTVKNMKDILGRKGYQEYPKLRAELEVFFKQNIAYEDLQPELRDRMIEKGWKENDEYQELKIELLCHSVIMRSYALRDFERYTPEYLSFLDDKFIKKPKLSFVGDDEEERIVQSFIISPIKNNQVIQIPPFFPGGRANIRYFYRENHNV,length1,921
-2,896857,896353,504,MSTLTFLDIFNRLIGYEGGYVNDPRDPGGETNWGITKRTALANGYQGNMRVMTHEQAFKIYYSAFWLRYQCDKMPEAVAFQFFDAAVNHGLGNASRMLQRAVNVADDGIIGNMTIAAIKKMAISDVIMHLNAERLEFYCKLSTFATFGKGWVCRVAGNLKYGAIDNEV,length1,504
-2,896203,895909,294,MPMNKFFELFTNSDGRASTTGFIQFFGFLVMAGVLIYAVYLDRSTVSDLFFYFACFCGGSAATKGAVMAFQAKQTKLEEQITGETYVEPEQTDRPRGI,length1,294
-2,893992,892723,1269,MDSIDQAYPMLEAIKVELEFNQRLRIDFPEIAGQGRVWQAATIITKANQKVQVAGSGKKLRGLRHGAYRPDLVVLDDIENDEQVRSPEQRDKLHDWLKKTVLPLGAAGDKLDVVYIGTILHYDSVLNRTLSSKAWKTAKFKALIRQPDDMSLWDKWEDFYLNEGEAVADAFYTQNQAAMDKGAVVSWAARPILTLMKIRARDGHATFDSEYQNDPLSSDDAMFANSLTYWTELPANLIYFGALDPSLGKAGASRDPSAILVGGYHRETGKLYVVEAQVKKRLPDLIIEDVIRMQKQYHCQRWFVETVQFQEFLKDELVKRSAQRGIPVPATATKPNTDKMLRIESLQPHMANSLILLHSSQATLISQLRHFPKADHDDGPDALEMLWRNAVGSSAAIEWIGLDQLDTFDVEDEDDDLYSFWRD,length1,1269
-2,891046,889747,1299,MPSAPKFAIGVEPKQAIEFLRQKKMLASKVLVKEMQDSALARATTIARLTSLDMTKDIYQSLETAMREGKGFHAWKKELVSEFERKGWIFGKDPSIRGIDGHLLADPKTGEYFGTPRRLNTIYRVNMQSAYSAARYQRLRDNVDNRPYWQYSAVGDARTRPAHLALSGKVYRYDDPFWATFYPPNGFNCRCTVIALGDRDLKRRGIDKPDDSSEFLVEVERPADKQGHREKTVGFKLPDGTVRVTDKGFDYNVGRLNYKPNLDLYPEKLAHAFAKVEMKGGEFKHDFEFLAKHVTEMKQTLSPEGKKLTADQMLQVRDSLTKNFKFAAGVLSAESKDLLKSKTGTVWLSDDTLIKQFNSRDGQDFGIDEYEALPDIINAPDKIVVDELGYQFYKDVKGKKLLAVLKVLSKEPEIFVQSFRLVSDKQWRKAFKE,length1,1299
-2,889609,889195,414,MIDIEINNAQEVTALLERLAQATAHRAPLMRSIAGTMESAVTQNFEVGGRPEWKKLKLRQGTPLVDTENLMESITSEYNNNEAIVGTNEPYAAIHQFGGKAGRGRKVDIPARPFLALTPQDEADILEDVQDYFQRLIK,length1,414
-2,883552,883213,339,MRLLLGISYEDKRYFDFDVRLLTLGGECAALEKVAELGLDEKENLTKAEQMLVDLAYLSEQLDIIGIAQDKLTPQFLLDNLATDDYVLITQAIAELRKKHIDAGENPSKAETE,length1,339
-2,882943,880666,2277,MAELNLALKLKAQDQASRVFRRAQSQITQSTRAMAQARERLGVRSEHKIQQEINHTIAAYNRLKRSGTATSRELARAAEATRSKIAGLNAEMGKTSWGQRLGNVGTAIASVGAGMAAGAMVMAQPMKKEMDYDRRLAMVSNTAFSDRDVAGRIAGKKELHDAVKSAVETGGGTKEEALGALDKLLASGTVKAETAMKLLPTLQKGAVATGASTEDLSAIAISAMQQFGIREDQIGAVLDKAVAAGQAGNFELSDMARWLPQQMAAAKSAGLSGMDGFEALLVANQQARVTAGTSDEAGNNLVNLLAKLTSKETADRFSKLEIKGKDGKTHGIDFIKSMENEKKQGKNSIEAFGSIMDMVVGEDKRYQALKAKLKTAKKEEQQALIEQMTNLVEGTAIGQIISDRQALMALLGIRNNVELGKQVKEEVTNSEGATDKSHKVVMSTNSAKVEQAKNAVEFAQMEGMKSFNNALGDAATKLAEYAKVYPNLTSTLTTAGTVITALSTAAIAASGALALLGVKRGGIGLSDVADVAGNLGKGKNGLKIKGGGKLGSILSAGALFTSGLMIAGEQRTTEEAKAEEKAEAKTAQEKQLENQFYANAYGGNKPTTTHYAPQGFGYNKNSVWGTAGRSGEVAEIARKDEVATLRLERGTLTQAQYDERTRQSAVKIAEIRNQGKGYSGLSVAANDTDSALSRTLGDLSSLANYQADFQHFGQTISDGLKTAIESQNFTIQNEIKVDLDGRIVAEQTSQYQYQDLKRG,length1,2277
-2,880660,879325,1335,MAGWTMPVQRASFRGVRFDVLSVDDDVYRSTIEHAYPFVNGADVEDLGLNPLTVRMQAVFYGPGYYTDFKKFLSVLQKSGAATLVHPIRGRLQNMICTGASFHHEAEMIDYVALDLTFIESTPAKPIFVFNYSLLAKIDALLTELENVVDDVMALYGEFMEIVAFAANTKSHLLGVYGALFGCFEQVRGLFDFDKTKYGVSPVVTQDNFKAKSSRAVRDLVTMIDSGLRQIAARKDLTLRAKFDEVLRTIRQIKHIPADLVSGKNIKSAKEQAALKSLTTSFSKDDTESVHLMMQLASSVALLRIATELVEDDDLLPQDIEYITTQVRSQIMDNLQLLRKQADDEHRGENITVLTTPNTSFYTAAHNTAEQLRNKAHKFTQLALAAINRKPPLMVREVPFSGTVQQIAHAFYQDYKRADELLRLNPQIRYPNFVERGEWLNSYVK,length1,1335
-2,877129,876067,1062,MFIVPSLEDIRQAILRDVQSLEPSADVSIDSDYYARASSLAAVAEGIYAHQKWIIKQFFPDTADTDFLEKHAGLRGIRRRNATYASGRGATVTGTPDAVLKAGLQIKTDDNRFYEITESAVISVSGSAVVAVRSLATGASQNIKTATKANFMAAPLGVQSDVVLNDVIGATDAESDASLLERLLEIIRRPPAGGNRYDYRTWALSVDGVDAAYVYPLRRGLGTVDIAITSNNDVPSDETIRRCQEYIDDVRPVTARESKVVKPDVTKVNFNIQVKISGVTLPEIKAAISTALADYFNTLIPGDDLIVSQCEAVVNNLVGVVDRKFTAPITNLKADVRTKIEWFRLGQITVTEMA,length1,1062
-2,872809,872323,486,MAKVYLAMYKHKRDWGKEPVKAIADRITQFCTKGKYSHCEIAIERIEFGNGHHYEHATVYDCYSSSVQDGGVRCKQIDVSDNTKWDLIPLDGVTEEQIKAYFDRTSGKKYDWWGALGIVLGIKQKRSKYFCSEWCFNAICGSERGWRFSPNQLAAIFNKEKS,length1,486
-2,871969,871126,843,MANQNTFKQAPLPFIGQKRMFLKHFETVLNENIKGEGEGWTIIDTFGGSGLLSHTAKRLKPKARVIYNDFDGYAERLAHIDDINQLRAELYSVVGNATSKNKRMTKDCKAECIRIIQNFKGYKDLNCLASWLLFSGQQVATLDDLFQHNFWHCIRQSDYPKADGYLDGVEIVKESFHTLLPKFSDDPKALFVLDPPYLCTKQESYKQAKYFDLIDFLRLVNITRPPYVFFSSTKSEFIRFVNYMLEDKVDNWQAFENAERITVNAKLNYQVAYEDNLVYKF,length1,843
-2,865420,865150,270,MARTVFCEYLKKEAEGLDFQLYPGELGKRIFDSVSKQAWGEWIKKQTMLVNEKKLNMMNAEHRKLLEQEMVNFLFEGKDVHIEGYVPPSN,length1,270
-2,860161,859771,390,MFFKQPKSVKCDRNIYPMTVKQSGCAGYTVTAKGAKYLLELVKNKPLDVAVDSLVFEDFLHFKDYKIVQLSPGICVQDFVLHPENPFESSLKEGRARVHGNQRKFSILEKIKNEFGRVKRKMFGKQVPFK,length1,390
-2,858592,857353,1239,MNDIFIGLQLREHFMAEENKKGGFWASLFGRNKKQDEPKIEPIIEEEKITDIEPSIEKFEANDLVEEEKIQEISTALEPIEEIIEAKKLEDELQPVAEIETREKPSEGGFFSRLVKGLLKTKQNIGAGFRSFFLGKKIDDELFEELEEQLLIADIGVPTTSKIIKNLTEHASRKELQDAELLYQQLKVEMADILEPVAQPLEIDSTKKPYVILMVGVNGVGKTTTIGKLARKFQAEGKSVMLAAGDTFRAAAVEQLQVWGERNHIPVVAQSTGSDSASVIFDAMQSAAARNIDILIADTAGRLQNKNNLMDELKKIVRVMKKYDETAPHEIMLTLDAGTGQNAISQAKLFNEAVGLTGISLTKLDGTAKGGVIFAIADQFKLPIRYIGVGEKIEDLREFNAKEFIEALFIHEE,length1,1239
-2,857242,856678,564,MTYLVGHSGAGKSTLLKLIMGMEKANAGQIWFNGHDITRLSKYEIPFLRRQIGMVHQDYRLLTDRTVVENVALPLIIAGMHPKDANTRAMASLDRVGLRNKAHYLPPQISGGEQQRVDIARAIVHKPQLLLADEPTGNLDDELSVGIFNLFEEFNRLGMTVLIATHDINLIQQKPKPCLVLEQGYLRY,length1,564
-2,856666,855736,930,MSRSTDASVFVQTAYTLRAVWADLWQRKFGTLLTILVIAVSLTIPTVSYLMWKNLHLATTQFYPESELTIYLHKNLSEENANLVVEKIRQQKGVESLNYVSRQESLKEFKSWSGFGEELEILDDNPLPAVVIVKPTSEFNVSEKRDELRTNLNKIKGVQEVRLDNDWMEKLTALSWLIAHVAIFCTVLMTIAVFLVIGNSIRSDVYSSRSSIDVMKLLGATDQFILRPYLYTGMIYALLGGLVAAIFSSFIISYFTSAVKYVTDIFAVQFSLNGLGVGEFVFLLVCCLIMGYVGAWIAATRHIAMMERKE,length1,930
-2,850378,850069,309,MQNQRIRIRLKAFDHRLIDQSTAEIVETAKRTGAQVRGPIPLPTRKERFTVLISPHVNKDARDQYEIRTHKRLVDIVEPTEKTVDALMRLDLAAGVDVQISLG,length1,309
-2,848809,848512,297,MSQERLLSVLRAPHISEKATNNAEKSNTVVLKVALDANKAEIAAAVAQLFEVKVDSVRTVVVKGKTKRRGNKMGRRSDWKKAYVTLAEGQNLDFVDSAE,length1,297
-2,847645,847372,273,MPRSLKKGPFLDLHLLKKVEKAVESGDKKPIKTWSRRSMIIPSMIGLTIAVHNGRQHVPVYVSDEMIGHKLGEFAPTRTYRGHAADKKAKK,length1,273
-2,844135,843766,369,MIQEQTMLDVADNSGARSVMCIKVLGGSHRRYAAIGDIIKITVKEAIPRGKVKKGDVLKAVVVRTKKGVRRPDGSVIRFDGNACVILNNNTEQPIGTRIFGPVTRELRSEKFMKIISLAPEVL,length1,369
-2,843424,842887,537,MAKLHDYYRDQVVSELKNKFGYKSVMQVPRIEKITLNMGVGEALTDKKLLDNAVADLAAISGQKPLVTKARKSVAGFKIRQGYPIGCKVTLRGERMWEFFERLITIAVPRIRDFRGLSAKSFDGRGNYSMGVREQIIFPEIDYDKVDRVRGLDITITTTAKNDEEGQALLAAFNFPFRK,length1,537
-2,841576,841225,351,MDKKSARIRRAARARHMMREQGVTRLVIHRTPRHIYAQVIAPNGSEVLAAASTVEKAIREQVKYTGNKDAAAAVGKAVAERALAKGVQAVAFDRSGFKYHGRVQTLADAAREAGLQF,length1,351
-2,840076,838753,1323,MAKQPGYQARSTNSGKGELKSRLLFVLGALIVYRIGSFIPVPGIDATVLAQLVEQQKGTIIDMFNMFSGGALSRASILALGIMPYISASIVIQLLATVSPALAELKKEGAAGQRKISKYTRYATVVFATIQAVAISTGLPNMLSGLVPNVGFSFYFTSVVSLVTGTMFLMWLGEQITERGIGNGISILVFGGIVAGLPSAILQTIEQARQGQMHPLVLLLIAAIVFAVTYFVVFVERGQRRIRVEYAKRQQGRQILGGHSTHLPLKVNMANVMPAIFASSIILFPATLTQWFGQNDKFEWLNNLSMLLNPGQPLYLLVYAVAIIFFSFFYTAMQYNPRDTADNLKKSGAFIPGIRPGEQTSRYIDKVMTRLTLIGGLYVTFVCLVPYIMTSAWDVKFYFGGTSLLIVVVVIMDFIVQVQSHLMSSQYESALKKANLKGFGQ,length1,1323
-2,837028,836044,984,MQGSVTEFLKPRLVDIEQISSTHAKVILEPLERGFGHTLGNALRRILLSSMPGCAVTEVEIDGVLHEYSSKEGVQEDILEVLLNLKGLAVKVQNKDDVILTLNKSGIGPVVAADITHDGDVEIVNPDHVICHLTDENASISMRIRVQRGRGYVPASSRTHTQEERPIGRLLVDACYSPVERIAYNVEAARVEQRTDLDKLVIELETNGALEPEEAIRRAATILAEQLDAFVDLRDVRQPEIKEEKPEFDPILLRPVDDLELTVRSANCLKAETIHYIGDLVQRTEVELLKTPNLGKKSLTEIKDVLASRGLSLGMRLENWPPASIAED,length1,984
-2,831559,831262,297,MAEAEHGLWYPLKMGLNLNLRLKLLFLPQRLKNDQKQLRLKYAHLLPLRLLIGEVGSPHRNIQLELHQVNSVEHDQYEFLKYDLLMLQGFFPYDLEHLF,length1,297
-2,830068,829561,507,MRSVKLKATKFSEFKPCSFQFGLVTLEPFITTKSGSKFLSCSSVGRINIFFTKCACHATSVTIRTAIRSCSLAPQKPSTTNKRLRESWLVTKSFKLCHVAWFIGLLSFFAVSDVHQTVSFVFSSNTIYLSFGERPVKIPVSTATAPVVVKVPFSKPSKPGLVSSSNNCS,length1,507
-2,816712,815716,996,MSTIRDVAKLANVSVATVSRVLNHSLSVSENTRLAVEQAIAQLAYQPNANAQALAVQNTDTIGVVVTDVTDAFFAILVKAVDKVAEAHQKTILIGIGYHHAEKEREAINTLLRKRCSSLVVHSKALSDDELSHYLNTVQGMVIINRVIKGYEHRCVSLDNQKGTYLATEMLIRYGHQHIAYIGSNHAIFDEVERRNGYLAALKDHNYPIIEQAITLNSPDFEGGEKAMIDLLSYNKNLTAVVAYNDSMAAGAISVLNENNISVPSQFSIIGFDDMPIARYLIPKLTTIRYPIDLMATYAAKLALSLTDEKIITPPVVQFNPTLVRRFSVESR,length1,996
-2,815623,814576,1047,MMYTTLSIHINLPNRSVIMKKTAVLSTVAFAIALGSASASFAADNRIGVTIYKYDDNFMSLMRKEIDKEAKVVGGIKLLMNDSQNAQSIQNDQVDILLSKGVKALAINLVDPAAAPTIIGKAKSDNIPVVFFNKDPGAKAIGSYEQAYYVGTDPKESGLIQGDLIAKQWKANPALDLNKDGKIQFVLLKGEPGHPDAEVRTKYVVEELNAKGIQTEQLFIDTGMWDAAMAKDKVDAWLSSSKANDIEVIISNNDGMALGALEATKAHGKKLPIFGVDALPEALQLISKGELAGTVLNDSVNQGKAVVQLSNNLAQGKSATEGTKWELKDRVVRIPYVGVDKDNLGDFLK,length1,1047
-2,812971,811963,1008,MSALEKNKSFDLLKQNAIYFVLLILLGIIIAQDPTFLNLVNFSNILTQSSVRLIIALGVAGLLITQGTDLSAGRQVGLSAVISATMLQSMENINRVFPEMGQIPIPVVILAVCAIGAVIGLVNGLVIAYLNVTPFIATMGTMIIIYGFNSLYYDAVGGSPIAGFSENFSTFAQGFFRVGSFKLSYITIYAAIAALLVWIMWNKTRFGKNVFAIGGNPEAAKVSGVNVARNLVAIYMIAGMFYAFGGMLEAGRIGSATNNLGFMYELDAIAACVVGGVSFAGGVGTVIGVITGVIIFTVINYGLTYIGVNPYWQYIIKGSIIILAVAIDSLKYAKKK,length1,1008
-2,811075,810520,555,MKQLLDFIPLILFFITYKLGGVREAAIVLVVATILQIVILKWKYGIVEKQQKIMASAVVFFGLLTAYFNEIRYLQWKVTIINGLFAIVLLVAQFQFKTPLIKKLLGKELQLPEKAWNTLNLGWALFFIICMLVNIYISHNMSEEAWVDFKSFGIIGMTVIATIISGVYIYRYLPKDGSNSKDGEK,length1,555
-2,810037,809743,294,MYYVIFAQDIPNTLEKRLAVREQHLARLKQLQAENRLLTAGPNPAIDDENPSEAGFTGSTVIAQFENLQAAKDWAAQDPYVEAGVYADVIVKPFKKVF,length1,294
-2,809725,807946,1779,MKKVALISLCIFTALSAFADSPNTATASINLEQEKQNWASIQHQDYLKRLKQREVFLQVEGLLKSAVKKQQFSEAIQNITKTLIDSLQGYPLQYDLLARFWETKIAFLQNDDIQGKQQAINEVNALVQQNYPFVTPAFQALLQKLSTLNEQQTSATSDNAKENNRVQKEQNQVENPKQLAEIVRKSDPNTLDKTVLIDAFPRYLKTLPEQMNNLSFESYQKWANTWQLSEDEIKQWKIAFLNRFFDNENTDFQKWRDEQIRQLQTDNLTERRLRMAIWQKTELTSWLNLLSAESKSKQEWRYWEAKQDILKNTKKLTALSKERGFYPMLAATQLKQAYQLNVPIASSFTQAEQLPFKQVFAMITELRELGRNGLAKQRWRILLDNVDFTTQLKLSEYAKNQQWFELAVDASIVAKAWGYLSLRLPNAYSEYFNAALQNLNISKTFAMAIARQESAWNPMAQSSANARGLMQLLPSTAKLTAENNQLPYQGEQDLFKPLNNILLGTAHLNELNGKYPNNRILIAAAYNAGANRVEKWLSRASGKLALDEFVASIPFYETRGYVQNVVAYDFYYQILQNKENPQIFSQEELNRLY,length1,1779
-2,804421,804142,279,MADAHVNIFHQDDVNLNAPHLRLSQFLRYYLFSILARMLEKPYHEGQVPYIYFAVCQLAFQDLDRNLEDSDSHLYSLRYRLRHDNLRSLKYPY,length1,279
-2,799402,797647,1755,MKWIKKGTFSGKQYRDDVSRKISWGHWFAFFNIIVAILIGARYAFIIDWPDTLAGKLYFFVSLLGHFSFNVFALYLLVVFPLSFIVKNHRTFRGLTVIFSTICTTLLLFDTAVFNRFNLHLSSVVWNLLVNPENGEMSRDWQIFFAPMPIILLAQMLFSRWSWEKLRSLERQKWLKGTGIFLTTTFIATHLIYAWADAYLYRPITMQRSNFPLSYPMTARSFLEKHGFLDGEEYTQKLAQEGRLDALKIDYPKKELTYAPITHKPNILLVTVSGLRHDAISNEKMPKLAKFATSSTEFTNHYSTGNSNNAGLIGLFYGLNANYTDSILSNHTQSVLIEKLRAENYQLGLFSATNFKDSIFRQALFREIKLSSNKTNKPNNESAVKNLNDFIKAQKTDSPWFAYLDLALDAKNPSDYDRTLQDIDSLLTKALESTPLENTLVIITSEHGLTFNEMNQKERENYFGRDEIQVPLLVYWKDLPVGKQNGLSNHADIFSALMQTVFRVENPLMDYSQGRNLFDLKGDDWVLASNFRWNVVIQPDGTQYHIDRKGNYKKFDKDYIEQSSDRPPLGIFLEAFQLQNFFFEK,length1,1755
-2,793165,792394,771,MAHSQVGIQLISESTEKTLAELIALCAEHNIIHNEKSPLALVQTDDRLELRKLDEPKLGAVYVDFVGGTMAHRRKFGGGRGEAVAKAVGIKGSALPTVIDATAGLGRDAFVLAAIGCQVRLVERHPVVFLLLQDGLNRAYQDEEIGEMLQQNLHLLNVQHINELDPNSDYADVVYLDPMYPHKQKSALVKKEMRVFQHLVGADLDADELLLPALQLAKKRVVVKRPDYAEFLCGKQPHFSRETKNHRFDIYMGASQC,length1,771
-2,791542,791029,513,MNNQIPLLGITGYSGSGKTTLLEKLIPELIARHIRVSVIKHSHHNMQVDKEGKDSWRMKEAGSSQVIVANDERWAIMTETPKPVSLDYLAQQFDRTLTDLVLVEGFKQEPIPKILLHRQEMTKPLPEIDEYVLAVATNYSLEIDRTLLDINRIPQIADFIENWLHHFHGAR,length1,513
-2,783472,783172,300,MSLKLVEILVLGQVLRLNVPIEQEELLRQAARNLDILVSEMKEKTGLIQLDRVLSIVALNLSFELSQEKNKTAKIEEVLRTGIQQLDHSLENIRVTKEPH,length1,300
-2,775369,774682,687,MILQPLFYLRFSSNLKGEKMELHNIRDEYTKRVLSQHDCHKNPISQFEQWQKEAIHAQVNEPTAMNIATVDEQGRPNSRMVLLKEVNEQGFVFFTNYLSRKGSCIERNPYVALTFFWPELERQVRIEGKAVKIPAEQSDKYFATRPYTSRIGAWASEQSAVISNYKSLLAKAALVAAKHPLNVPRPDYWGGYLVVPETVEFWQGRPSRLHDRIRYRKESDNWIRERLSP,length1,687
-2,764062,763075,987,MKKQDLMSIDEIQKLADPDMQKVNQNILAQLNSDVPLIGQLGFYIVQGGGKRIRPLIAVLAARSLGFEGSNSITCATFVEFIHTASLLHDDVVDESDMRRGRATANAEFGNAASVLVGDFIYTRAFQLVAQLESLKILSIMADATNVLAEGEVQQLMNVNDPETSEANYMRVIYSKTARLFEVAGQAAAIVAGGTEAQEKALQDYGRYLGTAFQLVDDVLDYSANAQALGKNVGDDLAEGKPTLPLLHAMRHGNAQQAALIREAIEQGGKREAIDEVLAIMTEHKSLDYAMNRAKEEAQKAVDAIEILPESEYKQALISLAYLSVDRNY,length1,987
-2,753991,752404,1587,MRLYQLMRQFVIVVLYSAILLSLEVIYRKLFNISSIERYTESYLSVCLFVCLFVFSKYRITRILVGALFAISIVVNNVHYAVYQSWIGPVNYSLAFKEINEITNAGLTMIDKFIYPLLFGLFEVAVFLSLSFIKRKVYKLSWIFDFIFYAVMMYVFVRAYTTKSHERFISPNTVYSRLKSNYLSLGYFIGRIVPYEIFSLSNIPLYHKSKPMKSGSPKIKNIILIMGESATSSHFSAFGYGRKTSPFLDSLKYKSGALVGKTYSGGKLTAISLPMFFNAIPYPNGIQQIAKGDTNLFNLAKEQGFQTYFYSAQARDDMHMINFLGGAWIDDIRFPDNEGYSLRDSMPDNKLLPAFKNINLDNGYHFVVLHHRGSHIPYGALLDEKEKVFGKNNATDNYDNTILNTDNFISEVYHYLSNKSSKDWIIAYTSDHGQYVKGDTYKQGTFDEDNYIVPLVLYSPNEEIQKLVLDNFESCKISFHNQLSSFIINIMGYNYSVSTCDKGVVNGNILTGDAGYLKIESNGKQEYVH,length1,1587
-2,750955,750325,630,MGNYMTYIVGLTGGIGSGKTTIANLFTDLGVPLVDADVVAREVVAKDSPLLSKIVEHFGAQILTEQGELNRAALRERVFNHDEDKLWLNNLLHPAIRERMKQKLAEQTAPYTLFVVPLLIENKLTALCDRILVVDVSPQTQLARSSQRDNNNFEQIQRIMNSQVSQQERLKWADDVINNDSELAQNLPHLQQKVLELHQFYLQQAENKNA,length1,630
-2,747922,746728,1194,MSQTQHQRPKRSHIFLMKIILVVFVLIFVGVIGFNIIKGVMISRAIAEMPESSSPVTALEVQPREWTPVINTTGLVRPNQGALLSTQNAGTISQVLVQNGQNVKKGEVLVELDSSVERANLQAAQAQLSALRQTYQRYVGLLNSNAVSRQEMDNAKAAYDAQLANIESLKAAIERRKIVAPFDGKAGIVKVNVGQYVNVGTEIVRVEDTSSMKVDFALSQNDLDKLHIGQRVTATTDARLGKTFSARITAIEPAINSSTGLVDVQATFDPEDGHKLLSGMFSRLRIALPTETNQVVVPQVAISYNMYGEIAYLLEPLSEEEKGKMSGNEKLDRLYRAKQITVFTKDRQGVYAQLQGNEVKAGDKIITGGQQGIGNGSLVEWIKKDIVGAVEPAHKTPL,length1,1194
-2,739141,738037,1104,MNKKTIVVKFGTSTLTQGSPKLNSPHMMEIVRQIAQLHNDGFRIVIVTSGAIAAGRHYLNHPQLPPTIASKQLLAAVGQSQLIQAWEKLFAIYDIHIGQLLLTRADIEDRERFLNARDTLHALLDNHIIPVINENDAVATAEIKVGDNDNLSALVAILVQAEQLYLLTDQQGLFDSDPRKNSEAKLIPVVEQITDHIRSIAGGSGTNLGTGGMMTKIIAADVATRSGIETIIAPGNRPNVIADLAYEQNIGTKFIAHQSDRLESRKQWLFAAPSAGIITIDNGAQNAILEQNKSLLPAGIINVEGRFSRGEVVKIRTQSGKDIALGMPRYNSDALQLIKGRKSADIENVLGYEYGAVAMHRDDMIILS,length1,1104
-2,736561,735757,804,MNSNYLLLPHFDPSIFTLGDSNIGLRWYGLMYLLGFVFARWLAVRRANRPNSGWTVDQVDTLLFNGFMGVFIGGRVGDVFFYNLDHFLQEPLYLFRVWEGGMSFHGGLIGVIVAMIWTSYSQKRNFWQTADFVAPLIPFGLGLGRIGNFINLELWGRETNVPWAMIFPNDPLLLPRHPSQLYEAFLEGLVLFAILNIFIKKPRPMASVAGLFLIGYGVFRFIVEYVREPEVENFFGIITRGQALCLPMIIGGAFIMAWAYSRKSAVIK,length1,804
-2,735745,734896,849,MKQYLDLCRRIVSEGEWVANERTGKHCLTVINADLEYDVANNQFPLITTRKSYWKAAIAEFLGYIRGYDNAADFRALGTKTWDANANVNAAWLANPHRRGVDDMGRVYGVQGRAWRKPNGETIDQLRKIVNNLTKGIDDRGEILTFFNPGEFDLGCLRPCMHTHTFSLVGDTLHLTSYQRSCDVPLGLNFNQIQVFTFLALMAQITGKKAGKAYHKIVNAHIYEDQLELMRDVQLKREPFPLPKLEINPDIKTLEDLETWVTMDDFKVVGYQSHEPIKYPFSV,length1,849
-2,733960,733651,309,MRRMISGTVKPNFWSRLLLSIIAIFALPNAQSFENQNNTENYSSSVSIQQALETVKVAREVQRQAIPQPSISRQTEKQPKIQPHFLADVLNLSAPIRAGPLLI,length1,309
-2,728278,727516,762,MNNKISVYDKDNFFELYQKLRANPISLNEIIEKPTMLSLLPNLKGKKLLDLGCGTGGHLQLYLERGAAKVIGTDLSEKMLEQAEKDLQKCGQFSGRFSLYHLPIEKLAELPESHFDVITSSFAFHYIENFPTLLSTIHDKLSSNGTLIFSQEHPITTCHKEGERWEKNDKKQQVAYRLNHYREEGERNRNWFKQPFQTYHRTTATIINNLIHARFQIEQMEEPMLADQPQWHNEFKDLSHRPPLLFIKARKVEK,length1,762
-2,727336,726616,720,MAQVSMRDMINAGVHFGHQTRYWNPQMKPFIFGARNGVHIINLEKTLPLFNEALAELTRIASNNGKVLFVGTKRAASEAVQAAALDCQQYYVNHRWLGGMLTNWKTVRQSIKRLKDLETQSQDGTFDKLTKKEALMRSREMEKLELSLGGIKDMGGLPDALFVIGADHEHIAVKEANNLGIPVFAIVDTNSTPAGVDFVIPGNDDATRAIQLYVSAAAAAVKEGRGNEAQVAEELAADAE,length1,720
-2,714940,713908,1032,MNRIFPEQLNYNLAQGLARVYLSHGQDPLLLSETEDTICQVANQQGFDEKNSIQVDSQTDWVQLIESCQSMGLFFSKQILSLNLPENFTALLQKNLQELISVLNKDVLLILQVAKLTKAIEKQAWFIALNQYEPNVILINCQTPTVENLPRWVKNRTKAMGLDADNEAIQQLCYSYENNLFALKQALQLLDLLYPDHKLNYNRVISAVEQSSIFTPFQWIDALLVGKANRAKRILKGLQAEDVQPVILLRTLQRELFTLLELTKPQQRIMTTEKLPTQQIKAEFDRLKIWQNRRPLFLSAIQRLTYQKLYEIIQELANIERLAKQEFSDEVWIKLADLSVKICL,length1,1032
-2,712705,712375,330,MLVIKSHFDSKPARFAFASSAPICFAISPASCSMRSVLSFNVPSCCWNNTVSKRGKRSTSFCFKSVLKKNSASVKRGRTTFSLPSMIAVGSSGLMFDTKIKCGNNLPSLP,length1,330
-2,711853,711487,366,MSHSPLSVAMRSACSTVMPQPRAQPSAALVGLPSASKAADTAGPRFSISLLGCCVAKLNTFTAKRRGAANHSILSNDKPAWFNSTSTLSAKEVANALRAFGGSSSVPISTRKFWVVIFCLYH,length1,366
-2,696307,695590,717,MMKTLLKGQTLLALMISLALSSLLLLSISHFYVQIQTQNQQMLLHLKLQAELQRILQLIGKDLRRLGFRALNAKLTESNLFLFELDEQGTAIFISQEDNAPPNSCVLFFYDLNKNGCIGKGSPKTCMKNGKNTSKSSTEELFGYKVSNKMIKTKLTYQSVIPTNCTAETCKRAFQQTACNAGGGWADLLDNNEYEITRLQFNWLIEGKGLEIKLKGNLKQTPNISYETSLVVALWNQKQ,length1,717
-2,694924,694630,294,MFRMNKGMSLITLLFSLALFSVLFLVFNQWTAEQRKSAVKIYQDFQATQIAENQAQRQFLGLACEQLIQQNGLTFRIRCENERIIVRYPTSEILIKTQ,length1,294
-2,694459,691219,3240,MAQWLQIELAKETGISANLKFPMPASFIWQLYAQNLPATALENPFDKDSMMWRLIRLIPTFLEKENFLPLRNYLASSPHSEQYKLYQLSSKIADLFDQYLVYRAEWIFAWEKGEDEQITAQIRKQQPNLNDTLFEQIQGNIKWQGELWRALVVDVKSDVDDATHRAALHNQFLALLADKKAPKKLPSRIFIFGIPALPTAYLNILQAISSEVDIHLFFNNPCQEYWGDISDLRLDYLRSRQRYQFNKQNENQPLFSEEQLSQLENAQFDVTYQNENLQVGNPLLAAWGKMGRDFLYTLVRDEEHIPTYPVNAYQEIKSNSLLGQLQSQILHLENKPLNIAKNDRTLTLHSCHSAMREVEVLHDYLLDLFNQDPNLTPKDVVVMVADINQYTPYIQAVFGQKNRNAPQIPFSLSDNKLSESDVLVSSYLTLLRLKESNFSAEDVLALLDIPATRERFNISLADLPLVREWVADSGIRFGLQKNQDGINFNSWQAGLERMILGYAMREEQGIWQDSLGLNSSYGLKGELAGNLSYFFTALSLLHETLQQAHSIEKWQEILTALLSDFFVQNEDTSDTIFYIQEKINELAEHLKMLHFTEKLQADVIADVITMKLEDAPNSLKFLAGKVNFCTLLPMRSVPFKVVCLLGMNDADYPRTQTPNSFDLMQYHYQKGDRVRRDDDRYLFLEALLAARDYCYISYVGRSITDNQPKEPSVLVSQLLDYINQGQKENVLTVIEHPMTAFSPDNFKYNEKFTRSFATKWLPIAQFDTAASNSEFAVTMTENPEKIEEVELDSLVSFVENPVKFFFEKQLGVYFRDKDERIADSENFTLSGLDNYSLNNDLIYLDEQNFADYFRQAEVKGVLPRAEFGKVYAENIRDNVLEFKEKIADLGEPKQASIDFNIAVDWQNENQKIRLFGYMDALFGDDSQVIHWHFAKYKDRYCIRPWIYYLIQCVTQENAIPAKLITQDQVIELPPIEREVALAQLQIYVKDYLQSQIEIQLVPTVRNISDFIVSDENSVSEKLRELTESNGFGPKADPYWSRVLAQTSRFKQPENLAKLLKQTKAWFGLLFAQKKTRKAQS,length1,3240
-2,691162,690715,447,MRCPFCDTEETKVIDSRLVSDGYQVRRRRECGHCHERFTTFEMAELIIPKIIKTDGTREPFNEDKLRSGIQHALEKRPVSADDVEKAINHIILQLRATGEREVPSKLVGKLAMNELKKLDKVAYIRFASVYLSFDDIDQFTIEIEKLKD,length1,447
-2,680695,680242,453,MKKIDVKILDSRIGNEFPLPTYATEGSAGLDLRALIDESFEIQPGETKLIPTGLSIYIADPNLAAVILPRSGLGHKHGIVLGNLVGLIDSDYQGPLMVSMWNRGNEPFKIEVGDRIAQLVFVPVVQAEFNIVEDFQQTERGEGGFGHSGKQ,length1,453
-2,680236,679582,654,MVEEQLSLSGVEEIAPKIETPKIEKRTVKERRQQVLTVLIHMLHSERGMERMTTARLAKEVGVSEAALYRYFPSKTKMFEALIEHIESTLLSRITASMRNETQTMNRIHDILQTILDFARKNPGLTRVLTGHALMFEEAQLQARVAQFFDRLEMQFVNILQMRKLREGRAFNVDERIIASHLVTLCEGQFMRYVRTNFRLNSSQSFEQQWRFIEPLFA,length1,654
-2,668524,667669,855,MQNPKDDVLYAPVEWVDHSEGYSDIRYHKSTDGIAKITINRPEVRNAFRPQTVKEMITAFSDARFDENIGVIVLTGEGEKAFCSGGDQKVRGNYGGYKDDSGVHHLNVLDFQRDIRSCPKPVVAMVAGYAIGGGHVLHMLCDLTIAAENAIFGQTGPKVGSFDGGWGASYMARLVGQKKAREIWFLCRQYNAQEALDMGLVNTVVPYADLEKETVRWCREMLRNSPIAIRCLKAALNADCDGQAGLQELAGNATMLFYMTEEGQEGRNAFNEKRAPDFSKFRRNP,length1,855
-2,666451,666004,447,MSQTHRILLLNGPNLNMLGAREPKHYGSISLASIEEKIQTLATQHNVKVECFQANSEEKLINKIHESFQQVDFILINPAAYTHTSVALRDALLAVSIPFVEIHLSNVHKREPFRHHSYFSDVAEGVICGLGAKGYEFAFLFAIDYLAKK,length1,447
-2,665848,665383,465,MDIRKIKKLIELVEESGITELEVQEEEGTVRISRATPVVAPAAVQYAAAPVVAPTPAAAPAQAPAAATPAPAASDELSGHLVRSPMVGTFYRSPSPEAKAFVEVGQSVKVGDALCIVEAMKMMNRIEADKAGVVKAILINDGDAVEFDEPLIVIE,length1,465
-2,651892,650818,1074,MQSYNIAVLAGDGIGPEVMAEAIKVLNKAQEKFGFKLNFNEFFVGGAAIDHCGCPLPAETLKGCDEADAILFGSVGGPKWTNLPPDQQPERGALLPLRKHFKLFCNLRPATLYKGLEKFCPLRADIAEKGFDMVVVRELTGGIYFGQPKGREGEGVQTKAFDTEVYYKYEIERIARAAFDAAMKRNKKVTSVDKANVLQSSILWRETVTEMAKEYPEVTLEHIYIDNATMQLIKAPESFDVLLCSNIFGDIISDEAAMITGSMGMLPSASLNEEGFGLYEPAGGSAPDIAGKGIANPIAQILSAAMMLRYSFNLNEAADAIENAVQKVLASGHRTADLADDSTPVSTAEMGTLIAQAI,length1,1074
-2,649309,648709,600,MAGFKQLSGLVVPLDAANVDTDAIIPKQFLQAITRVGFGKHLFHEWRYLDVDGTKPNPEFVLNYPQYQGATILLARKNLGCGSSREHAPWALADYGFKVMIAPSFADIFYNNSLNNHMLPIRVSEEEVEEIFQWVWANDGKQIHVDLEAMTVTVGDKVYHFELDEFRRHCLLNGLDNIGLTLQHEDKISAYEKNIPAFLR,length1,600
-2,631912,630289,1623,MDSRRSLLVLALIFISFLVYQQWQLDKNPPVQTEQTTSITATSDVPASSPSNSQAIADSQTRGRIITLENDVFRLKIDTLGGDVISSELLKYDAELNSKTPFELLKDTKEHIYIAQSGLIGKNGIDTRSGRAQYQIEGDNFKLAEGQESLSVPLLFEKDGVTYQKIFVLKRGSYDLGVDYKIDNQSGQAIEVEPYGQLKHSIVESSGNVAMPTYTGGAYSSSDTNYKKYSFADMQDNNLSIDTKAGWVAVLQHYFVSAWIPNQDVNNQLYTITDSKNNVASIGYRGPVVTIPSGSQETITSSLWTGPKLQNQMATVANNLDLTVDYGWAWFIAKPLFWLLTFIQGIVSNWGLAIICVTIVVKAILYPLTKAQYTSMAKMRILQPKMQEMRERFGDDRQRMSQEMMKLYKEEKVNPLGGCLPILLQMPIFIALYWTFLEAVELRHAPFFGWIQDLSAQDPYYILPILMGISMFLLQKMSPTPVTDPTQQKVMNFMPLVFMFFFLWFPAGLVLYWLVSNLITIAQQQLIYRGLEKKGLHSRKK,length1,1623
-2,624538,623596,942,MKIILANPRGFCAGVDRAISIVELALEIHGAPIYVRHEVVHNRFVVNGLRDRGAIFVEELSEVPDGAIVIFSAHGVSQAVRQEAKDRNLKVFDATCPLVTKVHMQVARASRKGTKAILIGHKGHPEVEGTMGQYSNEDGGIFLIEKVEDIARLPMQDNDDLTFMTQTTLSLDDTAETIAALKEKYPAIQGPHKNDICYATTNRQEAVRELAKLSDLVLVVGSKNSSNSNRLAELASRMGIKSQLLDDPSDIQDDWFNDVKTIGITAGASAPEELVQSIISRLKEFGADTIEELQGLEENMFFEVPKELRIKEVN,length1,942
-2,620233,619582,651,MLMIYLNNVILNDKTLPMCFNLNVKAGERVAIIGESGAGKSTLLNLIAGFEFPAQGEIWLNDKNHTRSAPYERPVSMLFQENNLFPHLTVQQNLALGIKPSLKLTALEQEKIEQAACSVGLGDYLERLPNSLSGGQKQRVALARCLLRDKPILLLDEPFSALDQKLRVEMLALIAKLCDEKDLTLLLVTHQPSELIGSIDQVLVVENGQISQLQKGV,length1,651
-2,615001,614512,489,MPSFDIVSEITLHEVRNAVENANRVLSTRYDFRGVEAVIELNEKNETIKITTESDFQLEQLIEILIGSCIKRGIEHSSLDIPAESEHHGKLYSKEIKLKQGIETEMAKKITKLVKDSKIKVQTQIQGEQVRVTGKSRDDLQAVIQLVKSAELGQPFQFNNFRD,length1,489
-2,613276,612724,552,MVMMELSQTALFIGSIINLYALVVILRAWLQFARVDYYSPVSTFAVKMTDPILKPLRKIAPTVKNIDTSALLLVFIIGMLKGIIYFGLSVNVLLVLGVLTVLKSIGLAIFYVLFIGAVLSWFNRGNNSISYAFYQLSEPLLKPIRRLLPTLGMIDFSPMVVMFILLFLNNFMLDLLGGLWIIAG,length1,552
-2,611278,610078,1200,MSKTMISRENYLQQLIQFKDTDFIKVISGVRRSGKSVLLMQYRDYLQQQGISPENILYLNFESFEYQWVKDAQDFQQLIQEKMPSSQEKIYFLIDEIQFVEGWQKIVNALRVSFNTDIVITGSNANLLSGELATLLSGRYVEIKIYPLSFKEFLHAKNVDSQSRLVDKLYSEYEKYGGFPSVVMADEPLKETILSGIFDSIVLNDIAHRAGVKDTHILKSVILFLADNVGQLVNPSKISNTLTSERVPTSNHTISKYLDLLENAFLFYKAKQYDIRGKGYLKTNAKYFIVDNGLRRHAIGKKGANYANRLENIVFIELLRRGYTVDVGKLDSKEIDFIARKADEILYVQVAFEIPENTHETDNLLHIKDNYKKILITGKYYEQTEIDGIEVIYVVDWLLQ,length1,1200
-2,601147,600040,1107,MKKLIAVAVFSACGSLAHANTIIPNYNTDAHLYEFTQTYDLVVPKGSQGQTNLWVPLPFNGEYQQVKSIHFEGNYMNAYVTENNKYGAKTLFATWDKDAQKRDLKVTMVIETKDREPMVKGALENYTPPKDIQYSVDVQEYLKATPHIKTDGIVKEFADKILGKETNPLKKAELIHHWIVKNMERDNSVLGCGDGDVEKILTTGVLKGKCTDINSVFVALARAAGIPAREIFGIRLGTAEKMGKYSKGAFGSANEQGIVNVSGGQHCRAEFYLAGFGWVPVDSADVAKMRLAEKKSVEDKDTQAVAKYLFGNWEANWVGFNHARDFDLYPQPELAPINNFGYPYAEVGGDPLNSFDPKEFKYDYVSKKL,length1,1107
-2,599692,599416,276,MKKLCTALLLSLFAISFAHANETKQIVLKVKEMNCQLCAYLVNKELRNIDGVISTKASIKDGLVTVVEDPKVTNQQLFDAIHKLKYTAEVVN,length1,276
-2,589441,589093,348,MGRFGNFMDTILTPCPYRGAHVMNGFNSVSFELEFYIQIKIRRINADVNIRFFLQHSLNDIFTNFQQTRKMFQDFSQTHNRKLFHIDERFTAFSQHSCACNTNKASIRIMCFELAN,length1,348
-2,588463,588100,363,MNCHVFTNSVAITNNGFCSFAFIFQILVYFANARKLIDFVIFANHGIATYHNVRFQYSASFDFNTALNNTERPNKNVFANYRPFFNEGSWMNFCTWVDHIYPLINDEHTLVLLHKRFRHLR,length1,363
-2,579379,579058,321,MFLRDNFCANTLIVKFKQCAIIHQNIAAAAFVFQFFYFLNEPLIFFEEFMLGIPTPFHQGRLNKNLTAYRWINSSVIHWSRSHNRHTVKRDFLICNHSATGFRPTRF,length1,321
-2,572470,570835,1635,MATNYIFVTGGVVSSLGKGIAAASLAAILEARGLNVTIMKLDPYINVDPGTMSPTQHGEVFVTQDGAETDLDLGHYERFIRTKMTKRNNFTTGKIYSEVLRKERRGDYLGATIQVIPHITNEIKDRVIAGAQGHDVVIVEVGGTVGDIESLPFLEALRQLAVQVGREHTLFMHLTLVPYIPTAGEVKTKPTQHSVKELLSIGIQPDVLICRSDRMIPPNERAKIALFCNVAERAVISLKDVNSIYQIPALLKSQGLDDFVCERFRLTCPEADLTEWEQVLYKQANPVGEVTIGMVGKYTELPDAYKSVNEALKHAGLTNRLSVSIKYIDSQDVETKGVEVLKGVDGILVPGGFGYRGVEGKIRTAQYARENKIPYLGICLGMQIALIEYARNVAGLTKANSSEFDKDCEQPVVALITEWQDAEGNTEVRTDESDLGGTMRLGAQQCHLVSGSHARELYGKETIEERHRHRYEVNNTLLPQIEKAGLKVTGLSADKKLVEIIEVPNHPWFVACQFHPEFTSTPRDGHPLFAGFVKAAYENHKKSVK,length1,1635
-2,561319,560683,636,MFEQHKLSLQNLSCQRGERVLFRALTCDFNSGDFVQIEGHNGIGKTSLLRILAGLAQPLEGEVRWDAEAISKQREQYHQNLLYLGHLLGVKPELTAWENLQFYQRISQAEQNTDMLWDLLEKVGLLGREDLPAAQLSAGQQKRIALGRLWLSQAPLWILDEPFTAIDKKGVEILTALFDEHAQRGGIVLLTSHQEVPSSHLQKLNLAAYKAE,length1,636
-2,558448,556504,1944,MIAELGNYALALSLAVSLMLAIFPLWGAEKGNAQLMALARPMTYGLFASLSIAFAALFYLFAVNDFSVQYIVNNSNTTLPIYYRLSAVWGSHEGSLLLWIWLLAVWSFAVALLSKHLPQEAVARVLGIMGIISVGFVLFVLFTSNPFTRTFPDFPVDGKELNPMLQDVGLIFHPPLLYMGYVGFSVAFAFAIASLMTGKLDSAWARWSRPWTLAAWVFLTLGIVLGSWWAYYELGWGGWWFWDPVENSSFMPWLAGTALIHSLSVTEKRGSFKAWTVLLAILAFSLCLLGTFLVRSGILVSVHAFASDPTRGLYILAYLVVVIGGSLALYAYKGSQIRSRDNAERYSRESMLLLNNILLMTALCVVFLGTLLPLVHKQLGLGSISIGAPFFDQMFLIIMTPFALLLGIGPLVKWRRDQFSAIRTPVVISVFVMLIAGFALPYFLQDKITVSSVLGSMMTVIIVLLVLYELQQRATHRESFFVGVRKLSRSHWGMMLAHLGVAMTVWGIAFSQNFSVERDVRMKVGENAQIGRYDFKFAGVTDENGPNYIGGKAQIDISKDGQPEASLFAEKRFYTVSRMSMTEAAIAGGLTRDLYVALGEKLEDNSWALRLYYKPFIRWIWIGGLFMALGGLLCMFDRRYRFNVLLKK,length1,1944
-2,555814,555355,459,MKKTWLFLTAFLFSSVAFSAIDALNFSSPQQESDYHQLTQSLRCPQCQNNNIADSNATIAVDMRGKVFELLQEGKSKNDVVDYMVARYGNFVTYDPPITASTLVLWIAPLLLVLLGVVFLLRRKPKTQSAVKSQEVLTDEDNARLAELLNKDK,length1,459
-2,555352,554437,915,MNFTLIFILTTLVVALICFYPLLRQFKAKHGQKRDDLNKALYFSRLEEIEQDNSQGLVENVEQLKQELQKTLLDDVPSKVQENVDYSGKSYGKIWFVSGVLALGIIAGSSYFMVGSWQAESMLEQTYAKLPYFFDRMKDEDKNPFSDAEMQQFSTALRIDLQKNPTDAKKWWMLGQIGMNLGDARLAFDSYQKANKLEPDNVQYKLGYARILMFSEDATDKLKGGNLLREVIRQEHTNIEALSLLAFRYFETEDYKMAAVTWAMMLRLMPKDDERVPLIEKSIRTARDALEAQNEEKSKSITPEK,length1,915
-2,552706,552436,270,MIGLALSGRRSCNTPIICGITSPARRITTVSPIAIFKRSISSPLCKVALLTVTPATNTGSNLATGVIAPVRPTWNSTSFNRVNSSWAGNL,length1,270
-2,549328,548380,948,MTIYADNSYSIGNTPLVRLKHFGHNGNVVVKIEGRNPSYSVKCRIGANMVWQAEKDGTLTKGKEIVDATSGNTGIALAYVAAARGYKITLTMPETMSLERKRLLCGLGVNLVLTEGAKGMKGAIAKAEEIVASDPSRYVMLKQFENPANPQIHRETTGPEIWKDTDGKVDVVVAGVGTGGSITGISRAIKLDFGKQITSVAVEPVESPVISQTLAGEEVKPGPHKIQGIGAGFIPKNLDLSIIDRVETVDSDTALATARRLMAEEGILAGISSGAAVAAADRLAKLPEFADKLIVVILPSASERYLSTALFEGIEG,length1,948
-2,540292,538759,1533,MKQKCGCISPHFFILGDIMYIGIDCGTQGTKAIVLDSVQKKVIGVGYAKHELITQSNGRREQQPNWWIEALQQALQIALKQAKNSPHFSPNLVKGIGISGQQHGLVMLDKNDRPLYKAKLWCDTETATENDILIEKLGGQTAVFEKLGIICQTGYTASKLSWFRQNYPDKFANIRKIMLPHDYLNYWLTGKFCTEFGDASGSGYFDVVKREWKREVFKYLAPELNMDEVLPKLLSAEQKIGVIKPEIATLFGFNENVIVSTGGGDNMMGAIGTGNIREGIATMSLGTSGTLYAYTQKPLLNLPPMIANFCSSNNGWLPLVCVMNITSSNKQLMNLLNIDIEELNQLAQQAPIGANGITILPFFNGERVPPLPNAKASILGLDSSNFTRENLCRAMMESATFTLRYGLDLFRQAGLETSQIRLIGGGAKSSFWRQMIADVMNSEVVCLQEEEAAALGGAIQAMWANGEGELEFLCETFIHLDENSKAYPNLSQVKNYQSAYERYLIHLSQLY,length1,1533
-2,525265,523681,1584,MLWFFFCVAVLIIGYFIYGKIIEKIFVINPKRQTPAYQVNDGVDYMPMSKTKIWLIQLLNIAGTGPIFGPILGALYGPVAMLWIVIGCIFAGAVHDYFCGMLSIRHGGATMPYLAGKFLGRPVKVFINTLALVLLLLVGVVFVASPAQLMGTITMDVFGASQSALVLGDAEAVHHSVEAGGIKVWGMDKATVVALWTAIIFAYYILATLLPVDKIIGRIYPLFGALLLFMSVGMVYGLVVSHFSATDPIEFFRTINADGEGLTWAKFTQNFQVKGDVPIWPLLFLTISCGALSGFHATQTPLMARCTENESEGRFIFYGAMITEGVIALVWCMVGLAFYENPQALQDAISAGSPSKVVYDSSLHFLGFIGGIFAILGVIVLPITSGDTAFRAARLQIAEIFNVDQRSLPKRLLIAVPLFVLGYFISTIDFSVLWRYFTWANQMTAMVMLWTAAGYLYRYHKFHWVASLPAWFITTVCATYLFYNKIGFGLDYQLSVYLGLATTIVCIVLFFTMLKPLGTRDEEAYINN,length1,1584
-2,523477,523024,453,MFRGATAVNLDSKGRVAIPTRYRAEILEKNQGQMVCTVDIRQSCLLLYPLDEWEKIEQKLLALSNFDPTQRRLQRVMLGHATECEMDAQGRILLSGPLRQHAKLEKGLMLVGQLNKFEIWSDVEWHTQIAEDIEIGSSADFAADALNDFSL,length1,453
-2,522991,522028,963,MNSENSFSSSEHITVLLHEAVNGLALKENGIYIDGTFGRGGHSRFILSQLSSNGRLIAVDRDPRAIAEAHKIQDSRFQIEHNSFSHIPEICDKLNLVGKIDGILLDLGVSSPQLDEAERGFSFMKDGPLDMRMDTTQGLSAEEWLKQVSIEDLTWVLKTFGEERFAKRIATAIVDFNKSTVKNGTEFLSRTSQLAELISQAVPFKDKHKHPATRSFQAIRIFINSELDELESLLNSALDMLAPEGRLSIISFHSLEDRMVKHFMKKQSKGEDIPKGLPLREDQIQRNQKLRIIGKAIQPSDAEIQANPRSRSAILRVAERI,length1,963
-2,512080,510655,1425,MKHSHEEIRKIIPEMRRVQQIHFIGIGGAGMSGIAEILLNEGYQISGSDIADGVVTQRLAQAGAKIYIGHAEEHIKGASVVVVSSAIKDDNPELVASKQKRIPVIQRAQMLAEIMRFRHGIAVAGTHGKTTTTAMISMIYTQAKLDPTFVNGGLVKSAGKNAHLGASRYLIAEADESDASFLHLQPMVSVVTNMEPDHMDTYEGDFEKMKATYVKFLHNLPFYGLAVMCADDPVLMELVPKVGRQVITYGFSEQADYRIEDYEQTGFQGHYTVICPNNERINVLLNVPGKHNALNATAALAVAKEEGIANEAILEALADFQGAGRRFDQLGEFIRPNGKVRLVDDYGHHPTEVDVTIKAAREGWGDKRIVMIFQPHRYSRTRDLFDDFVQVLSLVDALIMLDVYAAGEAPIVGADSKSLCRSIRNLGKVDPILVSDTSQLGDVLDQIIQDGDLILAQGAGSVSKISRGLAESWKN,length1,1425
-2,507517,506254,1263,MLYPEYPEYDNFNESGALIKVVGVGGGGGNAVNHMVMNMVKQEMGGTFVGESSLTSEEHGRIVFYAVNTDAQALRKSQVQQTVQIGGETTKGLGAGANPNIGRKAAEDDQDEIRKMLEGADMVFIAAGMGGGTGTGAAPVVAKIAKELGILTVAVVTKPFAFEGKKRMQFAELGIKDLSQYVDSMIIIPNQQIQKVLPKNAKLIDAFAAANDVLRNSVMGISDMITSPGLINVDFADVRTVMSVQGQAMIGFGSAVGEPGAGRAEEAARLAVRNDLLEKIDLSNAQGILVNITAGMDLVFDEFNIIGETIGSFASEEATVVVGTSLVPEMSDEIRVTIVATGLGEIAGNEPIQVVRQGLSTQNIEGEGRVNIVPELHRRESVEVSRSASEEYQRPLDKPITDRLEAFKKNNFFNPAQREEN,length1,1263
-2,497494,496174,1320,MLLVNLAIFIAFLLLLAQLYRKTEKLGQTVFIGLLLGLLFGAVLQSAFEKPLLDKTLDWINVVGNGYVRLLQMIVMPLVFVSILSAIARINQTRSLGKVSVGVLSTLLITTAISAAIGIAMVHLFDVSAAGLILGDRELAAQGKVLDKAGQVSNLTVPAMLVSFIPKNPFADLTGANPTSIISVVIFSALLGVAALSLGKEDQALGERIAQGVETLNKLVMRLVRFVIRLTPYGVFALMIKMAATSKWADIVNLGNFIVASYAAIALMFVVHGILLFFVKVNPVDYYKKVLPTLSFAFTSRSSAATIPLNIETQTAKLGNNNVIANFAATFGATIGQNGCGGIYPAMLAVMVAPMVGIDPFSFSYILTLISVVAISSFGIAGVGGGATFAAIVVLSTLGLPLELVGLLISIEPIIDMGRTALNVNGAMVAGTITDRLLNK,length1,1320
-2,493039,492730,309,MKFFPRHFVLQAQHYDLLEFGSLTAWLMLNPVSKAPLNFRQKFQPHFLKKLFFHFDVQLNNQILKNQQWHPLHQYLLHGRGNRCLDRVRVDKIQVQELNKRNL,length1,309
-2,480886,480544,342,MEIVNKQSFQEVLEYVRMYRLKNRIKRDMEDNNRKIRDNQKRILLLDNLNQYIRDDMTIAEVRGIIESMRDDYESRVDDYTIRNAELSKQRREASTKMKEQKKAHAELLKNAEK,length1,342
-2,476770,476296,474,MQVQRKLNQSLLLAEAYFKRKFTMPEVNYELRGIKAGVAYLQKNEIKFNRTLLQENTDEFIRQVVPHELAHLIVYQMFGCVKPHGKEWQLVMNEIFKLPADTCHQFDIKNVQGKTFEYRCACQTHFLTIRRHNKIMKENIEYLCKKCKGKLVFVDDEE,length1,474
-2,471553,470641,912,MIFCDLDRKNKFEWLDIFQDMFILRKLISPLIFKNTMKFYRTLLLFFASSFAFANSDLMLLHTYNNQPIEGWVMSEKLDGVRGYWNGKQLLTRQGQPLSPPAYFIKDFPPFAIDGELFSERNHFEEISSITKSFKGDGWAKLKLYVFDVPDAEGNLFERLAKLKAYLLEYPTTYIEIIEQIPVKDKTHLYQFLAQVENLQGEGVVVRNPNAPYERKRSSQILKLKTARDEECTVIAHHKGKGQFENVMGALTCKNHRGEFKIGSGFNLNERENPPPIGSVITYKYRGITNSGKPRFATYWREKK,length1,912
-2,469999,469489,510,MVLPKLNQSFCVDLTMRKDFEKLFEFFYDVVLLFQNHFLKNYALCNKVRLWLVLQSLSINDLALIFHNLIHPRLLKFYLVQAEKRHHPTLLLAVVLQTSLFLQGNIFLSQWHLIMAYFLLLHSSLLSSLIFNWIALLVQRSMAFYFMRTDMMQLRFNLATIFGGIRAARI,length1,510
-2,460246,459355,891,MYKRLPPLNSLKSFESAARYLSFTKAADELCVTQAAVSHQIKLLEEFLGIELFKRKNRSLELTELGKAYFVDINKILRRLNEATERLLTLKTDPHLNISVPQTFGIQWLVPHLSEFNQLYPQIEVRLTGVDQDEGLLNKEIDLAIYYGLGNWQNLQVDRLCEENLLILASPELLAENPIIQPEDLKKHTLIHIHTCDNWQAMANHLQLDDLNIQQGPLFSHTFMALQAAIHGQGIVLANRLLALQEIENGSLQAVLPTNLPDPKSFYVVNHLDRLDDQKIQAFRQWIINSIKQEENE,length1,891
-2,458233,457066,1167,MNLHEYQAKQLFEHYGLPVKNGAVCQSVEDVDLVLAQLSGDKWAAKCQVHAGGRGKAGGVKLVQDVEEARAFAEKWLGQRLVTFQTDKLGQPVNQIYFEETCDIDKEFYLSAVVDRASQKVMFIASPAGGMNIEEVAQNSLHLLHKVEIDPLFGGLPYQGRELAFKLGLSGTQNKQFTDIFMGLSRLFLEKDLSLVEVNPLVLTKQGYLVCLDAKISVDDNALFRHKDLLALQDLTQNDAREAEAEKFQLNYVALEGDIGCMVNGAGLAMGTMDIVKLYGGKPANFLDVGGGATKERVAEAFKIILTDPSVKVILVNIFGGIVRCDLIAEGVIAAVNEVGVRVPVVVRLEGTNAEMGRQILAQSDVNILTAQSLQQAAELAVNAAKGEH,length1,1167
-2,447466,446977,489,MIDYIIIGIIAFSILVSLLRGFVREVLSLGSWVVAFIVASQFYPYLATYLTQIESMYVRNGTAIAILFVLTLIVGAIVNYVISQLVDKTGLSGTDRVLGAAFGLVRGALIVAALLFFMDTFTNFEQTDWWKESQLIPHFGFIIEWFFQQLQSSSSFLNPTLNQ,length1,489
-2,445252,444934,318,MKCNIHFGIVAKAGRFNIPAKVRLNLCCFMGFGAVKLNDPWHSEWSSKNKMPFTISSKAIQGKYCSPLPSLPPSPHLYKGNILASAPPFVEKTMPVRIKQTLALAC,length1,318
-2,443830,442897,933,MKVAVLGAAGGIGQALALLLKLQLPAGTDLALYDIAPVTPGVAVDVSHIPTAVNVKGFSGEDPTPALEGADVVLISAGVARKPGMDRSDLFNINAGIVRGLIEKVAITCPKACVGIITNPVNTTVAIAAEVLKKAGVYDKRKLFGVTTLDVLRSETFVAELKGLNVSRTSVPVIGGHSGVTILPLLSQVQYAKWNEDEIEPLAKRIQNAGTEVVNAKAGGGSATLSMAQAAARFARSLVKGLSGETVVECTYVEGDGKYARFFSQPVRLGKEGVEEILPIGPLSNFEQQALENMLPTLRADIELGEKFING,length1,933
-2,439957,439270,687,MKKIFTALLCVAAANAMADDAAIKRKLQSFNVSNIAIKSSPISGIRTAVTDQGILYVSEDGKYLFEGKLYELTNNGPVDVAGKILVDKLNSYKNEMIVYPAKNEKHVVTVFMDITCHYCHLLHQQLKEYNDLGITVRYLAFPRAGMNNQTAKQMEAIWTAKDPVFALNEAEKGNLPKEVKTPNIVKKHYELGIQFGVRGTPSIVTSTGELIGGYLKPADLLRALEETAQ,length1,687
-2,437260,436555,705,MSDRMKLKGILAFCLLFLSSFVLAEVNQKEFSVQNSPHLPSRDTISFEDGRDYFSYKEPIEQASRTDKKIRIQFFFDYDCRVCSSAQDILELYSQIRTYKVVLEQYPIATADSQFSARIFYTLQALSAGELSNVLLFETSEKSRYTELSTSNKIQQWAEKQGLDKQLFIQTENSQSVKEQIQNAIELTEEYGVFTYPYVVIGGKYVLTASTLYNDDYSVAVLDFLVNKIEQEQKQ,length1,705
-2,412432,411829,603,MEFLIGFFTEYGYWAVLFVLIICGFGVPIPEDITLVSGGVIAGLYPENVNSHLMLLVSMIGVLAGDSCMYWLGRIYGTKILRFRPIRRIVTLQRLRIVREKFSQYGNRVLFVARFLPGLRAPIYMVSGITRRVSYVRFVLIDFCAAIISVPIWIYLGELGAKNLDWLHTQIQKGQIVIYIFVGLLVLFFFWKWKKSKKSTQ,length1,603
-2,407299,406669,630,MKIHRLFQPHFRLIYLFIWGLIISGLSDLTWLISLNVLAVSLFFISLQLSQKSFLPYLKRWFALVIFIALMWAALSWQIGENGIELNFQGIELAEKLSLRTHLLLISLWLFLWNINDAVLVQAIGKLPLPEKLIQLFVLTVRYIALLGELRQKMDIAMRARGFRPGLNRRTLYVTAQSVALLLIHALLKAETAQMALKCRGFQFGKKREK,length1,630
-2,389911,389464,447,MTGVINQLPTMLPIFDQSTELGPIVIQANPIIAPIIVCIPETGQPILVTINNQAPDANKVESIPKAKISGVSTNCIGSITPLFMVCVTSPPAKYAPADSKINAIIIACLAVTVPDPTDVPIEFETSFAPIPNAIKKPKAAVIHTNQEPY,length1,447
-2,379381,378781,600,MALFGSTKRTALTPSLASVSLSSSDKSFTFSRTRFASITSSTLATPGWIYFTSISLPLKRTVFLPSFEMIFNPFTVFKSPVIFTLLEVFAVTLPEPLALVAFTTVWLPDAAPSNLASFALIVKMPLAALMLESAAVVKVPFVAVKVAAPLVASIFAAPSTVKLPVFAITFTALPEIVPPIVPVALVTLASPVFASIFEPD,length1,600
-2,375583,375028,555,MFSLEMSSVEAVKPLVLIIASLPIVIPFGLIKKTCPLESKIPFNWEIWSDVTRLNTAELLLSCKNCTISFWSMLNCFQLIIALTLLRMVVLLPSTCMVAVPCTTLIPCKPLAKTDCGIDTIPKDSNMAESGFNAKWRTFVRTGFSLTFSVEWSQPRVNSDTATKAFRRLLNLRRYILFIFSPKVS,length1,555
-2,370177,369697,480,MTTFTHINSQGEANMVDVSAKAETVREAHAEAIVTMSKETLAMIVEGKHHKGDVFATARIAGIQAAKRTWELIPLCHPLLLSKVEVNLEPLLETNQVRIQSLCKLTGKTGVEMEALTAASVAALTIYDMCKAVQKDIVIEKVRLLEKCGGKSGHFIAEEK,length1,480
-2,364876,364240,636,MTDTQLSSQVTDVQTEVQKLTNAKAIITYLAEKFPLCFVLEGEAKPLKIGLFQDLAEALQDDERVSKTQLRQALRQYTSNWRYLYGCREGAVRVDLQGNPAGVLDAEHVAHAAQQLAEAKARFAEKRKAEAAAKKAQQKKHPRKPANKNLKKESKLSLSAVDFSQISVGSVVKVKAGDNAKKATVVEVLKDSARVELENGLIMNVAADRLFA,length1,636
-2,364216,362131,2085,MVMKFKMSKNVICYAWLSVCLSSAIPAFAVQPTLKPSDISIPAISEESQLATKRATTRLTQSHYRKIKLDDDFSEKIFDRYIKNLDFSHNTFLQSDIDELRQKYGTKLDEQLSQGDLSAAFDIYDVMMKRRYERYTYALSLLDKEPDLNGQDQIEIDREKAAAPQTEADANKLWDARVKNDIINLKLKDKKWSEIKAKLTKRYNLAIRRLTQTKADDIVQIYLNAFAREIDPHTSYLSPRTAKSFNESINLSLEGIGTTLQSEDDEISIKSLVPGAPAERSKKLHPGDKIIGVGQATGDIEDVVGWRLEDLVEKIKGKKGTKVRLEIEPAKGGKSRIITLVRDKVRIEDQAAKLTFEKVSGKNIAVIKIPSFYIGLTEDVKKLLVKLENQKAEALIVDLRENGGGALTEAVALSGLFIADGPVVQVRDAYQRIRVHEDDDATQQYKGLLFVMINRYSASASEIFAAAMQDYRRGIIIGQNTFGKGTVQQSRSLNFIYDLDQSPLGVLQYTIQKFYRINGGSTQLKGVAADINFPEIIDSKEYGEDKEDNALAWDKIPSASYMEVGNIDYIDNAVNILNEKHLARIAKDPEFVALNEELKVRNERRDRKFLSLNYKMRKAENDKDDARRLKDLNERFKREGKKALKDIDDLPKDYEAPDFFLKEAEKIAADFVIFNSDQKINQANGLSEAKTESKK,length1,2085
-2,357976,355126,2850,MERKYCFKYHNKEVIMQQNKAFDDWLASTALGGANQSYIEELYESYLSDPQSVEESWRKTFDSLPKTTALEHPHTPVRDYFRRLARENHNEAVTVIDPAAGAKLVKVLQFINAYRFRGHLEANLDPLNYYRWKVSSVPELDYRHHGFTEQDLNETFNINHYVYKRDTIKLGELAQMLKETYCGSIGLEFMHVQDMEQKMWLQSKMESLLDKPLFTSEERVNFLRELTAADGLERYLGAKFPGAKRFSLEGSDAFIPLMKEIIRHSSRQGVNDVVMGMAHRGRLNMLVNVLGKKPENLFDEFAGKHSSERTGDVKYHQGFSSDFAVDDKRVHLTLAFNPSHLEIVSPVVIGSVRSRQTRMNDTEHSKVLAITVHGDSAVAGQGVVQETLNMSNARGYSVGGTIRIVINNQIGFTTSNPNDTRSTEYCTDIAKMIQAPIIHVNGDDPEAVAFAARMAVEYRNLFKRDIFIDLISYRRHGHNEADEPLATQPMMYSIIKKHPTPRKVYADRLVSEGVMTEEQVTEMANDYRDALDNGDRVVSEWREMDTAKMDWLQYLNYDWTAPYESKFSQERFLTLAKRVCEYPESLRAHPRVEKIYNDRKAMYQGEKLLDWGMAETMAYATLLDEGVNVRLSGEDAGRGTFFHRHAVVHNQNDGTGYVPLTHLHANQGRFEVWDSVLSEESVLAFEYGYATTDPKTLTIWEAQFGDFANGAQIVIDQFISSGEQKWGRMCGLVMLLPHGYEGQGPEHSSARLERYLQLCAEQNMQVCVPSTPAQVYHMLRRQSLRKMRRPLIAISPKSLLRHPLAVSSLDELINGTFQTVIGEIDELDPKDVKRVVMCSGKVYYDLLEQRRANNQKDVAIIRIEQLYPFPHEDVKKALEPYAHVTDYVWCQEEPLNQGAWYCSKHNFESAIPESVKLKYAGRPASASPAVGYMSLHTKQQKQLVEDALSF,length1,2850
-2,355021,353794,1227,MTIEILVPDLPESVADATVATWHKKLGDTVKRDEVIVEIETDKVVLEVPALSDGVLAEVVQAEGETVVSKQLLGKISTAQEGDVSSATLKATNEPTPSDRQNAAIENSHNHNADQSPAIRRLLAEHDLQADQIQGSGVGGRLTREDIEREIAKRQAQQVKQEVATEQNTISTVAYSARSEKRVPMTRLRKRIAERLLEAKNSTAMLTTFNEVDMQPIMTLRKTYGEKFEKQHSVRLGFMSFYIKAVVEALKRYPEVNASIDGDDVVYHNYFDISIAVSTPRGLVTPVLRDCDKLSMAEIEKQIKALAEKGRDGKLTVEDLTGGNFTITNGGVFGSLMSTPIINPPQSAILGMHAIKERPIALNGQVVIRPMMYLALSYDHRLIDGRESVGFLVAIKELLEDPTRLLLEI,length1,1227
-2,342514,340822,1692,MSVQQLISRLTDIVGSRYIITDPTKTEAYRSGYRFGTGNALAVVRPATLLEFWNIVKVCVEHDVIVINQAANTGLTGGSTPDGNDYDRDIVVINTMRIDGIQLINNASQVICLPGSTLNELENQLKPFGREPHSVIGSSCIGASVIGGICNNSGGALVQRGPAYTEMALYAQLNEKGELELKNHLGIDLGETPEEILTNLQEKRYQVKDIRQDCGHGHDHYYCNYVRQVDEGSPARFNADPARHYEASGCAGKLAVFAVRLDTFPLEKETAVFYIGTNQTSVLSDIRRHMLVNFEVLPISGEYIHRDAFDIAAKYGKDTFWVIKKFGTHWLPKLFSLKSNVDRIGKKFFFLPQHLSDKFMQTVSKFIPEHLPQSLWDYRNKYEHHLIIKMGGKGIQEAREYLESYIADGSKGGYFECNAIETQAAMLHRFAVASAAIRYRAIHEKEVEEIVALDVALRRNDQDWFEVLPPEIDNRIISKLYYGHFMCHVFHQDYIVKKGYDYEELEYEMLKLLDKRGAQYPAEHNVGHLYEAKPTLRKFYKELDPTNSFNPGIGKTTKKKYWAE,length1,1692
-2,335803,335521,282,MTKSELMEKLSAKQPTLSAKEIENMVKDILEFISQSLENGDRVEVRGFGSFSLHHRQPRLGRNPKTGDSVNLSAKSVPYFKAGKELKARVDVQA,length1,282
-2,333937,333247,690,MTSKIIVALDYEKEAEALALVDQIDPSLCRLKVGKEMFTTLGINFVKQLHQRNFDVFLDLKYHDIPNTVARAVRSAADLGVWMVDLHASGGLRMMEEAKKILEPYGKDAPLLIAVTVLTSMEDLDLLQIGINASPMEQVLRLAHLTQRAGLDGVVCSPQEVEILRNTCGKEFKLVTPGIRPIGTDFGDQRRVMTPTAAIRAGSDYLVIGRPITQADNPAEVLRSINVSIG,length1,690
-2,333238,332920,318,MSDFVLVYSTDVGRIKEEKASVVRPKGDGVVRIQKQTSGRKGAGVSVITGLDLSDEDLKKLAAELKKRCGCGGSVKNGIIEIQGEKRDLLKQLLEQKGFKVKLSGG,length1,318
-2,318652,316747,1905,MGKIIGIDLGTTNSCVAVMDGDKARVIENAEGARTTPSIIAYTDNETLVGQPAKRQAITNPKNTLFAIKRLIGRRFESEEVQRDIKIMPFEITRADNGDAWVNVKGDKLAPPQISAEVLKKMKKTAEDFLGESVTEAVITVPAYFNDAQRQATIDAGKIAGLDVKRIINEPTAAALAFGLGSSKENQVIAVYDLGGGTFDISIIEIDNFDGEQTFEVLATGGNTHLGGEDFDNRVIDYIIDEFKKEQNIDLRNDAMALQRVKEAAEKAKIELSSAQSTEVNLPYITADATGPKHLALNITRAKLEALVEDLVASSIESLKAVLKDADKGVSEIHDIILVGGQTRMPLVQQKVAEFFGKEARKDVNPDEAVAIGAAVQGGVLKGDVKDVLLLDVTPLSLGIETMGGVMTTLIEKNTTIPTKKSQVFSTAEDNQSAVTIHVLQGERKRAADNKSLGQFNLEGINPAPRGMPQIEVTFDIDANGVINVSAKDKNTGKEQQIRIQASSGLSDEEIQQMVRDAEANADADRKFEEVVQARNQADGIAHATRKQIAEAGDALSVADKEKIEAAVAELETAAKGEDKAEIEAKIEAVIKASEPLMQAVQAKAQQAGGEQPQQSSAKDDGVVDAEFEEVKDNK,length1,1905
-2,314524,314233,291,MTPSGVRTRSILSPLSNVPPSMIFPTGSAREITWRTSLAMLCKRSCVSSKRSIKASDNPFCLASSISFAFSAKISGACCWSCSAIMDNAQFFSAVVS,length1,291
-2,298003,296035,1968,MPFRHLQILISKTLPLVPDNVLIIGESGIAFSKATNLLGQEFEHILFDGRNGIHLEALAIAAGTLKMGGTLCLVLSNWENLSQQPDQDSLRWNGNQSAIATPNFIHHFKQCIERYHFPILREESAVEFPAVFYSNEHHKNATLVQQQIIENISQADQDIYFLTAKRGRGKSALLGMLANQIQAPVYLTAPNKSAVHSVIEFSEREIEFIALDELTIRLQHESEFSQSAWLLVDETAMIPLPLLQEYSQYFQHIVFSTTIHSYEGTGRGFELKFKRKIHRTFQHFELKQPLRWQENDLLEHFIDDLLLLNAEDDFQHFDYSDITYNIEENAKNLSFPCLRGKVPVGRKGDLDIASPPQPSVAPLTSKGSQGEYSHQFFFRDFYGLMTIAHYRTSPLDLRRLLDGENQRFYFAEYQQNLLGAIWALEEGNMADDELIIQIQQGKRRPKGNLVPQALCFHENLSQACKLRSLRISRIAVQPNWQQKGIGQNLMKFMENSEVDFLSVSFGYTDELAKFWQKCGFVLVHLGEHQEASSGCYSAIALKGLSKEGLALVDTAHKQFQRNIPLSFHPFAINFEQNQFDWQLDEFDWLSLKNFANFHRTLFSSVPAMRRLLKLAGKENFPLISAYLTKKQLPINKKKGVECLRLEIKQYLARGTL,length1,1968
-2,280402,279589,813,MTIYDINFAELYQQHLIACHHYNLPPTKWDKKAVKMAENLVGKPSAYNQQLLQAMNVQTDETVLDIGCGPGTFAVPLAQQGSTVYALDYSNGMLDCLAQFKQKLGLHNLTTFHKSWTDNWDDVPQADVVLASHSTLVDDLDDLDDMIEKLCAKAKKRVFLTSVTQRHFLDEGVFEAIGREDIGFPTYIYLLNRLYQKGIQANLNFIETESGCFQGEIYEDLLASVEFSLGELSEKEKQGLKAFYDRKQANNELIFHGQKKWALIWWNVDRI,length1,813
-2,279535,278836,699,MLFALPALNDNYIWLYQRENLPLIIVDLPETDKLFAWLDKQNATIEAVLLTHEHDDHTQGVSAFKKRYPTVPIYGPQECEKKGATQIMNEGTILTAHYQIDVIPTGGHTKQHVSFLVDNHLFCGDALFSAGCGRVFTGNYAQMFDGLQRLNTLPDETIVCPAHEYTLGNLAFAETVLVEKSAVEKQRIFVETQRAENKPSLPTTLKLEREINPFLQAKTLEEFTALRKAKDMF,length1,699
-2,269329,268516,813,MAKKSKWVVVATEGATTDGRTIQRNWISEMAANYDPKKYGARVNLEHIKWRYMWNDDPHSKCYGDVIGLKTEENAEGKLQLLAQIDPTDDLIKLNKDRQKIYTSIECDPNFADTGEAYLVGLAVTDNPASLGTEMLVFSAGASANPLNNRKEKADNIFTAAVETELEFVEETQSIFEKIKGLFAKKEKSDDERFSDQTQAIELLAEQTKETLEKLTALSDDLAKQKAEIEEMKASNAEIQATFAELQKPVEPENPRPLVYGEQPETDGRFF,length1,813
-2,263734,263278,456,MATVEEIQAKLIALIANLSPQARRQLGRKIGQALRKSQSNRIARQQNPDGSAFEPRKPRKEFGKKKGRIKRKAMFAKLRTARHLKVRSNGNEVSVGFNGSSAAIVAVHQYGLHSSPSKNKDFKVQYAQRELLGFSESDVELIENLIIEQLSL,length1,456
-2,257743,257374,369,MANEPLTQRHSMNRYTGETLKNESDHIKQSIADILLTPVGSRIQRREYGSLIPMLIDRPISHTLLLQLAACAVTAINRWEPRVQITQFKPELVEGGIVASYVARSRKDNQEMHNEKLFLGHKQ,length1,369
-2,256471,255937,534,MITNHLLPIGATPLEKRAAEILKSAVENPIVIADLINPERCPTELLPYLAWAFSVDKWDENWTEEVKRIAIKQSYFVHKHKGTIGAVKRVVEPIGYLIELKEWFQTNPQGTPGTFSLTVEVSESGLNEQTYNELVRLINDVKPVSRHLNQLAIALSPTGSLCAFVGQQWGEIITVYPQ,length1,534
-2,252793,252292,501,MIGTKIYLALYKGKKTGKNPNALLARLSDWLTRKLTKGVYSHCEIAVMKEVFVSGHHYETEVMYECYSSSIRDGGVRCKQIDVYDREKWDLIPLDGVTEAQIKAYFDRTLGCKYDWWGAVGIVLGIKQKRSKYFCSEWCFNCIKNSNEGWRFSPNQLAVAFTTVSNN,length1,501
-2,251398,251032,366,MAFWDGAWDAISGAGKWLGETAGSAMDWMDNHKAASNIIGNVIAGAGGYFAQKQAGKDLINQQRELLNLQDQMKSKYSAVPDADWSYKSLTVDDSPGLANGGILTEMKKRSETKGANNGRVA,length1,366
-2,246472,244951,1521,MLLQNFKRRKREMSKEILLAAEAVSNEKLLPREKIFEALESAIAISTKKKFEYETDIRVSINPKTGEFDTFRRWLVVDEVKVPTKEITLEAAQFDDPNLQLGEYVEDQIESIAFDRIAMQTARQVISTKIREAERAKVVEQFREEEGKIVTGTVKKVSRDSIILDLGNKAEAMIAREDMLPRENFRPGDRVRGVLYKVNPEGKTAQLFVTRSKPEMLIELFRIEVPEIGEEMIEIRGAARDAGSRAKIAVKSNDKRIDPVGACVGMRGARVQAITNELGGERVDIVLWDDNPAQFVINAMAPADVSSIIVDEDNHSMDIAVEADNLAQAIGRNGQNVRLATQLTGWTLNVMTTDELNAKHQAEDNKVLNLFINALELDEEFAQILVEEGFTSLEEIAYVPMNELTAIDGLEDEDLVEELQTRAKNAITAAAVAEEEALKKANVEDRLLNLEGMNRHVAIKLAEKQITTLEELAEQGVDDLTDIEELTAEQAADLIMAARNICWFGEE,length1,1521
-2,234637,233587,1050,MSRPRKRWRDVDGVFLLDKPQGMSSNDIMQKVKRLFQANKAGHTGALDPLATGMLPICLGEATKFSQFLLDADKRYLVTAKLGERTDTSDAEGQVVETREVNLETPQILTALEQFRGDILQVPTMFSALKHNGKPLYEYARQGITVEREARPITIFELNFIEYHAPFLTLEVHCSKGTYIRTLVDDLGEVLGCGAHVTMLRRTAVADYPVAEMMPINELQLLAENFPLSELDRLLLPTDTAVSKLPALHLDAEQSKAIGFGQRVKFANEQQLSELDRLLLPTDTAVSKLPALHLDAEQSKAIGFGQRVKFANEQQLSGQVRLFSAENLFLGVALIDGNIIRPQRLITQSA,length1,1050
-2,219448,218212,1236,MISQIDKAELLERFLHYVSFHTQSKPNAKHSPSSVGQMKLAMQLQKELIQLGLENVEVSKYAVVTAFLPANDPNLTKTIGLVAHLDTSPQCSGKNVRPEVIEEYRGGDIALGIGEEFISPVYYSFMQKLVGQTLIVTDGTTLLGADNKAGIAEIMTALSILQKENIPHCNIRVAFTPDEEIGLGIHYFPMEKFSCDWAYTIDGGEVGELEYENFNAATAKVRFFGRNIHTGYAKGKMLNALTLACEFQQVFPVDEVPEKTDGKAGFYHLEDFSGDIEQVELTYLIRDFDEQNFAQRKAFIKNQVEKFNAKKGLKKPIELEIQDSYQNMYDVVKNVPQSIELADRAMKAVGIKPNHKPIRGGTDGAFLASKGLACPNIFTGGYNFHSKHELVSLQGMENTVQVIIEMLKCKDL,length1,1236
-2,211474,209803,1671,MMSHTETSLGAENTRTHNFITQIIDEDLASGKHKSVHTRFPPEPNGYLHIGHAKSICLNFGLAKEYQGLCNLRFDDTNPVKEDVEYVDSIKADVEWLGFKWEGEPRYASDYFDALYGYAAELIKKGLAYVDELSPDEMREYRGTLTEPGKNSPYRDRTIEENLALFEKMKNGEFAEGKASLRAKIDMASPFMVMRDPVIYRIKFASHHQTGDKWCIYPMYDFTHCISDAIERITHSICTLEFQDNRRLYDWVLENISIERPLPHQYEFSRLNLEGTLTSKRKLLKLVNDEIVDGWNDPRMPTISGLRRRGYTPASLREFCRRIGVTKQDNVVEYSALEACIREDLNENAPRAMAVIDPVRVVIENFESEAVLTAPNHPNRPELGERQLPFTKELYIDRADFREEANKQYKRLVLGKEVRLRNAYVIKAERVEKDANGEITTIFCTYDPETLGKNPADGRKVKGVIHWVSAVNNHPAEFRLYDRLFTVPNPGAEDDIESVLNPNSLVIKQGFVEQSLANAEAEKGYQFEREGYFCADSKDSRPEHLVFNLTVSLKEGF,length1,1671
-2,209200,207112,2088,MQISDSLKQKAEKCGIALSHYDIDGHLIFADEKTVLTFVELLQPPPKAKGQFDDVLAAFENEPIDYRLNRLDLPPSAEYRYQLIDESNAILLEKILSNLSALSLPPLPFGYYQLSIFSDTEQYRVRLLISPKTAFQPSVLKNKKVWGVNVQLYSLRSEQNWGIGDFGDLAALIEQSAKQGADYVGINPLHLPYPAVPNWASPYSSSSRRWLNFLYLDIPDLPEFKRCRSVQNWFKREDIKAKIAALRESDCVDYSSILALKLTALESLFYFFQRSQSVEIVTRRKIFADYLKSKGEPLLLQGLFNVLDLQEHADHQAEENTIGWLGWRKEWQHLSAAKRKALLKIHHEQIQFFAWLQWLTEEQLSALQNLCKQSGMKLGIYGDLAVNSSRGSADVWSDPDLYCVNASIGAPPDPLGPVGQNWNLPPYNPTVLKARGFTPFIDMLRANMQYFGVLRIDHVMGLFRLWWIPKGKTAADGAYVHYPFDELMAILAIESVRNECLIIGEDLGTVPDEVRWKLNEFQIFSYFVLYFAQRNGEFPRISDYPRNAYATIGTHDVPSLQSFWHCRDLELFNQLGILNGEVLKQKYDQRVMDKQALLNSLHRDNYLPPHYEGDALSMAMHDYLNRMIHYYLAESNSRLIGVQLENLLSQEISSNLPGTSNEYPNWCKKLAQPLAFIFSNEALKTFFVQINQGRNV,length1,2088
-2,207100,204910,2190,MTTAVTQATIDGFFDASNGDPFATLGMHETEQGIEIRTLLPDANRMVVIERESGKEITELDCVDERGFFVGVIPNCRQFFAYQLQVFWGNEAQIIEDPYRFHPMIDDLEQWLLSEGSMLRPYEVLGAHFMECDGVSGVNFRLWAPNARRVSIVGDFNYWDGRRHPMRFHPKSGVWELFLPKASLGQLYKFELIDCYGNLRLKADPYAFSSQLRPDTASQISALPNVVEMTEQRRQANQANQPISIYEVHLGSWRRNLENNFWLDYDQIADELIPYVKEMGFTHIEFLPLSEFPFDGSWGYQPLGLYSPTSRFGSPEAFRRLVKRAHEAGINVILDWVPGHFPSDTHGLVAFDGTALYEHEDPREGYHQDWNTLIYNYGRNEVKNFLSSNALYWLERFGVDGIRMDAVASMIYRDYSRAEGEWIPNQYGGRENLEAIEFLKHTNWKIHSEMAGAISIAEESTSFAGVTHPSEDGGLGFNFKWNMGWMNDTLAYMKLDPIYRQYHHNKMTFGMVYQYSENFVLPLSHDEVVHGKYSLLGKMPGDTWQKFANLRAYYGYMWGYPGKKLLFMGNEFAQGREWNYEESLDWFLLDENIGGGWHKGVLKLVKDLNQIYQKNRPLFELDNSPEGFDWLVVDDAANSVFAFERRSSNGERIIVVSNFTPVPRHNYRIGVNVAGKYEEILNTDSMYYEGSNVGNFGCVASEKIESHGRENSISVSIPPLATVYLRLKAK,length1,2190
-2,202843,201511,1332,MTNNNKTMEILMKSGDLNKYDLVKNTLVLVLTGGRGSRLHELTDKRAKPALYFGGNRRIIDFALSNCINSGLNRIGVVTQYAAHSLLRHLQTGWSFLPQERGEFVDMLPARQQIDDSTWYRGTADAVYQNMAIIKNHYRPKYILILAGDHIYKQDYSVMLMDHVNSGAKCTIGCIEVPRSEAHEFGVMAVNENLKVKAFVEKPKDPPAMVGKPDVSLTSMGIYVFDADYLYKMLDREVGTPNTSHDFGKDVLPKCLEEGALYAHPFSRSCMGRNTEGEIYWRDVGTLDSFWQSNIDLVSENPQLDIYDQSWPIRGNPVQAYPSKFFYKHSNVHPVDNSLIGGGCVITDASISNSVLFDRIKIDSFSKVDHCVVLPQVKIGKNCVLKNCIIDRECEIPDGMQIGVDMEEDKNRFRISSTGKVILVTPKMLKILEGHEIGEEGHLD,length1,1332
-2,189397,187468,1929,MPIITLPDGSQRQFDRPVSVLEVAQDIGAGLAKATIAGRVNGERRDACDVIEQDATLEIITAKDEDGLEIIRHSCAHLLGHAIKQLFPDVKMAIGPTIENGFYYDVDLDRSLTQEDIDAIEKRMLELAKTNYDVVKKRVTWQEARDTFEKRGEPYKMAILDENIERTATPALYHHLEYIDMCRGPHVPNMRFCQHFKLQKVAGAYWRGDSKNKMLQRIYGTAWADKKQLAEYLTRLEEAAKRDHRKIGKALDLYHMQEEAPGMVFWHNDGWTIFRELETFVRTKLKQYDYQEVKGPFMMDRVLWEKTGHWQNYADLMFTTQSENREYAIKPMNCPGHVQIFNQGLKSYRDLPIRMAEFGSCHRNEPSGSLHGLMRVRGFTQDDAHIFCTEDQIESEVTSCIKMVYDIYSTFGFTNIAVKLSTRPENRIGSDEMWDRAEAGLAAALAHNGLEYEIQEGEGAFYGPKIEFALRDCLGREWQCGTVQLDFALPGRLDATYVAEDNSRKTPVMIHRAILGSIERFIGIITEEYAGFFPAWLAPTQAVVMNITDSQADYVQKVAKQLSDVGLRVKTDLRNEKVGFKIREHTLRRVPYMLVCGDKEIAEGKVAVRTRKGADLGTFTVEEFAEILKNQVRSRELTLLNEE,length1,1929
-2,180136,178804,1332,MIETSQTIPELVSWAKDREFSLNLPTERLVFLLAIAIYNNERLDGEMLEADLVDIFRHTMNAFEQSTDAIATRANNAINELVKQRLLNRFSSEFTEGLAIYRLTPLGVGVSDYYIRQREFSALRLSVQLSIVADEIQRASDSAEEGVENNESEHFWRRNVFAPLKYSVAEIFDSIDLSQRIMDENQQSIKDEIAELLTKDWQAAISSCERLLDETSGNLRELQDTLNAAGDKLQAQLLRIQDCVIGRDDLYFIDQLITDLQSKLDRIISWGQQAIDLWIGYDRHVHKFIRTAIDMDKNRVFSQRLRNSIHHYFDHPWFLWTAQAERLVDLRDEEMVLREDDALGELPEELQYESLSDLHDQIVEHMQGLLIAYRENNRPIDLSLVLKEQLENYPLSRHFDVARIIVDQAVRLGMANDDLSGIYPDWQAINKRCAEVQAHVIDKY,length1,1332
-2,178789,177835,954,MKEYKTIDLFAGIGGIRLGFEAFGCKNVFSSEWDKYAQSMYEVNFGEKPFGDINDISPSDIPDHDILLAGFPCQPFSIAGKGLGFADTRGTLFFNIEAILKAKKPKAFLLENVKRLTTHDNGNTFKVINDKLNKLGYTVYHKVLNTLDFGLPQKRERIYIVGFLDKLHFEFPKPIGKYEELSNILESDDVVPNNYFLSDELKRKRLSSITKDVPYPSIWHENISGNVSALPYSCALRAGGSYNYLVVNGVRRLTGREMLRLQGFPDTFEINIPYSQVRKVAGNSVSIPVIRAIAGSMINSLNMATPKINQAIQLSLLD,length1,954
-2,162223,161935,288,MFLFGKGSVGFNATKSGSFHFLILPRKISANSLPDNFNLPGLISGKLTTGTIPPITAGNWTSWCCCNNSDFIGSSEAPKSTVFAIICCCPPPEPMD,length1,288
-2,161323,160777,546,MIAANYALLHFINQNGKELVMLNQIIINKLNDQINLEFYSSNVYLQMSAWCSKHGYEGAATFLLRHADEELEHMQKLFNYVSETSGMPILGKIDAPKHDYSSLREVFEITLEHEKLVTSKINELVEVTFESKDYSTFNFLQWYVAEQHEEEKLFSGIIDRFNLVGEDGKGLFFIDRELATLE,length1,546
-2,160759,160264,495,MLSENVVKLLNDQMNLEFYSSNLYLQMSAWCDQQGFEGTAKFLSVHAAEEMQHMRKLFTYLNETGSLAVISAIEAPAHEYKSLKEVIEATYEHEKLITSKINELVGKTFEEKDYSAFNFLQWYVEEQHEEEKLFSSILDKLNFLGEDGKGLFLIDKDLGNLSTKA,length1,495
-2,159151,157597,1554,MNIQTQAFIAVTAQSIPYYADTTAIFNTLCQPNSNSLLLDSAEIGSKNSLQSLILVNAAVKITCLGHNVTFKALNKNGKQVLKEIHPKLTALGKISAVNFEDEFSVQFSPLDNQLDEDNKLQSATIFDGLRVVSTLYQHSQTPIFLGGLFAYDLVANFIPMDGITLKNDGINCPDYSFYLAEHLITIDHQNQQATLKSFCFAQEEQVNIAKTSLSIAQKLKNIDHVLSIKSASDEVKTNFDDPEFTGIVKALKHHINIGDVFQIVPSRRFSLACPNTLASYAQLKQNNPSPYMFYMNDEDFILFGASPESALKYAPENRQLEIYPIAGSRPRGFNAHGNIDPELDARLELELRLDHKEQAEHLMLVDLARNDIARVCQSGTRKVAELMQVDRYSHIMHLVSRVVGKLRPELDALHAYQACMNMGTLTGAPKIKAMQLIYQFEQQKRHSYGGAVGYLTSDGHFDTCIVIRSAFVQNGIAHVQAGCGEVLDSDPQMEADETRHKAAAVLKAIRQVNTQAK,length1,1554
-2,157582,157003,579,MANILFLDNFDSFTYNLVDQFRVLGHNVTIYRNDCDLEKLVETALNTPDTILALSPGPGTPSEAGILLPLIERLKNQVPIIGICLGHQALIQAFGGKVVHAGEVLHGKVSRISHDNEAMFKDLANPMPVARYHSLMGQDLPKEFIVNAEYNGIIMAIRHRDLPICAFQFHPESILTVQGSQLSQQSIEWLLNR,length1,579
-2,156952,156568,384,MITVFGLKSKLAPRREKLAEVIYNNLHLGLDIPKGKHAIRFLCLEKEDFYYPFDRSDDYTVIEINLMAGRMEGTKKRLIKMLFSELEYKLGIRAHDVEITIKEQPAHCWGFRGMTGDEARDLDYDIYV,length1,384
-2,135733,135292,441,MLECDDATHESEPQPNKLLKFILGKFKTEFLFGFWQGELLRLKLIFSCFTNLRKNFFKYPRFKWFSFWFTRFDDQTVKIWFIDKDRFLSTAWIADIAFCYTSFFTMFFHCIRRIYITENIAHICATEPNFTIRIGNRANWGIFEIKY,length1,441
-2,134923,133948,975,MEQHMVSTSLTAEKRKERAEKAALARWEHKKALEELPLAIHEGVLSIGDKSLDVAVLQNDLRIISSASVFEALDRPNRGSRGGAITENEELIKLPAFMDANNLKPFINQDVIDVIKGVKYRTKDGKIKEGYDATILPVVCDIYLRAREEGALVGKQQNTAQKAEILIRSLAKVGIVALVDEVTGYQDARAKDALAKIFEAFVAKELQPWVKTFPLDYYKELCRLYGVQFPPKNNNQFPQFFGHITNNAVYARLAPELLPELKKSASKQAKKVKLHQFLTEDVGHPKLREHLSSIVTLLKLSKDKDNFYEMLDKIHPKLTLQEGQE,length1,975
-2,128665,127969,696,MTDLASRLNELMAKQGKNIVDLQKAVGVTYEMARRYTLGTATPRDNKIEAIAKYFGVTPAHLKYGTVDSLENQVTSNVKDVGSFDLWDRNTPLNSDEYAVPFYQDIRLAAGNGFADDIADYNNFKLRFSKSTLRKQGVQYENAVCVIADGNSMEPAIPDGTTVGIDLGNKTIRDGKIYAINHGGLLRIKLLYNMPNEQVKIRSYNTEEHPDEIAELQDISVLGKVFWYSVLL,length1,696
-2,127915,126838,1077,MDIRLWRSIVRQRTLRALTSKEKKIRQRGGKPKYKHLAHKSFNLFEVIAPYKIILAKEIGYEFVAFKEELEEKAKLAARSRSRLKLNFRDTDIIDAAACSVLIAVLDTIKSQYRTLKFQIVRPKSKPADHRKHIPYDVDAIFCHIGLYKSLGFNYTSSSSQENVKCWHYVYSDSADGEITKPLLDELKSMGVKGIYPSYIEAIANAVEHAYAQNIYSEREFPIKRWWMLLAILEGKLSLFVCDLGHGIPNTLEKTQKANVLSAIWNRLKQLGKPTKDCLYIKASTLIKETRTGLGHRGKGGSDIRAFIDKTPGSRLIIRSNRGMYVYNGKDKPDLTKESRYSINGTVVQWNIPLQEIKE,length1,1077
-2,119773,118846,927,MKFKNILVVLNPSNEKQYALARAVRLVEEQKNETKVKITALLSVYDLSYEMSALLSSEERSEMHQQVIEKHRHVVQYYLDKYANPEIELQSHIVWNSNEADAINEEVENNNYDLVVKYTKDEEKLTSLIFTPIDWQLLRKCPIPVLMVRDGDWKHQRRILVAVNVSGEQEYQDEFNQELVETGISLAENLNRGNVHLVAAYPSAPINMAIDLPEFNTSGYENGIRGQHLINMKALRQKFGIDEDHTHVREGFPEEVIPEVAKEIEAELVILGTVGRTGLSAALLGNTAEHVISKLSCNLLGIKPSKKDD,length1,927
-2,115819,115063,756,MRTTTALVTGATAGFGLAICKKLIEAGYKVIGTGRRADRLAEIHSQLGNNFLPLAFDIRDEQVTINALNTLPEGWQAVDLLVNNAGLALGLEPAHKADLQDWYQMIDTNIKGLVTITRLVLPNMVARNHGQIINLSSIAGTYPYAGSNVYGGTKAFVTQFSLNLRADLAGTKIRVSNVEPGLCGGTEFSNVRFHGDDERAAKVYENVQSVQPEDIANIVLWLHQQPEHVNINRIEVMPTAQSFAGMSVSKEK,length1,756
-2,113851,113047,804,MSRFETQFATLNAKNEGAFVPFVTLCDPTFDCSFEIICTLVDNGADALELGFPFSDPLLDGPVIQAANNRALTAGHSSEDSFKLLEKVRSKYPEIPISLLLCANLIFAKGLDAFYQRCAEVGVDAVLVADIPLLAKEDYVQAAKKHGIQPVFICPPNADEKTIQGVAKNSEGYTYLVSRAGVTSAENQAHAANLDTLVEQLKAHYAPPILQGFGIAQPAQVKEALALGAAGAISGSATVKIIERNLDNHEQCLAELAEFVQTMKAATK,length1,804
-2,111889,111415,474,MTPAIDLLKKQKIPFILHTYDHDPNNQHFGDEAAEKLGIDPNRSFKTLLVAENGDQKKLACFVLATANMLNLKKAAKSIGVKKVEMADKDAAQKSAGYLVGGISPLGQKKRVKTVINSTALEFETIYVSGGKRGLSVEIAPQDLAKVLGAEFTDIVDE,length1,474
-2,106906,105031,1875,MTNNMNNYPLLSLINSPEDLRLLNKDQLPQLCQELRAYLLESVSQTSGHLASGLGTVELTVALHYVYKTPFDQLIWDVGHQAYPHKILTGRREQMSTIRQKDGIHPFPWREESEFDVLSVGHSSTSISAGLGIAVAAERENAGRKTVCVIGDGAITAGMAFEALNHAGALHTDMLVILNDNEMSISENVGALNNHLARIFSGSLYSTLRDGSKKILDKVPPIKNFMKKTEEHMKGVMFSPESTLFEELGFNYIGPVDGHNIDELVAMLTNMRNLKGPQFLHIKTKKGKGYAPAEKDPIGFHGVPKFDPISGELPKNNSKPTYSKIFGDWLCEMAEKDAKIIGITPAMREGSGMVEFSQRFPKQYFDVAIAEQHAVTFATGLAIGGYKPVVAIYSTFLQRAYDQLIHDVAIQNLPVLFAIDRAGIVGADGATHQGAFDISFMRCIPNMIIMTPSDENECRQMLYTGYQCGKPAAVRYPRGNAVGVKLTPLEMLPIGKSRLIRKGQKIAILNFGTLLPSALELSEKLNATVVDMRFVKPIDIEMINVLAQTHDYLVTLEENAIQGGAGSAVAEVLNSSGKSTALLQLGLPDYFIPQATRQEALADLGLDTKGIEEKILNFIAKQGNL,length1,1875
-2,94411,94030,381,MFILSNGILQRCQFRFEFCITRFRIIFFVNHRFICFGNINMAITIWIFLQIILMIFFCYDVIFNRLHLNLYWFFIFGLKLGESLFDHCFICPILIINPCAILSTTVVTLFVYTRWINHFKIIFKQFI,length1,381
-2,93580,92680,900,MPNLPLFSKVKIYMQSHSIPSLYHKAISFMVSAYFSITLMNVFVKTASQTIPASETLFSRFLIGLLFLLPFVIKDRDFKVDTRQWKFLILRNAAGVSNMLINFYVVKFLPLSIAVLLMNTSALFIPILLLFFHQKTPLNVLLCSLIGFLGVSIILLTNHNGNVDPIYVLIGLSGAVLAGMAFIGLQELNKYNTPKNIVFYFHLIGTFMLPVFFINQWKIPNLYELGLLLLVGGFGLIFQLLLTRAFKYAPANIITPFAFTGVVFSSVFDWLFWHHTPNLYFWLGAVIIVGAVSLLAKLKK,length1,900
-2,90469,89107,1362,MFKMKNITLALLMSSALVGCANIGDSYQASLEDYKQYEEITKQYNVKENWWSLYDDAQLNRVVEQALINNKDLAKAAVAVNRALYSANLVGANLVPAFNGSTSSAAQRRVDISTNSAISHKGSLNVSYTLDLWQRLANTVDAAEWSHKATAEDMESARLSLINSVVTTYYQIAYLNDAISTTNETIKYYTDIGNIMQTRLAQGVADAASVDQAQQAILTARNNKLNFETQRKTAEQTLRNLLNLKPNEALNITFPHIMNVKTAGVNLNVPVSVIANRPDVKAAQFRLSSAFKNAKATQKSWFPEVNLGASLSSTASTVGTALHNPVAAGTVGISLPFLNWNTVKWNVKISEADYETARLNYEQRITTALNNVDTNYFAFTQAQSTLSNLQQTHSYNQRITQYYRNRYNAGVSELREWLVAANTEKSSQLAILNAKYQVLQSENAVYSSMAGYYL,length1,1362
-2,55765,55447,318,MRLLVPLLYGLIQNPHHVQNDAIHQYVNHIVLHGLQSLMERKMRILKSHLSFHYSRHFQHHQRSLPLLKAHFGRQLITYLIEVLRLSHLIILILPPLSLSELEQVV,length1,318
-2,30154,29278,876,MRGYLFGILSAVFWALSGLLYNELPLSEYDALGKIISLLFLIDFCSLLVIGITLWQKSAVDFQGVFWQPALSGVLGGPIGMSAYLLSIHYLTIYYAAPLSSLFPVFAALMSYWILKEKISRTAQFGFGLAVIASALLAIEVGQKANFNTSGLIFLAICILGWSSEIVISSYTMRSLSGLQVYFLRLCGSTIGYLLILFILSLKNFSLDILSFNYVQIAGVIIFGALSYCCYYQAIYLLKPIKAMALNITYSVWAIGLGYLLYKQPIKPITLLLTLLLSAGVIVTLYYKGEQK,length1,876
-2,25798,25246,552,MDALTLLTTRKSNKKLTVPAPNAEQLERIFEAAMRVPDHGKLHPYHFIVMENESLNKLETLLKAAVVEFDLGEEKLMKAENLAHRAPMVIGVVAKIDPTIAKVPDWEQMLSAGCATYGLQLAAQAQGFDNVWISGKWVNGTALREAFGCREQDRVIALVMIGTSMEKAERECRIIDTKDFVTYL,length1,552
-2,22384,21946,438,MNNQTLATQYEMDFSYNPLPFFSDIEDNLKFNKKLDLNLYCIKRPKQTCFIHITNPNMLAWGIESGDMLVVEKNDDLYSGDLVVLEENNEFHVYEFMTHSGNYLFMALDSTTQNINTKDWSNLPIVGTVTNTIHQMKRRNKMKWAA,length1,438
-2,1456,1162,294,MRSSRFPCLVTVTSFRYLSISSSNVISGISLYFPDSSCFSSISAHFLRLLESKKVADLLTPNLRTCACQRLPFLIIVAIVYSIKMCAIHVCKNMCNGV,length1,294
-1,1876469,1876103,366,MTFVSHKNASANLFIEALYKSVIPVEVANASFSSSVACPKVSNAPATVSLAAASPAPPTRFCSSCKIISCAFAFSPLSTKDWIRSFCVSVSSMPLRFNRDTASAGDSKARPRLRASLDTSVL,length1,366
-1,1861316,1860677,639,MANSITQNQINTLPPERTQRAEETINWLFQELKSIFPGWRAAFETEADYLSAKKTWLRVLVREKITRPQLENGICEAEKSLDKFLPSVGLFVYWCKAYDYHALGLPNEAELYQRYNTFLGYARFNRDEFQYRSKVEFWLLKNLYEKCKKKSEEDTLKAIPKLLTKAAEKVRSNFPFEDIPKMIPEKPSFYDKAKADKARDSLMAMMKGKGALQ,length1,639
-1,1856651,1856342,309,MATIIVKRDAGSRKFTEKGEILQRGKAGRLERMFDKQRRINAAFEKMVVKESAADRAIKFAANRQKEQFIDIANYHCCKGKPAGTNTVHAVQKRRLGVRELIR,length1,309
-1,1855772,1855499,273,MWIFQNTFASTETQRHVKPLRMIDEVCFEMVTIKQTRLKMEEKQENSLSDNDKELIKQAVLESAAKNTNFPPDKLAKSICDAIYLIDSYKH,length1,273
-1,1855124,1854095,1029,MTSNAERFKFTDEHIAFIRLHWDKKPSDLIKLFQQQFDLLINRNVFYKLKKKHNIPSLKHANRYSKEELAFIKANCTLNERILAQKMEVYFNKPFNPHALKVLRVKRQWLTGRSGRFEKGENLKPIGFERYCKNAKCWLIKASIKRYERKSHYLWRKAGRKIPRGHIIDYKDGNSRNCTLENLELISRVEMAWRKKLQYHQLNDEIKPTFSAFVKLKEGINQRKKEKDMEENQSPNIATQEPTTFTFEFTEHELQTMAWAWFALLRGTELCQVLHPALKQIGSHYAASVYDIAYEYRSTLRHAHNVLTRITEQFECEQGNNWRVLKYLRAYDPKKTGFQLEIL,length1,1029
-1,1854002,1853267,735,MKTELFNDHFQNYKRYHIPKAQLVIADIPYNLGNNAYASNPEWYVNGDNKNGESDKANSSFFDTDKDFRIAEFMHFCSKMLIKEPKERGKAPCMIVFCAFQQISMVIDYAKQHGFKNHIPLVFIKSSSPQVLKANMKVVGATEYALILYRDKLPKFNNNGKMIKNWFEWEKDNRKEIPKLHPTQKPIAVLKRLIEIFTDEGDVVIDPVAGSASTLRAARELNRPSYGFEIKKDSCKIAKEKMLNI,length1,735
-1,1852910,1852619,291,MKPYADHYAQLDAAHQRKVDWQAGYEIALDEVATEIDNDLKQGDQTHYHELTEMLCDNDNFWLAIGSGASYEPYRQEAIKKIAERELHARMNDYDPD,length1,291
-1,1852604,1851659,945,MVEIANIFSTEIKENEQHNGMIDTQSARESQEVQAMMVIAKRFPRDPIDAMDRILKSCTRKTLAQSAVYSYPRGGQSVEGPSIRLAETLAQEWGNIQFGIRELSQSNGESTVEAFAWDIQTNTRQVKVFQVPHVRYTKKGKQILTDPRDIYEVVANNGSRRLRACILGVIPGDVIEAAVKQCSVTLKANEDVSPEGLKKMAGIFFDNFGVTQDMIGKRYQCKFESLRPAQVVQLRTIYQSLRDGMSHPKDWFDFEPEKPIINSSVDSNTFERCKQSIANGETTLQELCDSGAYEFSQEQIAELEAIENGNVPTQS,length1,945
-1,1851032,1850600,432,MARNTNTVILVGHLGSDPEIRQFQNGGQIATFNLAIGDDYRDKQGNTVKRTHWIPIVVHGNSADVARQYLQKGSKICVTGKLVQESWQDQNGNNRTALKVATQSFEMLDSKANNETQQPTKDKEKPDPLNAAAEQDGFNDDVPF,length1,432
-1,1849190,1848296,894,MYWFKNAIIYQLTKKIDFENIEKQLKECEFTPCGSADVSHFGWSAPLVTSENLAHQANGKILLVAKREEKILPVEVVNRELNKRITALEEKEQRKLKKVERSSLKDDVIATLLPQAFSRIKMTALYIDTLKQLIFVDTASSKTAEDVLALLRKSLGSLPVVPLAFNCAPCEVMTRWVTDTAPDWLILRKEVEIREKEDLGVIHCKQKDVEDEEIIELVQNGLISKLALEWENNLKFVLIEDGTLKRLKFDDNITEQNDDIVKEDVTARFDVDFVLMASVLGKTVDSLIKEFGGIRDRL,length1,894
-1,1847369,1846967,402,MLDTKTVSSRAFCCGKTFRVYYPQKTTHSDTFWLDWFKSVSHCNQQGLNGQTLVMCIRPELSRGESSMLNTSDSPNDASACSLWQVLEKEASPKYFLSAKACKGILNRAEKRNKVLPATLREALERIANPYWGG,length1,402
-1,1845893,1845572,321,MSNEITTKVHMTIEVEMDDYQRDQLEISKSTQVLGGNIVRLDWEGGVFNEVDGYRKLFNAVDSNLMGIAFDNMEDEDFIDELQLAIKRVVTPIIKAKRKAILEDENE,length1,321
-1,1843190,1841756,1434,MSRRLRRTKIVCTMGPSTDRDNNLEKIIAAGANVVRMNFSHGTPDDHIGRAERVRSIAKKLGKTVAILGDLQGPKIRVSTFKDGKIFLNVGDKFILDAELPKGEGTQESVGLDYKTLPQDVVPGDILLLDDGRVQLKVLSTDGAKVFTEVTVGGPLSNNKGINKLGGGLSADALTEKDKADIITAARIGVDFLAVSFPRSSADLNYARELAQQAGLNAKIVAKVERAETVANDEAMDDIILASDVIMVARGDLGVEIGDPELVGVQKKLIRRSRQLNRAVITATQMMESMISNPMPTRAEVMDVANAVLDGTDAVMLSAETAAGQYPSETVAAMASVCLGAEKMPSINVSRHRMDKEFETIEESVAMSAMYAANHMKGVAAIVTLTSTGRTPLLMSRISSGLPIFALSRNQETLNLCALYRGVTPIYHGEESRTEAGAKAALQSLKEKGYLSTGDLVLVTQGGQGATQTNVCRTLIVE,length1,1434
-1,1841612,1840208,1404,MASQPQIKSSDKKTAQVSIPPHSIEAEQAVLGGIMLSNQHWDGIAERVIADDFYTFQHRLIFTEMEHLMRNQSPIDLITLDQALRSRGVSDEVGGFAYLAELSNNTPNAINILAYADIVREKAILRELISVGNRIAENSYSPKGQDIKLILDEAEREVFAIAEKRTTSSEGPQNVINVLESTIEKIDILSKLENHSGVTGVTTGFTDLDKKTAGLQPSDLIIVAARPSMGKTTFAMNLCENAAMASEKPVLVFSLEMPAEQIMMRMIASLARVDQTKIRTGQNLDEIEWNKIASVVGMFKQKNNLFIDDSSGLTPTDVRSRARRVYRENGGLSMIMVDYLQLMRAPAFSDNRTLEIAEISRSLKALAKELQVPVVALSQLNRTLEQRADKRPVNSDLRESGSIEQDADLIMFIYRDEVYNDNSEDKGVAEIIIGKQRNGPIGRVRLKFNGQFSRFDNLAEQREYRDDY,length1,1404
-1,1840196,1839116,1080,MNVKPATAKISSHALKQNLEIIKQKAPNSKIIAVVKANAYGHGVVFVASTLEQNVDCFGVARLEEALALRSNGITKPILLLEGFFNEQDLPILAVNNIETVVHNHEQLEALKRSNLPSPIKVWLKIDTGMHRLGVALDEVDYFYQELKKLPQIQPHLGFVSHFSRADELESDYTQLQINRFLSATKDKQGERTIAASGGILFWPKSHLECIRPGIIMYGISPTDTIGKEFGLTPVMNLTSSLIAVRHHKQGDPVGYGGIWTSPRDTKIGVVAMGYGDGYPRDVPEGTPVYLNGRLVPIVGRVSMDMLTVDLGADSQDLVGDEVILWGKELPIETVAKFTGILSYELITKLTPRVITEYVD,length1,1080
-1,1839032,1837370,1662,MKGNTMKNINPTHTQAWKSLEAHKAELSNTTIQDLFKQEKNRFDDYSLTFNNQILVDFSKNNINQTTLSHLRQLAQECALDSAKEAMFTGEKINRTENRAVLHTALRNRTNTPVLVDGKDVMPEVNAVLAKMKDFCQRIISGEWKGYTGKAITDVVNIGIGGSDLGPYMVTEALRPYKNHLNMHFVSNVDGTHIAETLKKVNPETTLFLVASKTFTTQETMTNAQSARDWLLKAAKDESAVAKHFAALSTNAKDVEKFGIDTNNMFEFWDWVGGRYSLWSAIGLSIALSIGFENFEALLNGAHEMDKHFRSAPIEQNIPTTLALVGLWNTNFLGAQTEAILPYDQYLHRFAAYFQQGNMESNGKYVDRDGNVINNYQTGPIIWGEPGTNGQHAFYQLIHQGTTLIPCDFIAPAQTHNPLADHHNKLLSNFFAQTEALAFGKTKEEVEAEFIKAGKSLDDVKNIVPFKVFTGNKPTNSILVQKITPFTLGALIAMYEHKIFVQGVIFNIFSFDQWGVELGKQLANRILPELTDSEKVASHDSSTNGLINQFKAWR,length1,1662
-1,1827647,1827245,402,MNELVRGLTNLRSLRAAVRELTLEQAENALEKLQTAIEEKRANEAELIKAETERKERLAKYKELMEKEGITPEELHEIFGTKTVSIQAKRAPRPAKYAFIDENGEHKTWTGQGRTPRPIQNALNKGKSLSDFEI,length1,402
-1,1827173,1826339,834,MIEKKILLTDCPDDKGLIAKITNICYKHQLNILHNNEFVDFETKHFFMRTELEGIFNEATLLEDLKYSLPEETNCRLIGTQRKRIVILVTKEAHCLGDILMKNYYGALDVEIAAVIGNHDNLRELVERFNIPFHLVSHENLTRVEHDKLLAEKIDEYTPDYIVLAKYMRVLNPEFVARYPNRVINIHHSFLPAFIGAKPYQQAYERGVKIIGATAHFINNELDQGPIIMQNVINVDHTYNAEAMMRAGRDVEKTVLSRALDLALHDRIFVYKNKTVVL,length1,834
-1,1824785,1823564,1221,MKLISLFSGCGGMDIGFEGNFSCLKKSINEELHPEWISSTENEWVTVSPTSFETIFANDIKPDAKAAWVSYFLDQKANANEIYHLESIVDLVKKERETHNIFPKGIDILTGGFPCQDFSVAGKRLGFDSHKNHHGKISNIDEPSIENRGQLYMWMREVISITQPKLFIAENVKGLTNLKDVKEIIEHDFGQASNEGYLVVPAQVLNAQFYGVPQSRERVIFFGFKKNALNKKALEELQKENIAEDYNPYPPPTHGKENLKAVVTCADAFINLQEPNFSKDPSQQKYSKAKYMGNHCQGQVEIKLNSVGPTIRSEHHGNIEYRRLSIEHGGKYINELSKGMLERRLTIRECARLQTFPDRYQFILPKTAENVSVSASNAYKIIGNAVPCILAYNIAKNIEKKWNLYFK,length1,1221
-1,1823552,1822412,1140,MIFSKNKYPPLHEFTALMNRVDNFLNHDAENRVAYYKKRSGIDLEKDVYEAICYCAQNTPFEDTISLVSGKHFPDIVASQYYGIEVKSTQGDKWTSIGSSILESTRIPNIEKIFLTFGKLGGNIKFLSKPYESCLCDIAVTHYPRYKIDMLLEKGESIFEKMETTYDSLRELDNPITPVAKYYKSLLIEGESLWWTSNNVLDDIAPPKVRHWKVIEKYERDMLIAQAYAFFPETILGNPRNKYDKFALWLVTKHGVINTSLRDEFSAGGQQKITDTCGETHLCSAVLKRVENNILAIKKFILETPENILTELWGNYIKDDRITQWANLVLSYCKPSNHNEMKLILTKIVNEKTIFNDKDDVNKLEEMAKIYITNQKINSL,length1,1140
-1,1813838,1809299,4539,MNKIYRLKFSKRLNALVAVSELTRGCDHSTEKVSEKPVRTKVRHLALKPLSAILLSLGIVSIPQSVLASGLQGMSVVHGTATMQVDGNKTTIRNSVNAIINWKQFNIDQNEMVQFLQESNNSAVFNRVTSDQISQLKGILDSNGQVFLINPNGITIGKDAIINTNGFTASTLDISNENIKARNFTLEQTKDKALAEIVNHGLITVGKDGSVNLIGGKVKNEGVISVNGGSISLLAGQKITISDIINPTITYSIAAPENEAINLGDIFAKGGNINVRAANIRNKGKLSADSVSKDKSGNIILSAKEGEAEIGGVISAQNQQAKGGKLMITGDKVTLKTGAVIDLSGKEGGETYLGGDERGEGKNGIQLAKKTSLEKGSTINVSGKEKGGRAIVWGDIALIDGNINAQGKDIAKTGGFVETSGHYLSIDSNAIVKTKEWLLDPENVTIEAELPSRQAESIEHQLPNGDGTPDNPKKNGDTITTLTNKTISKFLENAKSVNITASKKLTVNSSISIGSNSHLILHSEGRDSGGVQIDGDITSRGGNLTIQSGGWVDVHKNITLGDGTLNITAKGDVAFESMKGSEYEKTITAQGTIVSGDRNGFRLNNVSLNGTGKGLFFTDKRSAEGNISNKFDGVLNISGNVNISMRSPQVPSYKRYGGRTYWNITTLNVKKGGSFKLSIDSRGNGGTISPARHFGLNGITFSKDITFNVASGSRVDFEIKAPIIHPKHGVNHASFNKNISVLGGGTVNFNLDASSSNSKTSGVIINSQYINVSGGSKLNLRASGSTDTAFLIKSDLILNATGGGIELKQIEGTDSNVQKGVVAERNITFKGGNITFGSQKATTEIRGNVTIEQDTNVTLRGAYYGDSRKTLDIKGNVTNEGNLTTDGSIINIGGNLTVESSAKLKAITNYSFNVSGLFDNKGDSSVSIARGGARFKDINNTKSLSITTNSSSTYSTVIDGNITNKKGSLNITNNGGNTEIQIGGNISQKQGNLTISSDKINITKQTTIKKGVNGENSDSLAESQANLTIKTKELKLTGDLNISGFDKAEIVAKNGSNLTIGNGNDSGSANAKKVTFNNVKDSNISAGDHNVTLNSKVETFGDSSAESSDGSNAGLTINAKNVTVNKDITSNKTVNITASEKLTTKADATINATNGNVKVTTQTGDIKGQVKSTSGDVEITASGDTLKVSNITGQNVTVTANSGAITTTKGSTINATTGDANITTSTGVINGEVKSASGNVNITASGDTLNVSNVSGNAVTITADEGKLTTQAGSTVSATNGVTASSQSGDIGGTISGKTVSVTATTDSLTVKGSAKINATEGAATLTATKGTLTTAADSSISAASGILTINAKDAKLDGAASGNHTVVNATNASGSGSVTAKTSSSVNITGDLNTVNGLNIISKDGRNTVRLRGKEIEVKYIQPGVASVEEVIEAKRVLEKVKDLSDEERETLAKLGVSAVRFVEPNNAITVNTQNEFTTRPSSQVTISEGKACFSSGNGAAVCTNVADDGQP,length1,4539
-1,1802174,1801115,1059,MLNDILTGYGIFILEILTILLLILAIVGLIISYRQHNKSKTGELEIKDLSEEFNEQVRLLRDFNLSEEEQKQRTKAEKKAEKQKAKKRKEKLKKGDTLEDEKKACVYVLDFCGDISASETTALRKEISAILNVAKSEDEVLLRLESPGGIVHNYGFAASQLSRLKQKGIKLTVAVDKVAASGGYMMACVADKIVSAPFAVIGSIGVVAQIPNVHRLLKKHDVDVDVMTAGEFKRTVTVLGENTEKGKQKFQQELEETHKLFKQFVSQNRPCLDIDKIATGEHWFGQQAIALQLVDEISTSDDLILEKMKEKQVLNVKYRLKKSLIKKFGRQAEESAINIIHRYSTKQSRDFMY,length1,1059
-1,1794230,1792859,1371,MTTNNKQRQTWSSRLTYVMTVAGATVGFGATWRFPYLVGENGGGAYVLLFCIAMIIIGIPMILVENVIGRRLRVNSIDAFGDKILDKGKGISKYWKILGYMGLLGAFGIMAYYMVLGGWVISYIISLISGTLDISAPITKDIAKNFYDLHIGNSPYEIIFYTLLFVIVNYIILAKGIIGGIERSVKYLMPLLFIFLIGMVIRNVTLPGAMEGITFYLKPDFSKITPQLFIFVLGQVFFALSLGFGVLITLSSYLNKEENLIHTAVITGFTNTIIAVLAGFMIFPSLFTFGIEPNAGPTLVFQSLPIVFSHLWAGKFFAIIFFGLLLIAALTTSITIYEVIITALQEKLRMRRGKAIVLTLSGIFLLGNIPAILGDNLWKNVTIFGKSIFDFYDYASGNILFMLTALGCAIFVGFVLKDEAKKELSSTKYSTFIKIWFNYVKFVVPLIILVIFISNLF,length1,1371
-1,1783349,1782608,741,MLELGKLLTTLIAPPLNTFVLLIIAAIIYCVHFKKLAKFLAIISFTWLYIMSVPFTGLLLTNNDDSPALTLDEYKQAQAIVILGGGSYQTKELYAETASGAPQLERLRYAAFLQKETGLPILTTGYSLIGISEGDLMAKELNQFFNVPTQWIENKARNTEENASFTKNILVKDHIQKIILVTNQWHMKRAKYLFEKQGFDVLPAAAASYGSKGNLSAKSFIPDLGALNSNMVLLKEWIGYWKAHYVE,length1,741
-1,1757033,1756163,870,MTQQLPILSLKKIYSGKVRDLYEIDDKRMLMVASDRLSAFDVILDDPIPRKGEILTQISNFWFNKLAHIMPNHFTGDSVYDVLPKEEADLIRDRTVVCKRLNPIKIESIVRGYLTGSGLKDYKQTGTICGLKLPEGLVEASKLPEAIFTPSSKEEVGNHDINISYAECEKLIGADLAAQVKEKAIALYTVAAEYALTKGIIICDTKFEFGLDENGTLTLMDEVLTPDSSRFWSVDTYQAGTNPPSFDKQFVRDWLENSGWNKQAPAPKVPENIIQKTVDKYQEALDLLTK,length1,870
-1,1747766,1746185,1581,MSYPLEEVNKRRTFAIISHPDAGKTTITEKVLLYGNAIQTAGSVKGKGSAAHAKSDWMEMEKQRGISITTSVMQFPYNNCLVNLLDTPGHEDFSEDTYRTLTAVDSCLMVIDSAKGVEERTIKLMEVTRLRDTPIITFMNKLDRDIRDPMELLDEVENVLKIRCAPITWPIGCGKLFKGVYHLAKDETYLYQSGQGSTIQAVRVVKGLNNPELDVAVGDDLAQQLRDELELVQGASNEFEQDAFIKGELTPVFFGTALGNFGVDHFLDGLTQWAPKPQSRQADTRTVESAEEKFSGFVFKIQANMDPKHRDRVAFMRVVSGKYEKGMKLKHVRIGKDVVISDALTFMAGDRAHAEEAYAGDIIGLHNHGTIQIGDTFTQGETLKFTGIPNFAPELFRRIRLKDPLKQKQLLKGLVQLSEEGAVQVFRPLLNNDLIVGAVGVLQFDVVVSRLKTEYNVEAIYENVNVATARWVECADGKKFEEFKRKNEQNLALDGGDNLTYIAPTMVNLNLAQERYPDVVFYKTREH,length1,1581
-1,1728581,1726760,1821,MKSKNRVNMNLDLHFVHRIQQQAKTRANMTALRYKEHGLWRDISWKNFQEQLNQLSRALLTHNIDVQDKIAIFAHNMERWTIADIATLQIRAITVPIYSTNTAQQAEFILNHADVKILFVGDQEQYDQALEIAHHCPKLQKIVAMKSTIQLQQDPLSCTWESFIETGSNAQQDELTQRLNQKQLSDLFTIIYTSGTTGEPKGVMLDYANLAHQLETHDLSLNVTDQDISLSFLPFSHIFERAWAAYILHRGAILCYLEDTNQVRSALTEIRPTLMCAVPRFYEKIYAAVLDKVQKAPKLRQIMFHWTISVGQKHFDLRANNKAIPFLLKKQFALADKLVLSKLRQLLGGRIKMMPCGGAKLEPAIGLFFHAIGINIKLGYGMTETTATVSCWHDFQFNPNSIGTLMPKAEVKIGENNEILVRGKMVMKGYYKKPEETAQAFTKDGFLKTGDAGEFDEQGNLFITDRIKELMKTSNGKYIAPQYIESKIGKDKFIEQIAIIADAKKYVSALIVPCFDSLEEYAKQINIKYHDRLELLKNSDILKMFEQRINAVQKELAHFEQVKKFTLLSQAFSIKLGEITPTLKLRRKVILERYRKQIEAMYHSQEA,length1,1821
-1,1724108,1723499,609,MQVSRRKFFKICAGGMAGTSAAMLGFAPANVLAAPREYKLLRAFESRNTCTYCAVSCGMLLYSTGKPYNSLSSHTGTNTRSKLFHIEGDPDHPVSRGALCPKGAGALDYVNSESRSLYPQYRAPGSDKWERISWKDAIKRIARLMKDDRDANFVEKDANGKTVNRWATTGIMTASAMSNEAALLTQKWIRMLGMVPVCNQANT,length1,609
-1,1723448,1721024,2424,MTNNWVDIKNANLIIVQGGNPAEAHPVGFRWAIEAKKNGAKIIVIDPRFNRTASVADLHAPIRSGSDITFLMGVIRYLLETNQIQHEYVKHYTNASFLIDEGFKFEDGLFIGYNEEKRNYDKSKWNYQFDENGHAKRDMTLQHPRCVINILKEHVSRYTPEMVERITGVKQKLFLQICEEIGKTSVPNKTMTHLYALGFTEHSIGTQNIRSMAIIQLLLGNMGMPGGGINALRGHSNVQGTTDMGLLPMSLPGYMRLPNDKDTSYDQYINAITPKDIVPNQVNYYRHTSKFFVSMMKTFYGDNATKENGWGFDFLPKADRLYDPITHVKLMNEGKLHGWILQGFNVLNALPNKNKTLSGMSKLKYLVVMDPLQTESSEFWRNFGESNDVNPAEIQTEVFRLPTTCFAEEDGSIVNSGRWAQWHWKGCDQPGEALPDVDILSMLREEMHELYKKEGGQGIESFEAMTWNYAQPHSPSAVELAKELNGYALEDLYDPNGNLMYKKGQLLNGFAHLRDDGTTTSGNWLYVGQWTEKGNQTANRDNSDPSGLGCTIGWGFAWPANRRVLYSRASLDINGNPWDKNRQLIKWNGKNWNWFDIADYGTQPPGSDTGPFIMSAEGVGRLFAVDKIANGPMPEHYEPVESPIDTNPLHPNVVTDPTLRIYKEDREFIGSNKDYPFVATTYRLTEHFHSWTAQSALNIMAQPQQFVEIGEKLAAEKGIQKGDMVKITSRRGYIKAVAVVTKRLKDLEIDGRVVHHIGLPIHWNMKALNGKGNRGFSTNTLTPSWGEAITQTPEYKTFLVNIEKVGEA,length1,2424
-1,1716785,1716413,372,MIKKRAPNAQITMTDIHAMALESARKTLSENQLQGEVYASDVFSDIEGKFDLIISNPPFHDGIDTAYRAVTELITQAKWHLNQYGELRIVANAFLPYPELLRQHFGDYEVLAQTGKFKVYSVKN,length1,372
-1,1711094,1710437,657,MKNWTDVIGKEKEQPYFQHALQQVHLARANGKTIYPPQEEVFNAFKYTAFEDVKVVILGQDPYHGANQAHGLAFSVKPEVAIPPSLLNMYKELTQDISGFQMPSHGYLVKWAEQGVLLLNTVLTVERGMAHSHANLGWERFTDKVIAVLNEHREKLVFLLWGSHAQKKGQIIDRTRHLVLTAPHPSPLSAHRGFFGCHHFSKTNSYLESNGMKPIDWQI,length1,657
-1,1662542,1662107,435,MSKASLSLLDLAGVKPYQMKKDEEYMNEEQILHFRKILNAWHEQIVEEASRTVAHMQDEVTNFPDPADRATQEEEFSLELRNRDRERKLMKKIEATLKKLDTDDFGYCDCCGEEIGIRRLEARPTADLCIDCKTLAEIREKQVAG,length1,435
-1,1660490,1660010,480,MITAYIALGSNLNTPVEQLHAALKAISQLPNTHLVTTSSFYKSKPLGPQDQPDYVNAVAKIETELSPLKLLDELQRIENEQGRVRLRRWGERTLDLDILLYGNEIIQNERLIIPHYDMHNREFVIVPLFEIASDLVLPNSQIITELVKQFADHKMIKLNP,length1,480
-1,1659932,1659458,474,MESLTQYIPDEFSMLRFGKKFAEILLKLHTEKAIMVYLNGDLGAGKTTLTRGMLQGIGHQGNVKSPTYTLVEEYNIAGKMIYHFDLYRLADPEELEFMGIRDYFNTDSICLIEWSEKGQGILPEADILVNIDYYDDARNIELIAQTNLGKNIISAFSN,length1,474
-1,1647836,1645715,2121,MSNFGVIKRDGSRAEFEIQRIINAIKKAASAVNISDEFYCHQIGQEVGNEIFTRHQGEIDINQIQKVVEDKLMASRYPEIARAYIEYRHDRDLAREKRSQLTKEIEGLIEQSNVELLNENANKDAKVIPTQRDLLAGIVAKHYAKHHILPRDVVEAHEKGEIHYHDLDYAPFFPMFNCMLVDLEGMLSRGFKMGNAEIEPPKSIGTATAVTAQIIAQVASHIYGGTTINRIDEVLSPYVQISYEKHLKHAQEWNVPDVEGYAKALIEKECFDAFQSLEYEVNTLHTSNGQTPFVTFGFGLGTSWQSRLIQQAILKNRIRGLGKNHKTPVFPKLVFTIKKGLNQNKGDPNYDIKQLALECASKRMYPDILNYDQVVKVTGSFKAPMGCRSFLGAYEENSHEIHDGRNNLGVVSLNLPRIALESKNEEDFYRTLDERLAIAKKALMTRVARLENTKARVAPILYMEGACGVRLKADENVAQIFKNGRASISLGYIGIHETINALYKKGHIFDDEQLREKGIAIVRHLSEAVKRWQKETGYAFSLYSTPSENLCDRFCRLDTKKFGVIEGITDKGYYTNSYHLDVEKKVNPYDKLDFEMSYPPLASGGFICYGEYPNIQHNLKALEDVWDYSYDRVPYYGTNTPIDECYECGFTGEFECTSKGFVCPKCGNHDSTKVSVTRRVCGYLGSPDARPFNAGKQEEVKRRVKHL,length1,2121
-1,1613825,1612364,1461,MTEPLSKINGIITKNYLEMQPENQYFERKGLGEKDIKPTKIAEELVGMLNADGGVLAFGVADNGEIQDLNSLGDKLDDYRKLVFDFIAPPCRIGLEEILVDGKLVFLFHVEQDLERIYCRKDNENVFLRVADSNRGPLTREQIKNLEYDKNIRLFEDEIVPDFNEEDLDQELLELYKKKVNFTSDNILDLLYKRNLLTKKEGCYQFKKSAILLFSTMPERYIPSASVRYVRYEGTVAKVGTEHNVIKDQRFENNIPKLIEELTYFLRASLRDYYFLDVNQGKFIKVPEYPEEAWLEGVVNALCHRSYNVQGNVIYIKHFDDRLEISNSGPLPAQVTIENIKTERFARNPRIARVLEDLGYVRQLNEGVSRIYESMEKSLLAKPEYREQNNNVYLTLRNRVTAHEKTVSTATMLQIEKEWTNYNDTQKAILLYLFTNGTAILSELVDYTKINQNSIRAYLNAFIQQGIIERQSVKQRDPNAKYAFRKD,length1,1461
-1,1612190,1610942,1248,MRRYERYKDSGVDWLGEVPSHWELKRLKQLFVEKKHKQSLSLNCGAISFGKVIEKSDDKVTEATKRSYQEVLKGEFLINPLNLNYDLISLRIALSEIDVVVSAGYIVLKEKQIINKKYFSYLLHRYDVAYMKLLGSGVRQTINYGHISDSILVIPPLSEQQKIAQFLDDKTAKIDQAVDLAEKQIALLKEHKQILIQNAVTRGLNPDVPLKDSGVEWIGQVPEHWDVQRSKFIFKKIERKVNEEDQIVTCFRDGQVTLRANRRTEGFTNALKEHGYQGIRKGDLVIHAMDAFAGAIGISDSDGKATPVYSVCLPHDKQKIDVYFYAYYLRNLALSGFISSLAKGIRERSTDFRYSDFAELLLPIPPYLEQQKIADYLDKQTSKIDRAIALKTAHIEKLKEYKSVLINDVVTGKVRV,length1,1248
-1,1610840,1607816,3024,MVSGTKEKDLEIAIEKALTGTWRENMENKLGEPKAEYLPRHHGFKLAFSQDFDAQFAIDTRLFWQFLQTSQEAELARFQQLNPNDWQRKILERLDRQIKKNGVLHLLKKGLDIDSAHFDLLYPVPLASSGEKVKQRFEQNLFSCMRQVPYSASSNETVDMVLFANGLPIIALELKNHWTGQTAIDAQKQYLNRDLSQTLFHFGRCLAHFALDTEEAYMTTKLAGPATFFLPFNLGNNCGKGNPPNPNGHRTAYLWQEVFGKASLANIIQHFMRLDGSTKDPLDKRTLFFPRYHQLDVVRRLIADVSEHGVGKRYLIQHSAGSGKSNSITWLAYQLIEAYPRNEKAANGREADRPIFDSVIVVTDRRLLDKQLRDNIKDFSEVKNIVAPALSSAELRQSLEQGKKIIITTIQKFPFIVDGIADLGDKQFAVIIDEAHSSQSGSAHDNMNRAIGKTEDLDAEDVQDLILQTMQSRKMHGNASYFAFTATPKNSTLEKFGEKQADGKFKPFHLYSMKQAIEEGFILDVIANYTTYKSFYEITKSIEDNPEFDSKKAQSRLKAYVERSQQTIDTKAEIMLDHFIYQVFNRKKLKGKAKGMVVTQNIETAIRYFQALKHLLAGRGNPFKIAIAFSGSKVVDGVEYTEAEMNGFAESETKEYFDQDEYRLLVVANKYLTGFDQPKLCAMYVDKKLSGVLCVQALSRLNRSANKLSKRTEDLFVLDFFNSVEDIQQAFEPFYTSTSLSQATDVNVLHDLKDRLDETGVYEQAEVNDFTEGYFANKDAQQLSSMIDVAVQRFDDELELDLDRNEKVDFKIKAKQFLKIYGQMASIINFENIAWEKLYWFLKFLVPKLKVQDPMDEFDEILDAVDLSSYGLARTKLNYSIKLDDEETELDPQNPNPRGTHGEDKEKDPIDEIIRVFNERWFQDWSATPDEQRVKFINITERIRSHKDFEQKYQNNPDIHTRELAFQAILRDVMSERHRDELELYKLFAKDAAFRTAWTQSLQRALAG,length1,3024
-1,1605674,1604669,1005,MRLYGDAGVAIATGLLTFVMLVFSEIFPKTVAAMHAEKVSFFSSHILTSLLKIFYPLVWLMNIFTKSLMQIVGLKLDMQKQVISSEELRSIVSEAGEATPNEQHPQMLLSILDMETVTVDDIMVPRNEIGGINIDDDWRAIMRQLNHAAHNRVVLYKGSLDEQVLGILRVREAFRLLLEKNEFTKETLIRAADEVYFIPESTPLKTQLANFRTNKERIGLVVDEYGDIKGLVTLEDILEEIVGDFTTSTAPSIDKEVIQQSDGSMIIDGSANLRDLNKMFNWELDTEDARTFNGLILEHLEEIPDEGTICEIDGLLITILEVGDNMIKQAKVVKL,length1,1005
-1,1603766,1603289,477,MLSDITIFILKLLDDMLCAAIPAVGFALVFNVPPKALKYCAILAALGHVTRTLLLHINMPIVFATFFATCVIGFLGVHLSHRYLAHPKAFTVAAIIPMIPGVHAYKAMISMVQIHHFGFSDALFEQMISSFINTSFILGAIVFGLALPGLLFYRQKPVV,length1,477
-1,1602689,1601402,1287,MIDPNLLRNNLAEVAEKLKVKRNFMLDTEKLTALEDQRKNLQVTTENLQAERNARSKAIGAAKVRGEDIAPLLAEMDDMGNQLTEAKAQLDAVLAEINQIALSIPNLPADEVPLGKDDTENKEILRWGTPHTFDFEVKDHITLGEEANGLDFAAGAKLAGARFAVMKGQIAKMHRALAQFMLDLHTEQHGYLETYVPYLVNHATLYGTGQLPKFGEDLFHTLALEGEQPYALIPTAEVPVTNLVRDVIIDEAELPIKMTAHTPCFRSEAGSYGRDTRGLIRMHQFDKVEMVQIVDPDKSMEALEELTGHAEKVLQLLNLPYRKVLLCTGDMGFGSCKTYDLEVWLPAQNTYREISSCSNMWDFQARRMQARCKAKGDKKTRLVHTLNGSGLAVGRTLVAVLENYQNADGSITVPEELRPYMGGLDVIGK,length1,1287
-1,1578875,1577561,1314,MPTLEKTFELKQRGSTVRQEIIAGLTTFLAMVYSVIVVPNMLGAAGFPAESVFIATCLVAGLGSILIGLWANAPMAIGCAISLTAFTAFSLVIGQKVAIPVALGAVFLMGVVFTLISTTGIRAWILRNLPSNIAHGAGIGIGLFLLLIAANGVGLVVSNQAGLPVKLGDFTSFPVMMSLIGLALIIGLEKMKIKGGILWVIIAITIVGLIFDPNVKFGGEIFKMPTFGENSLFLQLDFMGALQPAILPVVFALVMTAVFDATGTIRAVAGQADLLDKDGQIINGGKALTSDSISSLFSGLFGTAPAAVYIESAAGTAAGGKTGITAIVVGVLFLLMLFFQPLAFLVPGYATAPALMYVGLLMLSNVSKLDFDDFVGAMSGLICAVFIVLTANIVTGIMLGFAALVIGRIVSGDIKRLNVGTVIIAIVLVAFYAGGWAI,length1,1314
-1,1577336,1576697,639,MSNPSCIIIAITGASASGKSSIASTVHKELCNELGCQEIGIITEDSYYKDQSHLEMTERVKTNYDHPNSMDRDLLIQHLKNLKNGSAVDVPVYSYVEHTRTNETTHFTPKRIVILEGILLLTDERVRQLADISVFVDTPLDICFIRRLQRDMEERGRSLQSVIDQYRATVRPMFLQFIEPSKQYADIVIPRGGKNRIAINMLKAQILHLLNQK,length1,639
-1,1565297,1565015,282,MRKISFFSSVESIKFSPVEPPTYKPSTFILSILWRIIWRKPFSLMVLSSLNDTNNALKIPFKSRISFLLFYTLFKNYIESFLFSLSGNFFFALH,length1,282
-1,1559183,1558046,1137,MGFIMKLTKTALCTALFATFTFSANAQTYPDLPVGIKGGTGALIGDTVYVGLGSGGDKFYTLDLKDPSAQWKEIATFPGGERNQPVAAAVDGKLYVFGGLQKNEKGELQLVNDAYRYNPSDNTWMKLPTRSPRGLVGSSGASHGDKVYILGGSNLSIFNGFFQDNVAAGEDQAKKDEIAAAYFDQRPEDYFFTTELLSYEPSTNKWRNEGRIPFSGRAGAAFTIQGNDLVVVNGEIKPGLRTAETHQGKFTAKGVQWKNLPDLPAPKGKSQDGLAGALAGYSNGHYLVTGGANFPGSIKQFKEGKLHAHKGLSKAWHNEVYTLNNGKWRIVGELPMNIGYGFSVSYNNKVLLIGGETDGGKALTSVKAISYDGKKLTIK,length1,1137
-1,1538408,1537370,1038,MKKLISGIIAVAMALSLAACQKETKVISLSGKTMGTTYHVKYLDNGSIKATSEKTHEEIEAILKDVNAKMSTYKKDSELSRFNQNTQVNTPIEISADFAKVLAEAIRLNKVTEGALDVTVGPVVNLWGFGPEKRPEKQPTPEQLAERQAWVGIDKIALDMSGAKPTLSKALPQVYVDLSSIAKGFGVDQVAEKLEQLNTQNYMVEIGGEIRAKGKNIEGKPWQIAIEKPTTTGERAAEAVIGLNNMGMASSGDYRIYFEENGKRFAHEIDPKTGYPIQHHLASITVLAPTSMTADGLSTGLFVLGEDKALEVAEKNNLAVYLIIRTDNGFVTKSSSAFKKLTETKE,length1,1038
-1,1517252,1516649,603,MKIIEVDEELYQYIASQTRSIGESASDILRRLLSLPVHTSSVDDLVLTSAETNKSADQKPEQAINVKEVNIKTTKKQSITAINQIVEKVQTLLNSTEFQEESKAVVRFLAILRVLYRTNPESFAQATESLQGRTRVYFARDEATLLMAGNHTKPKQIPDTPYWVITNTNSGRKMLMLEGAMQSMELPETLIDEVRSYFTVN,length1,603
-1,1503683,1501874,1809,MLLSKKSATFALSAFAMLFTSVALAKEAPQAHKAVELSILHINDHHSYLEPHETRINLNGQQTKVDIGGFSAVNAKLNKLRKKYKNPLVLHAGDAITGTLYFTLFGGSADAAVMNAGNFHYFTLGNHEFDAGNEGLLKLLEPLKIPVLSANVIPDKSSILYNKWKPYDIFTVDGEKIAIIGLDTVNKTVNSSSPGKDVKFYDEIATAQIMANALKQQGINKIILLSHAGSEKNIEIAQKVNDIDVIVTGDSHYLYGNDELRSLKLPVIYEYPLEFKNPNGEPVFVMEGWAYSAVVGDLGVKFSPEGIASITRKIPHVLMSSHKLQVKNSEGKWAELTGDERKKALDTLKSMKSISLDDHDAKTDKLIAKYKSEKDRLAQEIVGVITGSAMPGGSANRIPNKAGSNPEGSIATRFIAETMYNELKTVDLTIQNAGGVRADILPGNVTFNDAYTFLPFGNTLYTYKMEGSLVKQVLEDAMQFALVDGSTGAFPYGAGIRYEANETPNAEGKRLVSVEVLNKQTQQWEPIDDNKRYLVGTNAYVAGGKDGYKTFGKLFNDPKYEGVDTYLPDAESFIKFMKKHPHFEAYTSSNVKFNASTDALPKK,length1,1809
-1,1501025,1499939,1086,MLCVNVELQERRYPILIGSGLLQDERSYPIKRGDRVMIVTNPTVAQFYLDTVIYALEKRGCVVDHVLLPDGEKYKTLESLNLIFTALLQDNHGRDTTIIALGGGVIGDVAGFVAASYQRGVRLIQMPTTLLSQVDSSVGGKTAVNHELGKNMIGAFYQPSMVIIDTLTLNTLPKREVNAGLAEVIKYGAILDYEFFEWLEQHIDELVALHPEALQHCISRCCQIKADVVARDETEKGDRALLNLGHTFGHAIETHLGYGNWLHGEAVSTGMMMAAVLSEELGDISIADVSRLEKLLARANLPTVSPDTMQPEDYLPHMMRDKKVLSGKLRLVLLKSLGQAYVANDTDHTLVLNAIRRCTQTD,length1,1086
-1,1490264,1489211,1053,MKNNRTFLEKLLDGAEVEWKTVKSLCNDNFWLMPATPEFDDNGTIPYITSKNIKGGKIDFQNTKYINKHVYQELSRTRCIIENDILISMIGTIGEAVIVKKEDLFFYGQNMYILRLNNKLVNYKFFLYYFTAPFILNSLLSKKNSSNQGYLKAGQIENLKIPIPPLSVQIEIVKILDALTALTSELTSELTSELILRQKQYEYYREKLLSEEELGKVGFEWKPLKEIAEYIRGVTYNKTNESPNNIGYKILRANNITLSSNTLNFDDIKVIKFDTKVKSSQMLYKNDILISAASGSREHVGKVAFIYQDIDYYFGGFMGVIRCNNNVNSRYLFHIFTSSIFQDYLNEVLNS,length1,1053
-1,1486829,1483748,3081,MTQYKTIAESNNFIVLDQYNKFVEEPNAGYQTEGSLEREFIRDLQAQGYEYLQGLNNHDELIKNLRVQLQRLNNVIFSDAEWQRFLEEYLDKPSDNLIEKTRKIHDDYIYDFVFDNGRIQNIYLLDKKNLANNSLQVINQFEQTGSYDNRYDVTILVNGLPLVHIELKKRGVAIREAFNQIHRYSKESFNKENSLFKYIQIFVISNGTDTRYFANTTKRNKNSYDFTMNWATAKNTLIKDLKDFTATFLQKNTLLNVLVNYCVFDVSDTLLIMRPYQIAATERILWKIKSSYHAKNWSNKESGGYIWHTTGSGKTLTSFKASRLATELDFIDKVFFVVDRKDLDYQTMKEYQRFSPDSVNGSESTAGLKRNIEKDDNKIIVTTIQKLNNLMKSEENLSIYQKQVVFIFDEAHRSQFGEAQKNLKRKFKKFYQFGFTGTPIFPENALGAETTTSVFGTELHSYVITDAIRDDKVLKFKVDYNDVRPQFKALETEKDPEKLTALEQKQAFLHPERIKEISQYLLNNFKQKTHRLNATGKGFNAMFAVSSVEAAKRYYETLQNLQAEQEHPLKIATIFSFAANEEQDAIGDIPDETFEPTALNSTAKEFLTKAIDDYNHYFGTNYGVDSQSFQNYYRDLAKRVKNQEVDLLIVVGMFLTGFDAPTLNTLFVDKNLRYHGLMQAFSRTNRIYDTTKTFGNIVTFRDLEQNTIDAITLFGDDNTKNMVLEKSYETYFNGDENQRGYLEVVQELQNRFPNPTEIETEQDKKEFVKLFGEYLRVENILQNYDEFAALQALQAVDLNDPIAMEKFKQVHYVNDEQIAEMLKVPTLPVRAEQDYRSTYNDIRDWLRQRKEGNDKDNSPINWDDVVFEVDLLKSQEINLDYILALIFEHHKKNQDKEVLIDEIRRTVRSSLGNRAKESLIVDFINQTNLDDIPDKATLIDSFFLFAQAEQRKEAESLIQEENLNVDAAKRYISTSLKREYASENGTALNEVLPKMSPLTPQYLTKKQTIFQKIAAFVEKFKGVGGKI,length1,3081
-1,1460612,1458773,1839,MTDKITFNDLGLPEFILKAVSDLGFETPSPIQQACIPHLLSGNDVLGMAQTGSGKTAAFALPLLAQIDPSEKHPQMLVMTPTRELAIQVADACEQFVKYAHGTRIVTLYGGQRYDIQLRALKQGAQVVVGTPGRILDHIRRGTLNLSELRFIVLDEADEMLRMGFIDDVETVMAELPENHQTALFSATMPEPIRRITKRFMNDPQEVKIKVNNENAPDIDQSCWYVHGVRKNEALLRFLEVEDFDAAIIFARTKTGTLDITELLEKNGFRSAALNGDMTQQLREQTLDRLRNGSLDIVVATDVAARGIDIERISLVVNYDIPLDAESYVHRIGRTGRAGRSGRALLFVEPRERRLLRNIEHLIKKGINEVELPNHLVLQECRRKKFVAKITKQLEHHDLEQYRSLLEDLFTADQDQEDIAAAMLMLLQGKQKLILPPDPPMEKRRRERNERGDRRENPRSAERRGERKGYGNPQPMDLYRIEVGRADGVEVRHIVGAIANEGDINSRYIGHIKLYDDYTTVELPQGMPKELLQQFGKTRILNKQMQMSFLGAVKSDNSRGSDDFNGKRKGRGSDFRGEHGRERGNDNRGNRKFNEKSNRTFSDKPRRDRRSSF,length1,1839
-1,1458593,1457207,1386,MVFPWQFLRHTEENHYTAIQARGSLYVGTINNQISYFINKDSERGFEYELAKAFADTLGVELEMKIFDNQEQLFDELDKHNIDLAAAHLLYHPKNAERFQIGPAYHSASWQLAYRKNENRPKNLGNVKKDIYISNNLALEETLKELQKQYPQLTWKRNQALTQEELLLQLAEGKIPYVIANSIDIAAIQQIKPELAIAFDITDEANVHWYLPNSPYRDLQTALLNFMNNAEETGLLDNLKEKYLGHISQFDYVDTRSYMNAIENTLPQFSPLFEKYKGELDWRLLAAVAYQESHWNPDATSPTGVRGIMMLTKNTAQHMKISDRTDPEQSIKAGSEYLHWLISQLPESIEKEERIWFALVAYNIGLGHLIDARRLTQNLGGNPDNWLNVKKNLPLLAEKRYYSQLKYGYARGYEAYQYVENIRRYMNSIVNYHRVQENQTTNDNANNESAVKNLEEIKENKD,length1,1386
-1,1450718,1450301,417,MTSIKHFNRFIPCGELLRFKNLHKISFIKKCGQKTFYFSTALSSIMIYPLIVMAEQVCPCEHRIPPQNHQNDRLQSLDEFPPLNVDNSVNCEWYLSVHLKFHRIYLNDINTLWCSFYRCSNHIQDLTGWYHHDILHYGF,length1,417
-1,1435703,1435058,645,MKKIILSLTTAIILAGCSSNPETLKATNDSFQKSETSIPHFSPLATGGVQLPKADNAYSLPNIEVKKRGDIDIRPPLIPLAIIQNSITKFDGERSLIVYPKQEAKLYNLQQVKRLLKEEGISSTTNGSILTTDWTKTERIGDKSIEIKYQIEQVMTPDVSAITVSILHMRRDGIIFTPNISDKQYYTSERLNRIVLALTTAYNKQLQDLSSTSIQ,length1,645
-1,1426388,1423649,2739,MYKLNVISLIILTTYTGATYASTRDFPQDHTTVSGTVTVTTTVDKMTIKQESDKAQINWKSFDIGQNKEVEFKQPSPNAVAYNRVTGGNASQIQGKLTANGKVYLANPNGVIITKGAEINVAGLLATTKDLEQISENGNGNSYQFTRKTKDGQELKEGKVLNEGKIKAKDFVVLNGDEVINKEEINVTNGKVYLSSGDNFTFTLLPDSGISVALEDNAVRGIVKNEGIIKAEDITLNAKGRKEALDSLVMNNGVLEATKVSNKNGKVVLSADEIKLDDKSNIKGDMVSFVADVTSNKELKDNIKITSQTGSKVTSPKIDFKGKSVNINGNFGRDDSKAHYNDEHKTLKTEVNIDVPDDENIRIANIEDEDKDSTGSFIQTDALSSLLANNGKVTLKGNNVNISGRIHIDSFRGSDSLLKLTNKGHIKINNADIHSKGRLFFITSLQNEEDFKSNITITDSKINLGNGAMGLGRSVNESDYDNKYQKTEGSQRKKFNVKMSNVEFNQVDDVILAGGFEKVNLDKIVATGQTNFYIDGGVSRNRTNGEPWKYEYGVLDLDKRTQLSELDQGRRRWGYYYDLELDMNRAYLYRFDLFAAKNTRRSTIKGTEINISNSNINLKNGFVHLLAEKIKLDNSKIDITFDKDNSQDTLAQTNRLGMNGKVSMINSHIKIVGDEKSGISPTGTYATMFLIGELIGEKSSIFVKSHQGYTFKTDGDTKIAGKNSKEDLKITAINTGGRAAEEVLINGALGSADNDANIANMAFTIGDSANTKTTIENADITALAPNGGTAYLSSKDVEIEVKPNSDFTFFELPREKNLNQTKINGASTKLSERGFARLYDKINGVRASNLSAEQLNVTDSSEKIINTNLVSSLDVEKLVSVAVCDAGKGCEEQQFGDKGNNTKVSVGELEAEQ,length1,2739
-1,1423112,1422515,597,MSLFALFYMLFAYLLGSISSAILICRIAGLPDPRQNGSHNPGATNVLRIGNRKSALAVLIFDMLKGMIPVWAGYYLGLTQFELGMVALGACLGHIFPIFFQFKGGKGVATAFGAIAPISWAVAGSMFGTWIFVFLVSGYSSLSAVISALLVPFYVWWFKPEFTFPVALVCCLLIYRHHDNIQRLWRGQEDKVWAKFKKK,length1,597
-1,1413476,1411823,1653,MIAYIFLALFTIAAVIFIVNSHYRWTYFFAITLFTFLFGGMLMVSSQWQRALNFSSVLFVVLMLFHRLKIHYYKQPLLISDFFLVVDWRNWETLIHYKGALFGVIGLLALLGYAIFGFNDAESLGVLGNSIGVLLFIVSFSLMWHYSKNPSAVQVWLDSLPDDGRDVFLNLPMSCRGIFFKVPNFDGNSQNFIEKMTALSFDTNNLSETKPDIVVTLMESTLNPHQFAFSQQSIPPLSMFEPQHDTVFASPLRVHTFAGATWKSEFAFLAGVPSTDFGALASGVFYSVVPHLQSGLVKNLKAQGYFCVALSPFTKGNYNAKSAYDHFGFDLMLQPQDLGYPAPISKNLWDISSEEMMKYTRMILEKQHPALENVDQPMFVYVLTMREHGPYELGMENTFNLQMPNLGAKSISALNDYTQRIVALNDAIEGMNNYLHERKKPFVLGYFGDHQVAFDNVIPPKKGDYAQPDYVTQFVVRSNCSHQFKQEQKFLDLAFAGGVLMNVAGLSADDEFMKANMAMCKLSNGKLEDSSDIQLLNDYRHYLYQALAIAR,length1,1653
-1,1403309,1402097,1212,MRLFPKSDKLEHVCYDIRGPVHKEALRLEEEGNKILKLNIGNPAPFGFEAPDEILVDVLRNLPSAQGYCDSKGLYSARKAIVQYYQSKGIHGATVNDVYIGNGVSELITMAMQALLNDGDEVLVPMPDYPLWTAAVTLSGGKAVHYLCDEEVNWFPAIDDIKAKVNAKTKAIVIINPNNPTGAVYSKELLQEIVEIARQNNLIIFADEIYDKILYDGAVHHHIAALAPDLLTVTLNGLSKAYRVAGFRQGWMILNGPKHNAKGYIEGLDMLASMRLCANVPMQHAIQTALGGYQSINEFILPGGRLLEQRNKAYDLITQIPGITCVKPMGAMYMFPKIDVKKFNIHSDEKMVLDLLRQEKVLLVHGKGFNWHSPDHFRIVTLPYVNQLEEAITKLARFLSDYRQ,length1,1212
-1,1388306,1387754,552,MQKLKDIEQGILTDCRQIPSPHFDERPDLQDISLLVIHYISLPPEQFGGGYVDDFFQGKLDPKIHPYFEEIYQMRVSAHCLIERNGRITQYVNFNDRAWHAGVSNFQGREKCNDFAIGIELEGSNEQPFTDAQYFSLQELTNVIMKSYPKITKDRIVGHCDISPKRKIDPGQYFDWERYLSSVK,length1,552
-1,1386236,1384670,1566,MKNLNRILLSIKFMNKYFTYLIAIISGLLGVFAFSPFDYWPLTYVSLLGLLYVAKNPKKSTALLSTFLWAMGFFCFGVSWLNVSIHQFGGASLGVSYFLVGLLAAYLALYPMLFTYLVQRFKVQSAVIFAVIWTLTEFLRGWIFTGFPWLQFGYTQIDSPFYGIAPIFGVTGLTFFTVWSSAVIFNLVSSLFKTKNLKLVLANALLLIIVGGLSIYSSRIHFVKSVEDKAISVTLAQGNIEQNLKWDPNYFYSTLAIYQKLIADNLGKTDLIILPESALPTLENAITPFFEGLERAAKETKTEIMIGTVFQDTKSGKLLNSIMTAGNPDFPYQPDTPNRYNKHHLVPFGEYVPLESILRPLNSVFNLPMSAFQSGEAVQPSLIAKKRAFSPAICYEIIFGEQVRQNLKQDTDYLLTLSNDAWFGDSIGPWQHLQMARMRALELGKPLIRATNTGISVFVDAQGKVLAQAPQFIETTLTYKIAPAKGKTPYSVLGNMPLYALSLLFLLLHSMMAFIRRKMNIQ,length1,1566
-1,1383884,1383326,558,MMELQGKFLIAMPHLDDYFNRTVVFMCEHNEQGSMGLVINQPTDLSIAELYSKLNFMMKNDRTFGNEMVVAGGPVHTERGFILHKNTLNAFQHTYKVTKELSMTTSADVVETLGSTFAPEKYLVALGCSSWGAGQLEKEIRDNAWLVVSSNDQILFDMPYEDRYAAANQLLGIHPYNFALAQVGHS,length1,558
-1,1376915,1376102,813,MQHKLIAFIGGGNMAQAIILGLLKQGYPAEQIIVNDPNEEKRAFFANLGVATSENNVESAIKAEVVLLAVKPQMMADVCLPLSAVDFSDKLLISIAAGISTERLNALIPSVKSIVRVMPNTPALVGEGMAGLFAPKNTSENYRTFAQDLLGAVGRTVWVDDETQMHAVTAASGSSPAYFFLMLEAMQQALIKMNIDEKTARELVQQSMLGAAKMVTENPQIALSTLRENVTSKGGTTAAALAVFDAQHFNQTIEQAMQACLSRSQEMETLF,length1,813
-1,1373837,1373552,285,MKKITLFFTALLCLFSTSVLAEPNSIPKQCEQLFKETENLIAQAEKQPGTHIQVNKIKSKLNQSKQQILQMELATQLKSCEVGLAKLSNLKSYSE,length1,285
-1,1367384,1366661,723,MVKDTLFSTPIAKLGDFIFDENVAEVFPDMIQRSVPGYSNIITAIGMLAERFVTADSNVYDLGCSRGAATLSARRNIHQPNVKIIGIDNSQPMVERCRQHIAAYHSEVPVEILCDDIRHVEIKNASMVILNFTLQFLPPEDRVALLTKIYEGLNPNGVLVLSEKFRFEDTKIDHLLIDLHHQFKRANGYSELEVSQKRTALENVMRTDSIETHKVRLKNVGFSQVELWFQCFNFGSMIAVK,length1,723
-1,1364378,1363028,1350,MLSNPVVISIIVLLALSLLRINVIIALVIAALTAGFIGDLGLTKTIETFTGGLGGGAEVAMNYAILGAFAIAISKSGITDLIAYKIITKMNKTPTAGNLTWFKYFIFAVLALFAISSQNLLPVHIAFIPIVVPPLLSIFNRLKIDRRAVACVLTFGLTATYILLPVGFGKIFIESILVKNINQAGATLGLQTNVAQVSLAMLLPVIGMILGLLTAIFITYRKPREYNINVEEATTKDIEAHIANIKPKQIVASLIAIVATFATQLVTSSTIIGGLIGLIIFVLCGIFKLKESNDIFQQGLRLMAMIGFVMIAASGFANVINATTGVTDLVQSLSSGVVQSKGIAALLMLVVGLLITMGIGSSFSTVPIITSIYVPLCLSFGFSPLATISIVGVAAALGDAGSPASDSTLGPTSGLNMDGKHDHIWDSVVPTFIHYNIPLLVFGWIAAMYL,length1,1350
-1,1357865,1356551,1314,MVLLYTPKQKTNNVQTITADILDLDYQGLGVAKINGKTWFIENALPHEKVECRILEDKRQYGHATAKKWRVKSSERLEPKCAHFMRCGGCQGQHIPIEMQRKAKQSALFKRLSKLQSEPISFQPMICGDAWAYRRRVRLSLWFNPNTKQIDMGFRQKNTNDLIPVQSCEVAEPAINYLLPKLTALLEKFSTPKQLGHIELVAADNGVAMLLRYTKNLAEIDRTLLLKFAEQEKLMLFLQSDKGIEQIYGDAPYYQFSDGIKLHFDIRDFIQVNSALNERMINTALDWLELSQQDCVLDLFCGMGNFTLPLAKRVKSAVGIEGVFEMVQKAAQNAARNQIKNIEFFQADLDQSFVEQPWANQSFNKILLDPPRSGAAFALNALCELKAEKILYVSCNPATLVRDAEILCDFGYKIEKSAVIDMFPHTGHLESITLFTTK,length1,1314
-1,1353191,1352855,336,MKKIEAMIKPFKLDDVRESLSDIGISGMTITEVRGFGRQKGHTELYRGAEYMVDFLPKVKLEVVVPDELVDQCIEAIVETAQTGKIGDGKIFVYHVERAIRIRTGEENEDAI,length1,336
-1,1347590,1347311,279,MNNTNLILENARDWHVVGLIVQGNPKKLSAIQTALLAIEHTEIPTFDEKLGKFVVVMQSNDQHLLLEKMESVKDIDGVINVSLVYHEQDEQNK,length1,279
-1,1343027,1342586,441,MTKQVSKILAGLFTALFAGSLMASDAPAVGKDLTQAAENIAPAFHNPPRQSELPALNYVNQPPMVPHSVANYQVTKNVNQCLNCHSPENSRLSGATRISPTHFMDRDGKVGSSSSPRRYFCLQCHVSQSNVDPIVPNDFKPMKGYGN,length1,441
-1,1326137,1325033,1104,MSAFQPTIKRRESTKIYVGNVPIGGDAPIAVQSMTNTRTTDVEATVAQIKSLERVGADIVRVSVPTMDAAEAFKQIKQQVNVPLVADIHFDYRIALKVAEYGVDCLRINPGNIGREDRVRAVVDCAQDKNIPIRIGVNAGSLEKDLQEKYGEPTPEALLESALRHVEILDRLNFDQFKVSVKASDVFLAVESYRLLAKAIKQPLHLGITEAGGARAGAVKSAVGLGMLLAEGIGDTLRISLAADPIEEIKVGFDILKSLRIRSRGINFIACPTCSRQEFDVIGTVNALEQRLEDIITPMDVSIIGCVVNGPGEALISDLGVTGGNKKSGYYLDGERQKERFDNEDIVNQLEAKIRAKVARQDPKNRII,length1,1104
-1,1324991,1323752,1239,MNDCAPTESPLWQWIEAQVRNVLNSYGYSEVRMPIVESTPLFARAIGEVTDVVSKEMYTFWDNDEQLTLRPEGTAGCVRAAIEHGWIYNNEQRLWYIGPMFRHERPQKGRYRQFHQVGVEVFGIANPEIDAELIMLTYRLWKALGIDQHVTLQLNSIGSLEARANYRSALVGFLENHQDLMSDEEKERLVRNPLRILDTKNPELQKVLDNAPKLLDYLDDESRAHFEQLCSLLDAVGIQYEINPKLVRGLDYYNKTVFEWVTSALGAQGTVCGGGRYDGLVEQLGGHATPSIGFAMGLERLVLLVQEVNPNVPTKSAVDIYVVYQGEGATLVAFELAEKVRSELPHLNTMLHCSGGNFKKQFKRADKSGATLALVIGESEVQNKQVVVKHLQGGTDQQTLDLVNIIDYLQTQF,length1,1239
-1,1307330,1305644,1686,MEKIWFQNYPEGSEKFLDTSKYESILDMFDKAAREHPDRPAYINMGQVLTFRKLEERSRAFAAYLQNEFKLQRGDRVALMMPNLLQYPIALFGILRAGLIAVNVNPLYTPRELELQLQDSGAVAIVVVSNFASTLEKVVFNTNVKHVILTRMGDQLSFGKRTLVNFVVKYVKKLVPKYKLPHAVTFREVLSIGKYRQYVRPEISREDLAFLQYTGGTTGVAKGAMLTHGNIITNVFQAKWIAEPFIGDHSRTRSAILALPLYHVFALTVNCLLFLELGVTAILITNPRDIEGFVKELKKYRFEAITGVNTLFNALLNNENFKEVDFSALKLSVGGGMAIQQSVATRWHELTGCNIIEGYGMTECSPLIAACPINVVKHNGTIGVPVPNTDIKIIKDDGSDAKIGEAGELWVKGDQVMRGYWQRPEATSEVLKDGWMATGDIVIMDESYSLRIVDRKKDMILVSGFNVYPNEIEDVVMLNYKVAEAVAIGVPHAVSGETIKIFVVKKDDSLTRDELRNHCRQYLTGYKIPKEIEFRDELPKTNVGKILRRVLRDEEIAKRSKH,length1,1686
-1,1295441,1294088,1353,MKKFNQSLLATAMLLAAGGANAAAFQLAEVSTSGLGRAYAGEAAIADNASVVATNPALMSLFKTAQFSTGGVYIDSRINMNGDVASSAIVSNQMKATHNGSASARNVVPGAFVPNLYFVAPVNDKFALGAGMNVNFGLKSEYDDSYDAGIFGGKTDLTAINLNLSGAYRVTEGLSLGLGVNAVYAKAQVERNAGTIADSIQDQTVKNAFSVLSEELKHLPQYLSSKDKSVVSLQDRAAWGFGWNAGVMYQFNEGNRIGLAYHSKVDIDFTDRTATSLGVGKKGDLTLTLPDYLELSGFHQLTDKLAVHYSYKYTHWSRLTRLYASSENGKKAFDKELQYSNNSRVALGASYNLYEKLTLRAGIAYDQAASRHHRSAAIPDTDRTWYSLGATYKFTPNLSVDLGYAYLKGKKVHFKEVNAIGDERTLTVNTTANYTSQAHANLYGLNLNYSF,length1,1353
-1,1293473,1292804,669,MIPQTLEQLLAQAQSIAGLTFGELADELHIPVPIDLKRDKGWVGMLLERALGATAGSKAEQDFSHLGVELKTLPINAEGYPLETTFVSLAPLVQNSGVKWENSHVRHKLSCVLWMPIEGSRHIPLRERHIGAPIFWKPTAEQERQLKQDWEELMDLIVLGKLDQITARIGEVMQLRPKGANSRSVTKGIGKNGEIIDTLPLGFYLRKEFTAQILNAFLDVKPL,length1,669
-1,1280612,1279817,795,MLMQSIYLSKIREQNPLIHNITNIVAANFSANGLLALGASPLMSANIEEMQEVPKISQVLVINIGTLIGKDREAMLQAGKTANEVGIPVVLDPVGVGATSYRRETIRQLLAEVKFALIRGNAGELAAIAGETWQAKGVDAGQGEVDLKAVAEKVAQRYGCTVLISGAVDIVSDGTQTATVHNGTSLFPKVTASGCLLSAVCAAFLAVSEGNYFSATLEACVAYTIAGECAAQGLTTQVGQFQIRLLDELAALSPETIGQRGRINE,length1,795
-1,1278377,1277036,1341,MCKPQQKHYGRQVMNTQNSLKQVATATMVGTAIEYFDNYIYAMAAVLVFNHQFFHAADPLSGQIAALSTLALTFIARPLGAILFGHFGDRFGRKNTFVMSLLLMGISTVVIGLLPTYDSIGIWATILLCLCRIGQGIGLGGEWGGAALVAVENAPEGKRGWYGTFPQLGAPLGLLLANGVFLGITAIFGQEAMTEWAWRIPFLSSVILVAIGLYVRLKLTEAPIFLAALNKPQPKRLPMLEVVTTYFKPFFLGMLVCIAGYVLFYIMIAFSQIYAKSAPTVSEAGYAMGLGFSPQIFTALLMASAVSLAITIAASGKYIDKIGRRIWLIWTTVGVAIFGLSLPLFLENGTTTSLFWFLFIGMGLIGMGYGPLASFLPELFPTHARYSGASLTYNIAGLFGASVAAIIALPLNAHYGLKGVGIYLTLNAVLSLIGLWFISETKDKLLS,length1,1341
-1,1276865,1275488,1377,MTTQFKPELLSPAGSLKNMRYAFAYGADAVYAGQPRYSLRVRNNEFNHANLKIGIDEAHSLGKKFYVVVNIAPHNSKLKTFIKDLQPVIDMKPDALIMSDPGLIMLVRENFPNIDIHLSVQANAVNWATVKFWKQMGLTRVILSRELSIDEIAEIRQQVPDIELEIFVHGALCMAYSGRCLLSGYINKRDPNQGTCTNACRWEYKMEEGTTDEVGNIVPKIDPAQQIEVKNVAPTLGDGTVTDKVFLYTESQKPDEQMTAFEDEHGTYFMNSKDLRAVQHVEKLTALGVHSLKIEGRTKSFYYCARTAQVYRKAIDDAAAGKPFDESLMDTLESLAHRGYTEGFLRRHTHDEYQNYEYGYSISDRQQFVGEFTGKRNEQGMAEVAVKNKFLLGDNVEMMTPQGNINFKIEKMLNRKNETVDAALGDGHFVFLNVPQDINLNYALLMRNLVNTNTRNPHC,length1,1377
-1,1274063,1273367,696,MSGFTFKQFHINQDSCAMKVGTDGILLGAWADVKHCKNILDMGSGTGLLTLMLAQRTEENCQIQAVELDPIAAKQAQENINNSVWKNRIQLTQADIQHFLQTTEQTFDLIVANPPYFEQGIACKNEERELARYTKQSHLNWLEWAATRLSENGKISFVLPYDAGKTLTKSTALFCIKQTNVITKIGKTPQRMLLTFAKQPEVLMQDQLVIYDADNQYTEAFIELTKDFYLKF,length1,696
-1,1269881,1268327,1554,MEFTMTNIQAFMKNFLGASPEWYKLAIVVFLIINPIVFFFISPFIAGWLLVAEFIFTLAMALKCYPLQPGGLLAIEAIIIGMTNAKHVKAEIMANFEVILLLIFMVAGIFFMKQLLLYVFTKLLVKIRSKIALSIAFCFSAAFLSAFLDALTVVAVIISVAMGFYGVYHKVASGNNLIDAVDISDDRKIIEQQHEILEKFRAFLRSLMMHAGVGTALGGVMTVVGEPQNLIIAEQAKWNFMEFFLRMAPVTIPVFICGLLTCFLVEKFKLFGYGEKLPDEVWKVLSDLDRTNSEKMSKQDKIKLGMQALIAIWLILGLAFHLAAVGLIGLSIIIFATSFTGVTDEHTIGKAFQESLPFTALLVVFFSVVAVIIDQKLFSPIIHFVLSAEENTQLALFYLFNGLLSSISDNVFVATVYINEAKAALTNGVIAPHQFELLSVAINTGTNLPSVATPNGQAAFLFLLTSSISPLIRLSYGRMVYMALPYTIVLSIIGLLAIEFILPAATIWLASLGLILPI,length1,1554
-1,1268315,1267784,531,MLALLKQFSEKRFVWFLLAFSSLALESTALYFQYGMGLQPCVLCVYERLAMIGLFVAGIIALLQPLAFILRLIALALGLFSSIKGLLISFRHLDLQMNPAPWKQCEFIPNFPETLPFHQWFPFIFNPTGSCNESQWSLFGLTMVQWLVVIFSLYVVILTLLLIAQVIKTRKQRRLFN,length1,531
-1,1248173,1247852,321,MVSGSDGGTTETFSPKPLAIALPNDSIACFASSPSATKRKRCPCVTPSATIFIKLFALTTSLSRVRFCMVILEVNFFTSLTKFALGRACKPCSLRIVKVPTTAPSTD,length1,321
-1,1226399,1225298,1101,MNDYNSHILQWKKTIMTITTLSRQNIQALTPYQSARKLGGNGTIWLNANEYPTSPEFQLSGKDLNRYPEPQPQRVVQAYANYAGVSTENVLVTRGGDEGIELIIHTFCEPKQDAILFCPPTYGMYAVSAETAGVLSKTVPLTDDFQLNLPEIKNHLNDVKVVFVCSPNNPTGNLLKQSDILDLLQITAGKAIVVVDEAYIEFCPEASVINLLKNYPHLAIIRTLSKAFALAGLRCGFVLANPELIDILSKVIAPYPIPVPSADLAEQALRPANIATVQALTQELLSNRQWLAKALLVLHQVEKVYESEANYLLIKCQNGQAVFKALWEQGIILRDQNKTLHLQNCIRITVGTRNECEKVVEAIKEVK,length1,1101
-1,1225184,1224098,1086,MQPTLFIDRDGTLIDEPKTDFQIDSLEKLKLEPKVIPALLRLKAKYRFVIVSNQDGLGTDAFPQTNFDKPHNVMMALFESQGITFDEVLICPHKPEENCLCRKPKIKLLDHYIRKNLFDIDRSFVIGDRETDVQLAENLGIRAIQYDPQKMNWDLIAEKLLGETVTNCGKRPPRFAEVIRQTKETDIKVQIWLDEAGVNEIKTGVGFFDHMLDQIATHGGFRMNVQCKGDLWIDEHHTVEDTALALGQALKQAIGDKRGIARFGFVLPMDECKAECALDLSGRPWIKFNACFKRDKVGDFSTELTEHFFQSLAFSMLATIHLNVTGNNDHHKIESLFKAFGRTLRQAIRIEGNEMPSSKGVL,length1,1086
-1,1222664,1221890,774,MLAKRIIPCLDVRDGQVVKGVQFRNHEIIGDIVPLAQRYAQEGADELVFYDITASSDGRTVDKSWVERIAQVIDIPFCVAGGIKTIEDAEKLFAFGADKISINSPALADPTLISRLADRFGVQAIVVGIDSWFEQETGKYWVNQYTGDETRTRQTHWQLLDWVKEVQQCGAGEIVLNMMNQDGLRNGYDLAQLKLVRGVCRVPLIASGGAGKMVHFRDAFIEAKVDGALAASVFHKQIIEIGELKSYLVQSAIEIRSE,length1,774
-1,1211339,1210739,600,MLDYEIFNPYEGLIFDMDGTLIDTMPVHAQAWTMVGKKFGYEFDFQIMYNFGGATVRTIAGEMMKAANMPLDRIEDVLAAKRELSYQLIPTQSKLLPTFEIVKSFHQKKPIALGSGSHRKIIDMLMDKLAIAPYFNAIVSADDVKEHKPHPETFLRCAELIQANPSRCIVFEDADLGVQAGLSAGMDVFDVRTREIISPR,length1,600
-1,1202972,1201532,1440,MSENLLLFSLLAVVIILILLLILRQQKYTHLHQELSKTTQDYNQLASKFDELSSIKNQFEQQTIKVQTENQGLQYRLTERDEQIHHLTQERQNLTEKLTALSQELTGLQTTLTEKEKYFSAQQQNFEQSKQQLGVEFQNLANRILDEKSRSFSQSNQTALETLLKPFREQIEGFQKRVNEIHSESVKGNAGLEAEIKKVLEIGLNMSQEASNLTSALKGEKKTLGNWGEVQLERALQLAGLEENVHYRAQAHFKDEQGGRNYPDFVLNLPDEKHLIIDSKMSLVAYESAVNSEDDFERERLLKEHISALKTHINDLHKKDYSNLIGMCSPNFVLMFIAVEPAYIEALKADPALFNYGYERNVIMVSHTTLMPILRTVANLWRIERGNAEAKEIAEKAGEIYNQICLVAERLNKLGNTLSTVSNQYNSTVTALVGQQGLVGKVERFKTLSAKANKTMPDVDLLNNQLDLARLNVLNQENLQ,length1,1440
-1,1200935,1199456,1479,METLLKISGVDKSFPGVKALNNACLSVYAGRVMALMGENGAGKSTLMKVLTGIYSKDAGTIEYLNRSVNFNGPKASQEAGISIIHQELNLVGNLTIAENIFLGREFKTSWGAINWQKMHQEADKLLVRLGVTHSSKQLCAELSIGEQQMVEIAKALSFESKVIIMDEPTDALTDTETEALFNVIRELKAENRGIVYISHRLKEIFQICDDVTVLRDGQFIGERVVAEITEDDLIEMMVGRRLDEQYPHLSQEKGECVLDVKNVSGSGIDDVSFKLHAGEIVGVSGLMGAGRTELGKLLYGALPKTAGKVRLKNQEIENLSPQDGLDNGIVYISEDRKGDGLVLGMSVKENMSLTSLDHFSQKGSIRHQAEKMTVDDFILMFNIKTPNRDQQVGLLSGGNQQKVAIARGLMTRPNVLILDEPTRGVDVGAKKEIYQLINEFKKEGLSILMISSDMPEVLGMSDRVLVMREGKISAEFSRKDATQEKLLAAAIGK,length1,1479
-1,1199441,1198472,969,MMKNETSNFQIGRFLIEQRSFIALIILIAIVSMINPDFFSVDNILNILRQTSVNAIIAVGMTFVILIAGIDLSVGSVLALTGAIAASMVSIELPIFLVIPVVLLIGTLLGGISGVIVAKGKVQAFIATLVTMTLLRGITMVYTDGRPITTGFSDNADLFASIGTGYVLGIPVPIWIMSIVFAVAWYILKHTPIGRYIYALGGNEAATQLSGINVNKIKVFVFAVSGFLSALAGLIVTSRLSSAQPTAGVSYELDAIAAVVIGGTSLMGGKGRVMGTLIGALIIGFLNNALNLLDISSYYQMIAKALVILVAVLADNYLGTKKL,length1,969
-1,1155968,1154324,1644,MAAKDVKFGNDARVKMLKGVNVLADAVKVTLGPKGRNVILDKSFGAPTITKDGVSVAREIELEDKFENMGAQMVKEVASKANDAAGDGTTTATVLAQAIVNEGLKAVAAGMNPMDLKRGIDKAVSAVVSELKNLSKPCETAKEIEQVGTISANSDSIVGQLISQAMEKVGKEGVITVEDGTGLEDELDVVEGMQFDRGYLSPYFINKPETATVELDNPYLLLVDKKISNIRELLPVLEGVAKAGKPLLIIAEDVEGEALATLVVNTMRGIVKVAAVKAPGFGDRRKAMLQDIAILTAGTVISEEIGMELEKATLEDLGQAKRVVINKDNTTIIDGIGDEAQIKGRVAQIRQQIEESTSDYDKEKLQERVAKLAGGVAVIKVGAATEVEMKEKKDRVDDALHATRAAVEEGIVAGGGVALVRAAAKVAASLKGDNEEQNVGIKLALRAMEAPLRQIVTNSGEEASVVASAVKNGEGNFGYNAGTEQYGDMIEMGILDPTKVTRSALQFAASVAGLMITTECMVTDLPKDDKADLGAAGMGGMGGMGGMM,length1,1644
-1,1140503,1140110,393,MAEKEVRLDKWLWAARFYKTRSIAKAMIESGKVHYNNQRAKVSKIVEVGAMLKLRQGNEEKEIKIIALSDQRRGAPEAQLLYQETESSVKKREEIEWARKNNSLSMPHPDRRPNKKERRDLLKFKHQDKFE,length1,393
-1,1137455,1136591,864,MKTSIYQLKWGTFNLIEGDFISQYAALYGEWSDVEVQFFLENLNSSSNVIEVGSNIGMHAVPIAKTISGGGGGGGKLFCFEPQRVIFQTLCANLSLNQLTNVHAYNLGVGENEQLIEIPSSNYDTAWNYGSFSLDKGFSTEGNFIGVESKELIHVISLDKHPEVNRLEDIDLLKIDAEGFELNVLNGAKNLIERHKPIIFVEAHIHHSNELISYLDKIGYKCYWFISERYQKNNYFKQEKSLGGMDFNLACFHKSKQSTLPEELRTTPNNLLTEIPIVSNRFDLPPKS,length1,864
-1,1130369,1130081,288,MVVVSNNLPVLSTTATLTPVRKPGSKPMVLFAPAGAAIKSAVRFRAKTSMASSSAFSRKLAINSVSKCNETLIFHVHAITCSRHLSAGSPVKRTSK,length1,288
-1,1129205,1128719,486,MAKSNYITRQGWLALDQELKFLWKEERPKVTQAVSDAAALGDRSENAEYIYGKRRLREIDRRMRFLTKRLEVLQIVDYNPKQEGKVFFGAWVELENEEGEIKQYRIVGCDEFAPAKNWISIDSPVARALIGKTLDDEVRVETPSGFITLYVNKIWYENNSEK,length1,486
-1,1127015,1126292,723,MSSMEGKKVPQVTFRTRQGDKWVDVTTSELFDNKTVIVFSLPGAFTPTCSSSHLPRYNELAPVFKKYGVDDILVVSVNDTFVMNAWKEDEKSENITFIPDGNGEFTEGMGMLVGKEDLGFGKRSWRYSMLVKNGVVEKMFIEPNEPGDPFKVSDADTMLKYLAPQHQVQESISIFTKPGCPFCAKAKQLLHDKGLSFEEIILGHDATIVSVRAVSGRATVPQVFIGGKHIGGSDDLEKYFA,length1,723
-1,1124399,1124021,378,MRYVIAVKSPIYGKQGAFLAYQFADALIKKGHEISQIFFFQDGVSNGNALVYPANDEVNLQKHWQMFSITHNVPLHLCVAASQRRGVVDNLTTPTTAHYNLAEGFIIAGLGEFIAASLNADRVITL,length1,378
-1,1105034,1103972,1062,MATQEEKQKALAAALGQIEKQFGKGSIMKLGDTKTLDVESISTGSLGLDVALGIGGLPMGRIVEIFGPESSGKTTLTLSVIAQAQKAGKTCAFIDAEHALDPIYAAKLGVDVKELFVSQPDNGEQALEICDALVRSGAIDVIIVDSVAALTPKAEIEGDMGDSHMGLQARLMSQALRKLTGQIKNANCLVVFINQIRMKIGVMFGNPETTTGGNALKFYSSVRLDIRRTGSVKDGENIIGNETRVKVVKNKLAAPFRQVDFQILYGEGISKAGELLELGVKHKLVEKSGAWYSYNGEKIGQGKANSMKWLNENIEKSDELEARLRAELVANPEQALMADIEQSENNTESESDFE,length1,1062
-1,1103813,1103435,378,MQEKNFSEEEIDEALSRCQAKNWQSDRRFSENYLNSRAQKGYGVGRIRQELLQLKGVSSDIVDEILMESEIDWYEMAENLLRKKFPNYNEQQTPKMKQKIWQYMLSHGFRSDEFTDLIGQNQSEWD,length1,378
-1,1103399,1102985,414,MPNAVIAKHPNKCIANTPNPFNHLSLKNNSTTSEEKEENVVSDPKKPVIKNNRHSALICGNCQKSPSNTPIIKQPSKLAINVPKEKEENTGLNNNPIVQRNDAPNIAPQLMNNNACINNLIQIEFANNKRLILLYLIQ,length1,414
-1,1097771,1094666,3105,MQSQPTNQPTNQPTNQPTNQPTNQPTNQPTNQNSNASEQLEQINVSGSTENTDTKTPPKIAETVKTAKTLEREQANNIKDIVKYETGVTVVEAGRFGQSGFAIRGVDENRVAITVDGVAQAETLSSQGFKDLFEGYGNFNNTRNGIEIETLSDAKITKGADSLMSGSGALGGSVIYKTKDARDLLLNKNYAFKYKTGFTSENDERLNSITFAGKASIFDVLAVGTWRNGHEIKNYDYKSADDILGKLREKTDPYNKKDRSLLLKIGTNLGENNRIAVAYDRRRVENKGLDKSYSLHGCTKYVCDDNEIDTRHTHDESIRTSKSIAFENTNINPLWDTLKLSYTDQSITQRARSDEHCDGERCPGVQNPIGLHYNNDNKLVDKNNNPVTYKLENRSVTYYSYIDESIFNRYSNFKEEVPVELAKEWKLKEYGGKYYIDSPRCFKNHGDANHEGMCRLRSDVKEEKETLVANNITYDLKKEYFINSRLTNSDNLLSCDGINCDKGTIQGFEADGTPKDLPIKIIPKEGKKFALIEKISDQNGYNIGPEKASRFLVPNSPGYNRNIWKKRDLDTRTQQINLDLTKHFELGKSQHDLSYGLVWSKTTKSMINKEGLKVNSGKWWIDYPKDCESSTSDLCTKNSTASFLIPVETKDGSLYFKDEFRVNDRLGLDIGYRYDKVKYKTNYQPGITPKIPDDMLVNLFIKEPFVKNTRSLNPNDPNEINRRKNAEANINYISQPKKFNASSYALSTKFDPLDWLQVQAKYSKGFRAPTADELYFTFKHPEFTVLPGSKLKPEIAKTKELSLTLHDDEIGFISGGYFITNYNNFIDLSYLGTKSFGSQATKHELYQSVNLDNAKVTGFELKTKFTLGKWISWLKNVDFGYQLTKQKGKASDNRPLNAIQPMTQVMSLAYTHPDNLFGANLYLTHVSQKEASDTYNIYSKDATAGDKEYVQNKHIKWRSKAYTVTDFTFFVKPMKNLTLRAGVYNLFDKKYMTWDSARSIRMFGTSNLINQETGAGINRFYAPGKNYRMSVQFEF,length1,3105
-1,1093592,1092890,702,MKNMLLLSSSKYKNTGYLEHTLPWLQNFLADYRGKTIAFVPYAGVSRTFDEYEKTVQNALSDLGMNIVSVNHGKQHRDIIEQADVISIGGGNTFCLLKQLYEHNLIDIIREKVNNGTPYFGWSAGANVAGASIMTTNDMPITYPPSFQALQLFPHQINPHFISGKMQGHNGESREERLAEFLLVNPTALVYALPEGSALHIQNEMATVLGENPILCFSENMECGTFDINTTFSY,length1,702
-1,1084898,1084526,372,MATINQLVRKPRVKKVVKSNVPALEACPQKRGVCTRVYTTTPKKPNSALRKVCRIRLTNGFEVTSYIGGEGHNLQEHSVVLIRGGRVKDLPGVRYHTVRGALDCAGVKDRKQGRSKYGVKRPKA,length1,372
-1,1083812,1081712,2100,MARTTPIERYRNIGISAHIDAGKTTTTERILFYTGVSHKIGEVHDGAATMDWMEQEQERGITITSAATTAFWSGMSQQFPQHRINVIDTPGHVDFTVEVERSMRVLDGAVMVYCAVGGVQPQSETVWRQANKYEVPRIAFVNKMDRTGANFLRVVEQLKTRLGANAIPLQLPVGAEENFTGVVDLIKMKAINWNEADQGMTFTYEEVPANMQADCEEWRQNLVEAAAEASEELMEKYLGGEDLTEEEIKSALRQRVLANEIILVTCGSAFKNKGVQAMLDAVVEYLPAPTDIPAIKGINPDETEGERHASDEEPFSSLAFKIATDPFVGNLTFFRVYSGVINSGDTVLNSVRQKRERFGRIVQMHANKREEIKEVRAGDIAAAIGLKDVTTGDTLCAIDAPIILERMEFPEPVISVAVEPKTKADQEKMGLALGRLAQEDPSFRVHTDEESGETIISGMGELHLDIIVDRMKREFKVEANIGKPQVSYRETIRTRVNDVEGKHAKQSGGRGQYGHVVIDLYPLDPEGPGYEFVNEIKGGVIPGEYIPAVDKGIQEQLKSGPLAGYPVVDLGVRLHFGSYHDVDSSELAFKLAASLAFKAAFSKANPVLLEPIMKVEVETPPEYVGDVIGDLSRRRAMVNGQEANEFVVKIDAEVPLSEMFGYATDLRSQTQGRASYSMEPLKYAEAPTSVAAAVIEARKK,length1,2100
-1,1080224,1079747,477,MLCPLKFHLRYFFHKKLRQTYRISHKSLEFICLIIGMACLTWFTKKYTPYVGGSGIPQVIASINLPHSSYKTKLVEFSQTIWKIPLTFLAMLIGVSVGRISYWFYSCRDSRKQPLFSTLSRGNIGFLSLSLACNLWGGLWHSRWHIWTIISKRYRRIIT,length1,477
-1,1077005,1076390,615,MKNYHDIVLALAGVCQSAKLVHQLATESRADSETFLTALNSLFITQPQRIEDVFGGEVRHLKLGLETLIHQLNAQGDQNLTRYWLSLLALEGKLSKNPDAKQTLGNRISRLKEQEIHYARDSETMLSIMANIYSDIISPLGKKIHILGSPDYLRQELVQNKIRAVLLAGIRSAVLWKQMGGTKWQILFFRRKLLATAKQIYSSIY,length1,615
-1,1053779,1053434,345,MAKPLCPKRPASTTVTPVSYLTMSLILFACSLSSVLAVFTVSAIFGGVFESLFSVEPDTLICSSCSERLLSWLVGWLVGWLVGWLVGWLVGWLVGWLVGWLVGWLVGWLVGWLVG,length1,345
-1,1052600,1050857,1743,MMIDKRLINTVADSKKWIGVTVLWNWVALVGGIISAVVFSYILQAAYFHELSLLSAVILGIVLIAALALRAFAGKKSVQASYFASTKVKHELRSLIYRKLASMPLNQVNQQSTSSIIQVASEGVEQLEIYFGRYLPQLFYSLLAPLTLFVFLIFFSFKTAVILLICVPLIPMSIIAVNKIAKKLLAKYWSIYVGLGSSFLDNLQGLITLKIYQDDAYKAKEMDKEAEHFRKITMKVLTMQLNSVSLMDLLAYGGAAIGILTALLQFQNAQLSVLGVILFILLSSEFFIPLRLLGSFFHVAMNGKAASDKIFTLLDTPVETQQSAVDFEAKNNVQVEIKDLHFSYSEEKPAITGLDLSILPNQLTVFVGKSGCGKSTLVSLLMGFNKAQQGEILFNGQNALNIDRTSFYQKVSLVSHSSYVFKGTLRENMTMAKIDATDEQIYACLEQVNLAHFVRENGGLDMQLLSRGANLSGGQIQRLALARALLHNAELYIFDEATSNIDVESEEIILQFIQQFKQQKTIVMISHRLANAVNADCINVLDQGKLIEQGTHETLMAKQGAYAEMFQQQKDLEQIREVANA,length1,1743
-1,1045355,1044923,432,MIALIQRVSQAKVNVKGETIGKIGKGLLVLLGVEKEDNREKADKLAEKVLNYRIFSDENDKMNLNVQQAQGELLIVSQFTLAADTQKGLRPSFSKGASPALANELYEYFIQKCAEKLPVSTGQFAADMQVSLTNDGPVTFWLNV,length1,432
-1,1026806,1026014,792,MDKSLKANCIGEFLGTALLIFFGVGCVAALKVAGASFGLWEISIMWGMGVALAVYATAGLSGAHLNPAVTIALWKFACFDGKKVIPYIISQMLGAFFAAALVYALYRNVFIDYETVHNIVRGTQESLSLAGTFSTYPHPSLSIGGAFAVEFVITAILMALIMALTDDGNGVPRGPLAPLLIGILIAVIGGAMGPLTGFAMNPARDFGPKFFAYLAGWGELALTGGREIPYFIVPMVAPVLGALAGAWLYKKAIGGNLPCNCGCE,length1,792
-1,1023644,1022822,822,MKTTLKMTALTALSALVLAGCGAHQMKSEEQANMQLQQQAVLGLNWMQDSGEYKALAYQAYNAAKVAFDHAKVAKGKKKAVVADLDETMLDNSPYAGWQVQNNKPFDGKDWTRWVDARQSRAVPGAVEFNNYVNSHKGKVFYVTNRKDSSEKAGTIDDMKRLGFNGVEESAFYLKKDKSAKAARFAEIEKQGYEIVLYVGDNLDDFGNTVYGKLNADRRAFVDQNQGKFGKTFIMLPNANYGGWEGGLAEGYFKKDTQGQIKARLDAVQAWDGK,length1,822
-1,1013879,1012862,1017,MLEQLPYLALKTPPKTTALLKAECADFIVKEHLGYEMSGDGEFVALYVRKTDCNTLFVGEKLAKFAGVSERNMGYAGLKDRRAVTEQWFCLQMPGMETPDFSQFELDGVEILTVTRHNRKIRTGSLEGNYFDILLRGAEESDELKVRLDFVANFGFPNYFTEQRFGREGHNLTQALRWAQGEIKVKDRKKRSFYLSAARSEIFNLVVAARIAKGATNQVLPNDIVQLAGSHSWFKADEKEDLTVLQVRLENQDILLTAPLIGEDILAASDIENEIVNQHSAFDSLMKQERMKAVRRPLLMKAKGFSWAFEPEGLRLKFYLPAGSYATALVRELVNYTEE,length1,1017
-1,1012850,1012103,747,MRILVSNDDGFHAEGIQVLAMELRKIAEVIIVAPDRNRSAASSSLTLVEPLRPRHLDNGDYCVNGTPADCVHLALNGFLSGQVDLVVSGINAGCNMGDDTIYSGTLAAALEGRHLGLPAIAVSLDGRQHYETAARVVCDLIPKLHHQLLNPREIININVPDLLFEELKGYKVCRLGYRASSAEVIKQKDPRDETIYWIGPSALPEDESEGTDFYAVKNGYVSITPIQADLTAYHSLLSLQNWLEQEFTK,length1,747
-1,1009700,1008284,1416,MENFKHLPEPFRIRVIEPVKRTTREYREQAMLKSGMNPFLLDSEDIFIDLLTDSGTGAVTQDMQAAMLRGDEAYSGSRSYYALAKAVKDIFGYEYTIPTHQGRGAEQIYIPVLIAKREREKGLDRSKMVVFSNYFFDTTQGHSQINGATVRNVYIKEAFDTTAKHPFKGNFDLEKLEKGIQEAGAHNVPYIVCTITCNSAGGQPVSIANLKGMYEIARKYDIPVIMDSARFAENAYFVQQREEAYKDWTIEQITYESYRYADGLAMSAKKDAMVPMGGILAFKDKSMEEVYHECRTLCVVQEGFPTYGGLEGGAMERLAVGLHDGMRQEWLAYRIAQIEYLVAGLEKIGVPCQQPGGHAAFVDAGKLLPHIPADQFPAQALSCELYKVAGIRAVEIGSFLLGRDPKTGKQLPCPAELLRLTIPRATYTQTHMDFIIEAFQKVKENAENIKGLTFTYEPKVLRHFTARLKEVE,length1,1416
-1,999800,999506,294,MALTNSSISFRTVEKTKLEAYQVIEQYGLTPSQVFNMFLAQIAKTRSIPVDLNYLRPNKETLAAIDELDSGNAESFFIEASENYSAEEFTKRILNGGQ,length1,294
-1,995492,994196,1296,MSLNIETTQGLERRVAITVPTEIVSKAVREEFKRAAKNVRVDGFRKGHVPAHIIEQRFGASIRQDVLNDLLPRHFFDAVIAEKINIAGRPTFAIETFEEGKDLVFTATFEVYPEVKLQGLENIKVEKPTVEITEADIDKMIDVLRKQQATWAESQDVVKADDRVTIDFVGSVDGEEFEGGKATDFVLFMGQGRMIPGFEEGIVGHKAGEQFDIDVTFPAEYHAENLKGKAAKFAITLKKIENMVLPELTDEFVAKFGPNTKSVADLRAEIRKNMERELKNALVSRVKQQVINGLIEQNPIDVPASAVEEEINVLRNQAAQRFGGNAQQTAQLPRELFEAEATRRVQVGLLFSEVIKSNELKADEERAKAMIADIASAYEQPAEVVEYYSKNEELMNNIRNVVLEEQAVDAVLAKAQVTEKVSSFDEIMNPQA,length1,1296
-1,991682,991127,555,MTEETTVSKKRWYVLQAFSGFESRVALTLREYIKQQQMEDQFGEVLVPTEEVVENVAGKRRKSERKFFPGYVLVEMEMNDETWHLVKSVPRVMGFIGGTPDKPAPISKREADTILNRLEQNTDKPRHRNEYHPGEEVRVTEGPFADFNGTVEEVDYEKGRLKVSVSIFGRATPVELEFGQVEKIH,length1,555
-1,990974,990224,750,MKTKVILTALLSAIALTGCANHNATKQASERNDSLEDFNRTMWKFNYNVIDRYVLEPAAKGWNNYVPKPISSGLAGIANNLDEPVSFINRLIEGEPKKAFVHFNRFWINTVFGLGGFIDFASASKELRIDNQRGFGETLGSYGVDAGTYIVLPIYNATTPRQLTGAVVDAAYMYPFWQWVGGPWALVKYGVQAVDARAKNLNNAELLRQAQDPYITFREAYYQNLQFKVNDGKLVESKESLPDDILKEID,length1,750
-1,987695,986276,1419,MCFSGTMLVPAFVALIYGDGGGKAFMQAFMLSLTAGTLLWWPCHHHKQELRSRDGFLIVVAFWLVLGSLATLPLLLFDSPHLTIASAVFEAFSGLTTTGATVMTGLDNLPKSILFYRQFLQWLGGMGIIVLAVAIIPLLGIGGTQLYRAESSGPLKDQKSLPKISEVAKALWIIYASLTVLCAIAYWLSGMNLFDAIGHSFSTISNGGFSTHDASIGYFNQASIYWVTTIFMLIGGVNFSLHISAFLALGKRNIWRNYWKDPEFRFFLTMQIIFIGIVSLSLYGYGLVSDINEAVTKGALQLTSMSMTAGYTIFDIDNLPPFIGLLLVISAVIGGCGGSTTGGLKAIRTLILWKQIDRELHSLIHPNLVQPIRIGKNRLAPRMIESIWAFFIIFILVYWGCVFAVILCGMNTFDAMGAVFATLTNAGPGLGFIHESFIGVPESAKLVFSFAMICGRLEMFSLIVLFIPSYWKK,length1,1419
-1,979592,979175,417,MEESLELEKLPRIITDVLKIVLCTALIALAIVLIIALVKITYTLSMMVLNTSSVVPYDVAEQAVMFFLYFGFIGLIVQYFKSGYHFPLRYFIYAGITAMLRLIIVNHESSVDTILFAGAILIMVIALCLVLYSNKLKNI,length1,417
-1,975974,973766,2208,MGSFGSISQTSSSDLDTWICVRDGLSPDEYTLLTQKAKRISEWAMQFNVEINFYLMDQQRFRNEHYADPLTIENSGSAQYMLLLDEFYRSAVRLAGKPLLWLHLWVENEKDYEKQVARLITEGEIDPNDWVDFGGLGQFSANEYFGASLWHLYKGIDSPYKSVLKILLLEAYSKEYPNTCLIARTFKRDLLSGNTNPDHHFDPYIAILAKVTQYLTALSEFKRLDFVHRCFYVKATEDFARYQANNWRIRYMEILAQEWGWSAETVKHLNKRPFWKIKAVKENHDNIMKFLMLSYRNLVEFARKHHIHSSVVPQDINILSRKLYTAFEELPGKVSLLNTQISHNLSEAHLTFVEVRGNKHFKDGWYLINQPIHHIMFSKERVIEYGESLNKLVSWAYFNHLLTEKTELSIFSKNVTLSTLQRFVTNLRQSFPSTIAKQPKNSDLLNQCEIRSLFIAINLTTDPTSKVEEVLTGISSRDLFSFGSLEQSLVGSIDFTYRNVWNEIRTLHFEGQNAILLALKVLSNKIYRGVNRPDSIQVYCYSERYRQDLRQLVMGLVNRCVSIQVGDIQQPCQTSRLRVAGKNWQLFFEDRGISLQEIGNESVCNDAESAVDFDEVLQTPIEDGETNQESRRYPPEMDAFASEGFLQFFFEDNSDHSFNVYILDESNHLEIYRHCDGEKDEKVREINQLYQNAKQEGDKNPYNIVQHNFNYPQFYQLQNGKNGISIVPFKFRQMNK,length1,2208
-1,967775,967499,276,MVGNIKDIKPEVKIRQYRPHTPSIKITPRILKKPPIAKSISINSAFKYFINAVLIKRLLIKIAIAMMLKFCPSALVKPKRSAYCTINVQHII,length1,276
-1,958352,957695,657,MALIEYNPPLEPYLDIIYQDNHLCVVNKPSGLLSVPGNQPQYYDSAMSRVKEKFGFCEPAHRLDMATSGIIVFALSKAADRELKRQFREREPKKHYQAIVWGHLEKDYGEVNLPMICDWENRPRQRLDFVLGKRAVTKFEVLARLPNNSTRVKLTPVTGRSHQLRLHMLALGHPILGDKFYSHPQAKAMSPRLCLHAEELTITHPITGETMTFNAKSDF,length1,657
-1,953237,952685,552,MNKAIFLDRDGTLNIDYGYVHEIDNFKFIDGAIDALRELKKMGYMLVLVTNQSGIARGYFSEDQFLQLTEWMDWSLAEQDVDLDGIYYCPHHSEGKGEYKEDCDCRKPKSGMLLQAIKELKIDPTQSIMVGDKVEDLKAGIGAKVKMNVLVRTGKPVTGEGEGIADYVLDSIVDLPRILKRLKK,length1,552
-1,944513,944192,321,MPKVPVRFLDDELDRIDRHLLKLLQCGLLNYSLMTYLLHRHQQNIEQYNPLQQLKVPVVCLRNQTFRKQALQHHKWLFLFLKCGQFRRCSCKPHTMLVGSYRSFLYR,length1,321
-1,934274,933563,711,MKHSYFISDLHLSETQPELTALFVDFMQNLAPQAERLYILGDLFDFWIGDDEQSALIQQVKDLIKSVSNQGVQCYFQHGNRDFLIGERFAKDTGVQLLPDYQLITLYDKKILLCHGDTLCIDDEAYQQFRRRVHQKWLQRLFLCLPLKVRVIIAEKIRAKSNQDKQAKSQEIMDVNQAFTAEKVQEFDVNLLIHGHTHREAIHQQEEFTRIVLGDWRKNYASILKMDESGEFGFIKD,length1,711
-1,928973,927434,1539,MKNLLTNPQPSQSDYINAIVKLGSRVYEAAQVTPLQKMGKLSERLHNNIWIKREDRQPVNSFKLRGAYAMISSLSEEQKAAGVIAASAGNHAQGVALSAKQLGLKALIVMPQNTPSIKVDAVRGFGGEVLLHGANFDEAKAKAIELSKEKNMTFIPPFDHPLVIAGQGTLAMEMLQQVADLDYVFVQVGGGGLAAGVAILLKQFMPEIKIIGVESKDSACLKAALDKGEPTDLTHVGLFADGVAVKRIGDETFRLCQQYLDDMVLVDSDEVCAAMKDLFENVRAVAEPSGALGLAGLKKYAKQNHIEGKNMAAILSGANLNFHTLRYVSERCEIGENREALLAVTMPEQPGSFLKFAYVLGNRAVTEFSYRYADDKRACVFVGVRTTNEQEKADIIADLTKNGFDVEDMSDDDIAKTHVRYLMGGRASNDNERLYTFEFPEQKGALLKFLETLQNRWNISLFHYRAHGADYGNILAGFQIEEREQAEFEQALAQLNYVFEDVTESKSYRYFLR,length1,1539
-1,907736,907424,312,MFITPIFIINLEKSTDRKAYMQAQFEQLFSNNLIQEIHFFDAIYGKSNPNHPLFQRYNENKRLNAKGYPLTLGQLGCYASHYSMWEKCVELDYPIICGVVTIFA,length1,312
-1,897365,896939,426,MVESLEDVAELLPETVQQMVDLVGFAAVEKIITNFGGATFRFTDGVHYFPKLKALIGLESAVKLREVFRGEWLYIPRCQTALRVLRNYRFKADYDYLTQHLNKSGRMAMLELCPKYQLSDRSGWEILAQVRHPEEPHNLALF,length1,426
-1,895001,894500,501,MAHDEKTKADVRRYYVFDCLTLEIAAEKAGVSYNTARRWKREAEAKGDNWDKVRDANTMASGKVEDVARGMLTSFVLYFENTMNEIKRAEALPVSEKAKLIQGLGDSYSKMVASSKRLLPEVSEMATAIKTITMFGDYIQANKPELINEFADLLEGFGKALDKEFKA,length1,501
-1,892652,891032,1620,MGFLDKVKNLLKGNETELTQTDEAEVTASGRVLDDHPSAKITPSKLKQILEDAENGDIQAQHQLFMDIEEQDSSIAANMMTRKRSVLTLDWRIVEPRNATPAEEKLQAEIDELFYQYPNLEDLFIDLMDAVGHGFSALEIQWAQVDGKWVPKGFKPCPQSWFKLDKEDSLLLRTPANQMGEPLRPFGWVVHRHKSRSTQLARDGLYRTLAWLYMYKHYSVRDFAEFLELYGMPIRIGKYGAGATNAEKRTLLRALAEIGHNAAGIMPESMQIELHNVANAGAASGNNPFLQMVDWCEKSIARLILGQTLTSGADGKSSTNALGNVHNEVRRDLMISDAKQIAQTITQQIILPYLQINVDPNIAPHRIPYFEFDTKEYEDLSVFAEAIPKLTGIGVQISESWVRDKLGIPEPQEGELILSTPQGEKTDEKTTALSAVFNHGKDCTCGCRAAVLSAQNGKKDEQDELDGLIDDALANADFNQQLDPMMKQIVGVIMASESYDEAQEKLIALYPDLTSESHQAYLASAVFLADLLGAANAERT,length1,1620
-1,888911,887876,1035,MKLTVAACSFEINKAKYGRIQLLPYGKFRAADGRPTDVEAWYVTDTNGADVVALANNQRNPLPIDYEHQIIHSLKNGKEAPSAGWMEYFYFTPQGIFADVRWTDKAADYIKNGEYRYISAVFAYDTEGYVRKIFHAALTNTPALDGMEEAMVAASVNLLQEDNPMDKKLLAALCTLFVLKADASEADITEKVTALSAAKGDSSVDVLDVYAKLAEKERSVAALSTQVGNPDPAKFVPVDQVAALQADFNALKTSVEADKKAALITAALSQGKLAPALKDWAQSLSVEALSAYLEKAPAMAALSGEPQAKGDPEQKVVALSAAESAAAKALGLSEKDYMATYKEQK,length1,1035
-1,886031,885497,534,MCLVTFGGARIERMGTNLKRHQSTANFVIIVAVNSLRSNIAARQGGADKREVGVNQLITAVRRLLDAQTLGQLVKPLKPTRVRTLFNNATFKGGAITAYAIEYDAVYEDLSPLEDGRYPEMTQDSKNPDYLFTHYHGELSPPDPMLERIGNNIYDPISGAKVPFEVETQNESESSNRH,length1,534
-1,876068,875474,594,MMQTDHKKVLAKLYPPVSYDVNGERFLAQCEVDGNAFDRLQKSAVDLLQIIEPATSNTMLSDWERLCGIKTDYTNNYQARVKRVIAKLNAIGGLSIPYFKRIAESIGYRIEIKEFSSLANDLPTTGDLAQFRNEARDNLIFMWRVSVLNGDDNIVYFRAGSSFAGNHLVEFGDPIIEEFLRDLKPAHTYCYFAYQTGS,length1,594
-1,875468,873443,2025,MKSLMPQIDSNDGLFHNGNPATGEQGTRVTDTWLNDVQDRVRDLQAEAHYVLQKAEFTPKAETQTQLYQAIVKIIDDNRKTASLTQKGEVQLSSSTNSNSETKAATSKAVKTAYDKAVEAKTTADEKVGLNGNESINGEKTFENRIVAKRNIRISDNPHYASYGDHLNIGANNGDCWFEYKSSNREIGTLRMHANGDFTYKRNKIYHEGAKPQFNTDIEDKPDTLAGYGIGNFKVEQGQGDANGYKTDGNYYLASGQNLPENGEWHIEVVSGGATNAVRQIARKANDNKIKTRFFNGSNWSEWKDAGGDGVPIGAVVSFPRAVTNPVGFLRADGSTFSQQTFPDLYRTLGNHNQLPDLTHSDVGMTAYFAVDNIPAGWIAFDEIATQVTEQRYPELYRHLVGKYGSIERVPKVADRFLRNAGNSLSVGQTQEDELKRHVHRVPIDYDSWFDHSSQRRNNSYFDYTTFAQSSDLWSTLGYDNADGDNGFVSPKDTSQMATGGDETRPKSLILKLCIKALNSFDDVVFWIKSHGEVTNAGALDAGRLAQGLQDKAARNHTHAVSQITDFNQSVREIVTQSITQGFSQNLAETGWCKLPNGMILQWGKFNKGHGFVSNEQRLVTFPITFPNKVLFVGLTEFTNVWSYSTTVENRQRMTNSGFYVISQRNDSMYFALGF,length1,2025
-1,873428,872804,624,MYYYDKKTNGFLVQGVNLIPEGVINITDEYYQQLLRGQSQGKQIIVDKAGNPILIDQQPSAAHQLNLDTLTWEISAEKQTALLAETQTRLVANIDEHAAKIYSTWTRFESEYRERQAAAEAFKAANYGGECSRYISDFAQRARLDNKTATNLILTQAAGLEKLQVELANQRMRKYELKAPNLTLEQLQSIHDDIIKQMDNLMEEYQNG,length1,624
-1,866534,865400,1134,MLAKSSINAPFAKSVLAWYDKFGRKHLPWQQNKTLYGVWLSEVMLQQTQVATVIPYFERFIKTFPNITALANVSQDEVLHLWTGLGYYARARNLHKAAQKVRDEFNGNFPTNFEQVWALSGVGRSTAGAILSSVLNQPYPILDGNVKRVLARYFAIEGWSGEKKVENRLWALTEQVTPTMRVADFNQAMMDIGAMVCTRTKPKCDLCPLNIDCLAYKNANWEKFPAKKPKKAMPEKTTYFLILSKNGKVCLEQRENSGLWGGLFCFPQFEDKSSLLHFLAQEKVTHYQEWPSFRHTFSHFHLDIHPIYAEMESTLCVEQANLDWRKVMESTKEYQSNLSSAVKYWYDPQNPEPIGLAQPVKNLLIQFVRNHYGKNSIL,length1,1134
-1,865133,864062,1071,MKKYLLLALLPFLYACSNSSNQGINYDEAFAKDTQGLDILTGQFSHNIDRIWGVNELLVASRKDYVKYTDSFYTRSHVSFDEGNIVIETQQDLNRLHNAIVHTLLMGADAKGIDLFASGDVPISSRPFLLGQVVDHQGQQIANQVIASNFATYLIQNKLQTRRLQNGHTVQFVSVPMIANHVEVRARKYLPLIRKAAQRYGIDESLILGIMQTESSFNPYAISYANAIGLMQVVPHTAGRDVFAMKGKGGQPSTRYLYDPANNIDAGVSYLWILQNQYLDGITNPTSKRFAMISAYNSGAGAVLRVFDNDKDTAIYKINQMYPEQVYRILTTVHPSSQARNYLLKVDKAQKKFRVRR,length1,1071
-1,861278,860633,645,MNQSILSPFGNTAEERVLNAINAFKNGTGVLVLDDEDRENEGDLIFPAETITPEQMAKLIRYGSGIVCLCITDERCQQLDLPPMVEHNNSVNKTAFTVTIEAAKGVSTGVSAADRVTTIQTAIADNAVPTDLHRPGHVFPLRAANGGVLTRRGHTEASVDLARLAGFKEASVICEITNDDGTMARTPEIVEFAKKFGYSVLTIEDLVEYRLAHNI,length1,645
-1,848492,847673,819,MAIVKCKPTSAGRRHVVKIVNPELHKGKPYAPLLDTKSKTGGRNNYGRITTRHIGGGHKQHYRLIDFKRNKLDIPAVVERLEYDPNRSANIALVLYKDGERRYILAPKGLSVGDQIQAGINSPIKVGNSLPMRNIPVGSTVHNVELKPGKGGQIARSAGAYVQIIAREGNYVTLRLRSGEMRKVLAECVATIGEVGNSEHMLRVLGKAGANRWRGIRPTVRGTAMNPVDHPHGGGEGRNFGKHPVTPWGVQTKGKKTRHNKRTDKYIVRRRGK,length1,819
-1,847358,847028,330,METIAKHRYARTSAQKARLVADLIRGKKVAQALEILTFTNKKAAALVKKVLESAIANAEHNDGADIDDLKVAKIFVDEGPSMKRVMPRAKGRADRILKRTSHITVVVSDR,length1,330
-1,846287,845879,408,MLQPKRTKFRKVHKGRNRGIASGTEVSFGTYGLKAVGRCRLTARQIEAARRAMSRAVKRQGKIWIRVFPDKPITEKPLEVRMGKGKGNVEYWVALIQPGKVLYEMDGVSEEVARNAFALAAAKLPVKTTFVTKTVM,length1,408
-1,845039,844418,621,MKYILIHDLPYQEEEIGITEFYDENDLDTEADIYDRETFRILLGEYVTGLYLLDDTFIEPVLDNINIPNNVYSTNIFAIHHVAKHILGIKDLDKRLKSGDIELVRELGEVTIGGKEKYFYSFATKYCSHHNPIAFPIYDSYVEQDLLYFNKVDKFSAFKRKDLKNYRKFKEILIDFQRFYKLERFNLKELDLYLWLLGKEIFPKSEN,length1,621
-1,842873,842570,303,MAKQSMKARDVKRVKLAEKFYAKRVELKKIISDVNASDEDRWDAVLKLQTLPRDSSPSRQRNRCRQTGRPHGVLRKFGLSRIKVREAAMRGEIPGLKKASW,length1,303
-1,842531,842141,390,MSMQDPIADMLTRIRNGQAANKVAINMPSSKLKVAIANVLAAEGYIESVKVLEGAKPELEITLKYFQGKPVVESIQRVSRPGLRIYKRKDELPKVMGGLGVAVISTSKGVMTDRAARQAGLGGEIICYVA,length1,390
-1,842123,841592,531,MSRVAKAPVNIPAGVEVKLDGQLLTVKGKNGELSRKIHESVEVKQDNGQFTFTPREGFVEANAQSGTARALVNAMVIGVTEGFTKKLVLVGVGYRAQLKGNAIALSLGYSHPVEHTLPVGITAECPSQTEIVLKGADKQLIGQVAADIRAYRRPEPYKGKGVRYADEVVRIKEAKKK,length1,531
-1,841208,840710,498,MSNIEKQVGELQEKLIAVNRVSKTVKGGRIMSFTALTVVGDGNGRVGFGYGKAREVPAAIQKAMEKARRNMINVALNEGTLQHPVKGVHTGSRVFMQPASEGTGIIAGGAMRAVLEVAGVRNVLSKAYGSTNPINVVRATIDALANMKSPEMVAAKRGKTVDEILG,length1,498
-1,840518,840086,432,MRLNTLSPAEGAKHSAKRLGRGIGSGLGKTGGRGHKGQKSRTGSGVRRGFEGGQMPLYRRLPKFGFTSMKSAVTAEVRLNELTKVEGNVVTLETLKAANILTKDIQFAKVILAGEVKSAVTVRGLRVTKGAKAAIEAAGGSIEE,length1,432
-1,838097,837710,387,MAKTPVRARKRVKKQVVDGVAHIHASFNNTIVTITDRQGNALAWATAGGSGFRGSRKSTPFAAQVAAERCAEIVKEFGLKNLEVMVKGPGPGRESTIRALNAAGFRITNITDVTPIPHNGCRPPKKRRV,length1,387
-1,837680,837062,618,MARYLGPKLKLSRREGTDLFLKSGVRAIDSKCKIDTAPGQHGARKPRLSDYGSQLREKQKVRRIYGILERQFRNYYKEANRLKGNTGENLLVLLEGRLDNVVYRMGFAATRAEARQLVSHKAIVVNGRVVNIPSFQVSVNDVVAIREKSKKQARIKASLELAEQREKPTWLEVDSAKMEGVFKRVPERSDLSADINEHLIVELYSK,length1,618
-1,833939,833141,798,MAFSTIFILLICGICTNMVSAIFGIGGGVLMVPILRTLFPALPIQVISATSLTIVMCTALINLLFFHKQKIKIDYINMILWSIAMVIGVQIGFELSFYFSTAIISLIFTVSLSALAIKTFLNRSRIQIEVFNMSPIERAKGSISFCGGGLIAGIGGGSILAPLVGQLKGVKTQQIAVYTNYMMIIGGIGNLYGYLTRAFPYDISLSGQLGYVNFLVVGVVTLGSFGMSFFSMKLRGLMNPVLTRKLLAIILFCIAAYMCILEFVFH,length1,798
-1,814508,812990,1518,MTAQTQCQDSQVLLTMTNVCKSFPGVKALDNANLTVRSHSVHALMGENGAGKSTLLKCLFGIYAKDEGEILFLGEPVNFKTSKEALENGISMVHQELNLVRQTSVMDNLWLGRYPLKGPFVDHAKMYRDTKAIFDELDIDVDPKEKVAKLSVSQMQMIEIAKAFSYNAKIVIMDEPTSSLSEKEVEHLFKIIDKLKQRGCGIIYISHKMDEIFKICDEITILRDGKWINTVNVKESTMEQIVGMMVGRELTQRFPEKTNVPKEVILQVENLTAKNQPSIQDVSFELRKGEILGIAGLVGAKRTDIVEAIFGVRELIEGTIKLHGKTVKNHTALEAINNGFALVTEERRSTGIYSNLSIEFNSLISNMKSYLTPWKLLSTKKMKSDTQWVIDSMNVKTPSHRTTIGSLSGGNQQKVIIGRWLLTQPEILMLDEPTRGIDIGAKFEIYQLIQELAKKDKGIIMISSEMPELLGVTDRILVMSNGKLAGIVESAKTSQEEILQLAAKYL,length1,1518
-1,810518,810056,462,MSANFTDKNGRQSKGVLLLRTLAMPSDTNANGDIFGGWIMSQMDMGGAILAKEIAHGRVVTVAVESMNFIKPISVGDVVCCYGECLKVGRSSIKIKVEVWVKKVASEPIGERYCVTDAVFTFVAVDNNGRSRTIPRENNQELEKALALISEQPL,length1,462
-1,807458,806876,582,MVQQKIANLLQGDFRYQIQYNWVSLENISPNIQLAVISSEDQRFFEHLGFDFEAIQRAIRYNEKSNKGIRGASTISQQTAKNLMLWHGQNWLRKGLEVPATMLLELTWSKKRILEVYLNIAEFGNGIFGVEAASRYYFKKSAKNLSQNEAALLAAVLPNPIIYKVNKPSLLVRKKQTWILRQMGNLGTEYLSDL,length1,582
-1,797447,796457,990,MKSHVRSFKTYIRDEIIKKGGWVNAHAHADRAFTMTPEKIGIYHSSNLQQKWDLVDEVKRTSSVDDYYARFCQSIELMISQGVTAFGTFVDIDPICEDRAIIAAHKAREVYKHDIILKFANQTLKGVIEPTARKWFDIGAEMVDMIGGLPYRDELDYGRGLEAMDILLDKAKSLGIMCHVHVDQFNNPSEKETEQLCDKTIEHGMEGRVVGIHGISIGSHSKEYRYKLYEKMRKAKMMMIACPMAWIDSNRKEDLMPFHNALTPADEMIPEGITVALGTDNICDYMVPLCEGDLWQELSLLAAGCRFPHLDEMVNIASINGRKVLGLELI,length1,990
-1,794717,794384,333,MAASFSVTRRFFDDKNYPRGFSRHGDYTIKESQVLEQYGQAFKALDLGEREPATKEEKDFVAFCRGERAAETFFEKTWNKYRTRINTKKRVYTLSSDVSEAASGGEDYSGE,length1,333
-1,792398,791966,432,MLRESAVVISYENGIAKVKCQSQSACGQCAAKNSCGTSSLSELNGKRGEHIFNVETLMPLREGQIVEIGLEEKSMLLSALLMYVVPLLTLLIVTMLSDYISDNEILRAILIFGLTALSFIFVKSYSRKLGQQTEFQPVLLRILS,length1,432
-1,791030,789641,1389,MTTESNAYRGLAWVAAMALFMQSLDATILNTALPAISSDLHKPAFEMQMAIIAYSLAVALFIPLTAWAAAKFGTLTVFRGAVFTFILGSVACAAASNLESLILARVIQGIGGAFMMPVARLAIIQAVPKQQLVNAWNLMATAGLIGPILGPILGGWLVIHASWHWIFLINIPIGVLGILASGSVMNNIKGKAEKLDWTGFLLFALGLVGITLGLDLLGESQHNSSVTYSILVVGILLLVTYCGYAKNNENAILPLSLFRTRTFRLGIIANIFIRLSASGVPFLLPLMFQLSFGYSAEMSGWLLAPIALISVMLKILIGRILNRWGYKTTLISSALLMAGSVISMAWLDKQSSLTWIICNLMWYGACMSIIFTSINTLAVGDLSKQQSGTGSTVLSIVQQVGIGFGIAVSSIILNLYRHFFNASDCLQQAFSYTFLTSSLFVIALVWSLMKLHKNDGDHLRKMP,length1,1389
-1,787673,786914,759,MDFNRIITHMNDHHQDDMAALCKKFGGEKEITDVTLVNVDFAGLDFKYNGGKTLRVEFPQQADAGSIKQAIINLCVENKPVANYDRIKAKIDEFRQEFKSCVLSTLDKDGLPMASYAPIIFFDGKYYIYISAIAEHYENLKRNPNQVEVMFLEDENKAKSIIVRTRLRYKASARFIPREDPIVEKVLDKLAETMNDVGGIKTIREFTDFDLVELTFGTGRFVRGFGQAYLIDANGEISHIGVKGNPHEKESDK,length1,759
-1,782156,779588,2568,MNIEKFTTKFQEALSEAQSLAIGKDNQFIEPVHLLTALLNQQGGSIAPILTASGVNVALLRNELKTELNKLPQVIGNGGDVQLSRQLINLLNLCDKFAQQNQDKFISSELFLLAALEERGTISDILKKCGAKKEQISQAIQHIRGGQNVNDQNAEESRQALEKYTIDLTARAESGKLDPVIGRDEEIRRAIQVLQRRTKNNPVLIGEPGVGKTAIVEGLAQRIVNGEVPEGLKNKRVLSLDMGALIAGAKYRGEFEERLKAVLNELSKEEGRVILFIDEIHTMVGAGKTDGAMDAGNLLKPSLARGELHCVGATTLDEYRQYIEKDAALERRFQKVFVDEPSVEDTIAILRGLKERYEIHHHVDITDPAIVAAATLSHRYISDRQLPDKAIDLIDEAASSIRMEIDSKPEPLDRLERRIIQLKLEQQALQKEEDEASRKRLEMLEKELAEKEREYAELEEVWKSEKATLSGSQHIKQELDTAKTELEQARRAGDLAKMSELQYGRIPALEKQLEQAETSEGKEMTLLRYRVTDEEIAEVLSKATGIPVSKMMEGEKEKLLRMEDELHKRVIGQEEAVDAVANAIRRSRAGLSDPNRPIGSFLFLGPTGVGKTELCKTLAKFLFDSEDAMVRIDMSEFMEKHSVSRLVGAPPGYVGYEEGGYLTEAVRRRPYSVILLDEVEKAHADVFNILLQVLDDGRLTDGQGRTVDFRNTVVIMTSNLGSDLIQGNKDESYSEMKALVMSVVSQHFRPEFINRIDETVVFHPLGKENIRAIASIQLERLAKRMETRGYELVFTDALLDFIGEVGYDPIYGARPLKRAIQQEIENSLAQQILSGALLPGKVVTIDYANAEVQARQ,length1,2568
-1,777239,776918,321,MVTSGKLRKSTRPFFASSGTSSVNFFTYFSTALGNLWGISWLRKAISTSIPFAILSPRISVITPIGWLKLAERSCNSTTTTCPMRAPLRCSLGTRISLPILLSSGTT,length1,321
-1,771491,770081,1410,MSNAIASVFKLIEENDIRFVLLRFTDIKGKEHGVSIPVSLVDEDMFEDGKMFDGSSVEGWKTINKADMLLMPIAETAVVDPFAQIPTLSIRCSVYEPTTMQSYDRDPRSIAIRAENYMRSTGIADQAFFGPEPEFFLFDDVRFNVSMNKASFSIDDIEAAWNTNKKYEEGNNAYRPLKKGGYCAVAPIDSAHDIRSEMCLILEEMGLVIEAHHHEVATAGQNEIATKFNTLTLKADETQIYKYVVQNVALEHGKTACFMPKPITGDNGSGMHCNMSLSKDGKNIFQGDKYAGLSETALYYIGGIIKHAKALNAFTNPSTNSYKRLVPGYEAPVLLAYSASNRSASIRIPAVTNPKAIRVEARFPDPLANPYLAFAALLMAGLDGVVNKIHPGDAMDKNLYDLPPEELKDIPAVASSLEEALNSLEKDYEFLTQGGVFAKDFIDAFISIKRKEVERLNMAPHPVEFEMYYA,length1,1410
-1,768872,767570,1302,MQITLSNNLANDAWGKNAILSFDSNKATIHLKNNEKTDRTLVQQAARKLRGQGIKNVELLGEEWDLEFCWAFYQGFYTAKQDYGIEFPHLDHDLQDELLARIECGDFVRGIINEPAQSLTPVKLAERAAEFILNQADIYNEKSAVSFKIISGEELEQQGYHGIWTVGKGSANLPAMLQLDFNPTQDPNAPVLACLVGKGITFDSGGYSIKPSDGMSTMRTDMGGAALLTGALGFAIARGLNQRVKLYLCCAENLISNNAFKLGDIITYKNGVTAEVLNTDAEGRLVLADGLIEADNQNPNFIIDCATLTGAAKMAVGNDYHSVLSMDDDLVKNLFQSAQEENEPFWRLPFEDFHRSQINSSFADIANIGSVPVGAGASTATAFLSYFVKNYQQNWLHIDCSATYRKSSSDLWAVGATGIGVQTLANLMLSKSLK,length1,1302
-1,767561,767138,423,MMTERTFSIIKPDAVKRNLIGAILTRFEQNGFKIIASKMVRLTREQAEGFYAEHQGKEFFAPLVEYMMSSPIVVSVLEKENAVKDYRTLIGTTNPETAEEGTIRKDFALSQRENSVHGSDSIENANREIAYFFTDCEIFES,length1,423
-1,763022,762287,735,MNTELQPKLEKSAVNFQAKPRKQKIRKDPNAPFIREKLELPDGHNKLLLHSCCAPCSGEVMEAILASGIEFTIYFYNPNIHPLKEYLIRKEENIRFAKKFGIPFIDADYDRQNWFDRAKGMEWEPERGIRCTMCFDMRFEKAAEYAHEHGFPVFTSCLGISRWKDMNQINGCGHRAAEKYDDVIYWDYNWRKEGGSQRMIEISKRERFYQQEYCGCVYSLRDSNKWREETGRQKIEIGKLYYSAD,length1,735
-1,759884,759554,330,MICQYMMHFNTIFCFKHIISFRFKNPFKRISSDDFIFNNENFWSSHFPSLYLFWRMLSKLSFYLCNIIVTIKKCGNFLLDFPFCDLNHSFRYSTFFVIEFRESIFLHSIL,length1,330
-1,757112,755516,1596,MADRPIRQALLSVSDKTGIVEFAQGLVKRGVKLLSTGGTAKLLAQNALPVMEVSDYTGFPEMMDGRVKTLHPKVHGGILGRRGTDDAIMQQHAIEGIDMVVVNLYPFAATVAKSDCTLTDAVENIDIGGPTMVRSAAKNHKDVAIVVNNNDFNAILAEMDQHQNSLTFETRFDLAIKAFEHTAQYDSMIANYFGQLVKPYHIAEEEEANAKCGQFPRTLNLNFVRKQTMRYGENAHQNAAFYVDLNVKEASVATANQLQGKALSYNNIADTDAALECVKEFDDPACVIVKHANPCGVALGKDILDAYNRAYQTDPTSAFGGIIAFNRELDEKTANEIVERQFVEVIIAPKVSAEAQEVMKRKKNVRLLECGEWTSRSERLDFKRVNGGLLVQDADLGMVGVDDLKVVSKRQPTEQELKDLLFCWKVAKFVKSNAIVYAKDNQTIGIGAGQMSRVYSAKIAGIKAQDEGLTVAGCVMASDAFFPFRDGIDAAAKVGIQCVIHPGGSMRDQEVIDAADEHNMVMVLTGMRHFRH,length1,1596
-1,752279,751016,1263,MFTRNMTIADYDPVLWQAIQDENRRQEEHIELIASENYASPRVMEAQGSQFTNKYAEGYPGKRYYGGCEYADIVEQLAIDRAKELFGADYVNVQPHSGSQANAAVYGALINAGDTILGMDLAHGGHLTHGAKVSFSGKIYNSVLYGITADGLIDYEDVRQKALECKPKLIVAGFSAYSQVVDWAKMREIADEVGAYLFVDMAHVAGLIAAGLYLNPLPHAHVVTTTTHKTLGGPRGGLILSSCGDEEIYKKLQSSVFPANQGGPLVHIIAAKAVCFKEALEPQYKEYQANVIKNAKAMVEVFKQRGYDVVSNGTENHLFLVSFIKQGLTGKAADAALGKANITVNKNAVPNDPQKPFVTSGIRVGTPSVTRRGFNENDVRELAGWMCDVLDALGKENEEQVIAETKEKVLAICKRLPVYPK,length1,1263
-1,748517,747956,561,MRQAKTDLAEQIFLATDRLMAKEGLDRLSMHKIAKEANVAAGTIYLYFKNKDELLEQFAHRVFSMFMATLEKDFDESKPFFEQYRQMWKNIWYFLQENPTILSNLKQYESLPNFKDICKNVKNCRWDLFCDQAKKAGLLAELSEDILFLLSLKTAINLASDAKFIDFDLKPEILESVIERSWRAIQK,length1,561
-1,746726,743630,3096,MYEEIRMKFTDIFIRRPVLAVSISLLMIILGLQAISKLAVREYPKMTTTVITVSTAYPGADANLIQAFVTSKLEESIAQADNIDYMSSTSAPSSSTITIKMKLNTDPAGALADVLAKVNAVKSALPNGIEDPSVSSSSGGSGIMYISFRSKKLDSSQVTDYINRVVKPQFFTIEGVAEVQVFGAAEYALRIWLDPQKMAAQNLSVTTVMSALSANNVQTAAGNDNGYYVSYRNKVETTTKSVEQLSNLIISSNGDDLVRLRDIATVELNKESDNSRATANGAESVVLAINPTSTANPLTVAEKIRPLYESIKTQLPDSMESDILYDRTIAINSSIHEVIKTIGEATLIVLVVILMFIGSFRAILIPILAIPISLIGVLMLLQSFNFSINLMTLLALILAIGLVVDDAIVVLENIDRHIKAGETPFRAAIIGTREIAVPVISMTIALIAVYSPMALMGGITGTLFKEFALTLAGAVFISGVVALTLSPMMSSKLLKSNAKPTWMEERVEHTLGKVNRVYEYMLDLVMLNRKSMLAFAVVIFSTLPFLFNSLSSELTPNEDKGAFIAIGNAPSSVNVDYIQNAMQPYMKNVMETPEVSFGMSIAGAPTSNSSLNIITLKDWKERSRKQSAIMNEINEKAKSIPEVSVSAFNIPEIDTGEQGAPVSIVLKTAQDYKSLANTAEKFLSAMKASGKFIYTNLDLTYDTAQMTISVDKEKAGTYGITMQQISNTLGSFLSGATVTRVDVDGRAYKVISQVKRDDRLSPESFQNYYLTASNGQSVPLSSVISMKLETQPTSLPRFSQLNSAEISAVPMPGTSSGDAIAWLQQHATDNLPQGYTFDFKSEARQLVQEGNALAVTFALAVIIIFLVLAIQFESIRDPMVIMISVPLAVSGALVSLNILSFFSIAGTTLNIYSQVGLITLVGLITKHGILMCEVAKEEQLNYGKTRIEAITHAAKVRLRPILMTTAAMVAGLIPLLYATGAGAVSRFSIGIVIVAGLSIGTIFTLFVLPVVYSYVATEHKPLPVFDENKTTH,length1,3096
-1,741050,740705,345,MIDSIKFSTALSSYLSVSVENNVFGSAFSRSIAPDESEILTFAVAERPILNGVSVNCCGSNLIRTGTRCTTLIQLPVAFCEGKRENALPVPISIPFITPSNSLFLPYKSKWIFTG,length1,345
-1,737807,737366,441,MYRELHEEVGLQPKDVRLLYVSKHWLRYKLPKRLLRYDSKPMCIGQKQRWFLLQLVSDEKNINMQTTKSPEFDGWRWVSFWYPVRQVVSFKRDVYRKVMKEFASILFTDNPLIFSASREANSQHYSANKKYSQAKYTKRHFYKSRGQ,length1,441
-1,734894,734375,519,MDAAKVRSEFDEKMMRYALELADKAEALGEIPVGAVLVDDARNIIGEGWNLSIVQSDPTAHAEIIALRNGAKNIQNYRLLNSTLYVTLEPCTMCAGAILHSRIKRLVFGASDYKTGAIGSRFHFFDDYKMNHTLEITSGVLAEECSQKLSTFFQKRREEKKIEKALLKSLSDN,length1,519
-1,730955,730346,609,MKIVRQLKIQRLKIIQIVALVATSLVLVGRVKNISIVTAVVWHASNEQSKCGDFLPHFFHTSTLDRKMDKKIIQVAAGIIRNEFGQIYLTQRLEGQDFAQSLEFPGGKVDAGETPEQALKRELEEEIGIVALNAELYERFQFEYPTKIISFFFYLVNEWIGEPFGREGQEGFWVEQRALDAGQFPPANAKLIHRLLNETHNFI,length1,609
-1,730235,728381,1854,MSQLANPELMKVVILLASSVTIVPLFKRLGLGSVLGYLVAGCLIGPSVFGIVQDPTAVVHLAELGVVMFLFIIGLEMYPERLWAMRKAIFGRGLLQVGLCGCLLTFSGIYLLGLTKEVSFIAGMGFTLSSTAIVMQSLEERGLTSTSKGQRVISTLIFEDIAIVPLLASVAFLAPHSKEATPHTDWVSIGIALSAVVGLIVTGKWLMNPLFRLISKARIREMMTAGALLVVLGAALAMEIGGLSMAMGAFVAGVMMSESAFRHQLEADIEPFRGLLLGLFFMGVGMSLDLHLVFNHWILLLGIVFLYILGKASAVYIIARITRLDHREAIGRMSLMAHGGEFAFVLFSAAATAEVISNEEQATFTAAVIISMLFSPIIAQIARKLIQRTEPKHLDQLDENDLDSIVDLEDNVLVIGFGRFSQIVCQTLLIRGISVSVIDRNIENIRAAAKFGFKVYYGDGIRLDVLRAAGIEKAKCVVLGINDTQRIEHIVSQMKEAYPNLPILTRTYDRKTTVSLIKQDVDFIVRETFESAITLSRATLMKLGIDKIEAEEIIKEVRTLDQERLNEEVLHGFSNEIVKKYWTPRPFIKPHLDTKALNKETEEILSEKIEEEISNDHS,length1,1854
-1,718124,715541,2583,MQEQYRPDMIEPKVQQYWAENKVFKAIKDESKEKYYCLSMFPYPSGRLHMGHVRNYTIGDVISRYQRMLGKNVLQPFGWDAFGLPAEGAAIKNKTAPAKWTYENIAYMKKQLQLLGFGFDWDREIATCKPEYYKWEQWFFTELYKKGLVYKKTSTVNWCPNDETVLANEQVHEGCCWRCDTPVEQKEIPQWFIKITDYAEQLLGGLDTLPQWPDMVKTMQRNWIGRSEGVEITFDVANTNEKVAVYTTRPDTFYGVSYLGIAAAHPLASLAAQNNPELAAFIQEAKNAKVAEADLATMEKKGMATGLFAIHPLTGDKLPIWVANFVLMHYGTGAVMAVPAHDQRDFEFAQKYSLPIKQVIAPLADEEIDLTKQAFVEHGKLVNSAEFDGKDFDGAFNGIADKLEKLGVGKRQVNYRLRDWGVSRQRYWGAPIPMLTLENGDVVPAPLEDLPIILPEDVVMDGVKSPIKADPNWAKTTFNGVPALKETDTFDTFMESSWYYARYTCPQYQNGMLDAEEANYWLPVDQYIGGIEHATMHLLYFRFFHKLLRDAGFVTSEEPADKLLCQGMVLADAFYYTSPTNERIWVSPTQVTLERDEKGRIIKATDPEGRELVHSGMTKMSKSKNNGIDPQEMVEKYGADTVRLFMMFASPAEMTLEWQESGVEGAKRFLGRVWNLVYQYQQNPAKTSLDITALSAAQKSLRREVHKTIAKVSDDIGRRQTFNTAIAAVMELMNKLTKASLESDQDRAVMAEALSAVVRMLYPITPHICFELWQALGNESAIDTAEWVKADEDAMVEDEKLIVVQVNGKVRGKVTVAADADEETVKTIAFADENVKKFVDNQHIVKVIYVAGKLLNVVVKP,length1,2583
-1,709175,708887,288,MVTVCLRLITPVLLFRIDRSSRVRNRCLRVQSYRLIAQLHFDGKHRHKWFCLMDRQTKLSHTQNLRLECTWPNALNHKSLHLLQVYILSRPLVGNR,length1,288
-1,695591,694910,681,MTIQKGIITLTILIFISGLLSVILLLDDSNLSFFRAQQNQRKLYVERTLQLQRITALKKQTACLDLSLNNDESVKQISITLDGATDSIQYFLWCERMSLFKKSPKKGDNQGALKDFVSGEKLAYFRPHFSSPPRILNANKTPKLYWFSDSQAEVEINGTVSAVLIAEGDLKLTGKGRISGAVITNGNLTLDGVTLAYGKKTVVALVQQYSQWKLAEKSWSDFNVQDE,length1,681
-1,690710,689594,1116,MLEFSSQDCVFMQRALDLAAKGQYTTTPNPSVGCVLVKNGEIVGEGFHFKAGQPHAERVALAQAGENSKGATAYVTLEPCSHYGRTPPCALGLIEAGVVKVIAAMQDPNPQVAGKGLKMLSDAGIESAVNLLNDQAEKINKGFLKRMRQGMPFVQLKLAMSLDGRTAMASGESKWITGPDARSDVQKMRAKSSALLSTSTTVIADDPSLNVRWDEFPENLKTEYKKEDLRQPVRVILDSQHRIQPTHKLFLTHSPVWLVSSETRDLTGFPDFCEQIILPKENLLKELMRELGKRQINTLWVEAGANLAGSLIDAKLVDELIIYIAPKLLGDNARGLCQLPNLTKLADAPLWQLNELEQIGDDIKLTYTPKGV,length1,1116
-1,689591,688571,1020,MLKKLFHSALWGLAAAGVILFAVPRLNNSNIFTSDDIVSFKNAVRIASPAVVNVYNRSFSSASINDNDQLQVNNLGSGVIMSKDGYILTNKHVIQNADQIVVALQNGNIFEASLVGSDDLTDLAVLKIRANNLSTIPQNSARQAHVGDVVLAIGNPYNLGQSVSQGIISAIGRNAVGDSVGRQNFIQTDASINRGNSGGALINSAGELVGISTLSIGKTANEIAEGLNFAIPIDIANDVLRKIMRDGRVIRGYFGVQSDISSSSEEGIVITDVSPNSPAAKSGIQVGDVILKLNNQEGISAREMMQIIANTKPNSKVLVTILRLGKILQIPVVIEEFPVN,length1,1020
-1,679322,678650,672,MSNELTEIDEVVTSSQEEATQRDPVLDWFLTHCHLHKYPAKSTLIHAGEDATTLYYVIKGSVMVSSKDDEGKEMILTYLGAGQFFGEAGLFDEGSKRSAWVKTKTTCEIAEISYKKYRQLIQANPEILMFLTAQLARRLQNTSRQVTNLAFLDVAGRIAQTLMNLAKQPEAMTHPDGMQIKITRQEIGQMVGCSRETVGRIIKMLEDQNLIHAHGKTIVVYGAR,length1,672
-1,665204,663860,1344,MLEKVVIANRGEIALRILRACKELGIKTVAVHSTADRDLKHVLLADETVCIGPAPSAKSYLNIPAIIAAAEVTGADAIHPGYGFLSENADFAEQVERSGFTFIGPTADVIRLMGDKVSAIKAMKKAGVPCVPGSDGPVGNDIAKNKEIAKRIGYPIIIKASGGGGGRGMRVVRSEDALEESIAMTKAEAKAAFNNDMVYMEKYLENPRHVEIQVLSDTHGNAVYLAERDCSMQRRHQKVVEEAPAPGITEEVRRDIGSRCAKACVEIGYRGAGTFEFLYENGEFYFIEMNTRIQVEHPVTEMITGVDLVKEQLRIAAGLPISFKQEDIKVKGHAMECRINAEDPKTFLPSPGKINHLHSPGGLGVRWDSHVYGGYTVPPHYDSMIAKLITYGDTREIAIRRMQNALSETIIDGIKTNIPLHELILEDENFQKGGTNIHYLEKKLGMNE,length1,1344
-1,660917,660032,885,MAWIQIRLNSTNEKAEQISDFLEEIGSVSVTFMDSQDTPIFEPLPGETRLWGNTDVIALFDAETDMAEIVRLLKEAKHLDSNTAYKIEQIEDKDWEREWMDNFHPMQFGKRLWICPSWRDVPDKNAVNVMLDPGLAFGTGTHPTTALCLEWLDSLDLKNKTVIDFGCGSGILAIAALKLGAKSAVGIDIDPQAILASRNNAEQNGVADRLQLFLSDEKPSDLKADVVVANILAGPLKELYPIISQLVKPNGDLGLSGILETQAQSVCDAYTQTFALEPVAVREEWCRITGNLKTL,length1,885
-1,659678,658853,825,MPCKLRLAYSDDLGLNAVQIAGSDPLEMAQAAAINVEYGAQIIDINMGCPAKKVNRKLAGSALLQYPDLVEKILCEVVAAVNVPVTLKIRTGWDKSNRNCVQIGKIAEQCGIQALTVHGRTRACLFEGKAEYDNIKAVKQAIVIPVIANGDIDSARKAKFVLDYTGADAIMIGRAALGNPWLFQAVENLIEHNSISQMPSLNEKCGQILRHIQELHQFYGEQKGYRITRKHVAWYLQGIQPDSVFKQTFNAISDPKEQLIVLEDFFNLILDKEKC,length1,825
-1,653603,652058,1545,MTDRVIIFDTTLRDGEQALKASLTVKEKLQIALALERLGVDVMEVGFPVSSQGDFESVQTIARHIKNARVAALSRAVDKDIDAAYEALKVAEVFRIHTFIASSALHVEAKLKRSFDDVVGMAVAAVKRARNYTDDVEFSCEDAGRTGIDNICRIVEAAINAGATTVNIPDTVGFCLPNEYGNIIAQVRNRVPNIDKAVISVHCHNDLGMATANSLTAVQNGARQIECTINGIGERAGNTSLEEVVMAMKVRQDFMGVDTRINTQEIHRVSQMVSQLCNMPIQPNKAIVGSNAFAHSSGIHQDGMLKNKNTYEIMSPETIGLKKEKLNLTARSGRAAVKGHMTDMGYNEQDYDLDKLYDAFLKLADKKGQVFDYDLEALAFIDMQQGDEDRLVLDKLSAHSTKEYPATAFVQLKLDGEKLSTSSIGGNGPVDAVYNAILNLTGLEIKMSHYNLTAKGEGAEALGQVDIVVEHKGRKFHGVGLATDIVESSALALVHAINAIYRAHKVADIKNHKHH,length1,1545
-1,630257,628829,1428,MCLSLFCYRGYTYPRSTPDNNRFYMKETIVAQATAPGRGGIGILRVSGPLATEVAQAILGKCPKPRMADYLPFKDADGTILDQGIALYFKSPNSFTGEDVLELQGHGGQVVLDLLLKRILQIDGIRLARPGEFSEQAFLNDKLDLAQAEAIADLIDATSEQAARSALKSLQGEFSKKVNELVDSVIYLRTYVEASIDFPDEEIDFLADGKIEANLRGIINQLENVRSEAKQGSILREGMKVVIAGRPNAGKSSLLNALAGREAAIVTDIAGTTRDVLREHIHIDGMPLHIIDTAGLRDATDEVERIGISRAWTEIEQADRIILMLDSSDPESADLSKVRSEFLAKLPSTLPVTIVRNKIDLNGEQASESEEGGYQIISLSAQTHDGVQLLREHLKQAMGFQTGIEGGFLARRRHLDALEKAAEHLQIGLVQLTEFHAGELLAEELRLVQSYLSEITGQFTSDDLLGSIFSSFCIGK,length1,1428
-1,621827,620213,1614,MLSLFHHPQLRPRHYAGGVVVISFIILFYGSALSSIFTLGDELQWRAWFTDDYLQHLILFSFGQALLSTVLSIFFGLLLARALFYKPFFGKKWLLKLMSLTFVLPALVAIFGLIGIYGSSGWLAWFANLFGMSWQGHIYGLSGILIAHLFFNIPLAAQLFLQSLQSIPYQQRQLAAQLNLQGWQFVKLVEWPVFRQQCLPTFSLIFMLCFTSFTVVLTLGGGPQYTTLETAIYQAILFEFDLPKAALFAMLQFVFCLLLFSLTSRFSPSNQNGLSNSNIWFVKPKSAVKIFYVFVLIVFVFFLFSPVLNILISALSSSSLLKVWHNSQLWRALGYSLSIAPLSALLALTMAIALLLLSRRLEWLHYQKIAQFIINAGMVILAIPILVLAMGLFLLLQERDFSNIDLFIIVVFCNALSAMPFVLRILSAPFHNNMRYYENLCNSLGIVGWQRFYLIEWKTLRAPLRYAFALGLALSLGDFTAIALFGNQEFTSLPHLLYQQLGNYRNQDAAVTAGILLLLCGILFAFIHTYRDADDLSK,length1,1614
-1,604199,603896,303,MTFLCIILRCIIRTCHMAITTTDTNFFIDDHETICIFVHCTSWANFCTSRICTMITRNRHIISKYILMPASICLLIPLTTCIFINTTKIDFCAKIFVILTG,length1,303
-1,585932,585221,711,MSQPIYKRILLKLSGEALQGEDGLGIDPAILDRMAVEIKELVEMGVEVGVVLGGGNLFRGAKLAKAGMNRVVGDHMGMLATVMNGLAMRDSLFRADVNAKLMSAFQLNGICDTYNWSEAIKMLREKRVVIFSAGTGNPFFTTDSTACLRGIEIEADVVLKATKVDGVYDCDPAKNPDAKLYKNLSYAEVIDKELKVMDLSAFTLARDHGMPIRVFNMGKPGALRQVVTGTEEGTTIC,length1,711
-1,575141,574859,282,MERLVINYQKPRQILMLVQNHLRIIPSPKQNAKLDYQFLHDIQNPMDVRITLPRLILMQCKNLRKILHIQLAKLQILHHLQLITKLGYHPNGEQ,length1,282
-1,559949,559211,738,MWKWLHPYAKPETQYRICGKLSPLFAFLTLILLGVGIVWGLAFAPADYQQGNSFRIMYVHVPTAIWSMGVYGSMAIAAVVALVWQIKQAHLAMIAMAPIGALFTFLSLVTGAIWGKPMWGTWWVWDARLTAELILFFLYLGILALYSAFSDRNIGAKAAGILCITTVVILPIIHFSVEWWNTLHQGASITKFEKPSIAIPMLVPLILCIFGFLTLYIWLTLVRYCVELLKEDAKRPWVKALAQTLK,length1,738
-1,537113,536444,669,MTSNQLAQYIDHTALTAEKNEQDISTLCNEAIEHGFYSVCINSGYIPLAKEKLAGSNVKICTVVGFPLGANLTSVKAFETQEAIKAGANEIDMVINVGWIKSQKWDAVKQDIQAVFNACNGTPLKVILETCLLTKDEIVKACEICKEIGVAFVKTSTGFNKGGATVEDVALMKQTVGNIGVKASGGVRDTETALAMIKAGATRIGASAGIAIISGTQDTQSTY,length1,669
-1,527294,526343,951,MTTQLDSLRNMTVVVADTGDIDAIKKYQPQDATTNPSLILSASALPQYAPLIDEAVAYAKAQSNDKAQQLIDAEDKLAVNIGLEILKIVPGRISTEVDARLSYNTQATVEKARKLIALYNAAGISNDRILIKIASTWQGIRAAEILEKEGINCNLTLLFSEAQARACAEAGVYLISPFVGRILDWYKANSDKKEYAPAEDPGVISVTKIYNYYKEYGYNTVVMGASFRNVGEITELAGCDRLTIAPALLKELQENSTALIRKLEYKGEVKAKPQPLTEAEFYWQHNSDAMAVEKLAEGIRKFAIDQEKLETMLSAKL,length1,951
-1,522023,521702,321,MSENNKPRYPLQQILVEDLFSSNKLVVLLLIGILVSAMGTIWITHKTRQLISENGMLILQRQALENEYRNLQVQEATEGDSTRVESIAISTLKMKVVSSEQEVEIRE,length1,321
-1,518366,516995,1371,MIKLSTVQLAQILQAKLIGDENVQVEEINTDTRKSVSNSLFFALKGEKFDAHQYLDQAVSQGALALVVQQENSSILVPQLVVKDTRIALGELAKWLREKINPRTVAMTGSSGKTTVKEMTASILQHTAADSEAVLFTNGNFNNDIGVPLTLLRLTEKHRFAVIELGANHQNEINYTTKLVQPNAALINNIAPAHLEGFGSLAGVVQAKGEIYRGLTKNGVAIINAEHNHLDIWQKEISNHAIQYFNGKDYSVKNVQGNEQGSTFTLVSPQGEIDISLPYLGEHNVKNALAATALAMNVGATLADVKAGLEQRSQVKGRLFPIQVTPNLLLLDDTYNANKDSLCAAIDVLKSYDAFLILCVADMKELGENSLAIHREVGQYVNLVNLDLVCSYGNESAVISEAVLGKHFTDKTEMVDFLVPLIENQLQQNKKVVVLGKGSRSMKMEDVIYSLKDKIKC,length1,1371
-1,514469,513287,1182,MEFLQNIKKNYDEWTRITHQGLLYDRALFWLFVILLLIGLVAVTSASIPYSSRLFNDPFYFAKRDAIYVLLSLLTCYISLQISSSQWEKWHAKIFLFSVILLLLVPFIGTSVNGAKRWISLGILNFQPAEFAKLALTCFLASYFTRRYDEVRSRHVSIFKPFIVMLVLGCFLLLQPDLGSTVVLFIIMSGMLFIVGAKILQFVGLIALGGILFVWLVLTASYRLKRFIGFLEPFKDPYGTGFQLTNSLIAFGRGEITGEGLGNSIQKLDYLPEAHTDFIMAIIGEEFGFIGILIVILLLGLLIFRAMKIGRESLMLEQRFRGFFALGIGFWIFFQGFVNLGMALGMLPTKGLTFPLVSYGGSSIIIMSATIGILLRIDHENRLFRIGQARLRDD,length1,1182
-1,510581,509663,918,MNLKQEKIAVLLGGTSAEREVSFNSGKAVLEALLKQGYNAHPIDPKEYNVANLKKDGFNRAFNILHGRGGEDGTMQGLLEQIGLPYTGCGVMASALTMDKMRTKMLWKAFGLPVADMKVVTRETFSELDPQAVVAKLGLPLMVKPSLEGSSVGLTKVKAVEELKSAVEYALKFDNTILIEEWLAGDELTVPVLDNQVLPAIRIVPEGEFYDYEAKYISDNTQYFCPAGLTPEREQELAILVKRAYDALGCRGWSRIDVMCDAKGNFRLVEVNTNPGMTSHSLFPKSAATVGISFEQLVVKILELSL,length1,918
-1,506213,505298,915,MIKQRTLKQSIKVTGVGLHSGNKVTLTLRPAMPNTGVVYYRTDLNPAVAFPADPNSVRDTMLCTALINDQGVRISTVEHLNAALAGLGIDNIIIEVDAPEIPIMDGSASPFIYLLLDAGIEEQNAAKKFIRIKEYVRVEDGDKWAEFKPYNGFRLDFTIDFDHPAIGKDVRNYEMNFSAQAFVHQISRARTFGFMKDIEYLQSQGLALGGSLDNAIVLDDYRILNEDGLRFKDELVRHKMLDAIGDLYMAGYNIIGDFKAYKSGHGLNNKLLRAVLANQEAWEFVTFEDKEQVPQGYVAPAQVLI,length1,915
-1,505169,504014,1155,MALELSDIRQQITQIDRSLLKLLSERHRLAFDVVRSKEISQKSLRDVEREQQLLQELVQFAENENYQLEAQYITSIFQKIIEDSVLTQQVYLQNKLNEQRNQNLHIAFLGKRGSYSNLAARNYAARYQKQFVELGCQSFDQVFEKVQTGEADFGVLPLENTTSGAINEVYDLLQHTDLSLVGELAYPIKHCVLVNDKTDLSQIDTLYSHPQVIQQCSQFIHSLDRVHIEYCESSSHAMQLVASLNKPNIAALGNEDGGKLYGLSVLKTNIANQENNITRFIVVAKDPREVSSQIPTKTLLLMTTSQQAGALVDALLVFKKHQINMTKLESRPIYGKPWEEMFYLEIEANIHHPDTKQALEELKNYSNYLKILGCYPSEIVKPVSV,length1,1155
-1,500084,498731,1353,MKTAENSTALLKAQEQELRQAVSFAVALATKAGASAEVAVTKVSGLSVSARLQEIENVEFTNDGALGISVYMGQQKGNASTSDLSESAIKNAVEAALAIAKYTSPDDCTGLADKDLMAFDAPDLELYHAADVDVDKATELALQAEKAALEADERIINSNGASFNSHTGVKVYGNSHGMLQSYLSSRYSLSCSVIGGVEAALENDYEYTISREFDKLQSPIWVGENCAKKVVSRLNPQKLSTREVPVIFLNDVATGLISHFAAAISGGSLYRKSSFLLDHLGKQVLPDWFNISERPHLLRRLASTPFDSEGVRTQDREIVEGGILQTYLVTSYSGKKLGMPSTGHAGGIHNWLVKPNLTGGLTALLHQMGTGLLVTDVMGQGVNIVTGDYSRGASGFWVENGEIQYPVAEITIAGQLQDMLKNMVAVADDIEHRSNIQTGSILLDKMKISGN,length1,1353
-1,492647,492293,354,MEIEVKNSNTAEERKASFSTSIVVSRKSSVAFSICSVCSEVRLKRRKVSKPRKRSKNWALRRERVSIFFWLLSAAAIPTMIINRGTSGAVIIKIKPAAQFKGNTAMKITTGTMAERLC,length1,354
-1,476243,475733,510,MKKSLLAVIVGAFAFASVANANIYAEGDIGLSQTKANGSNNTRVEPRVSVGYKVGNTRVAGDYTHHGKVDGTKIQGLGASVLYDFDTNSKVQPYVGARVATNQFKYTNRAEQKFKSSSDIKLGYGVVAGAKYKLDGNWYANGGVEYNRLGNFDSTKVNNYGAKVGVGYGF,length1,510
-1,469670,469304,366,MAFNNGVFSFTSFVIIKLLDIQLDCLARSAEYGILLYANRYDAIEVQLGDNIRWHKGSEDLINSLLGDRIFQGRPLVMILSEIFPLQIQVMNVTRLVCKGVLARGKYLLRCLLQRFVQHTSR,length1,366
-1,457064,456185,879,MAILIDKNTKVICQGFTGGQGAFHSEQALAYGTQLVGGVSPNKGGTTHLGLPVFNTVREAVENTGATATVIYVPASFCKDAIIEAIDAGIQLIVCITEGIPTLDMLKVKQKLNETGVVMIGPNCPGVITPDECKIGIMPAHIHKKGKVGIVSRSGTLTYEAVKQTTDEGFGQSTCVGIGGDPIPGSSFIDILERFQQDPETEAIVMIGEIGGSAEEEAAIFIKDNVTKPVVAYIAGITAPKGKRMGHAGAIISGGKGTAVEKIAALEAAGVTCVKSLAEIGEALRKLLKSSKN,length1,879
-1,456062,455441,621,MSQFFYIHPENPQARLINQAVEILQKGGVIVYPTDSGYALGCMMGDKHAMDRIVAIRKLPEGHNFTLVCSDLSELSTYATVNNTAYRLIKNNTPGRYTFILTATKELPRRLMTSKRKTIGLRVPDNKIALDLLSALGEPILSCSLMLPNEEHTTQSDPEEIRDRLEHQVDLIIHGGYLGQEPTTVVDLTEESPVILREGSGSTAPFI,length1,621
-1,454307,453338,969,MKMHQLRYIVEIVNQNLNVTEAANALYTSQPGISKQVRLLEDELGLEIFERHGKHIKSITPAGKKIISIARELLVKAQGIRAVADEYTRPNHGVLRIATTNTQARYMLPSVIERFSKKYPDVSLHIHQGSPTQIHDALMSGEVDLAITTEAPYLFDDLVQIPCYWWNRAVIVSPEHPLAKVKELTIEELGKYPLVTYTFGFTGVSDLDSAFNSAGILPNIVFTATDADVIKTYVRLGLGVGIMASMAHTALDADLVLIDASHLFRPSMTNIAFKHSTFLRNYMYDFMEYFSPHLTRSVVEKAERLRDNNSVKKLFEGIELETK,length1,969
-1,452201,451700,501,MQDEFDLFRAETKGIKPIKQDTFVAPRQKRDQKKIELKELRVKEDTLFYFSDEYEPLLNDNDGVVKYLRDGEDSHLLKQLRRGDFSPELFLDLHGLTREQAKQELAALLLACENEHVDCANIMTGYGTFTLKKQIPRWLVQHPKVRALHQAPREWGGEAAILILVDL,length1,501
-1,448430,448160,270,MLDAIKLSASVCAAPAPKSALPFSPLSFHLIRASGKKNASAKPDNFSSPVAGSRIANFSEELPQLRIRTSFDIGTLYLIEVNRNPSFKMV,length1,270
-1,438851,437255,1596,MLNPNQLYGIEQAVNLLVEAYQQQQKIVIVGDFDADGATSTALSVLALRQLGFSDVDYLVPNRFEQGYGLSIPVAEMAIEKGVQLLMTVDNGVSSFDGVEFLKEKGIRVLVTDHHLPPETLPPADAIVNPNLSQCHFPSKSLAGVGVAFYLMLAVRAKFRELGIFTAETQPNFTDLLDLVALGTIADVVPLDQNNRILAYQGLMRIRARHCRLGIIALAEVANRNVEQFTSSDLGFCIGPRLNAAGRLDNMSIGVELLLANEMSKARELALDLDQLNQTRKEIEAGMKLEAIKICQNLTALFKELPYGITLYQPDWHQGVLGIVSSRIKDQYHRPVIAFAQDSEGILKGSARSIEGLHMRDVLERIHSQHPNMILKFGGHAMAAGLSIREEHFDDFQHIFNQTVADWLDEEHLQGVIWTDGELNSNEFNLETAELIKSVGTWGQGFPEPCFDGEFKILDQRAIGQNKNHLKMLLEPKQGGVLLDAIAFNINTRLYPDLSIKQARLAYKLDINEFRGNRSLQLLVDYIEPIDE,length1,1596
-1,436556,435869,687,MKIGIVGAMAQEVEILKNLMTERTETCVASAVIFEGKINGKDVALLQSGIGKVAAAIGTTALLQLAKPDCVINTGSAGGVAKGLKVGDIVISDETRYHDADVTAFGYEKGQLPANPAAFLSDKKLADLAQEIAEKQGQSVKRGLICSGDSFINSEDKITQIQADFPNVMGVEMEATAIAQVCYAFNVPFVVVRAISDGGDGKASISFEEFLPLAAKQSSALVLGMIDRL,length1,687
-1,429506,428699,807,MKIALGIEYNGQNYYGWQRQEKVRSVQEELEKSLSHIANEKIEIFCAGRTDSGVSGTGQVVHFETNAVRPEKAWAFGTNAHLPDDIAVSWAKQVDDEFHARFSATARRYRYILYCNKLRSAILAGGITHCHLDLDAEKMHQAGQCLLGEQDFSSFRAAQCQSHTPWRNVHHLNVSRIGKYIIVDIQANAFVHHMVRNIVGSLIEVGAGNQPIEWMQWLLEQKNRQLAAPTAKPDGLYLVDVVYPQKFDIPKRPIGPLFLEDGLLNRTLK,length1,807
-1,422108,420698,1410,MFNRVQKEINQIINRGFDRTLRLAVTGLSRSGKTAFITSLINQLLSINQHSSQHLPLFEAARNGAILAVKRVSQQDLSVPRFDYESNLNDLSQNPPQWFQSTRGVSETRLAIRFQRQSGLLRHLKERGTLYLDIFDYPGEWLLDLPLLNLDFQQWSQEQIKVTTGVRAELAQNWLSMLQNLDLSAVANEDVLAKIAKSYTDYLHQCKSQGMQFIQPGRFVLPSDLEGAPALQFFPLIHLSEEHWQTLKKTAKSNSYFAVLTKRYNYYRNKIVKGFYENYFSTFDRQVILADCLTPLNHSQQAFLDMQMGLNQLFNNFHYGSRNFLHRLFSPQIDRLMFVATKADHITRDQIPNLVSLMRQIVQEGGRHVEFEGIDTEYTAIAAVRTTKQVIVNQQGKEIKAIQGIRSIDKQPITLYPGTVPSKLPRAEFWQKQPHFDFDSFEPQPLEQGESIPHLRMDAVLQFLLSDRFE,length1,1410
-1,416462,415637,825,MSNLQAIIEAAFEKRAEITPKTVDAETRAAIEEVIEGLDSGKYRVAEKIAGEWVTHQWLKKAVLLSFRINDNQIIDGAETKYYDKVALKFADYTEERFTEEGFRVVPSATVRKGAYISKNCVLMPSYVNIGAYVGEGTMVDTWATVGSCAQIGKNVHLSGGVGIGGVLEPLQANPTIIGDNCFIGARSEVVEGVIVEDGCVISMGVFIGQSTKIYDRETGEIHYGRVPAGSVVVSGSLPSKCGKYSLYCAVIVKKVDAKTLGKVGINELLRSIEE,length1,825
-1,409100,408419,681,MELKKIAVGLTALLGMSVANAHNVWLEPASSQDEYVVKFGHEQTETYPESKLKSIQALNAQGKLTAVDYQFRNGEAYLMPKSDLVFVHFDNGVWSKLPSGKYVEKTKREEPTAEFSTNPVKFGKAILKWDAESFKSHQQAYELIPQEKAQANKPLSILVLHNGKPVQGIKVGVSEDAPFNLTNEKGIAQFTPTKGFNKVWAEFEEKVTNNADYDRRTVEYMLTFDAQ,length1,681
-1,408404,407921,483,MKKFAFLTALFAACYLPNAYAHALYVFAQYDGQTLSGKSYYSDMTPAAETYLEVFRSGVSDPVLTGKTDRQGAFKLSIADVPHTTLKVVVEGDEGHRASVAAAHTSAENQSSADLMLLREDIAHLKDKIYLHDILGGIGYIVGIAGLIALRNARKIKQGRI,length1,483
-1,402146,399539,2607,MLAKAKYRKDYKQPDFTVTDIYLDFQLDPKHTVVTASTKFQRLNDEATSLRLDGHSFQFSSIKFNGEPFSAYQQDGESLTLDLKGKSAEEFELEIVTFLVPAENTSLQGLYQSGEGICTQCEAEGFRQITYMLDRPDVLACYTTKITADKSKYPFLLSNGNRIASGELEDGRHWVEWNDPFPKPSYLFALVAGDFDLLQDKFITKSGREVALELYVDRGNLNRATWAMESLKKAMKWDEDRFNLEYDLDIYMIVAVDFFNMGAMENKGLNIFNSKFVLANPQTATDEDYLAIESVIAHEYFHNWTGNRVTCRDWFQLSLKEGLTVFRDQEFSSDTGSRAVNRINNVKFLRTVQFAEDASPMSHPIRPEKVIEMNNFYTVTVYEKGAEVIRMLHTLLGEQGFQKGMQLYIAENDGKAATCEDFVSAMERANNLDLNQFRRWYSQSGTPELLISDAYDEKTHTYRLTVSQSTPPTADQMEKVNLHIPLKIALYDANGTKQMLQHNGELLSDVLNVTEKDQVFEFHGIYGRPIPALLCDFSAPVKLDYDYKTEQLLGLLKFADNQFIRWDAAQMLFAQELRRNVVRFQQGEPLEISPEILTALSYVLNHYEKDIELATLILTLPKEMEFAEGFKTIDPDGISAARAFMQTQIAESLKDDFLRVYTHIRLDEYQVTQQDIALRAMRNLCLTYLAYTNLGNNLVQKHYNNANNMTDTLAALSVATKAALPCRDALLTDFEQKWQQDGLVMDKWFALQATRPDENVLEIIQLLMDHPSFNFNNPNRLRSLVGSFANHNLKAFHNVSGSGYRFLTDVLIRLNESNPQVAARLIEPLIRFSRFDAQRQTLMKRALERLSVVENLSKDLFEKIEKALQ,length1,2607
-1,398807,397415,1392,MNFRLLSQYHADIKKLIKISLPILLAQIAQNSMGLADTIMAGRVSSTDMAAISIGASIWMPLMLFGQGLLLALPPTISYLNGSGQRHRIAHQVRQGIWLVLGVSIPLGLLIYFCEIPLQYMQMESKMSDLARDYLHAMLWGLPAYLMLINFRCLNDGIAKTKPAMVITFLGLLINIPLNYIFIYGKFGIPAFGAVGCGIATAIVNWAMCLMMIFYSYTNAQERSLKVFSQLIEMPNLKTLKKLLRLGLPIAIAICCEVALFALTSLMLSPLGATIVASHQITLNTSSFIFMFPMSIGMAATILVGQALGTGSPQNAKKIGYAALLLGLTVTIITALITIFFRYEIASIFVTDEIVIAMAANLLLFAALYQFSDTIQMVVGGILRGYKDTKMILYITLFSYWVIGVPLGYTLGRTDWLIPHIDAKGFWIAFVVSLTFAAFLLSLRMKKMQAMSDNAILQRLEKLK,length1,1392
-1,388535,388082,453,MKDCKMQGIGSGVSLLILRFFLAWEFFEAGLEKWNGQNWFAEIQDRFPFPFNLIPADINWHVAMGSELIFPFLLIFGVLTRFSALSLTILISVAWYSIHADSGYNVCDNGYKLPLIYVVTLLILITQGAGKLSLDTLIKKVYPTKSWLKFL,length1,453
-1,386780,386066,714,MQPKSLLKETQQALANAIRLGNADPLNGYAANRLAVYTRLVRNNAFGFIDRCFVEAPLHIEPEYWKNAKENFVQNGNAHSPYFQDIAGEFLLFCQEKEIFDANILALMDFENTQLLAEVSLAKVPEKFEWNRHSVMQLSGAAYLKSYDVDFLSSDFKQFDDTPIQAIIWRDSDFSIQQQILSELDYWLLSYLQEQPNSLENVLSALNTMVEDSTSIIPLLEQVWMKWVTSEVIYPEQR,length1,714
-1,371282,370271,1011,MQSIPIKNVGESRLVDPFQRQYYYLRLSITDQCNFRCTYCLPDGYQPEANKPSFLTLKEIIHLAQAFAEMGTEKIRLTGGEPTLRKDFISIAESIANIDGIRQLAVTTNGYRMAKDVADWKQAGITSINVSVDSLDPKMFHQITGINKFDDVMRGIDRAFEVGYNKVKVNSVLMKNLNDKEFEQFLAWVKDRPIQMRFIELMQTGEMDSFFDKFHLSGQVLADKLLKNGWTLQHKSHTDGPAKVFTHPDYAGEIGLIMPYEKNFCASCNRLRVSAKGKLHLCLFGEEGIELRDLLQSHEQQGILQARIFAALQGKREHHYLHIGDTGVRNHLASIGG,length1,1011
-1,346484,345635,849,MTDLTGILYIVATPIGNLQDITQRALETFAQVDLIAAEDTRHSGLLLIHYGIKKPFFALHDHNEQEKAHILVEKLKQGSNIALISDAGTPLISDPGFHLVRQCREAGIRVVPLPGACAAITALCASGIASDRFCFEGFLPAKSKARKDKLENIAEEDRTLIFYESTHRILDTLEDMQAVLGEGRYIVLAREMTKTWETITGNTIKNLREWLLEDPNRTKGEMVLIVEGKPKSDNNDEISPQAVKALELIAEELPLKKAAAIVAELYGYKKNALYQFGLAHLEK,length1,849
-1,343970,343421,549,MLKRILVIIGLAVLATACSNAPRTVSHQVISENDDIQLTGLINNLEKDNRTGIFHKVRTNRSSALMGDKALASVYNEWVGTRYRMGGTTKRGIDCSAFMQTTFSEVFGIELPRSTAEQRHLGRKINKSELKKGDLVFFRKNNHVGVYIGNNQFMHASTGQGVTISSLDEKYWARTYTQSRRIM,length1,549
-1,335444,335153,291,MIKYILGIVIFIAIVLVAITIGANNDQIITFNYIVAESQFQLSSLVAILFGLGLILGWLITAFFYIKLKLKNMALARQVKRQTLQINELTTTRDKVA,length1,291
-1,316658,315515,1143,MAKKDYYEVLGLQKGASEDDIKRAYKRLASKHHPDKNQGSKEAEEKFKEINEAYEVLGDDQKRAAYDQYGHAAFEQGGGTGGFGGGFGGADFGDMFGDIFGDIFGGGRGRQRVVRGEDLRYDLEISLEEAVKGTTKDIQINTLAHCDSCGGSGAEKGSKVETCPHCHGSGRIRRQQGFFVSESICPTCHGSGKKIEKPCRSCHGEGRVHKKENLSVKIPAGVDTGNQLRLAGKGAAGENGAPAGDLYVVIHVREHNIFERDGSNLYCEVPISFATAALGGEIEVPTLDGRVKLKIPAETQTGKLFRMRGKGVASTRSGYAGDLICRIVVETPVNLTSEQKELLHKLEESLQGKDLSKHAPKSSGFLDGVKKFFDNLGKSDK,length1,1143
-1,313400,312602,798,MSEQSSKYIAALLAVLSISMVLGIDLFIFSLQSEKQTMPHLGVGVLVAQLISLLVFYRGEICPGQRGRLIKVNMTFAIYWAVWLLISLLQNNHTLTNVMSVCGLSVVYFIWKQPKTEKIRNSFLLMAALIAGLGCLSYLMIFTVLPASDFAEYNPFAPILSGVILANLALVIARNRLQGFIALLPLAMIILLALNALAMFLFLLLNGMESAVNSDSVFAYIIYFVCHFVIAAILILHSFQKWILSTNSLFILLFIAVCLPLWMVFV,length1,798
-1,309758,307490,2268,MTEQLRQAALDFHEFPIPGKIEVTPTKSLATQRDLALAYSPGVAEPCLEIEKDPAASYKYTARGNLVAVISNGTAVLGLGNIGALAGKPVMEGKGVLFKKFAGINVFDIEVNEYDPDKLVDIIASLEPTFGGVNLEDIKAPECFYIEQKLRERMNIPVFHDDQHGTAIISAAAIINSLRIVGKKIEDVRLVASGAGAASIACLNLLLSLGMKRENITVCDSKGVVYKDRDDKMDQTKKDYAIEDNGWRKLGDAIPNADIFLGCSAAGALTQDMVKSMAAHPIILALANPNPEITPPEAKAVRPDAIVCTGRSDYPNQVNNVLCFPFIFRGALDVGATTINEEMKRAAVYAIADLALEEQNEVVTSAYGGEGATFGADYVIPRPFDPRLIVRIAPAVAKAAMESGVATRPIQNWDAYVEKLTQFVYKTSLFMRPIFSQAKSAKQRIILAEGEENKALHATQEVISMGLANPILIGRRSVIEEKIKKLGLRLTAGVDFEIVDNEDNPRYEECWKHYYELTKRKGITPAIAKRVVRSNTTVLASTLLSLGYADALVCGLFGSYGKHLASIRDIIGLKDGVKTAAALNSLVLPTGNVFLTDTHVNSNPTAEELAEITLMAAEEIHRFGIEPAVALLSHSNFGSSDSLGAPKMREVLQIVKERNPHLMIDGEMRGDLAMNEAHRKELMFDSPLKGSANLLVFPDLSASRISYSLLRGTTTAITVGPILMGMNKSAHILNPGASVRRIINMIAYAAVKAQQE,length1,2268
-1,300710,300437,273,MAAVSFRVPDETKNIAFEVIKSYGLSPTQALNMFLAQIAKTKAIPVSLDYQTEQMPNSKTIMAMAELDNHHGHEYKTLEEFHQAMLAEMKS,length1,273
-1,299060,298772,288,MIYHSAFQKAQSLVLSGQMVQVNQPYSVCCQVKSSQIMDLLQWAKPLYLRLWINSVTLWMTRKPCGKKCLMDKIFSLSATLKFQAVLMWGVLISKA,length1,288
-1,298349,298010,339,MLVHLHIFFAFLSLALLVIRGAMQLNGKNWRSIKLLKILPHLSDTLLIVSGAVILYLFVFDIEWWLIAKFALLILYILFAAKFFSKKVVQPKPISFWLACVSFIGAILIAYLK,length1,339
-1,295802,292328,3474,MRQFLYKIDALFMKTAFFQPDIPTSPNDHKILGNVLQGADALAISEIAEQNQNLTVVVTPDTRSAVRLSRILSELSSQNVCVFPDWETLPYDTFSPHQEIISSRLSALFHLQNAKKGIFLLPISTLMQRLCPPQYLQHNVLLIKKGDRLVIDKMRLQLEAAGYRAVEQVLEHGEYAVRGALLDLFPMGSAVPFRLDFFDDEIDSIRTFDVDTQRTLDEINSINLLPAHEFPTDDKGIEFFRAQFRETFGEIRRDPEHIYQQISKGTLISGIEYWQPLFFSEMATLFDYLPEQTLFVDMESNQTQGERFYQDAKQRYEQRKVDPMRPLLSPEKLWLNVDEVNRRLKSYPRITFKAEKVRSSVRQKNLPVAALPEVTIQSQQKEPLGQLCQFIEHFKGNILFSVETEGRRETLLDLLSALKLKPKQIHSLEQAENEKFSLLVSSIEQGFIIEQSFPVAIIGEANLLGERVQQRSRDKRKTINPDTLVRNLAELKIGQPVVHLDHGVGRYGGLVTLDTGGIKAEYLLLNYANESKLYVPVTSLHLISRYVGGSDESAPLHKLGNEAWAKSRQKAAEKIRDVAAELLDVYAQREATKGFAFKYDREEFQQFAATFPFEETYDQEMAINAVISDMCQPKAMDRLVCGDVGFGKTEVAMRAAFLAVMNHKQVAVLVPTTLLAQQHYENFKDRFANLPVNVEVLSRFKTAKEQKQILENLAEGKVDILIGTHKLIQSDVKFSDLGLLIIDEEHRFGVGQKEKIKQLRANIDILTLTATPIPRTLNMAMNGIRDLSIISTPPARRLSIKTFVRQNDDLVVREAILREILRGGQVYYLHNDVASIENTAEKLTALVPEARVIVGHGQMRERELERVMSDFYHQRYNVLVCSTIIETGIDVPTANTIIIERADHFGLAQLHQLRGRVGRSHHQAYAYLLTPPPKMMTKDAERRLDALENLDNLGAGFILATHDLEIRGAGELLGNEQSGQIESIGFSLYMELLDAAVKALKEGREPSLEELTQQQADIELRVPALLPDDYLGDVNMRLSFYKRIAAAENKSELDELKVELIDRFGLLPDATKNLLQIAELRLLVEPLKVVRIDAGTQGGFIEFSAKAQVNPDKFIQLIQKEPSVYRFDGPLKFKFMKDLSDNKVRLEFVVDLLRTIAA,length1,3474
-1,289805,288494,1311,MNNMQLKATSPLAEWLSYLEKSHFKPIDLGLDRIQSVAEKLDLLHPAPYVITVGGTNGKGTTCRLLETILLNHGLRVGVYSSPHLLRYNERVRIQNQDLPDEAHTASFAFIDENKTESLTYFEFSTLSALHLFKQAKLDVVILEVGLGGRLDATNIVDSHLAVITSIDIDHTDFLGDTREAIAFEKAGIFRENCPVVIGEPNVPQTMLDQAEKLHCQVARRDVDWLFEQNAENWQWQNKKVRLENLPFCQIPLANAATALAAVQYLPFDISEQTLRKSLQEVELVGRFQAIKTDKREKLADYLGVPVETLPTIIVDVGHNPHAAKYLSEKLTALKRSIEGKMIAVCGMLKDKDANGVFEHLTPIIDEWHCVTLGGYRGQSGDELAEKLKSHFPNIQATSDNSVMDGVCTALKSAVKNDVVLVFGSFHTVAEFWAVVE,length1,1311
-1,287366,286292,1074,MSVQNVVLFDTQPLTLMLGGKLSHINVAYQTYGTLNAEKNNAVLICHALTGDAEPYFDDGRDGWWQNFMGAGLALDTDRYFFISSNVLGGCKGTTGPSSINPQTGKPYGSQFPNIVVQDIVKVQKALLEHLGISHLKAIIGGSFGGMQANQWAIDYPDFMDNIVNLCSSIYFSAEAIGFNHVMRQAVINDPNFNGGDYYEGTPPDQGLSIARMLGMLTYRTDLQLAKAFGRATKSDGSFWGDYFQVESYLSYQGKKFLERFDANSYLHLLRALDMYDPSLGYENVKEALSRIKARYTLVSVTTDQLFKPIDLYKSKQLLEQSGVDLHFYEFPSDYGHDAFLVDYDQFEKRIRDGLAGN,length1,1074
-1,268493,267446,1047,MNKFTKQKFNTYLAGVAQDNGEDVAFIANGGQFTVEPTIQQKLENAVLESSDFLKRINVVMVQEMKGSALRLGVLSPVASRTDTNTKARETTDIHSLQENTYSCEQTNFDTHLNYPTLDSWAKFPDFAARVGKLKAERIALDRIMIGWNGTSAATTTNRTSNPLLQDVNKGWLVQIEDKAKARVLKEIEESSGKIEIGAGKTYKNLDALVFALKEDFIPAQYRDDTKLVAIMGSDLLADKYFPLINQEKPSEILAGDTVISQKRVGGLQAVSVPFFPKGTVLVTSLDNLSIYVQEGKVRRHLKDVPERNHVEDYLSSNEAYVVENYEAVAMAKNITILEAPAPISPVAA,length1,1047
-1,265556,265040,516,MIKRSAKYICAISAVVGLVIATYGNDIRTSEKGLLLIGNAEGCMKKPYQCPADVLTVGIGITDAVEKIDRNKIYSLQEIAELYVKGIKQSEKCVNQYANGQTMPQGAFDALVSITFNVGCGKLKNSSLFKMARQGYSKAMCGQFERWIYAAGKPLKGLIERRQKEKNLCLIS,length1,516
-1,262955,262190,765,MNNLQLTVLLNAIDKISAPVRSASKSVNELSAKLKESKSIHRQLNQQNKQHQAAMKQYASTINPLKSKLDSLNQELEQAKQKAASYAQYMKNAQHPTAGFQKEVEKAKSAVKKLKQEQIDAANKLQQARQELAKSGISAEKLAQKQRELQKNTKSATDQIKNQEAALKKLNAKQAAYNQYRGQVEKLKDISGKAQIIGAQATAAGTTMTAPIVNSIRDFMSFEDVMAGVARQVPGLKDKFGQFTPKYDEWKNKIK,length1,765
-1,262145,260183,1962,MVTAAARMDIQENELEDFIRLNTQMATAFDAENPDELVELFGKVQKNFKLTTKDAKELADTINYLDDNAISKGTDIINFLNNTSGIGNLVKISEKNLAALGSTLLTAGNEASTSAKAIESTFNRLSKATRMKPVNNGLKALGLDPKAIQKAMVKDAQGTLMMIVEKIKKLPKHLQAGVISDIAGGNYNTQLAGLVANTEEWRRQIELANSEEAKNSMAREFQTRMTTLSAKWQLFKNRLFNVNSSVGASLKDSMTSLMDGVGNLLDKIETWIDEHPKLTSTIAKTAVAIGGSLSLLGALSLALSFILYPAARLFLGLSKLNVIIPKFSGHLSSAGRLILRGLLSPLKLIALAISPLGIALLSVAALIYKFWQPIKAFFGGFWEGLKSGLAPVLEKFQPLGTAFGVVVGWIEKAVKWFTDLLSPVQSTKEDLDAAVSAGERFGNGMAKAIEFILTPLTRLMDGIKWISENMPSWEGIKNSVSSAWERTKNTSSNAWQSTKETAGSAWESFKDFTGFGSNGKKLPSQNWSGGYTGNGGKYEPMGIVHGGEYVMTKEATSRLGVNTLNALNYGKRALIAGGLGISVATAAPVQVDTRAPIFARPMMTQTSQPMSVNITINAAQGMDERAIAQQVAKQIQRIENQRQARARSSMWDRA,length1,1962
-1,259409,258854,555,MTNLSLNPIFESFAPIFKQLKTVAMSALFIAPLAINHPVRHTTHTVNIFSVQTDENKSINQQDIEKIIDMVKAVSAITDFVIASITAESLSYIDLSDVLRLESKINKYDDLANNIMVNNKTPELSTTLQSFSNKMHTLCNMMKSEKYKQQSDEVVLSRLYRKSEDAGYTYKSSHSFDDFKKAVMM,length1,555
-1,258311,257714,597,MPMSAELQRKLDNIIRFGVIAEVNHATARARVKSGDILTDFLPFVTFRAGTTKTWSPPTVGEQCVMLSVSGEFTTACILVGLYTQNSPSQSPDEHVIEFADGAKITYNQSSGALVVTGIKTASITAANQIDIDCPAINIKGNVNIDGSLSTTGTSTTKGNISTQGSVTASGDIKGGSISLQNHVHLEQGDGQRTSNAKA,length1,597
-1,257375,256463,912,MSELVDLSKLDAPKVLEDLDFESLLADRKAEFIALFPQDERAFWQARLSLESEPITKLLQEVVYLQLMERNRINNAAKATMLAYASGSDLDVIAANYNVKRQVIQEANNNVTPKIPEILEDDTSLRLRTQLAFEGLSVAGPRSAYIFHALSAHPDVADVSVVSPQPANVTVTILSRNGQGETNENLLNVVRAKLNDDDIRPIGDRVIVQSAVIQSYEIRAKLHLYRGPEYEPIKAAALKKLTTYTEEKHRLGRDISLSGIYAALHLEGVQRVELISPTADLVLPSSKSAYCTAINLEIVTSDDY,length1,912
-1,255968,253406,2562,MGRNHHGISTIGIFMASQYFAILTDYGTRAIAHALSQGQPLQLTQFAVGDGNGKAVTPTANATALVHQTHIAPVSAVSLDPRNNKQVIVELTIPENIGGFYIREMGVFDAQNKLIAYANCPESFKPTESSGSGKVQVLRMILKVESSSAVTLSIDNSVIFVTRQQMTPKTITATTQNGFNESGHSHQIAKASTTQQGIVQLTNDTGLESESLALTAKAGKKLAQQTTQLQLNVSQNYIQNSKKSSAVNSESEDNVATSKAAKTAYDKAVEAKTTADGKVGLNGNESINGEKSFENRIVAKRNIRISDSQHYASRGDYLNIGANNGDCWFEYKSSNREIGTLRMHANGDLTYKRQKIYHAGAKPQFNTDIEGKPNTLAGYGIGNFKVEQGQGDANGYKTDGNYYLASGQNLPENGEWHIEVVSGGATNAVRQIARKANDNKIKTRFFNGSSWSEWKDAGGDGVPIGAVVSFPRAVTNPVGFLRADGSTFSQQTFPDLYRTLGNSNKLPDLTRSDVGMTAYFAVDNIPAGWIAFDEIATQVTEQRYPELYRHLVGKYGSISNVPLAEDRFIRNTGNGLNIGQTQSDEIKKHVHRVRTHWADSSDSSIFYDKTKTVIDSRLRTATTTDDNLSDNGFMHPLLDTPMATGGDETRPKSLILKLCIKAKNTFDDVQFWVKAFGVVENAGILDAGTLVQNMQALSARVDQEIKENKQSTLQEINNAKVDINQQFLQAQKNLSQIGTLKTVWQGNVSSGSINISEKCFGKTLILYLQSSSGHRLDDNNNIEIVSFEVGAEIEGKRGGGVYFSSIRQVIPHSSGGTSVYHVEVEEFAVTVDRNGTTIHIEELAGRFVKRIDIR,length1,2562
-1,252233,251414,819,MSILGSMTDAVNKTKTPQAPTISTQSPTKDTSQTMAGNVSNLLNSNSLLMNSAAAKGERMAANRGLQNSTIGVESAQRAMLDAAIPIASQDTQNAFAEKQTRLQADLNFQNQSKLNQQQNQFTASQAELERGHQRGMAQLQSDLAYSNQSRLNQAQNQFTASQAALERQQQKDMANLNHQNEMKNLNAQVAANTIGKSIDFTMQITNNFDAQIATILNNSNMKAEDKTKAIEQLKASRDSEIQFMSKFMQGIPTTQQNWSSFPSLGVPSIQIS,length1,819
-1,251033,250754,279,MIVLVSQWKKLAMSELVILIHPFPVEVVGEKITVVIVIVVRQIDGMTTNLDTEKTKSILMHLMSEEITLVGAVVIAQLAEQLVKNIIHFLMGK,length1,279
-1,249125,248837,288,MKFQRRLQKLEFQHVILMVVNQKRKKIFLAQLKRLVFMIANYIPCKKNCPQQKIKSNKMRLQQESMLFLLNARIILNALIQSLHLRGLARWDKRFI,length1,288
-1,246878,246455,423,MLQDAVKDLGCELWGIECQRVGRFMTVRLFIDKEGGVTVDDCADVSRQVSAILDVEDPIADKYNLEVSSPGLDRPLFTLPQFERYIGQDIAVHLRIPVMERRKWQGKLERIEKDMITLIVDDQEQILVFGNIQKANVVAKF,length1,423
-1,244937,242405,2532,MTEDVKADAPKKLSIQRRTKTTVSSTTTGGKSKEVQVEVRKKRTVKTDIAQQEEAKLKAQQEAEAKKIAEQKAAEEKARLEAEKAATKKEADEKSKAEKAKAETAKPAKSAVDSKAKFVDPEKEKRKAEEAELRRKAEEVARQKAEEQARRAAEEAKRYAEADDSDNESSSEDYSDYNLSSRYALEAEDEEDRRNENRGRGKNKVAKAKKGGRDDENSKNSKNERESNRKNQKDAKFGKGKNGKKGTALQQAFTKPVQVVKADVVIGETITVAELANKMSVKATEIIKVMMKMGEMVTINQVIDQETAQLVAEELGHKVILRNENELEEAVLGDRDVNAEKVTRAPVVTIMGHVDHGKTSLLDYIRKAKVAAGEAGGITQHIGAYHVEMDDGKMITFLDTPGHAAFTSMRARGAKATDIVVLVVAADDGVMPQTIEAIQHAKAAGAPLVVAVNKIDKPEANPDRVEQELLQHDVISEKFGGDVQFVPVSAKKGTGVDDLLDAILLQSEVLELTAVKDGMASGVVIESYLDKGRGPVATILVQSGTLRKGDIVLCGFEYGRARAMRDENGKEVDEAGPSIPVELLGLSGVPAAGDEATVVRDEKKAREVALYRQGKFREVKLARQQKAKLENMFSNMSEGDVAELNVIVKADVQGSVEAIVQALNELSTNEVKVKVVGSGVGGITETDATLATASNAIIVGFNVRADATARRVIEAENIDLRYYSIIYELLNEIKAAMSGMLEPEFKQEIIGLAEVRDVFRHPKFGAIAGCMVTEGVVKRNNPIRVLRDNVVIFEGELESLRRFKDDVSEVRNGMECGIGVKNYNDVKVGDQIEVFEVVEVKRSI,length1,2532
-1,239507,239045,462,MLKIHQTRHLDFLLTIILIFYPYTITQQFIKRLITHNQVANIAFCRGFHHRINRTFRQLRIKFTHRLTQLLNKNYTAQIATGKFALMNRQIFTIAIFPTEGLQALKGELFDVVFVEHFIVLHHLIIPARLQCFHHDRHHTKLEKYWILLILLFC,length1,462
-1,228422,228002,420,MIQKLFLLVRSLVILSIMLSLGNLIAYYIPSGVPGSIWGLLLLFLGLTTRVIHLNWIYLGASLLIRFMAVLFVPVSVGIIKYSDLLIEQINILLVPNIVSTCVTLLVIGFLGHYLYQMQSFTHKRKKVIKRRENQVKQAN,length1,420
-1,227981,227288,693,MQQYIIYLYTFLTIFGFWLALQISKRWKSMIFNTFVLTVLILAAILVIGKIPYDDYMAGNAPINNLLGLSIVALALPLYEQLRQIAKQWKIILSTVVIASFLAMLSGGLLAFLLGATPEMVATVLPKSITMPIAMEVSRHLGGIPAVTAVGVVVAGLQGSIFGYLVLKKLGVKHQEAIGLSVGSVSHALGTVSCMETNPTAGSYSSISLVLCGIISSILAPFVFKLIYFFV,length1,693
-1,209735,209273,462,MQSNMQLEPNFWQTKSLLEMTESEWEALCDGCGKCCYRKYIQGRSKRQKLYYTRIACNLLDVETGKCGNYSERFNIETDCTKLTKKNLPDFHWLPDTCAYRLLYEGKTLPEWHPLISGSPHSVKNADILIKNGIHERDVIDWFEFIIDEDHTFK,length1,462
-1,204809,202835,1974,MFKIYNNGNPIPMGYSQAVENNVQITNFALFSAAAIGVELCLFDEQNQETRLPMVRTENVWHLAVTGVKTGTEYGFRIHGEFANPNKLMLDPYAKAVNGKPDLSSEESCSWFLLSDNRDNAHLAPRAVVISEDFNWENDTLPNTPWAETIVYELHVKGFSQLNEKIPAALRGTYTGLAHPVNLAYLKELGVTAVELLPVNFHINEPHLQARGLQNYWGYNPLAMFAVEPKYAATNNPLAEFKAMVKAFHNEGIEVILDVVFNHSAESEQTYPTFCQRGIDDQTYYWRNDQGRYINWTGCGNMLNLSSDVGRKWVVDCLRYWVEQCHIDGFRFDLASVLGRDTPDFNSSAQLFTDIKNEPSLQNIKLIAEPWDIGHYGYQVGNFPSYFAEWNDRFRDDLCRFWLWKSGEIGAFAERFAGSIDLFKKNDRLPHTTLNFITAHDGFTLKDLVSYNQKHNEANGEENHDGRNENYSYNHGVEGSTESLSEPQKSAVENNRTFAQSGLLMSLLLANGAPMLLAGDEFGNTQYGNNNAYCQDNEITWLKWANFNEELFELTKQTIALRKRMGSLNQDQWWSDENVQWLNIAGEPMTVEDWQNQQTKALQVVLDNRWLLLINAKAEGQVFHLPNGKWKPQIGTHNVTLEEQAELSSMGFCMLNDE,length1,1974
-1,201401,199973,1428,MKILHVCSELYPLLKTGGLADVLGALPQAQNQIGLDARVLLPAYPAIIAGIQNTQVVAEFDNFAGHVVLRYGEYNGVGIYLIDAPHLYGREGNPYHDAYYNDYGDNYKRFALLGWVGAELATGLDSWWRAEVVHAHDWHAGLCAAYLFNKGRPAKSVFTIHNLAYQGQFSYHHLYEIGLPTGMFHVEGLELFGQISYLKSGLFYSDASTAVSPTYAEEITTPEFAYGLQGLLSGLKAQGRLVGILNGVDENIWHPNVDQYIPHHYKLKYMAGKKKNKAELQAYFNLPQDESALAFVMVTRLTEQKGVDLLIESADEIVKQGGQLMILGSGAPHFEQGIRELAERYPQNIAVKIGYDEALSHLMVAGGDVILVPSRFEPCGLTQLYGLQYGTLPLVRKTGGLADTVVDSTSESIKARTATGFVFESATPEALRHCLQRAFALWQKPRAWAMVRTDAMEQDFSWRKAAEQYRTLYERL,length1,1428
-1,199724,197261,2463,MIMDNFDSPFQYNRPEMTVEAIKKSIVYKLIFLIGRSPREASQRDWLNATLHAVRDLVTEGWITTARQTRAEDSRRVYYLSMEFLIGRTLSNAMIAEGIYGLAQEALSELNVDLEEVLEKEVDPGLGNGGLGRLAACFMDSIATLGLPGMGYGIRYEYGMFRQKIENGQQVERPDAWLEKGAPWEFIRPSKRFTVEFGGNIHFEGKKCIWQDTEKVTALAYDQMIPGYQNNSAATLRLWSAHAGEVFNLADFNRGEHLAALEEHSANKNLSRVLYPDDSTWNGRELRLRQEYFLVSASLQDILRRHKRTHDSLENLADKVAIHLNDTHPALAIPELMRILVDDEGFEWKKAWEMTRNIFSYTCHTLMSEALETWPVEMMAKILPRHLQMIFEINDHFLEYVRTYVTTDNDFIRRVSLIEEGYQRKVRMGWLSVVGSHKINGVAEIHSDLMVTSTFADFARIFPERFTNVTNGITPRRWLAVANPQLAALFDKYIGSEWRCDLSQIEKLKPFKQEKAFKEAVADIKFANKVKLAEYVKRELGVELDPHALFDVQVKRIHEYKRQMLNVLHIIARYNEMLASPEKDWQPRVFILAGKAASAYYAAKQTIHLINDVANVINNDERLKGRLKVVFIPNYSVSLAQLIIPAADISEQISLAGTEASGTSNMKFALNGALTLGTLDGANVEILENVGEDNIFIFGNTVEQVEQLRREGYRSFEYYQNDAQLRTVVDQIIEGKFSPEDPQRYHQLLQGLQYHDYYQAFADFRSYVETQKAVDEKYKQRDQWIESTIQNIVNMGFFSSDRTIKEYAERIWKVEPVQLDD,length1,2463
-1,195449,194027,1422,MSEGLVQAAYILAALLFIMSLAGLSKHETAKAGCWFGIVGMTIALIATIFGPHSEGTFWIIIAMIIGGVIGVQRALKVEMTEMPELVAILHSFVGLAAVLVGFNSYGLHHEALMPEGLDAAAQAAFVAEQAVLTNIHNVEVFLGIFIGAVTFTGSVVAFGKLSGKINSKALMLPHRHKLNLAALVVSALLMVAFLNNPESIFPVLLMTAIALAFGWHLVASIGGADMPVVVSMLNSYSGWAAAAAGFMLNNDLLIVTGALVGSSGAILSYIMCKAMNRSFVSVIAGGFGNDVQVSSSEEQGEHRETTAEEVAELLKNASSVIITPGYGMAVAQAQYPVADITAKLRERGVNVRFGIHPVAGRLPGHMNVLLAEAKVPYDVVLEMDEINDDFADTDVVLVIGANDTVNPAAMEDPNSPIAGMPVLEVWKAQNVIVFKRSMAVGYAGVQNPLFFKENTQMLFGDAKDRVEDILKAL,length1,1422
-1,177830,176774,1056,MNDIQVAKESLDKIIKKARVHLYKPIQIAEILYQDRVNKNINLLDKETYRNISKKWRDVICIRFLGRVSTSSAKYQDDLFNDNAMPPKHLNILGEMNRKTNGGVESYIYKKFFERFNQMSSALEYSYSRTPDNFHLSEFLALFWLEPGLKRSIDKVYEIVVYALFSSLIEALGVKVKIDLDLSNIDLLKEFEDFTRQIISLDSENTSLELNAKINRVGVTNASDRGLDMWANFGMAIQIKHLSLTEELAENIVSSVSSDRIVIVCKESEEKLILSLLNQIGWRSKIQSIITEADLIKWYDKALRGKSAYLVGSKILEHIRNEISLEFPATDIVDFNHFFHECEYNKALDIEK,length1,1056
-1,176768,176036,732,MTDNLQDVISPKLAVAIANPIFPAVDSLLRSGRHISTEHLDNHAFLMDFQNELDGFYRRYNVELIRAPEGFFYLRPKATTLIARSVLSELEMLVGKVLCYLYLSPERLAQQGIFSTQEVYDELLNLADEGKLLKAVNQRSSGSDLDKQKLAEKVRAAIGRLRRLGMIQTVGEQNSGKFTISESVFRFGAEVRSGDDPLEAQARLIRDGEAATPESLSLEKQAQLVENDTESADEIDEEFDGEQE,length1,732
-1,163214,162908,306,MLIGRFSQLGASSVKKIAIPNEMGTAINNAIPAVISVPKIGIIAPYCSCTGSQYVSNRKLPPKRLILSQLPMTKEIKIAASKINTSKANNAVVCLNNDSIHV,length1,306
-1,155474,154043,1431,MMITQDFTKPIDSATVLQKIVLDKAQWVKAKETEFPLSQFKEKIQQSDRSFYDALAKGTHQKPAYILECKKASPSKGLIRAEFNLEEIANVYKHYASAVSVLTDEKYFQGNFEFLPLVRGIVSQPVLCKDFMISEYQVYLARYYQADAILLMLSVVNDETYRVLAELAHSLGMGVLTETSNEDEFERALALGAKIIGVNNRNLHDLTVDLNRVVELTKKYADCIPANVRIISESGIYNHKQIHQLQKVAHGFLIGSSLMGNQDLNNAVRSVIFGENKVCGLTRAQDVKIVYENGALYGGLIFVEHSKRCVSLRQAQELVTAAPLRFVGVFQNQEIDFIVKIANQLQLYAVQLHGAETEAFITALRQQLPKNTQIWKAISVNIEAQSAVDFTDDLNVDRYIFDSQTSNQQGGTGKTFDWSLIPENLKHKIILAGGISPNNVEQAIQQNCLGLDINSGVESSAGVKDQEKVRLVFNNIY,length1,1431
-1,145454,144848,606,MKMKSLFVAMITFFSAAPFAHWQPIGNAEYTWGPFHVYTIGLFSETGTYQENERPLMLSFKYEKPIEGKNFAITLIKEIETLKLNDGDTQSWLKEMQATFPDFSPNDILNYIALPDRGYFVLNDTVLEHDFDAKFNQAFIGIWLAPNSTFVKLQPQLLGKTKSNHEATEFYLKPEIESFDEQDSTPELPPNYLLDSQKKSQG,length1,606
-1,140351,139946,405,MVYSLYRPKFGENTSSSRCPVGEIFHLGKIINRFNRSVGCNGEVMLIVSVTSNKPTAPYKLDHCNALVNVSRSFNLRSSLVNSSSCSDFKSFEKISRQLRTISSERLIQTLFAIQLSRHNASICIKSSVKLSPRA,length1,405
-1,137990,137714,276,MNHLLTFYEKIIFTNPLETGIPEAVAKLALLNDYSALRAWREHLGLTQAEVASRLGISQAAYSQHENSQTLRKSTRIKIATALGINSAQLDF,length1,276
-1,126833,126500,333,MQTIYVKDFSQYPGPRYIKDGKASGEEFRDSILIPAIKRDPDIILNLDDTEGYGSSFLEETFGGAIRKGISPEVVLNLVKNLISNDDHDIIDEIKSYVEKEIEILSLKDNK,length1,333
-1,124082,122813,1269,MKTVKARLTELKNLINTKINEDYEWMGEIKSPEIIKEIEQLYPLIEKIEKSGKSLEISYAKYISLQLIKKIIRILNKKRASNKWDEYDVNSFILSLIKLRMTIKELYLIEVKGELRTEEELNAIAADISKAKLNLEEHISLEEQLVENKKEFENLKNSLITLKKSYNDAQEQITEISQWHEQSEKLSGDISNYEFTAQNNLTKITTLATTAETNKPQIEKYHEDIEGMIKLFNKQKEEIEMIIEDANRASMAGSFKTQSENIDSKMKAVDKILLGSLVATSVISLFNYSTSLSAADSLNILQFLAKSIVTIPLLVIAWLKAKERAYLFRLREDYNYKYSSAMAFEGYKKQVQEQDPKLHQQLLQIAVDNLGINPTKVFDKDLKSTPLETIIDGVGKRLDKAVDGIKGEVNDIPKKTKELIDDE,length1,1269
-1,120668,119897,771,MKNFVAGAQSGRKIQSGGCAIHCQDCSISQLCIPFTLNEQELDQLDNIIERKKPIQKSQVLFKAGDSLNSIYAIRSGTIKSYTISESGEEQITSFHLPGDLVGFDAITQMQHPSFAQALETAMVCEIPFDILDDLAGKMPKLRQQILRLMSSEIKSDQEMILLLSKMNAEERLAAFIHNLSKRYSARGFSAREFRLTMTRGDIGNYLGLTVETISRLLGRFQKLGVISVQGKYITINDLNGLIELTGTNKTKITLVK,length1,771
-1,118646,117812,834,MKKTLITGLLVLAGTAQAHEVWVQAPTKLTSSSVLKAELAYGDYPYVEKIPEARLKIFAPMEIIRQDGEKQTLIQKGENYQYQSEKALSDGSYWVTATYKPTFWSQNAEGWKMDNLKELENPTYCEQTQMFGKSLVTVGKKPLNAEMAMTRVGLPLEIVPLRDPSKAKSGEPFPVQIFYQDQPLAGETVIATADTIIVKDLEASTGHREPQGFSGKTDSQGRVNIIPLIDGIWKIKVIHKTPFADQQICQQSASYSTLILPVGKGLAKLPPKPEHHHH,length1,834
-1,102422,101546,876,MSYAKEIDTLNQHIADFNKKINVSFEFFPPKNEKMETLLWDSIHRLKVLKPKFVSVTYGANSGERDRTHGIVKAIKQETGLEAAPHLTGIDATPEELKQIARDYWDSGIRRIVALRGDEPKGYAKKPFYASDLVELLRSVADFDISVAAYPEVHPEAKSAQADLINLKRKIDAGANHVITQFFFDIENYLRFRDRCASIGIDTEIVPGILPVTNFKQLQKMASFTNVKIPAWLVKAYDGLDDDPTTRNLVAASVAMDMVKILSREGVNDFHFYTLNRSELTYAICHMLGVRP,length1,876
-1,99506,98294,1212,MLTLDQARSKMLEQIPFPTQTESLNLQEAANRICAEDIISPINVPSFDNSAMDGYAVRLSDLQQSLTLSIAGKSFAGNPFQEEWQSLSAVRIMTGAMIPEGADAVIMQELVTLNEDGTITFSELPKPNQNIRRIGEDVKKGDVVLEQGAPLTPVSLPLLASLGIAEVKCYRQLKVGVLSTGDELVEVGKPLQSGQIYDTNRFTVKLLLEKLNCEVIDLGLLPDNEAEFEKAFIAAQSQADLVITSGGVSVGEADFTKAVLEKVGKVNFWKIAIKPGKPFAFGKLENAWFCGLPGNPVSALVTFYQLVQPLIAKLQGQKQWKNPPHFSAIATMNLKKAVGRLDFQRGFYHINEQGQIEVQSVGFQGSHLFSAFVKSNCFIVLEQERGNVSAGETVIIEPFNHLLG,length1,1212
-1,98288,97559,729,MIELSHEEELRYNRQIILKSVDFDGQEKLKASKMLIVGLGGLGCAASQYLAAAGVGNLTLLDFDTVSLSNLQRQVLHCDARLNMPKVESAKIALEQINPHINIETINAKLDEKKLAEIIPHFDIVLDCTDNVEIRNQLDRQCNHAKIPLISGAAIRMEGQVSVFTYEPNTPTYRDLSKLFGQNVLSCVEAGVLAPIVGIVGTIQALEAIKVRLKIGKNLCGRLLMIDGFSMNIREIKLPTNVE,length1,729
-1,84254,83942,312,MKIKQGAFFLACSNISRTRDAPTPTNISTKSEPEIVKNGTFASPAIARASKVLPVPGGPTIKIPFGILPPKFWNLFGSRKKSTISPTSSFASSQPATSAKVTLI,length1,312
-1,79997,79718,279,MKAISVVLEKANVGAVLQGKSRYSGFSNEMARFIPSLSLMRNQRHYCQLSERKLSLIALCIRIPFVVMMCLMSVNLAIFASITARILLKITTT,length1,279
-1,75359,74915,444,MKYQKLENQEANWKWIYLIRKHREGENITRYEERSLQEAKAQELLESQNYPEKIEEWIKNHLSPALPIKLEQAIRARRKRFFNGEKQHTKKKSIDLEYAVWLRLSKYSRKMKMTLSETITYMIDERESKAQFENQMAAMKTSLKNLLK,length1,444
-1,71489,71174,315,MPIHFRVAWQLVVKFLPNVGNPLNLARPWLGLISVLKCLAPIKFDVTLPIFLGVAKFVGIEQNYLPNVANLLHFAEFDEYPLHLSQKVRSQSRSKLDVLPHSNRL,length1,315
-1,64607,64310,297,MAKRRSSCSTGFSCKNSANVAKFSYACFHNSGKSAVDFWSFLYRSFKSRRATVRKFLSFSNSSGSPNALAISSLRQLVSRNTSEKPLCSNKTLSIIFSV,length1,297
-1,61145,60125,1020,MQVIKENNMNNQNPIEIYQAQDGTTQVEVRFENDTVWLSQAQMAMLFGKDIRTINEHITNIFDDEELEKESTIRKFRIVRQEGKRQVNREIEHYDLDMIISVGYRVKSKQGISFRRWATARLKEYLTQGYTINQKRLQQNAHELEQALALIQKTANSSELTLESGRGLVDIVSRYTHTFLWLQQYDEGLLAEPQTQQGGTLPTYAEACSALAELKSQLMAKGEASDIFGRERDNGLSAILGNLDQSVFGEPAYPSIEAKAAHLLYFVVKNHPFSDGNKRSGAFLFVDFLHRNGRLLEHNGYPVINDTGLAALTLLVAESDPKQKETLIRLIMHMLKQEKK,length1,1020
-1,53945,53663,282,MVTGCKPPVSTLRPGKLTSTRSFSNFALSSACSHSVFFAFKNSNAACFASLIFAPIAGRSSADTLRNSCINCVKYPFLPKYSTRISSKAVKLLS,length1,282
-1,48293,46892,1401,MSKVASIVDVLQGKVAIGETVTVRGWVRTRRDSKAGLSFLAVYDGSCFDPIQAIINNDIKNYESEILRLTTGCSVIVTGKVVESPSEGQAVELQAEKVEVTGFVEDPDTYPMAAKRHSIEYLREVAHLRPRTNIIGAVARVRHCLSQAIHRFFHEQGFYWVATPLITASDTEGAGEMFRVSTLDLENLPRSENGKVDFSQDFFGKESFLTVSGQLNGETYACALSKIYTFGPTFRAENSNTTRHLAEFWMVEPEVAFATLADNAKLAEDMLKYVFRAVLAERKDDLQFFEKHVDKDVITRLENFVNSDFAQIDYTDAIDVLLKSGKKFEFPVSWGIDLSSEHERFLAEEYFKSPVVVKNYPKDIKAFYMRLNDDGKTVAAMDVLAPGIGEIIGGSQREERLEVLDKRMEEMGLNPDDYWWYRDLRKYGSVPHSGFGLGFERLIVYVTGVQNIRDVIPFPRAPRNANF,length1,1401
-1,46814,46127,687,MDKIKQLFANNYSWAQRMKEENSTYFKELADHQTPHYLWIGCSDSRVPAEKLTNLEPGELFVHRNVANQVIHTDFNCLSVVQYAVDVLKIEHIIICGHTNCGGIHAAMADKDLGLINNWLLHIRDIWFKHGHLLGKLSPEKRADMLTKINVAEQVYNLGRTSIVKSAWERGQKLSLHGWVYDVNDGFLVDQGVMATSRETLEISYRNAIARLSILDEENILKKDHLENT,length1,687
-1,41462,39566,1896,MTTNYSAQEITVLKDLEPVQIRPGMYTDTTRPNHLAQEVIDNSVDEALAGFASKIEVILHPDQSIEVTDNGRGMPVDTHPTEGVSGVEVILTKLHAGGKFSNKNYEFAGGLHGVGISVVNALSERVDIQVKRNGEIYKIAFENGSKVEELEIIGTCGRRTTGTTVHFKPNPKYFDSAKFSVSRLRHLLRAKAVLCSGLEIKFIDKVNNTQDIWLYEDGLSDYLIEAVNGFETLPEKPFVGEFKGTNEAVSWALLWLPEGGELIGESYVNLIPTIQGGTHVNGLRQGLLDAIREFCEFRNLLPRGVKLTADDIWDRCSYILSLKMQDAQFAGQTKERLSSRQSAVFVSGVLKDAFSLWLNQNVQDAEKLAEIAISSAQRRLRAAKKVVRKKLVSGPALPGKLADCGSQDLEKTELFLVEGDSAGGSAKQARDREYQAILPLRGKILNTWEVSPDQVLGSTEIHDIAVALGIDPDSNDLSQLRYGKVCILADADSDGLHIATLLCALFLRHFPKLVQDGHVYVAMPPLYRIDLNKEVFYALDENEKEAILDRLKNKKGKPNVQRFKGLGEMNPSQLRETTMDPNTRRLVQLTYDLGEDQGSDTLELMDMLLAKKRSEDRKNWLQAKGDQVDLSV,length1,1896
-1,39497,37256,2241,MTNINYEGIEQMPLRTFTEKAYLNYSMYVIMDRALPFIGDGLKPVQRRIVYAMSELGLNATAKYKKSARTVGDVLGKFHPHGDSACYEAMVLMAQPFSYRYPLVDGQGNWGAPDDPKSFAAMRYTESRLSKISEILLNELGQGTVDYQPNFDGTLAEPQYLPARLPHILLNGTTGIAVGMATDIPPHNINEIADAAVMLLDNPKARLDDILEIVQGPDFPTEAEIISPKSEIRKIYEQGRGSIKMRAIWKKEDGEIIISALPHQSSPSKVIAQIADQMTAKKLPMLEDIRDEADHENPIRIVLVPRSNRVDTDALMAHLFATTDLEKSYRVNMNMIGLDHKPAVKGLLEILNEWLTFRRTTVTRRLQYRLDKVLSRLHILEGLMIAFLNIDEVIEIIRHEDDPKAELMARFNLSDEQADAILNLRLRHLAKLEENQLKAEQDELEKERLNLEAILGSERRLNTLIKKEIQEDAKKYASPRMSQLVEREEAKMISESDMTPAEPVTVILSEMGWVRCAKGHDIDPKSLSYKAGDSYLAHACGKSNQAVVFIDSTGRSYALDPLSLPSARSQGEPLTGKLNLPTGATIEYVVMASEQQELLMASDAGYGFICKFEDLIARNKTGKALISLPENAKVLKPKTLINSTALVVAITSAGRMLIFPAQDLPVLSKGKGNKMITIPAANAKDRSELLTKLLLISDQASLEFHSGKRKIVLKPEDLQKFRAERGRKGSTLPRGLHTNLEIMVVEP,length1,2241
-1,29279,28580,699,MNAIILAAGLGSRFKDITQSTHKSLLDIHGTPNLERTLTFLRQANIDNIVIVTGYLHEQFEYLKKKYDCTLIYNEKYREYNSIYSFSLAQDFFSDCYVIDADVVLNRNIFLTKPSHSKYFTVIRSKTHNEWLPILNSNGQVIRIEIGSLNQSSLSGVSYWTTRDCDIILTLLKEYTSEVRLKNPKLYWDTIPMEYIEKLNIYTEQLNSDDIFEMDNLDDYHHILQKLTPNKEK,length1,699
-1,12797,12443,354,MFCITLPTNVVTALSLAQAICGVIIKLGIVFAAKINGLSFSGGSFTITSKAAPPKCPVFNASTKASSSIKGPRPVLIKNAPFFILDKVSTLIKFFVVSVNGQCNVTISACFNTSSKGV,length1,354
-1,11831,11558,273,MKFKLRYPILEKILLNHRSLSFERQNLQAQKVAMQKGHHILLDLDLDVLLRINLQCLLLNLNALIRLLAHDDHSMPPQMDRDIEVNGLHQK,length1,273
3,1538,1223,315,MATIIKNGKRWHAQVRKFGVSKSATFFDSSRRKKWAEMLEKQLESGKYNEIPDITLDELIDKYLKEVTVTKHGKREERIRLLRLSRTPLAAISLQEIGKAHFREW,length1,315
3,4442,3908,534,MEHKLEDIIAIFNQCFEEEYNTRLVKGGDEPIYLPANDEVPYNAIYFARGFYSSALHEIAHWLVAGKERRKLEDFGYWYEPDGRSEERQRDFEKVEVKPQALEWILATAAGFRYFASADNLNGNPGDTQPFKQAVYEQVKIYAEKGLPKRAEMLRKALVAFYGTEDEIDLAKFDVVRI,length1,534
3,6680,6128,552,MKLTKTLLTTALFGASVFSFQSTAWADTLEQQFQQGLTAYEQSNYQTAFKLWLPMAEQGYAKAQFNLGVMYAKGQGVKQDDFEAVKWFRKAAEQGYAEAKFNLGHMYSKGRGVKQDDFEAVNWYRKAAEQGDADAQAILGFLYLLGERGVQVNKSLAKEWFGKACDNGNQNGCEYYGKLNRGEL,length1,552
3,10955,10154,801,MKYYRRALYDQFMHFYLVISDDGSLEAQLRGKMGGLVRKARKEISPDWSKEEQIHQLLQLFYGDWGFHCDPEDYFYARNLYLPYVFQNRQGMPVTLGAIVLYLADVLDLPIYPVNFPTQLILRAEVRDEVAFIDPWDGTYISQEKLQQLYEGAFGFGAKIQPEELDRADLSLLYSRFEQLAKNALIREEHNDMAYHYIKNLMITDAENPYHIRDRGLVLAQMGAYPSALKDLEFFVEHCPKDPTAAFIRTQFLELKGEINKDTFPLH,length1,801
3,14012,12833,1179,MNFPISLYIALRYWRAKSADRFGRLVTNLASLGIVLGVMALIIVLSVMNGLEGYQKQQVLSSIPHAIVSEEQPISTEKTLENLPHFVQKAVPINTTNVIYQTAKGVSAGQIIGIQSFSDDPLVESFDQTKFNEILPRGEFKLVIGDQLAQKLGVNIGDKIRLMITENSQYTPFGRVPMQRLFTVSDIYYDYGEASGYEAFANITDIGRLMRIQPQQAQGYRLFLNDPFQITELPQHFSTQKITDWRVQKGEFFQAVRMEKNMMGLLISLIIVVAISNIVTSLSLMVVDKQGEIAILQTQGLTKSQVRSVFIYQGLLVGFVGTLLGAILGVLATLNLTEIVSAVNPQGVFLPTELSFVQMIFVIGFSLLLSLLSTLYPAYRAAKVEPAAALRYE,length1,1179
3,15323,14033,1290,MMDEQSLLAFDTQHIWHPYSSVSSDMPLYAVERADGVMITLKDGRRLIDGMSSWWAALHGYNHPRLNAAAQNQLAKMSHIMFGGFTHDPAVELAQLLVQILPNGLDKIFFADSGSVAVEVAMKMAIQYQHAKGEVQRQKFATIRSGYHGDTWNAMSVCDPTTGMHHLFHHSLPVQYFLPQPNIPFNESWNDCAIEPLADLLKKKGSEIAALILEPVVQGAGGMYFYSPTYLVKAQALCKQYGVLLIFDEIATGFGRTGKLFAAEHAGISPDIMCIGKALTGGYLTLSATITTTEIAQIICRGEAKCFMHGPTFMANPLACAIAAESIRLLLESPWQQNIQRIEHSLTQQLSPLAEKDYVKEVRALGAIGVVEMKSAVNMKTLVPRFVEQGVWIRPFGKLVYVMPPFVIKNDELQKLTEGMILALTQEYEH,length1,1290
3,20567,19319,1248,MNTPFFISWRYQRGKQKNPLVALIAKFSAIGIALGVAVLIVGLSAMNGFERELNQRILAVVPHAEILSAPNATDPTIHHWQNLEKRLQQNPQIKGISPFVSFTALVENGSKLKVVQVKGVEKQAEDKVSSIGNFVQEQGWNKFEKEGGLVLGAGIAKELDVKVGDWITLLISQQNGDEQFAQPTREPVQVTAILRLDGQLDYSYALLPLAQAQTFLTYQPDQITGVELKLDDPFSARNLDLSMLNDYPQMLYMQNWISKFGYMYRDIQLIRTVMYIAMVLVIGVACFNIVSTLIMAVKDKQGDIAIMRTLGANNAFIKRIFIWYGLQAGMKGCLIGIVLGIILALNLTTFIQGIEWVIGKKLLSGDVYFVDFLPSELHWLDVLMVLVAALALSLMASLYPASRAAKLQPAQVLSSH,length1,1248
3,27743,25898,1845,MFRVLKFCWKVLCFIRDLVMNVVFLGFVLLLVAIISFSSGGKKSTALTSEGALLLNLDGYLADNRDETLRWQDALSELNGEHVPRKISTFDVVFAIQQAEDDPKIKGLVLDLNYFEGADLPALDFIGGAISHFKDAGKPVIAYADNYSQGQYYLASFADEIYLNSIGSVDIHGLSQENLYFKEMLDKLAVTPHIFRVGTYKSAVEPFLRNDMSAEAKANMQRWLGEMWNNYVLSVSENRNIKKDRILPNAKQYLAELKALKGNSTAYAQQRGLVTDVVTRLDLDKKFTALFGKGSDGKANLIEFDDYLTQLPDRLEHYNVPNKIAVVNVEGTIIDGESDEENAGGDTIARILRKAHDDNSVKAVILRVNSPGGSAFASEIIRQETENLQKIGKPVIVSMGAMAASGGYWISSTADYIIADANTITGSIGIFTMFPTFENSIKKIGVHADGVSTTELANTSAFSPLAKPVQDIYQTEIEHGYDRFLEIVSKGRQLSKTQVDKLAQGQVWLGSDAFQNGLVDEIGSFNEAVNKAEQLVNQRQDTAVQDFSVEWFTDDNVSLISTLLRDTKKGTQEQLVKWLGLPAPIQKLQKELNVLTKFNDPKGQYLYCLNCGKVQ,length1,1845
3,46877,46541,336,MFNFKHIDGILHNRKAIKICVNYLVSNITMYKKLTWFKIRQFLSGYTAIRATNPKVMWRLMIRKFFEVSRIFFFHSLCPTVIVGKELFNFIHFTFLKILKKLTALWRKCGQY,length1,336
3,50972,50483,489,MTENNPLKKISLLNPIHLLAVGFGSGLIYPAPGTWGSLAGTILGVILLSLLGVKIFLIFTALCFLLGCYLCQKTTADMGVHDHGSIVWDEFVGVFIVLAAIPSLSWQWILAAFALFRFFDILKPFPIRYFDEKLENGFGIMIDDVLAAIYAVIVVFAIQYWML,length1,489
3,52430,51620,810,MTLKIAIAGAGGRMGRQLIQAVHSAEGVELGAAFERKGSSLVGTDAGELAGIGHLGVAVSDDLESQKDKFDLLIDFTRPEGSLEHIAFCVANNKKMVIGTTGFDQNGKAAIKAASDKIAIVFASNFSVGVNLVFKLLEKAAKVMGDYCDIEVIEAHHRHKVDAPSGTALSMGEHIAKTLGRDLKTHGVFCREGITGERKRDEIGFSTIRASDVVGEHTVWFADIGERVEISHKASSRMTFANGAVRAGKWLENKANGLFDMTDVLDLNNL,length1,810
3,53459,52721,738,MKLLIKTSLSQWICLNFAKIPIFKMLGFITALFITACSSISKEPVKTVDIYIKPYYSAENGKAENVFVHKEIDPMLRENTLKGYKSTVKFLEENPARISPMTMFTLAARAYDFGLRDEAVTWFYRGQNRLITALYVLDLPKQTVQDNTGFSHVVGQFVNAYAFCDFDKQSRAAENAVKWTIAHPYEVIFLPALPAKFADRQKALKEAEEKLVQRLQEQARFFANPKNKEKWQKERSENFVNERFCW,length1,738
3,57848,57365,483,MKVYQSFLIATASLFLFACSSFQNDDYAMNYKGQIGDPIMAIAMLSEQQHEWAGTPYVLGGVSRRGVDCSGFVQKTFFDRFNLRLPRSTVEQANYGKHVRKEDIQTGDLIFFKTGRGPNGYHVGIYVKEDKFLHASTRGGVVYSSMNNPYWSKAFWQVRRI,length1,483
3,60074,59366,708,MTEKNKPICVVLTGAGISAESGIPTFRSEDGLWAGHKVEEVCTPEALQKNRAKVLDFYNQRRKNAAAAKPNAAHLALVELEKAYDVRIITQNVDDLHERAGSSKVLHLHGELNKARSSFDESYIVDCFGDQKLEDKDPNGHPMRPYIVFFGEMVPMLERAVDIVEQADVVLVIGTSLQVYPANGLVNEAPRKAPIYLIDPNPNTGFVRKQVIAIKEKAGEGVPKVVAELLENVKNT,length1,708
3,64193,63221,972,MFEKIEPTNIRFIKLGIKGCWEKDCIDKNSTASTKNTIRLGYESTSEIHKECLNNQWDSCIEYCKTYWSDHTGTVSNHLRQIQDFYQLGEDTLWITFFGRKLYWAFCSKEVVEESDGSRTRKVISNNGNWSCVDANGKELLVDNLDGRVTKVQAYRGTICGVEMEDYLIRRINGEVIEEITEAKEAYETLIKSVEKLIKGLWWSDFELLTDLVFSKLGWQRYSVLGKTEKGIDLDLYSSSTQKRVFVQIKSDTDIKQLDEYVSNFESEYKNYGYSEMYYVYHSGLENIDEKQYQAKGIKLVNGRKMAELVISAGLVEWLINKRS,length1,972
3,77261,75665,1596,MMKVGEPVEYAELLQNFISQNHHKVRSIFGVNYVIEQGDSFSFPYIYTDPAKSLDDNFASQGDVLSALYCDQFQLFGSFRLHPSSQDIQLVSGLVHKANGGILILSAATLLSQFDLWGRLKQILQTQTFDWYSAHPFKNLPCDIPSYALNLKVIVLGNRTELATLAELEENLYSFADYAEIESYISVAEVEEQKTWAGYVQQMAQEQNIELDFLALNKLYQLLVRESENRFLINASPLKLKEILQDASTFAEKTALSAVDFEGIFQQKLAQYGFLKEQTYADILNEQVYVETQGEIVGQINGLSVIEYPGTPVCFGEPSRISCIVQFGDGEVIDVERKNELAGNIHGKGMMIAQACLSNILDLPSQLPFSASLVFEQSYGEIDGDSASLAIFCVLASSLADLPLPQHIAITGSIDQFGLVHSVGGVNDKIEGFFTICQRRGLTGKQGVIIPMTTIQQLSLSNEVKSAVKNGEFFIYPVEDIYQACELLFGRDLLDENKDYTEKTEPLSRLIQRRIEGRADSERKSFWHFFRS,length1,1596
3,77963,77432,531,MQNACTLNKKSSYSYDDLLASGRGELFGKEGPQLPAPTMLMMDRIIEMNEETGAFGKGYIEAELDIKPELPFFGCHFIGDPVMPGCLGLDAMWQLVGFYLGWIGGKGKGRALGVGEVKFTGQILPTAKKVVYRIHMKRVINRKLVMGMADGEVEVDGRVIYTATDLKVGLFQDTSAF,length1,531
3,88283,87791,492,MNIFIMRHGEAEVMANSDKARHLTVYGSKQAFLQGQWLKQHLSTLVINSLDRILVSPYVRAQETFHQVNQAFDLELENKFEIWEGITPYGHAHSVIDYLEVLKDEGVKSVLIVSHLPLVGEIVAELYGKRNPISFYPATIAQLLWDGNKSEILMHQASPVIYLK,length1,492
3,89027,88487,540,MEKIMKKLTLALVLGSALAVTGCFDKQEAKQKVEDTKQTVASVASETKDAAANTMTEVKEKAQQLSTDVKNKVAEKVEDAKEVIKSATETASEKATEIKEAVSEKASEMKEAASEKASEMKEAASEKVGEMKEAASEKASEMKEAASEKVGEMKEKATEMKEAVSEKATQAVDAVKEATK,length1,540
3,91598,91229,369,MDDGDTQTLQTANQYTDLKLGTLQTQVHNFQSDFNELNGKLGKLDSKLERGLAAANALSGLVLPQVVGKASFSAAVGGYGSRNAVAIGVGYTPKANITLKSGIAVNAGKNSKISYQMGAGWVW,length1,369
3,101456,100730,726,MSSFFVAGTDTNVGKTTAARAMIQALQGQGVQVVGYKPIACCGEESIYPVAQSENTSDYDNFVNADVLTLMHSTKENVSYQDINSYTFSHCAPMLTQDKMRIKLDKINCDLTRLNQTYQSVVVEGSFGLMTPMAEGKSFADWITQRKMPVVLVVGIKDGCVNHALLTVKVIQQLGVPLLGWIANRINPLLSHYAEIVDLLVEHIDAPLLGKIPYLHKPEEQELGHYLTNIDRLMYMQTELVK,length1,726
3,103313,102887,426,MKTFVAKPETVKRDWYVVDATGKTLGRLATELARRLRGKHKAEYTPHVDTGDYIIVINADKVAVTGRKETDKLYYWHTGYVGGIKQATFKEMIARRPEAVIEIAVKGMLPKGPLGRAMFRKLKVYAGAEHQHAAQQPQVLDI,length1,426
3,104993,104543,450,MEYKSSPKRPYLLRAYYDWLVDNSFTPYLVVDATYLGVNVPVEYVKDGQIVLNLSASATGNLQLTNDFIQFNARFKGVSRELYIPMGAALAIYARENGDGVMFEPEEIYDELNIEPDTEQPTGFYEAVDKPKKREEKKKTKSVSHLRIVD,length1,450
3,110756,110039,717,MLEILYQDEFLVAVNKPDGMLVHRSWLDPHETQFVMQTLRDQIGQHVFPIHRLDRPTSGVLLFALSSEIANLMCEQFEQKCVQKSYLAVVRGYLQGKERIDYPLKIQLDKIADKFSQEDKEPQEAVTDYEGLKIVEMPYPAGRYQTARYSLVKLIPHTGRKHQLRRHMKHIFHPILGDTQYGDLHQNRALMSHLGCSRLFLHSNSLSFIHPITKEQITITAGLDEQWHQLINQFGWENV,length1,717
3,112901,111950,951,MDATLNIAIAAEFELSEKIVERLEQSTLEISKVSIVEIIPFEEEQNIRFRNKGVEQLAPNEVEWADFNYVFFAGKLEQVAHIAQAAEQGCIVIDMLGVCSALSDVPVVVPTVNESQLLELRQRNIVSLPDPQVSQLALTLAPILQETNLNQVFVTSLLPTSYTDAETVTKLAGQTARLLNGIPLDEEETRLAFDVYPHQAPNLSNQLQRIFPQLDRATFHSIQVPVFYGLAQKVTALSDYDFDYQPQNSELVALEETLITPVLNGEQENGEESVKLHLSQISAVENGVEFWSVADEQRFNLALLSVKLLEGIYQQGY,length1,951
3,130889,130175,714,MSMRLMVQAMNCKVGNPARKLVLLKLADNANDDGICFPSYQYIADKCEMTRRSAINHIEYLIKMGLVSKKERKNKDGSISNLYFLHLEQGSENFALGGSENISPRTSHSLEPVNEPKKTTQKSEAEMLLEQFGITGQLAKDFIAHRKAKKGVINQTQLNRLQKQADKAGISICEAVEICIERNWQGFNASWDWRDEKLRPNSPHLGQSHRNKPKFDDTQTGWSAGMNFIVDGTQWQIP,length1,714
3,132188,131774,414,MSQYKPFFLRDQRIKNNCLDLIKELPIDDKKPLVVKIQPITRSLEQNSKLHALLSDISKQCEFNGKKRDIDTWKMIMVSAHKIATGGQAEMVIGLEGEVINLRESTAQMSVKRLASLIEYITSWGVQNGVRFNDRWGL,length1,414
3,132845,132458,387,MVRGHWLKALQKEVNKFIRLRDKGQPCIACGTVWKPSFQASHFIPQGRSSFLRFDERNIHSGCIRCNLFVGGGNIHGYRPRLVEKIGEQEVEWLEENQHRIKKWEISELKEMLKLYRLKNKELENEMQD,length1,387
3,137201,136601,600,MTMMISEVTFNKIFPHAVKGVYQAISAQIEKAGCVNKMQQAMFLAQCGHESGGFTRFKENLNYSWLGLSKTFRKYFPDPLIAKKYERKPELIANRVYANRLGNGDEKSGDGWKYRGRGLIQITGKDNYAAFRKWLGRDIEPDDVAGNLDLSVKTAVWYWKCYELAELNSVEKVTRRINGGLNGIDERCKLYRALMVTDND,length1,600
3,139877,138536,1341,MSQLNIQFPTKFRPLFESIWPFIIFYGGRGSGKSFSIARALVLRAYQSPVRVLCCREIQKSISDSVIQMLADQIEMLGLQNFFDVQKTQIIGQNGSRFTFAGLKTNITSIKSMTGIDVVWVEEGENVSKESWDILIPTIREDGSQIIVSFNPKNILDDTYQRFVIHPPERCKSVLVNWQDNPYFPKELMEDMEQMRERDYELYRHVYEGEPVADSDLAIIKPVWIECAVDAHLKLGFTAKGMKKVGFDVADEGADSNDNAFVHGSVVLDIEVWKNGDVIDSANRTNQSAVKFKADLIIFDSIGVGAGVKAHFKRLPKSLQVEGFNAGGAVAYPEREYIKGKKNQDMFSNIKAQSWWALRDRFYKTYRAVKHGDVYPDDELISLSSNIKELEYLKAELSRPRVDYDNNGRVKVESKKDMKKRGIPSPNMADALVMCYATTKPKSLLDL,length1,1341
3,162785,161768,1017,MFMHKMKKNLIIVLTLGTLPFAQANSITGAGASFPYPIYAKWASLYEKETGNKVNYQSIGSGGGQQQIIAKTVDFGASDDPMKSELLQQHQLVQFPAVIGGIVPVVNLPEIKPGKLKLSGKLLAEIFLGKIKKWNDPDLVALNPTLPLPNKNIIVIHRSDGSGTTFGFTNYLSKVSNDWKNQVGEGKSVKWLTGQGGKGNEGVASYVRQMKYSIGYVEYAYAKQNQLAWISLQNQAGQFVQPSNESFMAAASHAKWHEKAGMGVILTNETGEKSWPITAASFILLNKYSDNPETTKNVLAFFDWAFSRGQDAATELDYVPIPADVVSTIKSQWKTELKQ,length1,1017
3,169040,168758,282,MKLLFLLIQIFWYINLSVIHPHFWLINYRYRQLNHTQLMHFDLSDAKIKVQPKCNFHDNSLAFQKHALKVSLRLYQLIFRFLFYRDFQRNIGII,length1,282
3,184463,181994,2469,MIIILISIFFLGNYTMYQKKPLMLLFCSTFASPFIMGQTAETTNNQQPTTNKNILPEIVVYGDNNKSLSSVKTLSSDEISKTPTSNGNITDYLRSNPHIRYENSDQNGFQRGEIKPENISINGADPNQTAYFVDNVNINNDLAIDSSIFDGAMQVVPGISHTQAYFFDATMLSKVEVQDSNISASLGGFMGGAVIAKTKQYSGTDSIKLKYRTTNSSWAKMEAGDSVQKILKQVRPDDSGAAELQPKYNKQTFNILAEKRLNDNLGMVFGYSRRTSSIEQNRLIGFDKNANNKAQLDKQNHQRLSDNLLLNFNWTPQEKERIELGLRYSNYKELKYFKENIGNNVSDYHQALGSTLAWVHSFDSGVWTNTLAYDRFKDKRKSSSNNVETTSVSNQDGEPLYNFEKGGYGNSRLTQDNLHFSTEYVMDPFYLASTEHSISIGGIYQATKYQFYRPQDVHSKIILSTLKNDGTIDPFSLSESTTSKGRVKTSYQNIGIYAEDLIKWRKFEFRPGIRIERDDYLKNNNIAPRFVARYHPWDDTGFTLGLNRYYGRSFASLKLANRILKINDDSTRQHQNFSSLKSPYADELSLSFDQNMGNLALKLGYIHRDNKNRIILKRGETVRGIKKSSYINGRPFGVDIYTFQLNNIEPWKLGKTYWTTSLGFDWLNTKRADVSNEFNPNEPVYLDGKLMTRSQMLQQVNSNTEDWIARLGIDMTIPDYDITWSNKVYMKAPIRSYEELDSDNNNDDISRFRSYHYGRHTQWDSSIRWQPTIRGKHSVYLQVDILNVLNKTRKNKVTTISTNDEYGVYTPGREFWLEIGYQF,length1,2469
3,190265,189683,582,MSNVLVLKSSISGNNSQTNQLADYVIEKLQGNNIVVRDLSQQPLPYFDTAAAIAVRGEPKTTEEKQLLALSDKLIEELKNAQTLIIGAPMYNLNVPTQLKSYFDFIARPRVTFQYTANGSEGLLKGKKAIVLCAFGGLYDEENLVTQYMKSILGFIGITDVQFVYAQGIGFGPEAIEKAQASAKNKINEIVAAL,length1,582
3,193961,193046,915,MDKLNAISIFCKVIETQSFTLAAKQQNISVAMASKLVSQLEEHLKTRLLQRTTRKIMPTEAGMMYYQRCQGILLDLDEADSSITQLTSSLQGNLLISVPRDFGLLFIAPNLPTFMAKHPHLHIEVEFNDKKIDLLSEGYDLALRIGYMEDSSLVSRKIGTTTVHFAASPNYLETNGIPQTPDDLEHHNGLLYKNAMNQVNWVGSRINQTQRFKIQSKVVSNSGFALLNMAKAGLGIANLPKFILGRAFEKGELIEILPEYKQQKLEIHVVYPNRRHLPIKVRAFIEFLSGLGLCSEILENHEDNI,length1,915
3,229019,228539,480,MINRKILLTSLLLIFTVLSACSREKNTCRVVKISDGDTLTCLTKGNKSIKVRLAEIDAPEKSQAFGQKSKKTLSDLVYQKNVRLARKGKDRYQRTLAVVYYQKQNINLEMVKQGMAWAYKQYSHDPIYLQAQENAQAKGIGLWADNNPIEPSQWRRQEKN,length1,480
3,230597,230219,378,MIEQLKQAKNWEDRYRLIIQAGKNLSRPSDDELAQMQPITGCEAQMWFQIMPKNDRTFQFSGFSEARIMNGLLWILFNKINGKTADELNTFDITVFFSELGISQHLSETRLNGLNQIGQQLKNLCI,length1,378
3,236858,235190,1668,MQARRDTKIVDENHTLQQAFLNDLDEKLWSSADKLRQQLDAANYKHIVLGLIFLKYISDNFTHQQEKIQAELSDAENPLYLDRTFFDTEEEYQEALTAELENRDYYTADNVFWVPASARWQALQEVSILNTGAELPWGGKFSGVAKLIDDAFDAIEKDNEKLKGVLQRISGYAVNEDTLRGLIILFSDTNFTRPTYNGEPVHLGAKDILGHVYEYFLGRFAQAEGKRGGQYFTPKSIVSLIVEMLEPYSGRVYDPAMGSGGFFVQTERFITAHQGNINNVSIYGQEFNPTTWKLAAMNMAIRGIDYDFGKHNADSFTQPQHIDKKMDFIMANPPFNISDWWSESLADDPRWAYGTPPKGNANFAWLQHMIYHLSPNGKMALLLANGSMSSQTNNEGEIRKAIINADLVECMVALPGQLFTNTQIPACIWFLNRNKKRKGEVLFIDARQIGYMKDRVLRDFTADDIAKIADTLHTWQKSDGYEDQAAFCKSATLEEIKDNDFVLTPGRYVGTAEQEDDGVPFAEKMQNLTALLKEQFAKSAELEAEIKKNLGGLGYE,length1,1668
3,242324,239141,3183,MMENNKMLNENDIEQLTLQRLQSLGWEYRYGKDLPVHEGEFSRGNLSGVVFIEQLREAVRKLNPQLPESAVDSVVKSATKSDIGDLVVRNQTFYKLLRDGVRVEYQDDGEQKIEMARLVDFEHGENNRFVAVNQLEIRSRKGGKRIPDIIGFVNGLPLVVFELKNPLRESADLLQAFNQFETYKDEIAELFVYNQALIISDGIAARLGSLSADFQRFTPWKVVDEKNKSVRLYFDDELQSLLNGLMQPEDLLDYIRYFVLFERDSVGKTIKKIAAYHQYYGVNEAVESTIFATSEQGDKRIGVMWHTQGSGKSISMLFYAGKLLAQPELKNPTIVVVTDRNDLDGQLFQTFSSGKDLIKQTPQQVEDRDQLRQLLAQNEVGGVFFTTIQKFALNEEESRFPILNERNNIIVISDEAHRSQYGFTQKLHNGKFQTGYARHLRDALPNASFIGFTGTPISLEDKDTQDVFGRYVSIYDLQDAVEDGATVPIVYEARQIKLAENANHDELFAEIDELLEGEENPKLRLREKLLGSEARLHDLAIDFVQHFAKRNEVVDSKAMMVVSSRQICVDLYNQIIALHPEWHSDNINEGAIKIVMTGSASDASEMQKHVYSKQEKQTLERRFKDPNDPLKVVIVRDMWLTGFDAPCCNTMYLDKPMKGHNLMQAIARVNRVFRNKSRENGGLIVDYVGIADELEKATRQYTNSQGKGKLADSVIDVFFKMKEHLEVIRSLFATPVEGKTFDVQAALEKDNPNDLLMAIRFAANHILSLDQLSFDGKAHEQHWFNKKETEPRKKAFLKTAGLVKKGYMLCGTLAEVEPYNQEIAFYDAVRAILTKREQKGTGTNERQILLKKLVNQTVYSEGVIDLFDLLEKPQPQISLLSEEFLQTVKNSPTKNLWVSAMERYLASEIKVKSGTNLTLQKDFERRLKEALNQYHNHNLTVVEILDELFKMSQDFQERLALGKKLGLTKEELAFYEALSQNQSAKDLMGDEVLSKLAKEITETLRKSVTIDWQYKEAVRARIRLLVRRALQKYKYPPDKQEEAVTYVIKQAEEIAEDLTGL,length1,3183
3,263714,263426,288,MAALEPLKPTETSFPFDRTFKCRAVRSLANMALRLIRPFFFPNSLRGFLGSKAEPSGFCWRAIRFDWLFRKACPIFLPSCLRACGERLAISAINFA,length1,288
3,273110,272798,312,MIKLINPMSQCSAGKLKMPAGESTIFTILKIKLNDLLLEKKLYLVIKNLHLSWLFNPTFGVQIKSAANFFRILLKLNFRLIANQVWSQYQWNDKLALNKNALAQ,length1,312
3,274454,273794,660,MTQLTREQVLELFHQRSSTRYYDPAKKISDEDFECILECGRLSPSSVGSEPWKFLVIQNKTLREKMKPFSWGMINQLDNCSHLVVILAKKNARYDSPFFVDVMARKGLNAEQQQAALAKYKALQEEDMKLLENDRTLFDWCSKQTYIALANMLTGASALGIDSCPIEGFHYDKMNECLAEEGLFDPQEYAVSVAATFGYRSRDIAKKSRKGLDEVVRWVG,length1,660
3,278783,277925,858,MKNELICYKQMPVWTKDKLPQMFQEKHNTKVGTWGKLTVLKGKLKFYELTENGDVVAEHTFTPESEIPFVEPQAWHRVEALSDDLECTLGFYCKKEDYFSKKYNMTAIHGDVVDAAKIISPCKVLDLGCGQGRNSLYLSLLGYDVTSWDHNENSIAFLNETKEKENLNISTALYDINAANIQENYDFIVSTVVFMFLNRERVPSIIKNMQEHTNVGGYNLIVAAMSTDDVPCPLPFSFTFAENELKEYYKDWEFLEYNENMGELHKTDENGNRIKMKFATMLARKK,length1,858
3,281114,280640,474,MKFEVIYKFFLVWGLALSLLFVVASGISMWLGFPFSQALDIHLFFAGFTVFGLLLHFYSRKKKWVKINTQFADLITNNRMPSYCNLDRLMMTFEHFSIQQIAEQLNLSLPILLNELSQAQINITDSHRTLCENFPLNDEKIFAAITIALKVRFNPTLL,length1,474
3,286235,283595,2640,MTDSIQSSITPVNIEEELKSSYLDYAMSVIVGRALPDVRDGLKPVHRRVLFSMDREGNTANKKYVKSARVVGDVIGKYHPHGDSAVYDTIVRMAQPFSLRYMLVDGQGNFGSIDGDAPAAMRYTEVRMQKITQALLTDLDKETVNFSPNYDGELMIPDVLPTRIPALLANGSSGIAVGMATNIPPHNLNEVLNGCLAYIDNNEITIDELMQHIPGPDFPTAALINGRKGIEEAYRTGRGKVYVRARATVETNEKGREQIIVSELPYQVNKAKLVEKIAELIREKKIEGISNITDLSNKEGIRIEIDIKRDAVGEVVLNHLYSLTQMQVTFGINMVALDHGQPRLFNLKEIIESFVLHRREVVTRRSIFELRKARERTHILEGLAVARSNIDEMIAIIRNSKNREEAATAISSRSWTLHSDIINLLDVSARPDELEENLGIQGEQYYLSPAQVNAILELRLHRLTGIAFEEVIKEYEELLVKIADLLHILSSAEHLMEVIREELEEVKAQFGDDRLTEITAASGDIDLEDLIAQEDVVVTLSHEGYVKYQPLTDYEAQRRGGKGKSATKMKEEDFIEKLLVANTHDTILCFSSRGRLYWLKVYQLPQASRGARGRPIVNILPLQENERITAILPVSAYEEDKFVVMATAGGIVKKIALTEFSRPRSNGIIALNLRDEDELIGVDITDGSNEIMLFSSQGRVVRFAENAVRAMGRLATGVRGIKLALTNDISDDESAVEIEDISDDNAEASLDLNIDKVVSLVVPKGEGEILTATQNGYGKRTQLSEYPTKSRNTKGVISIKVSERNGKVVAATQVEETDQIMLITDAGTLVRTRVSEVSIVGRNTQGVRLIRTADDEHVVSLERVCDADEEDSLEESSSEE,length1,2640
3,315434,314183,1251,MLEQMGKQAKDAAFILAQLTTAEKNCALSIIAEQLQQQAPLILAENAKDIELAKQNGLSDALIDRLLLTQERLQSIANDVRHVISLADPVGKIIDGGTLDSGLKIERVRTPLGVIGTIYEARPNVTIDVASLCLKTGNAVILRGGKETQFSNKILIEVVQNALEQAGLPKFAVQAITDPNRELVMQLLKLDRYVDMIIPRGGSGLHELCKQHSTIPVIVGGVGVCHTFVEKSADQNKAIFVIDNAKTQRPSTCNTLETLLVQHSIAEEFLPKLVSHLATKNVKYHAKSTALNILKQAGANVCEVTEKELRKEWGSLDLNVVVVEDIHAAIEHIRQYGTQHSESILTSSQNLARQFINQVDAAAVYVNASTRFTDGGQFGLGAEVAVSTQKLHARGPMGLEALTSYKWVCEGEYTVRK,length1,1251
3,323936,321278,2658,MSEILKNDIDPIETQDWLQSLDSLIREEGVERAQYIVEQVIGQARTSGVSLPTGVTTDYVNTIPVAEQPAYPGDHAIERRIRSAVRWNAIAMVLRSQKKDLDLGGHISTFQSAATMYEVCYNHFFKAATEKNGGDLIFFQGHAAPGMYARAFLEGRLTEEQMDNFRQEAFTDGLSSYPHPKLMPEFWQFSTVSMGLGPVNAIYQARFLKYLDNRGLKDTKDQKVYAFLGDGEMDEIESKGALTFAAREKLDNLIFTISCNLQRLDGPVNGNGKIVQELEGLFTGAGWEVIKVLWGSDWDKLFAKDTSGKLTQLMMEVVDGDYLTFKSKDGAYIREHFFGRYPETAALVADMTDDEIWALRRGAHDSEKLYAAYAKAQNATKPVVILAHQVKGYKIPEAESKNTAHQSKKMSYESLKGFRDFFELPLTDEQVEKLEYIKFAEGTPEYEYLHGHRKALNGYVPARRTKFDVEYKVPALEEFKALLEEQPRGISTTMAFTRALNILLKDKNIGKTIVPMIADEARTFGMEGLFRQVGIYNPHGQNYVPSDRDLVAYYREAKDGQVLQEGINELGATASWLAAANSYSVNNQPMIPFFIYYSMFGFQRVGDMMWAAGDQLARGFMVGGTSGRTTLNGEGLQHEDGHSHIQAGVIPNCVTYDPSFAFEVAVIMQDGINRMYGEKQEDVFYYMTTLNEVMDQPAMPAGAEEGIRKGLYKFETVEGKKGKGHVQLLGSGAIMRHVREAAQILANDYGVTSDVFSAPSFNELAREGHDAARWNLLHPTETQRVPYVAQVLADLPTVASTDYVKGYADQIRAFVPSKHYHVLGTDGFGRSDSRANLREHFEVDARYVVVAALSQLAKEGTVSNQVVADAIAKFGLNVDRINPLYA,length1,2658
3,330014,327950,2064,MSYQVLARKWRPKTFADVVGQEHIITALANGLKDNRLHHAYLFSGTRGVGKTSIARLFAKGLNCVHGVTATPCGECENCKTIEQGNFIDLIEIDAASRTKVEDTRELLDNVQYKPVVGRFKVYLIDEVHMLSRHSFNALLKTLEEPPEYVKFLLATTDPQKLPVTILSRCLQFHLKALDETQISQHLAHILTQENIPFEEPALVKLAKAAQGSIRDSLSLTDQAIAMGDRQVTNNVVSNMLGLLDDNYSVDILYALHQGNGELLMRTLQRVADAAGDWDKLLGECAEKLHQIALMQLLPQKSSDDNEHFSFLAKHISPEDVQFFYQVIVSGRKDLSNAPNRRIGAEMTLLRALAFHPKFLTAVPKTNTTITPPPSTPSAVENTGNYVDVPVLSQSIKSAYSQAKPNKTSIPNLASLSALDALEHLTQLENQERQEHKAESLAVVSETLHHIQELDEEKSHKKMTALPVREMTEPKPKHIEKPTSPPNAAQAPQENSTEENSSDDNAEVAQDEQEILSADTYRWEWSNPELAKADTGVRPSDIKQAILKDITPELRLKIITQTQQQDEWADIVERSGVTGFSKELALNCFLQSKTDDEINLGLHSEKSHLRQDRSIKNLVEALSKLQGKDIRLTINLDDSNVATPIEYRRNIYQALREKAQNELQKDSKLQMLLNEFDAKLDVESIRPV,length1,2064
3,349877,349298,579,MTLSPLKKLAILLGATIFLQGCVAAVIGGGAVAAKVATDPRTTGTQIDDETLEFKVENAVEKDAQIKAEGRVNAVSYNGRVLLIGQVPNSDVKDTATALAKGVEGVNEVYNELTVSPKISFAQISKDSWLTTQVKSKMFVDGRVKATDVKVISENGEVFLLGNVTQSQANAAADIASKISGVKKVIKVFKYLD,length1,579
3,353675,352547,1128,MAYTTFSQNKNDQLKEPMFFGQNVNVARYDQQKYETFEKLIEKQLSFFWRPEEVDVSQDRIDYAALPEHEKHIFISNLKYQTLLDSIQGRSPNVALLPLVSIPELETWIETWTFSETIHSRSYTHIIRNIVNDPSIVFDDIVTNEEIIKRAQDISSYYDDLIRDSQLYGLYSEGTYTVDGKECVVTLRSLKKQLYLCLMSVNALEAIRFYVSFACSFAFAERRLMEGNAKIIKFIARDEALHLTGTQHILNIMAAGQDDLEMAEIAEECKQEAYDLFVAAAEQEKAWADYLFKDGSMIGLNRDILVQYVEYITNIRMQAVGLPLPFQTRSNPIPWINAWLVSDNVQVAPQEVEVSSYLVGQIDSKVDTNDFDDFSL,length1,1128
3,366311,365231,1080,MIALSILILMPFSLNYPLLSLHLLGIKIDASIWDGIWKMAVGGYEYTAFMIFICAVVMPITFALLVIMLWLAKIFQIKPRSVLLFLGYIKAWVMFDVYLVALGVTIFKVREYATLEINIYLIPFIFTALLTTLLFIKLNLSALWQEFYPECTPVYTKQAVELCPACHYTFTQKSIYYDHQQKICCPRCQSPLNTSDKLKLQATWATLIAGIIMLFPANLLPISGIYLTGALSEDTLISGVISFVKSGSYFVAFVVFFASIFVPISKIFIMLYLLACVHFKWQHSIKWQMRLLHLVHFVGRWSMLDLFVLALMMSLVTRGEIINFTVGPGAFYFGAAVFCTMLSTSQFDSKLIWKIYDREK,length1,1080
3,372398,371729,669,MSFAQQKLSELAVSIPGATKIFREYDLDFCCGGSVLLEVAAQQKNLNLAEIEKRLTDLQQSKAENNDKDWTSASYAEMIDHIITRFHNRHREQLPELITLAEKVENVHGDRDDCPVGVAAQLEKIYAELSQHLMKEEQILFPMIKMGNYAMASMPIRVMEMEHDEAGQDVEVIKSLTNNCTPPADACFSWKALYSGINEFIDDLMHHIHLENNILFPRVLNEK,length1,669
3,379514,375050,4464,MNKIYRLKFSKRLNALVAVSELTRGCDHSTEKVSEKPVRTKVRHLALKPLSAILLSLGIVSIPQSVLASGLQGMSVVHGTATMQVDGNKTTIRNSVNAIINWKQFNIDQNEMVQFLQESNNSAVFNRVTSDQISQLKGILDSNGQVFLINPNGITIGKDAIINTNGFTASTLDISNENIKARNFTLEQTKDKALAEIVNHGLITVGKDGSVNLIGGKVKNEGVISVNGGSISLLAGQKITISDIINPTITYSIAAPENEAINLGDIFAKGGNINVRAANIRNKGKLSADSVSKDKSGNIILSAKEGEAEIGGVISAQNQQAKGGKLMITGDKVTLKTGAVIDLSGKEGGETYLGGDERGEGKNGIQLAKKTSLEKGSTINVSGKEKGGRAIVWGDIALINGNINAQGSDIAKTGGFVETSGHDLFIGDNVIVDAKEWLLDPDNVSIDAPAGRNNTSEEEEYTSGMGDISSPKKNNQSKSTLTNSTLETILKRGSFVNITATRKIHVNSSINLSNGSLTLHTQSDGIEINADITSNSSTGANLTINSGSWVDIHNNITLGKGFLNITSKGSVAFEKSGKDKNRQATDATITAQGTINITGENTEFRLNNVSLNGTDKGINIISRAGNHTHKLTGEINITGNVTINQTSNDKFYKVSHDSFWNVSALNLAENANFTFIKYAQSNSSGTGNDRRSFAGVIFNGLDNNMSFNIAQGANVRFKLKPNERTDKNVLPIRFKANITATNKGSVLFDIYANLWGKGASLEMDTINISGGSKFAIKSHVRNHNAFEINKDLTINATGSNFTLEQSADQYNNMYPKKAINSTHNLTILGGNVTLGGQNSSSSISGNVTINNGASVTLKAYNDAGNASAGPKNITLGNLSVGGELSLVGASANINGNLSVKENAKFKGETQDNLNITGTFINNGDSKINISQGVVKLGNVTNDGSLNITTHAKGNQKSIIRGDIINKKGSLNITNNGRDTEIQIGGNISQKQGNLTISSDKINITQQITIKKGIDGESSVPDVTANLTIKTKKLELTKDLNISGFNKAEIVAKDNSDLIIGNTGSTDAKKVSFNQVKDSKISAGSHNVTLNSKVETSNGNNDAESNNGDSTSLTINAKNVTVNNNINSHKTVNITASENVTTKAGTTINATTGSVEVTAKTGDIKGGIESTSGSVTLTATGATLAVGNISGNTVTITADSGKLTSTAGSTINGTNSVTTSSQSGDIEGTISGNTVSVKATSDLITQSGSKIEAKTGEANVTSATGTIGGTISGNAVNVIANTGSLTVEGAAKIEATRGAATLTATKGTLTTAADSSISAASGILTINAKDAKLDGAASGNHTVVNATNASGSGSVTAKTSSSVNITGDLNTVNGLNIISKDGRNTVRLRGKEIEVKYIQPGVASVEEVIEAKRVLEKVKDLSDEERETLAKLGVSAVRFVEPNNAITVNTQNEFTTRPSSQVTISEGKACFSSGNGAAVCTNVADDGQP,length1,4464
3,389423,388745,678,MAMNNILGLFAHSPLKPLQKHSEKVTECSDLLIPFFQTTFSKNWEQAEEKRLEISQCEREADSLKREIRLKLPRGLFLPIDRTDLLELVTQQDKLANYAKDIAGRMIGRQFGIPEEMQEEFLHYVKRSLDAIHQAHRVIEEMDKLLETGFKGRELKLVNDMIQELDSIEDDTDQMQIKLRKMLYTIESRYNPIDVMFLYKIIEWVGVLADQAQRVGSRIELMLARS,length1,678
3,390710,389450,1260,MEIISQYGSWLVWITAAFGFFMAFGIGANDVSNSMGTSVGSGTVTAKQAIIIALIFESAGAYLAGGEVTQTIKSGVIDPIQFVDTPDILALGMLSTLFASGAWLFIVTKMGWPVSGIHTIIGAIIGFACITIGPSSVDWSNIGSIVGSWFITPVISGILAYAIFASTQKLIFDTEQPLKNAQKYGPYYMGITVFVLCIVTMKKGLKHVGLNLSNSETLIISLAISLIGMFFFHFYFKSKIFTQSANKGTFGAVEKVFSILMLLTACAMAFAHGSNDVANAIGPLSAVVSIVNEGGKIVSGGALTWWILPLGALGIAVGLITMGQKVMATVGSGITDLTPSRGFAAQFATAMTVVVASGTGLPISTTQTLVGAILGIGFARGIAALNLTVIRNIISSWIVTLPAGAFFAIIIFYVLRTIFN,length1,1260
3,394289,393338,951,MNTLMKSHQFSTALCQNTTQSNGQPLRFPSPAKLNLFLYINGKLPNGYHELQTLFQFLDFGDWLDISIREQDNQIVLTPEIPNLKTENNLIYRAAKLLQEKANIQLGANIHLDKILPMGGGVGGGSSNAATALVSLNYLWQANLSIDELAKLGLTLGADVPIFVYGQAAFAEGVGEKITYCEPAEKWFVILKPDDSISTAVIFQDPNLPRNTPKKSLEQLLSEPYKNDCEKVVINHYSNVEKALNWLLQYAPARLTGTGACVFAEFDHEAEAQAVFRQKPEAFFGFVAKGLNVSPLHAMLKQLSSTHTHRQSKPEVL,length1,951
3,405932,404744,1188,MFEHIKAAPADPILGLGEAFKSETRENKINLGIGVYKDAQGTTPIMRAVKEAEKRLFDKEKTKNYLTIDGIADYNEQTKALLFGKDSEVIKSNRARTVQSLGGTGALRIAAEFIKRQTKAQNVWISTPTWPNHNAIFNAVGMTIREYRYYDAERKALDWDHLLEDLSQASEGDVVLLHGCCHNPTGIDPTPEQWQELAALSAKNGWLPLFDFAYQGLANGLDEDAYGLRAFAANHKELLVASSFSKNFGLYNERVGAFTLVAENAEIASTALTQVKSIIRTLYSNPASHGGATVATVLNDTQLRQEWENELTEMRERIKKMRHLFVQLLKEYGAEQDFSFIIEQNGMFSFSGLTGEQVDRLKEEFAIYAVRSGRINVAGITEDNIRYLCESIVKVL,length1,1188
3,423872,422180,1692,MLRLNLRFLSFLLCIIQSVELQAAPSVPTFLTENGLTYCTHASGFSFNPQTADAGTSMNVVTEQIYNKLFDIKNHSATLTPMLAQSYSISADGKEILLNLRHGVKFHQTPWFTPTRDFNAEDVVFSINRVLGHNTYLPTLAETNVTYSNPQYKVFHEQARKVRFPYFDSIKLNEKIKSVTALSPYQVKIELFEPDSSILSHLASQYAIIFSQEYAYQLSVDDNLTQLDTHPVGTGPYQVKDYVYNQYVRLVRNENYWKKEAKIQNIIVDLSTDRNGRLVKFFNNECQIASYPEVSQIGLLKSNDKHYYMQSTDGMNLAYLAFNFEKPLMQDRTIRESISQSLNRARIIHNIYHNTATVANNIIPEVSWASSVNTPEFEFDYNPKIAKNKLADKNLLLNLWVINEEQVYNPAPFKMAEMIKWDLAQAGVKVKVRAVTRPFLTAQLRNQSENYDLILSGWLAGNLDPDGFMRPILSCGTKNELTNLSNWCNEEFDQFMDRAITTSHLSSRAKAYNEAQELVLRELPIIPIANVKRILVANSRVKGVKMTPFGSLDFSTLYFIQEKH,length1,1692
3,425714,424829,885,MQNKEPDEFRESTSIFQIWLRFRQNTIALFSFYLLIALIFTALFASYLAPYADNRQFIGQELMPPSWVDRGKIAFFFGTDDLGRDILSRLIMGTRYTLGSALLVVFSVAIIGGALGIIAGLLKGIKARFVGHIFDAFLSLPILLIAIVISTLMEPSLWNAMFATLLAILPYFIHAIYQAIQQELKKDYVLMLKLEGISNWELLKSTILPNITVIYIQEVARAFVIAVLDISALSFISLGAQRPTPEWGAMIKDSLELLYLAPWTVLLPGFAIIFTILLSIIFSNGLTKAINQHQE,length1,885
3,426767,425720,1047,MALLDICNLNIEIQTSNGRIKIVDGVNLSLNEGEISGLVGESGSGKSLIAKVICNAIKENWIITADRFRFHDVELLKLSPNKRRKLVGKEISMIFQNPLSCLDPSRKIGKQLIQNIPNWTFKNKWWKWFGWKKRRAIELLHRVGIKDHRDIMASYPNELTEGEGQKVMIAMAVANQPRLLIADEPTNTLESTTALQVFRLLSSMNQNQGTTILLTSNDIKSISEWCDQISVLYCGQNTESAPTEILIESPHHPYTQALINAVPDFTQPLGFKTKLGTLEGTAPILEQMPIGCRLGPRCPFAQKKCMEKPRRLKIKQHEFSCHYPINLREKNFKEKTTATPFILNCKGNE,length1,1047
3,430745,429743,1002,MKTLSEFIVERQAEYPNAKGELSGILSSIRLLAKIIHRDINKAGLTNILGQSGIENVQGESQMKLDLFAHNTMKAALMAREEVAGFASEEEESFIAFDTERGRNAKYIILTDPLDGSSNIDVNVSVGTIFSIYRRVSPIGSPVTLEDFMQPGNKQVAAGYIVYGSSTMLVYTTGHGVNGFTYDPSIGTFCLSHENMQMPKEGKIYSINEGQYLKFPQGVKKYIKYCQEEDKATHRPYVSRYIGSLVADFHRNLLKGGIYIYPSATNYPNGKLRLLYEGNPIAFLAEQAGGVATDGYRRILDIQPTELHQRVPLFVGSEDMVKKAQEMMEEFKEE,length1,1002
3,441188,440444,744,MFSGEHDACDCYVDLQAGSGGTEAQDWTEMLLRMYLRWAESKGFKTELMEVSDGDVAGLKSATIKVSGEYAFGWLRTETGIHRLVRKSPFDSNNRRHTSFSAAFVYPEIDDDIDIEINPADLRIDVYRASGAGGQHVNKTESAVRITHMPSGIVVQCQNDRSQHKNKDQAMKQLKAKLYELELQKKNADKQAMEDNKSDIGWGSQIRSYVLDDSRIKDLRTGVENRNTQAVLDGDLDRFIEASLKAGL,length1,744
3,442808,441302,1506,MSEQEVKELDLNGEMLVRREKLAALRAKGNAFPNKFRRDALAQDLHNQYDVEDGEILKEKGIEVQVAGRIMTRRAMGKATFITIQDMSGKIQLYVARDNLPEGVYAEDVGNWDLGDIIGVKGTLFKTKTNELTIKTTEVQLLTKALRPLPDKFHGLTDQEVRYRQRYLDLISNEESRRTFIIRSKVVAGIREYFISKGFMEVETPMLQVIPGGASARPFVTHHNALDVDMYLRIAPELYLKRLVVGGFERVFELNRNFRNEGVSVRHNPEFTMLEYYQAYADYHDLMDNTEELLRKLAIDILGTTIVKYGEYEFDFGKPFERITLHDATVKYGADKGIVKEDLYDFDRAKATAERLGIEVQKSWGLGSIVNAIFEEVAEHHLIQPTFLMAHPAEISPLARRNDENPDVTDRFELFIGGREIGNGFSELNDAEDQNERFDAQVAAKEAGDDEAMFKDEDFVVALEHGLPPTAGEGLGIDRLAMLYANAPSIRDVILFPAMRQK,length1,1506
3,443765,443483,282,MIPTQAFGQVIATFSIKPRTIPALILNKSERSIPGLRATPAEINTTSAPSSAGVGSSPEKPFTFTAVGIWLTSTATPGVTGAISYNAKSVPAGN,length1,282
3,445382,444494,888,MNILLTGGTGLIGKALVEQLCLRNEQVTILTRSSSPHTLSKQKNIKFITALSELDLQEQFDAIINLAGEPIFHKVWSKNQKSILRESRLSLTTQLVEFINQYQQYPIFISGSATGIYGDQGEQKITETSKTAKTFTAQLCQDWENIAQQANARVCLIRTGMVFSTKGGALAKMLPLYKWGLGGKLGNGEQYFPWIALEDMVNGILFLLDHSECQGSFNFTAPNPIKQHKFNRTLAGILKRPAFATIPKWILHFILGERANLLLESQNVVPEKLLNAGFQFQYSDCKNYLEEILKNK,length1,888
3,456596,456326,270,MPHPFSFWRSDTRNIRNHWFSNIIFNEDCCFFLCRAANLANHHNGFCFGILLKSFKNINKTRTWNRISPDTHTSRLSKAFICSLFYRFIS,length1,270
3,462785,462104,681,MNIFNPNHDRKAIVIFSGGQDSTTCLFQAIAEYGKENIEAITFQYGQRHAIELEKARAIVQDLGIKQTLIDTSVMKAITHNALMDEQAHIEQKENELPNTFVDGRNALFLLYAAIYAKGQGIQDIITGVCETDFSGYPDCRDVFIKSMNVTLNLAMDYQFNIKTPLMYLTKAQTWQLADELGVLDYVQKHTHTCYEGIEGGCGKCPSCILRNKGLKKYLTQKGRKNV,length1,681
3,467720,466721,999,MFKFVFKRILMVIPTFIAITLITFALVHFIPGDPVEILMGERGLTAEVHQQMMHQLGLDLPLYQQYFHYIGNVIQGDFGASFRTQQPVLTEFFTLFPATAELAFFALFWSLLGGIILGTIAAVKKDSWISHTVTAASLTGYSMPIFWWGLILILYVSPQLGLPQGGRLDNEFWIDTPTGFMLIDSWLSGMPGAFENAVKSLILPAIVLGTVPLAIITRMTRSAMLEVLGEDYIRTAKAKGLSYTRIVIVHALRNALIPVVTVVGLIVGQLLSGAVLTETIFSWPGIGKWIIDAIQARDYPVLQGSVLIIATIIIVVNLTVDLLYGVVNPRIRH,length1,999
3,473831,473114,717,MKKTLLTAILLGSSIAVSAQELTFAMEPSYPPFETTNEKGEIIGFDVDVANAICQEIQATCKFKSETFDSLIPSLKAKRFDAAISAIDITDARAKQVLFSDAYYDSSASYVALKGKATLESAKNIGVQNGTTFQQYTVAETKQYSPKSYASLQNAILDLKSGRIDIILGDTAVLSDMISKEPEIQFIGEKVTNKKYFGNGLGIAMHKSNKDLAAQLNKGLAAIKANGEYQKIYDKWMTK,length1,717
3,474500,473837,663,MFSDFLSLMFTAALMTLGLAVCSLLLGLFLSLIFAVLEANRFVGKPMTVFVALLRGLPEIIVVLLVYFGSTELVEILTGEYIEFGAFGCGVFALSLIFAAYASQTLRGAIQAIPKGQWESGAALGLSKSYTFIHIVMPQVWRHALPGLSNQWLVLLKDTALVSLIGVDDLMHQADLINTNTHQPFTWYGIAALIYLAVTLISQVGIRKLELRFTRFERGMK,length1,663
3,479936,478952,984,MAQSTMQHFIEQANHYGKQRTPFFFLIDFEKEKPLICPLENSAQQGIYFDILGKRNCTISPQSLPLNFTKHPMPFSHYQQGFELVQSELQKGNSYLLNLTYPTEISGNLSLEQIFHQTNAPYKLWLQDQFVCFSPECFVNIHDNNIFTYPMKGTINATLPDAENQLLTNEKEQREHYTIVDLMRNDLSMVAEHIQVKKFRYIDRIKTQKGEILQTSSEIYGKSNENWQNQIGDILEKLLPAGSISGAPKEKTTQIIQQAEKQKRGYYTGIFGIFDGKTLQSAVAIRFISQVDEKFYFHSGGGITIHSNAQDEYEELLEKVYLPIEGAD,length1,984
3,482165,481079,1086,MSQVFNFSAGPAMIFPEVLQKAQNELTNWLNQGVSVMEVSHRGKYFMELVTQAEKDLREVYNIPDNYRVLFLQGGARGQFAAIPMNLIGKKGKALYLNSGHWSATAAKEARNFAEIDEITIVENGEQTRITDLDFSHIADQYDYVHYCPNETISGVEIFDVPNVGNAVLVADMSSNILSRQIDISKFGIIYAGAQKNLGPAGITLVIIRDDLIGNARKETPSIWNYATQRDADSMINTPPTFAWYLCSLVFKHLKEIGGLEIIEKRNALKAQTLYDYIDSSKLYRNVVAKENRSTMNVTFITGNPELDAKFVAESTATGLQALKGHKVLGGMRASIYNAMSQNGVEALISFMKKFEAENLPQ,length1,1086
3,483353,482255,1098,MQYINIANRGVKSLSPYQAGKPIEELEREIGISNIVKLASNENPFGFPESAKKAIFEQLDKLTRYPDANGFELKQTIAKKFGVQPNQITLGNGSNDLLELFAHTFATEGNEIIYSQYAFIVYPLVTKAINAIAKEIPAKNWGHDLQGFLTALSDKTKLIYIANPNNPTGNFLTSQEIEDFLAKVPENVIVVLDEAYTEFTRSEERVDSFSLLKKYSNLIISRTLSKAYGLAGLRIGYAVSNPEIADLLNRVRQPFNCNSLALTAAVAVMNDDEFIEKVAENNRIEMRRYEDFCQKNQLDYIPSKGNFITIDFKQPAAPIYDALLREGVIVRPIAGYGMPNHLRISIGLPEENDKFFTALSKVLKFA,length1,1098
3,495356,493628,1728,MRTLLPFIRLFKFAKFPLILGLVLMILGLGSSMGLLTVSGWFLAATAIAGLGTLFNFFYPSASVRGLAIGRTVMRYFEKIVTHDATFRILSKLRVQVFEKIIPLSPAVLNRYRNSDLLNRLVSDVDTLDSLYLRLLAPFFTAVFVIIAITIGLSFINIPLALGLGLFLLILLIIIPTVFYRLGQQFGERLIQARATYRTQFLEFIQAQAELLLFNAEDKLKEKMSVTEKTWQEDQAKEAKLSGFSTALVLFLNGLLISGMLWFASNANFGTDEYRTAYIALFTFAALAAFEIIMPLGAAFLHIGQVIAAAERVTEIIEQKPLVEFNGNEEFETKVRLISAKNLNFSYPEQETLVLKNLTLDLEQGKKIAILGKTGSGKSSLLQLLVRNYDANQGELLLAEKPISTYSEETLRRQICFLTQRVHVFSDTLRQNLQFASADKISDEKMIEVLHQVGLSKLLEQEGKGLNLWLGDGGRPLSGGEQRRLGLARILLNNAPILLLDEPTEGLDRETERQILRLILQHAENKTLIIVTHRLSSIEQFDKICVIDNGRLIEEGDYNSLITKENGFFKRLIERV,length1,1728
3,501866,501350,516,MKLVSNKILFLATMVLASSSAFALKDDVNQPINIVSDNQSLDMEKSVVTFTDNVVITQGSIIIKANKVVITRPAEKSGKKETVEAFGTPVTFHQQLDNGTPIDGKANKVHYDLGNEFLTLTNNAELKQLDSKINGSVITYDVKKQQLKANGNGKSRVTTVLIPSQLQQAKGK,length1,516
3,502595,501872,723,MSILTAENLAKSYKSRKVVSDVSLTVNSNEIVGLLGPNGAGKTTTFYMVVGLVRQDQGKIVIDGEDISLLPMHNRAQRGIGYLPQEASIFRRLTVYENLMAVLEIRKDLTPQQRCEKADELIEEFNISHIRDNLGQALSGGERRRVEIARALAANPKFILLDEPFAGVDPISVSDIKKIITDLRNRGLGVLITDHNVRETLDVCERAYIVGAGKIIATGTPAQVMNDEQVKRVYLGEQFKL,length1,723
3,515327,514973,354,MLLLPKCSYNYGDRLMLLLHKAKLLHLLPLSIACHFQFLANNPHYFPQKKRFVSLDFHLHQKSAYPHYSKLRPQHYDKCVILLGDNLLNPYSDPYDLQSRSKQSQPQLLSYKLSQAEN,length1,354
3,524609,524321,288,MKRPSLSFSVQRAINGVCVAWKPDNAPQEIVKNKSGQIGTSPFTWKFCVNFAQVKPSPSALIVRKNSIGSVALKCETTNPYTIPTDIKSNNAPKSG,length1,288
3,529214,527591,1623,MQHKLLFSAIALALSYSVQAVIVPEGTQLDEKQHIVINNGAEPQSFDPHKTEGVPESNVAYQLLEGLVTSDSEGKLQPGAAESWENTPDFKTWTFHLRKDAKWSNGDPVTAHDFVFAWRRLVDPATAAPYASYLSYLQVENAQDIIDGKKKPAELGVEAKDDYTFVVHATNPVPYAVSLTTHQSLLPLPQKVVEKLGDAWVKKENYVGNGAYKLANHIINEKIEFERNPLYWNDKETVINSATFLAIENPSTDVARYRAGDLDMTSYGLPPEQFAKLKKELLGEVYVTRTLGTYSYELNNKKAPFDNVNIRKALNLSLDRNVITDKVLGQGQTPTYVFTPTYIEEGHLIQQPAYSKEPMAQRNEEAIKLLEEAGYSKANPLKFSILYNTNENHKKVAIAAASMWKANTKGLIDVKLENQEWKTYIDSRRAGRYDVARAGWHADYNQATTFGNYFLSNSSNNTAKYANPEYDKAMAESYAATDAEGRAKAYAKAEEILGKDYGIVPIFNYVNPRLVKPYVKGYSGKDPQDHIYLRNLYIIKH,length1,1623
3,534764,534149,615,MSEIKLNYHKTHFLTSAPNIRSIPEDTGIEIAFAGRSNAGKSTALNALTNQKNLARTSKTPGRTQLINLFEVEPNYKLVDLPGYGYAAVPEQMKIQWQKSLGEYLQKRECLSGLVVLMDIRHPLKDLDQQMIEWAVSADLPILLLLTKADKLSQSARSKQVKMVREAILPFQGDIQVEAFSAQNKIGIDKLAAKLDFWFSPLFAK,length1,615
3,536408,534881,1527,MSLAIVYSRASMGVQAPLVTIEVHLSNGKPGFTLVGLPEKTVKEAQDRVRSALMNAQFKYPAKRITVNLAPADLPKEGGRFDLPIAIGILAASDQLDASRLKQFEFVAELALTGQLRGVHGVIPAILAAQKSKRELIIAKQNANEASLVSDQNTYFAQTLLDVVQFLNGQEKLPLATEIVKESAVNFSGKNTLDLTDIIGQQHAKRALTIAAAGQHNLLFLGPPGTGKTMLASRLTGLLPEMTDLEAIETASVTSLVQNELNFHNWKQRPFRAPHHSASMPALVGGGTIPKPGEISLATNGALFLDELPEFERKVLDALRQPLESGEIIISRANAKIQFPARFQLVAAMNPSPTGHYTGTHNRTSPQQIMRYLNRLSGPFLDRFDLSIEVPLLPQGSLQNTGDRGETSVQVREKVLKVREIQMERAGKINAYLNSKEIERDCKLNDKDAFFLEKALNKLGLSVRAYHRILKVSRTIADLQGEQQISQPHLAEALGYRAMDRLLQKLSNM,length1,1527
3,538706,537782,924,MIIVTGGAGFIGSNIVKALNDLGRKDILVVDNLKDGTKFANLVDLDIADYCDKEDFIASIIAGDEFGDIDAVFHEGACSATTEWDGKYIMHNNYEYSKELLHYCLDREIPFFYASSAATYGDTKVFREEREFEGPLNVYGYSKFLFDQYVRNILPEAKSPVCGFRYFNVYGPRENHKGSMASVAFHLNNQILKGENPKLFAGSEGFRRDFVYVGDVAAVNIWCWQNGISGIYNLGTGNAESFRAVADAVVKFHGKGEIETIPFPEHLKSRYQEYTQADLTKLRSTGYDKPFKTVAEGVTEYMAWLNRK,length1,924
3,540155,539846,309,MMPNFSNTAVCPPNFSISISFSVAVSVSHQSLALYRGRSFLSNITSPCCCPEMPIPFTKLGEKCGEFFACFNAICNACCNASIHQFGCCSRLPLDCVINSCFA,length1,309
3,542999,541829,1170,MNNFYNFDVIIDRLNTFSAKWNVDNDIIPMSVADMDIPAPQIMIDELEKFNRLGIYGYTELPADYYKIISDYIFEQYHYSVLSEKIVFCPRIIQAVSIYIRAFTKENDGICILSPSYSPILNTIKLNDRKLYQCPLVYENRKYHIDFHLLEECFKHSKVFVLISPHNPTGTIWNKEVLIKIINLAKKHNVFIISDDVHADFTLTNDSHYLISSLDEWVANHSMICLSPAKTFNIPGLEIANLIIENKEIREKFIKEMMALGIHNPNYFSIPAIISLYKYCTDWVIYLKEYIKNNKKIVKEFFNEYIPLLDITESDGTYLLWINYKKLSINENELAYWINNLSRVKVSLGSEFGKEGDGFFRMNVAMPRKKLLEALNRIKNGFCLLNNREI,length1,1170
3,551384,550400,984,MDLNTILIIVGIVALVALIVHGLWSNRREKSKYFDKANKFDRTSPTSRSHTQEEMVQPNNISPNTYVENGHTPISQPTTEKLPSEAELIDYRQSDKSVDDIKISIPNTQPIYDMGNHRSEPIQPTQPQYDMPTANNVASMTLEQLEAQSQNVGFNGINSSSPELRVQLAELSHEEHQVDYNLSFNEPKAETTAQPKQTTGYIQLYLIPKSSEEFNGAKLVQALENLGFILGKDEMYHRHLDLSVASPVLFSVANLEQPGTFNAYNLAEFNTIGIVLFMQLPSPGNNLANLRMMMRAAHTLAEDLQGVILTEEQEIFDANAEQAYLARV,length1,984
3,553508,551498,2010,MTNIQTQLDNLRKTLRQYEYEYHVLDNPSVPDSEYDRLFHQLKALELEHPEFLTSDSPTQRVGAKPLSGFSQIRHEIPMLSLDNAFSDAEFNAFVKRIEDRLILLPKPLTFCCEPKLDGLAVSILYVNGELTQAATRGDGTTGEDITANIRTIRNVPLQLLTDNPPARLEVRGEVFMPHAGFERLNKYALEHNEKTFANPRNAAAGSLRQLDPNITSKRPLVLNAYGIGIAEGIDLPTTHYDRLQWLKSIGIPVNPEIRLCNGADEVLGFYRDIQNKRSSLGYDIDGTVLKINDIALQNELGFISKAPRWAIAYKFPAQEELTLLNDVEFQVGRTGAITPVAKLEPVFVAGVTVSNATLHNGDEIERLNIAIGDTVVIRRAGDVIPQIIGVLHERRPDNAKPIIFPTNCPVCDSQIIRIEGEAVARCTGGLFCAAQRKEALKHFVSRKAMDIDGVGGKLIEQLVDRELIHTPADLFKLDLTTLTRLERMGAKSAENALNSLENAKSTTLDRFIFALGIREVGEATALNLANHFKTLDALKDANLEELQQVPDVGEVVANRIFIFWREAHNVAVVEDLIAQGVHWETVEVKEASENLFKDKTVVLTGTLTQMGRNEAKALLQQLGAKVSGSVSSKTDFVIAGDGAGSKLAKAQELNITVLTEEEFLAQITR,length1,2010
3,564197,563414,783,MIVNFISALGKQVIDFFRALGRAGFMLFGALIGKPQIRKHFPLLVKQMHVLGVQSLLIILLSGLFIGMVLGLQGYVVLVDFSAETSLGQLVALSLLRELGPVVTALLFAGRAGSALTAEIGLMKATEQLSSLEMMAVDPLRRVIAPRFWAGVISMPILSILFIAIGIWGSSLVGVDWKGVDSGSFWSVMQNSVSWSYDILNGFIKAVFFAVAVTWIALFNGYDCMPTSEGISQATTRTVVHASLVVLGLDFILTAIMFGAS,length1,783
3,564707,564209,498,MRQTIKYEFWVGLFLLLGIGALVFLGLRVANVQGFAETKSYTVTAIFNNIGGLKVRAPLKIGGVVIGRVSAITLDEKSYLPKVSIAINQEYNEIPENSSLSIKTSGLLGEQYIALTIGFDDGDTAMLKNGSQIQDTTSAIVLEDLIGQFLYGSKKSDGNEKSESAE,length1,498
3,565712,565397,315,MLNWDLQKNNDKITLFLFGELSRSTLLPMWQQRGVFLSESTLDKTIVEWNLSGLQHIDSAGFTALCDFLRECQKINKTVRLVYPPKQLLTLADLVGLSDWIANFT,length1,315
3,567275,566003,1272,MDKFRVYGQSRLSGSVNISGAKNAALPILFAAILATEPVKLTNVPELKDIETTLNILRQLGVIANRDETGAVLLDASNINHFTAPYELVKTMRASIWALAPLVARFHQAQVSLPGGCSIGARPVDLHISGLEKLGADIVLEEGYVKAQVSDRLVGTRIVIEKVSVGATLSIMMAATLAKGTTVIENAAREPEIVDTADFLNKMGAKITGAGSDHITIEGVERLTGCEHSIVPDRIETGTFLIAAAISGGRVVCQNTKADTLDAVIDKLREAGAQVDVTENSITLDMLGNRPKAVNIRTAPHPGFPTDMQAQFTLLNMVAEGTSIITETIFENRFMHIPELIRMGGKAEIEGNTAVCHGVEQLSGTEVIATDLRASISLVLAGCIATGETIVDRIYHIDRGYEHIEDKLRALGAKIERFSRSDEA,length1,1272
3,568349,567578,771,MKKLLFTTALLTGVIAFSTFSHAGEIADRVEQTKTLLVGTEGTYAPFTFHDKSGKLTGFDVEVIRKVAEKLGLKVEFKETQWDAMYAGLNAKRFDVIANQTNPSPERLKKYSFTTPYNYSGGVIVTKSSDNSIKSFEDLKGRKSAQSATSNWGKDAKAAGAQILVVDGLAQSLELIKQGRAEATINDKLAVLDYFKQHPNSGLKIAYDRGDKTPTAFAFLQGEDALITKFNQVLEALRQDGTLKQISIEWFGYDITQ,length1,771
3,574688,573125,1563,MLDVVDLSRLQFALTALYHFIFVPLTLGLSFILVIMETIYVATGKEVYKDMTKFWGKLFGINFALGVTTGIIMEFQFGTNWSYYSHYVGDIFGAPLAIEALLAFFLESTFVGLFFFGWDRLSKGKHLLATYCVAFGSNLSAMWILVANGWMQAPTGSKFNFETVRMEMTNFLDLWLNPVAQSKFLHTLSAGYVTGAFFVLAISSYFLLKGRDFEFAKRSFSVAATFGFIASISVLILGDESGYDIGKAQPVKLAAMEAEFETHPAPAPFLPVAIPNTAEMKNDFAIEIPYLGGVIATRSIDKEIIGLKDLQALNETRVRSGIRAYELFTQLRAEKKANGQVNEETKAQFNEVKKDLGFGLLLKRYTNNVVDATEEQIKQAARDTIPNVGPNFWAFRAMIAAGGLIALLTFGAFVQNLRNKVTQIPLLLKVLLWGLPLPWIAIECGWFLAEYGRQPWAIYEILPVGVSASNLSTGDLWFSIGLICALYLAFIIVEMYLMFKYARLGPSALKTGKYYFEQSAK,length1,1563
3,576557,576107,450,MTLQLNTIALLLVILLILGVLSNNSAITISAAVLLIMQQTFLSSHIPLLEKYGVKIGIIILTIGVLSPLVSGKIQLPDLSGFLSWKMALSIAVGVLVAWLAGKGVPLMGEQPILVTGLLIGTIIGVAFLGGIPVGPLIAAGILALLLGKI,length1,450
3,576932,576560,372,MKNKYLTIATLSGFFCVALGAFAAHGLSHILEAKALSWIDTGLEYQMFHTIAVLAVALSALRDNKFARLSMSSWLIGILLFSGSLYALAFEASNVIVWITPIGGTLFLIGWISLAYGSFKSKSL,length1,372
3,584018,583343,675,MTVCSRRNFVSGMGAVILMTGTSLPSFAKEDKADKPKRYAMIHDENACIGCTACMDSCRDVNQVPEGVSRLEILRSEPYGEFPNQEYEFFRQSCQHCTNAPCVAVCPTGASFIDKETGIVDVHKDLCVGCQYCIAVCPYRVRFIHPVHRTADKCNFCRDTNLANGKQPACVEACPTKALTFGDMNDPTSAVSRKVKEKSVYRTKVELGTQPNLYHIPFQHGEPRR,length1,675
3,590780,590189,591,MFEYPQGYELIAGVDEVGRGPLVGAVVTAAVILDPNNPIEGLADSKKLSEKKRLALAEEIKEKALAWALGRAEANEIDEINILQASLLAMTRAVKSLKIQPHFVLVDGNKIPKDLAIPAQAVVKGDNLVAEISAASILAKVARDQEMEELDKQYPEYAFAQHKGYPTKLHLEKLAELGALPQHRRSFAPVKKALEQF,length1,591
3,595304,593141,2163,MANNKTLFDWVEDRKSMLEEMEQTDFFALPEFVSNNLKYPFFEWQKSALENFVIFDRTPKLKDFPDIKNRPTHLLFNMATGAGKTMMMAALILYYFEKGYRHFLFFVNQNNIVDKTENNFTDPTHAKFLFTEKILQGDTVIPIRKVETFSPHSDGIEIKFTSIQKLYNDIRTRRENQTTLADLHKLNLVMLGDEAHHLNAQTKGKKQGELDLEKEMNDRTSNAEIERKGWEHMVLELLLNKNGNHSQNVLLEFTATLPENADVQQKYADKIITKFGLKEFLQKGYTKEINLVSSTLGKKERVLHALLFAWYRHRIALKYGIANFKPVMLFRSKTIDESKADYLAFLNWAENVQAVDFSFLTTFSTSLNDSDSDNANEQGKTRTEQALKFMQEKGVEFAHLADWVKQNYQKHNVIITNSESNKTKTEKTDSETEKLLNNLEAADNPIRAIFTVDRLTEGWDVLNLFDIVRLYEGQNGGGSNKKSGKTAAATVSEKQLIGRGVRYFPFAFEDKQPNKRKFDNDMQHELRILEELFYYTHDEQSRYISELKAELRKDGFIPENDKDKVLTTFKLKSEFADDETFKNLLIWANQKVKNPNAKANNADSLKANPQTLSFQIHGNQLLQETQFTADENDETARQIGTQNNFTQTIKMSEMERHIFNKALHIKGKNSQSLFHFDRLQSKLNIQNRNELQNNLLKDWQIEFLGLGQDKQISPDDNLQAA,length1,2163
3,604391,603836,555,MEQYGFYFDSERCTGCKTCELACKDYKDLGTEVNFRRIYEYTGGQWNQQADGCWHQNIFAYYMSISCNHCADPACTKVCPTGAMHKNADGFVIVNEEICIGCRYCHMACPYDAPQYDAQKGHMTKCDGCYSCVKSGQKPICVDACPLRALDFAPIDELRAKYGTQASIAPLPPADITQPNSGKTQ,length1,555
3,618341,616301,2040,MRKIIFQNELSQENKMATRRQLANAIRVLAMDSVQKAKSGHPGAPMGMADIAEVLWRDFLKHNPTNPKWADRDRFVLSNGHGSMLIYSLLHLTGYDLSIEDLKQFRQLHSKTPGHPEYGYAPGVETTTGPLGQGITNAVGMAIAEKTLAGQFNREGHEIVDHHTYVFLGDGCLMEGISHEACSLAGTLGLGKLIAFYDDNNISIDGHVDGWFSDDTAERFEAYGWQVIRNVNGHNAEQIRAAAVLAQAEKEKPTLIICKTIIGFGSPNKSGSHDCHGAPLGDEEIALTRKALGWEYAPFEIPAEYYAEWSAKEKGAAAEKSWEEKFAAYAKAYPELAAEFKRRVSGELPTNWAAESKAFIEKLQANPASIASRKASQNAIEAYAHLLPEFLGGSADLASSNLTLWSGSKPIRAHENVSGNYINYGVREFGMSAIMNGIALHGGFIPYGATFLMFYEYAHNAVRMAALMKQRTLFVYTHDSIGLGEDGPTHQPVEQTASLRLIPNLETWRPCDQVESAIAWQQAVERQDGPSALIFTRQNLAQMNRTSAQLDAVKRGAYVLKDCDGTPELIFIATGSEVELAVQAAEALSAEGKKVRVVSMPSTNRFDKQDEAYRESVLPAAVTKRVAIEAGIADFWYKYVGFNGRVVGMNSFGESAPADQLFKLFGFTVENVVAKAKEIL,length1,2040
3,622625,622166,459,MCCNLILNPLRLLRMHRKYLTSLYPLLPYAYLNFSKQIEFYLQDKLHSSKPINHVPHCWCEDLDKSHEDLGVQLILSNFSADFVIWFYRTQKHNYRNRKVRRSYLSILLVNQAELNPRYLVQKYLFFQLVPKKSYLNLAQYPLLFSFLPSEHG,length1,459
3,634892,634607,285,MKMAIYHIFPHFLRLKRMLKKLKKKRAYIQIQLGELMNLMKNQKILIHKNTFILVCTILRIGESFPNPKKKKKKLILAIMVMRFIMVIKLQQTCQ,length1,285
3,642932,641828,1104,MSLCQCVYNMAISRLLVEKFRNLTAVDLDFDPCFNFLIGNNGSGKTSLLEAIFYLGHGRSFKSAVTNRIISYDEPHFTLFGQIQESQHQWSVGLQKLRQGNTLVKINGEDGNKISDLAHLLPMQLITPEGLTLLNGGPSYRRAFLDWGLFHHQTSFYSSWSNLNRLLKQRNAALAQNQPYSPIKIWDVELAKLAHQVSQWRAEYAEALRPEIEQTCQLFLPELEINVSFHQGWEKNADYYEILQQNFERDRALNYTFSGPQKADFRFKAQGLPVEDVLSRGQLKLLMCALRLAQGEHLMKEKQRHCIFLIDDFASELDQYKRALLAERLQQSGSQVFVTAITQRQLKEMQVENKKMFSVHNGIINTLN,length1,1104
3,648593,643160,5433,MLNKKFKLNFIALTVAYALTPYTEAALVRNDVDYQIFRDFAENKGKFSVGATNVEVRKKDNQPLGTALPKDIPMIDFSAVDVNKRIGTLVDPQYIVSVKHAHQYMNDFYFGHYNGHRDVSDDENKYSVVTQNNDKPEEKWDYQKRLDDYNMPRLNKFVTEVAPTTPTLAGGGLETYKDKEKYPYFVRVGAGTQFVYEKDTYYTTNSTIIDKKTESGHDIKFLAEAYRYAIGGTPYKEINIDKVETKEGLIGFGDSHQHPNAKDVLSQDPLTNYGVLGDSGSPLFAFDKQQNKWIFIGPYTYWAGYGKKSWQEWNIYKKDFADTIHSRDNAETVPFSTSEYHWTTTGNSSQIKNTQKTISVKLLEPNTTLVNYRKEENKNTGQNVTFDDNTNNGKGTLILDDHINQGAGGLFFKGNYEVKGTTDNITWVGGGISVEEGKTVTWKVRNPEGDHLAKIGKGKLIVEGKGDNKGSLKVGDGTVVLKQQTTKGQHAFASVGIVSGRSTVVLNDDNQVDPNSIYFGFRGGRLDANGNNLTFEHIRNIDDGARLVNHNMTNASNITITGESLITNPNTITPYNIEAPDYENNPYYSFRRIKDGGQLYLNLENYTYYALRKGAKATSDLPYNSNVSNETWLYMGKNPDEAKKKTMEYINNSRMNGFNGYFGEEATKADQNGKLNVTFKGKTEQNRFLLTGGTNLNGDLNVEKGTLFLSGRPTPHARDIANISSTEKDKLFSENNEVVVEDDWINRNFKATNINVTNNATLYSGRNVESITSNITASNKAQVHIGYKAGDTVCVRSDYTGYVTCHNGTLSTKALNSFNATNVSGNVNLSDNANFVLGKANLHGSIQAGGNSQVRLTENSHWHLTGDSNVHQLDLKNGHIHLNSADNSNNVTKYNTLTVNSLSGNGSFYYWVDFTKNQGDKVVVTQSATGNFTLQVANKTGEPNHNELTLFDASNATERNGLNVSLANGKVDRGAWSYTLKENNGRYYLHNPKVEKRNLTVDTPSITTPNIQADAPSVPSNHEEIARVDEPVPLPAPPAPATTSTAPQNQNGFNRTGTGYSIVADTPETVRITHKNPNGEIIDEGFALKSDFHNSVDTNKKSFDGLVADKITPDGTNAYIITYKKVKDLVTPKRPIELKTDQPLTDEEKDPKKVAVVKPEDTPNGVPSREHSETAPKSDTATKADTSNSESVSSDTTETAEKNEQEVAETTAQNGEVAKEAQPTVEASTQTNEVAQNGSEKEEIQDVQKVTSKKPDTTVKANAPKKEVPINTKIEEAQAQPQTQPTTVTAAEETSPNSKPVEETQPSEETNAEPVTPVVVSEHQPEKTVSKPTGTEETATVETEKAQEASQVTSQASPKQEQSEDAKPQAEPESENVSTDKNSEEVQAQPETSATAVTEQPAKETSTKAEQSVTESTTVSTGTPVVENPEKTPATTQPAVNSEAVQSETATTETVSQPKVTSAEETTVTSTQEVSTPKPRSRRTRRSVQTNSYEPIELSTANTENTQSRNNVVNSQSALRDLTSTNTNAVISDARAKAQFVALNVGKAVSQHISQLEMNNEGQYNVWVSNTSMNKNYSSEQYRRFSSKSTQTQLGWDQTISNNVQLGGVFTYVRNSNNFDKASSKNTLAQVNFYSKYYADNHWYLGIDLGYGKFQSNLQTNNNAKFARHTAQIGLTAGKAFNLGNFAVKPTVGVRYSYLSNANFALAQDRIKVNPISVKTAFAQVDLSYTYHLGEFSITPILSARYDANQGNGKINVSVYDFAYNVENQQQYNAGLKLKYHNVKLSLIGGLTKAKQAEKQKTAEVKLSFSF,length1,5433
3,649556,649214,342,MACKNCFGIIASVSTFAASNGTTKPESCLNPAIFLFPLLSLSLMLRHEYQQIYRTLLLPLPLQDLLNGYVHYDLDALQSYGLKWKHSVPIRLNGRRSFLNTLNNLDYAILHLRQ,length1,342
3,655268,654149,1119,MNDITYTLLRLMQVPKLGGVGIDKILSNITLNELLNYDDVAFRQMGWGAIQIRRWFKPEAKFIEPALAWSQKEGNHLVNYFSPFYPFLLKQTASFPPLLFVKGNLTALSQRQMAMVGSRYCTTYGEYWAKHFATELSLAGFTITSGLALGIDGHCHQAVVNIQGQTIAVLGSGLEQIYPSKHQRLSAQIIENNGALVSEFLPNQAPIAANFPRRNRIISGLSVGTLVVEATEKSGSLITARYALEQNREVFAVPGNIQNESSQGCHRLIKQGAMLVENAKDILETLYQHSIHSQTEIDFDQIAVPNYTPPPDPRRLVEAPSHPKLYSRIGYTPVSIDDLAEEFNLSVDVLLVQLLDLELQDLIISENGLYKRV,length1,1119
3,656672,656093,579,MNKIFVILTALILSGCATKLTQLNVPTQLEYNGKHYVLTGSQDLGTIARYAYISKPDTLENWQSEIEILFDRNQSERSIKERIALRERIYRNTDVKDFHFDTIPENSTNPNELNGYVIYSPTKENPSWQVNVMKGRQLPQCGFVQFQYSQKIQQPTHSKHLSVDKVQQHLQKYIVDIERKHLQNLKWQLFCEK,length1,579
3,658457,657974,483,MTKKKVKPNSNTIALNKRARHDYFIEDEIEAGLELQGWEVKSMRAGKANISDSYVIFKNGEAFLFGASIQPLNVASTHIVCDPTRTRKLLLNKRELASLFGKANRDGFTIVALSLYWKSAWAKVKIGLAKGKKQQDKRDDIKEREWKVTKDRIMKNAHRRS,length1,483
3,669236,668696,540,MAALLSGCSMFDSQQSAIPAEFAGADYQLSDQHAKQWAIASKQVEQCVYPNLTRILQQHFSKEDSYIHSQYVFFYPLEKIIGEQYVKIIQADEKSMNYASYQFKKFRTKVSNVEPLTKQSCLKLRNEAHDDLAVVKGQYKNGMVEVQKNEDGTPKNSDGIATNQNKFFFDIIKWGSMLLL,length1,540
3,675239,672416,2823,MTVDYKNTLNLPETSFPMRGDLAKREPDMLKNWYEKNLYQKIRKASKGKKSFILHDGPPYANGNIHIGHAVNKILKDIIIKSKTALGFDSPYIPGWDCHGLPIELKVEGLVGKPNEKISAAEFRQKCREYASEQVEGQKKDFIRLGVLGDWDNPYLTMNFDTEANIIRTLGKVIENGHLYKGSKPVHWCLDCGSSLAEAEVEYEDKVSPSIYVRFPAESAVEIEAKFSAQGRGQGKLSAIIWTTTPWTMPSNRAIAVNADLEYNLVQLGDERVILAAELVESVAKAVGVEQVEILGSVKGADLELSRFHHPFYDFTVPVILGDHVTTDGGTGLVHTAPDHGLDDFIVGKQYDLPMAGLVSNDGKFISTTEFFAGKGVFEANPLVIEKLQEVGNLLKVEKIKHSYPHCWRHKTPIIFRATPQWFIGMETQGLRQQALGEIKQVRWIPDWGQARIEKMVENRPDWCISRQRTWGVPMTLFVHKETEELHPRTLELLEEVAKRVERAGIQAWWDLDEKELLGADAETYRKVPDTLDVWFDSGSTYSSVVANRLEFNGQDIDMYLEGSDQHRGWFMSSLMLSTATNSKAPYKQVLTHGFTVDGQGRKMSKSIGNIVTPQEVMDKFGGDILRLWVASTDYTGEMTVSDEILKRAADSYRRIRNTARFLLANLNGFDPKRDLVKPEEMISLDRWAVACALDAQNEIKDAYDNYQFHTVVQRLMRFCSVEMGSFYLDIIKDRQYTTKADSLARRSCQTALWHIAEALVRWMAPILSFTADEIWQHLPQTESARAEFVFTEEFYQGLFGLGEDEKLDDAYWQQLIKVRSEVNRVLEISRNNKEIGGGLEAEVTVYANDEYRALLAQLGNELRFVLITSKVDVKSLSEKPADLADSELEGIAVSVTRSNAEKCPRCWHYSDEIGVSPGHPTLCARCVENVVGNGEVRYFA,length1,2823
3,687449,685916,1533,MSNLKQHKQALFCNDNEAINDYETAMYNAVQAVSAWLKNEKMYTGGSIKQMRALISGFNPTKEGMGVQKSLDHLVKIFLNPSLKVHHPHSLAHLHCPTMVTSQIAEVLINATNQSMDSWDQSPAGSIMEEHLINWLRQKAGYGEGTSGVFTSGGTQSNLMGVLLARDWAIANHWKNEDGSEWSVQRDGIPAEAMQKVKVICSENAHFSVQKNMAMMGMGFQSVVTVPSNANAQMDLIALKQTLAQLKADGKITACIVATAGTTDAGAIDDLKAIRKLADEYQAWLHVDAAWGGALLLSKDYRYFLDGIELTDSITLDFHKHFFQTISCGAFLLKDPANYRFIDYKADYLNSEYDEAHGVPNLVAKSLQTTRRFDALKLWFTLEALGEDLYASMIDHGVKLTKEVEQYINDTPALEMLVPSQFASVLFRVIPKDYPAEFIDALNQNVADELFARGEANIGVTKVGDKQSLKMTTLSPIATLENVKALLTQVLTEANRIKDDIKNGTYTPPID,length1,1533
3,701516,700376,1140,MKSLLDIFTRVQKTFVFATALLFAFSLFTQAEMVDTYQFQNQDDRTRAVELAKSLRCPQCQNQNLVESNSPIAYDLRLEVYKMVDEGKSNQQIIDKMTARFGDFVNYKPPFKWNTALLWLLPVALLILAAVLLYFSNRKKQFSEKVVAQQLENDEIISLPSTFGSSPRKQGEPSKLSKGKVNSKIYFVLFTLLIAIPATYYFSLDRFSRVQQGEQSMIEQHNQNVEMNDEHKNENVIEKLQNKLRTDPNNAETWLQLGEAYVQNNEFDSALVAYSNAEKLSGSKPNILGLAATALYYQAGQQVTPKVEQLLNEALAKDKNEVSSLSLLATIALENRQYQQAGMYLQQLLDSGNAAVDRRSVIQRMKMLDFLQRGEKGQNP,length1,1140
3,710060,709718,342,MILTACSNTQPQAEMPTFGGQTNAHGCLPSAGQSYSYLRKACVQVFDVVDIKLDDPANKIQAVYGILSADKQQVEVFASDLPENTVLDVVKGGYASKDGKVRLMKTKTSWKLRL,length1,342
3,713672,711506,2166,MTTQNFLVEIGTEELPPKALKALATSFADNVEVELNQAGLSFDKIEWFAAPRRLAVKVLSLATQQPSKEMEKRGPAVSAAFDAEGKPTKAAEGWARGCGITVEQAERIATDKGEWLIHRAKIEGQPTKNLLNDIVANALAKLPIPKPMRWADKTVQFIRPVHTVTMLLGDELIEGEILGVASARTIRGHRFLGEKEFEIQHADQYPQLLREKGSVVADFNERKAEILAKSQAKATALGGVADIEESLLEEVTSLVEYPNVLAAKFEERFLAVPAEALVYTMKGDQKYFPIYGKDGKLLPHFIFVSNINPEDPTAIIEGNEKVVRPRLTDAEFFFKTDLKQKLVDRLPRLETVLFQQQLGTLKDKTDRIEQLAGEIAKQIGADEAKAKRAGLLSKCDLMTNMVFEFTDTQGVMGMHYARHDGEDEEVAVALNEQYMPRFAGDELPKSLVASAVALADKFDTLTGIFGIGQAPKGSADPFALRRAALGALRIIVKKNLPLDLNDIISKAFDLYKELDNERLRNAPIAKTRGGFSEYPEGYVSFFTRGDDLVPKQKILDEVVDFMLGRFRAWYQDEGIAVDVIQAVLARRPTRPADFDARVRAVSHFRTLDSAEALAAANKRVSNILAKAGAAIGEINLTACVEPAEKALAEAVLALRTEVQPLIAQGDYTAVLDKLANLRAPVDSFFDNVMVNAEDPALRQNRLAILNTLQGLFLQVADISVLQ,length1,2166
3,734345,734033,312,MENKADRYQKAVNIMDVLEQSPFAKIIKKGLAINELNQKFNRIFPQEFHGKFRIGNITDHLIFIEVSNAIVRQGILFKQIELLTLIQEEFPQVTGFEITINPGF,length1,312
3,739724,739244,480,MTFSLIVATTLNNVIGKDNQMPWHLPADLAWFRQNTTGKPVIMGRKTFESIGRPLPKRTNIVLSRQLFEHEGVIWKDSFESAVNFVRDFDEIMLIGGGELFKQYLPKADKLYLTQIQTELDGDTFFPQLNWEEWEIEFDEYRKADAQNRYDCRFLILTRK,length1,480
3,760457,759749,708,MATPKILVVEDEIVTRNTLKGIFEAEGYDVFEAENGVEMHHILANHNINLVVMDINLPGKNGLLLARELREELSLPLIFLTGRDNEVDKILGLEIGADDYLTKPFNPRELTIRARNLLHRTMSHQEKENTFGREFYRFNGWKLDLNSHSLITPEGQEFKLPRSEFRAMLHFCENPGKLQTREELLKKMTGRELKPQDRTVDVTIRRIRKHFEDHPNTPNIIMTIHGEGYRFCGDIE,length1,708
3,762824,762503,321,MSTAIDLIHIFPARNSQATSKYRETMFMSIFSSFFKAHIKTHCAANTSFRLPFHTLSTIKPILTIVISINKWNTKFFCKTDIFFFTNQIFFEWMNVWIIKINCKFNA,length1,321
3,765866,764948,918,MKQQPLLGFTFALITAMAWGSLPIALKQVLSVMNAQTIVWYRFIIAAVSLLALLAYKKQLPELMKVRQYAWIMLIGVIGLTSNFLLFSSSLNYIEPSVAQIFIHLSSFGMLICGVLIFKEKLGLHQKIGLFLLLIGLGLFFNDRFDAFAGLNQYSTGVILGVGGALIWVAYGMAQKLMLRKFNSQQILLMMYLGCAIAFMPMAEFSQVQELTPLALICFIYCCLNTLIGYGSYAEALNRWDVSKVSVVITLVPLFTILFSHIAHYFSPTDFAAPELNNISYIGAFVVVCGAILSAIGHKLLPHKTH,length1,918
3,767066,765896,1170,MKFIDESLIRIEAGDGGNGCVSFRREKFIPKGGPDGGDGGDGGDVYLQADENLNTLIDYRFNKRFAAERGENGRSSDCTGRRGKDIILPVPVGTRAIDNDTKETLGDLTQHGQKMLVAKGGYHGLGNTRFKSSVNRAPRQKTMGTPGEKRDLLLELTLLADVGMLGFPNAGKSTFIRAVSAAKPKVADYPFTTLVPSLGVVKVDDSHSFVVADIPGLIEGAADGAGLGIRFLKHLERCRVLIHLVDIAPIDGSNPADNVAIIESELFQYSEKLSEKPRWLVFNKIDTMSDEEAEERVREITEQLGWEEDYYLISAATGKNVPPLCRDIMDFIIANPREAEIQQVAPEEVKFKWEDYHQEQLAEHQFDDDEDWDDDWTEEDDEGIEFIYKP,length1,1170
3,772610,771908,702,MQLIKNNEYEYADIILSSFLNLGDSELKKIQRLEKLLPQIDLGHSYLKKLRAFDAHLQYHELYENKRITSGVYMCAVATAMGYKDLYLTGIDFYQEKGNPYAFHHQKENIIKLLPSFSQNKSQNDIHSMEYDLNALYFLQKHYGVNIYCISPESPLCNYFPLSPLNNPFTFIPEEKKNYTQDILIPPESVYKKIGIYSKPRIYQNLVFRLIWDILRLPNDIKKALKAKKMRLRK,length1,702
3,786413,783623,2790,MAQIATNPLVLVDGSSYLYRAFHAFPSLTNAAGEPTNAMYGVLNMLKRLISQVQPTHIAVVFDAKGKTFRDEMFEQYKSHRPPMPDDLRKQIQPLHDMIRALGIPLLVVEGIEADDVIGTLALQASSLGKKVLISTGDKDMAQLVDDNIMLINTMNNSLLDREGVIEKYGIPPELIIDYLALMGDSADNIPGVAGVGEKTALGLLQGIGSMAEIYANLEKVAELPIRGAKKLGEKLLAEKPNADLSYTLATIKTDVELNVTTDQLLLGESQKDQLIEYFARYEFKRWLNEVMNGADSITQTTEQPVKMNQYQATSQDQSAVENTPKIQIDRTKYETLLTQADLTRWIEKLNTAKLIAVDTETDSLDYMSANLVGISFALENGEAAYLPLQLDYLDAPKTLEKSTALAAIKPILENPDIHKIGQNIKFDESIFARHGIELQGVEFDTMLLSYTLNSTGRHNMDDLAKRYLGHETIAFESIAGKGKNQLTFNQIPLEQATEYAAEDADVTMKLQQALWLKLQQEPTLVELYKTMELPLLHVLSRMERTGVLIDSNALFMQSNEIATRLTALEEQAYELAGQPFNLASTKQLQEILFDKLGLPILQKTPKGAPSTNEEVLEELAYSHELPKILVEHRGLSKLKSTYTDKLPQMVNSQTGRVHTSYHQAVTATGRLSSSDPNLQNIPIRNEEGRRIRQAFIAREGYSIVAADYSQIELRIMAHLSGDQGLINAFSQGKDIHRSTAAEIFGVSLDEVTSEQRRNAKAINFGLIYGMSAFGLSRQLDISRPDAKKYMDLYFQRYPSVQQFMTDIREKAKAQGYVETLFGRRLYLPDINSSNAMRRKGAERVAINAPMQGTAADIIKRAMIKLDEVIYHDPDIEMIMQVHDELVFEVRSEKVEFFREQIKQQMEDASELVVPLIVEVGVGQNWDEAH,length1,2790
3,796316,795740,576,MTITISAVILAGGKARRMGGQDKGLQILGKQSLIEHVINRLQPQIHQISINTNRNQTEYAKFGFPVFSDELPDFQGPLSGMLTALEKTKSDFILFTPCDTPFFPMNLLDKLKSAVKNDRTLIAYACDEEREHPVFCLMSVQLKEKLRHYLASGERRLLQFMKENGGISVKFTQEEGNFENFNTLDDLKKTVI,length1,576
3,799139,798845,294,MNVVVKNIPVPFSHFWRSRLRNFSQLQRENNICASKIIGIGAKKICQSRDISPFSGLTSKFHTTEDKCRLKRLKTAVSNNNKVVQMVEKITVNPRKVR,length1,294
3,801980,801299,681,MSKLLLVDDDIELTELLSTLLELEGFDVETANNGLEALQKLNESYKLVLLDVMMPKLNGIETLKEIRKVSNVPVMMLTARGEDIDRVLGLELGADDCLPKPFNDRELIARIKAILRRSVSPSNNTANVEILSFDGITLHFSHGIATYNEENLNLTDYEFKILCLLLKSKGNVVSREELSLEVMEKPLTPFDRSLDMHISNLRRKLPERKNKPSWFKTLRGKGYALVT,length1,681
3,806411,806003,408,MSVTVSKRKKYVRPMTATWWQKLDFYKAYMLREATSVFAVWFCIVLLYGVLCLASNPMPGLGILSFIEFLRNPIVVFLNIITLIATLYHTVTYFLMTPKVMNIIVKNERLPHTVVRNALWAVTTLVSVIALVLVYI,length1,408
3,806768,806426,342,MVDQNPKRSGEPPVWLMFGAGGTVSAIFLPVVILIIGLLLPFGLVDAHNLITFAYSWIGKLVILVLTIFPMWCGLHRIHHGMHDLKVHVPAGGFIFYGLATIYTVWVLFAVINL,length1,342
3,819200,818048,1152,MTPIQNAQQIFNRQHKNLPEITVYAPGRVNIIGEHTDYNDGFVMPCAINFGTAISGAIRDDHIWNVYAADLDETDEFSLNVEIPKSEHKWANYVRGVVKFIQERYPHFQQGANLVISGNVPLSSGLSSSAALEVAVGKFCQQLGDLPLSHTDIALNGQKAENQFVGANCGNMDQLISALGQENHLLMIDCRSLETTPTPVPQDVAVIIVNSNVPHDLVTGEYNTRRQQCEEAAKFFGVKALRDVSVEQFQKREAELTALSPLAAKRARHVVTENQRVLDAVEALKNNDLTCLGKLMEASHDSMRDDFEITVPQIDYLVELVQLVIGKSGGARMTGGGFGGCIVALAPHDKVDAVRKIIADNYEKTTGLKETFYVCTASQGVRVI,length1,1152
3,820232,819212,1020,MLEQTTFNAPDGAPYQLITLQNENGMRVQFLDWGATWLSCKVPVNDTLREVLLGCKVENYPTHQSYLGASVGRYANRIANAQFELNGELIKLSSNQGKHQLHGGEGFDKRRWTIQKCGKNFVCFSLHSEHGDQGFPGNVDVSVTYTLTDDNSVKIEYAGICDKDTALNLTNHAYFNLENAAQGSDVREHTLRLNADFYLPVDNEGIPNSPLKHVVNTSFDFRIAKPIKQDFLQGDQQATKGYDHSFIVNKAWQKPCVLLTSPTGDLSLEVRTSQAALQVYTGNYLAGTPTRNGELYADFSGIALETQCLPDTPNHPEWQNYGGIQKASEQYYQWTEFKFK,length1,1020
3,822782,822359,423,MYKHVLVAVDLSEESPVLLKKAVGIAKRHDAKLSIIHVDVNFSDLYTGLIDVNMSSMQDRISTETQKALLYLAESEDYPISEKLSGSGDLGQVLSDAIEQYDVDLLVTGHHQDFWSKLMSSTRQVMNTIKIDMLVVPLRDE,length1,423
3,826772,825887,885,MKAIIPVAGLGTRMLPATKAIPKEMLTLVDKPLIQYVVNECVAAGIKEIVLVTHSSKNAIENHFDTSFELETMLEKRVKRQLLEEVRSICPKNVTIMHVRQGNAKGLGHAVLCGRPLVGNESFAVMLPDVLLAEFSADQKKENLAAMIQRFNETGASQIMVTPVPQENVSSYGVADCGGIELNGGESAKINSIVEKPSIEDAPSNLAVVGRYVFSAAIWDLLEKTPIGVGDEIQLTDAIDMLIEKETVEAFHMTGETFDCGDKIGYMEAFVEYGIRHEKLGKEFKSFIKNLAKTL,length1,885
3,831095,829481,1614,MTDLNKVVKELEALGIYDVKEVVYNPSYEQLFEEETKPGLEGFEKGTLTTTGAVAVDTGIFTGRSPKDKYIVLDEKTKDTVWWTSETAKNDNKPMNQATWQSLKDLVTNQLSRKRLFVVDGFCGASEHDRIAVRIVTEVAWQAHFVKNMFIRPTEEQLKNFEPDFVVMNGSKVTNPNWKEQGLNSENFVAFNLTERIQLIGGTWYGGEMKKGMFSMMNYFLPLKGVGAMHCSANVGKDGDVAIFFGLSGTGKTTLSTDPKRELIGDDEHGWDDVGIFNFEGGCYAKTIHLSEENEPDIYRAIRRDALLENVVVRSDGSVDFDDGSKTENTRVSYPIYHIDNIVKPVSRAGHATKVIFLTADAFGVLPPVSKLTPEQTKYYFLSGFTAKLAGTERGITEPTPTFSACFGAAFLTLHPTQYAEVLVKRMQAAGAEAYLVNTGWNGTGKRISIKDTRGIIDAILDGSIEKAEMGELPIFNLAIPKALPGVDSAILDPRDTYADKAQWQSKAEDLAGRFVKNFVKYATNEEGKALIAAGPKA,length1,1614
3,834773,834386,387,MAYLGLQPSLCIFRETCGDQLVIEQNGDIYSCDHYVYPEYKLGNLIETPLIQLLDNNTKQKNFGAAKSFLSEQCKICKFRFACHGGCPKHRTIQGFGKAHNQLCEAYYSALSHMDPYLKSFAKSFGKIK,length1,387
3,853097,852434,663,MNAKELIARRIAMELHDGDIVNLGIGLPTQVVNYLPDNVNITLQSENGFLGLTAFDPENANSNLVNAGGQPCGIKKGGTTFDSAFSFALIRGGHVDACVLGGLEVDQEANLANWMVPGKMVPGMGGAMDLVTGAKKVIIGMEHCAKSGSSKILKKCTLPLTASKKVAMVVTELAVFNFIEGRLVLKEHAPHVDLETIKAKTEADFIVADDFKEMQISQKGL,length1,663
3,857804,857468,336,MAKITPPFAVPSNLVREIPVKPTASLNNFAWLMAFCPVPASSVSIISCGAVSSYFFITRTIFFSSSIKLFLFCKRPAVSAIRISILRAAADCIASKITDAESEPVLCATTGI,length1,336
3,858617,858344,273,MISSIGSSAVEISCIFSSSTKSLASNFSIDGSISVIFSSSIIGSILGSSCFLLRPNNDAQNPPFLFSSAIKCSLNCNPIKMSFILAKNRLN,length1,273
3,882248,881933,315,MDLIKSMPWVLPSLPLISNLEKRSAVSLDVSLASKLTRLFPASSLVPAVTRACWFATNNASKPSMPESPADLAAAICCGSQRAISESSKLPACPAATALSNTAPI,length1,315
3,882551,882260,291,MPNCCIAEIAIADKSSVLAPVATAPFCKVGNNFIAVSAFTVPEANNLSNAPKASSFVPPPVSTALFTASCNSFFPAIRPATSRSEKAVLDTIAKRRS,length1,291
3,906857,906146,711,MRVKFKNNSSIGNRIRELREFKKVSRNAMAEKLGLSLSALQNWETNQTEPVASMIITLAEELEVSPNYLLTGETNATLDENSNRITLRESENSRSVADDEGFEWIDDCRDVIVTAGYGGINSDYLEVKKTKIEREWLRARGLKAEDCGKYKVCGDSMDDTLKDGEDIIVNHASKTLIDGKIFVLNNQGSMLIKRIQRTFSGVELISDNNAYRPIKLTAEEADSLLVIGQVVLGYRNF,length1,711
3,921866,921359,507,MSEQKQDVAATEEQQPVLQIQRIYVKDVSFEAPNLPHIFQQEWKPKLGFDLSTETTQVGDDLYEVVLNISVETTLEDSGDVAFICEVKQAGVFTISGLEDVQMAHCLTSQCPNMLFPYARELVSNLVNRGTFPALNLSPVNFDALFVEYMNRQQAENAEEKSEEEQTKH,length1,507
3,945362,944738,624,MQDKLKVLLIDDHPLMRRGIKQLVELDDNFEVVADVSSGTEGISVALQTSPDVIILDLNMKGLSGLDTLKGLRAEGVDARILILTVSDAKNDIYTLIDAGADGYLLKDTEPDTLLDQIKRIAQGEVILSDSIKNLLLERTHEDNPLDSLTDREMGVLRQIATGLSNKQIAAQLFISEETVKVHIRNLLRKLNVHSRVAATVLFFEQNR,length1,624
3,958529,958172,357,MSWLAKAEFFFHSAHCTIVILWLITRHRKQTARFVHHAQMIILINNIQIRFKGRIVFNQCHFYSLFVTMTRKQSKRQFALESSSSDCVRCCSKISISLWRIFLFTARKACKRLISALNC,length1,357
3,964073,962306,1767,MALATQSNRIKIGIRPTIDGRRMGVRESLETQTIRMAQSVAQLLQTHIRHTDGTFVECVVADSTIGGVTEAAACADKFKRENVGLTITVTPCWCYGSETIDMDPHMPKAIWGFNGTERPGAVYLAAALAGHSQLGLPAFSIYGTEVQEADDTNIPEDVKEKLLRFARAGLAVASIRGKSYLSIGSVSMGIAGSIVNQAFFQEYLGMRNEYVDMMEIKRRLDRKIYDQEEVDLALSWVKQYCKEGVDVNSLENQRNAEERAELWENVVKMTIITRDLMVGNPKLATLNYAEEALGHNAIAAGFQGQRHWTDHLPNGDFMEAMLNSTYDWNGVRPPYILATENDSLNAIGMLFGHQLTGKAQIFADVRTYWSQDSVERVTGWRPESGFIHLINSGSAALDGTGEHQDAQGNPTLKPAWDVTEEEAKRCLENTRWCPAVHEYFRGGGLSSQFLTKGGIPFTMHRINLIKGLGPVLQIAEGWSIDLPQDVHNKLNQRTNETWPTTWFVPRLTGKGAFTDVYSVMANWGANHCVATHGHVGADLITLASMLRIPVCMHNVSEKNIFRPSAWNGFGQDKEGQDYRACQNFGPLYK,length1,1767
3,965558,964148,1410,MAIALIFDCGATNLRTIAINEKGQILASHHLANNTKQGIESSDYHIWDIEEIWQKLISCATQTFNQLIQQGIDLKDIVGISVTTFGVDGAPFDKNDQQLYPIISWKCPRTIPVMENLSNQLDIKSLYQRNGIGQYSFNTLFKLHWLKTHKPDVFQKMAKFVFISSMLTQRLTGQFTTDHTMAGTSMMTNLTSGNWDPSILASLGLSNNHFPPMRYAGEKVGKLRTPLAQKWGLNPVPVISCGHDTQFAVFGSGAGLNQPVLSSGTWEILMARTQHAEPRFEFVSQGLTTEFDAQSNCFNPAVQWVGSGVIEWLGKLLFSDVYGSDHYYTTMIKEGEKAFNAGKRAVNFEGIFSQKGQGNISGLSMFATRGEIYVSALQHMANKLKNGLSVLHQVSQFQAKSLICVGGGSKNVLWNQIRANTLNLPIDVVDISESTVLGAAMFTFAGVGIYENVNAAQQAMQPTRKRIYPN,length1,1410
3,969377,968531,846,MAAKIISGTELSKQIKANLADKITHYIEQGKRAPGLAVILVGADPASQIYVGNKRKSCEEVGILSKSYDLPETTTQNELLAIIDQLNADKNIDGILVQLPLPKQINAEAIIERIDPKKDVDGFHPYNVGRLCQRIPTLRACTPYGVMKLLETTGIDLHGKHAVIVGASNIVGRPMSLELLLAGATVTVTHRFTKNLENHVRQADILVVAVGKPNLISGDWIKESAVVIDVGINRVDGKLVGDVEFDKAAEKAAYITPVPGGVGPMTVAMLMSNTLYAYEHNK,length1,846
3,979109,977825,1284,MFRVLFLMLTLLVGLVAGPYISGQQGYVRIETANRIIEMSITTLVIFFIISLAIIYAFEWGITRFFRLSRSSYQWFSNRKRVKAQKQTLEGLVKMNEGDYAKAEKLIGKNAKHSAEPVLNLIKAAEAAQQRGDEFSANRYLIEATELAGSDNLLVEIARTRILLQQNKLPAARSSVDSLLEMARRNKEVLKLAVEIYLRSKAHQALDKILDNVANSGLFNDEEFKDLRSKTENGLLDEKMNEEGIDGLLTWWNQQPRHRRNNIELKISLIQRLIDCNDHESATELTFEILKKLGDNTAISLPLCTQITRLQPEDNSKLLKLIEKRAKRVDEKQKCCINRALGYLYVRNNEFIKAADVFKNVIACPEQLEQNDLMMASYVFEQAGDKALAEQVRQESLKSVMAIQDVIPESAEEKTEENSTALLESKSE,length1,1284
3,996086,995798,288,MTNFKFSLLACSIAFALNASTAYAAQPTNQPTNQPTNQPTNQPTNQPTNQPTNQPTNQPTNQPTNQPTNQPTNQPTNQPTNQPTNQPTKIVMFLNN,length1,288
3,1014410,1013990,420,MSKLAELQAETREIIEDLLNDGSDPNALYIIEHHIAHHDFDLLEKIAVDAFKAGYEVSEAEEFKDDDGKPIFCFDIISEVELKAEIIDAQQKQILPLLEKHKGIYDGWGTYFEDPNADDDEYGDDGEFFDDEDEEEPRVH,length1,420
3,1021463,1020863,600,MNDAILEPKHRGNVREIAAIDLGSNSFHMIVARIVNGSIQVLSRLKQKVKLAEGLDENAVLNQEAITRGVNCLALFAERLQGFPMENVNVVGTYTLRRAVNNDEFLRQAAKVFPYPINIISGQTEAKTIYAGVCHTQPEKGRKLVIDIGGGSTEMIIGDDFTPLMAESRHMGCVSFATQFFYRWHHFPRKLSTRAPKCGQ,length1,600
3,1031660,1029971,1689,MGLSPSIYKDVGDLSSLSTDVIIIGGGATGAGIVRDCALRGIDCILLERRDIATGATGRNHGLLHSGARYAVNDQESAEECIKENRILRKIARHCVDETEGLFITLPEDSLDYQKTFLESCAKSGIDAQAIDPDLAKIMEPSVNPDLVGAVVVPDGSIDPFRLTASNMMDATENGAKMFTYCEVKNLIREGGKVIGVNVYDHKNRRERQFFAPLVVNAGGIWGQGIAEYADLKIKMFPAKGALLVMGHRINKLVINRCRKPADADILVPGDTICVIGTTSSRIPYDQIDNMEVTPEEVDILFREGEKLAPSLRHTRVLRAYAGVRPLVASDDDPSGRNVSRGIVLLDHAERDGLDGFITITGGKLMTYRLMAEWATDLVCKKLNKTARCVTAEQPLPGSTESRQETNQKVISLPSTIRYSAVYRHGSRATRLLEKERLDRSMVCECEAVTAGEVRYAIDELDVNNLVDLRRRSRVGMGTCQAELCACRAAGLMNRFEVATPRQSTTQLSAFMEERWRGIEPIAWGEAIREAEFTSWMYGSVLGLNDVKPLDEQAQQGTDSNEF,length1,1689
3,1037390,1036448,942,MSKEKVGRHRRNPKLNKIKEEIMEFTDLQIFIHLSDTKNFAKTATQNHMSPSTLSRQIQRLEDELGKTLFIRDNRQVKLTEYGEKFLQFAKTEWQNWQQFKQQLKDKSDEFCGEIKLFCSVTASYSHLPHVLKEFRQRYPKVEIQLTTGDPALALELIQAQQVDLALAGKPNNLPSSVVFHKIDDISLSLIAPRVACLATQLLQEKPIDWQQMPFIFPVEGHARQRIEQWLREKQIKHPKIYATVAGHEGIVPMVGLGFGLAMLPDAVIDSSPMNNQISRLNLDKPIEPFELGICTQKRNLEQPLVRAFWAMLE,length1,942
3,1040978,1040093,885,MLTALNRYWDYLRIERQMSPHTITNYQHQLDATIKILAQQDIHSWTQVTPSVVRFILAESKKQGLKEKSLALRLSALRRFLSFLVQQGELKVNPATGISAPKQGWHLPKNMDGEQIQQLLANDSKEPIDIRDRAILELMYSSGLRLSELQGLDLNSINTRVREVRVIGKGNKERVVPFGRYASHAIQEWLKVRALFNPKDEALFVSQLGNRISHRAIQKRLETWGIRQGLNSHLNPHKLRHSFATHMLEASSDLRAVQELLGHSNLSTTQIYTHLNFQHLAEVYDQAHPRAKRKK,length1,885
3,1043063,1042598,465,MSEKYVVTWDMFQMHARRLSERLLPASQWKGIIAVSRGGLFPAAVLARELGLRHIETVCIASYHDHNNQGELQVLHAAQVPNGGEGFIVVDDLVDTGNTARAIRQMYPNAKFVTVFAKPAGAELVDDYVIDIPQNTWIEQPWDLGLTFVPPLSRK,length1,465
3,1044614,1044140,474,MIRIGHGFDVHAFGEDRPLIIGGVEVPYHTGFIAHSDGDVALHALTDAILGAAALGDIGKLFPDTDMQYKNADSRGLLREAFRQVQEKGYKIGNVDITIIAQAPKMRPHIDAMRAKIAEDILCDIEQVNVKATTTEKLGFTGRQEGIACEAVALLIRQ,length1,474
3,1047272,1046273,999,MNRALAIEFSRVTEAAALAAYTWLGRGDKNAADDAAVKAMRYMLNLIHMDAEIVIGEGEIDEAPMLYIGEKVGSGLGELVSIAVDPIDGTRMTAMGQSNAISVLAAGGKNTFLKAPDMYMEKLVVGSNVKGIIDLNLPLEQNLRRIASKLGKSLSDLTVMVLAKPRHDAVIKQIHNLGAKVLAIPDGDVAGSVLCCLPDAEVDLLYGIGGAPEGVAAAAAIRALGGDMQARLIPRNEVKGDTEENKKIAANEIQRCAALGIKVNEVLKLEDLVRDDNLVFTATGITNGDLLKGISRKGNLASTETILIRGKSRTIRKIQSIHYLDDLYKILNI,length1,999
3,1047785,1047479,306,MNNLSAQLENQIDELKKLQKSVITYEQSQRQQLYAGKITDLKAFGKMLNDKRKSLGIELSMLELQTGVSISTLNRLFQDPSQVRFTTVFLVAQTLGVSLCAI,length1,306
3,1058465,1056551,1914,MIIFSNLSLKRGQTELLENASATINPKQKVGLVGKNGCGKSSLFSLLKKELTPEGGEVNYPANWRVSWVNQETPALDISAIDYVIQGDREYCRLQQELEQANERNDGNAIARIHGQLEMLDAWTIQSRAASLLHGLGFSQEETIQPVKAFSGGWRMRLNLAQALLCPSDLLLLDEPTNHLDLDAVIWLERWLVQYQGTLVLISHDRDFLDPIVTKILHIENQKLNEYTGDYSSFEVQRATKLAQQTAMYRQQQQKISHLQKYIDRFKAKATKAKQAQSRMKALERMELIAPAYVDNPFTFEFRPPQSLPNPLVMIEQASAGYGSGESAVEILSKIKLNLVPGSRIGLLGKNGAGKSTLIKLLAGELTALSGTVQLAKGVQLGYFAQHQLDTLRADESALWHMQKLAPEQTEQQVRDYLGSFAFHGDKVNQAVKSFSGGEKARLVLALIVWQRPNLLLLDEPTNHLDLDMRQALTEALVDYEGSLVVVSHDRHLLRNTVEEFYLVHDKKVEEFKGDLEDYQKWLSEQNSTSENKVSEKVGDNENSVQNRKEQKRREAELRQQTAPLRKKITQLEEKMNKFSSELANIENQLADAELYNAENKEKLTALLAQQVDVKKALDDVETEWMTAQEELEEMLQA,length1,1914
3,1059011,1058477,534,MNQSLFHHSKQQEYCPQCGAPLQIKQGKKGLFLGCSAYPECDYLRPLQRSEHKVLKTLDEICPKCGNLLQLKQGSFGMFIGCSHYPECDFVVREESETEEKIACPECKTGHLISRRGRQGKIFYGCDNFPKCKFSLPAKPYSVPCPTCHFPLSLLKSENGEKQIFQCANKTCRHIFEQ,length1,534
3,1059578,1059029,549,MNREQIAEALRQNQVVAYPTEAVFGLGCNPQSESAVKKLLDLKQRPVEKGLILVAPSLDFFRPFVDFEQINDEQLSHLQGKYERPTTWIVPAKSTTSHFLTGKFDSIAIRLCDHPSVKALCELTGFALTSTSANLTGEPPCRTADEVRLQFGADFPVLDEIVGDARNPSEIRDLRTNQLFRQG,length1,549
3,1060388,1059584,804,MDLYAVWGNPITQSKSPLIQRQLAAQTHQTMEYIAKLGNLDSFEQQLLAFFEEGAKGCNITSPFKERAYQLADEYSQRAKLAEACNTLKKLDDGKLYADNTDGIGLVTDLERLNWLRPNQHVLILGAGGATKGVLLPLLQAQQNIVLANRTFSKTKELAERFQPYGNIQAVSMDSIPLQTYDVVINATSAGLSGGTAPVDVEILKLGLAFYDMQYAKGTDTPFIALCKSLGLTNVSDGFGMLVAQAAHSFHLWRGVMPDFVAVYEQLK,length1,804
3,1063937,1062656,1281,MWRFFYTSLLLICQPLILCFIGLLSVKSPRYRQRLAERYGFYGNVPCPPPQGIFIHAASVGEVIAAIPLVRQLQQDYPHLSITFTTFTPTGSERVKATFGDSVFHYYLPLDLPFSIHRFINFVQPKLCIVMETELWPNLIHQLFLRNIPFVIANARLSARSAHRYGKIKAHLQTMWSQISLIAAQDNISGKRYATLGYPKEKLNITGNIKYDLNTNDELLRKIDSLRTLWKQDRPIWIAASTHNGEDEIILKSHRALLAKYPNLLLLLVPRHPERFNVVADLLKKEKFQFIRRSTNELPNENTQVILGDSMGELMLMYGISDIAFVGGSLVKHGGHNPLEPLAFKMPVITGKHTFNFPEIFRMLVEVQGVLEVNSTADSLERAVEALLNSKEARERLGNAGYEVLMENRGALQRLLDLLKPYLERNV,length1,1281
3,1066637,1064537,2100,MGIANLRFASLIFIRHCITALCVGSIILMKLNPQQQQAVEYVTGPCLVLAGAGSGKTRVIINKIAHLIEKCGYSPKQIAAVTFTNKAAREMKERVAHSIGKEQSKGLLVSTFHTLGFDIIKREYKALGFKSNMTLFDEHDQFALLKELTADVLKEDKDLLRELISVISNWKNDLISPKQAFALARDAKYQTFAKCYERYATQIRAYNALDFDDLIMLPTLLFKQNEEVRSKWQAKIRYLLVDEYQDTNTSQYELIKLLVGERACFTVVGDDDQSIYSWRGARPENMVRLRDDFPRLNVIKLEQNYRSTQRILHCANILIDNNEHVFDKKLFSTIGTGEKLLVIEAKNEEHEAERIVAELIAHRFSRKTKYKDYAILYRGNHQSRLLEKVLMQNRIPYKISGGTSFFSRAEIKDMMAYLRLVVNQDDDGAFLRIVNTPKREIGTATLQKLGELAQEKHISLFDAIFEFELIQRITPKAYDSLQKFGRWIVELNDEIQRSEPERAVRSMLSAIHYEEYLYEYATNPKAAEMQSKNVATLFDWVADMLKGDETNEPMNLNQVVTRLTLRDMLERGEGEDDDDSDQVQLMTLHASKGLEFPYVYLIGMEEGILPHQTSIDEDNVEEERRLAYVGITRAQKELTFSLCRERRQYGELVRPEPSRFLAELPNDDVLWERDKPKLTTEQKQEKTQNQLDRLRAILKS,length1,2100
3,1068167,1067798,369,MKRWKRSSFTSSGTWSAISVAGAPSTGLNLKQPTRSSWASFKKSSNNWKSSSVSPGKPTIKVERNVKSGQISRHCLMRSKVRSILPGLFIAFKILGLACCNGMSKYGNSVPSAINGIKSSTWG,length1,369
3,1071392,1070459,933,MIREPYFHQFALAELLPFFEQFPTQYLSGKRNIKLAYRHLIQPESAVRKLMILVNGRAENMLKWSELAYDFYHQGYDVLLFDHRGQGYSQRIIPQKGHLDEFRFYVDDMAKIIEKVTALFSYSTQHLLAHSMGALIATYYLANYDHHINKAVLSSPFYGILLKHPIRDELIIALMNILGQGERYVFGKGPYQQAHLEYNELTFCKTRMKWMNRVNRKNPAINLGGPTFRWVHLCLNAIKRLPKVIPKIEIPILILQAEKEKIVDNNNLEKLTVLFPNARCEVVFNAKHEILFEQDKLRKETIFKILEFLNN,length1,933
3,1088057,1087424,633,MTNELTFNSDWFTHNVPALEAIMADLKPSKILEIGSFEGRSTVFFLENMLNIHDKVEIHCIDSWLGGREHIQSGWDMDSVEHQFEENIRTFLHSFNEKKECKVVKRKGYSHAKMIELLTQGYENYFDFIYVDGSHEATDVLFDALLAHRLVRGGGIIAFDDYLWSPDPLGQQDHFNLVKPAVDAYVNIYQRKVAVINMLPIYQLYVKKLSD,length1,633
3,1094258,1093874,384,MLSATQFLVLEKALSKERLSTYKNYVKNKTSESINDNMVALYEWNSEIAGYFLELCNIYEISLRNAIYRSIDSYDHYGIRQRQILRQSPKLREKVEELGRNATDGKIISSLHFHFWEFFEEVFLVEFS,length1,384
3,1112699,1112264,435,MEGEFMSNFFNSLFSDKGEIKGIDNQYSVSEIVDILKEEGYSINVIQNNFLVFRLQGTNVVVVPHDGGDIQFFIMYDDDENRFSLRKVNKINIDYRLGKFYLTDDDKLGIELLLRNDGNGVTKSQIIQGLSDISLLNGLAKKEFW,length1,435
3,1113398,1112891,507,MTALNVLIYPDDHLKVVCEPVTEVNDAIRKIVDDMFDTMYQEKGIGLAAPQVDILQRIITIDVEGDKQNQFVLINPEILASEGETGIEEGCLSIPGFRALVPRKEKVTVRALDRDGKEFTLDADGLLAICIQHEIDHLNGILFVDYLSPLKRQRIKEKLIKYKKQIAKS,length1,507
3,1115810,1114457,1353,MKKFSSKTIKAKNSVKMTALSTRAIAANLILQVLDEGKSLSALIPEVQLSVKAQDLPLLQEICFGVCRVLPRLDQIIKRLVDKPLKGKTRIVHCLLLVGLYQLLYMRVPAHAAVDEVVNATKSLKSDSFRGLVNAVLRRFLREQDEILAIIDKNWQTLHPEWFVNKLKKAYPNWREIIEANNQKPPMWLRVNSQKNALETYRTLLEEQGVSSKTSHHPNALYLDIPIAVQKLPHFEEGAVTVQDLSAQWAATLLEPKNEEWILDACAAPGGKTTHILELAPQSNVIALDVETHRLKRVEENLARLNQQAIVVCGDASKPDEWLAEISKSAVKFDRILLDAPCSATGVIRRHPDIKWLRKETDIAQLVELQKKILSALWEKLKPNGVLLYATCSVLPEENCEQIQEFLNAHADAELLSLPFSDDKSAVGFQFIPQPNSGDGFYYAKLLKRAS,length1,1353
3,1117199,1115825,1374,MKIIILGAGQVGTTLAENLVSEDNDITLVDNESPQLQTLQEKHDLRVVQGSPSSPKVLRDAGAADADLMVAVTASDEINMVACQMGYTLFNTPTRIARIRNSEYLREKDKLFNNENIPIDHLISPENLVTDEITRLIAYPGALQVAHFANNRISIVVVKAYYGGPLVGYALSAFREHMPHIDCRIMSILRNGKPIRPQGSTIVEAGDEITFICATEHIKAVMGELQRLEKPYKRVMIVGGGNVAFGVAKRLENSCTVKLIERDSNRAQALAEKLPKTLVFNGDASDQNLLFEEHIESVDVFLSLSSDDEANIMSALLAKRLGAKKAMVLIQRIAYINLIQGGAIDIAVSPQQVTISALLGHVRKGDVKNVATLRHGIAEAIEIVVHGDGNTSNVVGRKIGELCLPMGTIIGALLRGNDVIIARRQVIIEEGDHIVIYLSDKKNVPEIEKLFQPSAFFI,length1,1374
3,1117658,1117274,384,MNFIKEFREFAMRGNVVDMAVGVIIGSAFGKIVSSLVSDIFMPVLGILTGGIDFKDMKFVLAQAQGDVPAVTLNYGLFIQNVIDFIIIAFAIFMMIKVINKVRKPEEKKPVPKAETLLTEIRDLLKNK,length1,384
3,1134158,1131740,2418,MSETTNDNYGASSIKVLKGLDAVRKRPGMYIGDTDDGTGLHHMVFEVVDNAIDEALAGHCSDIIVTIHDDNSVSVQDDGRGIPVDIHPEEGVSAAEVIMTVLHAGGKFDDNSYKVSGGLHGVGVSVVNALSDKLQLTIRRQGHVHEQFYHLGEPQSPLTVIGETEATGTTVRFWPSSDIFAITTFDYKILAKRLRELSFLNSGVSIRLIDKRDGSEDHFHYEGGIQAFVEYLNKNKNPIHPKPFYFTAEKDGIGVEVALQWNDGVNENVYCFTNNIPQRDGGTHLAGFRGALTRSLNSYMENEGMLKKEKVATSGDDAREGLVAIISVKVPDPKFSSQTKDKLVSSEVKSAVESAMNEKMQEYLLENPADAKIIVNQIIMAARAREAARKAREMTRRKGALDIAGLPGKLADCQEKDPALSELYLVEGDSAGGSAKVGRDRKTQAILPLKGKILNVEKARFDKMLSSQEVGTLITALGCGIGRDEYNPDKLRYHHIIIMTDADVDGSHIRTLLLTFFYRQMPELIERGYVYIAQPPLYKVKKGKQERYIKDADEMEQYELTLALDGAELHISANAPAMNALVFEKLVAEYNSVQKLIGRLNRHYPVPVLQGLIYQSPISVEMMKNESAVENWGKSFVEQLTAKETEAHQYSVRTQFNAERQVYEAVITVRKHGIDTDYFLNFDFVHGNEYAKIVSLNKQLNGLLEEGAYVTRGEKVQPVRSFEQAVEWLVKESRKGLEVQRYKGLGEMNADQLWETTMDPNSRRMLKVSIKDAVAADQLFTTLMGDEVEPRREFIELNALRANLDV,length1,2418
3,1138421,1138070,351,MLVQEMLLQAVKKLQRNANLILHSDQGIHYQMLSYQRLLAKNRISQSMSRKGNCLDNAAMESFFGRLKTECFYGREFNSREEIVDAVRNYLDYYNHRRIQLKLKGLSPIQYRKQSFK,length1,351
3,1142717,1140734,1983,MHNENLKELTVRGIILGALITVIFTASNVYLGLKVGVTFASSIPAAVISMAVLKFFKDSSILENNMVQTQASSAGTLSSVIFVLPGLLMMGYWQDFPFWQTMLICAAGGTLGVLFTIPLRRAMVVNSNLPYPEGVAAAEILKAGNHADGDSGVKDIAYGGVLAGLVAFLTNGLRVMADGASAWIQTGKAAFQLPMGFSLALLGAGYLIGIVGGIAMLIGVILTWGVAVPYFTMSEDIAADASLIDSAMTVWKTKVRYIGVGTIGIAAIWTLLILMKPMIEGMVHSFRMLKGGQEASEHRIDIDLYPKTMIYILIATVALIVISLHHFIAAAPISPELSILLVVVCTFLAVFIGFFVAAASGYMAGLVGSSSSPISGIGIISVIVISLVLVSIGNASGLFETVDGQKFLTALTLFTASIVITTACISNDNLQDLKTGLLVEATPWRQQVALIIGCFVGALVIAPVLEILYHAYGFSGALPRPDMDPSQALSAPQATLMTAISQGIFTNKLEWTYILTGVGLGAVLITIDAFLKKVSNKVFSLPVIAVGIGIYLPPSINTPVIVGAFLAWIMARHIAKLGNKEVSAKAERFGTLFSAGLIVGESLMGVILAFIIAASVTTGGSEAPLSLNLENWDTIGEWFGLIVFIVGIVIFASRVLRAKKI,length1,1983
3,1144004,1143197,807,MLTLNEHLLNQVLLIAYQAGKHLQQFYQKQVHVELKEDNTPVTEADLFVSQFLTEKLTALFPNVPVLSEENCHISFEERKNWKEYWLIDPLDGTQQFINRTDQFSVLITLVRKNKPVLSIIHAPILSITYYAMRDFGAFKKQLDQVKKLTKNTTNFDRPLRIAVGATTSQEKVRSILPKDFTCEFVVVGSSSLKSGLVAEGAVDCYVRLGQTGEWDTAGAEVLLNETHGAIFDSHFEPLTYNQRETLINPHFVMVGDQSFDWRSVFQFN,length1,807
3,1145564,1144082,1482,MQTDNNCIVIFGASGDLTHRKLIPALYNLYKIGRLSENFSVLGVARSDLNDETFRKKMREALIHNEETTPDTLDAFCSHLYYQAVNTSDAQDYGKLVPRLDELHDKYQTCGNTLYYMSTPPSLYGVIPECLAAHGLNTEEYGWKRIIVEKPFGYDEKTAQALDVQIHRFFEEHQIYRIDHYLGKETVQNLLVLRFSNGWFEPLWNRNFIDYVEITGAESIGVEERGGYYDGSGAMRDMFQNHLLQVLAMVAMEPPAIINANSMRDEVAKVMHSLRPLTSEDMENNLVLGQYTAAEINGKMEKGYLEEKGVPADSRTETYISLRCEIENWRWAGVPFYVRTGKRLPARVTEIVIHFKTTPHPVFSQNAPENKLIIRIQPDEAISMRFGLKKPGAGFEAKEVSMDFRYADLAGTQVLTAYERLLLDAMKGDATLFARTDAVHAAWKFVQPILDYKANGGRIHEYEAGTWGPVAADKLIAKQGKVWRKPSGLMKKKV,length1,1482
3,1146347,1145651,696,MNYISFPTAQHAVDKIAQEFVIYSQLNHPVHISLSGGSTPKLLFKTLAKSPYAEQINWKNLHFWWGDDRMVPPSDPESNYGEVQKLLFDHIQIPMENIHRIRGENEPHFELKRFEEELSAVIPNGVFDWIILGMGTDGHTASLFPHQTSFDDENRAVIAKHPESGQIRISKTAKLIEQAKRITYLVTGESKADILKEIQTTPVDNLPYPAAKIKAKNGVTEWYLDKAAARLL,length1,696
3,1147043,1146503,540,MTTKYNAGIHHRRSIRLKHYNYRSEGFYFITICCKNKECLFGHIINQQMQLNDLGNYVKQCWENIPMFFPQVRIDEFVIMPNHLHGIIEIIEQVKGKCNLPLQLRATQLPQKGTSQTIGSIVRGFKAGVTSWARKNSEIFDVWQRNYYEHIIRDEKSYLQIYEYIQNNPILWEQDQSYVD,length1,540
3,1151225,1150319,906,MSAIENIVISMENATERRKHITKQFESKKLSFSFFNAYTYQSINQSINQSINQSINQSINQSINQSINQSNSILHNIEESRILTKGEKGCLISHFLLWNKCVNENLEYLTIFEDDVILGENAEVFLAQDEWLKTRFDFNDIFIIRLETFLQPVKLEKQTKIPPFNSRNFDILKSTHWGTAGYIISQGAAKYVIEYLKNIPSDEIVAVDELIFNKLVDVDNYIVYQLNPAICIQELQANQSKSVLTSGLEKERQKRPKIRKKKTLKQRLTRIKENIIRALNRKKWKEQQRIKEMQGKEIVRFM,length1,906
3,1154147,1153700,447,MQVILLDKIVHLGQVGDQVNVKSGFARNFLIPQGKAVMATKANIEHFEARRAELEATAAANLAAAQARAAEVTALGSVTIASKAGDEGRLFGAITTRDVAEAVTAAGVKIAKSEVRLPNGPIRTLGDHDVRFQLHGEVFATLDVIVVAE,length1,447
3,1161905,1161092,813,MNSKLSLSTKLSSSGKTQLAEYFATPPFKVITLPSYDDAWANGLNAMQMSSSPGVLAGDLLEIDISLAKLTALSLNTQAFTRVQAMNEGDSAMQTTHILLAENSRLFYLPHPLVLHKDSVFKQQTQIEMGEQSELIYGEIVAIGRVLNDERFAFRQFSSHLKIYTLKDDGKKRPLVSDCIQWLPSKMNLTALSQMENYSHQGSLTYLNLAKNNAEIKQQVQALQQQSTEEKDLLIGISQLNEYGLMVRVLGCRAEQIQKLFEKIGRLLKSV,length1,813
3,1169114,1168088,1026,MKILGIETSCDETGVAIYDEEKGLIANQLYTQIALHADYGGVVPELASRDHIRKTAPLIKAALEEANLTASDIDGIAYTSGPGLVGALLVGATIARSLAYAWNVPAIGVHHMEGHLLAPMLDENSPHFPFVALLVSGGHTQLVRVDGVGKYEVIGESIDDAAGEAFDKTAKLLGLDYPGGAALSRLAEKGTPNRFIFPRPMTDRAGLDFSFSGLKTFAANTVNQAIKNEGELTEQTKSDIAYAFQDAVVDTLAIKCKRALKETGYKRLVIAGGVSANKKLRETLAHLMQNLGGEVFYPQPQFCTDNGAMIAYTGFLRLKQGQHSDLAIDVKPRWAMTELPAI,length1,1026
3,1174673,1173596,1077,MAKLLDIVKPGVVTGEDVQKVFAYAKEHNFAIPAVNCVGSDSVNAVLETAARVKAPVIIQFSNGGAAFYAGKGIKPTSGTRPDVLGAIAGAKQVHTLAKEYGVPVILHTDHAAKKLLPWIDGLLDAGEKHFAETGRPLFSSHMIDLSEESMEENMAICREYLARMDKMGMTLEIEIGITGGEEDGVDNSDVDESRLYTQPSDVLYVYDQLHPVSPNFTVAAAFGNVHGVYKPGNVKLKPSILGASQEFVSKERNLPAKPINFVFHGGSGSSREEIREAIGYGAIKMNIDTDTQWASWNGILNFYKANEAYLQGQLGNPEGPDAPNKKYYDPRVWLRKMEESMSKRLEQSFEDLNCVDVL,length1,1077
3,1178150,1176608,1542,MLASLQDILDTVKANNLTYHQKLMTLGNIAERLFDPRDLLGYTDEEWGFLQNQMICDLCEGYAIYRPRYILPDYNVYIQKGCEFLELPPPKDLDEALDGLLILYSRVPSITTYPVYVGRLDVLLEPFITDEEKDYIKIKRFLNHIDKTVPDSFCHANIGPYDTKAGRLILRAVIELEAPTPNMIIRYDKSKTSRDFAELAAKACLLVSKPSFANDAYYISDLGEEYGVASCYNALPECGGAYTLTRLRLGTIARTCKSADEMLNELLPRVAKCALSTMDKRHKFVVEESNFFNSSFLEKEGFIKRTNFTGMFAIVGLADAANHLLQCEGLNETFGKSVRGDEIATAIMDKLKEITDAHEGVYAERTGNRYLLHAQVGASNHEEDKRNAPAHRIRVGEEPTLLAHLKQSAPFHKYFPSGTGDLFAFDQTYVDHCDAVVDIIDGAFSLGYRYITTYLKNTDLIRVTGYLVKKSEVEKYRKGEVALRDTTWYGSGTDECANVFDRQLRNEKDVIAEK,length1,1542
3,1181099,1180385,714,MTPHINAPEGAFADVVLMPGDPLRAKYIAETFLQDVVEVTNVRNMLGFTGTYKGRKISIMGHGMGIPSCSIYAKELITEYGVKKIIRVGSCGAVRMDVKVRDVIIGLGACTDSKVNRIRFKDNDFAAIADFDMAQAAVQAAKAKGKAVRVGNLFSADLFYTPDVEMFDVMEKYGILGVEMEAAGIYGVAAEYGAKALTICTVSDHIRTHEQTTAEERQLTFNDMIEIALDSVLIGDAQ,length1,714
3,1182392,1181705,687,MAKLTKKMKAIKAGVDSTKAYEINEAIAVLKQFATAKFVESVDVAVNLGIDPRKSDQNVRGATVLPHGTGREVRVAVFTQGANADAAKEAGADLVGMEDLAEQIKKGEMNFDVVIASPDAMRVVGQLGQVLGPRGLMPNPKVGTVTPNVAEAVKNAKSGQIRYRNDKNGIIHTTIGKANFSEVQLKENLQALLAALNKAKPTTAKGIFIKKVSISTTMGAGVAVDQASL,length1,687
3,1191302,1187141,4161,MIRSWSFGEVKKPETINYRTFKPERDGLFCARIFGPVKDYECLCGKYKRLKHRGVICEKCGVEVTQTKVRRERMGHIELASPVAHIWFLKSLPSRIGLLLDMPLRDIERVLYFEMYIVTEPGMTDLERGQLLTEEQYLDAEDRWQDEFEAKMGAEAIQDLLKGMDLEAECEKLREELQETNSETKRKKITKRLKLLEAFVQSGNKPEWMVMTVLPVLPPDLRPLVPLDGGRFATSDLNDLYRRVINRNNRLKRLLDLIAPDIIVRNEKRMLQESVDALLDNGRRGRAITGSNRRPLKSLADMIKGKQGRFRQNLLGKRVDYSGRSVITVGPYLHLHQCGLPKKMALELFRPFIYAKLESRGYATTIKAAKKMVEREEAIVWDILAEVIREHPILLNRAPTLHRLGIQAFEPILIEGKAIQLHPLVCAAFNADFDGDQMAVHVPLTLEAQLEARALMMSTNNVLSPANGDPIIVPSQDVVLGLYYMTREKVNGKGEGMLLQDPREAEKAYRTGEAELHSRVKVRITEYVKNEAGEFDAKTTLTDTTIGRAILWMIAPKGMPYSLFNQTLGKKAISKLINEAYRRLGLKEAVMFADQIMYTGFAYAARSGSSVGIDDMEIPAKKYEIISAAEEEVAEIQEQFQSGLVTAGERYNKVIDIWAAANERVAKAMMENLSQEEVINREGNPEKQASFNSIFMMADSGARGSAAQIRQLAGMRGLMARPDGSIIETPITANFREGLNVLQYFISTHGARKGLADTALKTANSGYLTRRLVDVAQDLVIVEDDCGTHEGLVMTPLIEGGDEKVPLRELVLGRVAAEDILKPGAEEVLIPRNTLLDEKLCDVLDANSVDSVKVRSVVTCDTDFGVCAKCYGRDLARGHLINQGEAVGVIAAQSIGEPGTQLTMRTFHIGGAASAAAKESSVQVKNTGTVHLMNAKFVTNDESKLVLTSRNTELTITDAFGRTKEHYKVPYGAVLSKGDGQEVTAGETIANWDPHTMPVVSEVSGFVKFVDIIDGLTVMRQTDELTGLSSIVVQDVGERATAGKDLRPTIKLVDANGNDIFLPETDVLAQYFLPGKAIVSLDDGAAVKVGEPLARIPQESVGTKDITGGLPRVADLFEARKPKEPAILAEISGIVSFGKETKGKRRLLITPAEGETYEEMIPKWRQLNVFEGEMVQRGDVISDGAETPHDILRLRGVRAVTEYIVNEVQDVYRLQGVKINDKHIEVIVRQMLRKAVITKAYDSEFLEGEQVEVARVKIVNRQREAEGKPPVEFERELLGITKASLATESFISAASFQETTRVLTEAAVAGKRDELRGLKENVIVGRLIPAGTGFAYHQNRHKHRLVDDVVAKLSEEDEAAIADEFVMTADDASANLAEMLNMADDAE,length1,4161
3,1194191,1193276,915,MINEKLKMWWETARPKTLPLALASIFTGSALGYWANPQGFNGLVMVLCLLTTILLQVLSNFANDYGDHQKGSDTEERIGPLRGIQKGAISAKELKWGLILMVMASFLSGSFLIGIAYENLSDLFAFAGLGILAIVAAITYTVGAKPYGYMGLGDISVLVFFGLLGVGGTYYLQTHSIASHIILPAIGSGLLASAVLNINNLRDIEQDAKASKNTLAVRLGAYKGRVYHCILLSVAALCYLAFAVATATATSWTNYLFVLAMPLLAKHAIFVYRSQQPSELRPMLAQMSMISLLINILFSLGLLIG,length1,915
3,1194731,1194245,486,MFIDTSELCDLYAEQVDVVEPIFSSFGGVSHFYGKVTTVKCFESNGLIAEVLEENGEGRVLVIDGGGAVRRGLIDAELAQLAVDNGWEGIIVYGAVRQIQQLENLDIGIHALAPIPVSADESSAGESDIPVNFGGVTFFPEDYIYADLTGIILSQEPLDLED,length1,486
3,1204349,1204073,276,MPYFSIRSSIISMVSNDIFQSLCALSSPTCLTYSSMPSSKPLIACPPLRPEAPNPTRAPSKTMTFFPFSASSNAADKPKNPAPITHTSAYSI,length1,276
3,1214738,1214333,405,MKFVWPPIINAIETRQSQIANALASAEAAKKEQADTKNLVEQELSAAKLQAQDILDAANKRRNEVLDEVKAEAEELKAKIIAQGYAEVEAERKRVQEELRLKVASLAVAGAEKIVGRSIDEAANNDIIDKLVAEL,length1,405
3,1215284,1214753,531,MSELTTIARPYAKAAFDFAIEQSAVEKWTEMLGFAAAVAEDETVKAYLSSSLSAQKLADTVISICGEQLDQYGQNLIRLMAENKRLSAIPAVFEEFKHHVEEHQAIAEVEVTSAQPLNATQIEKIAAAMEKRLARKVKLNCNVDNALIAGVIVRTEDFVIDGSSRGQLTRLANELQL,length1,531
3,1216838,1215299,1539,MQLNSTEISELIKKRIAQFDVVSEARNTGTIVSVSDGIIRIHGLSDVMQGEMIALPGNRYAMALNLERDSVGAVVMGPYADLAEGMEVQCTGRILEVPVGSGLLGRVVNTLGQPIDGKGEIENDDFSPVEVIAPGVIDRRSVDQPVQTGYKAVDSMVPIGRGQRELIIGDRQTGKTALAIDAIINQRNSGIKCIYVAIGQKASTIANVVRKLEEHGALANTIVVAASASESAALQYLAPYAGCAMGEYFRDRGEDALIVYDDLSKQAVAYRQISLLLRRPPGREAYPGDVFYLHSRLLERASRVNEDYVEKFTKGEVKGKTGSLTALPIIETQAGDVSAFVPTNVISITDGQIFLESNLFNSGIRPAVNPGISVSRVGGSAQTKVIKKLAGGIRTALAQYRELAAFAQFASDLDDATRKQLSHGEKVTELLKQKQFAPLSVAEQAVILFAVEFGYLDDVELSKIASFETALLDYSNRNHAEFMQELNKTGNYNDEIKDTLKSILDGFKANSAW,length1,1539
3,1217723,1216856,867,MAGAKEIKTKIASVQSTQKITKAMEMVATSKMRKTQDRMAASRPYSETIRNVISHVSKASIGYKHPFLVEREVKKIGILVISTDRGMCGGLNVNLFKTTLNQIKNWKEQNISTDLGLIGSKGISFFRSFGFNIKGQLSGLGDTPALEELIGVANTMFDAYRNGEIDAVYIAYNKFVNTMSQKPVVQQLVPLPESKDDHLNERQQTWDYLYEPEPKALLDSLLVRYLESQIYQAVVDNLASEQAARMVAMKAATDNAGNLINDLRLVYNKARQASITNELNEIVAGAAAI,length1,867
3,1219571,1219145,426,MATFNLTIVSAEQKIFEGEVKQIQVTGVEGELGILPGHTPLLTAIKPGIVKFTLKDGNEEVIYVSGGFLEVQPNIVTVLADIAIRGSELDADRIHEAKRKAEENIVSRGSDADHDLLVAKLSKELAKLRAYELTEKLLKTRR,length1,426
3,1220672,1220306,366,MAEPTKIEKRNAFTLPSKYLFKLGMEPWKPNAVKNTGLAEIIKALSIGVAIKLSNLISGNIKLNTTAKAASITKNNTRLILSTLCVPMTINEPKITVNNKTLTLSPKLSGNKSFSSEPPPLI,length1,366
3,1244417,1243895,522,MRKFFKYFLFIVVFLFHGFMFSVVNYVFPHYDVTRVTGVEVKRVDKDGPITKSNPADGPTRDVYYINTQNDDGKIMVYRNEDTRWGFPFYFKFGSANLQAEAQALGNDNKLVQIKYYGWRITMMDEYRNATSIKEITADDTPSNPIVSWILYVFLLATLFLSIQFIRGWFDSDK,length1,522
3,1246316,1246040,276,MYAIAFDLVVKDTQDDHPKGVQEAYTDIGAVLAKFGFVRTQGSLYTNMNEDMANLFQAMNALKQLAWISQSVRDIRAFRIEQWSDFTDFIRN,length1,276
3,1251125,1249457,1668,MKLFLTQSANVGDAKAYLLHEVFRAAAQKANVSIVETPAEADLVLVFGSVLPNNPALVGKKVFIIGEAIAMISPEVTLANALANGADYVAPKSAVSFTGVSGVKNIVAVTACPTGVAHTFMSAEAIEAYAKKQGWNVKVETRGQVGAGNEITAEEVAAADLVFVAADIDVPLDKFKGKPIYRTSTGLALKKTEQEFDKAFKEAKIFDGGNNAGTKEESREKKGVYKHLMTGVSHMLPLVVAGGLLIAISFMFSFNVIENTGVFQDLPNMLINIGSGVAFKLMIAVFAGYVAFSIADRPGLAVGLIAGMLASEAGAGILGGIIAGFLAGYVVKGLNVIIRLPASLTSLKPILILPLLGSMIVGLTMIYLINPPVAEIMKELSNWLTSMGEVNAIVLGVIIGAMMCIDMGGPVNKAAYTFSVGLIASQVYTPMAAAMAAGMVPPIGMTVATWIARNKFTVSQRDAGKASFVLGLCFISEGALPFVAADPIRVIISSVIGGAVAGAISMGLNITLQAPHGGLFVIPFVSEPLKYLGAIAIGALSTGVVYAIIKSKNNAE,length1,1668
3,1255274,1254986,288,MSIRRQLCAPLIVIFTKPAPDSPVTSSCAISSCIFCIFSCICWACFIKPPKPPFPNIMLSFIKSKIACILAKKWAFGNSRVNDFGDLKSQKISPHF,length1,288
3,1260755,1260236,519,MKAFFNDPFTPFGKWLSQPFYVHGLTFLLLLSAVIFRPVLDYIEGSSRFHEIENELAVKRSELLHQQKILTSLQQQSESRKLSPELAAQIIPLNKQIQRLAARNGLSQHLRWEMGQKPILHLQLTGHFEKTKTFLTALLANSSQLSVSRLQFIKPEDNPLQTEIIFQLDKETK,length1,519
3,1267727,1265897,1830,MCGIVGAVAQRDVAEILINGLHRLEYRGYDSAGVAVINKQNELQRIRCLGKVKALDEAVSEKPLIGGTGIAHTRWATHGEPSETNAHPHSSGTFAVVHNGIIENHEELRELLKSRGYVFLSQTDTEVIAHLVEWEMRSTDSLLEAVQKSVKQLTGAYGMVVMDSRHPEHLVAARSGSPLVIGLGIGENFLASDQLALLSVTRRFIFLEEGDIAEITRRTVDIYDTHGNKAKREIHESNLENDAAEKGKFRHFMQKEIYEQPTALINTMEGRINHENVIVDSIGNGAKGILEKVEHIQIVACGTSYNAGMVARYWFESLAGVSCDVEIASEFRYRKFVTRPNSLLITLSQSGETADTLAALRLAKEKGYMAALTICNVAGSSLVRESDLAFMTRAGVEVGVASTKAFTTQLAALLMLVTALGKVKGHISVEKEREIIKAMQSLPAEIEKALAFDREIEALAEDFAEKHHALFLGRGAFYPIAVEASLKLKEISYIHAEAYAAGELKHGPLALIDADMPVIVVAPNNELLEKVKSNIEEVRARGGQLYVFADKEAGFTPSEGMKIITMPKVNDIVAPIFYTIPMQLLSYYVALIKGTDVDQPRNLAKSVTVE,length1,1830
3,1273334,1272281,1053,MNDKRKPSFQSAGKTFQERSVGEKYREKPSQNRPHFNDKFNGNRNEKSRFPRDKQEVKETRIKQLSLSRAPSNKNTEQPKVQVTIKSTGTVYKTKEKKTGALSPRAPEKIKKNRAEEMKVYGENACLALFAERPESIVRLWATVQMSHKIGEVLSYLAENKKAYHVVDSEELARVSGTEHHGGICLLVKKPRAFTLQGYLDIPHKEDCLVLLDNVNNAQNIGGVLRTCAYFGVKNIVADNVENLYSGASMRVAEGGAEYIRVLETDDIDSALMHLRKSGYQIIHVSHNKQGDPLDKVRLKNKVVFVLSESSTESLATPEDTQVRLTLASPIKSGLNIAVNAGVLLAKWYFR,length1,1053
3,1275452,1274135,1317,MNLSQFEQFDLSPELLKALEKKGYSRPTAIQMEAIPAAMEERDVLGSAPTGTGKTAAFLLPALQHLLDYPRRKPGPPCILILTPTRELAMQVAEQAEELAQFTHLNIATITGGVAYQNHGDVFNTNQDLVVATPGRLLQYIKEENFDCRSVEMLIFDEADRMLQMGFGQDAEKIAAETRWRKQTLLFSATLEGELLVDFAERLLNDPVKVDAEPSRRERKKINQWYYHADSNEHKIKLLARFIETEKVTRGIVFVRRREDAREVSETLRKRGIRSAYLEGEMAQTQRNNAIDKLKSGIVTVLVATDVAARGIDIDDVSHVMNFDLPYSADTYLHRIGRTARAGKKGTAVSFVEAHDYKLLGKIKRYTEEILKARILAGLEPRTKPPKDGEVKSVSKKQKARIKEKREEKKKTEAKKKVKLRHKDTKNIGKRRKPSNSNV,length1,1317
3,1279640,1279358,282,MSSTIAIPVNASASGMFGVITSANGSNFWLNALTACCCNKGAPPLAIITGSSTSVPKGLSARKSATHSIISALPNIPILQLAIWKSFLTASSCA,length1,282
3,1285577,1284611,966,MTKQNEKIINSSVKMLTISEDESGQRIDNYLLAKLKGVPKSLIYRIVRKGEVRVNKGRIKPEYKLQTGDVVRIPPVRVAEKNDAPISKNLNKVAALENQILFEDDCLIILNKPSGIAVHGGSGLNFGVIEALRALRPEARFLELVHRLDRDTSGILLIAKKRSALRNLHEQLRVKTVQKDYLALVRGQWQSHIKVIQAPLLKNELSSGERIVRVSEQGKPSETRFSIEERYINATLVKASPVTGRTHQIRVHTQYAGHPIALDDKYGDKDFDKQMNELGLNRLFLHAFSIRFEHPKNGETLRFNASLDHQMKAILQKLRESK,length1,966
3,1285943,1285670,273,MAKGQSLQDPYLNALRRERIPVSIYLVNGIKLQGQIESFDQFVILLKNTVNQMVYKHAISTVVPARSVSHHNNNHHTTPTEAVENVETQAE,length1,273
3,1295936,1295651,285,MTVKCKAEESLTCSCVDVGTIIDGSDCSVEVHQFYSTEADANAALERLMKKARNTESDPCEIKSEIVAVENGVQLNASFTFSCQAEAMIFELANR,length1,285
3,1297142,1296863,279,MPPSYVSNFVVTEHNLIEATAARSLQCHYQFSPRTSIDTPVHVLLPVLECLHFLQPNREYLSLVSYPLRLQINESAPLCHLGYPTHLNNALNF,length1,279
3,1311329,1310921,408,MLDNCFSFPVRVYYEDTDAGGVVYHARYLHFFERARTECLRTLNFTQQTLLEEQQLAFVVKTLAIDYCVAAKLDDLLMVETEVSEVKGATILFEQRLMRNTLMLSKATVKVACVDLGKMKPVAFPKEVKAAFHHLK,length1,408
3,1315568,1315109,459,MNKFVKSLLVAGSVAALAACSSSNNDAAGNGAAQTFGGYSVADLQQRYNTVYFGFDKYDITGEYVQILDAHAAYLNATPAAKVLVEGNTDERGTPEYNIALGQRRADAVKGYLAGKGVDAGKLGTVSYGEEKPAVLGHDEAAYSKNRRAVLAY,length1,459
3,1320614,1319930,684,MQTLEQLTSPEHSAWITLSQWIDNARNHCEVIKKDQSSAERELFTMQMPTSSPMGAVIYETGGILIHYGWLRILGSGSFKLPRGLMDWNFSKSFSESGEKPKYLLVADDVIGGYFALNGGSLGNNIGKIYYYSSKDLTWHNLNFTYTEFLAWALNGDVEAFYQGLFWKNWQDDVKQLDGNQVFVFTPDLNQDRKIAIDERQKQEVNIETHYQANFAEKNKFDLAYSVA,length1,684
3,1322492,1320635,1857,MALLQIAEPGQAAAPHQHRLAVGIDLGTTNSLVASVRSGQSVILNDEQERSLVPSVVHYGVEEKKVGLEAFEQASLDPKNTVISVKRLIGRSLPDVQSRYSSLPYEFVASENGLPLIITAQGPKSPIEVSSDILSRLNHIAEQRLGGELSGVVITVPAYFDDAQRQSTKDAARLAGLNVLRLLNEPTAAALAYGLDSGQEGIIAVYDLGGGTFDISILRLSKGIFEVLATGGDTALGGDDFDHLIADWVIEQTKLKPQTANQQRELITLANQAKITLTNEKSAVISWQDFSVEISREQFNELIYPLVKRSLLTCRRALKDANVESEEVQAVVMVGGSTRVPYVREQVGEFFGKTPLTSIDPDKVVALGAAIQADILVGNKTDSDMLLLDVVPLSLGIETMGGLVEKIIPRNTTIPVARAQEFTTFKDGQTAMSVHVLQGERELVDDCRSLGRFTLRGIPPMAAGAAHIRVTYQVDADGLLSVTAMEKSTKVQASIQIKPSYGLTDEEVTAMIKSSFDNAQEDLQARELAEQRVEADRVIESVIVALQADGAELLSTDEFHHIETVLKQLMDVKQGSDRDAIAQGIKALDTATQEFAARRMNASINKALTGKNLSDIENP,length1,1857
3,1322873,1322534,339,MPKVIFLPNEDFCPEGMVVDAATGDNLLEVAHNAGVEIHHACDGSCACTTCHVIVREGFDSLNETSDQEEDMLDKAWGLEMDSRLSCQCVVGNEDLVVEIPKYNLNHANEAAH,length1,339
3,1338470,1337450,1020,MSINQSINQSINQSINQSINQSINQSINQSINQSINQSINQSINQSKSVIIAGNGTSLKSIDYSLLPKDYDVFRCNQFYFEDHYFLGKKIKKVFFNCSVIFEQYYTFMQLIKNNEYKYEYTDIILASFLNLGDSTLKKIQHLEKLLPQIDLGHCYLKKLRAFNAHLQYHELYENKRITSGVYMCAVATAMGYKDLYLTGIDFYQEKGNPYAFHHQKENIIKLLPSFSQNKSQSDIHSMEYDLNALYFLQKHYGVNIYCISPESPLCNYFPLSPLNNPIAFIPEEKKNYTQDILIPPKFVYKKIGIYSKPRIYQNLIFRLFWDILRLPNDIKHALKSRKWD,length1,1020
3,1354262,1353983,279,MRSTTASTALFKSSNAITSKTEEIINIISIFVSPKKKVRGIKMQAKKHSWRKAISFLNALFKPCNEYFVELIKWVSPVVLYINFPIFINASLR,length1,279
3,1369940,1368176,1764,MMRTHYCGALNRNNIGQDVTLSGWVHRRRDLGGLIFIDMRDRDGIVQVCFDPKYQDALTAAAGLRNEFCIQIKGEVIARPENQINKNMATGEVEVLAKELRIYNASDVLPLDFNQNNTEEQRLKYRYLDLRRPEMAQRLKTRAKITSFVRRFMDDNGFLDIETPMLTKATPEGARDYLVPSRVHKGKFYALPQSPQLFKQLLMMSGFDRYYQIVKCFRDEDLRADRQPEFTQIDVETSFLTAPEVREIMERMVHDLWLDTIGVDLGKFPVMTWQEAMRRFGSDKPDLRNPLEMVDVADIVKDVEFKVFNEPANNPNGRVAVIRVPNGAEITRKQIDEYTQFVGIYGAKGLAWAKVNDINAGLEGVQSPIAKFLNEEVWKALAERVNAQTGDILFFGADKWQTTTDAMGALRLKLGCDLGLTRLDEWQPLWVIDFPMFERDEEGNLAAMHHPFTSPKDFSPEQLEADPTSAVANAYDMVINGYEVGGGSVRIFDPKMQQTVFRILGIDEEQQREKFGFLLDALKFGTPPHAGLAFGLDRLTMLLTGTENIRDVIAFPKTTAAACLMTEAPSFVNPQALEELAISVVKAE,length1,1764
3,1370435,1369991,444,MMQYKNNQSVLVVIYAKNTNRVLMLQRQDDPDFWQSVTGTIESGETPKKTAIRELWEEVRLEISENSTALFDCNESIEFEIFPHFRYKYAPNITHCKEHLFLCEAEKEFIPVLSEHLAYQWVSPEQAIQMTKSSNNAEAIRKYILKDK,length1,444
3,1371806,1371236,570,MSIILGIDPGSRVTGYGVIRQTGRHLEYLGSGAIRTQVEDLPTRLKRIYAGVTEIITQFQPNMFAIEQVFMAKNADSALKLGQARGTAIVAAVNNDLPVFEYAARLVKQTVVGIGSADKVQVQEMVTRILKLSDKPQADAADALAIAITHAHSIQHSLHIANSVKMTETQEKMTALLKTRYSRGRFRLKI,length1,570
3,1373498,1372493,1005,MIEADRIISGQAKVDEDVIDRAIRPKLLADYVGQPQVREQMDIFIKAAKLRQDALDHLLIFGPPGLGKTTLANIVANEMGVNIRTTSGPVLEKAGDLAAMLTNLEPHDVLFIDEIHRLSPAIEEVLYPAMEDYQLDIMIGEGPAARSIKLDLPPFTLVGATTRAGSLTSPLRDRFGIVQRLEFYSVEDLTSIVARSADCLNLELEQQAAFEVARRSRGTPRIANRLLRRVRDYADVRNGGIISINVAKQALSMLDVDDAGFDYLDRKLLSAVIERFDGGPVGLDNLAAAIGEERDTIEDVLEPYLIQQGFLQRTPRGRIATSQTYRHFGLQKLSD,length1,1005
3,1382855,1382279,576,MNLLPRAFSKNQHTALWIDMENNLIHIDAASSKRAEDALALLRKSLGSLPVVPLAFANEPSTILTNWILQDNLPHWLLALEEAELRGSQEDSVIRCKKQPLENEEILALLQDGKKVVSKLALEWEDTLTFVFNEDCTIKRLKFADTVREKNDDILKEDFAQRFDADFVLMTGILAKLTENLLDEFGGEKARL,length1,576
3,1388870,1388423,447,MKLTTQQTLKKGFTLIELMIVIAIIAILATIAIPSYQNYTKKAAVSELLQASAPYKADVELCVYSTNETTNCTGGKNGIAADITTAKGYVASVKTQSGGITVKGNGTLANMEYILQATGNAATGVTWTTTCKGTDASLFPANFCGSVTQ,length1,447
3,1392167,1391477,690,MIYFTMFLLGGILGIALWFYLSGFITHLQQEIYATYVELFPQNSSPFQPHFASIQQKKCGHILRYFFSIGVGFIFLQIAFKDSIFTVWIGLTLIILWTISYLDWHYQLISTTPCLWLLTLGLFGTDNNFSLLTLSESIKSAAIFFIVFYAIYWIAKCYYRKEAFGRGDYWLAMALGSFIHLETLPHFLLLASVLGICFSLIHRKKKEFLPFAPFMNLSAVIIYFVKYYGY,length1,690
3,1394048,1393733,315,MANWDGKYISPYAEHGKKSEQVKKITVSIPIKVLEILTNERTRRQLKSLRHATNSELLCEAFLHAFTGQPLPTDADLMKERNDEIPEDAKVLMRELGVDPESWEY,length1,315
3,1397750,1395584,2166,MLDLTPQSKKISIQIGGMTCQSCANRIEKVLNKKPFVQQAGVNFAVEEAQVVFDATQASETQIIEIIHKTGFSAHIKQANELPIEENTSIPWRLIILWIINIPFLIGMLGMIGGSHHLMLPPIWQFALASIVQLWLAIPFYCGAIGSIRGGLANMDVLVSTGTLTIYLYSAFMLFYHADHAMGHVYFEASVMVIGFVSLGKFLEDRTKKHSLNSLSMLLQLTPKKVTVLRNEKWTEIALDQVNIGEIIRANQGERIAADGIIESGNGWCDESHLTGESRPEEKQKGGKVLAGAMVTEGSIIYQANQLGSQTLLGDMMNALSDAQGSKAPIARFADKVASVFVPVVLVISLVTFALTYILTNDSVSSLIHAVSVLVIACPCALGLATPAAIMVGLGKAVNAGVWFKDAAAMEETAHVDTVVLDKTGTLTKGELEISALWQPQSAVYSEDDLYRFAAAVERQANHPIAKAIVQAAEQKMLEIPTALFSKMEVGQGIQAELEQVGTIKVGKPDYCGLILPKNLEDIWQIASIVAVSINDEPIGAFALTDTLKNDSLHAIQRLQQQNIDVVIMSGDQQSVVDYIAKQLGIKKAFGGLSPRDKAEQIQKLKAQGHIVAMVGDGINDAPALASANVSFAMKSGSDIAEQTASATLMQHSVNQLVDALFIARATLKNIKQNLFFALIYNILGIPLAAFGFLSPIIAGAAMALSSISVLMNALRLKKVRF,length1,2166
3,1399211,1397975,1236,MKSTEKLKWNKFDATWMLNLFGTAVGAGVLFLPINAGMGGFWPLVLMAIIVGPMTYFAHRGLAYFVLSSKNPGSDITEVVEEHFGKTAGKLITLLYFFAIFPILLIYGNGITNTVDSFIVNQLGMASPNRVILSFVLIAVLISVMLFNEKVMLKITEWLVYPLVLILFVLSIYLIPEWNSAVLYEFPTTGGFLTTLWLTIPVLVFSFNHSPATSSFTCSQFREYKTFEGAERHISHTEKGASTILLFFVMFFVFSCVLTLTPEELVAAKEQNISILSFLANKFDNPYISYFGPLVAFLAITSSFFGHYMGAREGLEGLYLKMKGESVNRKKLNYATALFFLLTLWGVAIINPSILGLIESLGGPIIAMILFIMPMYAIRKIPAMKRYSGRFSNVFVTIMGLIAISAVVYGLL,length1,1236
3,1404737,1403468,1269,MSYLAQAIGELKSKIHAYLQQSRNELVRFQVKLDKVDLLAWLKSQSAYPQFYLHFRDEEKALAALGEVQSFSQLNLAQEFIEESGFPLVGGLQFQGTAQFVLPKILVEQDEKGVLVSFFVKDEQSANDTLAHLKTFENITALSALPKQIPLHTEPRANERTWCDWVNQALVEIKSGELTKIVLANETTFHLKQAINAYDFLAESEKQNQGCYHFLWAENPHSVFVGSTPERLFAREYNLLLTEALAGTASVSESEEETQSQANWLLNDEKNLKENWLVVEDISQNLRKQVESFDVSNVELKPLRKVQHLIRKIRANLTAHYADVNILKAIHPTAAVSGLPQQQAKMILSEIETFDRGWYAGTLGVMSDACSEFCVAIRSAFIEGHRIRVFAGAGIVAGSQPLEEWKEIERKAAGLISLFAEEK,length1,1269
3,1408634,1407320,1314,MSTQLRNNPMKVALASMVGTAIEFFDYYIYAAAAVLVFNTQFFQSDDPLSNDLLSLSTLALAFFARPIGSALFGHFGDKIGRKKTLVASLVLMGGSTVVIGLLPNYAQIGIWAPILLCVCRVGQGIGLGGEWGGAALVATENAPEGKRAWYGTFPQLGAPIGLFVANGTFFLVSYLLGHNALVEWAWRIPFVSSILLVAVGLYVRLTLHESHVFVEAEQKGKKLNAPVSVVFTKHLKPMIIGTFIMVATYSLFYIMTAFAQAYSRTAPKLSEAGYALGLGIPANTFTGLLLISAIVFGIFISISGVYADKIGRRKWLIWVTIAIGVLGLAMPLFLENGTPVSVFAFLVIGMAIMGMTFGPMAALLPELFPTEVRYSGASLAYNLASIIGATIAAMISLKINASFGVMGVGIYLAINVLMTLLALLASKETKNVDLTEI,length1,1314
3,1410512,1409852,660,MNAKILVIKVGQVETLTFSDGSQYESAIRKKTVPSVKIHSLGAEGNDVGLKKHHGGVDKALFFMSADSFNELNALLNKDFSYMDTATYGENFVVSGLNEDNVCIGDRYQIGSTILEVSQPRKPCERLSKNTENEETRDIIYKTGLSGWYVRIIETGTIKQKDELKLLARPYPQVTIRHLNRLLSAPENEAELEAALDIEVLAEAFKRSIRSQISKFKQQG,length1,660
3,1418630,1418318,312,MQGVLDPFVRQLLTEVNDYDLCITEFVRVVDQFLPEKVFYRLCPELKNQGFTSSGTPVRVQLLGQHPECLGMRFKKSCKNMLMSKMNMTAVFTMWHELNSGYVI,length1,312
3,1437278,1436813,465,MNPLSVGNQAPAFTLLNQQEKPVSLNDFRGKKVLIYFYPKALTPGCTTQACGLRDSKSELDALGLVVLGISPDAPKKLAQFIEKKALNFTLLSDPDHQVAVQFGVWGEKKFMGRTYHGIHRISFLINESGNIMQVFDKFKTKDHHQMIIDYLRSL,length1,465
3,1444322,1444052,270,MERLHKMIEFQWILGYIVMHFRTTLEAETREIFRQITKAQILGHLHCITVKPCIWEIQEKVRLPLKIMSIKGLVGFILKEILSLSQEKIM,length1,270
3,1447877,1447433,444,MNLTKILPTFAAVVVLSACAKDAPEMTKSSAQIAEMQTLPTITDKTVVYSCNKQTVTAVYQFENQEPVAAMVSVGDGIIAKDFTRDKSQNDFTSFVSGDYVWNVDSGLTLDKFDSVVPVNLIQKGKSSDNIIVKNCDVNVKATKKANL,length1,444
3,1449092,1448003,1089,MRVSDFNFDLPDELIARYPKTDRVSCRLLQLNGENGEIFHRTFSDVLDLIDEGDLLIFNNTRVIPARMFGRKASGGKIEVLVERMLDEHRFLAHIRSSKSPKEGAELFLGEDKLGENNGIKAVMKARHSSLFEVELSDKSTALLDVLQIIGHMPLPPYIDRPDEEADKECYQTVYSKVPGAVAAPTAGLHFDENLLEKLKAKGVNFEFVTLHVGAGTFQPVRVENIEDHVMHAEYVEVSQEVCNAIIATKKAGKRVIAVGTTSVRSIESAALSAEEFGNPDLIEPYFSDTSIFIYPGKKFRVVDCLITNFHLPESTLIMLVSAFAGYKNTMNAYKHAVQEKYRFFSYGDAMFINKNSNVRELE,length1,1089
3,1451168,1450652,516,MQILEPQQFATWNEPIEMLYACHSKVKRFCRQLSILPDYLEKHGYTQAVLNDVEQILTYFNRAAPLHHDDEESDFFPQLVKVAPQAQTSIDELEKQHEYLHENWNALSVQLEELISEQRQNIDEYLIERFIQGYDRHIALEEPLFEMGRECLSADILTEMGKRMSARRQVKE,length1,516
3,1465097,1464209,888,MKYNVMMASDANYLPYVEITLKSLLMHNENLSVFILHTGDISESWQNDLQPYFAKRYSTLQLVHIDKSELDSFSANNYITSATYLRFYIDRLLHYSDIPYWIYLDCDIVINGNITHPFECLDFSRHSLAAVLDPYVTRIGHPYKNKDYFNAGVLYFNMDKYQLGISSFSKELITLYTQLKESLIYGDQDILNYYFKDQWIPLDKRYNFQLDHMISINSFDISPVIFHFTGPHKPLDNIFSENACISAVISLFRLYASISWQIFALFHSVLQELIGLIKRDDVIGGFISFNRLGIIV,length1,888
3,1469909,1469009,900,MRFKMKVVTQGVLLCIFSQCLFGILYLFSIWLQPLSGTDVFAWRMLTMIFGLLLILFPTIGCRSLLSLITTTLGKSWTRWVLFLLGTLDAGSQFWLFMWAPLNGEGINIAMGYFLFPLIMAVLGWAWLKERLSFIQKIALLLAACGVAHELWHTQSFSWTSLWVCTVYPFYYLSRKLMKIPALQGITLDIILISIPCFIYILSQSDTLSLVTQEYRYWLLLPALGIVSAISLSANLKSSQQIPVSIFAVLSYIEPILLFLIAVFVLDNQITTSDYFTYVPIWLSLIVIGIEGLLNKNKVR,length1,900
3,1494686,1494179,507,MLSNGFDIDINVPFLKTVFLCDGKFYNIKVEKSKKSVIIVCIFFFIRNIMKIIYIILGFLSLAIGIIGIFLPLLPTTPFLLLTLFFFTKGSKRLEQWFLGTSIYQKHLKSFHENRSLKKNTKICILTFVTTMLLIGFYFTPSVIGRSVIVALICIKFWFFLFWIKTENE,length1,507
3,1505591,1505066,525,MEQQHIEVVGKLGSTYGIRGWLRIYSSTEQAESIFDYQPWFLKIKGEWQSIELENWRYHNHEIIVKLKGVDDRETAQILANVEIGVDLSVFPELEEGDYYWHDLIGCTVVNLEGYTMGTVTEMMETGSNDVLVVKANTKDAFGKQERLIPFLYEQVVKRVDLTTKTIEVDWDAGF,length1,525
3,1509293,1509023,270,MITTIGRIKVLPFVITILAPKFAPKMLPAIITKPTFQRICPPNKKSAKEARFEVKFITFACAVAFGRLNPSKVTQAKLMIEPVPGPKKPS,length1,270
3,1525298,1524473,825,MKLIEQHQIFGGSQQVWAHNAQMLQCEMKFAVYLPNNPENQPLGVIYWLSGLTCTEQNFITKSGFQRYAAEHQVIVVAPDTSPRGEQVPNDAAYDLGQGAGFYLNATEQPWATNYQMYDYVLNELPSLIEANFPTNGKRSIMGHSMGGHGALVLALRNQERYQSVSAFSPILSPSLVPWGEKAFTAYLGEDREKWQQYDARSLIQQGYKVQGMRIDQGLEDEFLPTQLRTEDFIETCRAINQPIDVRFHKGYDHSYYFIASFIGEHIAYHAAFLK,length1,825
3,1527032,1526663,369,MLPTPTRLARPVVNAWKGVNELPSTERPNHISRRLAGNKRNCTNPVVMVKNRPVPSKIIMVASHKGPSRCATIQVSTSSNIFENSNSIIIPQAINNLIVWLFNEKARFFNNFSREKKHKQEKI,length1,369
3,1527743,1527404,339,MFRLSNLDKAFQNHDQTDNYPNKPCCRNRIDKLGRYPIPIISKHDNLILNDQALPPFPLDLNELYRLRQSHHQNQSQELNQVQSNIADFPYPMLQITQNNLRHFLPALHGPNA,length1,339
3,1532594,1531856,738,MSVLGRIHSFESCGTVDGPGIRFILFMQGCLMRCKYCHNRDTWDLEGGKEISVEDLMKEVVTYRHFMNATGGGVTASGGEAVLQAEFVRDWFRACKAEGINTCLDTNGFVRHYNHIIDELLDVTDLVLLDLKELNDQVHQNLIGVPNKRTLEFAKYLQKRNQHTWIRYVVVPGYTDSDHDVHLLGQFIEGMTNIEKVELLPYHRLGAHKWKTLGLDYELEDVLPPTKESLEHIKTILEGYGHTVKF,length1,738
3,1535057,1534085,972,MPQITLSAEVQPEQMGQRLDQTLAELFPEYSRSRLKTWIEADLVKLNDRITNIPREKVFGGERIEIIVEVEDETRFEAENIPLNIVYEDDDIIVINKPKDLVVHPGAGNPNGTVLNALLYHYPPISEVPRAGIVHRLDKDTTGLMVVAKTIPAQTKLVRDLQKRKITREYEAVASGIMTKGGTVDQPMARHATKRTLMAVHPMGKPAVTHYRIMENYRNYTRLRLRLETGRTHQIRVHMAHIAHPLLGDQTYGGRPRPPKNASEDFMEVLRNFKRQALHAVMLRLAHPITGEIMEWYAPLPDDFVELLNALKADYLKHQDELDY,length1,972
3,1545629,1545032,597,MALVNKIKTLSSVGILAATLFLAGCQAQSNILAFTPPVPSASMNVNRTAVVSVTTKDSRTIQEIASYTKHGELIKLNASPSVTQLFQQVMQQNLISKGFRIGQLNGSNAWVTVDVHEFGTQVEQGNLRYKLNTKIQATVYVQGAKGSYNKSFNVTRSQEGVFNADNDEIHKVLSQTFNDIVNNIYQDQEVAAAINQYSN,length1,597
3,1548875,1548353,522,MQKVKLPLTVDPVKDAQRRLDYVGYYSANQLERLAESVVNVLSDAQVTLSFYVDPQKLVVMKGKVQIDIELECQRCNEPYKQTLECEFTYSPVANWDQADDLPEIYEPIEFNEFGEIDLIGTVEDELILALPLVPMHSSEHCEVSAQEQVFGELPEELAKKPNPFAVLANLKQK,length1,522
3,1552388,1551662,726,MQGKIALVTGASRGIGRAIAEELSSKGAFVIGTATSEKGAEAISAYLGDKGKGLVLNVTDKESIETLLEQIKNDFGDIDILVNNAGITRDNLLMRMKDEEWFDIMQTNLTSVYHLSKAMLRSMMKKRFGRIINIGSVVGSTGNPGQTNYCAAKAGVVGFSKSLAKEVAARGVTVNVVAPGFIATDMTEVLTDEQKAGILSNVPAGRLGEAKDIAKAVAFLASDDAGYITGTTLHVNGGLYLS,length1,726
3,1554410,1553081,1329,MLYLEFLFLLLMLYIGSRYGGIGLGVVSGIGLAIEVFVFRMPVGKAPIDVMLIILAVVTCASVLEAAGGLKFMLQIAERILRKNPKRVTLLGPLVVYLLTFMLGTGHSVYTIMPIIGDVALKNKIRPERPMAASSVASQLAITSSPLSAAVVFYLGKITAMPAFEHISLLDIICVTVPATLAGTIALSLYSMRRGKELEQDPEYQRRLQDPVWRERILNTTSTTLNETLPQGAKKSVYLFLLALVVIVAIAMIPEIRTIGSGKAISMSLIIQMMMLCFGGVILLATKTNPQIVQNGVVFKSGMVAAIAIYGIAWMSDTYFKYAMPEFKAAITDMVQTYPWTFALALFAVSVVINSQAATAVMLLPVGIGLGIPAPILVGLMPATYAYFFIPNYPSDIATVNFDVTGTTKIGKYYFNHSFMVPGLIGVVVACLVGVSVAELVIR,length1,1329
3,1556519,1555289,1230,MENEMSQNGSDRDPWSKPGQSNDQQPGNSSNNNGWNNNQNRGNQEQSPPDIEEIFNNLLKKLGGGNKKSGQNNGSSQGNTPFHFGKVIPLAVAIGAIIWGVSGFYTIKEAERGVVLRFGELHSIVQPGLNWKPTFVDKVLPVNVEQVKELRTQGAMLTQDENMVKVEMTVQYRVQDPAKYLFSVTNADDSLNQATDSALRYVIGHMSMNDILTTGRSVVRENTWKALNEIIKSYDMGLEVIDVNFQSARPPEEVKDAFDDAIKAQEDEQRFIREAEAYAREKEPIARGDAQRILEEATAYKDRIVLDAKGEVERLQRLLPEFKAAPDLLRERLYIQTMEKVMANTPKVMLDGNNGNNLTVLPLEQIMGKKSVTSAPSAVNSSPAFTAPERQNSYQPQPTTVAPIRQGRFN,length1,1230
3,1563287,1562603,684,MSKLSYQEVLSQIQYGLISSCQPVDDGPMDKPEIVSAMAQASVMGGASGLRIEGVDNLKATRPFVNVPIIGIVKRDLPDSPVRITPFLQDIEDLANAGADIIAVDGTKRPRPVDIESAVKKIHEMGCLAMADCSNLEEGLYCKALGFDIVGSTMSGYTGGSVPEEPDYQLVKDLKSAGCFVMAEGRYNTPELAKVAIEIGADCVTVGSALTRLEHIVSWFANSVKSAR,length1,684
3,1565093,1564196,897,MFYWISLKEQFMAKSGNVLNKIGSLYQSLTKSEKKIADTILRSPDLVSQCPLSEIAKHLEVGEATIVRFCRTIGFKGFSEFKLELSIELATKDNQDESILETEIMPSDDSLTIAQKLQTAVANVMEETINLLDLKQLEEVVKVLKKARRIFLFGVGSSGVTAEDAKNKLMRIGFQVDASGNNHFMYMQAALLTSSDVAIGLSHSGYSAETAHTIKIAKQNGATTVALTHSLRSPVTEYADYVLVNGNKQGKLQGDSIGTKIAQLFVLDLIYALLVQGEEEIAAQTKQKTLNVILEQRIK,length1,897
3,1568606,1567463,1143,MKYALTNSVIYTKYEILRDYAVVIDSETIEAVIPQAELETGIKTIDLQGNNLTAGFIDLQLNGCGGVMFNDQTSVETLEIMQETNLKSGCTSFLPTFITAPDENIKSAVKIMREYLNKHKNQALGLHIEGPYLSIEKKGVHRPEYIREITPEMKDFLCENGDVITKITIAAENPTINYTPDFVKAGIIVSVGHSNATYEVAKAAFHKGATFATHLHNAMSPISSGREMGVVGAVLDSDVYTGIIVDGVHINYGNVRIDKKIKGDKLCIVTDSIAAAGAPPELESFTFVGKTIYIKEGRCYDANGTIAGASITMMESIKNAVEYVEIPLAEAIRMSNLYPARAIGIDDRLGSVEKGKIANLAVFTPNYQVIGTVVNGKWKEN,length1,1143
3,1582787,1581602,1185,MQQHNLSTTFVHAGRQKRFSQGSVNPVLQRASSLLFDSIEDKKHATQRRAKGELFYGRRGTLTHFALQDLMCEMEGGAGCYLYPCGTAAVTNSILSFVKTGDHVLMSGAAYEPTQYFCNIVLKKMQIDITYYDPLIGADIATLIQPNTKVLFLEAPSSITMEIPDIPTIVKAARKVNPNIVIMIDNTWSAGVLFKALEHDIDISIQAGTKYLVGHSDIMIGTAVANARTWDQLREHSYLMGQMVDADSAYTTARGIRTLGVRLKQHQESSIKVAKWLSEQPEVKTVYHPALPSCPGHEFFLRDFSGSSGLFSFELTQRLTSEQVSKFMDHFQLFAMAYSWGGFESLILCNQPEEIAHIRPNIKRNLTGSLIRVHIGFENVDELIADLKAGFERIA,length1,1185
3,1584530,1583174,1356,MKHIHILGICGTFMGGVAMIAKQMGYHVTGSDTNVYPPMNTFLEEQGIEIIPNYDVAQLQPAPDMVIVGNAMKRGNPCVEYVLENNLKYTSGPQWLHDHLLRDRWVLAISGTHGKTTTTGMLTWILEQNGLKPGFLIGGIAGNFGISARLGDSPYFVIEADEYDTAFFDKRSKFVHYNPRTLIVNNISFDHADIFDDLKAIQRQFHHMIRTIPASGLVLSSASEQSAKETLALGCWSQQQFLGKDNEWFAERITNDASHFAVFHHGEKVAEVKWNVVGQHNMHNALMAIAAAHHTGVAIEDACKALGSFVNAKRRLEVKGEVNGITVYDDFAHHPEAILATLTALRDKVGGVRILAVLEPRSNTMKMGVHKDDIAPALGRADAVFMLQPEQLSWEVADIANQCVQPAYWNANLDRLVDMIVAEAQPTDHILVMSNGSFGGIHQKILDKLKLK,length1,1356
3,1590791,1588658,2133,MKQLFATTSRGFEELLKVELTELGAQEAKVVQGGVHYQADDETLYRTLLWSRLASRILFPLIETKIYSDLDLYAAVSGFNWLGLFDERVTFFVDFNGTNQEIRHTQFGAMRVKDGIVDYFERQGKARPDVDKIQPDVRIHAYLNRENLVISLDLSGEALHLRGYREDAGQAPLRETLAAAIVLRSGWQVGSRLVDPMCGSGTLLIEAAQMEAKIAPQLYRLHWGFDFWKAHNQSAWEKVKNEAIELAEEKQREIQPHFYGFDLDHRVLKKAQKNAQNAGVSHLIKWQQGDVAALKNPRLNEVGTVICNPPYGERLGTTPALIALYSVFGQRLKKEFCGWNVSVFSSESTLLDCLRMRASRQFKAKNGPLDCVQKNYQVSERKSDEITAENELEFNRTSEVATDFANRLQKNIKKISKWAKQQGLDAYRLYDADLPEYNLAVDRYADYIVVQEYAAPKNIDENKARQRLLDAVTATLHVTGVETNKLILKVRQKQKGTNQYEKLANKGEYFYVNEYGAQLWVNLTDYLDTGLFLDHRLTRKMIGALAKGKDFLNLFAYTGSATVHAALGGAKSTTTVDMSNTYLNWAEQNLILNDIEGKQHKLIQADCLQWLEKCDRQFDLIFVDPPTFSNSKRMEDSWDVQRDHVKLMRNLKRVLSNNGTIVFSNNKRGFKMNLVALEELGLSAVEISHKTLPLDFERNKQIHNCWMIQHI,length1,2133
3,1600424,1600130,294,MIKARYFYLYKLIVRCRFFIAKYNTLFKQQVIEFYIQNGKNYSLISKHFQLDSRTLRHWINQFNHSRINWLAVLGKKRNYSLKFKLNVIQTVKNGQFL,length1,294
3,1608194,1607909,285,MAFAHHIAQNGLESQFTGMNIRVILIFLLKVFMAADALGNIDKFYPLLIRRCAPILKPSFVKYTNNFINRIFFFIFTMRTARIGVLRVKLCFFII,length1,285
3,1609442,1609109,333,MIQHYLRFSINRLLRTLHIGFQTALSLFTIKLRIIFNRLSDLIKTFIGGVIGDYIQNKAFFNRLLHRIKVERLKLAIRLFFAEFFQSAVFRCGGESKIRRIAVHFAGLHGL,length1,333
3,1616984,1616678,306,MRRSLVLQQDQYNLVRHQCRCQFFGLSAVRFQCKLTVFDLTLFLFFLQSLYLSSVLLIRPKQEYSQCLFLMVVNFQCRAVWLIVHCYLILGAHLMANDSHIN,length1,306
3,1621712,1621034,678,MKLTLEMLTGKSREHLVNLPTTHSSNHFLQTQAMQAFQALQQSAAKNGFNLQPASSFRDFERQKLIWNSKFKGERKVHDDAGKALDLNQLDDWQKCQAILRWSALPGASRHHWGTEVDIFDPDLLPQGQSLQLEPWEYEKGGYFFELSEFLAENLPHFDFALPFMNMQSNKKVGREPWHISYLPLAELASQQFSPEILQQAWKGENILGADCLISHLEQIFSEYIV,length1,678
3,1634858,1632413,2445,MRVLKFGGTSLANPERFSQAAKLIEQAHLEEQAAGVLSAPAKITNHLVALSEKAALNQSTDTHFNEAIEIFYNIINGLHAENNQFDLNGTKALIDAEFAQIKGLLEEIRQAGKVEDAVKATIDCRGEKLSIAMMKAWFEARGYSVHIVDPVKQLLAKGGYLESSVEIEESTKRVDAANIAKDKVVLMAGFTAGNEKGELVLLGRNGSDYSAACLAACLGASVCEIWTDVDGVYTCDPRLVPDARLLPTLSYREAMELSYFGAKVIHPRTIGPLLPQNIPCVIKNTGNPSAPGSIIDGNVKSESLQVKGITNLDNLAMFNVSGPGMQGMVGMASRVFSAMSGAGISVILITQSSSEYSISFCVPVKSAEVAKTVLETEFANELNEHQLESIEVIKDLSIISVVGDGMKQAKGIAARFFSALAQANISIVAIAQGSSERSISAVVPQNKAIEAVKATHQALFNNKKVVDMFLVGVGGVGGELIEQVKRQKEYLAKKNVEIRVCAIANSNRMLLDENGLNLEDWKNDLENATQPSDFDVLLSFIKLHHVVNPVFVDCTSAESVAGLYARALKEGFHVVTPNKKANTRELVYYNELRQNAQASQHKFLYETNVGAGLPVIENLQNLLAAGDELEYFEGILSGSLSFIFGKLEEGLSLSEVTALAREKGFTEPDPRDDLSGQDVARKLLILAREAGIELELSDVEVEGVLPKGFSEGKSADEFMAMLPQLDKEFKTRVATAKAEGKVLRYVGKISEGKCKVSIVAVDLNNPLYKVKDGENALAFYTRYYQPIPLLLRGYGAGNAVTAAGIFADILRTLQH,length1,2445
3,1635815,1634873,942,MLRIYAPASSANISVGFDTLGAAISPIDGSLLGDVVQIESISSGFELESAGYFVRKLPKEPQKNIVYQAYVLFSEQLKLRGANVKPLRLTLEKNMPIGSGLGSSACSIVAALVALNQFHNEPFSKMELLEMMGELEGRISGSIHYDNVAPCYLGGVQFMVQSLGNICQKLPFFDNWYWVLAYPGIEVSTAEARAILPKSYTRQNVIAHGRHLGGFVHACHTHQENLAAIMMKDVIAEPYRESLLPNFAEVKQATRDLGALATGISGSGPTIFSIAPDLQTAIKLSSYLESHYLQNNEGFVHVCKVDNEGTREIK,length1,942
3,1637135,1635860,1275,MNLYNIKHPEEQVTFSQAVRQGLGWDQGLFFPEVIPKLNNINELLELPLVERSQKILGALIDGELPQATLDAMVKNAFTFTAPLEKVEDNIYALELFHGPTLAFKDFGGRFMAQALAAVRGDGKITILTATSGDTGAAVAHAFYGLENINVVILYPKGKISPLQEKLFCTLGGNIRTVAINADFDACQALVKQAFDDVELRQAIGLNSANSINISRLLAQVCYYFEAVAQLPKEKRDNVVVSVPSGNFGNLTAGLIAKTLGLPIKRFVASTNANDTVPRYLKSGNWDPKTTVATLSNAMDVSRPNNWPRVEELFKRNGWDLTDLGSGMLSDSETEDTLKAMQSKGYLCEPHGAIAYQVLKEQLKASETGIFLCTAHPAKFKESVERILGIQLPLPETLDKHNQLPLLSDEMDNDFAQLRAYLLKS,length1,1275
3,1647902,1647572,330,MTIFDIRTSNLRITTCHQFIFNDFLNLININLALMTGENFIPYFLPNLVAIKFIGNIDRTCGFFNGINDTLNLKLRTRTIALDDPKVTHDIAPIYSVFEMRIALYIDLKR,length1,330
3,1658264,1657985,279,MRIKFAPPFSISIWILFAPASRLFSTNSFTTDAGRSTTSPAAIWLASCGERILIGIYFSLNFIFCPVITLPFFKCGFRLNSIFTGMLYSLEIA,length1,279
3,1665167,1662803,2364,MKLNLITLAVLLIVADLTLLFLPQPLLLPWQVALVIALVLIFLFIFLRRNFLVSLAFFVASLGYFHYSALSLSQQAQNITAQNQVVTFKIQEILHQQDYQTLIATATLENNLQEQRIFLNWKAKEVPQLSEIWQAEISLRPLSARLNFGGFDRQQWYFSKGITAVGTVKSAVKIADVSSLRAEKLQQVKKQTEGLSLQGLLIALAFGERAWLDKTTWSIYQQTNTAHLIAISGLHIGLAMGIGFCLARVVQVFCPTRFIHPYFPLVFGVLFALIYAYLAGFSVPTFRAISALVFVLFIQIMRRHYSPIQLFTLVVGFLLFCDPLMPLSVSFWLSCGAVGCLLLWYRYVPFSLFQWKNRPFSPKVRWIFSLFHLQFGLLLFFTPLQLFLFNGLSLSGFLANLMAVPIYSFLLVPLILFAVFTNGTMFSWQLANKLAEGITGLISVFQGNWFNVSFNLALVLTALCAGIFMLIIWSIYREPEVSSSTWKIKRPRFFTLNLSKPLLKTDRINVLRCSFGIILMCFMILLFKQLSKPTWQVDTLDVGQGLATLIVKNGKGILYDTGSSWRGGSMAELEILPYLQREGIVLEKLILSHDDNDHAGGASTILKAYPNVELITPSRKNYGENYRTFCTAGRDWHWQGLHFQILSPHNVATRADNPHSCVILVDDGKNSVLLTGDAEAKNEQIFARTLGKIDVLQVGHHGSKTSTSEYLLSQVRPDVAIISSGRWNPWKFPHYSVMERLHRYKSAVENTAVSGQVRVNFFQDRLEIQQARTKFSPWYARVIGLSKE,length1,2364
3,1670708,1668881,1827,MFDAKKFLADVSHEPGVYRMYDDKDQVIYVGKAKDLKKRLSSYFRKNLSSKKTEALVASIHHIDTMLTSSETEALLLEHNFIKLYQPRYNVLLRDDKSYPFILLTKERHPRITSYRGSKKFAGEYFGPYPHAGAVRETLSLLQKLFPVRQCENSVYSNRSRPCLQYQIGRCSAPCVQGYVSDEEYNQQVELARLFLQGKDQQVLDYLIGKMEQASRNLDFEQAARYRDQIQAVRSVIEKQFVSNERLDDMDIMSIAYQHGLACVQVMFIRQGKVLGNRSYFPKVPANTDLSELTETFVGQFYLQGHQGRSIPNSIIVDRQLAEKSELEQLLTEQAGRKVTIQESVKGDKSKYLQLAQVNAKAALNVQLKQSSRMSERYQALCDLLNLPEIKRMECFDISHTMGNQTVASCVVFNQEGPLKSDYRRFNIEGITGGDDYAAMEQALQKRYERDLEEDKIPDIIFIDGGKGQLNRALNVFQHLQVKWDKNRPHLIGVAKGVDRRAGQEVLIISKQDREIHLPDDSLALHLIQHIRDESHNHAISGHRKKRQKAFTQSGLETIEGVGAKRRQALLKYLGGLQGVKKATLDEIASVPGISLKLAETIFETLKND,length1,1827
3,1674722,1673696,1026,MKERIKAICLEKPNNVVVKEVPYPEKSDNDVLIQVESMGICGSDIGAYRGTNPLVTYPRILGHEIVGRVIESGIGMPDRVRVGDRVIVDPYVFCGQCYPCSIGRTNCCESLKVIGVHIDGGMQEVIRHPAHLLTKVPDNLPIHQLPLAEPLTIALHALHRTTLKSGEHIVIIGAGAIGLMAALAAVQYGAIPILVDILEQRLEYAKSLGIEHIVNPHKEDDIKRIKEITSGRMAEVVMEASGANISIKNTLHYTSFAGRIALTGWPKTETPLPTNLITFKELNIYGSRTSKGEFEEALDMLATNKINASHIITKCIKFEEIPSFISDLSDHPENYLKINAVF,length1,1026
3,1681433,1680797,636,MSYTTQQIIEKLRELKIVPVIALDNADDILPLADTLAKNGLPVAEITFRSEAAADAIRLLRANRPDFLIAAGTVLTAEQVVLAKSSGADFVVTPGFNPKIVKLCQDLNFPITPGVNNPMAIEIALEMGISAVKFFPAEASGGVKMIKALLGPYAQLQIMPTGGIGLHNIRDYLAIPNIVACGGSWFVEKKLIQSKNWDEIGRLVREVIEIIK,length1,636
3,1683458,1682798,660,MQSRLIVDAQKESLLSTHKVLRNTYFLLGLTMAFSAVVAFISMSLNLPYPNIIVLLVGFYGLLFLTNKLADRPAGILAAFAFTGFMGYTIGPILNMYVARGMEDLIMLAFAGTAIVFFACSAYVLTTKKDMSFLSSAMFALFIVLLLGMVASFFFQIPALSVAISALFVVFSTMTILYETSNIIHGGETNYIRATVNIYVSIYNLFLSLLRLLSIFSSDE,length1,660
3,1686107,1685306,801,MKFISFNINGLRARPHQLEAIIEKYQPDVIGLQEIKVADEAFPYEITENLGYHVFHHGQKGHYGVALLTKQEPKVIRRGFPTDNEDAQKRIIMADLETEFGLLTVINGYFPQGESRAHETKFPAKEKFYADLQQYLEKEHDRSNPILIMGDMNISPSDLDIGIGDENRKRWLRTGKCSFLPEERAWYQRLYDYGLEDSFRKLNPTANDKFSWFDYRSKGFDDNRGLRIDHILISQKLAERCVDVGIALDIRAMEKPSDHAPIWAEFK,length1,801
3,1686893,1686119,774,MDMANWQNYRSTVNGMPAVFTANIEDVEKYHGKGLDKIVQFTIDYQADDETGLPSEVEYDKLINRVFKILTQLTALPNVFFAGHFICNSQIKIHFYCKHENLIVETLQQIDFVKDINVQKDLIWDTYFDFLLASPLEIKLNATEELLDLLKSKGRNLSDTYLVEHSFHFDEEQKMFPFMDELSLGDYSFTTLQYSAQAIQFNEDDEPYFLVKLEQEISLENSEIFEQVERFEKLAEQFSGEYIGWECDSLLDSNKPLN,length1,774
3,1693391,1691738,1653,MSDIAITISLLALVAVIGLWIGHWKIRGVGLGIGGVLFGGIIVAHFTNQYGLKLDAHTLHFVQEFGLILFVYTIGIQVGPGFFSSLRKSGLKLNAFAILIIVLGSIAVVLVHKIADVPLDIALGIYSGAVTNTPALGAGQQILAELGVPQTTVTMGVSYAMAYPFGICGILLAMWLIRLFFKVKVDDEAARFNAESSQDKESLHNISLKVTNQNLDGLTLIQIPGFSDEEVVCSRLKRDDMEIVPKASTEIRINDILQLVGDDNSLAKMRLIIGYEVDAPTVAYSGEIRSERVVVTNEKVLGKKIRALGIHQKYGVVISRLNRAGIELVPTGNTTLQFGDVLHMVGRSDVLNQAISVIGNAQQKLLQVQMLPVFIGIGLGVLVGSIPFYIPGFPVALKLGLAGGPLVVALILARIGTIGKLYWFMPPSANLALREIGIVLFLAVVGLKSGGSFFDTLVNGSGLEWMGYGIFITFIPLMITGILARLYGKLNYLTICGLLAGSMTDPPALAFANEIKEDNGAAALSYATVYPLVMFLRIMSPQLLAVLLWAA,length1,1653
3,1694345,1693913,432,MPSWVTTGFEEYQRRFPKDMPFELIEIPAGKRGKNADIKRILEQEGKAMLAACGKGKVVTLDIPGKPWTTPQLAEQLEAWKNDGCDVCLLIGGPEGLSPECKAAAEQSWSLSPLTLPHPLVRVVVAESLYRAWSLTTNHPYHRE,length1,432
3,1696322,1694369,1953,MNLKKFFNTPTHEPFRDKKAERNLFARRTLVAFLGILLLTGVLFTNIYQLQIVNFDTYRTRSNGNRIKLLPLPPTRGLIYDRYGKLLAENLTFFGLYIVPEKTENLDRTLDELRYIVGLTDNDIEHFKKERLRGTRYTPILLKPNLTEEQISRFAVNGYQYPSLEVRPYFKRHYLYGETMAHILGYVGKMNDKDVERLKREDKFANYAGTNDIGKLGIERYYEDILQGTTGFEEVEINNRGKVIRTLRSRPAVAGKSIHLTIDLALQRYITELLSGLKGAVVVLDPKDSSVLAMVSTPSYDNNLFVDGISSEDYKRLLNDPARPLYSRATQGAYPPASTVKPFIAVAAQTENVITPNTTIFDPGYWVLPNSTKRFRDWKKTGHGDTDLNKAITESSDTYFYQVAYNMGIDRLSNWMKDFGFGMPTGIEIQEETAANMPTREWKQKRYKRPWVQGDTISVGIGQGYWTATPLQVAKATTILVNNGKVNTPHLMKAIEGAVLEPYEDPLIYPDISTPKVTAWEAAKRGMYNVVNAANGTGRKAFADANYRVAGKSGTAQVFSLKENEKYNAVGLKKELHDHAWFTAYAPYENPRLVVTVILENAGGGSSNAAPLARKVMDYYLNQRLPQVEKYNVPIQQKKDLSQESEQINGR,length1,1953
3,1699874,1699598,276,MTIENDYAKLKELMEFPAKMTFKVAGINREGLAQDLIQVVQKYIKGDYIPKEKRSSKGTYNSVSIDIIAENFDQVETLYKELAKVEGVKMVI,length1,276
3,1701530,1700570,960,MSTPFKMERGVKYRDAAKTSIIPVKNIDPNQELLKKPEWMKIKLPASSAKIESIKNGMRRHGLHSVCEEASCPNLHECFNHGTATFMILGAICTRRCPFCDVAHGKPLPPDPEEPQKLAETIQDMKLKYVVITSVDRDDLPDRGAGHFSECVKAVRELNPNIKIEILVPDFRGRITQALEKLKDNPPDVFNHNLENVPRLYKEIRPGADYEWSLKLLREFKEIFPNIPTKSGLMVGLGETNEEILQVMQDLRDNGVTMLTLGQYLQPSRHHLPVARYVPPTEFDEFRDKANEMGFEHAACGPFVRSSYHADLQASGGLVK,length1,960
3,1705502,1704002,1500,MTTREQRIEKYHADRSVYQAVPKSESLSRTAKDRKLCTSLEEAIKRSGLKDGMTVSFHHAFRGGDFVVNMVMNKIAEMGFKNLTLASSSLIDSHFPIVEYIKNGVVTKIYSSGLRGELAEQISRGLLNEPVNIHSHGGRVHLVKSGELKIDVAFLGVPCCDTFGNANGFTGKSKCGSLGYARVDAEYADKVVLLTEEFVEYPHYPISIAQDQVDLIVQVEAVGDPKKIGGGATRMTTNPRELLIARKCAEVIFASGYFKDGFSLQTGSGGAALAVTRFLEEKMRRENITADFALGGITASMVALHETGLIKKLLDVQSFDSVAAESLARNPNHIEVSANQYANYSSKGASVERLDMVILSALEIDTKFNVNVLTGSDGVIRGASGGHCDTAASAQVAIIVAPLVRGRIPTVVENVITCVTPGENVDILVTDHGVAVNPKRPDLIEALSKTDIPLFTIEQLCERAYSITGKPKEIEFTNKPVAVVRYRDGSVIDTVYQVKD,length1,1500
3,1707080,1706012,1068,MIELEESIPLARLWDLDVFNAKGNLLSRTDFDLSPRTCLVCGENAKICARTRKHEIDEIVDKIQSLAQNHDFAEHIGEQVYLALIQEARLSPKPGLVDAINNGSHKDMNLHTFEQSAISLKPFFTQFVLKGMMTAHLSENQILAEIRPLGLLAEKAMFKVTDGVNTHKGAIFSFGLVCTAIGRLLAQKSLVQSAVDFDVKLICSLVAQFTQGLTDELKNYPEHLPSTAGVRLFQKYGLTGVRGEAENGFNLIQTLLPQFDEYHQLEWEHRLLILLLNLMAINSDTNVVHRGGLAGLHFIQQTAQDLLTDQHLVTDKTALTQALMKFDTACIERNLSSGGSADLLALTIFFLSFRGN,length1,1068
3,1710365,1708943,1422,MTQKLHIKTWGCQMNEYDSSKMADLLLSTHGLELTEAPEEADVLLLNTCSIREKAQEKVFHQLGRWKELKKNNPNLVIGVGGCVASQEGEHIRHRAPYVDIIFGPQTLHRLPEMINQIRGGKSSVVDVSFPEIEKFDRLPEPRAEGPTAFVSIMEGCNKYCTFCVVPYTRGEEVSRPVDDVLFEIAQLAEQGVREVNLLGQNVNAYRGPTHDGQICSFAELLRLVASIDGIDRLRFTTSHPIEFTDDIIDVYRDTPELVSFLHLPVQAGSDRVLTMMKRAHTALEYKSIIRKLRAVRPDIQISSDFIVGFPGETSEDFEQTMNLIAQVNFDMSFSFVYSARPGTPAADMLDDVTEDEKKQRLYVLQERINQQAAQFSRRMLGTEQRVLVEGPSKKDIMELTGRTETNRIVNFQGSPEMIGKFVDVKITDVYTNSLRGEVVRTEDEMGLRIAQSPQEVMNRTRKEDELGVGRYHG,length1,1422
3,1714757,1713710,1047,MSNLFFVILLAVGFGVWKVLDYFQLPNTFSILLLILTALSGVLWCYHRFVVLPKRHRQVARAEQRSGKTLSEEEKAKIEPISEASEFLSSLFPVLAVVFLVRSFLFEPFQIPSGSMESTLRVGDFLVVNKYAYGVKDPIFQNTIIEGEKPQRGDVIVFKAPQQALIRTGLGATRAAFAENLALSSKDNMSGVDYIKRIIGKGGDRIIFDAEQKTLKVVYGKEGKPCEIDCETKAFEYTQNPTNPAFPNELELTEKGDVTHNVLISEYRRYSDLEFFPQEGMQTAEWLVPEGQYFVMGDHRDHSDDSRFWGFVPEKNIVGKATYIWMSLEKEANEWPTGFRFDRFFTAIK,length1,1047
3,1716347,1715441,906,MTEQFDKTYCGFIAIVGRPNVGKSTLLNKILGQKISITSRKAQTTRHRIVGIKTEGAYQEIYVDTPGLHIEEKRAINRLMNRAASSAIGDVDLIIFVVDGTHWNADDEMVLNKLRNAKAPVVLAINKVDNIKNKDDLLPFITDLSSKFNFAHIVPISAQRGNNVHELEKIVRQSLREGVHHFPEDYVTDRSQRFMASEIIREKLMRFTGEELPYSVTVEIEQFKVNERGTYEINGLILVEREGQKKMVIGAGGQKIKTIGMEARADMERLFDNKVHLELWVKVKSGWADDERALRSLGYMDE,length1,906
3,1717913,1717511,402,MNRRDLLLQEMGISQWELYRPEVLQGSVGISVAENIRLITVSDENISSSPLLADVLLSLNLKKENCLCLNYDQIQHMECKQPIRYWLLSENSDQIDRTLPFCKQAEQVYRSPSWQQFQSNHQAKRALWQQIQQP,length1,402
3,1725191,1724381,810,MQCWIRQTINFFRKTKNTEKLTALLQQKEDILAVEIPVSLVYNGISHAVMMCSPNNLEDFALGFSLTEGIINKPEDIYGIDVVEVCNGIEVQIELSSRKFMALKEHRRNLTGRTGCGICGTEQLNQVYKTFPKLDCTFQFDLNLLDSCLIDLQKNQLLGCKTGATHACAFFDLYGSMLAIYEDVGRHVALDKLLGWHAKSGKPRGFILASSRASYEMVQKTVACGVEMLVTISAATDLAVTMAEKHNLTLIGFAREGKGNIYSGHLRLHN,length1,810
3,1725917,1725455,462,MGSVLVDLQIATENIEGLPTEEQIVQWATGAVQPEGNEVEMTVRIVDEAESHELNLTYRGKDRPTNVLSFPFECPDEVELPLLGDLVICRQVVEREAAEQEKPLMAHWAHMVVHGCLHLLGYDHIEDDEAEEMESLETQIMQGLGFDDPYLAEK,length1,462
3,1726721,1725935,786,MMYKAVFSDFDGTLLTSQHTISPRTVAVIKRLTANGIPFVPISARSPLGILPYWKQLETNNVLVAFSGALILNQNLEPIYSVQIDPKDILEINTVLAEHPLLGVNYYTNNDCHARDVENKWVIYECSVTKIEIHPFDEVATSSPHKIQIIGEAEEIIEIEVLLKKKFPHLSICRSHANFLEVMHKNATKGSAVRFLEDYFGVQTNEVIAFGDNFNDLDMLQHAGLGVAMGNAPDEIKQAANVITATNNEDGLALILEEKFPE,length1,786
3,1735241,1733162,2079,MSLELLDAVPLTSLSGVGAAISNKLAKIGIQNLQDLLFHLPIRYEDRTRITPIANLRPEQYFTIEGIVQTCEVAFGRRPILSVSLSDGTSKIMLRFFNFNAGMRNSFQAGVRVKAFGEVKRGRHMPEIHHPEYQIVRDNAPIVLEETLTPIYSTTEGLKQNSLRKLTDQALTLLDKVQIAEILPNEFNPHQYSLKEALRLLHRPPPDISLEMLEQGKHPAQQRLIFEELLAHNLAMQKVRLGTQQFSALPLHYQTDLKQRFLATLPFQPTNAQKRVVSDIEQDLIKDYPMMRLVQGDVGSGKTLVAALAALTAIDNGKQVALMAPTEILAEQHANNFRRWFEPFGIEVGWLAGKVKGKSRQAELEKIKTGAVQMVVGTHALFQEEVEFSDLALVIIDEQHRFGVHQRLMLREKGEKAGFHPHQLIMTATPIPRTLAMTVYADLDTSIIDELPPGRTPITTVVVSEERRAEIVMRVKNACVNEKRQAYWVCTLIDESEVLEAQAAEAIWEDLTKALPMLNIGLVHGRMKPQEKQDVMMRFKNAELDLLVATTVIEVGVDVPNASLMIIENAERLGLSQLHQLRGRVGRGSTASFCVLMYKPPLGKVSQKRLQVLRDSQDGFVISEKDLEIRGPGEVLGTKQTGIAELRIANLMRDRKMIPTVQHYAKSLIQKYPDVAESLICRWLNNKEIYSNA,length1,2079
3,1737437,1736294,1143,MIISSASDYREAARRRVPPFMFHYADGGSYAEQTLARNVSDLENIALRQRVLKDMSELDTSIELFGEKLSMPTILAPVGACGMYARRGEVQAAQAADNKGVPFTLSTVSICPIEEVAPAIKRPMWFQLYVLKDRGFMKNALERAKAAGCSTLVFTVDMPTPGARYRDMHSGMSGPYKEIRRVLQGFTHPFWAYDVGIKGKPHTLGNVSTYMGRQIGLDDYIGWLTENFDPSISWKDLEWIREFWEGPMVIKGILDPEDAKDAVRFGADGIVVSNHGGRQLDGVLSSARALPPIADAVKGDIKIIADSGIRNGLDIVRMLALGADATMLGRAFVYALGAAGRQGVENMLDIFKKEMRVAMTLTSNRTIVDIKPEALVDLSKL,length1,1143
3,1745771,1745444,327,MTLTEQIITIGICIVAVQFTRLLPFFVFPVNRPIPQYIRYLGKVLPPAMFGMLVVYCYKNIEILTGYHGIPDLLAGIVVLGLHFWKKNMFLSIAVGTLFYMALVQLIFI,length1,327
3,1754600,1753409,1191,MASITHRRNAVLGAAFLMATSAIGPGFLTQTATFTNTLLASFGFVILLSILLDIGAQLNIWRIVIVSGKRAQDISNAVFPKAGYFLAALIVMGGLAFNIGNVGGAGLGLNSIFGIAPEMGAVISGIIAILIFLRKEAGLLMDRFAQLMGFIMVALTFYVMFKTEPPVAEAAYHSFIPEKIDPIAIVTLVGGTVGGYITFAGAHRLLDAGIQGEKAMAEVSRSSVSAILIASTMRVVLFLAVLGVVSKGVSLNPKNPAETPFEYVAGNFGQVLFGVVIWAASVTSVIGAAYTSVSFLTTLCPTIERNRNRWIIAFIVISTVVLVTVGKPAAVLVFVGTLNGLILPIALALILLAAYRSDIVGTYKHPVFLAFSGWFVVIIMAILSGKTIISYISSFFS,length1,1191
3,1761200,1760075,1125,MVKSPSLTFSSKVKPYWKPLHPPPVIYTRNFKSVFSSSLIKLFTLFAAASVNVSGTAISSIITISYFPKISIPPLSNNPLLHSSAIQFFPRNRAIISQSFFQKSEIKMAIPIRTEKEIVKLREVCKLASDVLVMIEPYVKAGVTTGELDRICHEYMVNEQKVIPACLNYHGFPKATCISINEVVCHGIPSDDKVLKNGDIVNIDVTVIKDGYFGDNSKMYIVGGETNIRSKKLVEAAQEALYVGIRTVKPDIRLNEIGKAVQKYTESQTFSVVREYCGHGVGTEFHCEPQVLHYYADDGGVILKPGMVFTIEPMINAGKKEVRVMGDGWTVKTKDRSHSAQYEHQLVVTETGCEVMTIRDEEIAEGRISRIMVNV,length1,1125
3,1763885,1761296,2589,MLFSPRLSSPLTPSAVKIERENLKQFELENFSCYSIFELIENRSDFYDALLIQLWQEIELSEQQGISLIAVGGYGRREMFPLSDLDFLILVEQTPSPEIEEKITQFIQFLWDCGFEVGNSVRTLAQCESEGKQDITIATNLLEARFLTGNRPHFDALNELVKRADFWSKEDFFNAKVQEQIERYQRYHNTAYNLEPDIKYSPGGLRDLHLLYWVALRHSGALTLEAILQSGFIYPQEYQQLQESRAFLFKVRFALHLILKRYDNRLLFDRQIKVSELLGFRGEGNPAVEKMMKCFFQALHRISLISNLLIQHYRENVLPSNQDTVIDQLDDDFQLINQCLCLRNSFVFQEKPARILDLFFYLTQYEQADIHSETLRQLQISLEQLPQKLCEIPAAREKFLRLFNQPNAIKRAFMPMHQYGVLTAYLPQWQAIEGLMQFDLFHIYTVDEHTLRVMLKLESFLSQESAQEHPIAHRIFSQLSDRTLLYIAALFHDIAKGRGGDHAELGVEDVADFAQLHGLDRREIDTLAWLVQSHLLMSITAQRRDIHDPEVVMNFAEAVQNQVRLDYLTCLTVADICATNGNLWNSWKRSLFASLYEFTEQQFSQGMKELLDYSEKSAENRKLAQQILTQDYSDIAPISIEQLWTRCPEDYFVRNTPKQIAWHTSLLVDFVEALLVKISNRFSLGGTEVFIYCQDQPHLFNKVVSTIGAKKFSIHDAQIITTQDGYVFDSFIITELNGELVEFDRRRELEQALTVALQSEKLPALSITPNRQLQHFIVQTDVRFLHENKKEHTEMELVALDKPGLLAQVSQIFTELNLNLLNAKITTVGEKAEDFFILTNQFGQALDSQQREILRNVLYRNIG,length1,2589
3,1767086,1766048,1038,MAKRKLTQNQTRRIQSNNAKTLHRHKKKDIEWSDEMLGESQEGVVVTRYSIHADVENEQGEIYRCNLRRTLSSLVVGDKVVWRKGNEQLQGVSGVIEAIHPRENEISRPDYYDGLKPIAANIDRIIIVSAVLPTLSLNIIDRYLVVCEIAGITPLIVLNKVDLLAQEQRQEIEDQLKIYQDIGYEILMISAKSGENMEKLTALLAQGTAIFVGQSGVGKSSLINHILPSVNAQVGDVSETSGLGQHTTTSSRLYHLPQGGNLIDSPGIREFGLWHLDAEQITKGYREFQYVLGTCKFRDCKHLSDPGCALREAVEQGKISPVRYDSYHRLIESLSETKSQRHFSLV,length1,1038
3,1769309,1767584,1725,MISGILASPGIAFGKALVLKEEKIVLDTQKITDDQIDEEVARFYEGRAAAVEQLNSIRERALISLGEEKAAIFEGHLMILEDEELEEEILDYLRSNKVNAGVAASKILDQQVTMLSEIDDEYLKERAGDIRDIANRLVKNILGMHIVDLGDIQEESILVAYDLTPSETAQLNLEKVLGVVTDIGGRTSHTSIMARSLELPAIVGTNKVTKLVNTGDYLILDAINNQVYINPTASQIDELKALEAKISEEKAELAKLKDLPAITLDGHKVDIVANIGTIRDCDGAERNGAEGIGLYRTEFLFMDREQLPTEEEQFIAYKQVVEAMNGRLTVLRTMDIGGDKELSYLDLPKEMNPFLGWRAIRIALDRREILNAQLRAVLRASAFGKLAVMFPMIISVEEIRELKAVIETLKAELREEGRVFDNNIQVGVMVETPSAAVNAKFLAKEVDFFSIGTNDLTQYTLAVDRGNEFISHLYNPMHPSVLGLIKQVIDASHTEGKWTGMCGELAGDERATLLLLGMGLDEFSMSAISVPRIKKLIRNVNFQDAKALADAALQKPTAAEIDQLIEEFLLENSLN,length1,1725
3,1771259,1770740,519,MNISLDKLDAGLICFYLFNIVHLKKGEGISQDAGIPHAYLRGQNIELMACSDNVIRGGLTPKYVDIPELLKIVDCREVEPKIIPTAPQDARIFTYATPAKDFDLQNIQYECGETHHLKAQSASILLVMKGQLNLRSETTALSLKQGEVAFITANASYEVDGLIEGYAVVAKLP,length1,519
3,1771739,1771376,363,MKKFALATIFALATTSAFAGFNGNNSQGGFQQTAPAAISVKQALSAADNSMITLVGNITQQIDDDEFWFTDGTGQIKIEIKKRVWNGLNVDSKDKVKIYGKLDNEAFEKAELDVLRVEKAE,length1,363
3,1772468,1771805,663,MRILLIEDDNLIGNGLQIGLTKLGFAVDWFTDGKTGMAALTSASYDAVVLDLTLPKLDGLDVLQQWRSNHQDVPVLILTARDTLDERVKGLQSGADDYLCKPFALAEVAARLQALIRRRYGYHHSVIEQAGVKLDQNQRSVWLNNQPISLTSREYKLLELFMLNKDRVLSRSSIEEKLSSWDEEISSGALDVHIYNLRQKLGKQFIRTVHGVGYALGQVEK,length1,663
3,1778846,1777745,1101,MILIRYLIKEVFKSQIAILLILLLIFFSQQFVRVLGAAANGNVPADLVFSLLGLGMPTMAQLMLPLCLFIAILLTFGRLYAESEITVMRACGVGQRILVKVALIMSLLTAGIAAYNALWLSPWAIQKQVNMVEDAKANPTVGVLSSGQFISTNNNNVVLFIDKIKDNQIRNVYLFQMTPQKQTKPSVITAEKGELIALPNGDQVLNLKNTKRVEGTSALPDFRITHFDEYHAYLGYQSAENTNDEVAELTLSQLIDLDSSSAKAELHWRITLILAVPLMALIAVPLSRVNPRQGRFAKILPALLLYLIYFLLQSSFKSAGSAGKLEAELLMPLVNIGFFLLAVVLNSWDSEIMYKFRYLFSKKGSAK,length1,1101
3,1782383,1780115,2268,MTTSHILGFPRVGAKRELKFAQERYWRKELAEQDLLDLAKALREKNWKHQAAANADFVAVGDFTFYDHILDLQVATGAIPARFGFDSQNLTLDQYFQLARGNKDQFAIEMTKWFDTNYHYLVPEFQKSTAFKANPAHYVNQIREAKALGLNFKPVIVGPLTFLWLGKEKGEAFNRFDLLNQLVPVYVEILNALVAEGAEWIQIDEPALALDLPAEWVEAYKSVYAELSKVNAKLLLATYFGSVAEHAELLKALPVAGLHLDLVRAPEQLAAFEDYSKVLSAGVIEGRNIWRANLNKVLDVLEPLKAKLGERLWIAPSCSLLHTPFDLEVEVQLKEKNTALYSWLSFTLQKVEELNVLKQALNNGRASVQAALDASQAAADARATSKEIHRPEVAERLANLPKGADQRKSPFAERIVKQNAWLNLPLLPTTNIGSFPQTTEIRHARASFKKGELSLADYEAAMKKEIEYVVRRQEELDLDVLVHGEAERNDMVEYFGELLDGFAFTKFGWVQSYGSRCVKPPVIYGDVTRPEPMTVRWSQYAQSLTNRVMKGMLTGPVTILQWSFVRNDIPRSTVCKQIGVALSDEVLDLEAAGIKVIQIDEPAIREGLPLKRADWDAYLQWAGEAFRLSSMGVQDDTQIHTHMCYSEFNDILPAIAALDADVITIETSRSDMELLTAFADFKYPNDIGPGVYDIHSPRVPTAAEVEHLLRKALNVIPKERLWVNPDCGLKTRGWTETIDQLKVMVDVTKKLRAELA,length1,2268
3,1788344,1787462,882,MLSIIVPSYNRKAEVPALLESLTQQTSSNFEVIIVDDYSKERVVVEQRYSFPVTVIRNETNQGAAESRNIGARASKGDWLLFLDDDDRFMPEKSEKILQVIEQNPDINFIYHPAKCEMVNEGFSYVTQPIEPQEISTERILLANKIGGMPMVAIKKEMFLKIGGLSTALRSLEDYDFLLKLLQEPSFTPYKINEPLTYCTFHTKRSSVSTDTTNTQKAIDYIREHYVKTVEQARNFDINASYILAYPHIMNLSRKAAKYYFDIFKKTKSIKQFIITLVILISPKLAINLKRLGK,length1,882
3,1791791,1791104,687,MEISAINLSLSVAVSSMLWSLPLAIFVAWLLARKNFYGKSLITGVIHLPLVLPPVVIGYLLLVAMGRNGFIGKYLYQWFGLSFGFSWKGAVLSSAVVAFPLVVRAIRLSLENIDIKLEQAAQTLGASAWRVFFTITLPLSLPGVLAGLVLGFARSLGEFGATITFVSNIAGETQTIPLAMYSFIQTPAAEEQTARLCLFAIILSLISLLLSEWLSKRMQKKLGQGNVAN,length1,687
3,1799942,1799525,417,MPPLKSHNLPELKRDNTSAIYSPTTNFFSEPSTFITGITSFASNFQSQLSIFFFTGIIKIQSVGQGATQSSQPVQRSGMIVCIALFVPIMASTGQAWIHFVQPIHIFSSIKATFSIGSSIPSIVGTSTPKISAIFTIVV,length1,417
3,1816958,1815584,1374,MAKAPKTAYVCNDCGAEFSRWQGQCSACKAWNTITEVRLISTAKSKNDRFSGYAGETQAKIQTLSEISLQETPRFSSGFNELDRVLGGGIVSGSAILIGGHPGAGKSTLLLQVMCGLAKNMTALYVTGEESLQQVAMRASRLGLPNDQLKMLSETSVEQICNLADQLKPQIIVVDSIQVMHLADIQSSPGSVAQVRECASFLTRYAKTRQVAIIMVGHVTKDGTLAGPKVLEHAIDCSLLLEGEADSRYRTLRSHKNRFGAVNELGVFGMTEQGLREVKNPSAIFLSRGDEITSGSSVMVLWEGTRPLLVEIQALVDHSMLANPRRVAVGLEQNRLALLLAVLHRHGGLQMADQDVFVNVVGGVKVSETSADLALLLALISSFRNRPLPQDLVIFGEVGLAGEIRPVPSGQERISEAAKHGFKRAIVPFGNKPKSAVENMQVFTVKKLTDALAVLDNF,length1,1374
3,1831598,1829879,1719,MKKLSGAEMVVQSLRDEGVEYVFGYPGGAVLDIYDAIHTLGGIEHILVRHEQAAVHMADGYARSTGKVGCVLVTSGPGATNAITGILTAYTDSVPMVIISGQVMSNLIGSDAFQECDMLGISRPVVKHSFIVKKAEDIPSTLKKAFYIASTGRPGPVVVDIPKDTVNPNFKYPYEYPESVELRSYNPTVNGHKGQIKKALKALLVAKKPILFVGGGAITAECSKQLIQFAQRLNLPVTSSLMGLGAYPSTDKQFLGMLGMHGTLEANTAMHESDLILGIGVRFDDRTTNNLEKYCPNAKVIHIDIDPTSISKNVPVAIPIVGNAKNVLEEFLGLLNEEGLKSQTDLESWWQEINQWKAKKCLEFDRTSGVIKPQQVVEAVYRLTKGQAYVASDVGQHQMFAALHYPFDEPRHWINSGGAGTMGFGFPAALGVKLAHPEGTVVCVTGDGSIQMNIQELSTATQYGIPVVIICLNNHFLGMVKQWQDLIYSGRHSQTYMNSLPDFAKLAESYGHVGIKIATPDELESKLQEAFSIKNKLVFVDINVDESEHVYPMQIRGGAMNEMILSKPQEETN,length1,1719
3,1844984,1843739,1245,MAVLVKPLSITEINNAKPKEKDYSLSDGQGLFLLVRMNGSKIWRFQYYKPISKKRTLISLGVYPEISLKDVREIRDLYRSLLAKNIDPQDYRLQQEQKAIQERQFTLTEMGKEWLYLKKNEVDTGRLKEVTFIDIGKRLERHLFKVLGHYSISEISAPLAIEKLKPLERAGKLDTLHRIIGYLNQIMIYSVNRGVINYNATADIGRVFIRPIAENNPTIRPEQLPKLFEDLQNSTLEIETRCALELLLLTAGRAGAITQLEWENVDFENSLLNIPKEKMKGRQGKVQDFILPLSKQAVTILRLLQKLNRCNSKFVFPSKKNPRQPISKETPNKALGRIGYRNILTAHGLRSVFSTAMNEAEFNSEIIEVCLAHFEYSSVRGTYNKAKYMPQRIEYMRWWGNFVEEASDGKALMGC,length1,1245
3,1865732,1865189,543,MMILTKTRKALGVCSVITVMGLMYAQFGSELRLSPVGAEIIGNAEGCRRDPYQCPADVLTVGIGSTEYGGKKINPKHRYTDLEIAERWKNDIVIAERCVNKYGNGEMLPQSVFDSAVSITFNVGCGAVSKSTMFKYLRAKQYEKACGEFPRWVYASGKKLAGLVVRREKEKALCLADLKLP,length1,543
3,1866233,1865954,279,MLNQLKQSLRHNLVPTLVCLSLFLTACTNKITTKAEYIYPPQAYTVPCVKTAFTGETYGDVVIQLVKVTAERDKCASQVDHLNKWINQTKTAN,length1,279
3,1866977,1866506,471,MDNLYDLKLNINQIAELVGMHRQTVSQRLAGLTPAIGSNSKLKLYALSDLIKIGLAEKMTADVDSLSPVERRAFWQAENERLKYERDTGELVPSFEVAQEMGFLAKAVVQSLDTLPDILERDCALTPAQLTRVIQVIDDVKSQMSLHIQAGDNKSEE,length1,471
3,1873511,1873208,303,MSRSTLSPFDDALAQADKVITDVMMSVYVINGKKYKAVLDETPKEMDPMNGVYRTLTMFKSSGYKPKKGDKTTINGVDYVVTGFTFNSGTIMLQLEEDASY,length1,303
3,1875707,1875404,303,MLREMSVAEYFCWCKYFGKRPFTLELLDYGYGTVASAVYNVAALKQVVTAQDFSVLHTAKPNAEMTTEEMMDASIANDGVLRIGPDQQFKNQTRGRDGKIY,length1,303
3,1881704,1880981,723,MYMDNSTANEQRTSCDIRKIRLKGELGKRFGKVHKLAVKTPAEAIRALCVLKRGFKEFLLESEKHGIVYRFLVQREELTTSSDEFQMWYGAQAEFHLIPIIRGSKRGGFFQLIAGAAMIGLAFWNPLGWATIGGTGFLSSAATLPLTIGASLVLGGISQLLVPVPKVSGPQERPENKPSYLFNGAVNTTEQGQPIPLLYGELIVGSAVVSAGLTDKEIPIRTNSTSNNETRGKLKFKRVSG,length1,723
3,1882958,1881710,1248,MQIVGRKGGGKGGGGGGRAPVEAPDSLKSCSYAKFIDVISCGEIEGPVNGLNSVYFGDVQLQDEKGKFNFNNVAIEWRPGSVRQAPSEICQTNEVTTDVNTEVKKDKPITRSIIAPEADIVRVTITVPGLSHQNKSNGDINGTKVELKVEYQANGSQWIDAGNIVIEGKTTSSYNREHSFRLTGEAPWNIKVTRLTDDSDSQVLQNKTIFSKITTVFEEKLTYPGVAYVGVQIDAEQFSSIPSRGYHCRGIKLKVPSNYNPETREYSGDWDGTFIVKYSNNPVWIYFDLLTNEEYGAGEYIKEDMLDKWSMYQIAKYCDELVPDGFGGREPRFTCNVYIQTKQEAFKLLRDLTSVFRAMSYWSSGTQMLVQDSPKEPIYQFNNTNVIGGKFSRSGSNIKNSSQCCISDVERPEKVL,length1,1248
2,2320,1624,696,MGFYNSPPLKYLEKPKAPAPRTRRYNEHEIERLIFVSGYDVEHIEPPKTLQNCTGAAFLFAIETAMRAGEIASLTWNNINFEKRTAFLPITKNGHSSTVPLSVKAIAILQHLTSVKTESDLRVFQMEARQLDHNFRKLKKMEGLENANLHFHDTRRERLAEKVDVMVLAKISGHRDLSILQNTYYAPDMAEGYKTKAGYDLTPTKGLSQRNFFFFNENFIVFTTNPPIVIKL,length1,696
2,3625,3142,483,MKGGEFKHDFELLAKHMAEMKQTLSLDGKKLTVDQMLQVRDSLTKNFKFAAGVLSAESKDLLKSKTGTVWLSDDTLIKQFNSRDGQDFGLESYALFPDLFNQPDIVLQDNDRFYFIKNFEKQRILGVIKHLSKFNEIFVLSAREINIKEVEKMKGKLAVIK,length1,483
2,5089,4645,444,MRFTKTLFTTALLGASIFSFQSTAWADTLEQQFQQGSEATTRGDYQTTFKFLLPLAEQGNAEAQLMLGVMYARGIGVKQDDFEAVKWYRQAAEQGYANAQAILGFSYLLGQSGVQVNKSLAKEWFGKACDNGNQNGCEYYGKLNRGEL,length1,444
2,7420,6871,549,MKLTKTLLTTALLGASVFSFQSTAWADTLEQQFQQGLTAYEQSNYQTAFKLWLPLAEQGDANVQFNLGVMYAEGQGVKQDDFEAVKWYRKAAEQGDANAQAYLGLAYTEGRGVRQDYTEAVKWFRKAAEQGHANAQAILGFSYLLGKGVQVNKSLAKEWFGKACDNGDQGGCKYYGKLNRGER,length1,549
2,9274,8806,468,MSFLTLKGNKMIIENQKDAEFSSAFKPSQPAQASRFKRWLASMINGIVLWVMVGLGFALGDFAGVVGTIVYAGFQLYFMKTYGQTMAKRWLGLRVFNYHTNQPVEFGKYIGREIIDILLAWTSFLLIISGIVALVRDDRRSLTDLVAGTIVLKDEK,length1,468
2,11824,10972,852,MQNKIVKIGNIDVANDKPFVLFGGMNVLESRDMAMQVCESYVKVTEKLGVPYVFKASFDKANRSSIHSYRGPGMEEGLKIFQELKDTFGVKIITDVHEIYQCQPVADVVDIIQLPAFLARQTDLVEAMAKTGAVINVKKPQFLSPSQMGNIVEKIEECGNDKIILCDRGTNFGYDNLIVDMLGFSVMKKASKGSPVIFDVTHSLQCRDPFGAASSGRRAQVTELARSGLAVGIAGLFLEAHPNPNQAKCDGPSALPLSALEGFVFQMKAIDDLVKSFPELDTSI,length1,852
2,16474,15334,1140,MDAFKQQLEQLSAKNQYRSIPDLVHQGRYIMRENRKMLNMSSNDYLGLASNENLRQSFLQQYGGNFPSFTSSSSRLLTGNFPIYTDLEELVAQRFQRESALLFNSGYHANIGILPALTTTKSLILADKLVHASMIDGIRLSQCEFFRYRHNDYEHLKSLLEKNAGKFDRTFIVTESVFSMDGDVADLKQLVQLKKQFSNTYLYVDEAHAVGVYGQNGLGIAERANVIADIDLLVGTFGKALASMGAYVVCDQILKECLINQMRPLIFSTALPPFNVAWTHFIFERLPQLSKERTHLEQLSAFLRQEVEHRTQIMPSQTCIVPYILGENEATLAKAKDLQEQGYYCLPIRPPTVPKGTSRIRLSLTADMTMDEVKQFVACL,length1,1140
2,17131,16681,450,MGVWAAERALQGIRLKSATAVNGTGLPCDDSFGIPYAIFKGTLENLTENTRLKFERRICVDKASFERYQLFPARPFDEIHQELTALFAMIQQDKRTDLIHWANAWVSSRDKIFTPANQHQYWASRCAVQEIEGEHYVFSRFSHWSALWNH,length1,450
2,21874,20788,1086,MAKEKIEIVVANDDTRIEKVDQVLPPIALLEKYPASEQAAALVKQTRHEAHNIIHGKDDRLLVVIGPCSIHDPKVAIEYATRLKPLREKYKDSLEIIMRVYFEKPRTTVGWKGLINDPYLNDTYRLNDGLRIARKLLSDINDLGVPAAGEFLDMITPQYLADFMSWGAIGARTTESQVHRELASGLSCAVGFKNATNGGVKVALDAIGAAEAPHYFLSVTKFGHSAIVSTKGNEDCHIILRGGDKGPNYSAEDVEKVCADIEKTGRIPHVMVDFSHANSSKQYKKQMDVCQDVCNQIAFGSKQIFGVMVESHLVEGRQDLVDGKAQTYGQSITDACIGWEDSERLLQQLSDAVIARRKATSN,length1,1086
2,24643,24037,606,MNHLIIFAHPNSVRSFGRAIANRIEQISQENGVNVFFRDLYEMNFNPILSHEELQNANKGIIPEDIQQEHDFILQADLITLVYPLWWMGFPAILKGYLDRVLSHGFAYKTENGESVGLLKNKQMQQFITIGSNVDQYKEFGVDKSLNHCLINGLFNYCGIENVEFELFGDIHLIDDEARKAMIELAAQKTQAKLTALLKEKE,length1,606
2,34606,33388,1218,MRRTVITGFGIISSIGNNKEEVLASLKAGKSGIEVVPEFVEMNMRSHVAGTIKLNPSEHIDRKVFRFMGDAAAYAYLSMREAIEDAGLTEDQVSNDRTGLVIGAGTGSAHNQLVACDAVRGPRGVKAIGPYAVTKTMASSVSACLATPYKIRGVNYSMSSACATSAHCIGHAVELIQLGKQDIVFAGGAEELSWECATEFDAMGAVSTKYNETPEKASRAYDANRDGFVIAGGGAVVVVEELEHALARGAKIYAEIVGYGATSDGYDMVAPSGEGAERCMKQAMATVDTPIDYINVHGTSTPVGDVKELGAIKNVFGDKIPAISSTKSMTGHSLGAAGAHEAIYTLLMLDNDFIAPSINIETLDEAAEGCNIVTETKENAGLQTVMSNSFGFGGTNATLIFKRYNG,length1,1218
2,35959,35053,906,MKLLMLCREPRLYSCQRLKEAAKHQGHEMDILDPNHCFLKLSQNPPHFQIFYQENSESKPYLLFDYDAVLPRFGTTSTQMGCSVLQHFEGKGTFCLNSSQAFLNARDKWKSLQLLLKAGVPVPNSLLSGGEVQAQATIPHISSPTILKTLNGSQGIGVILAEKPQSAVSIMEAFKQTNISMLQQDFIEEAGNADIRCFVMGDQVVATMQRIGQNGEFRANCHRGGKTEKITLSDDEKQIAIRATKAIGLDVAGVDLIRSKNGLLVLEVNASPGLEMIEKTSGIDIAAEIIDYIEINAFINSR,length1,906
2,37150,36874,276,MPITFCPKINNAAMNKNTTSGFPPLIRREKLALKPIEVKNTNIIVVCRFLSKLKDVPSILCQIKRPMATIKPPTTGSGMLNVFNTLMRLTKK,length1,276
2,40288,39850,438,MRRRLLYLSQCDKVVALRRKRDRLVPISENDVRTGRRVGWQYADHRSQHPREYRLYHSEVVINHCCQDRSLEPRRYREFRLNLILDQGKLPMCLRFSHVTAKSLDIRDHVLVLLSRQQSRPPLKIIPFFLNPVSHNQLIFLVMLGH,length1,438
2,51601,50974,627,MLNLIIVHLFGLMTPGPDFFYVSRMAASNSRRNTVCGILGITLGIAFWGMLSMLGLAVLFVTIPALHGVIMLLGGSYLAYLGFLMARSKKYAQFEPHSDTEFNQQTTIKKEILKGLLVNLSNAKVVVYFSSVMSLVLVNITEMWQIILAFMVIVVETFCYFYVISLIFSRNIAKRLYSQYSRYIDNMAGIVFLFFGCALVYNGINEIIH,length1,627
2,57310,57022,288,MATITKLDIIEYLSDKYHLSKQDTKNVVENFLEEIRLSLESGQDVKLSGFGNFELRDKSSRPGRNPKTGDVVPVSARRVVTFKPGQKLRARVENTK,length1,288
2,59380,58927,453,MKKIVYIDMDNVMVDFPSGIAKLDEKTKQEYEGRYDEVEGIFSLMEPMPNAISAVHKLMKKYHIYVLSTAPWHNPSAWSDKVKWIQHYFGEEKGSALYKRLILSHHKNLNQGDYLIDDRTKNGAGKFQGEHVHFGTEQFANKRSLKNDREK,length1,453
2,62380,61537,843,MKNDLNYAVELIRKADGILITAGAGMSVDSGLPDFRSVGGFWNAYPMFKGRNINFQDIATPLAYETHQELAYWFYGHRLSQYRATSPHEGYQILKRWAESKPYGYFVFTSNVDGHFQKAEFEEGRIYEVHGTLERLQCVNNCRGLNWSASSFQPVVDNENLCLTSEKPHCPYCGGFARQNVLMFNDWSYASQYQDFKKVRLESWLKEVQNLVVIELGAGKAIPTVRRFSERTAKAKKGGFIRINLQDSGVPKMHFLSLEMKALDALKAIDRLLNPSQQAVE,length1,843
2,66778,66343,435,MIIKDPNSDRVNQEDDNLVYLHDLTSTVFDLANQKVPESFEGQSILPIMRQHQDNQRKGVLGQLAGHFVYFEQRMWRRKDYKLVFNATDVCELYNIRNDPEEMHNLFYDPQYNRIKKEMLEEIRAEMKRLNDPLENWVYRIIDEI,length1,435
2,67672,66862,810,MKTTLLKTLTPELHLVQHNDIPILYLKHAVGTAKISLQGAQLISWKPQNAKQDVLWLSEVEPFKNGNAIRGGVPICYPWFGGVKQPAHGTARIRLWQLSHYDISAHKVRLEFELFSDLNIIEAKIAMVFTDKCHLTFTHYGEESAQAALHTYFNIGDINQVEVQGLPETCFNSLNQQQENVPSPRHISENVDCVYSAENMQNQILDKSFNRTIALHHHNASQFVLWNPWHKKTSGMSETGYQTMLCLETARIHHLLEFGESLSVEISLKG,length1,810
2,68347,67942,405,MAEQAELDLVEISPNAEPPVCRIMNYGKFLYEKSKTAKEQKKKQKVVQVKEIKFRPGTDEGDYQVKLRSLIRFLEDGDKAKITVRFRGREMAHQDIGLDVLERVKNDLAEISVVESAPGKLEGRQAVMVLAPKKK,length1,405
2,72922,69289,3633,MAETIPLNPITLPLNQISLIEASAGTGKTYTIGSLYLRLLLKAGENNFSRPLNVEEILVVTFTEMATEELKKKIRERITDAINKLTAFAKTQDKSAFKNDEFLTALCDNLDIFEAIHRLKLAEQNMDLAAIYTIHGFCRRMLMQYAFHSGIHFNLELIKDQSDLLVRFANEFWREHFYPLDFESANFIATELVSPAKVLSLLKADLGKDLQVEIENKQALSVPIQIFLPQYLGGYQKALNELKAFWLESADEILAIITNELEKDYPKDQLKSLNRKKYQVKRLGDWINKINQWSNNPRDYQINTTLKDYFLQSSIEKNCEESTDKNKDKKPATPFYSPIFAELEKRVNALMTPDLLSKLTLYHYRQGLQQKLLDYKLNHQEKSFDDLLRLLCEALQDAQGDELAEMIRFQYPFAMIDEFQDTDSQQYAIFSKIYRDNPEKNTGFIMIGDPKQAIYRFRGADIFTYLKASDEAQSRFELTKNYRSEKHLVDGVNALFDFPQSPFIYQNIKFTAVDSRDDHLRFYLNGKAEPAYRFYLTESDKVNKTEMAKICAISIQHWLKSAAENQAVFQNEDTRKTLQAANIAVLVRDKNEAALVKNELQKLGIASVYLSDQNSVFDSNVAKELAWVLKACLNVAERPILNAIATALFGLNAADIHQIQQNEADWQRWADSFAQYQQTWQRQGILAMLHQILLEQGISERLLSQATGERDLTDFLHLAEILQQAATLHESESALLSWFEKQIQGEGRQEAQIRLESERQLVKIVTIHKSKGLEYDLVWLPFLAVPSKDPSKKDINIYYSKERDETLWDIENRNLNALCEETFAEELRLLYVALTRAKYQMAFALPAQFDKKWNALHYVLSQGEIGKEINLSNSKDTETLLQAFKEKMRDNVEICTKPNLEAFPALSINTKNDELKAAEFTGNIEQDWRITSFTSIEQGHRRQNYFAESAEKKHAVFDDAKDYDSQNAIEISTALLNENESNILDLPRGKQVGTALHRHFENCYFSDLANIEEIDKLRQSLQLDETFTEPLQNWLQQISHTPLSHEIGIALADLANKDCIKEMPFYLAIWEHFDVEEFNRTLKAHHHLPSEPLQFEQIQGMVRGSIDLVFRHNGKYYLIDYKSNFLGSTLADYNQEALKKEMLHSHYDWQYLIYTLALHRYLQSVVPHYDYARDFGGVFYLFLRGMNGEPQSGVFYDRPSVELITELDGVF,length1,3633
2,82324,81850,474,MQQIPMTVRGAEQLREELDFLKNVRRPEIIKAIAEAREHGDLKENAEYHAAREQQGFCEGRIQEIEGKLGNAQIIDVTKMPNNGKVIFGATVVLVNTNTDEEVTYRIVGDDEADIKSGLISVNSPIARGLIGKELDDTVNITTPGGVVEFDIIEVNYI,length1,474
2,87730,86395,1335,MANRKYFGTDGVRGKVGSYPITPDFALKLGWAAGKVLASQGSKMVLIGKDTRISGYMLESALEAGLAAAGLSAAFTGPMPTPAIAYLTRTFRAEAGIVISASHNPYYDNGIKFFSAKGTKLLDEIEEAIEAMLEQSMDCVESAELGKASRINDAAGRYIEFCKGTFPAHLGLEGYKIVVDCANGATYHIAPNVLRELGAEVIEIGTDPNGLNINEKCGATDVTALQAKVVETKADVGLAYDGDGDRIMMVDHLGNKVDGDQILFIIAREALRSGQLKGGVVGTLMSNMSLEIALKMLGVPFLRANVGDRYVLEKMVENDWTLGGENSGHIIIADKNTTGDGIVASLAVLAAMAQHKLSLNELASAVKLFPQVLINVRFAGGDNPLESDAVKSVAAEVEKRLESKGRILLRKSGTEPLIRVMVECQDASLAQQCAEEIAEAVKKIN,length1,1335
2,92401,91858,543,MNVISDLELQQIRTQMLTFAQLQVNQADLAEDLVQEAFLSAFKNLDNFKHQSAFKTWIFAILKNKIIDYLRQKGRFVLESELEDEDTNNSFFDEKGYWKPEHYPSELQGEEETVYSDEFWLIFETCLTCLPAKQAKIFMMREFLDLSSEEICQETHLTSSNLHTTLYRARLQLQNCLSKKL,length1,543
2,94777,93718,1059,MKLSKTFLFITALCCAAPTLAIQNSTSSSGEQKMVMENTQNIREIYLAGGCFWGMEAYMERIHGVKDAISGYANGNTGKTSYHMIGLTDHAETVKVTYDANQISLDKLLKYYFKVIDPTSVNKQGNDRGRQYRTGIYYQDGADKAVIEQALAQLQTKYKKPVQIEVQPIKNYIVAEEYHQDYLKKNPNGYCHIDITKADEPVIDEKDYPKPSDAELKAKLTPLQYSVTQNKHTERSFSNEYWDNFQPGIYVDVTTGEPVFSSNDKFESGCGWPSFTKPIIKDVVHYETDNSFNMQRTEVLSRAGNAHLGHVFDDGPKDKGGLRYCINSASIKFIPLAEMEKAGYGYLIQSIKK,length1,1059
2,109708,108253,1455,MKFIVKLFPEIMIKSETVRKRFAKILTSNIRNILQKYDEETAVVRHWDYIEVRSKNEENREELIALLQRIPGIHHFLEVEEKPFTDLHHIFELTLADVAQQLQGKTFCVRVKRKGKHKFSSIEAERYIGGGLNQHIESAKVRLKNPDVTVRIDIEDDKMMLVKTRHAGIGGYPIGTQEDVLSLISGGFDSGVSSYMLIRRGSRVHYCFFNLGGAAHEIGVKQMAYHIWQRYSASHKVRFITINFEGVVGEILEKVDNGQMGVVLKRMMVRAASKVAQRFNIEAIVTGEALGQVSSQTLTNLRLIDEAADALVLRPLITHDKEQIIAMAKEIGTDDIAKSMPEFCGVISKNPTIKAVREKILEEEGHFNFEILESSVQNAKYLDIRQIAEETEKEVVEVEAISVLGENEVILDIRSPEETDEKPFESGTHDVIQMPFYKLSSQFGSLDQSKNYVLYCERGVMSKLQALYLKENGFSNVRVFAKNIH,length1,1455
2,131515,130876,639,MANSITQNQINTLPPERTQRAEETINWLFQELKSIFPGWRAAFETEADYLSAKKTWLRVLVREKITRPQLENGICEAEKSLDKFLPSVGLFVYWCKAYDYHALGLPNEAELYQRYNTFLGYARFNRDEFQYRSKVEFWLLKNLYEKCKKKSEEDTLKAIPKLLTKAAEKVRSNFPFEDIPKMIPEKPSFYDKAKADKARDSLMAMMKGKGALQ,length1,639
2,135937,135154,783,MFDSATNTIPKGNKSAGFLTSFELSNARFIGGFHQKEIKMTTQIQFSIFNFKNSPVRTITDPNSEIWFCGTDVCDILGYVNAPDAMKKHCKEAGIAKRYISYPSGRKEAIFINEPNLYRLIIKSRKPEAEPFEAWVFEEVLPQIRKTGKYQLQPQQLALPEPEKKFSFEFTEYELQQLVWLWFAFMRGIVTFQHIEKAFRVLGSNMSSQIYGQAYEYLSVLRSTNQILNRITSDFDIDQMTNWRVLKHLRGFNPKAVKIDF,length1,783
2,136630,136276,354,MPIKEPDVWALIWSWLQTNLSSSSAQSAFWALFISLLRFGFMRKKPAIRYVLIDAAMCASIAGVAVPICTHLFGHTEYSSFLGTMIGFVGTEKIREFLFKFINRRIEKDDNDDFRSDI,length1,354
2,137710,137431,279,MLNQLKQSLRLNLVLTLVCLSLFLTACTNKITTKPEYIYPPQAYTAPCVKTAFTGETYGDVVIQLVKVTAERDKCASQVDHLNKWINQAKGGK,length1,279
2,138547,138037,510,MSDVKGKSTSGRGLTPKQEKFCQLYIELGNASEAYRQSYDCQDMKSESINRLAKKELDKIKIRSRVDVLQQEHRQRHNLTLDNIIADLQEYRDICMGRKPLTITTVVKNAQEGTAQSVNTECFVFEPTGANKALELLGKHLGMFTNKVDVTTDGKPLPTVINVTFSDEPA,length1,510
2,141826,141115,711,MLMNLPEILKSQKTRKMRKFKPVKMSKRTELWYRQQLKQFVKTMTDDVERAMQQPQGSFFMDDAKGFQAISAKALMKVLEKYEKSDRTSQAENIANGFVGRGDAQNHAEVSTNLKNQTGIDLSAYLRNSPNIAERVNALTAGNIQLIKSIRSQYLDKVQNTVMQAMVRGSLNKDLAAQVKDLGKTTEKRAMFIARDQSSKLNAALTQARHEEVGIKKYMWSTSGDERVRESHAEKDG,length1,711
2,142423,141988,435,MDLDELFESSIGGGGNKSFSNFGGVNSELITLAKESIGLDITDWQHSIDESSIRHILKQHGNEKAENKRGQRAVTKKDILLLPLVVSAFDSIEYTGTSDSGNETFLIKKEIDDEIFSVQEVRKRHKKIAVKTMWIKRKKKATSSA,length1,435
2,143923,142906,1017,MYQLFRHGIFQMDAEKAHDFTIQCLKLAGNPLFQPILKSLIHAPKGFPKTVMGVNFPNPIGLAAGADKNGDAIEGFGALGFGFLELGTVTPVAQDGNAKPRQFRLIEAEGIINRNGFNNNGIDYLIENVKNARYKGVIGINIGKNKFTPLEQGKDDYIFCLNKAYNYAGYITVNISSPNTPDLRQLQYGDYFDDLLRSIKDRQTILANQYNKYVPIAVKIAPDLTESELVQIADTLVRHKMDGVIATNTTISRDTVMGMKNAEQQGGLSGKPLQHKSTEIIKRLHQELKGQIPIIGSGGIDGLQNAQEKIEAGAELLQVYSGLIYHGPKLVKELVKNIK,length1,1017
2,149134,148702,432,MAKTAQFYILTENCTLTVEEIACNLAASIWRSGKKVLISCESESQALEIDELLWQRDPNEFVPHNLSGEATQYPTPIEISWLGKRNLQHRDLLINLQQEIPDFSHSFTQIIDFVPKDDALKTQARERYKQLRLQGWNLSTENVG,length1,432
2,149776,149491,285,MQINPQNPRLADIDAGRKAIGLFRFAIKLHIDFSMESTLSGNSIIQRIKNAKENGFYVHLNYIGINRIEINLARIKARVKSGGHFIAEDIVKYRY,length1,285
2,150757,150358,399,MNFSYILEQLKSFTIEDVILKICYFVISIIVGKVSRQCWKLIRIYVNECRTIRELSESDKEFIQNNNFEFEVDKENEYQNLEELKRKGLVNIEFCEDELQDASGIYLCTVTNKNRLKISLTKFGKQIKYLIEK,length1,399
2,153673,150811,2862,MTQKFEMADRFNPSAVEQALYQHWEESGYFKPSENENAPSYCIAIPPPNVTGSLHMGHAFQQTLMDTLIRFNRMEGHNTLWQAGTDHAGIATQMVVERKIAAEEGKTRHDYGREAFINKIWDWKAYSGGTISQQMRRLGNSIDWERERFTMDDGLSNAVKEVFVRLHEEGLIYRGKRLVNWDPKLHTAISDLEVENKESKGSLWHFRYPLANGAKTADGKDYLVVATTRPETMLGDTAVAVHPEDERYQSLIGKTVVLPLANREIPIIADEYVDREFGTGVVKITPAHDFNDYEVGKRHNLPMVNVLTLNANIRDEAEIIGTDGKPLAGYEATIPADYRGLERFAARKKIVADFEALGLLDEIKPHDLKVPYGDRGGVPIEPMLTDQWYVSVKPLADVAIKAVEDGEIQFVPKQYENLYFSWMRDIQDWCISRQLWWGHRIPAWYDAEGNVYVARNEEEVRSKYNLDSAVELKQDEDVLDTWFSSGLWTFSTLGWPEQTKELKMFHPTDVLITGFDIIFFWVARMIMFTMHFVKDENGKPQVPFKTVYVTGLIRDEQGQKMSKSKGNVLDPIDMIDGISLEDLLEKRTGNMMQPQLAEKIAKATRKEFAEGIAAHGTDALRFTLAALASNGRDINWDMKRLEGYRNFCNKLWNASRFVLTNDKLDLSQGEIEFSLADRWIQSEFNRTVETFRSSLSQYRFDLCANAIYEFTWNQFCDWYLELTKPVFANGNAAQIRAASQTLVHVLEKLLRLAHPLIPFITEEIWQKVKGFVGITADSIMLQPFPQVEENGFDLEAEAEIEWLKEVIVAVRNIRAESNIAPSKGLDLLFRNLNAENAKILEKQTALLKAMAKLDNVQMLAANETAPLAVAKLVGNAELLVPMAGFINKEAELARLTKEIEKYQNEVKRIENKLSNEAFVAKAPEAVIAKEREKQAEYQSGLEKIQEQYKAIEAL,length1,2862
2,164674,163828,846,MKTNQNLRFYWRKTHNKLMLGLSYISVIIGLFWLCWILFTLITKGIPALSIDLFTQSTPAPNEKGGLLNALIGSFFIVGAGTLIGTPIGVLAGTYLAEYGRYSRFAQITRFLNDILLSAPSIIIGLFVYSLYVSKIEHFSGWAGAFALALLLIPIVVRTTDNMLLLVPNNLREAAAALGCSQWQVIMMICYRAAKSGILTGVLLAVARISGETAPLLFTALSNQFLSWNMNEPIANLPVVIYQYAASPFTDWNNLAWAGAALITLFVLCLNIFTRLFFQHKK,length1,846
2,165451,164686,765,MISLQETKIAVQNLNFYYEDFHALKNINLRIAKNKVTAFIGPSGCGKSTLLRSFNRMFELYPNQKATGEINLDGENLLTTKMDISLIRAKVGMVFQKPTPFPMSIYDNIAFGVRLFEKLSKEKMNERVEWALTKAALWNEVKDKLHKSGDSLSGGQQQRLCIARGIAIKPSVLLLDEPCSALDPISTMKIEELITELKQDYTVVIVTHNMQQATRCSDYTAFMYLGELVEFGQTQQIFDRPKIQRTEDYIRGKMG,length1,765
2,166243,165550,693,MTRKILIVEDECAIREMIALFLSQKYYDVIEASDFKTAINKIKENPKLILLDWMLPGRSGIQFIQYIKKQESYAAIPIIMLTAKSTEEDCIACLNAGADDYITKPFSPQILLARIEAVWRRIYEQQSQFIQIDELSIDENAQRVFFQQQEINLSSTEFKLLHFFMRHPEKVYSREQLLNRIWHNDLEVEYRTVDSYIRRLRRNLAPFQCEHYIQTVRGSGYRFSSYLRDKQ,length1,693
2,181558,181231,327,MLNINGIEVETDKDGYLLNSQQWNEDVARSIAQLESIELTDAHWEVIYFVRDFYQEYNTSPAIRMLVKAMAEKLGADKGNSRYLQRLFPEGPAKQATKLAGLPKPAKCL,length1,327
2,201262,200968,294,MLHTNLRANHERVPLLHATSYLNLWLILPPPNRAKQNVCSCRRSRCNRHRDKDCLRDRISAVRQSNRSRHHYILHNATPRAQRSCQIRQPLEYSECLL,length1,294
2,214999,213487,1512,MFGFDPSLITFTIYIFGMLLIGVLAYYYTNNLSDYILGGRRLGSFVTAMSAGASDMSGWLLMGLPGAVYLSGLVEGWIAIGLTIGAYFNWLLVAGRLRVYTELNNNALTLPEYFHNRFGSSHKLLKLVSATIILVFFTIYCASGVVAGAKLFQNIFSVEYSTALWYGAAATIAYTFIGGFLAVSWTDTIQATLMIFALILTPVFVLLSFADTAQFSAVLEQAEAAVNKDFTDLFTSTTPLGLLSLAAWGLGYFGQPHILARFMAADSVKSLIKARRISMGWMVLCLAGAIGIGLFAIPYFFANPAIAGTVNNEPEQVFIELAKLLFNPWIAGILLSAILAAVMSTLSAQLLISSSSITEDFYKGFIRPKASEKELVWLGRIMVLVIAALAIWIAQDENSKVLKLVEFAWAGFGSAFGPVVLFSLFWKRMTSSGAMAGMLVGAVTVFAWKEVVPADTDWFKVYEMIPGFAFASLAIIVISLLSNKPEQDILNTFDKAEKAYKEAK,length1,1512
2,221707,220849,858,MKIINNKFQKITVAIIFSWLIFFVLIPNLLVLAVSFLTRDGSNFYAFPITIENYTNLFNPLYAQVVWNSLSMSGIATIICLLIGYPFAFMMSKIHPKYRPLLLFLVVLPFWTNSLIRIYGMKVFLGVKGILNTMLIDMGILSAPIRILNTEIAVIIGLVYLLLPFMILPLYSAIEKLDNRLLEAARDLGANTFQRFFRVILPLTMPGIIAGCLLVLLPAMGMFYVADLLGGAKVLLVGNVIKSEFLISRNWAFGSAVSIGLTVLMALLIFVYYRANKLLNKKVELE,length1,858
2,223690,222610,1080,MKKFAGLITASFVAATLTACNDKDAKQETAKATAAANDTVYLYTWTEYVPDGLLDEFTKETGIKVIVSSLESNETMYAKLKTQGESGGYDVIAPSNYFVSKMAREGMLKELDHSKLPVLKELDPDWLNKPYDKGNKYSLPQLLGAPGIAFNTNTYKGEEFTSWADLWKPEFANKVQLLDDAREVFNIALLKIGQDPNTQDPAIIKQAYEELLKLRPNVLSFNSDNPANSFISGEVEVGQLWNGSVRIAKKEKAPLNMVFPKEGPVLWVDTLAIPATAKNPEGAHKLINYMLGKKTAEKLTLAIGYPTSNIEAKKALPKEITEDPAIYPSADILKNSHWQDDVGDAIQFYEQYYQELKAAK,length1,1080
2,225346,225049,297,MRVAILRIKERSWEINTILPWKSSKKFSSHSIASTSKWLVGSSSNNTSGSHTNARASAALRNQPPESADNFVFGFKPSFNNTSLILFSNRQPSACSNLA,length1,297
2,231373,230590,783,MYLIETYFRLTALENNIESQSRLLNAVIDQWRYNGQIIGREIPLYLAEEDGAQGFAMRVICPEQDSLFPQNNNAEVNRALQEAEKCGVIFDGFQLVGDDFNSDQTAENTSPAWQVLYTTHLQSCSPIHSGENLAPIPLYKQLKNQPHLSQDLIKWQENWQACDQLQMNGAVLEQQSLAEISDHQSTLSKHGRYLAQEIEKETGIPTYYYLYRVGGQSLKSEKSRCCPSCGANWALKNAIFDTFHFKCDTCRLVSNLSWNFL,length1,783
2,232339,231502,837,MNYQDNSLKSLKLGQKTEYASQYDRTLLQPVPRALNRDGLGITQNQPFTIGADIWTAYEISWLNEKGLPQVAIADIYLDYQSQNLIESKSFKLYLNSFNQSKFADFNAVQQTMQRDLIECAQGDVKVRLNPVAVYDAQKIEHLQGDCIDEQDIEITSYEFNANWLKDCVSDEIVEEKLVSHLLKSNCLITNQPDWGTLHIHYVGKKINHEKLLRYVVSFRQHNEFHEQCVERIFCDLMHYAKPEKLTVYARYTRRGGLDINPFRSNFENLPENLRLARQ,length1,837
2,239155,238099,1056,MVNSMDRTTDYLERLFIEELNSEGEIIISGNSFFRHEILYTLDPEAYKDVFEFWKTERKQRNLNEANRILDITSDNRNRFIRLKELFKEKKIIPFIGAGMSMSTGLPSWSEFLRSVQQETRTDRFYFEDLLSQGEFEEAAQYLDDCSPSHLQEQLDNIFGRKYLFNEINGVICLLPKFFNNTPIITTNYDNILSTVYQKCDYPFSDELNGLYLEDLYNKLLDKQNFLLKIHGTFDKPQNRILTKNDYDKHYNDQTSKLKNCVESLFSSSLLFIGCSLTIDRLIKALAEIVQEKGSENLPRHYAFLFSDPKKDVNRINKKEELAKSNIFPIWYDGDHDESIEALLELLNDGEQ,length1,1056
2,276802,276532,270,MRQSVIWLHSKIYVSVKALISTNFGLKAVMQSFIISSVKISFISTVYSGLQCLKAAAIVNRLMCSLMAMSRWMGRRCQNLAAHSFKPALI,length1,270
2,292273,290884,1389,MKKTRFVLNSIALGLSVLSTSFVAQATLPSFVSEQNSLAPMLEKVQPAVVTLSVEGKAKGASRSPFLDDIPEEFKFFFGDRFAEQFGGRRESKRNFRGLGSGVIINASKGYVLTNNHVIDGADKITVQLQDGREFKAKLVGKDEQSDIALVQLEKPSNLTEIKFADSDKLRVGDFTVAIGNPFGLGQTVTSGIVSALGRSTGSDSGTYENYIQTDAAVNRGNSGGALVNLNGELIGINTAIISPSGGNAGIAFAIPSNQASNLVQQILEFGQVRRGLLGIKGGELNADLAKAFNVSAQQGAFVSEVLPKSAAEKAGLKAGDIITAMNGQKISSFAEMRAKIATTGAGKEISLTYLRDGKSHGVKVKLQADDGSQLSSKTELPALDGATLKDYDAKGVQGIEITKIQPNSLAAQRGLKAGDIIIGINRQMIENIRELNKVLENEPSAVALNILRGNSNFYLLVQ,length1,1389
2,301681,301138,543,MQSTPIIENNQLTGFSMKWTLDEPSSSAIIYDMKQARTKAEKQKLLDDVMGNIVSEHYFSYLYDKQNNKIKYSPRPKNYGINVQNLQLQYYFDVPLSHSQKLEKNTFSLQTYDSTYYVAMTYASKSAVDFSALPKNCQGKLIEPNVDEKIQAYASSLDKSQKNEDDSLGVMFAQKIIIQCE,length1,543
2,310576,309958,618,MNPFQKIKSAVNKCQRFFINRTLQRKLTNQGMTVIAANCMGAFILHDLHQPFNSPFVNLYLSPQDFLRYLQNMDFYRTQPLTFVQTEKSYPVGKLADLEIHFMHYHSEQEANEKWQLRTPRMKLDNLFIMMTDRDGVTEKDIQLFDQLPFKNKVIFTHKPYPAFKSAYYIKGFEKQNQVGDIFEFSGWNGKKYYDQFDYVKWFNQS,length1,618
2,312568,311374,1194,MNQQKSTFIFILTLGILSMLPPFGVDMYLPSFLEIAKDLGVSPEQVQHTLTSFAYGMAFGQLFWGPFGDSFGRKPIILLGVIVGALTALVLTEINSVGNFTALRFVQGFFGAAPVVLSGALLRDLFSKDQLSKVMSTITLVFMLAPLVAPIIGGYIVKFFHWHAIFYVISLVGLLAAALVFFIIPETHKKENRIPLRLNIIARNFLLLWKQKEVLGYMFAASFSFGGLFAFVTAGSIVYIGIYGVPVDQFGYFFMMNIVTMIFASFLNSRFVTKVGAETMLRIALAIQFLSGMWLILTALLDLGFWPMAIGVAFFVGPNPVISSNAMASALEKCPQMAGTTNSLIGSVRFAVGAIMGSLVASMKMDTAAPMLFTMGACVVISVLAYYFLTSRNLKSRG,length1,1194
2,325696,324001,1695,MSKQIQIPDIGSDEVTVTEVMVNVGDTISVDQSIINVEGDKASMEVPAPEAGVVKEILVKVGDKVSTGTPMLVLEAAGAAPAADEPTAPVADAPTAPVVATAPTASAIVEVNVPDIGGDEVNVTEIMVAVGDTITEEQSLITVEGDKASMEVPAPFGGVVKEILVKSGDKVSTGSLIMRFEVLGAAPAASASASTSAPQTAAPATTAQAPQAAAPATTAQAPQAAAPDTTAQAAQSNNNVSGLSQEQVEASTGYAHATPVIRRLAREFGVNLDKVKGTGRKGRIVKEDIEAYVKTAVKAYESGATAQATGNGVANGAGLGLLPWPKVDFSKFGEIEEVELSRINKISGANLHRNWVIIPHVTHFDKADITDLEAFRKEQNALAEKQKLGVKITPVVFIMKAVAKALEAYPRFNSSITEDAQRLILKKYINIGVAVDTPNGLVVPVFKNVNKKGIIELSRELMEVSKKAREGKLTASDMQGGCFTISSLGGIGTTHFAPIVNAPEVAILGVSKSSMEPVWNGKEFAPRLILPMSLSFDHRVIDGADGARFISYLGSVLADLRRLVM,length1,1695
2,332128,330886,1242,MTNQTSSFPSENQSKLKQSFVGLQMLFVAFGALVLVPLITGLDSNTALLTAGVGTLLFQFCTGKQVPIFLASSFAFIAPIQYGVQTWGIATTMGGLAFTGLVYFALSTLVKLRGAEALQRFFPPVVVGPVIIIIGMGLAPIAVDMSLGKNSNYAYNDAVLVSMVTLLTTLSVAVFAKGLMKLIPIMFGITVGYILCLFLGLINFQPVIDAPWFSLPKLTTPEFNLEAILYMLPIAIAPAVEHVGGIMAISSVTGKDFLKKPGLHRTLLGDGVATAAASLVGGPPNTTYAEVTGAVMLTRNFNPNIMTWAAVWAIAISFCGKVGAFLSTIPTIVMGGIMMLVFGSIAVVGISTLIRGKVDVTEARNLCIISVVMTFGIGNMFVDVGNVSLKGISLCAIVAIILNLVLPKAKNEVE,length1,1242
2,348283,346558,1725,MSILLQGERFKKRLMPILLSMALAGCSNLLGSNFTQTLQKDANASSEFYINKLGQTQELEDQQTYKLLAARVLIRENKVEQSAALLRELGELNDAQKLDRALIEARISAAKNANEVAQNQLRALDLNKLSPSQKSRYYETLAIVAENRKDMIEAVKARIEMDKNLTDVQRRQDNIDKTWALLRSANTGVINNASDEGNAALGGWLTLIKAYNDYIRQPVQLSQALQSWKNAYPNHAAATLFPKELLTLLNFQQTNVSQIGLLLPLSGDGQILGTTIQSGFNDAKGNSTIPVQVFDTSMNSVQDIIAQAKQAGIKTLVGPLLKQNLDVILADPAQIQGMDVLALNATPHSRAIPQLCYYGLSPEDEAESAANKMWNDGVRNPLVAMPQNDLGQRVGNAFNVRWQQLAGTDANIRYYNLPADVTYFVQENNSNTTALYAVASPTELAEMKGYLTNIVPNLAIYASSRASASATNTNTDFIAQMNGVQFSDIPFFKDTNSPQYQKLAKSTGGEYQLMRLYAMGADAWLLINQFNELRQVPGYRLSGLTGILSADTNCNVERDMTWYQYQDGAIVPVAN,length1,1725
2,352402,350134,2268,MNKSLMVTKRDGTQEQINLDKIHRVITWAAEGLDNVSVSQVELRSHIQFYEGIRTSDIHETIIKAAADLISKDSPDYQYLAARLAIFHLRKKAYGHFDPPRLYDHVKKLVRMEKYDQALLDDYTREEWDAMDGFIDHWRDMTFSYAAVKQLEGKYLVQNRVTGEIYESAQFLYLLVSASLFSKYPKETRLDYVKRFYDATSTFKISLPTPIMAGVRTPTRQFSSCVLIECDDSLDSINATASAIVKYVSQRAGIGINAGAIRALGSEIRGGEAFHTGCIPFYKYFQTAVKSCSQGGVRGGAATLYYPIWHLEAENLLVLKNNRGVEDNRVRHMDYGVQLNKLMYQRLIKGGEITLFSPSDVPGLYEAFFADQDKFEELYVKYEQDPTIRKRTVKAVEIFSLLMQERASTGRIYIQNVDHCNTHSPFDPQVAPVRQSNLCLEIALPTKPLQHINDENGEIALCTLSAFNLGKIENLDELEELADLAVRSLDALLDYQDYPVVAAKRSSLARRSLGIGVINYAYYLAKNGVRYSDGSANDLTHRTFEAIQYYLLKASMNLAKEQGACEYFNETTYAKGILPIDTYKKDLDALTQEPLHYDWESLRKDIQEFGLRNSTLTALMPSETSSQISNATNGIEPPRGHVSIKASKDGILKQVVPEYENLMDNYELLWDIPSNDGYLHLVGIMQKFVDQAISANTNYDPKRFEDGKVPMKVLLKDLLTAYKYGLKTLYYQNTRDGAEDVQEDLDDGCAGGACKI,length1,2268
2,381301,379666,1635,MKNIKSRLKLSAISVLLGLASSSLYAEEAFLVKGFQLSGALETLSEDAQLSVAKSLSKYQGSQTLTNLKTAQLELQAVLDKIEPNKFDVILPQQTITDGNIMFELVSKSAAESQVFYKASQGYSEENIARSLPSLKQGKVYEDGRQWFDLREFNMAKENPLKVTRVHYELNPKNKTSNLIIAGFSPFGKTRSFISYDNFGAREFNYQRVSLGFVNANLTGHDDVLNLNALTNVKAPSKSYAVGVGYTYPFYSKHQSLSLYTSMSYADSDDIDGLPSAINRKLSKGQSISANLKWSYYLPTFNLGMEDQFKINLGYNYRHINQTSELNRLGATKKKFAVSGISAGIDGRIQFTPKTIFNIDLTHHYYASKLPGSFGMERIGETFNRSYHISTASLGLSQEFAQGWHFSSQLSGQFTLQDISSIDLFSVTGVYGVRGFKYGGVSGERGLVWRNELSMPKYTRFQISPYAFYDVGQFRYNSENAKTYGEDMHTVSSAGLGIKTSPTQNLNLDAFVARRLANANNDNLNGNKKRTSSPTTFWGRLTFSF,length1,1635
2,383470,381427,2043,MLKNNLYDKLKYTPCHVPWRYRGFRYKGFNNMTKENLQNAPQNTTVSLVESNNNQTSPQMLQQSPKPNLLRLEQYVAEKDYELACRELMAILEKMDANFGGVHDIEFDAPAQLAYLPEKLLIYFATRLANAITTLFSDPELAISEEGALKMISLQRWLTLIFASSPYVNADHILNKYNINPDSEGGFHLATDNSSIAKFCIFYLPESNVNMSLDALWAGNQQLCASLCFALQSSRFIGTASAFHKRAVVLQWFPKKLAEIANLDELPANILHDVYMHCSYDLAKNKHDVKRPLNELVRKHILTQGWQDRYLYTLGKKDGKPVMMVLLEHFNSGHSIYRTHSTSMIAAREKFYLVGLGHEGVDNIGREVFDEFFEISSNNIMERLFFIRKQCETFQPAVFYMPSIGMDITTIFVSNTRLAPIQAVALGHPATTHSEFIDYVIVEDDYVGSEDCFSETLLRLPKDALPYVPSALAPQKVDYVLRENPEVVNIGIAATTMKLNPEFLLTLQEIRDKAKVKIHFHFALGQSTGLTHPYVKWFIESYLGDDATAHPHAPYHDYLAILRDCDMLLNPFPFGNTNGIIDMVTLGLIGVCKTGDEVHEHIDEGLFKRLGLPEWLIADTRETYIECALRLAENHQERLELRRYIIENNGLQKLFTGDPRPLGKILLKKTNEWKRKHLSKK,length1,2043
2,385792,385483,309,MCICRNQYRFSPANVKSRFSTNLQVIITSPLLRSMLYRCNGSTKSSNVCRKKKLPNGRLIYSPNPKNKPSNCKKVSRFSFYLCVTPLHLSFLISSPLPPNSSH,length1,309
2,391387,390778,609,MKKIYKALISSLLLSTSINVAYAETQYVTENLSTFLRRGAGEQFKIAGSIQAGEAVNVLERQGKYTLIRDNKNREAWILNSDLSSTPSSKEENPKLKAQVQELTLKLSRLDGDWQQRTVEMQRRTKQAEQQSADLLEQNSQLKRELEMTKNKNRDLEAILDAGKREIAIQWFIYGGSVLGVGLLFGLLIPYVLPKRRRRDGWA,length1,609
2,392644,391396,1248,MKIYLVGGAVRDQLLGLPVKDRDWIVVGADHATLLSLGYQQVGKDFPVFLNPKTKEEYALARTERKSSAGYTGFICDFSPTITLEQDLIRRDLTINAMAQSEDGEIIDPYGGKQDLENRILRHISPAFSEDPLRVLRVARFAARYHSLGFKIASETLALMTELALSGELQHLTAERVWLETEKALNEKNPEIYFETLHKTGALSVLFSEIDALHGVPNPVKHHPEVDSFIHTMLVLKQAVNLTENNPILNKSAVRFAAICHDLGKALTPQNILPHHYGHEQAGIKPTRSLCKRLKVPSYFQELAELTCEFHTHIHKAFELRAETVITLFNRFDVWRKPQRFQEFLQVCLADTRGRTGFETKDYPQIDYINQLLHSANEVDVQQVIADGFEKQAIKNELTKRRILAVKQTKTNYPTN,length1,1248
2,403444,402952,492,MSKTAQIAVVMGSKSDWATMQEATQILDELKVPYHVEIVSAHRTPDKLFEFAENAQKNGYKVIIAGAGGAAHLPGMIAAKTLVPVLGVPVKSSMLSGVDSLYSIVQMPKGIPVGTLAIGPAGAANAGLLAAQILASWDAELLSRLQSFRESQTSNVLDNPDPRT,length1,492
2,404602,403516,1086,MQNSTLYPTVYVLGNGQLGRMLGYAGAPLDIYVEPLAFNAPVFDLPENAIITAEIERWEKTPLTELLGNHKNFVNQHVFGLLADRFAQKSLLDELNLSTSPWCLLKDKTQWNDVFQTVGEKVVVKRRTGGYDGRGQWIISDENKADITDDLFGEVIAEKFIPFDYEVSIVGARFKNGEKRFYPVTHNLQQNGILRYSVIDNAFPQQSAQQKQAETMLGKIMDKLGYVGVMAMECFVVGDKLLINELAPRVHNSGHWTQLGCAISQFELHLRTLLDLPTPDLQIFAPSVMVNLIGTNHNPKWLNIPFAQLHWYGKEVRAGRKVGHINLSHPNKAVIIQQLEKLRIELPEDYQSGLNWAIEKLK,length1,1086
2,408514,408187,327,MHLGGLFFQLKRDQKHLSGKLLNKFQLLGSYQNNRICQKVFAHHIGQTHKARGHKHSGDSKPQKVRLKKQIFSSQIHIIARQKLAYIPQFDDRNLHYLLLFPQTLPILC,length1,327
2,409597,409141,456,MIKYEVTLESSHFLRKLMKIGALAKALGCTVETIRYYEQQGLIPPPKRTLGNFRQYNEEHLQRLSFICNCRNLDISLSEIKSLLNLENASKQQAEEINRVLDKHIKEVATRIHELAHLRMKLIELREKTVSNDEDPMKLLLQHSGVKFVRLK,length1,456
2,414151,413788,363,MPHLSVAKFGGTSVANYNAMTACAKIVIADPNTRVVVLSASAGVTNLLVALVNGVKATEREKLIGNDLHITSGVAKRIFDTVQSYNVRMISYGASTNNVCMLVQSEHSDEIVRSLHKSLFE,length1,363
2,417835,416827,1008,MATIKDVAKMAGVSTTTVSHVINKTRFVAKDTEEAVLSAIKQLNYSPSAVARSLKVNTTKSIGMIVTTSEAPYFAEIIHSVEEHCYRQGYSLFLCNTQNDPEKVKNHLEMLAKKRVDGLLVMCSEYTQDSLDLLSSFSTIPMVVMDWGPNANTDVIDDHSFDGGYLATKHLIECGHKKIGIICGELNKTTARTRYEGFEKAMEEAKLTINPSWVLEGAFEPEDGYECMNRLLTQEELPTALFCCNDVMALGAISALTEKGLRVPEDISIIGYDDIHASRFYAPPLTTIHQSKLRLGRQAVNILLERISHKDESVQQYGRIDIAPELIIRKSVKSIL,length1,1008
2,420658,418021,2637,MTQEYSTLRNNISMLGRFLGETINDAQGEDILELIENIRKLSRNSRAGDDKARQALLDTLGSISNENIIPVARAFSQFLNLTNIAEQYQTISREHSLAQSSSQSLSELFKRLKEQNASVEEVHKTVEKLLIELVLTAHPTETTRRSLIHKHIEINKCLSKLEHHDLTEKERNIIERLLLRLIAEAWHTNEIRTVRPTPFDEAKWGFAMLENSLWQAVPEFLRQLNETAREFLGYDLPVGLKPVRISSWMGGDRDGNPFVTAQITKKVLYFARWKAADLFLQDISKLADELSMMKCSDEFRDKYGEHLEPYRFVVKNLRNQLTATLAYFDDHLSNRTPRVSESEIILEDNQLWEPLYDCYQSLIQCGMRIIANGSLLDILHRISCFGVTLSQMDIRQESTRHTDAIAEITRYIGLGDYSQWMEDDKQAFLIRELSSRRPLIPQNWTPSPETKEILDTCKVIAQQKQGVIACYVISMARSASDVLAVHLLLKEAGVPYHIPVVPLFETLEDLDAAEKVMTQLFNVGWYRGVINNRQMVMIGYSDSAKDAGMMAASWAQYRAQEALVNLTEKLGIELTLFHGRGGTIGRGGAPAHAALLSQPPRSLKNGLRVTEQGEMIRFKLGLPAVAVETFDLYASAILEANLLPPPEPKPEWRTIMDELSTISCDIYRGVVRGDKDFVPYFRSATPEQELSKLPLGSRPAKRNPNGGVESLRAIPWIFAWMQNRLMLPAWLGAGAAIRQVIEQGKGDIIHKMCENWPFFSTRIGMLEMVFSKSDTWLSQQYDQRLVKKELWYLGENLRKQLEDDIQTVLSLSHQSELMSDLPWIADSIALRNIYTDPLNLLQVELLHRFRENPEQVNPDVEQALMITITGIAAGMRNTG,length1,2637
2,424837,423874,963,MLWSVLRHILWVALLLLVLSLLGFVILLRDPLNANLVTQNIYIGYFHYLGTLLQGDFGITYNGGKSLMNLILTVLPPTLELCFITLFLAFIFGLPLGIISAVNSEQVFAKSLQILSYVGLSIPIFWLAPILLYVAALSHWEIAAIGQYNLLYEIKSITGFPVIDMWFMEVPYRTKIVQNILQHLALPTLVLCILPTMEIIRIIHQRAEYILNQNFSKVATTRGWSKWKILHQYVFRNTFPLLVPQVPRVFTLVLTQCMLVETALGWPGIGRWLINAVNEQDYNSIAAGVIVIGVCIILIDTFTKIFTFILDPFKKKGWYAK,length1,963
2,427576,426769,807,MPLLQVEDLTKTFKGHASLFGRNQFNAVDKVSFTLERKQTLAIIGNNGSGKSTLVKMIAGIIPPTSGRILFNDRELQYQDAQSRAKHIRMVFQDANSAFNPRLNIGQILDEPLSLATDWTETQRNEKIFETLSLVGLYPDYTNLNIKHLSISQKQRVALARALILEPEIIIIDDAIGNLDASVRIQLLNLTLDLQQRLGISYIYVGQDLGVIKHIADTIIVMDEGKMIEYGSPQNLFTDPQTDVTRRLVESYFGKILDETAWVKDKNAH,length1,807
2,432757,431161,1596,MLSFILSIFPIVLLIYLMVKRNALPSYVALPWIATLVMGVHLLHFNTDIVTISANVVSAIIAVQTPITVIFGAILFNRFSEISGATNIMRKWLGNINPNPVAQLMIIGWAFAFMIEGASGFGTPAAIAAPILVGLGFHPLKVAMLALIMNSVPVSFGAVGTPTWFGFGALKLSENMILEIGSITAFIHSIAALLIPLLALRILVSWDDIRKNIVFIYISVLGCVVPYFLIAQVNYEFPSLVGGAIGLFISVWAANRNIGLAKVTNTLDNNAVSAGEVVKALFPTGLLIAFLIVTRIHQLPFKAMMNDATIWFSTTLGSLGLFEISKGLIFSLKNIFGSNVSSSYKLLYVPALIPFVITVLIAIPVFKISSSNVKQIFVSSLQQSKNPFIALVGALVMVNLMLVGGEHSMVKIIGRTFAEISGSNWTIFSSFLGAIGSFFSGSNTVSNLTFGSVQLSTAETTGISVALVLALQSVGGAMGNMVCINNIVAVSSVLNISNQEGTIIKKTIIPMIIYGIIAALGALFLVPLFYNL,length1,1596
2,438847,438571,276,MKRRYPPSLKAERPFQLPFQPQEYSSHNLVQIDLAQGNPHQKSQVVLKPAHSMLCWLHRQHQNPQQSQFFAVVDRLPLINLQLAQCHIIDLD,length1,276
2,451621,449488,2133,MSRTIILIPVSTGVGLTSISLGLIHSLEQKGTKVAFMKPVSQPSTGEDKLDRTTSIIRTSTSLETAEPFMLSVAESLIGQNQSDVLLEKIVANHQQLTKNNDIVVVEGLIPTRKHGYANNINYEIAQALDAEIVLVAAPATETPTELKDRVEAAASLFGGKNNPNLLGVVVNKFNAPVDESGRTRPDLAEIFDSFQHNHISETEVNKLFAGSAIKLLACVPWNANLIATRAIDLVKHLGASIINEGEINRRIRGITFCARSLPNMVEHFRAGSLLVASADRPDVLVAAALAASNGIEIGGILLTGGYKIDAQINKLCQPTFEKAKLPIFRIEGNTWQTALSLQSFNLEVPVDDKERIENIKQYISQHFNADFINNLVADSSRLPRLSPPAFRFQLTELARAAKKRIVLPEGDEPRTIKAAVLCAERGIAECVLLADPASVQRVAEAQGVKLGKGITIINPADVRENYVDRLVELRKAKGMTETAAREQLEDTVVLGTMMLEANEVDGLVSGAVHTTANTIRPPMQIIKTAPGSSIVSSIFFMLLPDQVLVYGDCAVNPDPTAEQLAEIAIQSADSAKAFGIDPKVAMISYSTGTSGSGADVEKVKEATRIAKEKRPDLLIDGPLQYDAAVMEDVARSKAPNSPVAGKATVFVFPDLNTGNTTYKAVQRSADLVSIGPMLQGMRKPVNDLSRGALVDDIVYTIALTAIQATQ,length1,2133
2,453277,452335,942,METSHNQELVATILKDNLANELQTIQDFLRWTYSILNRSDIYFGQGHDNPWDESLQLVLSSLHLPIDLPTELFNSRLTPSEKETLVQLVLTRIEQRVPVAYLTNSAWFCGHEFYVDERTIIPRSPISALIQDRFEDLISQEPNHILDLCTGSGCIAIACAYAFPNAEVDAVDLSVDALNVAEINISRHQLEHRVFPIQSNLFENILGQKYDLIVTNPPYVDEEDLADMPEEFHFEPKLALGSGHDGLNITKQILKQAPDYLSENGVLVCEVGNSMVSLIEQYPDVPFEWVELKNGGLGVFAIQRKDLVKYHDLF,length1,942
2,461752,460723,1029,MKDLDWNNLGFSYIKTDYRFIAHWKDGKWDEGKLTTDNTLHIHEGSTALHYGQQCFEGLKAYRCKDGSINLFRPQANAERMQRTADRLLMPRVPTELFVRACKEVVKANQDWLGPYGSGATLYLRPFLIGVGENIGVKTAPEFIFSVFCCPVGAYFKGGLAPSNFITTDYDRAAPMGTGGVKVGGNYAASLLPHELAAEQGTPERKFADAIYLDPKTHTKIEEVGAANFFGITKDNKFITPKSESILPSITKYSLLHIAKERLGMEAIEGDVYIDQLDQFVEAGACGTAAVITPVGGIQHNGKFHVFYSETEVGPVTRRLYDELTGIQFGDIEAPEGWIVKVE,length1,1029
2,468622,467737,885,MSDTPLTFAPKTPLQEFWFYFKQNRGALIGLIFILIVALISILAPYIAPFDPTEQNRTALLLPPAWYEGGNPAYLLGTDDIGRDILSRIIYGTRISVFAGFIIVLLSCAFGTSLGLISGYYGGVLDTIIIRLIDIMLAIPNLLLTIVVVSILEPSLANATLAIAVVSIPSYVRLTRAAMMNEKNRDYVTSSKVAGAGILRLMFIVILPNCLAPLIVQMTMGISNAILELATLGFLGIGAKPPTPELGTMLSEARGFMQAANWLVTIPGLVILSLVLAFNLMGDGLRDALDPKLKQ,length1,885
2,469624,468634,990,MALLDVKELSVHFGDKKTPFKAVDRISYQVAQGEVLGIVGESGSGKSVSSLAIMGLIDHPGRVSAESLQFENTDLLTLESKAKRQLIGADVAMIFQDPMTSLNPAYTVGFQIMEALKTHEGGTKKARKDRTLELLKLVGIPDPESRIDVYPHQLSGGMSQRVMIAMAIACRPKLLIADEPTTALDVTIQAQIMELLLELQKKECMSLILITHDLALVAEAAERIIVMYAGQIVEEGTAKDIFREPKHPYTQALLRSLPEFAEGKSRLESLQGVVPGKYDRPTGCLLNPRCPYATEYCRQVEPQLHHIGSHKVKCHTPLNEQGNPVEYQGA,length1,990
2,472237,471655,582,MYLDQIKAELVEAQDVLNKFISDENNIKLIQEAALLISNSFKQGGKVLSCGNGGSHCDAMHFAEELTGRYRENRPGYPAIAISDASHLSCVSNDFGYEYVFSRYVEAVGQKGDVLFGLSTSGNSKNILNAIEAAKTKGMKVIAMTGKDGGKMAGLADVEIRVPHFSYADRIQEIHIKVIHILMMLIEFEMAKQA,length1,582
2,475183,474502,681,MFQEYLSVIVQGIPTSLLLTVVSLLIAFFLALFLTFLLSMENKWIKSAVNLYLTLFTGTPLLVQFFLIYAGPGQFQWIIDSPLWYVLSNAWFCAVLALALNSAAYSTQLFHGAVKAIPKGQWESCAALGLSRLQTLKILIPYALKRALPSYSNEIILVFKGTALASTITIMDIMGYARQLYGTEYDAITIYGIAGGIYLIITGIATLLLRKLEKKVLAFERFEVSKA,length1,681
2,480502,479938,564,MYPLFETLCIENGKIQNIDLHQARYERSLREYYGKSAVKIFNLFSLIQLPEDLQNQLVRCRIDYNAETTQIQYFEYQRKIYRTFQPVICDDIEYSLKYLDRSLINTLFAQRGACDEIMIIKNGKVTDCSIGNLIFRQGKKWYTPDTPLLLGTQREKLLQEGKIQERTIFQEDIVNFDEIKIINAMNSL,length1,564
2,488860,488446,414,MIWQKNFTLENLNQLCSNSAVSHLGIEISAFGEDWIEATMPVDYRTMQPFGVLHGGVSVALAETIGSLAGSLCLEEGKTAVGLDINANHLRPVSSGKVTARATPINLGRNIQVWQIDIRTEENKLCCVSRLTLSVINL,length1,414
2,491794,490840,954,MSDIKHAKLLILGSGPAGYTAAIYAARANLKPVLVTGLQQGGQLTTTDEIENWPGDFEMTTGSGLMQRMLQHAEKFETEIVFDHINRVDLSSRPFKLFGDVQNFTCDALIIATGASARYIGLPSEENYKGRGVSACATCDGFFYRNKPVGVIGGGNTAVEEALYLANIASTVHLIHRRDSFRAEKILIDRLYKKVEEGKIVLHTDRTLDEVLGDNMGVTGLRLANTKTGEKEELKLDGLFVAIGHSPNTKIFQGQLELNNGYIVVKSGLEGNATATSVEGVFAAGDVMDHNYRQAITSAGTGCMAALDAERYLDAQEA,length1,954
2,496072,495607,465,MNYLQYYPTDVINGEGTRCTLFVSGCTHACKGCYNQKSWSFSAGVLFDDVMEQQIINDLKDTRIKRQGLTLSGGDPLHPRNVETLLPFVQRVKRECPDKDIWVWTGYKLDELDKQQRAMLPYIDVLIDGKFIQEQADPSLVWRGSANQIIHRFKL,length1,465
2,501367,500761,606,MNIRWNVILGVIALCALAWFYSLNQETADLSELVKKPDSPDYVGYKMETTVFSPEGKKQYLALSDKIEHYTVNEQTLFTAPLVYLYPTTSNEKEQNPNQNVDFFSTQNWKLSANQARLTKDQILYLEGNVVVQSLTSDSRLQRIETESAVVNLKTQDMTSETQVKIKGKNFSSTGLKLVGNLRQQVATLKEQVKTYYEVSKQ,length1,606
2,503092,502600,492,MKITELLSSENIRQGVSFSSKKRLFESIAHFVEEQILAEQGEQACFECLFEREKLGNSGLGNGIAMPKAKIPVTVSDKAIAVFMQLDNPIDYDAVDSKPVDLIFALLIPENQCESYIPVLASLIEKLTDKNVLKQLRSAKSADEIWQVFEITDQSETTLEEVKE,length1,492
2,530215,529297,918,MLKFIFKRLLEALPTLFILITFSFFLMRLAPGSPFTSERAYPPEVMANIEAKYHLNEPLYKQYFLYLENLSKGDFGPSFKYKDQSVNDLIASAFPVSIKLGMVAFAFAVVLGVTAGTLAALNQNSRWDYILMSFSMLGVIMPSFVFAPVLVLIFAIYLGWLPAGGWNGGTAMYMILPVASLTIAYVAGIARIMRGSMIEVLHSNFIRTAKAKGLSMSRIILKHALRPALLPVITYLGPAFVGIITGSMVIESVFGLPGMGLLFVNGALNRDYSLVLSLTILVGALTILFNAIVDILYAIIDPKIRY,length1,918
2,531160,530227,933,MTDYRTQPINQKNADFVEQVADRIEEMQLEGRSLWQDAKRRFFRNKAAVVSLIILAFIIIFITVAPWFFPFTYEDTDWNMMSAAPTMEGYHFFGTDASGRDLLVRTAIGGRISLLVGIAGAFISVTIGTIYGAISGYVGGKTDMLMMRFLEILSSFPFMFFVILLVTLFGQNIFLIFIAIGAIAWLGLARIVRGQTLSLKNKEFVEAAIVCGVPRRQIILKHIIPNVLGLVAVYASLEVPGLILFESFLSFLGLGTQEPMSSWGALLSDGAAQMEVSPWLLIFPAFFLCLTLFCFNFIGDGLRDALDPKDR,length1,933
2,532141,531172,969,MNPLLDVKNLYVRFKTPDGVVTAVNDLNFTLNAGSTLGIVGESGSGKSQTAFALMGLLAANGEVEGSAIFEGKELVNLPNAELNKIRAEQISMIFQDPMTSLNPYMKIGEQLMEVLQLHKGYDKQTAFAESVKMLDAVKMPEAKKRMGMYPHEFSGGMRQRVMIAMALLCRPKLLIADEPTTALDVTVQAQIMTLLNELKHEFNTAIIMITHDLGVVAGICDQVMVMYAGRTMEYGTAEQIFYHPTHPYSIGLMDAIPRLDGNEEHLVTIPGNPPNLLHLPKGCPFSPRCQFATEQCQIAPKLTTFNHGQLRNCWLSAEKFNL,length1,969
2,537727,537226,501,MKIKKLLKNGLSLFLTFIVITSILDFVRRPVVPKEINKITLQDLQGSTFSLDSLDQNKPTLLYFWGTWCGYCRYTSPAINSLANEGYQVVSVALRSGNEADVNDYLSKHDYHFTTVNDPKGEFAERWQINVTPTIVLLSKGKMDLVTTGLTSYWGLKVRLFFAEFFG,length1,501
2,565384,564742,642,MYLTQLKKWFTILTFVLTALLVTRTAIAETSPYVLMQQASDKLFSDIQANQSKIKQDPNYLRTIVRNDLLPYVNLEYAGSKVLGSYYKSTSTEQREKFFKTFGELIEQKYAQTLTNYSNQKIQIESEKELGDNNFVNIRVSIIQTNGVAPILLDFKWRKGNKSGEWKAYDMAAAGVSMLEDTIKNWVGILNKQGIDTLITKMQQSASQPIIFNQ,length1,642
2,570688,570010,678,MTLAARLKREFVSGWKPFEVVWLALFIIAQIWAYVQTPDSWLAMISGISGILCVVLVSKGKISNYFFGLIFAYTYFYVAWGSNFLGEMNTVLYVYLPSQFIGYFMWKANMQNSDGGESVIAKALTVKGWMTLIVMTTVGTLLFVQALQAAGGSSTGLDGLTTIITVAAQILMILRYREQWLLWIGLNILSIFLWAETPAIYLMYSAYLLNSLYGYYNWTKLVKRTN,length1,678
2,575839,574705,1134,MIDYEFLRFIWWVLVIVLLIGFSVTDGFDMGVTALLPVIGKKEVERRIMINTIAPHWDGNQVWLLTAGGAIFAAWPIVYAVSFSGFYIALVLVLAALFLRPLGFEYRAKIDNPTWRSVWDWGLFAGGFVPALVFGVAFGNLLQGVPFHFNELTQVTYTGSFFELLNPFALLCGVISLSMLVTHGANWLQMKTTEVLRDRARSVSQIGSIVTLITFVLAGVWLYSKDGYVVTSTIDHFAPSSPMNKEVAVETGAWFRNFNEMPILWIFPALAVVAALLNAAFSKANRCGFAFFFSALTMAGVIITAAVSMFPFVMPSSSHPEQSLLMWDSTSSELTLTLMLIFAVVFVVIALAYTIWSYSKMFGRLDANFIDKNKHSLY,length1,1134
2,580840,576931,3909,MKNSSVKHTLTPLQQSLFSQLNDIMRVDQRRLSARIHGIGKIKSQEAQQAVAAEIQQQIEQARLRVEQRKSAVQNPIVFPESLPVSQRKVEIQKLISEHQVIVVAGETGSGKTTQLPKMCLELGFGNLGMIGHTQPRRIAARSVAARIAEELETELGGLVGYKVRFNDQISDNTQIKLMTDGILLAEIQNDRFLNQYSCLIIDEAHERSLNNDFILGYLKQLLPRRRDLKLIITSATIDVERFSKHFNNAPIIEVSGRTYPVEVRYRPVVEEDDQDQLQGILNAVDELQAESRGDILIFMNGEREIRDTAEALQKQNLKHTEILPLFARLSAQEQNKIFHPSGLNRIVLATNVAETSLTVPGIKYVIDPGTARISRYSYLTKVQRLPIEPISQASANQRKGRCGRVSEGICIRLYSEEDFNSRPEFTDPEILRTNLASVILQMTALGLDDIEAFPFVDAPDKRHIQDGIKLLEELGAFEMVRTKAGEKRLLTRVGRQLAQLPVDPRLAKMILSAVNFGCVYEMMIIVSALSIQDPRERPQEKQQASDEKHRRFADKKSDFLAFLNLWYYLQEQQKALSKNQFRRQCQKDFLNYLRIREWQDIYHQIRLTVREMGLPINSEKAEYQQIHTALLSGLLSHIGLKEAEKQQYLGARNAHFAIFPNSVLFKKQPKWVMAAELVETSKLWGRMVAEIEPEWIEPLAEHLIKKSYSEPRWSKSRGAVIADEKVTLYGVPIVAARPVNYGAIDPTVSREIFIQSALVEGGWNTKHKFFKENQRLVQEVEELEHKSRRRDILVDDRTLFEFYDQRIGTEVVSQKHFDTWWKKAQQKDPELLNFERSFLINDDAEQVSKLDFPNFWHQGNLKLKLTYQFEPGTDADGVTVHIPLPLLNQVEMTGFDWQIPGLREELVIALIKSLPKSYRRNFVPAPNYAQAFLSRAVPLEKPLLDTLIYELRRMTGVTVEAEHWNWEQIPSHLKMTFRVVDENGKKIAESMNLDELKFNLKDRVQESISAVADDGIEQSRLHIWSFADLPQCYEQKQRGFSVKAFPAIVDEKDAVGIKLFETEFEQSVAMQQGLRRLLLLNVPSPIKYLHEKLPNKAKLGLYFTPFGRVLDLIDDCIACAVDKLIADFGGFVWDEAGFEKLRDFVRENLNEVTVDIAQKVEQILTLTYQLNQRLKGKMDFTMAFALSDIKSQLASLVYQGFVQKSGYDRLPDLQRYLQAIDKRIDKLAQDVNRDRAAMLRVEQVQQAYQQLLAKLPKSKPISDEVAEIRYMIEELRVSLFAQQLGTKYQISDKRIANIISQY,length1,3909
2,584980,584017,963,MTLDYPVPFHTPNLVWDYTIAIYLFLLGISSGAVQLAIAYKRSNKLENLSQNWIIRSGVILGSVPTLIGLTLLIFHLTRPWTFWKLMFNYQFNSVMSMGVMLFQIYMLFLVIWGVVIFKKEIEALINRFIPKLQFVMKLIGIAERIASPVEVILFILAAVLGAYTGFLLSALISYPMLNNPVLPALFLASGTSSGIAATFLIILIAGKLKGDSHESHFIHKFEVPIMVTELGLLVCFFVGLHFGGGQKTVALHNALSGFWGAIFWIGVLIIGILIPLIANMFVNDRLKYNRNFIILVSIFDLIGVFCLRFFVLYAGQLTVA,length1,963
2,588955,588169,786,MIHPSAKIHPTALVEEGAVIGEDVFIGPFCIIEGSVEIKARTVLKSHVVVRGDTVIGEDNEIYQFASIGEVNQDLKYKGEATKTIIGNSNRIREHVTIHRGTIQGCGVTSIGNNNLLMVNVHVAHDCQIKNNCILANNATLAGHVELDDFVIVGGMSAIHQFVIVGAHVMLGGGSMVSQDVPPYVMAQGNHARPFGVNLEGLKRRGFDKPTMHTIRNIYKMLYRGGKTLEEVLPEIEQIAETDSAISFFVEFFKRSTRGIIR,length1,786
2,590194,589024,1170,MNKTNPTIALVAGEVSGDILGAGLIRQLKAHYPNARFIGIAGTRMLAEGCKTLVDMEELSVMGLAEILKHLPRLLKIRKNVIQTMLQEKPDVYIGIDAPDFNLDVELKLKANGIKTIHYVSPSVWAWRQNRIHKIAKATHQVLAFLPFEKAFYDKFNVPCRFIGHTMADAIPLKPNRAEACQMLQIDPAQRYLAILVGSRGSEVEFLAEPFLKTALLLKEQFPDLQFLVPLVNEKRRIQFEAIKAKIAPNLDLHLIDGNARQAMIAADATLLASGTAALEAMLCKSPMVVGYRMKPLTYFLAKRLVKTDYISLPNLLANEMLVPEMIQEECTPELLAEKLSAYLSDDESAVKNRHILIQHFTDLHQKIQCNADKQAAQAVIDLLEGTENV,length1,1170
2,593149,590998,2151,MKTDIQTELTQALLSHEKVWANEEKTILAKNILLDLVEKTDPTIIGLLLGNDELKRHFFVEVNGVLVFKLQDFRFFLDKHRINNSYTKYANRIGLTDGNRFLKDSSDIVLDFPFKDCVLNGGQSTEEGEEIYFKRNNSQPASQPASQPASQPASQPASQLYTKLTRKRQEIFFNQTLAFDEIDRLFDAKAFSKFSRYTADGKQPVGEIKRHFDGTPAENLIIKGNNLIALHSLAKQFKGKIKLIYIDPPYNTGNDGFKYNDKFNHSTWLTFMKNRLEIAKTLLADDGVIFVQCDDNEQAYLKILMDEVFGRENFVTTIHCQMSTTQGMKVKAAQDGNIVKNAEYIIVFSKNGHKNIAINPLYDLRSEYDEHYSLYLKNDGAIGQLKELYDYRFPKDLKNTTALSLKEAFKKSNEFAEIVKTHLSKIVRSDKVTGFDLSVELENSKWKEVERNGRKYILTLDKNGKVCQLLRLQDSWGKTDNYNNDEGLHKIRGNWWEGFYLDMGNVGKEGSVDFKNGKKGERLISQIIKTATNENDIVLDYHLGSGTTAAVAHKMNRQYIGIEQMDYIETLAVERLKKVIEGEQGGISKAVNWQGGGEFVYAELAPFNETAKQQILACENSNDIKTLFNELCERYFLKYNVSVNEFSQIIEEPEFQTLPLDEQKQMMLEMLDLNQMYVSLSEMDDEQFAGCLNDDDKALSRAFYQSVKNQAEKKDGE,length1,2151
2,595906,595318,588,MVEKRLNESDMPFIGTKEFTPKKLWEIFGTPKQKWVKKDDVKTAIAMQNDWYVMDNFAGTSLEEALIQFISERLGDLKSKYDVHLIRNEEVFKLNNFADGEGFMPDFVLLLKDKQKSSSNGVNDFLHYQIFIEPKGEHLVETDRWKEAFLKSITVEYGKDKILQKDTPHYRLIGLPFFTDHQKNGQFTELFPLGET,length1,588
2,603823,601402,2421,MSNFNQISRRDFVKASSAGAALAVSNLTLPFNVMAKETQHLNENSQERIVWSACTVNCGSRCPLRMHVKDNRITYVETDNTGTETYNLDHQVRACLRGRSMRRRVYNPDRLKYPMKRIGKRGEGKFKRISWDEALTEIADALKRNIKKYGNESIYLNYGTGTLGGTMAKSWPPASTMIARFMNCIGGYLNHYGDYSTAQIAVGLDYTYGGGWALGNGMADIENTKLIVLFGNNPAETRMSGGGLTYCIEQAKARSNAKMIIIDPRYNDTGAGREDEWIPIRPGTDAALVAALAYVMIKENLVDQPFLDKYCVGYDEKTLPADAPKNGHYKAYILGYGDDDGIAKTPEWAAKITGIPAERIIKLAREIGSTKPAFISQGWGPQRRSNGELISRAIAMLPILTGNVGIHGGNTGARESAYSIPFVRMPTLKNPVKASIPMFLWTDAIIRGTEMTALTDGIRGVDKLSSPIKVIWNYASNCLINQHAQINRTHDILQDDTQCEMIITIDNHMTSTAKYSDILLPDCTTSEQMDFALDAFVSNMAYVIFADQVIKPSFECRPIYDMLSDLAEKMGVKEKFTEGRTQEEWLRHIYEQSREKLPELPTFEEFRQQGIFKKVDPNGFKVAYKDFRDNPEAHPLKTPSGKIEIYSSRLAEIAKTWKLAEDEVIHPLPIHAQSFEHYGDPLMEKYPLQLSGFHYKARTHSTYGNVDVLKAANPQEVWMNPIDAEPRNIKNGDMIRIFNDRGEVRINVKITPRIIPGVVALSEGAWYAPDKDRIDHSGCINVLTTQRPSPLAKGNPQHSNLVQVERL,length1,2421
2,605290,604453,837,MNTGLYELPLVFFTVLAQSAVGAWLVFTFVLLNEKNTKSRTYIHKVMFVILALLGIGFIASIMHLGLPIRAFNSLNRVGSSMMSNEIAAGAIFFALAGFYWLIAILGKMPVSLGNVWRIVTALIGILFMYVMNQVYHITSIPTWNNALTSWSFYLTVVLGGLTLSYALLIPNKQREYQLQHLPSLFAIGVLLVAIVAIYQGFNLHNIHSAIQNAADLVPNYAIMTVTRLCLLSIVAFLLFRVKNIGLLGISVLLTLVAEGIGRVLFYGLHMTYGMAIGG,length1,837
2,606013,605404,609,MQNTLQQISIYGRLLGAVFYYEPNDARLTDILTFFRQPNWMQEWEISFDVKTYKKITALIEKGLQQNITEQYQYLFIGPNELPTPPWGSVYLDPECVIFGNSLLALRDFLQQHQIAFQTQQDEPEDHIGLMLMLAAYLAENQPHLLIEFLREHFLTWAYHFLEQLSKIENSDFYQALALLTIKTLQQWQVDLHINVPTVRFYR,length1,609
2,608149,606883,1266,MAGMDVVGDLFGDGKMFLPQVVKSARVMKQSVAYLEPFINATKQKGSSNAKVVIATVKGDVHDIGKNIVSVVMQCNNFEVIDLGVMVPADKIIQTAIDEKADIIALSGFSGEWADYVPPTPKQTGIVEFKNVPIAELRKFIDWSPFFRIWGLMGGYPDAFDYPEGGKEARKVWNDAQVVLDELEQNHKLNPSGILGIFPAERVDDDVVLFSDEERTKTIGTAYGLRQQTERGKNSKSPFNFCLSDFIADRESGKKDWFGMFAVCAGVEEMDLVEGYKAAGDDYNAILLQAVGDRLAEAMAEYLHFELRTRIWGYTQEEFDNQGLINENYVGIRPAPGYPSCPEHTEKALIWDLLEVEQCIGMKLTESYAMWPAASVCGWYFTHPVSNYFTLGRIDEDQAQGYAKRKGWDEREMMKWLGVAMK,length1,1266
2,612541,611659,882,MVLNRSHIVRLYLIKVMCQLLGMNCNTPTDIVFSFEGFRRRAGLTDCHSDGFGIAFFEGRGVRIFRDNQAASLSPIADCIKQYNIKSLNVIAHIRKATQGEVNIENTHPFIREIWGQNWVFAHNGNLKNLPDMTDHFLQPIGSTDSEAAFCYMAEYLKNTFRKKPSEMEIFEAIQKVTKELAQHGTFNFILSNGEWMIAHCSTNLHYVMRKAPFGKAHRIDDDGVIDFSYYAKAGDKVNIITTFPLTKNESWTKMENGGFVFFKNGEKIAEVIGTPKEAIDDGTLGNRTINSAI,length1,882
2,636238,634366,1872,MKSVPLITGGLSFLLSACSGGGSFDVDNVSNPSSSKPRYQDDTSSSRTKSKLEKLSIPSLGGGMKLVAQNFTGAKEPSFLNEDGYIPYFSSLSTIKEDVEKVKKEKSIHTNPIGRIDEPNEKSKDSNSQKYVYSGLYYIENWRELPKPQEKEKKAYSGYYGYAFYYGNKTATNLPVSGVATYKGTWDFITATKNGQRYSLLSNDLQAYSRRSAIPKDIDLENDSTNGDIGLISEFSADFGTKKLKGELFYTKRKTNNQDYKKEKLYDIEAHIYSNRFRGKVIPKDKDPTSTDHPFTSEGTLEGGFYGPDGEELGGKFLAQDNRVFGVFSAKGTEETPEKKLSRETLIDGKLTTFKTTNTTTDATTNATANTENFTTKDIPSFGEADYLLIDNQPIPLLPENAGDFISSKHHEVGDKTYKVEACCKNLSYVKFGMYYEDKEKKNKNETGQYHQFLLGLRTASSQIPATGNVKYLGSWFGYISDGKTSYSPTGNKQQDKNAVAEFTVDFGNKTLKGQLKHADTQNPVFNIEADFKNSGNAFKGTATATNFVIDGNNSQNGNTQINIKTEVNGAFYGPDASELGGYFTYNGNPTPKNPSAVPSSPNSENARAAVVFGAKKQVETTNK,length1,1872
2,639007,636268,2739,MTKKPYFRLSIISCLLISCYVKAETQSIKDTKEAISSEVDTQSTEDSELETISVTAEKVRDRKDNEVTGLGKIIKTSESISREQVLNIRDLTRYDPGISVVEQGRGASSGYSIRGMDRNRVALLVDGLPQTQSYVVQSPLVARSGYSGTGAINEIEYENVKAVEISKGGSSSEYGNGALAGSVTFQSKSAADILEGDKSWGIQTKNAYSSKNKGFTHSLAVAGKQGGFEGVAIYTQRNSEETQVHKDALKGVQSYDRLIAKTDDKTKAHFVIQDECPNGYDSCKNSPKPPAILSTQKETVSVSDYTGANRIKPNPMKYESQSWFLRGGYHFSEQHYIGGIFEFTQQKFDIRDMTFPAYLRSTEKRDFSSGSFYPMKDYGAYQRIEDGRGVKYASGLYFDEHHRKQRVGIEYIYENKNKAGIIDKAVLSANQQNIILDSYMQHTHCSLYPNPSKNCRPTRDKPYSYYHSDRNVYKEKHNMLQLNLEKKIQQNWLTHQIAFNLGFDDFTSALQHKDYLTRRVIATAKSISDPTGKPRNGYPDKPYLYPTPKAELVGEDLCNYKGSSSNYRDCKVRLIKGKNYYFAARNNMALGKYVDLGLGIRYDVSRTKANESTISVGKFKNFSWNTGIVIKPTEWLDLSYRLSTGFRNPSFAEMYGWRYGGNNSDVYVGKFKPETSRNQEFGLALKGDFGNIEISHFSNAYRNLIAFAEELSKNGTTGKGNYGYHNAQNAKLVGINITAQLDFNGLWKRIPYGWYATFAYNRVKVKDQKINAGLASVSSYLFDAIQPSRYIIGLGYDHPSNTWGINTMFTQSKAKSQNELLGQRSLGNTSRGVKSTRKLTRAWHILDVSGYYMVNRSILFRLGVYNLLNYRYVTWEAVRQTAQGAVNQHQNVGNYTRYAASGRNYTLTLEMKF,length1,2739
2,640558,639334,1224,MFVKGWVETHYLAQIQQICQTLTQNPELRISLKEGVKPAPKVVENTPNISLRSESAVDFQAESSASVKFESHLNTKHLFDNFVEGKSNQLARAVGQKLAQAPGEPSANPFFLYGGTGLGKTHLLHAIGNGILADKPNARVLYIHANNFMQHMVKAVRDNKMDQFKKFYRSLDALLVDDIQFFAEKEKTQEEFFHIFNNLFETGRQIILTSDRYPKEIEKIEERLKSRFGWGLTTAIEPPDLETRVAILLKKAEEHNMNLPEEVAFFIAQRLRTNVRELEGALNRVKAMQDFKGGDIDIDFVRDTLKDILALQERLVTIENIQKVVAEYYRIKVSDLKSKSRARSVTRPRQIAMALAKELTNRSLPEIGRAFDRDHTTVLNACREVPKFREQDNSIQEDWANLIRTLSA,length1,1224
2,641851,640753,1098,MQFSISRENLLKPLQQVCGVLSNRPNIPVLNNVLLQIEDNRLTITGTDLEVELSSQTQLSSSSENGTFTIPAKKFLDICRTLSDDSEITVTFEQDRALVQSGRSRFTLTTQPAEEYPNLTDWQSEVDFQLPQNTLRRLIEATQFSMANQDARYFLNGMKFETEGNLLRTVATDGHRLAVCTISLEQELQNHSVILPRKGVLELVRLLETNDEPARLQIGTNNLRVHLKNTVFTSKLIDGRFPDYRRVLPRNATKTVEGNWEMLKQAFVRASILSNERARSVRLSLKENQLKITASNTEHEEAEEIVDVNYNGEELEVGFNVTYILDVLNALKCNQVRMRLTDAFSSCLIENCEDSSSEYVIMPMRL,length1,1098
2,650500,650185,315,MARIISFAVIPDATLPRTSIFILFARACFKVWVANTCSTSEVPIPNAKAPNAPCVAVCESPQTIVIPGKVKPCSGPITCTMPCSLVVISNNLIPVALVFLSSSNT,length1,315
2,656098,655282,816,MLRYAHSFFHKRTIMLAIISPAKTLDFESAVKNFPVSQPHFTDYSEQLIEVCRKLSPQDLSSLMSISDKLAGLNVARFAEWTKIHNEDNSRPALFAFKGDVYTGLDADSLSEEDVIFAQSHLRMLSGLYGLLKPLDLMQPYRLEMGTKLVNPKGKDLYAFWGNVITQAVQQAIDAQGDNVLVNLASDEYYKSVKESQLNAKIIKPIFLDNKNGKYKVISFYAKKARGLMCRYLIQHRLTDIEQLKEFDLGGYWFDSASSTETEFVFKRDINE,length1,816
2,657733,656770,963,MIKKIAVLTSGGDAPGMNAAIRGVVRSALAEGLEVFGIYDGYQGLYNNKIKQLNRYSVSDVINRGGTFLGSARFPEFKDPNVRAKCAEILRSHGIDALVVIGGDGSYMGAKLLTEEHGFPCVGLPGTIDNDVAGTDYTIGYQTALQTAVDAIDRLRDTSSSHQRISIVEIMGRHCSDLTISAGIAGGCEYIVASEIEFNREELIQQIERSIIRGKRHAIIAITELLTDVHSLAKEIEARVGHETRATVLGHIQRGGSPCAFDRILASRMGAYAVDLLLQGKGGYCVGIQNEQLVHHDIIDAINNMQRVFKADWLKVAKRLE,length1,963
2,672385,671449,936,MDKDMQLIRGLHNANRVLQGCALTIGNFDGVHLGHQAVLRHLRQKADELNLPMAVLLFESQPREYFMGENAPARLMRLRDKIYYLEKAKVDVVIVAKFDRTFAEQPADVFIEQTLVNHLHVKFLSIGDDFKFGSKRQGNFAMLQAASKRFGFIVEDNRSFCLDAQRISSTAIREALANDDLQLAENLLGKPYRIFGRVIHGNKLGRTIGFPTANIRLHRQVNPIKGVYAVKVRLKSGEIFNGVANMGKRPTINGLMQLLEVHLFDFSQNIYGQMVEVEFCHKIRNEIKFPSFDDLKVQIEKDVETAKAFFNS,length1,936
2,675706,675316,390,MDRLIRRTFYREQTMAEETIFSKIIRKEIPANIVYQDELVTAFRDISPQAKTHILIIPNKVIPTVNDVTEQDEVALGRLFSVAAKLAKEEGVAEDGYRLIVNCNKHGGQEVFHLHMHLVGGEPLGRMLAK,length1,390
2,678283,677110,1173,MIDCRYYQQNKCRSCQLLEIPYSQQLTEKQYHLKQQLISINYDEAQWVAPFQSNEQGFRNKAKMVVSGSVERPILGILKNNDPQSAIDLCDCPLYPTHFSAIFSILKDFIGRAGLVPYNIAKQKGELKYILLTESIATEKLMLRFVLRTENKLPLIRRELPKLLEKLPHLEVISINLQPQHAAILEGEQEIFLTEQQFLPENFNGIPLFIRPQGFFQTNPKVAAGLYATAQQWVAEFPIYNLWDLFCGVGGFGLHCAKALQEKWGKPIKLTGIEISSSAILAASHSAKILGLEHVNFQSLDAASVIENKNKNKPDLVIVNPPRRGIGKELSEFLNQIQPHFILYSSCNAMTMGKDLQHLTCYKPLKIQLFDMFPQTSHYEVLVLLERKKIN,length1,1173
2,685894,685510,384,MLDTNIVIYVIKRRPLEILSRFNQNAGKMCVSSITVAELYYGAEKSEYPERNIAVIEDFLSRLTILDYQPKHAAHFGNIKAELSKQGKLIGENDIHIAAHARSEGLILVSNNLREFERVIALRTENWV,length1,384
2,688495,687682,813,MPELPEVETALRGISPYLKNFTIEKVVVRKPKLRWAVSEELITLKNVKIVDLTRRAKYLIIHTEKGYIIGHLGMSGSVRIVPQNSAIDKHDHIDIVMNNGKLLRYNDPRRFGAWLWTENLDDFHLFLKLGPEPLSDEFNAEYLFKKSRQKSTALKTFLMDNAVVVGVGNIYANESLFICGIHPLKLAKNLTLNQCFSLVNTIKDVLRKAIIQGGTTLKDFLQPDGRPGYFAQELLVYGNKDKPCPKCGGKIESLIIGQRNSFFCPKCQKRG,length1,813
2,697831,697021,810,MNPMLNIAIRAARKAGNVIAKNYERRDAIESTQKGINDYVTNVDKAAEAEIIEIIRKSYPDHTIITEETGAIEGKEGKDSDVQWIIDPLDGTRNFMTGLPHFSVSIAVRVKNRTEVGVVYDPIRNELFTAVRGEGAKLNEVRLRVDSKRELQGSILATGFPFKQPKLMPAQFAMMNALIEDAADFRRTGSAALDLCYVASNRIDGYFEMGLKAWDCAAGDLIVREAGGLVCDFDAGNGYLRSGNIIAAPSRVIKEMLNKIRPCLGAEFNH,length1,810
2,699847,697942,1905,MLPELGFFLLLLATASAFFLALVPQFGLFKKNSTLINAAWPLSYIFTLATTFSIGLLTYSFAVDDFTLEYVAAHSNSQLPTFFKVAATWGGHEGSMLFWLFSLSLWLAAFAFFNRKNDRTFSAQSLSLLGLICFGFAVFILFYSNPFGRIFPAPAEGRDLNPMLQDVGLIFHPPLLYVGYVGFAVNFAMSLSALIYNQSARQIARSMRGWVLVSWLFLTIGIVLGAWWAYYELGWGGWWFWDPVENASLMPWLLGLALLHSLMATEKQGVFSYWTTLFSLLAFAFSVLGTFIVRSGALTSVHAFALDNTRGYVLLLIFFVLTALAFGLFALRAGSSSESAVKFQFISKSGGILLLNILLTIATVSTFLGTFYPMLFQAMNWGSISVGSPYFNSIFFPIITAILILMVIVLSIRKGQFDRTLLIRCGWLLIPSLILAGLMIWQQLRHNSALNFHAFAFVLLTLAIWLLLVTLWQNWRQIRLSQFGMILAHCGVAIVTIGAVMSGYFGSEIGVRLAPQQSQTLGQYEFHYRQFSNEIGPNFTAEVAFFDVTENGKPYAEIIPERRYYDVRTMTMSEVGLNGGFWGDLYIVMGDSLGKGEFTFRLHYKPLIRWLWAGGILMAFGALFSVFGLRRKQEK,length1,1905
2,702718,701647,1071,MSGGGFCNFTNLEVTPAHYLSQNPHFVKSALARYTNWDFISLVAEQGITYHEKELGQLFCDEGAEQIVEMLKSECDKYGAKILLRSEVSQVERIQNDEKVRFVLQVNSTQWQCKNLIVATGGLSMPGLGATPFGYQIAEQFGIPVIPPRASLVPFTYRETDKFLTALSGISLPVTITALCGKSFYNQLLFTHRGISGPAVLQISNYWQPTESVEIDLLPNHNVEEEINQAKQHSPKQMLKTILVRLLPKKLVELWIEQGIVQDEVSANISKVRVKNLVDFIHHWEFTPNGTEGYRTAEVTMGGVDTKVISSKTMESNQVSGLYFIGEVLDVTGWLGGYNFQWAWSSAYACALSISRQ,length1,1071
2,704149,702841,1308,MAKIVKVIGREIIDSRGNPTVEAEVHLEGGFVGLAAAPSGASTGSREALELRDGDKSRFLGKGVLKAVAAVNNEIAQAIVGKDATNQAEIDQIMIDLDGTENKSNFGANAILAVSLANAKAAAASKGLPLYAYIAELNGTAGVYSMPLPMMNIINGGEHADNNVDIQEFMIQPVGAKTLREALRIGAEVFHNLAKVLKSKGMSTAVGDEGGFAPNLASNADALACIKEAVEKAGYVLGKDVTLAMDCASSEFYNKENGMYEMKGEGKSFTSQEFTHYLEELTKQYPIVSIEDGQDESDWEGFAYQTKVLGDRVQLVGDDLFVTNTKILKEGIEKGIANSILIKFNQIGSLTETLAAIKMAKDAGYTAVISHRSGETEDATIADLAVGTAAGQIKTGSMSRSDRIAKYNQLIRIEEALERAGTPAAFPGLKAVKGQA,length1,1308
2,709357,708451,906,MSTKFNVKTFQGMILALQEYWANQGCTIVQPFDMEVGAGTSHPMTALRALGPEPMAFAYVQPSRRPTDGRYGENPNRLQHYYQFQVVIKPSPDNIQELYLGSLEMLGFDPTQNDIRFVEDNWENPTLGAWGLGWEVWLNGMEVTQFTYFQQVGGLECKPVTGEVTYGLERLAMYIQGVDSVYDLVWSDGPLGKTTYGDVFHQNEVEQSTYNFEHANTDFLLYCFDQYEKEAQELLALDKPLPLPAYERILKAAHSFNLLDARKAISVTERQRYILRIRALTKGVAEAYYASREALGFPGCKK,length1,906
2,711013,710062,951,MNDMYNYLRKFRDFIDNSPKIFLLLLIVVVASWAGNFIISNKINIFSDRPNIRYALSILSIVFSIFTALYGVLSFFYSKIDDIDKKLNESKFDSIERSNRGLIAEIYSKEKDIRANCRNILGKIFKKFELDNSSRITLFYCKESCRKPTEFHILERYATGGGKDNYQPEASYLISIGFIKNVWENGFYSDTEKCPVYPESGKKIAQKRNDYNKYQLDRYGITEGMIKNMNMKSCDFVGKNLSNDLANLIILFESNKSGKLSHITEDKLNKFLDSTFLREHLISHVELLNWISSKQSQLPNNTNEITSSDIKNEFNRS,length1,951
2,711472,711019,453,MSEKIDSVLTFIILNYYKPSISVFRLIRIMFLAEWYSAIIQEETLSSSVWYRRNFGPDSDDVTKSLLNLKDIYLEQNNDELDGISMSVFRTNNLHYCNLSALERNIVSLAMKHAKEFDFIEFDNYIENLFPMKNTAINAEINLKDLAKHAP,length1,453
2,719092,718375,717,MIELDQTNIPKHVAIIMDGNGRWAKQKNKMRIFGHTNGVTAVRKAVAYARQIGVEVLTLYAFSSENWSRPEQEISALMSLFMQALDREVKKLHKNNICLKIIGDVSRFSETLQEKIKKAENLTEKNTALTLNIAANYGGCWDIIQAAKQIAEKVKKEEMSVSDINNSTFQHHLATQNAPPVDLLIRTSGEQRISNFLLWQIAYAELYFSDVLWPDFNQLEFNRAIASYQQRHRRFGGTE,length1,717
2,723718,721300,2418,MIFYVYNLYRIQSMKKLLIASLLFGTTTTVFAAPFVAKDIRVDGVQGDLEQQIRASLPVRAGQRVTDNDVANIVRSLFVSGRFDDVKAHQEGDVLVVSVVAKSIISDVKIKGNSIIPTEALKQNLDANGFKVGDVLIREKLNEFAKSVKEHYASVGRYNATVEPIVNTLPNNRAEILIQINEDDKAKLASLTFKGNESVSSSTLQEQMELQPDSWWKLWGNKFEGAQFEKDLQSIRDYYLNNGYAKAQITKTDVQLNDEKTKVNVTIDVNEGLQYDLRSARIIGNLGGMSAELEPLLSALHLNDTFRRSDIADVENAIKAKLGERGYGSATVNSVPDFDDANKTLAITLVVDAGRRLTVRQLRFEGNTVSADSTLRQEMRQQEGTWYNSQLVELGKIRLDRTGFFETVENRIDPINGNNDEVDVVYKVKERNTGSINFGIGYGTESGISYQASVKQDNFLGTGAAVSIAGTKNDYGTSVNLGYTEPYFTKDGVSLGGNVFFENYDNSKSDTSSNYKRTTYGSNVTLGFPVNENNSYYVGLGHTYNKISNFALEYNRNLYIQSMKFKGNGIKTNDFDFSFGWNYNSLNRGYFPTKGVKANLGGRVTIPGSDNKYYKLSADVQGFYPLDRDHLWVVSAKASAGYANGFGNKRLPFYQTYTAGGIGSLRGFAYGSIGPNAIYQDPSNKKFTRVSSDVVGGNAIATATAELIVPTPFVSDKSQNTVRTSLFIDAASVWNTKWKSDKNGLESNVLKDLPDYGKSSRIRASTGVGFQWQSPIGPLVFSYAKPIKKYENDDVEQFQFSIGGSF,length1,2418
2,737488,737173,315,MPVITMVANDVPSAVDINKDSGTSTIGSKYTNVGTITNPPPIPNNPARKPANAPTSKQRRIKVNIIGLLIYKNGVSCILPENIFCLPNNAVNLLHEMRKILVDCP,length1,315
2,751774,751489,285,MDHLDLQGIRMIVIFCRFLHRHKMKELNHHADRPTFYGLLLSQHVHEGVDLDINPLQLIPLHAPYPQINTHQLHLRFHAFSPNPQLVNKPRNQQR,length1,285
2,762226,760858,1368,MTIESILSAIDSFIWGAPLLILLSGTGLYLTLRLGFIQIRYLPRALGYLFKKDKGGKGDVSSFAALCTALAATIGTGNIVGVATAVQAGGPGAIFWMWLVALLGMATKYAECLLAVKYRVRDKNGFMAGGPMYYIERGLGIKWLAKLFALFGVMVAFFGIGTFPQVNAITHAMQDTFNIPVLVTAIIVTLLVGLIILGGVKRIATASSVIVPFMAILYVTTSLVIILLNIEKVPDAILLIIDSAFDPQAALGGAVGFTVMKAIQSGVARGIFSNESGLGSAPIAAAAAQTREPVRQGLISMTGTFLDTIIVCTMTGIVLVLTGAWNNPELAGATVTNYAFAQGLGTSIGATIVTVGLLFFAFTTILGWCYYGERCFVYLVGIRGVKLYRLAYIMLVGLGAFLHLNLIWIIADIVNGLMAFPNLIALIGLRKVIIEETKDYFQRLKINHYDQDEVIK,length1,1368
2,770536,770224,312,MNSMLLLKSLQQLEYLLILLEEDRKDFYPSHRLGGFCLPRHQDLPLIMQQMLNMGLPMDLGNALLRESLSDWLQQEYELRLNDCLQSKPTILVLHNQALNVYMN,length1,312
2,774592,772744,1848,MKNEIDIKKLRNIAIIAHVDHGKTTLVDKLLQQSGTFESARGDVDERVMDSNDLEKERGITILAKNTAINWNDYRINIVDTPGHADFGGEVERVLSMVDSVLLVVDAFDGPMPQTRFVTQKAFAHGLKPIVVINKVDRPGARPDWVVDQVFDLFVNLGASDEQLDFPIIYASALNGVAGLEHEDLAEDMTPLFEAIVKYVESPKVELDAPFQMQISQLDYNNYVGVIGIGRIKRGSIKPNQPVTIINSEGKTRQGRIGQVLGHLGLQRYEEDVAYAGDIVAITGLGELNISDTICDINTVEALPSLTVDEPTVTMFFCVNTSPFAGQEGKYVTSRQILERLNKELVHNVALRVEETPNPDEFRVSGRGELHLSVLIENMRREGYELAVSRPKVIYRDIDGKKQEPYEQVTIDVEEQHQGSVMEALGIRKGEVRDMLPDGKGRVRLEYIIPSRGLIGFRGDFMTMTSGTGLLYSSFSHYDEIKGGEIGQRKNGVLISNATGKALGYALFGLQERGKLMIDANVEVYEGQIIGIHSRSNDLTVNCLQGKKLTNMRASGKDDAIVLTTPVKFSLEQAIEFIDDDELVEVTPESIRIRKKLLTENDRKRANRTTTSTSTH,length1,1848
2,776212,775507,705,MKLTSPIFNDQQKRRAIIWLSFFHIFIIAASNYFVQIPFEITLKLTALGAANDFSFHSTWGTLTFPFIFLATDLTVRIFGAEDARKIIFVVMFPALIVSYVISVLFSESKFQGFESLTHFDLFVFRIAIASFAAYVVGQLLDVIVFNRLRQLKTWWVAPTSSMTFGSMADTFVFFSIAFYQSADPFMAEHWAQLGFVDYLFKLFIGIILFVPAYGVVLNVILRKLQMLVTERVPA,length1,705
2,779548,778810,738,MSEQIYGIHAVNSILTHSPERLIEVFVLKRREDKRLQPLLNELYSLGIGVQFVNRQTLDKKADGEVHQGVIARVQAAKELNENDLDEILANKQNPLLLVLDGVTDPHNLGACLRTADAAGAVAVIVPKDKSAQLTSIARKVACGAAETVPLIRVTNLSRTLRDLQQNHNIWVVGTAGEATETIYQSKLTGPLALVMGAEGEGMRRLTREHCDQLISIPMAGSVSSLNVSVATGVCLFEIARQRLGS,length1,738
2,781729,781426,303,MRPYLMKAHVYFSNLLALRRLRYAVPSLRQSPFSLHLVHQLTQGYFWYDVVILEWLDEFLHHAQLQDQVCHFLHERLNQSYIFQELVCFLLHFDRSRFVPL,length1,303
2,786775,786430,345,MNLERLNEIEKPLLHIVKHDVVPALGCTEPISLALASATAAKYLGKTPERIEVKVSPNLMKNGLGVAVPGTGMVGLPIAAAMKVLSNTILIELLIISALLHQKVCSISTDRLSKL,length1,345
2,800764,799750,1014,MSITVNQIVLHQLVKNVDGDSIKMESVLRDELLSITPEVEQMMLQLHQGYQNKAKAFGVFQEKSIFAQHLNRLLEQEIEFLGFSQYSTKLLADELGKYNFAESGTLILCQYNFLATDYLFIALLDSRHSMLVDEHLDIRRTEYLDITQFDIAARINLTDLQVNANSNRYLTFIKGRVGRKISDFFMDFLGAEEGLNPQVQNQCLLQAVSDYCDQGELNKEQTQAVKKQVFEYCKGQLSNGNNIELRELSDSLPTLNEQPFVVFTEEQNYGLEESIPPIRSTLKSLTKFSGSGKGVTLSFDAELLNTRIQWDPMTDTLTIKGLPPNLKDQLQKALQSEN,length1,1014
2,805990,805222,768,MANSPVMNVEVLRYNPEIDQEPHLSTYQVPYDNQTSLLDALGYIKDKLEPSLSYRWSCRMAICGSCGMMVNNKPKLACKTFLRDYSGHMRIEPLANFPIERDLVVDLSHFIESLEAIKPYIIGNEAPALDGKPHPSKELQVSRTKQTPAQLEKYRQFSMCINCGLCYAACPQFGLNPEFLGPAAITMAHRYNLDNRDHGKAKRMSLLNGKNGVWSCTFVGYCSEVCPKHVDPASAINQGKVESAKDYVISMLKPKG,length1,768
2,817969,816922,1047,MTALFEPTEHPHRRYNPLIDQWVLVSPHRAKRPWQGQQEKVNEEQKPSYDPTCYLCPSNKRITGELNPDYRKPYVFKNDFSALLEDTPAPEKSSDPLFQSSQARGESRVICFSPDHSKTLPLLTALEIEEVIKVWQEQLRELGAKYQWVQIFENKGAAMGCSNPHPHGQIWANSFLPNEVAREDRTQRDYLLKHGSVMLVDYVKRELALKERIVVETEHWVALVPYWAIWPFETLLLPKTHVKRLTELSDEQSKDLAVILKKLTTKYDNLFETSFPYSMGFHAAPFNGEDNEHWQLHAHFYPPLLRSATVRKFMVGYEMLGENQRDLTAEQAAERLRALSEVHYKERTK,length1,1047
2,820951,820405,546,MLISHSDLNQQLKSAGIGFNATELHGFLSGLLCGGLKDQSWLPLLYQFSNDNHAYPTALVQPVTELYEKISQTLSDVEGFTFGLGLTEDENVFAQADSLSDWANQFLLGLGLAQPELAKEKGEIGEAVDDLQDICQLGYNEDDNEEELAEALEEIIEYVRTIAMLFYSHFNEGEIESKPVLH,length1,546
2,828280,826909,1371,MALWGGRFTQAADKRFKDFNDSLRFDYRLAEQDIQGSIGWSKALVKVNVLTVEEQHQLEQALNELLVEVRSNPQAILQDDAEDIHSWVESKLIDKVGNLGKKLHTGRSRNDQVAVDIKLWCKQRVVELQESVRNLQRHLVQTAENTQQAVMPGYTHLQRAQPITFAHWCMAYVEMFDRDYSRLTDAYNRMNTCPLGSGALAGTAYAVDRDSLAHDLSFAFATRNSLDSVSDRDHIVELLSIASLSMAHLSRFAEDMIIFNSGEANFVELSDRVTSGSSLMPQKKNPDACELIRGKTGRVIGSLTSMLITLKGLPLAYNKDMQEDKEGIFDALDTWQNCVDMATFVLDELKVNVERTREAALKGYSNATELADYLVSKGVPFRDSHHIVGETVVYAIEKGKGLEDLTIPEFRQFSEVVGDDVYEILSLQSCLDKRCAKGGVSPLRVAEAIAEAKTRFA,length1,1371
2,829306,828427,879,MTNQQDYTQDNDKLYRYLFQHRAVRGEWVRLNKTFTDTLNTHQYPKAVQDLLGEMMVATNLLTATLKFAGNITVQIQGDGPLRLALVNGNDQQQIRALARVDGNITENMSLHNMIGKGVLVITIAPKEGERYQGVISLDKPTITECLEDYFVRSEQLQTQLIIRTGEYEGKPVAAGMLLQIMPDGSGTPEDFEHLTTLAATVKDEELFGLPAEELLYRLYHEETVNLYPAQDVQFFCGCSAERSSSALLLISDEEIDEILAEHKGSIDMQCECCGTHYFFNKEAIEKLKSTRV,length1,879
2,833107,831916,1191,MQKQNIVILGSTGSIGKSTLSVIENNPQKYHAFALVGGKNVEAMFEQCIKFRPHFAALDDVNAAKILREKLIAHHIPTKVLAGRRAICELAAHPDADQIMASIVGAAGLLPTLSAVKAGKRVLLANKESLVTCGQLFIDAVKNYGSKLLPVDSEHNAIFQSLPPEAQEKIGFCPLSELGVSKIILTGSGGPFRYTPLEQFTNITPEQAVAHPNWSMGKKISVDSATMMNKGLEYIEARWLFNASAEEMEVIIHPQSIIHSMVRYVDGSVIAQMGNPDMRTPIAETMAYPHRTFAGVEPLDFFKIKELTFIEPDFNRYPNLKLAIDAFAAGQYATTAMNAANEIAVQAFLDRQISFMDIAKINSKTIERISPYTIQNIDDVLEIDAQAREIAKTLIRE,length1,1191
2,852421,851770,651,MTQKHLKLNNLNQHLHDGMSIMFGGFMGIGTPAKLVQQILDSGVKDLTLIGNDTAFIDTGVGPLIVNNRVKRLITSHIGTNPETGKKMIAGEIDVELVPQGTLAERIRAGGAGLGGILTPTGVGTVVEEGKQKIQIDGKEYLLELPLKADIAIIHAQKGDMNGNLAYELSARNFNPLVALAAKTVIAQVDNLLEVGQLPPDEVITPAALIDYIVCSE,length1,651
2,854443,853102,1341,MISRVSRFMTTFVSKYLPDPLIFAVLRTFVTFICAWGLTDSTPVDLVNMWGNGFWNLLGFGMQMALIVVTGNALATSPQIRKFLSTIASIAKTPAQGVVLVTFMGSIACIINWGFGLVVGAMFAKEVARRIKGSDYALLIACAYIAFMTWGGGFSGSMPLLAATPGNPVAHLMVSESNPQGIIPAVSTLFSGYNIFITLSLVICLPFITYMMMPKNGEAKSIDPKLIAPDPTFDKKLDKDATLAEKMEESRFLAYTIGALGYSYLGMYFYKNGFNLTINNVNLIFLITGIVLHGSPMAYMRAIINATRSTAGILVQFPFYAGVQLMMEHSGLGGLITEFFINVANKDSFPLLTFFSSAFINFAVPSGGGHWVIQGPFVIPAAQALGTDLGKSTMAIAYGEQWMNMAQPFWALPALGIAGLGVRDIMGFCMTALIFTAPIFIIGLYFL,length1,1341
2,859228,858649,579,MKKIQTPNAKGEVRIIAGLWRGRKLPVLNSEGLRPTGDRVKETLFNWLMPYIHQSECLDGFAGSGSLGFEALSRQAKKVTFLELDKTVANQLKKNLQTLKCSSEQAEVINQSSLDFLKQPQNQPHFDVVFLDPPFHFNLAEQAINLLCENNWLKPNALIYVETEKDKPLTTPENWTLLKEKTTGMVSYRLYQN,length1,579
2,859720,859240,480,MLDIVLYEPEIPQNTGNIIRLCANTGFRLHLIEPLGFTWDDKRLRRSGLDYHEFAEIKRHKTFEAFLESEKPKRLFALTTKGSPAHSQVKFELGDYLMFGPETRGIPMSILNEMPMEQKIRIPMTANSRSMNLSNSVAVTVYEAWRQLGYKGAVNLPEVK,length1,480
2,862762,861541,1221,MQAKYNAKYLGTKSEREKYFHLAYNKHTQFLRYQEQIMSKTKEKKVGVIFGKFYPVHTGHINMIYEAFSKVDELHVIVCSDTERDLKLFYDSKMKRMPTVQDRLRWMQQIFKYQKNQIFIHHLIEDGIPSYPNGWQSWSEAVKTLFHEKHFEPSIVFSSEPQDKAPYEKYLGLEVSLVDPDRTFFNVSATKIRTTPFQYWKFIPKEARPFFAKTVAILGGESSGKSVLVNKLAAVFNTTSAWEYGREFVFEKLGGDEQAMQYSDYPQMALGHQRYIDYAVRHSHKIAFIDTDFITTQAFCIQYEGKAHPFLDSMIKEYPFDVTILLKNNTEWVDDGLRSLGSQKQRQQFQQLLKKLLDKYKVPYIEIESPSYLDRYNQVKAVIEKVLNEEEISELQNTTFPIKGTSQ,length1,1221
2,869092,867862,1230,MLRLGVNQKTSLLLTALLSCGLLIFSPVSQSSDLNQIQKQIKQQESKIEKQKREQAKLQANLKKHESKINTVKGELLETQISLKEIRKQIADADKQLKQLEKQEREQKTRLAKQMDIIYRSGINPSLIERMFAQDPTKAERMKVYYQHLNQVRIEMIDNLKATQAQIAVQKKAILSQQKNHRNQLSTQKKQQQALQKAQQEHQSTLNELNKNLALDQDKLNALKANEQALRQEIQRAEQAAREQEKREREALAQRQKAEEKRTSKPYQPTVQERQLLNSTNGLGAAKKQYSSPVSGSILHTFGSIQAGEVRWKGMVIGASAGTPVKAIAAGRVILAGYLNGYGYMVIVKHGETDLSLYGFNQAVSVKVGQLVSAGQVIAQVGNTGEISRSALYFGISRKGTPVNPAGWVR,length1,1230
2,884098,883780,318,MPLAKPRARPSEFIVLTNLRPVCFVTFKSVISISVPSTSSTAIPAYFSIYAPYKIKSIRLATTCKPFTTSAGIAVSKRFGSLPLRTTSNLPLFASTFSKISCCSKR,length1,318
2,908662,908347,315,MPSTEPFGLAGYSSVGLPLLSMYCAAMMPCAFKPTSCSADLNLTCPSPWETAMGICEPAIPANQTEATSLIFTKLTRASKRSDLLRTKCGQFSVPGIISAKLEII,length1,315
2,913213,912718,495,MTVTLAGNPIEVGGHFPQVGEIVENFILVGNDLADVALNDFAGKRKVLNIFPSIDTGVCATSVRKFNQQAVKLSNTVVLCISADLPFAQARFCGAEGIENAKTVSTFRNHALHSQLGVDIQTGPLAGLTSRAVIVLDEQNNVLHSQLVEEIKEEPNYEAALAVLA,length1,495
2,920041,919687,354,MCACIKVSPNQAIPKIAITARIPAWNTEPLVIAVPSGLQVKIINAPIESIIISMVCAIPIGFPSKTGRIEGAAPINTTSKAPNKNKETEILAVLLTSTSLTKVVEAKISAYFGSFKRR,length1,354
2,921343,920899,444,MQEFISMATEFAQKHTLLAVSWFAIFVMVIYTFYKGATSKFKVITHNEVIRLINSDEAIVVDLRSLEEFQRGHIINSINVLPSEIKNQNIGKLESHKEKALILVDTNGTSASASAVFLTKQGFNSVFVLKEGLSAWVAANLPLVKKHK,length1,444
2,927394,923917,3477,MSFQPRFVHLRTHTDFSMIDSIVKVKPLVKACAANEMVAMGLTDFTNFCGVVSFYSEMLSSGMKPIIGADVKVKSPLCGDEYFDLTLLAKNNEGYRNITLLLSKAYQRGYNDLPYIDQDWLIEHRDGVIILSGGTQGDVGKKLLKENVAEIESAVAFYQEFFADHFYLALSRTGRPNEERYIQAALKLAERCDLPLVATNDVMFLNAEDFEAHEIRVAIHDGYTLDDPKRPKCYTSQQYFRSEEDMCKLFADIPSALENTLLIAQRCSVTLRLGQYFLPQFPTGDLSTEDFLVQKSKEGLEERLVFLFPDEKVRLEKRPKYDERLQVELDVINQMGFPGYFLIVMEFIQWSKDNDIPVGPGRGSGAGSLVAYALKITDLDPLEFDLLFERFLNPERVSMPDFDVDFCMDGRDRVIEHVAETYGRGAVSQIITFGTMAAKAVIRDVGRVLGHPYGFVDRISKLIPPDPGMTLAKAFETEPQLQTAYDSDEEVRALINMARKLEGVTRNAGKHAGGVVISPTLITDFAPLYCDNEGLHPVTHFDKNDVEYAGLVKFDFLGLRTLTIIKWALDIINVRMVREGKPRVDIAAIPLDDPESFELLKRSETTAVFQLESRGMKDLIKRLQPDCFEDIIALVALFRPGPLQSGMVDNFIDRKHGREEVSYPDAEYQHASLKPILEPTYGIILYQEQVMQIAQVLAGYTLGGADLLRRAMGKKKPEEMAKQRLVFKEGAEKNGVDGELSMKIFDLVEKFAGYGFNKSHSAAYALVSYQTLWLKTHFPAEFMAAVMTSEMDNTDKIVGLYDECLRMGLKVTPPDINIGKHHFSVNEQGEIVYGIGAIKGVGEGPIEALVAARNEGGIFKDLFDLCARVDLKKINRRTFESLIMSGAFDKLGPHRAALSKNLEDALRASDQHAKDEAMGQTDMFGVLTETHEDVENAYANTPPYTEKQILDGERETLGLYLSSHPVSRYLKELSHYTSTRLKDLAPNRRGQISTVAGLVVASRIAMTKKGNRLGIATLDDRSGRLDLTLFGESLEQFGEKLQKDTVIVASGQVSFDDFSGGLKMTVRELMTLDEARSRYVKSLAISLSEHQITPSFIKQFKALLEPVSGGTLPINVYYQSPKGRALLRLGVQWSIIPTDEILTELVNLLGESAVELEFE,length1,3477
2,928345,928003,342,MCGNSSSRQTKLPPYFCPQYGFVSHIFSNQPNLMHLMVLQQHERSQTNLSLLRILRHYRPIPYHQDIVGIGGMFRRQCVLRQRHRQIIQHGLNLLVRLYRERLLSMQNPLILHR,length1,342
2,933331,931807,1524,MVHSAPKAQKRETFSGRRAFILAAIGSAVGLGNIWRFPYTTYENGGGAFIIPYLIALLTAGIPLLFLDYAIGHRHRGGAPLSYRRVSPHFEVFGWWQMMVNVIIGLYYAVVLGWAASYTYFSFTGAWGDKPIDFFIGEFLKMGDIKNGISFEFVGMVTAPLIAMWIVALGVLSMGVQKGIAKVSSVLMPVLVVMFMVLVIYSLFLPGAAKGLDALFTPDWTKLSNPSVWIAAYGQIFFSLSIGFGIMVTYASYLKKESDLTGSGLVVGFANSSFEVLAGIGVFAALGFIATAQGQEVSEVAKGGIGLAFFAFPTIINKAPFGEVLGMLFFGALTFAALTSFISVIEVIISAIQDKIRISRGKVTFIVGVPMMLVSVILFGTTTGLPMLDVFDKFVNYFGIVAVAFASLIAIVANEKLGLLGNHLNETSSFKVGFFWRLCIVLTSGVLAFMLFSEGAKVFSEGYEGYPNWFVNTFGWGMSISLLVVAFFLSRLKWKSETKLTIDETKGE,length1,1524
2,936493,935086,1407,MPRLSRRQLLKTAAISTALSTVPAPLLAASREKLVVPPLIEVRRGRPIVLTMQETNYPLDGSHNVTVWGFNGNYLGPTIKIKSGSFAKLNYHNNLPQSVALSIQGLQASGELFGGAARVLKKGESWAPIVPIEQPAASCWYRSATLANSAYQTYRGLAGMWLIEDEQSLKANLPNKYGVDDIPLILQDMEFNNDGLQLFKQNQPHFVGNRLLVNGIEAPYLDVARGWIRLRLLNASLARAYDLRLDNDQEMLLIAQDLSFLPKAKSVKSLVLSPGERAEILVNMNEIDNVSLISGSKRSLYEKIKNMLFSGDELANNTVLELRAQGQLSAFNKQPNLTFETDAPAILQQAVAQTREFNIDVTNGLINQRRFDPRKVDVMARKGTIERWILNASLPVGFTIQGAKFVVESQGEHQLQAEELAWKDTVWVKNKTQILVKFDQESSGNFPFLFGVSNLMLEDMGCLGVLMVQ,length1,1407
2,944530,943285,1245,MNFFQYKHNKLYAEDMPVQQLAEQFGTPLYVYSRATLERHWHAFDSAFGKRPHLICFAVKSCSNIGVLNIMAKLGSGFDIVSQGELERVLAAGGDASKVVFSGVAKSREEIMRALEVGIRCFNVESVSELKHINQIAGEMGKIAPISLRVNPDVDAHTHPYISTGLKENKFGVSVNEAREVYKLASTLPNIKITGMDCHIGSQLTELQPFLDATDRLIVLMEQLKEDGITLKHLDLGGGLGVTYTDETPPHPSDYANALLEKLKNYPELEIILEPGRAISANAGILVAKVQYLKSNESRNFAITDTGMNDMIRPALYEAYMNIVEIDRTLEREKAIYDVVGPVCETSDFLGKQRELSIAEGDYIAQCSAGAYGASMSSNYNSRARTAEVLVDGDQSYLIRRRETLQELWALESTI,length1,1245
2,955129,954442,687,MFNDFLATFSQQLTPQMWGVVATATYETVYISFASTLLAVVVGVPVGVWTFLTGKNEILQNNRTHFMLNTIINIGRSIPFIILLLILLPVTRFIVGTVLGTTAAIIPLSICAMPFVARLTANALMEIPNGLTEAAQAMGATKWQIVRKFYLSEALPTLINGITLTLVTLVGYSAMAGTQGGGGLGSLAINYGVYRNMPYVTWVATIIIVLFVMISQKLGDTLARKVDHR,length1,687
2,962074,961327,747,MNYRDELILQWVNQQGKASVIELAQHCDISVETIRRDLNKLANKGLLHRTHGGAVSNKTKDLGSFFQTRKHINATAKRHIAQKALDLLYENAVIGLDASSTSWYFAYLMPDIPCTVVTNSMFNINALVNKSNVKTIVTGGVYSAKYEAFYGPLSEYLLQRLHINFSVFSCSGIDKNGNIWESNELNASLKRKMMEASERAYLLIDSSKFEKTSLIQLADLSKINTIFSDRSLPDNLQKYCEQHDIMTVL,length1,747
2,966676,966028,648,MNRAELSQKIIDTCLEMTKLGLNQGTAGNVSVRYKDGMLITPTGMPYHLMKTENIVYVDGNGKHEENKLPSSEWQFHLSVYHTRPEANAVVHNHSIHCAGLSILEKPIPAIHYMVAVSGTDHIPCVPYATFGSHELASYVATGIKESKAILLAHHGLITCGENLDKALWLAQEVEVLASWYLKLLSTGLEIPLLSKEQMQVVLGKFHTYGLRIEES,length1,648
2,977812,976603,1209,MAKEQPNDLTEQLTDTPKTAVEQAETMQSVPQTIVKKTGTALSLLAILVALGIGGAGYYFGQQQIAEIQQKLTALENQTGANLSSNNTNNNKRLTQLEQSLKTAQENIAQLEQLIVSKTGEITSLQTQMKQVSQLAIAQQPSDWLFSEADFLLNNALRKLVLDNDVDTAVSLLKLADETLVKVNNSQANEIRSAINQDLKQLLSLSSVDQNAIMQKLSQLANTVDELQALNVNFDETSKNNDKLSNNITDWQQNIEKSATSFLNHFIRISPKQNSNKKELLAPNQDIYLRENIRLRLQLAIMAVPRQQNELYKQSLEAVSSWVRSYFDTNAEVTQNFLKLVDGLTDTSIYVDVPEQLKSLTLLDKYLNRTALDLQKVEIEADKAIDTMPKVEAVKPTQSESQQ,length1,1209
2,999139,996304,2835,MVDGLRQAETLSSQGFKELFEGYGNFNNTRNSIEIENVKTATITKGADSLKSGSGALGGSVIFETKDARDYLIDKDYYLSYKRGYQTMNNQNLKTLTLAGRSKKFDILVVDTKRDGHEIENYDYKIYPNKQADLSAVGPTREKADPYQITRQSTLIKLGFQPNENHRLSVALDDSTLETKGIDLSYALRPYSQSTSEKSEKYGERIINDQSKRKNIQFSYENFTQTPFWDHIKLSYSSQKITNKARSDEYCHQSTCNGVRNPQGLHLVEEGGIYKIKDKDNQDFQYVEDKSSYYPSYELHNSKGKKISNDVDTEGGSLDSVLIDCEKLNCENKKFRIYQETDENYEKKYTYQDRKIDVKTLPNGKKYGKIPLKSTQGKYGLTQDESAKFLFPKSFGYSTDFVNDRDLNTNTQQIKLDLDKEFSLWHTQHSLKYGGFYEKTLKSMVNHQYNTAANVQWWADYFFCARGENGNLGVEKIPQPNISVAGCANGTLLHSDKGKETYLIPVTTKNNVLYFGDNVQLTSWLGLDLNYRYDHVKYLPSYDEKIPVPNGLITGLFKKFGLKEYVYGNKNSVPKNQGYKDCTYTTECYKKNFQDNLALLLRKTDYKHHSYNLALNLDPTDWLRVQLKYANGFRAPTSDEIYMTFKHPQFSIQPNTDLKAETSKTKEVAFTFYKNSSYITLNAFQNDYRNFIDLVEVGPRPIEEGSTIAYPFHQNQNRDRARVRGIEIASRLEMGDLFEKLQGFHLGYKFTYQKGRIKDNGLNPKYKEFLDLNKAEHPEYEAIARKPQPMNALQPTTSVYNIGYDAPSQKWGMDVYITNVAAKKAKDTFNSQWTSMVKRKEKIYGSETDVPASKANGKEVKDSRGLWRNNRYTVIDTIAYWKPIKNLTFTAGVYNLTNKKYLTWDSARSIRHIGTINRVKTETGKGLNRFYAPGRNYRMSVQFEF,length1,2835
2,1003348,1003051,297,MTLSQRNARLRGWACNCSIHSFLPTIMPACTPPSNLSPEKETKPTPCATFSCTVDSFGKPYWLKSINAPLPKSVTTGTFISRPSSASSSSETEEVKPQI,length1,297
2,1008787,1008466,321,MVVVYPSSDLVLIKMSQFLPLLYLQLYKVRKKVLVLGIGRLEYVVIIYPHLRTPRGHLVVGKAHQFFLSLQPNIQFAQYDKPAILGAYHHASQQPNVPLHHLLNHHK,length1,321
2,1015060,1014490,570,MKVEKNVVVSISYQVRTQDGVLVDEAPANQPLEYLQGHNNLVVGLEKALEGKEVGDKFEVRVQPEEGYGAYSENMVQRVPKDVFQGVDELEVGMRFLADTDIGPVPVVITEIDGDEVVVDGNHMLAGQELHFTVEVVAAREATLEEIAHGHVHGAHSHDDDEEGHGCGCGGHHHEHNHEHNHGSCGCGGH,length1,570
2,1016947,1015213,1734,MKKKSLKLTALFLALSCFPAFAEQTVDIEVQGIRGFRAVRNTDLNVNLINKEEMDGSERYQHLVTKAVDRGLRVFGYYESSVRFERKQRQGKRDLLIAHVTPGEPTKIAGTDVQIEGEAAQDENFNALRKNLPKDGVLVEHQTYDDYKTAISRLALNRGYFDGNFKISRLEISPETHQAWWRMLFDSGVRYHYGNITFSHSQIRDDYLNNILNIKSGDPYLMNNLSDLTSDFSSSNWFSSVLVQPNVNHKSKTVDVEIILYPRKKNAMELGVGFATDGGVHGQIGWTKPWINSRGHSLRSNLYLSAPKQTLEATYRMPLLKNPLNYYYDFAVGWEGEKENDTNTRVLTLSALRYWNNARGWQYFGGLRTRYDSFTQADITDKTLLLYPTVGFTRTRLRGGSFATWGDVQKITFDLSKRIWLSESSFIKVQASSAWVRTYAENHRIVARAEIGYLHTKDIEKIPPTLRFFAGGDRSVRGYGYKKIAPKNKNGKLVGGSRLLTTSLEYQYQVYPNWWAATFADSGLAADNYTAKELYYGAGVGVRWASPVGAIKFDIATPIRDKDNSKNIQFYIGLGTEI,length1,1734
2,1020853,1016959,3894,MTEQLQPSETSPKSPEKPNKKHWVRKAICIGSAVIFIPVLGVAGALSFDAGQKSLIQLADKMLDSFSVEQIEGGLQNGLVLKNVRYQTAGIETHIAQARLQLDFGCLLSREVCLRDFTLNKPTIAINTALLPPSAPDNSKSGSMKRISLPISINAENLVVQDLSVNIDQTNITLGNFKSAVSLNNEKGLTLAPTEINDISVIAKKLPEGKPELKAEQPNKPVDWAAIEQSLTPAFLGNVSEIILPFDLHIPEISGKNWQYQAVNEKGETLQSVEMSSLIAQADTVDNQLQLQKLAVESSLGNLSSQGKLQLDGDMPLDLTLKSHLEPLKSDGKEILPASDVDLTLSGSLKKSTALSLKTKGVLDAELNGNVQLAQDKMPLNLTLNVAKGQYTFVNTMTPLKINDVTLKLTGDLLNYHAELKGNVAGMNYIPASQVELNADGKLYEVTVNKLGIASLDGKSEFVGNVNWKNGANWDIQADLEKMNIGFFVPVMPAILSGKLHSRGFADSQGWQVEVPTADLNGILSAKPISLKGSATLNQNVLLTVPDLQIRYGENYLKASGVLDDHSDFALDINAPNLRGLWSDLKGQVKGRVAISGQITTPNLDLDLTSSNLHLQGFQLAKASIKGHINNASLSSGKLNIKAEQLHYGENIKLHLLDLDLSGDEQNHKLILKSQGEPVAANLQINGHFDRTLEQWKGTISQVKFETPIGDVKSNQAIAVSYDNKQTQANIAAHCWQNTDIELCFPQAFNAGKQGNIPFQFKRVNLDLMNKLIEQDSLKGNLQAQGNVAWFTDKPFQFSTKVDGNHLAFSQKLDYRTFKLDIPKLTLNADIQNNNLVLKTDINLHNQGRIVGDIRLNDFVKTRQLGGTLAIERLNLSIANQLLTSGESVNGKVVSKLSFGGNLEKPLLNGDFNIRNIRTKLKSMPVNITDGDIALRFNGNRSTLQGKIETVDSHLNLTGRANWANIEHWTTELNAQANNFNVDIPSMAKLRFSPDITIKANPKELNLSGTVDIPWARIKIDSLPDTAEPVSEDEVILNGPHKSKEELIKREFAAKTKSGMDIRSDLRINIGKDVSLDAYGLKTNLDGLLSVKQDKGNLGLFGQINLTKGRYASFGQDLLIRKGLISFSGQAAQPTLNIEAIRNPETMEDSKITAGVRVIGIADSPEVTIFSEPSKPQDQALSYLLTGRSLESSGEVGSTGSVGAALIGLGISKSGKLVGSIGEVFGIQDLNLGTSGVGDKSKVTVSGNITNRLQIKYGVGLFDGLAEVTLRYRLMPQLYFQSVSSTNQVFDLLYKFEF,length1,3894
2,1024396,1023931,465,MSEKYVVTWDMFQMHARKLSERLLPASQWKGIIAVSRGGLFPAAVLARELGLRHIETVCIASYHDHNNQGELQVLHAAQVPNGGEGFIVVDDLVDTGNTARAIRQMYPNAKFVTVFAKPAGAELVDDYVIDIPQNTWIEQPWDLGLTFVPPLSRK,length1,465
2,1034239,1032961,1278,MDNNIQRLIDSAKQSLNSPESHKYIDESFESCIKCTACTAVCPVSRNNPLYPGPKQSGPDGERLRLKSAELYDEALKYCTNCKRCEVACPSDVKIGDLIVRARNNHLAQSKKPLMNKLRDAILSNTDVMGKINTPLAPIVNTITSLKATKFMLEKTLKISKERTLPKYAFGTFRSWYMKNALQDQQKFERKVAYFHGCYVNYNNPQLGKEFLKVFNAMNIGVMLLEKEKCCGLPLMVNGFPNRARNIAQFNTDYIGKMVDENGIDVISEASSCSLNLRDEYHHILGIDNAKVRPHIHMVTPFLYQLFKEGKTLPLKPLKLRVAYHTACHVDKAGWAPYTLEVLKKIPGLEIIMLPSQCCGIAGTYGFKSENYEISQSIGKNLFDNINEGGFDYVISECQTCKWQIDMSSNVTCIHPLTLLCMSMDA,length1,1278
2,1043464,1043188,276,MRLLILILLSVLVLFQYNFWFGSNGFLDYRQNAEKIKENQAENEKLSQRNQRINAEIQGLTKGFEAIEERARMQHGLVKENEVFYHIVKESK,length1,276
2,1048093,1047775,318,MRDLVRSGKVFLYGEFIGLLREDHHGFHFSYNPDYQGIPLSLSFPIEQSPFHSDTLFPYFASLVPEGWLKHKYAFHQRIDEGDMFRFLLNNGENMLGAVQIQEEKQ,length1,318
2,1061152,1060402,750,MENKYSDFMVYVDESGDHSLQSIDKNYPVFVLAFCIFYKDHYRNNIVPQIQKIKFDYFGHDMVILHEHEIRKEKGDFNIFTSREQREGFMERISSIIENTNFILAACVIDKRKTPQNETTHPYHFSLKHCLETLYEFVCEKHQEDKITFVAVESRGRNEDRELELEFLRICDGQNKFKKSLPFQVKIVPKQINSVGLQVADLVARPIGRHILDSNQPNRAFEILKKKFYCEGGRKILGENFDQKGLKHFP,length1,750
2,1061830,1061269,561,MQQITRCPWVGEQPIYIDYHDKEWGKPEFDSQKLFEKICLEGQQAGLSWITVLKKRESYRAAFHQFDPKKIAKMTALDIDACMQNSGLIRHRAKLEAIVKNAKAYLAMEKCGENFSNFIWSFVNHKPIVNDVPDLRSVPTKTEVSKALSQALKKRGFVFVGETTCYAFMQSMGLVDDHLNDCPCKTR,length1,561
2,1064404,1063936,468,MTSVIYPGTFDPITNGHLDIIERSAVIFPRVLVAVANSPSKKPLFSLEERVELVRQSVAHLSNVEVFGFSDLLANVIKQHNISAIIRGVRTTTDFEYELQLAALNRLLTKGVDSLFFPPAEKWAFVSSTIVREIYLHGGDVAELVPEPVFNALKAR,length1,468
2,1067494,1066918,576,MNILLLDGGKAFGHSHGELNHSLHKKAKEVLTALGHNVKETVIDAGYDVEAEIEKFLWMDAVIWQMPSWWMHEPWTVKKYIDEVLTSGHGKLYHSDGRHSVNPTEGYGTGGLLQGKKHMLSLTWNAPIEAFTREGDFFEGKGVDVLYMHFHKLNEFIGLTRLPTFLCNDVVKSPQVEQYLADYQAHLEKVFG,length1,576
2,1078138,1077136,1002,MAKPIVFSGVQPSGELTIGNYLGALRNWVKMQEDYECIFCVVDLHAITVRQDPVALRKATLDVLALYLACGIDPNKSTIFVQSHVPEHTQLSWVLNCYTYFGEMSRMTQFKDKSARYAENINVGLFDYPVLMAADILLYQAKSVPVGDDQKQHLEITRDIANRFNALYGNIFTIPEIFIGKAGARIMSLQDPEKKMSKSDDNRNNVVTLLEDPKSVAKKIKRAVTDSDEPPVVRYDVQNKAGVSNLLDILSVVTDKPIADLEKEFEGKMYGHLKTAVADEVSTLLAGLQERFHQYRNDETLLDNILRQGAEKARAKAQETLAKVYEAVGFVAAK,length1,1002
2,1078450,1078162,288,MAIQTEKPIECVGCNTFDMKSLFDNRDCSQVIEYIYDSEEQAQEALAFFTLKARDVESEPCEIQSEITKLDDGYLLKADFTFCCQAELVIFQMRIA,length1,288
2,1103050,1102234,816,MNLPFRAMVSDLDGTLLTPEHLVGDLTIDTLRALEQKGVDIILATGRNHTDVSSILGKIGAERAVMITSNGARVRDLQGNLLYSNSLPEELVLELYKTPFDTSKVCMNSYQDEGWFTNKDIPAMRQFHKESGFDYNVVDFSKHHGRGTEKVFFIGKTPEDLVEVETYLRDKFGDVTTIVYSALACLEVMNKNVSKGDALKHLLESREYESKDCIAFGDGMNDVEMLSWAGKGCIMKDADIRLKTACPDLEVIGSNKEESVACYLRTQFGLDY,length1,816
2,1106059,1105408,651,MNIKDEHIDSVCSLLDQLVGNVSFKNLFTGYGLFHKEETMFAIWQNKKLYLRGEGVLAIQLTKLGCEPFTTNELNKRFVLSQYYALSDQILRSNRLCRKLIILSIKQILERKLECTLRKLNRLKDLPNLTIKHERALIKVGITNVAMLREIGAENALVELKKSGSGATLDFYWKLVCALQNKNSQMLSQAEKERLLKKLNEVLRKNGLKGYRKLDDE,length1,651
2,1120318,1119376,942,MKKIPLKFTALSLFLLLSSIASAEELSAKQSLDKMTQALDNLNYEIAFVQTTPANMDSFRYRHIKQDNKTYAQLVTLDGHQQEIIQRDNLVSYFQPNAQAFTLNSGNIVDAMPAVVRANFDKLSSDYDFVKLGKDRVAGRFVDTIRIVPKDDFRYQYLVFVDEENGLLLRSDMLDREGKLLDQFRVVTLYIDDRLRGLTDYINKVSMPPLLKESKNKQTSNITWSAGWLPRGFSLRRYTQEVLENEIIDSALYSDGLFTFTLFVSNVGSNDLPENTWKQGAYTIYSEVIGGKEITFIGQLPISTAKRIVQEVKF,length1,942
2,1128043,1127140,903,MNIRDLEYLVALSEYKHFRRAADSCNVSQPTLSGQIRKLEDELGIILLERTSRKVLFTQSGMLLVDQARTVLREVKLLKEMASNQGKEMTGPLHIGLIPTVGPYLLPYIVPMLKAAFPDLEVFLYEAQTHQLLEQLETGRLDCAIVATVPETEAFIEVPIFNEKMLLAVSEHHPWAQESKLPMNQLNGQEMLMLDDGHCLRNQALDYCFTAGAKENSHFQATSLETLRNMVAANAGITFMPELAVLNEGTRKGVKYIPCYSPEPSRTIALVYRPGSPLRNRYERVASAVSDEVKSILDGLK,length1,903
2,1140082,1139632,450,MHNIDSLDQKILRVLTKDARTPYAEMAKNFGVSPGTIHVRVEKMRQSGIIKGTKVIIDERKLGYDVCCFIGIILKSAKDYEKVIKKLESFDEVVEAYYTTGNYSIFLKVMTHTIAELHSVLATKIQLIDEIQSTETLISMQNPILRDIKP,length1,450
2,1143190,1142776,414,MKSYLKTLIFFPLILQIVVTALLIWFDDDSSGVIVPFSSYALTAFLLATIPAFLTALLAAKFRYTRYNIASIVLVSSIISFVYCNMASYFYLLLLGEQDTSFWGWLTEGGLSLGLISTCGMVFYALFVMPWLLPKTRE,length1,414
2,1153441,1153117,324,MLKSNLKIDNRFSVMGVVSQLPKRLKSPSGIEHCKFLLEHRSDQIESGFTRQAWLKMPVQISGNQLIEKTQSITVGSKILVVGFITSHKTQSGLCQLVLHAEQIEFID,length1,324
2,1157128,1156825,303,MIPGEYQLAEGDILANVGRKTVKIEVTNSGDRPIQVGSHYHFFETNNALKFDRTLARGMRLNVPSGNAVRFEPGEVKSVELVAFGGNQIIYGFHNQIDGKL,length1,303
2,1159543,1158988,555,MKIINPILPIIENILGNLTALQAEGKITTQPIERVALQWYESERNILRKTTNTGREVAFRLLKEGQRLKHDDVVFISDELVIAIEILPSDVIVLSPKTLPEMARACYEIGNKHSPLFLDGDEVTLPYDKPMFEWLQAAGFHPQKAERRLSQALRANSAQGHGHSHSHSHDHHGYHHHGDGHWHKH,length1,555
2,1163479,1162063,1416,MTQFRKEVDLLGERDVPAEAYWGIHTLRAVENFNISNVTISDVPEFVRGMVMVKKATALANGELGAIPSDIAKAIVAACDEILTTGKCLDQFPSDVYQGGAGTSVNMNTNEVVANLALEKIGHKKGEYNVINPMDHVNASQSTNDAYPTGFRIAVYNSILKLIDKIQYLHDGFDNKAKEFANILKMGRTQLQDAVPMTVGQEFKAFSVLLEEEVRNLKRTAGLLLEVNLGATAIGTGLNTPQGYTELVVKHLAEVTGLACVPAENLIEATSDCGAYVMVHGALKRTAVKLSKVCNDLRLLSSGPRAGLKEINLPELQAGSSIMPAKVNPVVPEVVNQVCFKVIGNDTTVTFASEAGQLQLNVMEPVIGQAMFESIDILTNACVNLRDKCVDGITVNKEICENYVFNSIGIVTYLNPFIGHHNGDLVGKICAQTGKGVREVVLEKGLLTEEQLDDILSVENLMNPTYKAKLNK,length1,1416
2,1169704,1169125,579,MAKLYFYYSTMNAGKSTTLLQSSYNYRERDMSTLVYTAAIDDRFGVGKVTSRIGISQDAFLFRSETNLFDEINEHLKKEKVHCVLVDEAQFLSKQQVYQLSDVVDKLKIPVLCYGLRTDFQAELFEGSKYLLAWADQLEELKTICYCGRKANFVLRLNDQGEVIKEGAQIQIGGNDSYLSVCRLHYKEKCGQI,length1,579
2,1170961,1169743,1218,MLKNKTFGSALIIAGTTIGAGMLAMPLTSAGMGFGYTLLLLVGLWALLVYSGLLFVEVYQTADQLDDGVATLAEKYFGVPGRIFATLSLLVLLYALSAAYITGGGSLLSGLPTAFGMDAISLKTAIIIFTVVLGSFVVVGTKGVDGLTRVLFIGKLVAFAFVLFMMLPKVATDNLMALPLDYAFVVSAAPIFFTSFGFHVIMASVNSYLGGSVDKFRRAILIGTAIPLAAYLVWQLATHGVLSQSEFVHILQADPTLNGLVNATREITGSHFMGEVVRVFSSLALITSFLGVMLGVFEGLGDLFKRYHLPNNRFVLTVAAFLPPLVFALFYPEGFITALSYAGLLCAFYCLILPISLAWRTRIENPTLPYRVSGGNFALVFALLIGVVIMLIPFLIQWGYLPVVAG,length1,1218
2,1172227,1171435,792,MKKLTSILSLIVLVILAIWQYFTDTTKTKHQSSSPVIEQTKQTKVSEPKFEPKFEPQFETKRTDIEKSAVKNPDVFANYDVIMRNDHIGQNAKAPVDYYMLALSWSPGFCDIQREKYGDQLPYSSQYQCGNNRTFGWVVHGLWPQNANARAVSDHPRFCKGDLPALPKGLLAQYLAISPGEKLLQGEWEKHGSCAFDSAQQYFAKEQELFNALKLPNQKLSRDELFGWMKQHNPQLKNAYLRASRNELFICYDKKWQVMNCQSK,length1,792
2,1178947,1178161,786,MTALSEIFVPLHRIIPFSNVEGQGNRSSIFLQGCKLNCLYCHNPETIPRYTESAKLVSLQYLYEQVMEAVPFIRGVTVSGGEPTIHHKKLVPLFKALRSQGLTCYLDSSAFFEFDRVCSLIDVTDKFLFDLKGEGIGLQTLCFDRKNQAGIVPQQVILERLHIKNDKLERNLQNLAALLPLNKVEEVRLVFLKHFFDAEHLVGKVAQLLRNYPDVALKIIRVHSKGTRDEAGLSAHIPSVEETNVLSAYARQCGINKVLTIL,length1,786
2,1181698,1181272,426,MAKKVQAYVKLQVAAGMANPSPPVGPALGQQGVNIMEFCKAFNARTESLEKGLPIPVVITVYADRSFTFVTKTPPAAVLLKKAAGIKSGSGKPNKDKVGKVTLDQVRQIAETKAADMTGATIETKMKSIAGTARSMGLVVEE,length1,426
2,1186807,1182778,4029,MGYSYSEKKRIRKDFGKRPQVLNVPYLLTIQLDSFDKFIQKDPEGQQGLEAAFRSVFPIVSNNGYTELQYVDYRLEEPEFDVRECQIRGSTYAAGLRVKLRLVSYDKESSSRAVKDIKENEVYMGEIPLMTDNGTFVINGTERVIVSQLHRSPGVFFDSDKGKTHSSGKVLYNARIIPYRGSWLDFEFDPKDNLFARIDRRRKLPATIILRALGYTTEEILNLFFDKITFEIAGDKLLMTLVPERLRGETASFDIEANGKVYVERGRRITARHIKALEKDNISQVVVPSEYILGKVASKDYVDLESGEIICPANGEISLETLAKLAQAGYTTIETLFTNDLDYGPYISETLRVDPTYDKTSALYEIYRMMRPGEPPTPESSEALFNNLFFSAERYDLSAVGRMKFNRSLAFPEGEGAGILSNEDIIAVMRKLIDIRNGRGEVDDIDHLGNRRIRSVGEMAENQFRIGLVRVERAVKERLSLGDLDAITPQDLINPKPISAAVKEFFGSSQLSQFMDQNNPLSEVTHKRRISALGPGGLTRERAGFEVRDVHNTHYGRLCPIETPEGPNIGLINSLSAFARTNDYGFLETPYRKVVDGQVTEEIEYLSVIDEANYIIAQANSNLDENNRFTDAFVTARGERGESGLYKPEDIHYMDVSTQQVVSVAAALIPFLEHDDANRALMGANMQRQAVPTLRADKPLVGTGMEKPIALDSGVAVVAKRGGTVQYVDASRIVIKVNEDETIAGEAGIDIYNLIKYTRSNQNTCINQIPCVNLGDPINRGEVLADGPSTDLGELALGQNIRVAFMPWNGYNFEDSMLVSERVVQQDRFTTIHIQELSCVARDTKLGAEEITADIPNVGESALSKLDESGIVYVGAEVKGGDILVGKVTPKGETQLTPEEKLLRAIFGEKASDVKDSSLRVPNGTSGTVIDVQVFTRDGVEKDKRALEIEEMQLREAKKDLTEELEILEAGLFARVRNLLISSGADAAQLDKLDRTKWLEQTIADEEKQNQLEQLAEQYEELRKEFEHKLEVKRKKIIKGDDLAPGVLKVVKVYLAVKRQIQPGDKMAGRHGNKGVISKINPVEDMPYDENGQPVEIVLNPLGVPSRMNIGQILETHLGLAAKGIGDQINAMFKQKQEVEKLRSYIQKAYDLLGNGSQKVDLSTFTDEEVLRLAGNLRKGLPVATPVFDGADEAEIKELLKLGGLPTSGQITLYDGRTGEKFERPVTVGYMYMLKLNHLVDDKMHARSTGSYSLVTQQPLGGKAQFGGQRFGEMEVWALEAYGAAYTLQEMLTVKSDDVNGRTKMYKNIVSGNQHMEPGTPESFNVIMKEIRSLGLNIELDEE,length1,4029
2,1212583,1211974,609,MKAKLVSLLAQANIKISDQQIQQLIDLVNLLNKWNKAYNLTSVRDPQEMLVKHILDSLVVSPYLQGDRFIDVGTGPGLPGLPLAIINPSKQFVLLDSLGKRISFIRNAIRELGLTNVTPVLSRVEEYQPEDKFDGVLSRAFASLKDMTDWCHHLPKENGYFYALKGIYQEDEINELNKKYTIQKVIELSVPELIGERHLIVLR,length1,609
2,1228093,1227820,273,MASQSSHYIYSIIFSIGNTKIELAPASFNCSIVSQNKFSWLTTCIATRVVSLANGKMVGFSTPGKSAVIFSSFSFGAWSIIYLLSAACCTP,length1,273
2,1230067,1229206,861,MIYSMTAFARLEVKKDWGDAVWEIRSVNQRYLENFFRLPEQFRGLENTLREKLRQSLTRGKIECSLRIETKKQTNAELNLNKELANQVIQSLQWIKTQAGEGEINLTDVLRYPGVVEAQEQDLDAISQDLLTAFDDLLTDFIAMRGREGEKLNDIIQQRLDAIAVEADKVRSQMPAVLQWQRERLLQRFEDAQLNLDPQRVEQEMILLAQRVDVAEELDRLQMHVKETTNILKKGGAVGRKLDFMMQELNRESNTLASKSINADITASAVELKVLIEQMREQIQNLE,length1,861
2,1230919,1230079,840,MSQFISLTQYQLIEVQGADVEKYLQGQLTSDVVRLASGATTLTAHCDPKGKMNAIYRLFKVSSEQVFLLVKKDILPSALDALKKYAVFSKVSFDLRDWQIIGVIGEKCGKITPHFSLEIDGQRSILLNETELPVNFNGDEKIWEVADIQAGLPNLSPQTQNEFIPQALNLQAVEQAISFTKGCYIGQETVARAKYRGANKRAMFIFKAQTQQEVEIGSEIEMQLEANWRKTGTITSAVNLDGILWLQVVMNNDMDSEQQFRLPSNEILLERVQLPYSITE,length1,840
2,1242049,1241338,711,MNIIKRCKNIYAGIAVRKMPNKSAEENMKGKFIVIEGLEGAGKSSAHQSVVRVLHELGIQDVVFTREPGGTPLAEKLRDLIKHETEEPVTDKAELLMLYAARIQLVDNVIKPALMQGKWVVGDRHDMSSQAYQGGGRQLDPHFMLTLKETVLGDFEPDLTIYLDIDPRVGLARARGRGELDRIEQMDLDFFHRTRARYLALVKDNPKAVVINAEQSIELVQADIERAVKNWWKSNEK,length1,711
2,1245766,1244470,1296,MIMELFHTILAIVALILSSAVVSSAEISLASSRKLKLQSLANKGDVRALQVLKLQEHPGRFITVVQILLNMVAILGGGIGESALSPYIADILNRSFEGSWIEPTASTIAFILVTCLFILFADLIPKRIAITYPEMVALSVVGIMNFSMYVFKPLVWFFDTIANVFFRLFRISTVREDGMTSEDIFAVVEAGAEAGVLKTQEHYLIENIFDMQARTVTSTMTTRENIVYLDRTFSRQEVMDTLSRDSHSKIVICDNGLDKILGYIESHTLLTMYLQNENVVLTDPKLLRKALFVPDTLSLYEVLELFKSTGEDFAIIVNEYALVVGIVTLNDVMSIVMGELVSNEEEYIVSRDENSWLIDGATPLKEVTRVLDIAYFPDEENYETISGFMMYMLRKIPKKTDSVVYGKYKFEVIDTENFKIDQILVSLVKEQE,length1,1296
2,1246939,1246405,534,MTMFKKISVLFFTLILAGCSSWSSVTNHIPFMGNDKKVIDLDKDKIDQKSYAAAYEATVATYKGRVNENFFVDNFASGANDWYLGRILVPVKQIQDKLYTGGHDSDVYAYYSGVLHAEALQANLKRLSANCWEKVDSQSMAQGIYDAMRDLQKGEARGENDEYIVQGSEALLKACTSK,length1,534
2,1249453,1248514,939,MASVVTITLNAAYDLVGRLNRIQLGEVNTVETLGLFPAGKGINVAKVLKDLGVNVAVGGFLGKDNSADFEQMFNQHGLKDKFHRVNGKTRINVKITETEADVTDLNFLGYQISPQIWQQFVTDSLAYCLDYDIVAVCGSLPRGVSPELFADWLNQLHQAGVKVVLDSSNAALTAGLKAKPWLVKPNHRELEAWVGHSLNSLEEIIAAAQQLKAEGIENVIISMGAKGSLWINNEGVLKAEPAKCENVVSTVGAGDSMVAGLIYGFEKGLSKTETLAFATAVSAFAVSQSNVGVSDLSLLDPILEKVQITMIEG,length1,939
2,1261165,1260754,411,MKHWFFLIILFFMNCSWGQDPFDKTQRNRSQFDNAQTVMEQTEIISSDVPNNLCGADENRQAAEIPLNALKLVGVVISKDKAFALLQDQGLQIYSVLEGVDVAQEGYIVEKINQNNVQFMRKLGEQCDSSEWKKLSF,length1,411
2,1262512,1261177,1335,MKKYFLKCGYFLVCFCLPLIVFANPKTDNECFFIRLSQAPLAQTLEQLAFQQDVNLVMGERLEGNISLKLNNIDMPRLLKIIAKSKHLTLNKDDGVYYLNGSQSGKGQVAGNLTTNEPHLVSHTVKLHFAKASELMKSLTTGSGSLLSSAGSITFDDRSNLLVIQDEPRFVQNIKKLIAEMDKPIEQIAIEARIVTITDESLKELGVRWGIFNPTENARRVAGSLTGNSFENIADNLNVNFATTTTPAGSIALQVAKINGRLLDLELSALERENNVEIIASPRLLTTNKKSASIKQGTEIPYIVSNTRNDTQSVEFREAVLGLEVTPHISKDNNILLDLLVSQNSPGSRVAYGQNEVVSIDKQEINTQVFAKDGETIVLGGVFHDTITKSEDKVPLLGDIPVIKRLFSKESERHQKRELVIFVTPHILKAGETLEALKQKSAGKK,length1,1335
2,1263211,1262527,684,MNFFNFRCIHCRGNLHIAKNGLCSGCQKQIKSFPYCGHCGAELQYYAQHCGNCLKQEPSWDKMVIIGHYIEPLSILIHRFKFQNQFWIDRTLARLLYLAVRDAKRTHQLKLPEAIIPVPLYHFRQWRRGYNQADLLSRQLSRWLDIPNLSNIVKRVKHTYTQRGLSAKDRRQNLKNAFSLVVSKNEFPYRRVALVDDVITTGSTLNEISKLLRKLGVEEIQVWGLARA,length1,684
2,1263883,1263289,594,MEQATQQIAISDAAQAHFRKLLDTQEEGTNIRIFVVNPGTPNAECGVSYCPPNAVEESDIEMKYNTFSAFIDEVSLPFLEEAEIDYVTEELGAQLTLKAPNAKMRKVADDAPLIERVEYVIQTQINPQLANHGGRITLIEITEDGYAVLQFGGGCNGCSMVDVTLKDGVEKQLVSLFPNELKGAKDITEHQRGEHSYY,length1,594
2,1264744,1263952,792,MKILQQDDFGYWLLTQGSNLYLVNNELPFGIAKDIDLEGLQAMQIGEWKNHPLWLVAEQESDEREYVSLRNLLSLPEDEFHILSRGVEINHFLKTHKFCGKCGHKTQQTQDELAVQCIHCGYQTYPVICPSIIVAVRRGHEILLANHKRHYSPNGGIYTTLAGFVEVGETFEQAVQREVFEETGISIKNLRYFGSQPWAFPNSQMVGFLADYESGEITLQESEIHDAQWFSYDQPLPELPPTGTIARKLIHVTLELCKAEHKCD,length1,792
2,1265782,1265512,270,MNKTDLIDAIANAAELNKKQAKAALEATLDAITASLKEGEPVQLIGFGTFKVNERAARTGRNPQTGAEIQIAASKVPAFVSGKALKDAIK,length1,270
2,1289515,1288711,804,MNITAIRNEQNPQPLIQLKNINVVFAQKTALQDINLNIYPNSIITIVGPNGGGKSTLLKTLLKLQMPTSGEVIYSKNVRIGYVPQKIHLDHSLPITVERFLSLKKGIKTQEISTALEQLSISHLRKSNMQKLSGGEMQRVLLTRAILNKPNLLVLDEPTQGVDITGQAELYQLIHQTQQKLNCAVLMVSHDLHIVMADSKEVLCINQHICCAGTPDVLSNDPTFMRLWGNQIAQNVGFYTHHHNHHHTLHGDVCGCNSSAVHCQNKDK,length1,804
2,1291336,1290391,945,MNQEYLDFELPIAELEAKIEALRAASDDKVDLTDEIKRLQKKSNELTKKTFANLDAWQVSRMARHPNRPYTLDYIEHIFTEFEELAGDRAFADDKAIVGGLARLDGRPVMVIGHQKGRSVKEKVQRNFGMPAPEGYRKALRLMEMAERFKLPIITFIDTPGAYPGIGAEERGQAEAIARNLREMAQLTVPVICTVIGEGGSGGALAIGVGDKVNMLQYSTYSVISPEGCASILWKSAEKASTAAEVMGLTASRLKELNLIDSIMQEPLGGAHRNYAKIAENLKLRLKEDLAELDELSKEELLNRRYERLMSYGYC,length1,945
2,1301296,1300714,582,MSEIKLIVGLGNPGDKYTDTRHNAGEWLIERLARRFNVSLNPESKFFGKTARTLVNGKEVRLLVPTTFMNLSGKAVGALASFYRIKPEEILVIHDELDLPAGTAKLKQGGGHGGHNGLKDIVAQLGNNNNFYRLRIGIGHPGHRDLVAGYVLNKPSPADRDALEKVLDEATDCVEIIFKDGMIKATNRLNSFKI,length1,582
2,1304401,1302511,1890,MSSIKYRPEIDGLRAIAVISVIIYHLNENWLSGGFLGVDIFFVISGFLITGIIITEIQQNSFSLKQFYTRRIKRIYPAFITVMALVSFIASVIFIYNDFNKLRKTIELAIAFLSNFYLGLTQGYFDLSANENPVLHIWSLAVEEQYYLIFPLILILAYKKFREIKVLFIITLILFFILLATSFIPANFYKEVLHQPNIYYLSNLRFPELLVGSLLAIYHNLSASKQASKQASKQASKQASNVIAILSTLLLFSCLFLMNNDIAYIPGITLILPCIFTALIIHTTSQNNIIKLCLSNKVIVFIGKISYSLYLYHWIFIAFAYYITGEKQINNQSIAIVIILTIIFSVLSYYLIEQPIRKSKLNFKQSFLYIYFIPSLLLLGFNLYKRQTIRAEKEHIEQSIPVSNENHYPAKVIILGDSHSSHLEAFLNYVGNKEGWKADIFKDKFECSFIVNEQYQLDPNCQSVWQKDSQYKAIFISAFYDLRMGGQPVPRFRPETFIEPDFKARFKNTVKQLAMQKPVYVFANNSSVSRSPLRGYLLENYGLEKYLTPIHRMGDIDASNKIIHDLVKDIPNVYWVDAQQYLPKDSVMAEGKYLYGDQDHLTNFGAYYMAKEFSKYQRVMTPEQVKKLYE,length1,1890
2,1312522,1312105,417,MARRQRKAIKSEINIVPFLDVLLVLVLIFMATAPIISQSVQVELPDSVQSQEVSNEDKVPVILEVAGIGKYAISIGGERQEGLTEEMVTQLSRQEFDKDNNTLFLVGGAKEVPYEEVIKALNLLHLAGIKSVGLMTNPI,length1,417
2,1313758,1312654,1104,MGGGEGEGDVIGAVIVDTGTAAQEWGRIQQQKKGQADKQKRPEPVVEEKPPEPNQEEIKHQQEVQRQEELKRQQEQQRQQEIKKQQEQARQEALEKQKQAEEARAKQAAEAAKLKADAEAKRLAAAAKQAEEEAKAKAAEIAAQKAKQEAEAKAKLEAEAKAKAAAEAKAKAEAEAKAKADAEAKAKLEAEAKAKAAAEAKAKAEAEAKEKADAEAKAKAAAEAKAKAATEAKRKADQASLDDFLNGGDIGGGSASKGGNTNKGGTQGSGAALGSGDGGKVGDQYAGVIKKEIQRRFLKDPNFAGKVCRIKIQLGRDGTILGYQKISGSDDICSAALSAVARTKKVPAAPSDEIYEKYKSPIIDFDIR,length1,1104
2,1317238,1316788,450,MKLTSKGRYAVTAVLDIALNADGGPVSLADISERQHISLSYLEQLFAKLRKDGLVKSVRGPGGGYQLGLPSEQISVGMIIAAVNENIHVTKCLGRENCKNGVECLTHELWEDLSLRIESFLNEITLAELVNKRNVKRQSHRDFSNLLVNQ,length1,450
2,1318519,1317307,1212,MKLPIYLDYAATCPVDERVAKKMMAFLTIDGTFGNPASRSHKFGWQAEEAVDIARNQIADLIGSDSREIVFTSGATESDNLAIKGAAHFYQTKGKHIITCKTEHKAVLDTCRQLEREGFEVTYLSPEADGLIDLEKFKAALRPDTILASIMHANNEIGVLQDIKAIGELCRANKTIFHVDATQSVGKVEINLEELAVDLMSMSSHKLYGPKGVGALYVRRKPRIRLEAIIHGGGHERGMRSGTLPVHQIVGMGEAYRIAKEEMASEMPRLKALRDRLYNGLKDIEETYVNGSMEHRLDSNLNISFNYVEGESLMMALRDIAVSSGSACTSASLEPSYVLRALGLNDELAHSSIRFTLGRYTTEEEIDYTINLMKGAVEKLRALSPLWDMFKEGIDLNTIEWSAH,length1,1212
2,1331290,1330411,879,MRNSFKIMTALALGLFAMQANAKFKVVTTFTVIQDIAQNVAGNAATVESITKPGAEIHEYEPTPKDIVKAQSADLILWNGLNLERWFERFFQNVKDKPAVVVTEGIQPLSIYEGPYKDAPNPHAWMSPSNALIYIENIKNALVKYDPQNAAVYEKNAADYAQKIKQLDEPLRAKLAQIPEAQRWLVTSEGAFSYLAKDYNLKEGYLWPINAEQQGTPQQVRKVIDLVRKNNIPVVFSESTISAKPAQQVAKESGAKYGGVLYVDSLSAKNGPVPTYIDLLNVTVSTIVKGFGK,length1,879
2,1333870,1333057,813,MFDWLLEPLQFEFMQNALLTALIVSIICALLSCYLVLKGWSLMGDAISHAVLPGIVLAYLAGIPLAIGAFFSGIFCSLGVGYLKENSRIKEDTAMGIVFSGMFAIGLVMFTKIQTEEHLTHILFGNVLGVSHQELIQSAVISAIIFCLIVFKRKDFLLYCFDPSHARVAGLSPKILHYGLLILLALTIVSTMQVVGVILVVAMLIAPGITALTLTKSFDKMLWIAIVSSITSSLIGVILSYHFDASTGACIILLQAAFFVIALAYSKIRIR,length1,813
2,1351765,1349575,2190,MKIVRVALAVPLPRLFDYFVPDDVSLQIGMRVLVPFGTQKRVAIVADFPTKSDVPEDKLKAILQPLDLAPVFTPIYWDWLHWAANYYQAGLGDVLFQALPVKLRNGESAVKNDRTFWRITDAGKNVLKQGELKRSKKQAEALQYLSETDLEKGNNNFSSAIWSALKAKGFIEEITIHTNPLSWQQRLGNNPIVNAENRLTLNKQQALAFSQLLFHSGFNVWLLDGVTGSGKTEIYLQYIEEILKSGKQVLVLVPEIGLTPQTVQRFKARFNVEIDVLHSNLTDTQRLYVWDRARSGQSAIVIGTRSALFTQFSNLGAIILDEEQDASYKQQDSWRYHARDLAIVLAQKLNIAVLMGSATPSLESINNVQNGKYQHLVLSKRAGNSTALRHFVIDLKNQNIQNGLSKPLLERMKAHLEKGNQVLLFLNRRGFASVLLCHECGWIAQCPHCEKPYTYHQHQNVLRCHHCGAQKTIPRQCGDCGSTHLVTTGLGTEQLEETLKTLFPHYSVARIDRDSTARKGKLEGYLEDIQQGKSQILIGTQMLAKGHHFPNVTLVALVNVDSALFSLDFRAEERLAQLYIQVAGRAGRADKQGEVVLQTHYPDHPLLTTLLANGYQAFAKETLQLRHSMGLPPFTFQALFKAQARHSDLAENCLSQIADFFQSKQITGLQMLGPMPAPFSKKAGQYRWQLLLQHPSRMTLQKALREYQQAELEKNSLVRLILDVDPQDLS,length1,2190
2,1353103,1352461,642,MMLGSKFSWMVSRESVKGRLKRCNNPVKSLTRCESKTLYCGIDWVNSLAVLLINPTKKKNTKEIKTKSKVMANQCGTRRWVIALIIGEQIIAIKSDSKNGTTISAANFTPAKIIITAAMPSKVRCKFKLFCTKSHPRFLRPCECGSLAQRDKQKFCRHRFCLFVPFQQSLQYIDPQVHQEPLLPISLSAENPPYIPHHDKVLYDLFGDQIRVLP,length1,642
2,1362055,1361491,564,MATYTTSDFKPGLKFMQDGEPCVIVENEFVKPGKGQAFTRTRIRKLISGKVLDVNFKSGTSVEAADVMDLNLTYSYKDDAFWYFMHPETFEQYSADAKAVGDAEKWLLDQADCIVTLWNGAPITVTPPNFVELEIVDTDPGLKGDTAGTGGKPATLSTGAVVKVPLFVQIGEVIRVDTRSGEYVSRVK,length1,564
2,1371187,1370449,738,MAGHSKWANIKHRKAAQDAQRGKIFTKLIRELVTAAKIGGGDVSANPRLRAAVDKALSNNMTRDTINRAIDRGVGGGDDTNMETKIYEGYGPGGTAVMVECLSDNANRTISQVRPSFTKCGGNLGTEGSVGYLFSKKGLILIAEADEDALTEAAIEAGADDIQPQDDGSFEIYTAWEDLGSVRDGIEAAGFKVQEAEVTMIPSTTVDLDIETAPKLLRLIDMLEDCDDVQNVYHNGEICDEVASQL,length1,738
2,1372483,1371871,612,MIGRLQGILLEKQPPEILLNVQGVGYELLLPMTSFYDLPEIGQETTLFTHLVVREDAHLLFGFAQKTDRTLFRELIKTNGVGPKLALAILSAMSVEQFAYAIEREELSKLTKIPGVGKKTAERLLVELKGKFKGIKQSDFFVESTHIPLSPSIESHSESSSDEAISALIALGYKPAEAEKMVKRVAKPELTSEQVIREALKAAL,length1,612
2,1383436,1383154,282,MTTSGFHSFKHFSIASQFGMPSCALKAGKACAVPVILCPMAQPILLVPKSKARAVIPINYAPLALTQNYKDEYQVTDWLQHNDLHRAYQIKFDR,length1,282
2,1388587,1388251,336,MEFADNRSIYLVQYLLVFAYFFPFFAIRIAEKVRSILQTNFSFSQCHRQQRLNKRKMNEINNTANLEKRFYINRANDCDCNYCYFSHYRNSFLSKLYQKSCGIRITASFCAL,length1,336
2,1390261,1388869,1392,MTSYALLHTQRVIAQNGEIFTISPDLWERNRQQQSLLLRYFALPLKEENNRLWLGVDSLSNLSACETIAFITGKPVEPILLESSQLKELLQQLTPCQMQVEEQVKFYQHQETHFEQEDDEPVIRLLNQIFESALQKNASDIHLETLADQFQVRFRIDGVLQPQPLISKIFANRIISRLKLLAKLDISENRLPQDGRFQFKTTFSDILDFRLSTLPTHWGEKIVLRAQQNKPVELSFSELGMTENQQQAFQRSLSQPQGLILVTGPTGSGKSISLYTALQWLNTPDKHIMTAEDPIEIELDGIIQSQINPQIGLDFSRLLRAFLRQDPDIIMLGEIRDEESARIALRAAQTGHLVLSTLHTNDAISAISRLQQLGIQQHEIENSLLLVIAQRLVRKICPKCGGNLINSCDCHQGYRGRIGVYQFLHWQQNGYQTDFENLRESGLEKVSQGITDEKEIERVLGKNS,length1,1392
2,1406458,1404736,1722,MITEKKMSVSVFNRCWSKVILETLVRQGVSHVCIAPGSRSTPLTLEAVRLQNAGSVTCYTHFDERGLGFFALGIAKATQLPVAIIVTSGTATANLYPAIIEARQTGVNLFVLTADRPPELWECGANQAILQQNMFGQYPVANVNLPKPKADYSAQWLISLLEQAAFQQKQQGGVVHINVPFAEPLYDATDEAVDSHPWLQPLQRWLIQNKSWINVEAQQNEVLMHENWDHWRTKRGVVVVGQLPAEQAMGINSWASAMGWVLLTDIQSGVVPTTPYEDIWLANQTVREKLLQADIVIQFGARFISKRINQFLQAFKGEFWLVEQSGKALDPYHHSLTRFNAKAHHWLRAHPPLRQKPWLLEPLALSKFCATFIEQQVGGNLTEASFALRLPTLLPYNGVLFLGNSLLVRLVDALTQLPESYPVYTNRGASGIDGLLATAAGIGIGSNKPVVAVIGDTSTLYDLNSFALFKNVTQPTVIFVINNNGGAIFDMLPVDEQVKDQFYRLPHNGDFSQIAAMFDLKYAHPYTWADLNSVVKQAYSRRKATLIEIKTNPSDGSSLYKRLIEQISHAVIGA,length1,1722
2,1407262,1406521,741,MINIIFLHGLLGTKNDWQKVIENLPHFNCIALDLPFHGQAKDIEVTNFEETAEYLAKQIKSAVKNEPYFLVGYSLGGRIALYYALQAQVERFNLQGVILEGANLGLKTDEEKQARFQQDFAWAQRFLQEPPEKVLNDWYQQPVFSHLTTEERLQLVEKRKSNCGENIGKMLLATSLSKQPDFSEKVRLSSLPFFYFCGERDHKFQTIAKENQINLVTIPCAGHNSHLENSKYFSKKIENCVLKIARP,length1,741
2,1410997,1410517,480,MSEISTALSEDCPCQSGHHYADCCGKFHLRQAFPETAEQLMRSRYTAYVLKNIPYIVVTTVPSQQTLLEPRLLQEWADNTVWLGLEILKTESLTKTQSAVEFKAIFQGEEREQVHQERSIFVKIEDRWYFMDPTVSLPTMKQPCVCDSGKKFKHCCGRFL,length1,480
2,1415668,1414228,1440,MKLDAPFNLDPNVKVRTRFAPSPTGYLHVGGARTALYSWLYAKHNNGEFVLRIEDTDLERSTPEATAAIIEGMEWLNLPWEHGPYYQTKRFDRYNQVIDEMIEQGLAYRCYCTKEHLEELRHTQEQNKEKPRYDRHCLHDHNHSPDEPHVVRFKNPTEGSVVFDDAVRGRIEISNSELDDLIIRRTDGSPTYNFCVVVDDWDMGITHVVRGEDHINNTPRQINILKAIGAPIPTYAHVSMINGDDGQKLSKRHGAVSVMQYRDDGYLPEALINYLVRLGWGHGDQEIFSREEMINYFELDHVSKSASAFNTEKLQWLNQHYIRELPPEYVAKHLEWHYKDQSIDTSNGPALTDIVSMLAERCKTLKEMASSSRYFFEEFETFDEAAAKKHFKGNAAEALAKVKEKLTALSSWNLHSIHEAIEQTAAELEVGMGKVGMPLRVAVTGSGQSPSMDVTLVGIGRDRVLVRIQRAIDFIHAQNA,length1,1440
2,1416685,1415971,714,MRPNNRENNQPRQIKITRNYTKHAEGSVLVEFGDTKVLCTATVEDAVPRFLKGQGQGWVTAEYGMLPRSTHSRMQREAAKGKQGGRTMEIQRLIARSLRTMVDLKALGERAITLDCDVIQADGGTRTASITGAAVALCDAINGLIENGTLKTNPIKGLVSAISVGIVDGQAVCDLEYVEDSAAETDMNVVMMEDGRMIEVQGTAEGEPFSHEELLTLLDLAKQGCNQIFIAQREALGL,length1,714
2,1432501,1431745,756,MTPFSIHNNVLMHQFQQDNQYFIFNFDRTFEQATEFFQAEFWQKQERVIGSAKGRGTTYFLQTEDWFGVNCALRHYYRGGLWGKLNKDRYRFSALETTRSFAEFHLLQRLYEAGLPVPKPIAARIQKGKLGICYQADILTEKIENAQDLTALLQTQTLPKETWRQIGRLIRKLHDLQICHTDLNAHNILLQQAEQEQKCWLIDFDKCGKKSGDFWKAQNLNRLKRSFEKEVGRMNIQFTEQNWADLTAAYHQ,length1,756
2,1442794,1439965,2829,MENIDIRGARTHNLKNINLTIPRNKLVVITGLSGSGKSSLAFDTLYAEGQRRYVESLSAYARQFLSLMEKPDVDSIEGLSPAISIEQKSTSHNPRSTVGTITEIYDYLRLLFARVGEPRCPDHDVPLTAQTISQMVDKVLSLPEDSKMMLLAPVVKNRKGEHLKILENIAAQGYIRARIDGEICDLSDPPKLALQKKHTIEVVVDRFKVRSDLATRLAESFETALELSGGTAIVADMDNPKAEELVFSANFACPHCGYSVPELEPRLFSFNNPAGACPTCDGLGVQQYFDEDRVVQNPTISLAGGAVKGWDRRNFYYYQMLTSLAKHYHFDVEAPYESLPKKIQHIIMQGSGKEEIEFQYMNDRGDVVIRKHPFEGILNNMARRYKETESMSVREELAKNISNRPCIDCGGSRLRPEARNVYIGKTNLPIIAEKSIGETLEFFTALSLTGQKAQIAEKILKEIRERLQFLVNVGLNYLSLSRSAETLSGGEAQRIRLASQIGAGLVGVMYVLDEPSIGLHQRDNERLLNTLIHLRNLGNTVIVVEHDEDAIRAADHIIDIGPGAGVHGGQVIAQGNADEIMLNPNSITGKFLSGADKIEIPKKRTALDKKKWLKLKGASGNNLKNVNLDIPVGLFTCVTGVSGSGKSTLINDTLFPLAQNALNRAEKTDYAPYQSIEGLEHFDKVIDINQSPIGRTPRSNPATYTGLFTPIRELFAGVPEARARGYNPGRFSFNVRGGRCEACQGDGVLKVEMHFLPDVYVPCDQCKGKRYNRETLEIRYKGKTIHQVLDMTVEEAREFFDAIPMIARKLQTLMDVGLSYIRLGQSSTTLSGGEAQRVKLATELSKRDTGKTLYILDEPTTGLHFADIKQLLEVLHRLRDQGNTIVVIEHNLDVIKTADWIVDLGPEGGSGGGQIIATGTPEQVAKVKSSHTARFLKPILEKP,length1,2829
2,1447288,1443115,4173,MKKTVFRLNFLTACISLGIVSQAWAGHTYFGIDYQYYRDFAENKGKFSVGAQNIDVYNKEGKMIGTMMKDVPMPDLSSLAKGGYATLVGDQHLVSVAHNVGYQDVDFGAVGKNPDRHNYGYKVVKRYNYQKDERHHFATDYQHPRLAKFVTEVAPIDMVTDTRGHLYANLEQYPMRVRAGSGHQYWKDKNNNINGDLAYGGAWLTGGNTFMDGGSSNGVLYLNGRVQQPNKYGPLPIAGARGDSGSPFFVYDQIKKKWLLNGVLREGHPYAGTGNAYQVARQEYLEEVQTKDITVSYLSHNANYALKTISDGNGKITQNDRISMDIGLYSNALPYDSRGGNKGDISPDYKGPNPWSPALHNGKTMYLGDTGKGTLTIENNVNQGAGGIYFEGDFVVKPRENNVTWQGAGVSIGEYATVEWKVKNPKGDRLSKIGVGTLLVNGIGENLGSISVGNGTVILDQKADDDGNKQAFKEVGIVSGRGIVKLNSADQVDPNNIYFGFRGGRLDLNGSDLTFTRIQNVDEGAMLVNHNTNKESNITITGSNTINDKESDLTNKRDIAFNGWFGDKDDSRNIGRLNIHYSPSNSDNHLLFSGGANLKGNITQNGGNLILSGRPTPHAYNHLREDLSKREGIPQGEIVWDHDWINRTFKAENFQIKGGSAVVSRNVSSIEGNWTISNNANATFGVVPNQQNTICTRSDWTGLTTCKTENLTDTKVINSIPTTQINGSIDLTDSATANVKGLAKLNGNVTLIDHSQFTLSNNATQTGNIKLSNHANATVDNANLNGNVNLTDSAQFSLKNSHFSHQIQGGEGTTVTLENSTWTMPSDTTLQNLTLNNSTVTLNSAYSASSNNAPLRRRRSLETETTPTSAEHRFNTLTVNGKLSGQGTFQFTSSLFGYKSDKLKLSNDAEGDYTLSVRNTGKEPVTLEQLTLVESKDNKPLSDKLKFTLENDHVDAGALRYKLVKNNGEFRLHNPIKEQELRNDLVRSEQAERTLEAKQAELTAETQQSEAKVRSKRAVFFDTLPDQSQLNVLQAKQVEPTAKTQTGEPKVRSRRATRAAFPDTPLDLSQLKVLQVKLEAINVQQQTEKERQAQEEEAKRQRKQKELISRYSNSALSELSATVNSMLSVQDELDRLFVDQAQSAVWTNIAQDKRRYDSDAFRAYQQKTNLRQIGVQKALANGRIGAVFSHSRSDNTFDEQVKNHATLTMMSGFAQYQWGDLQFGVNVGAGISASKMAEEQSRKIHRKAINYGVNASYSFHLGQLGIQPYLGVNRYFIERENYQSEEVKVQTPSLVFNRYNAGIRVDYTFTPTDNISIKPYFFVNYVDVSNANVQTTVNRTMLQQSFGRYWQKEVGLKAEILHFQLSAFISKSQGSQLSKQQNVGVKLGYRW,length1,4173
2,1450585,1449439,1146,MKYELDKTSGNARRGRLVFERPQGTFSVETPAFMPVGTYGTVKGMTPEEVRATGAEILLGNTFHLWLRPGQEVMRKHGDLHDFMQWHRPILTDSGGFQVFSLGKLRKITEEGVKFQNPINGERIFLSPEKSMEIQYDLGSDIVMIFDECTPYPATFDYAKKSMEMSLRWAKRSRDRFDELGNKNALFGIIQGGVFEELRKVSLEGLVNIGFDGYAVGGLAVGEPKEDMHRILEYICPQIPADKPRYLMGVGKPEDLVEGVRRGIDMFDCVMPTRNARNGHLFVTDGIVKIRNAKYRDDTSPLDPECDCYTCKNYTKAYLYHLDKCGEILGARLNTIHNLRYYQRLMAEIRQAIEDDRFDDFVVEFYARMGKPVPPLQLADKS,length1,1146
2,1454692,1453717,975,MMKLFTKDKDGHFIREINGIKLPFPLTEFMKVRKWGYILSALLMVISLFFIITKGFNWGLDFTGGVVFDTHFSQSANLEQIRSKLHENGIESPVVQTTGSVQDVMIRLPASNNDSTIGEHVKSMLQNVDKDIQIRSIEFVGPNVGEELAQGAVYATLATLAMVLIYVGSRFEWRLGFGSIASLAHDVIITLGVFSALQIEIDLTFVAAILSVVGYSINDSIVVFDRVRENFRKIRRLDTIDIIDISLTQTLSRTIITSVTTLVVVMALFFFGGPSIHNFSLALLVGIGFGTYSSIFVAIAIAYDVGLRREHMIPPKVDKEIDELP,length1,975
2,1465591,1465126,465,MIISSLTNPNFKVGLPKVIAEVCDYLNTLDLNALENGRHDINDQIYMNVMEPETAEPSSKKAELHHEYLDVQVLIRGTENIEVGATYPNLSKYEDYNEADDYQLCADIDDKFTVTMKPKMFAVFYPYEPHKPCCVVNGKTEKIKKLVVKVPVKLI,length1,465
2,1468399,1467313,1086,MLLANSPLSNQYNDFLNLPVSLQIGSFSINKTLIHWINDGFMAVFFVLVGMEVKKELFEGALSTYQQAIFPAIAAIGGMVIPAVVYWFIAKQDPSLANGWAIPMATDIAFALGIMALLSKQVPLPLKIFLLALAIIDDLGAIVVIALFFSHGLSVQALIFSAVAIIVLILLNRFKVSALCAYMVVGAILWASVLKSGVHATLAGVIIGFSIPLKGKKGERPLDDFEHILSSWSSFVILPLFAFANAGVSFAGIDVNMISSPLLLAIASGLIIGKPVGIFGFSYLSVKLGLAKLPDGINFKQIFAVAVLCGIGFTMSMFLASLAFDANAGESVNTLSRLGILLGSTVSAILGYLFLKQTTKLS,length1,1086
2,1474153,1473247,906,MMNFTLLTYLSDCQPKVRSELEKFSKNLEEEIQQLREIGLDILVDGQDYRLVPMLPLLNPQQISTALFPYGIHYQPIISSTNEWILQNILSLKKGDLCVAEYQTAGRGRRGRQWLSPFAGQIMFSFYWTFDPKKSIEGLSLVIGLAIAEVLNVQVKWPNDILFNERKLGGILVEIANHKNGMLNLVIGIGINASLSKQTEISQPYAEVCEIDPDVERQTLLPKLIQHLYTRLNIFEQNGIDEEFQQAWQSYNAFSNSEVNVLTEQGVISGIEQGIDERGYLKVLCGNKIQMFNGGEVSLRKK,length1,906
2,1480846,1480261,585,MLKNLDEITSSIIADPQNKDFTERGIFPLFSAPKTARINIVGQAPGLKAEQSRLYWNDKSGDRLREWLGVDYDYFYNSGIFAVLPMDFYYPGKGKSGDLPPRQGFAERWHPMILGNLPNIQLTILIGQYAQKYYLPENKDNVTNTVKNYRQFLPHFMPLVHPSPRNQLWATKNPWFEEQVIPELQILVKQIINKD,length1,585
2,1519195,1518730,465,MLCIIGRKIMSEENIKLLKKVGLKITEPRLTILALMQNHKNEHFSAEDVYKILLEQGCEIGLATVYRVLNQFDEAHIVIRHNFEGNKSVFELAPTEHHDHIICEDCGKVFEFTDNIIEQRQREISEKYGIKLKTHNVYLYGKCSDINHCDENNSK,length1,465
2,1531729,1529413,2316,MTMSELNEMQKLAWAGFAGGDWQENVNVRDFIQKNYTPYEGDDSFLAGPTEATTKLWESVMEGIKIENRTHAPLDFDEHTPSTIISHAPGYINKDLEKIVGLQTDEPLKRAIMPFGGIKMVEGSCKVYGRELDPKVKKIFTEYRKTHNQGVFDVYTPDILRCRKSGVLTGLPDAYGRGRIIGDYRRVALYGVDFLMKDKYAQFSSLQKDLEDGVNLEATIRLREEIAEQHRALGQLKQMAASYGYDISNPATNAQEAIQWMYFAYLAAIKSQNGAAMSFGRTATFIDVYIERDLKAGKITETEAQELVDHLVMKLRMVRFLRTPEYDQLFSGDPMWATETIAGMGLDGRTLVTKNTFRILHTLYNMGTSPEPNLTILWSEQLPENFKRFCAKVSIDTSSVQYENDDLMRPDFNNDDYAIACCVSPMIVGKQMQFFGARANLAKTLLYAINGGIDEKLGMQVGPKTAPITDEVLDFDTVMTRMDSFMDWLAKRYVTALNVIHYMHDKYSYEAALMALHDRDVYRTMACGIAGLSVAADSLSAIKYAKVKPVRGDIKDKDGNVVATNVAIDFEIEGEYPQYGNNDNRVDDIACDLVERFMKKIQKLKTYRNAVPTQSVLTITSNVVYGKKTGNTPDGRRAGAPFGPGANPMHGRDQKGAVASLTSVAKLPFAYAKDGISYTFSIVPNALGKDAEAQRRNLAGLMDGYFHHEATVEGGQHLNVNVLNREMLLDAMENPDKYPQLTIRVSGYAVRFNSLTKEQQQDVITRTFTESM,length1,2316
2,1547215,1545847,1368,MTKHYDYIAIGGGSGGIASLNRAASYGKKCAIIEAKHLGGTCVNVGCVPKKVMFYGAHIAEAINNYAPDYGFDVEVKKFDFSKLIESRQAYISRIHTSYNNVLAKNNIDVINGFGKFVDAHTIEVTLADGTKEQVTADHILIATGGRPYRPNIKGQEYGIDSDGFFALTELPKRAVVIGAGYIAVELSGVLNSLGVETHLLVRRHAPMRNQDPLIVETLVEVLAQDGIQLHTNSTPSEIVKNADGSLTVKCDGQSDVTVDCVIWAAGRVPATDKIGLENAGVETNEHGYVKVDKYQNTNVKGIYAVGDIIENGIELTPVAVAAGRRLSERLFNNKPTEYLDYSLVPTVVFSHPPIGTVGLTEPQAIEQYGAENVKVYKSFFTAMYTAVTQHRQPCKMKLVCVGKDEKVVGLHGIGFGVDEMIQGFAVAIKMGATKADFDNTVAIHPTGSEEFVTMR,length1,1368
2,1551643,1550707,936,MKKFAMVFPGQGSQTVGMLADLATEYPIVIETFKQASDALGYDLWYLVQQGPAEELNKTWQTQPALLAASVAIYRVWQEKFPQLKPEVMAGHSLGEYSALVCAGVLDFQDAIKLVELRGKLMQQAVPEGTGAMYAIIGLDNEAIINACKQAEEGEVVSAVNFNSPGQVVIAGAKAAVERAAALCKEAGAKRALPLAVSVPSHCALMKPAAEQLAVTLENIQINTPTISVLNNVDVKAETEGTEIRTALVRQLYSPVRWTETVEKMAQDGVLALVEVGPGKVLNGLTKRIVGDLQAISVNDVASFNAVEEFLA,length1,936
2,1555177,1554472,705,MTTYIAYGNINQPFSLESLPDELIPENLYQIETDSSRVFQRHQCRRLAHLLLFQLLKIAGKSTALLSQIHRTESGRPYFLDERIDFNISHSGDWVAVILDIRKEEKSAVGIDIEFPKIRNFTALMEHIAPKEEIDWFHHQQDSLNAFYRCWCLREAVLKSQGFGIVKLSNVRHFPEQQKIFSDYCPQGQLWFTDELPIYLAAFVNHQEKLPHFYEWNRESLQIKELEKYVLYEVN,length1,705
2,1557406,1556521,885,MRRFLLPVIFVIAAVVYSSIVVVTEGTRGIMLRFNKVQRDADNKVVVYEPGLHFKVPLIDSIKVLDARIRTLDGSATRFVTVEKKDLLVDSYVKWKISDFGRFYTSTGGGDYAQAANLLSRKVNDRLRSEIGSRTIKDIVSGTRGELMEGAKKALSSGQDSTAELGIEVIDVRVKQINLPDEVSSSIYQRMRAERDAVAREHRSQGKEKAAFIQADVDRKVTLILANANKTAQELRGSGDAAAAKLYSDAFAQEPQFFTFVRSLKAYEASFANSDNIMILKPDSDFFRFMQAPKK,length1,885
2,1560037,1559302,735,MKVRLKNLIFFNRTFYYGINRFGTSVMICGKIVINTNVTKTGIKNGNTPLVTVETDILPTRATTKRAIPIGGVRIPIIIFNVVITPKKIKSILNCIAIGISIGNTKNCNARASMNIPRKSNSALIITNTVKGESATATNTLATRIATCSRAIISPKKVTVIIIKATTPVIAIASMQLLNKLFKVNSLYTNLPIITEYAAATMADSVGLNNPEKIPPIINNGVKIAQKDCLKLLQSCSLVAFGVRG,length1,735
2,1564234,1563334,900,MRCLALDIGGTKIAAAIVKNGEIEQRQQIHTPRENVVEGMHQALGKLLADYEGQFDYVAVASTGIINNGILSALNPKNLGGLAEFPLKASIAKHTDKPIGLLNDAQAATYAEYQLQNSEQVSNFVFITVSTGVGGGIVLNQILQTGSRGIAGHIGHTLADPNGAICGCGRRGCVEAIASGRAIEAVSSQWEDPCDPKEVFERFRKNDEKATALVERSAKAIANLIADLVISLDIQKIAIGGSVGLAEGYLSLVEKYLQDFPSIYCCEIETAKFGQDAGLIGAAYWVKDVLLDKPEGTIYG,length1,900
2,1567324,1566514,810,MRFIPLQTEQQVSCWAAQHIINRINDFKPTAERPFVLGLPTGGTPLKTYQELIRLYQAGKVSFKHVVTFNMDEYVGLPEEHPESYHSFMYNNFFNHIDILPENINILNGNTDDHNAECRRYEEKIKSYGKIHLFMGGVGVDGHIAFNEPASSLSSRTRIKTLTQDTLIANSRFFNNDVTQVPKYALTIGVGTLLDAEEVMILATGHQKALAVQAAVEGSINHLWTVSALQMHRHFVLVCDEAAQQELKVKTVKYFTELEGSVAGTDYQDK,length1,810
2,1571455,1570690,765,MINPNRQIVLDTETTGMNQLGAHYEGHCIIEIGAVELINRRYTGNNFHIYIKPDRPVDPDAIKVHGITDEMLADKPEFKDVAQDFLDYINGAELLIHNAPFDVGFMDYEFRKLNLNVKTDDICLVTDTLQMARQMYLGKRNNLDALCERLGIDNSKRTLHGALLDAEILADVYLMMTGGQTNLFDEESVESEVIHVMQEKTAEEIKSAVDFSHNLKLLQPTNDELQAHLEFLKMMNKKSGNNCLWDKRFGNNNVH,length1,765
2,1573651,1572139,1512,MATPVVALVGRPNVGKSTLFNRLTRTRDALVADFPGLTRDRKYGHAHIAGYDFIVIDTGGIDGTEEGVEEKMAEQSLLAIDEADIVLFLVDARAGLTAADIGIANYLRQRQNKITVVVANKTDGIDADSHCAEFYQLGLGEIEQIAASQGRGVTQLMEQVLAPFAEKMENADENDRTSEEEQDEWEQEFDFDSEEDTALIDDALDEELEEEQDKNIKIAIVGRPNVGKSTLTNRILGEDRVVVFDMPGTTRDSIYIPMERDGQQYTLIDTAGVRKRGKVHLAVEKFSVIKTLQAIQDANVVLLTIDARENISDQDLSLLGFILNAGRSLVIVVNKWDGLDQDVKDRVKSELDRRLDFIDFARVHFISALHGSGLGNLFDSIKEAYACATQKMTTSLLTRILQMATDEHQPPMIGGRRIKLKYAHPGGYNPPIIVVHGNQMDKLPDSYKRYLSNYYRKSLKIIGSPIRLLFQEGSNPFAGRKNKLTPNQLRKRKRLMKFIKKAKR,length1,1512
2,1579639,1579111,528,MADFNQILTPGDVDAGIINVVNEIPEGSCHKIEWNRKVAAFQLDRVEPAIFAKPTNYGFIPQTLDEDGDELDVLLITRQPLATGVFLEAKVIGVMKFVDDGEVDDKIVCVPADDRDTGNAYNSLADLPANLIKQIEFHFNNYKALKKPGSTKVTHWGDVEEAKEVIRESIKRWNER,length1,528
2,1601947,1601536,411,MCALSEFSYRLLLYSELAYGELGNPTYLSKKKFLDKYFVQAAKLLNRKFCKNQSPYRLCKVKLYGMVNLIIAILFPHDLLILQVLPLIYLDQRFVPFLLYQIGAYELNHEYHDRKSQLQNGNMAYVRSFLLVILLHQ,length1,411
2,1619446,1617553,1893,MKEKIMSQNQETRGFQSEVKQLLQLMIHSLYSNKEIFLRELISNASDAADKLRFKALSNPALYEGDGDLRVRVSFDADKGTITISDNGIGMTREQVIDHLGTIAKSGTKEFLTALGQDQAKNSQLIGQFGVGFYSAFIVADKVTVKTRAAGEEADKAVLWESAGEGEYSVADIEKKSRGTDVILHLREDEKEFLNEWRLREIIGKYSDHIGLPVEMLTKEYDDEGKECGEKWEKINKSDALWTRSKNDVSDEEYKAFYKHLSHDFVDPVTWAHNKVEGNQAYTSLLYVPAKAPWDLFNREHKHGLKLYVQRVFIMDDAEQFMPNYLRFMRGLIDSNDLPLNVSREILQDNKITAALRKALTKRSLQMLEKLAKDDAEKYLKFWKEFGLVLKEGPAEDFANKETIAKLLRFASTHNDGSEQTVSLEDYILRMKEGQKAIYYITADSYVAAKNSPHLELFNKKGIEVLLLSDRIDEWMLSYLTEFDGKQLQSITKADLDLGDLADKESETQKQQDKAFGSFIERVKNLLGERVKTVRLTHNLTDTPAVVSTDNDQMTTQMAKLFAAAGQPVPEVKYTFELNPEHYLVKKVADIADETEFADWVELLLEQAMLAERGSLENPAAFIKRINKLLG,length1,1893
2,1619869,1619527,342,MITVYGIKNCDTVKKALKWLADHNIEHKLHDYRVDGLDLNFLTQAETQFGWDVLVNKRSTTWRNLDEQVKNSLDKTTALSVLAENPTLIKRPIILQDEKALIGFNEKEYQAVFA,length1,342
2,1621030,1619899,1131,MREKVVSLAQDLIRRPSISPNDEGCQQIIAERLEKLGFQIEWMPFNDTLNLWAKHGTSEPVIAFAGHTDVVPTGDENQWSSPPFSAEIIDGMLYGRGAADMKGSLAAMIVAAEEYVKANPNHKGTIALLITSDEEAAAKDGTIRVVETLMAHDEKITYCMVGEPSSAKNLGDVVKNGRRGSITGNLYIKGIQGHVAYPHLAENPIHKAAPFLQELTTYQWDKGNEFFPPTSLQIANIHAGTGSNNVIPAELYIQFNLRYCTEVTDEIIKQKVAEMLEKHNLKYRIEWNLSGKPFLTKPGKLLDSITSAIEETIGITPKAETGGGTSDGRFIALMGAEVVEFGPLNSTIHKVNECVSIEDLGKCGEIYHKMLVNLLDS,length1,1131
2,1626829,1626076,753,MAKDEVGHNFLARLGKTRLRPGGKKATDWLIANGDFSQDKKVLEVACNMGTTAIGLAKQFGCHIEGVDLDENALAKAQANIEANGLQEKIHVQRANAMKLPFEDESFDIVINEAMLTMLPVEAKKKAIAEYFRVLKPNGLLLTHDVMLVGNDHQTILENMRKAINVTVTPLTKDGWKGIFQESGFRYVDTFSGEMTLLSPKGMIYDEGIFGTLKIIRNAMKAENREQFKRMFKTFNDPEHKLHFIAVCSQK,length1,753
2,1630189,1628932,1257,MTTVSAIGALVALIVAIFLILKKVSPAYGMLVGALVGGLIGGADLSQTVSLMIGGAQGITTAVMRILAAGVLAGVLIESGAANSIAETITNKLGETRALLALALATMILTAVGVFVDVAVITVSPIALALSRRSDLSKAAILLAMIGGGKAGNIMSPNPNAIAAADTFHLPLTSVMMAGIIPALFGLILTYFLAKRLINKGSKVTDKEVIVLETQNLPSFLTALVAPLVAILLLALRPLFDIKVDPLIALPLGGLIGALCMGKLRNINSYAINGLSKMTPVAIMLLGTGALAGIIANSGLKEVLIQGLEHSGLPSYILAPISGVLMSLATASTTAGTAVASNVFSSTLLELGVSSLAGAAMIHAGATVFDHMPHGSFFHATGGSVNMDIKERLKLIPYESAVGLMMTIVSTLIFGVFKF,length1,1257
2,1639111,1638004,1107,MTQQYAIDTLLAQAGNRSDERTGAVSAPIFLSTAYGHCGIGESTGFDYTRTKNPTRTVLEETIAKLENGDRGFAFSSGMAAIQVLMTLFTAPDEWIVSSDVYGGTYRLLDFSYKNNNSVKPVYVNTASASAIEAAINPNTKAIFIETPSNPLMEECDVVEIAKLAKKHNLMLIVDNTFLTPVLSRPLDLGADVVIHSGTKYIAGHNDALVGLIVAKGQELCDRIAYIQNGAGAVLSPFDSWLTIRGMKTLSLRMKRHQENAQAIAEFLKAQPQVESVLYPNKGGMLSFRLQDEAWVNTFLKSIKLITFAESLGGTESFITYPATQTHMDIPEPERVARGITNTLLRFSVGIEDVEDIKADLLQAFANLK,length1,1107
2,1640119,1639126,993,MKIAIYSTKSYDRKYIELINAKYNFDLEFFDFMLNESTVRLAEHCEVVCIFVNDNGSRKVLEKLAALGVKIVALRCAGFNNVDLKAAQELGIQVVRVPAYSPEAVAEHTIGLMMTLNRRIHRAYQRTREANFSLEGLIGFNMYGRTVGVIGTGKIGIAVMRILKGFGMNILAYDPFKNPLVEELGGQYVELDELYAKSHVITLHCPATPENYHLLNREAFAKMKDGVMIVNTSRGSLIDTQAAIDALKQRKIGALGMDVYENERDLFFEDKSNEVIQDDIFRRLSSCHNVLLTGHQAFLTEEALTNIADVTLSNVYKLKSGKVCENIVLPS,length1,993
2,1648894,1648552,342,MTSFAQLDIKSEELAIVKTILQQFVPDYTVWAFGSRVKGKAKKYSDLDLAIISEEPLDFLARDRLKEAFSESDLPWRVDLLDWATTSEDFREIIRKVYVVIQEKEKTVEKPTAL,length1,342
2,1650493,1649605,888,MNHLYRSFKTIALVGKPRNDINLQMHKNLFHWLMERGYQVLVEKEVAITLELPFEHLATLEEIGHRAQLAIVIGGDGNMLGRARVLAKYDIPLIGINRGNLGFLTDIDPKNAYSQLEACLERGEFFVEERFLLEAKIERASEIVSTSNAVNEAVIHPAKIAHMIDFHVYINDKFAFSQRSDGLIVSTPTGSTAYSLSAGGPILTPNLNAIALVPMFPHTLTSRPLVVDGDSKISIRFAEHNTSQLEVGCDSQITLPFTPDDVVHIQKSEHKLRLLHLKNYNYYNVLSSKLGWLKSF,length1,888
2,1652281,1650607,1674,MLTQLTINNFAIVRQLDIELAKGMSVITGETGAGKSIAIDALGLCFGQRVETSMVREGQERAEICATFQLESQNPAYHWLSEQELQDPDNPTECILRRIINADGRSKAFINSTPVSASQLKEIAQYLVHINGQHASQLLLKNDYQLQLVDNFAAHPELLVKMREDYQTWKNLQNQVKTFQQKVAENEARKQLLQYQVDELDEFNLRPNEYLELEDEQRRLSSSEQLTQLSQSALQILSENDTVNIDSLLYRATQYIDELAELDPQYAEVQNMLNDALIQVQEATSEVQNLSSNIEQDPQLLQEIEQRISQALQLARKHQVKPEDLVEQHKKLKAELTALLDFSESEEMLIEQEKRAFEQMQATATALTASRQQSATRLAQNVTQSIKQLAMENAEFYVELNTDLDKVSANGADNVIFTLRSNLGQQPQPLAKIASGGELSRISLAIQVLTSDQSAIPTLIFDEVDVGISGKTASVVGKLLRQLSERCQVLCVTHLPQVACHGHHQFNVEKFTVDNKTETQMTALSQAERVPALARLLGGSEITELALANAQEMLDLVH,length1,1674
2,1668877,1668115,762,MSFTVIIPARFASSRLPGKPLADIAGKPMIQHVFEKALQSGANRVIIATDNENVADVAKNFGAEVCMTSVNHNSGTERLAEVVEKLAIPDNEIIVNIQGDEPLIPPVIVRQVADNLAKFNVNMASLAVKIHDAEELFNPNAVKVLTDKDGYVLYFSRSVIPYDRDQFMNLQDVQKVQLADAYLRHIGIYAYRAGFIKQYVQWAPTQLENLEKLEQLRVLYNGERIHVELAKEVPAVGVDTAEDLEKVRAILAAN,length1,762
2,1675735,1674751,984,MKSIKSLGKLLLASSILFSSSAFGKTIIKLGHYNSDIHPSHIALQEYFKKTIENETNHRYEIRLYPNNQLGGEDQIVNGLRNGTIEAGITGLLLQNVDPIFGVWEWPYLFKDNQEAKKVLESPIANKIGQKMEKYGIKLLAYGMNGFRVISSNKKLEKFDDFKGLRLRVPLNSLFVDWAKAMNINPQSMPLSEVFTALEQKVIDGQENPYMLIKDSGLYEVQKYIIQSNHIFSPGLLQISLKTWNKIPKEDQIIFEKAAKLYQEKEWELAIKTELEVKDYLAKHGNEIIVPSEAFKNDMVNASKVLYDSFYKKYDWAKDVVQKINEAK,length1,984
2,1678516,1677574,942,MKKIAFIGECMIELNGKPFAEMWQSYGGDTLNSATYLSRVSSSKEIQVHYVSALGIDNLSKQMLKYWQADGIQTNWVLQDEQHQPGLYLIQLDAQGERTFLYWRNQSAAHYMVQHPDFAKVIAELQQVDVIYLSGISLAILPKNDRTFLIEQLSSLAKKGAEIVFDSNYRPALWDSLEEAQDCYLQLLPSVNIALVTFDDEQALWKDKTSRDTLERLHKIGIPKVIVKCGKNGAIFSDRYLSQYGQVMTEPILNVVDTTSAGDSFNAGFLNGYLRNKPLETCCQQGNRIAGIIIQYKGAIIDKVATSHLQSEFN,length1,942
2,1684582,1683520,1062,MEKQIFEHSVNVEEEHYQPKQEFHNMEAKLDEALDGELLDAQLEQALKPKSSFRKTLLKFTALLFGLATVAQSMQWIWDSYQQHQWIYLAFALVSLIIILLGIKEIIGEWRRLVRLKKREQWQQQSQQIWLESAVKNGDVFSVHNAEKSKILCLDIAESLGLENDSPAVIQWQHQLNEAYSAQEIAHLFSRHVLSSFDAQAKKLISKMAAESAVIVAISPLAVVDMFFIAWRNLRLMNKIAEIYGIELGYFSRIRLLRMVLVNIAFAGATEVAQDIGMDWLSQDVTAKLSTRIAQGIGVGLLTARLGVKAMELCRPLAFQLNEKPKLSHIQQELLSSVKDIVLGKNKIYKKEQI,length1,1062
2,1698343,1697482,861,MKLKTGLNLTALLLFMISVAFPAQADTQKMYGIRGDNLSIATQMPAPRTYSVKGQTYTTKSGNEAKSYIKEGLASYYHLKFDGRKTASGDVYNSKQFTAAHKTLPINSYALVTNLHNNRKVIVRINDRGPFSDKRLIDLSHAAAKEIGLISRGIGQVRIEALHVAKNGNLSGAATKTLAKQAKTQEAADRLVLKSNTLFDNASKSINALKGTEFYCLKMLELTSHSQANKLITQLALANIQTEVNRSGNKYEIYIGPFDDKTKMAQVRTKLQKMANNKPLIVYTYKN,length1,861
2,1699540,1698361,1179,MLKRTTKIAFLSSFVALSAFSVSAEDMQFGVTPPQITAQTYVLMDYNSGAILTALNPDQRQYPASLTKMMTSYVVGVALKQGKIHNTDMVTIGESAWGRNFPDSSKMFLDLNTQVSVADLNRGVIVVSGNDATVALAEHISGNVPNFVETMNKYVQQFGLKNTNFTTPHGLDDPNQYSSARDMAIIGAHIIRDLPEEYKIYSEKDFTFNKIKQANRNGLLWDKTINVDGMKTGHTSQAGYNLVASATTSNNMRLISVVMGVPTYKGREVESKKLLQWGFANFETFKTLEAGKEISEQRVYYGDKNSVKLGALMDHFITIPKGKQSEVKARYELADKNLQAPLAKGQVIGKVVYQLDGKDIASANLQVMNDVGEAGIFGKLWDWLVLTVKGLFS,length1,1179
2,1703113,1702828,285,MKITKVAVAGTLESSDVQVRVQPFDSLDIEINSSVAKQFGEQIEATVREVLAKLGITAAQVIVEDKGALDCVLQARVKAAAMRATDETINWEAVL,length1,285
2,1711735,1711354,381,MIKGIQITQAANDNLLNSFWLLDSEKNEARCLCAKGEFAEDQVVAVSELGQIEYRELPVNVAPTVKVEGGQHLNVNVLRRETLEDAVNNPDKYPQLTIRVSGYAVRFNSLTPEQQRDVITRTFTESL,length1,381
2,1718356,1717918,438,MSIISQIEACDFERLYEIEQQAHLVPWSFGTLKNNQGERYLNLKLIENNQIIGFAICQTVLDEATLFNIAILPTYQGCGFGKLLLDKLIFQLKEKGVQTLWLEVRESNSARFLYEKIGFNEVDIRKNYYPNPSGGRENAVVMACYL,length1,438
2,1730647,1730023,624,MSQGNLYILSAPSGAGKSSLISALLASDSSTQKMVSVSHTTRAPRPGEVEGVHYYFVSKEEFESLIEQDLFLEYAKVFGGNYYGTSLPAIEENLAKGIDVFLDIDWQGAQQIRKKVPSVKSIFILPPSLPELERRLIGRGQDSEEVIAERMSKAISEISHYDEYDYVIVNDDFEKTLKDLQSILQSERLTKDYQQKQNAMLIQQLLAK,length1,624
2,1736080,1735273,807,MDKKEKRPTVLFFDSGVGGFSVYREAKKLLPNWHYLYCFDNAGFPYSEREEESIIHRTLAACQLINQRYPLDAIVIACNTASTVVLPPLRAAFDIPIIGTVPAIKPASEITKTKHIGLLATKGTVKRHYIDELIDKFAQDCIVERLGTTKLVEIAEQKIRGHSVDLISLKDELSSWAGMADLDTLVLGCTHFPLIKDEIQLCLPQVKYFMDPSAAIAKRIKYLLDDKNLQVQNEKYNQMFCTAHFPEESQFKKALHLWGFESLEVIKID,length1,807
2,1750810,1748833,1977,MFQDNPLLAQLKQQIHDSKEQVEGVVKSTDKAYGFLECDKKTYFIAPPSMKKVMHGDKIKATIEKQGDKEQAEPEALIEPMLTRFIAKVRFNKDKKLQVLVDHPSINQPIGAQQAKSVKEELQEGDWVVANLKTHPLRDDRFFYATINQFICRADDELAPWWVTLARHEQSRYPVQGAEHYEMLDQKTRENLTALHFVTIDSESTMDMDDALYIEPIAQNSTQTGWKLVVAIADPTAYIALDSQIEQEAKQRCFTNYLPGFNIPMLPRELSDELCSLIANETRPALVCYIETDLAGNITAKPHFVSAYVQSKAKLAYNKVSDYLEQADNAWQPETPETAQQIHWLHQFTKARIQWHKTHSLLFKEKPDYAFVLAENGKVQEIKAEYRRIANQIVEEAMIIANICAAQFLHEQAKTGIFNTHSGFDKKFLENAHHFLMANLANEQNQTELAERYSVENLATLNGYCQMRHDIEPIESDYLELRLRRYLTFAEFKSELAPHFGLGLEGYATWTSPIRKYSDMVNHRLIKAVLAKQPYEKTQNDVLARLQEARRQNRLVERDIADWLYCRYLAPKVAENVEFNAEVQDVMRGGLRVQLLENGASMFIPASTLHNNKEEMQVNSDEIALYIKGERTYKIGDIVKVKLTEVKEATRSIVGEILQ,length1,1977
2,1751713,1751074,639,MNIVPISESAVVCSLPPPASIQQQRQLWAFARQLQSEQDIVEVVLGMNNLTVFTDFFVDFKPLVQRLEQLWAELKVSDFQGRHIEIPVIYGGERGQDLSDVAKFHQTTPKRIIQMHSEPIYTVYMIGFQAGFPYLGGLPENLHTPRRATPRTVVPAGSVGIGGAQTGIYPFSSPGGWQLIGYTKQALFDKNQAQPTLLQAGDTVKFIVDGIEL,length1,639
2,1753363,1752592,771,MKYTLIKLGELLMKKIDLNADIAEGFPFDESLLQLLSSANIACGLHAGGAKEMQSAVKFAKENKVRIGAHPSFPDRENFGRTAMALSSQELIAHLRYQLGALKAICDGEGAVISYVKPHGALYNQAAKDEKIARVIAQTVYQFDPNLKLMGLAGSLMLRIAEEEKLQTISEVFADRHYMPDGSLVPRSQPNAMVESDKEAIQQVLQMVTKGQVNAIDGSLVPVKAESICLHGDNQHSLQFAKRIVEELEKNHIKITA,length1,771
2,1765027,1763962,1065,MLSIFVTFLGAFLTLIVMRPLANWIGLVDKPNYRKRHQGTIPLIGGVSLFVGNLCYYLMEWDQLRLPYLYLFSIFVLLAIGILDDRFDISPFLRAGIQAILAILMIDLGNIYLDHLGQILGPFQLTLGSIGLIITVFATIAIINAFNMIDGIDGLLGGLSCVSFAAIGILMYRDGQMDMAHWSFALIVSILPYLMLNLGIPFGPKYKVFMGDAGSTLIGFTIIWILLLSTQGKGHPMNPVTALWIIAIPLIDMVAIIYRRVRKGKSPFRPDRLHVHHLMVRAGLTSRQAFLLITFVSAVCATIGILGEVYYVNEWAMFVGFFILFFLYVYSITHAWRITRWVRRMKRRAKRLKKA,length1,1065
2,1769869,1769371,498,MGLFDKLFGSKENKSVEVEIYAPISGEIVNIEDVPDVVFSEKIVGDGIAVRPIGNKIVAPVDGVIGKIFETNHAFSMESKEGVELFVHFGIDTVELKGEGFTRIAQEGQSIKRGDTVIEFDLPLLESKAKSVLTPIVISNMDEISCIVKKSGEVVAGESVVLALKK,length1,498
2,1770592,1770241,351,MIYKLTGSLQNYVWGGHQYIPELLNIPADELPYLLKILDVAQPLSIQLHPTKTQAEIGFAEENAKGIDLKASTRTYKDNNHKPEMMIALSDFWLLHGFKNKSDIIEACKKIAGTRFT,length1,351
2,1773820,1772467,1353,MKNRSLTLRLISVLCLTALFVWLGSTLVAWWQVRHDVNKVFDAQQVLFAERLANSDLSTILLESSTTLNKNSQSVLKKSYDDDALAFAIFSKTGKLLFSDGRNGKDFIFNYKTGFYNANIYDDDDKWRIFWRMAANGELVIAVGQELDYREDLIEEMILGQMWIWFASLPILIIVLGWLIHKELRPIKRLSQEVQTRKSGDVSLLNTEGLPVEILPLVKNLNQFFDRTSAMLQRERRFTSDAAHELRSPLAALRIQTEVAQLAGDDVALREQALLHLTQGIDRASQLIEQLLTLSRLDNLQALETLQLLDWEAIVQSLISERYFVAEKRKITLVFEKESEPKQKQGQSILVSLMLRNLLDNAIKYCPEDTIVSVKISSSQIIIEDNGGGVEPEDLKKLGQRFYRPAGQNEKGSGLGLSIVMRIAELHGFKVRLENVVKEGRRIGLKAIISL,length1,1353
2,1776124,1774117,2007,MTKRTSFNPLVIGVTLFFILLLMAMIFIAPEQTQALLNQAKSGIFANFSWFYVLTFSVFLGFLLILSVSSLGNIKLGQDEEEPEFSFLSWLAMLFAAGMGVGLMFFGVAEPLTHYLSDITVGSAEHKQQEALLHTLFHWGIHAWAVYGTIALALAYFGFRYKLPLALRSCFYPLLKDRINGKIGDAIDVMALLATLFGIITTLGFGSSQLGAGLEQIGWISQNSFALQVGVIVVVMCLAVFSAISGIGKGVKILSEINLTLAFCLLLFVLISGPTLYLLSAFSDNIGNYFSNLVQLSFKTYAYEQEHTSWFSGWTVLYWAWWCSWAPFVGLFIARISKGRTIREFIFGVLVIPSLFGILWFTVFGNTAVWLNDGIAAGGLGEFISSPEILLFKFLNYLPLPTITGFVSLLVISLFFITSADSGIYVLNNIASRDKSLASPAWQAIMWGTLMSVVAIVLMQSGGLANLQTMTLIVALPFALLMLVMCFSLWKGLIADKKYFSTKVNPTSIFWSGDKWKSHLEQMMNQTQEKDILRFLKNTALPAMRELRQELTGKYNLSVEINTLFEQEEPALELVIHKESMRDFMYGIKSVGREVSEQLINDENLPHIQHSVTYEPYTYFFDGRVGYDVQYMDQDELIADMLKQYERYLSLLDDVGQELMAHEQTELAE,length1,2007
2,1779919,1778845,1074,MINTLDRYIGKSILGTIFATLMTLVGLSAIIKFVEQFRSVGKGTYDIWQAVIFTGLTIPKDIETFFPMAALLGALIALGNLASRSELVIMQSAGFSRFKIGIAVMKTALPLVVFTMIIGEWGIPQTEQFARDMRAKALSGGSILSIKNGVWAKDGHHFVFVRRVTDDTKLDDIYIYTFDQQHNLIKLKHANQASYSEDEAKWTLRQVNHSTIMKDEIITTNHLSETWETSLTPDKLGAVSLRPTSLSISGLYHYISFLRETGQDVSRFELTFWRKIFQPVSVGVMMLLALSFIFGSLRSVTAGARIVTGICVGFLFYVVNEILGQTSVVYGIPAIFGALIPSLLFIVMIWWLLSRKRD,length1,1074
2,1784689,1783486,1203,MKVFKDSAIYLVGELSSKLVPFLLLPYLSRKLGVEGYGSLSYYQTFLSLFLIVVSLTQEGAISRYFYFYGKRSLNLVVNTGYAYTTIIGSIILMGCWIAQSEILFYAALSSIFQSFLNVQLSVRQCQKKAWSYAFIQFSLTVTGAVFTVALLEYYQNDLVEKRILAILLSNLVVWFFSYFLYRKSTTSKKYQFKHYQSALFYILGFGLPLILHYASFFLKGQLDRIFIYHKFSETDLGLYAMGAQLALIVSIAIQALNKAIIPYFYEALKQKKLVIQQLHKWALFSFLLIPIPALIMWIIPEDVLVWILGSQFVGTKYYFILFLISTTLSIPYLILVNYLFYYGKNKLISQCSVLSTIIYVASLVVLTFTEIKYIPYAGIIGSLSIIPILYFMTSKVSKTL,length1,1203
2,1786663,1785604,1059,MKKIGFFIMNIESAGGTERVSINVANALAKQGYDVSFISIGGNKPFFQVDEKINIYAMNKLPYSLKKDYFSITKKLRELVKELQLDTLIVVDGAIMLFSALALVNLNIKHILWEHYSFNFTGNRLVRTLGKYLAVTTCDKIVTLTEAEKTLWQEKFKTNNIITIANPNTLLPKNKLAKWENKTILSVGHLFSYKGFDYLLKVWQVLAKKYPDWNLKIVGSGEEEENLKNLAKALHIEDSVNFTPRTNDVSFYYESSSIYCLPSQTEGLPLVVIEAMAFGLPIVAFNCSPGVKQLVEHKENGFLCEKNNIEEMVKGLDLLINNPELYQQMSDKSRLMSEDYGIEKIIEEWKGIL,length1,1059
2,1805263,1803109,2154,MNIRLNAKVISTIPVFIAVNIAAVGIWFFDISSQSMPLILGIIAGGLVDLDNRLTGRLKNVFFTLIAFSISSFIVQLHIGKPIQYIVLMTVLTFIFTMIGAVGQRYSTIAFGSLVVALYTTLTYIPEVNVWFINPVMILCGTLLYSVVAIIVYLFFPNRPVQESVAKAFCALGEYLDTKSCFFDPDEVAEIEKKHLKFAMKNANVVTAFNIVRTALFYRIRGQHRHPSTQRMLRYYFAAQDIHERANSTHFDYQQITEKLKNTDLIFRIQRLLELQAQSCKEITASLRENKPYHFNECVERALLGTLHSFELYQTQHTNVQDELIDIQTLLDNLQSINWQLRQLAQETTDTEQLAQIHTEQITGLKNISAVIFSHFTFESPLFRHSVRLSIVVFLCCAIVEFFQFNLGYWILLTTVFVCQPNYSATKVRLRQRIIGTILGVVVGSLLPYLNPTLELKLGLVVLTSTLFFFFRSNNYSFSTFFITLQVLLSFDVMGFDTAAALMPRLLDTLLGAAISWFAVSYLWPDWKYLQLDKVSHQALRSDAVYLLHIISQLQFGKSDDLKYRIARRNAHQYAAALSTTLSNMNNEPVKYKAYLQKGFDLLKLNYSLLSYISALGAYRDRMKNLQQTAQFLSGFYPVAKKIIYTLEHIEEIPEAIFNQQQESIETHLKELEKQDMTAEERAVFSLPYQQLNLITQLLPQFYGYFKKEINCERAGAL,length1,2154
2,1820287,1817521,2766,MIKQITERFTPRQYLAEFLLGLTALFGLYLIVAWSSYTPLDNSWATASAYGNTINKVGTFGAWIIDLFFVFFGYVAHIIPFTAFLVPIYLLKTKAVKHLSCTRIILRSFGFIMLIIGLCVVSMLLLSSNTFYLSGGVLGGSLVVNWFYPVLGKFGSILIGFAFALIGFIFCSGASLIRLIVAFYYWLTMKNEQSENAEQEKSTEELEQIVIVKSDRSETENLDQNHLNVEQNSEIETVKLSLEAENISIDASSSHLISISGLNPEVSIKSEYELANEENEKPQFSFGFDSESLPSVNLSSDSDEQRVSKNDFVAVWNKPVKTVVQEDLAINQSADDFTQVSLLTKDEMPTVLLRPSHESLNTEMVDNHFATQVNEKVGLEKDGVKFNLSLQDDMEAVQLDKNQEPNYKGYSASLIHPAFQQQTTKREKPSTPLPSLDLLLKYPPNEQRITPDEIMETSQRIEQQLRNFNVKASVKDVLVGPVVTRYELELQPGVKASKVTSIDTDLARALMFRSIRVAEVIPGKPYIGIETPNLHRQMVPLRDVLDSNEFRDSKATLPIALGKDISGKPVIVDLAKMPHLLVAGSTGSGKSVGVNTMILSLLYRVQPEDVKFIMIDPKVVELSVYNDIPHLLTPVVTDMKKAANALRWCVDEMERRYQLLSALRVRNIEGFNEKIDEYEAMGMPVPNPIWRPSDTMDAMPPALKKLSYIVVIVDEFADLMMVAGKQIEELIARLAQKARAIGIHLILATQRPSVDVITGLIKANIPSRIAFTVASKIDSRTILDQGGAEALLGRGDMLYSGQGSSDLIRVHGAYMSDDEVINIADDWRARGKPDYIDGILESADDEESTEKGISSGGELDPLFDEVMDFVINTGTTSVSSIQRKFSVGFNRAARIMDQMEEQGIVSPMQNGKREILSHRPEY,length1,2766
2,1832089,1831600,489,MRRILSVLLENESGALSRVVGLFSQRAFNIESLTVAPTDDPTLSRMTIEAVGDAQALEQIEKQLHKLVDVFKVVNLSEQEHIEREIVLAKVRAVGSSRDEIKRLADIFRGQIVDVTPKSYTIQLSGTNDKVDAFISALKEETTLLEIVRSGLISVSRGEKNIL,length1,489
2,1834765,1834198,567,MTNLQENLTALSADLAIFERKIQHLAKEMTIDLSHYEIDHLALRVNSEQSAKNWLILLLKCGRILSDNIVNGRKIYLIELEKPVKFANQFVDIIELPLPKNKKYPIEGWEHIEIVMPFLPKESINEWINRVNMYFLWDKLTQFTIKVSEPKVDGERLPNPSIAVSFTDKTVNHTCIKVHPYSIKKILEV,length1,567
2,1847017,1846717,300,MFWLMLMHGMLFPPVPILAVSVGVAPSFCMRTTSRRSEISNKTFSCPLLRPRQWAVDVEIIGSCVPCTTIVSEPPPSAPPLAFTSPPNTDWRYVPKLPSA,length1,300
2,1864375,1863607,768,MTTLAERLKRTLLERNLTQNDLAEMVGTTQGAISNIVKGETQKPRNILEIANALGVDPNWLRNGGDMIVSHSTLENSQINNNQGQTVNNFFDSGSDELREMLHKQQISLKTKPTEEWVFALDVNRLAETDIINAHFPRPFEALHLSQDGMMDLLKLRSTANVAMITMFNESMSPVINKKDLMFVDTTCKQYAGEGIYLFVMNNELYVRRLYQTPSGVLNAVAENERVGSSFEIDDLSRLNVLGRCVRKFSIIAEDL,length1,768
2,1866040,1865707,333,MFSRFETAIKLTALCLILGLCGWTWFQSQKISSLKAENQAQAQTIQQQEDANKSLNLALQQERDAVIAQQERNDEIERIATENAESVKTIIKTQPCANTRLPQSVLDRLYK,length1,333
2,1869103,1866982,2121,MFASAKDIRRDIANLLKPPRRMKVSEAVAEYMRVPVGGGNSVKWDKDTAAYMLDPMDCLNSREYDAVIFVGPARTGKTIGLIDGWITYAIICDPSDFLLVQLTQEKASEHSRKRLDRTFRCSPEIAKRLSPRKNDNNVHDKYFRAGNLLKIGWPSINVLSSSDYKYVALTDYDRWPDDVDGEGDGFSLASKRTTTFMSAGMTLVESSPGKDIVDIKHHPKTTHEAPPTTGILSLYNRGDRRRFYWQCPHCKEWFEPSMANMVGYRDDTDYVKASENARLQCPHCQSLVDPDKKRALNIGGKWLKEGQTIDKDGVIHGEGRNSRIASFWLEGPAAAYQTWAQLTYKLLTAEHEFEMTGSEETLKAVTNTDWGLPYLPRSALEQRRSDELMERREDTEKRTVPYGCRFLLAAVDVQGGRNRRFVVQIVGYGENSERWLIDRYNIKSSMRSNSDGESLPIDPSAYPEDWDLLISDVLNKQYRIEGLDGGVMPILAMAVDSGGEDGVTDNAYKFWRRCKRDGISKRVYLVKGDSTKRQKLISRTYPDNTSRSDRHAKARGDVPLYLLQTDQLKDRISNALSRETIGANYIHFPSWLGEWFFDELTYEERGQDGKWRKPGKGNNEAFDLFCYAHAIAILRGYERIKWGDEDNVPYWAKLPSVNPNVIRKESSAPEEETESAVEIEQVKPQPKPKPKSNWLNGGASKKKGGWL,length1,2121
2,1872823,1870783,2040,MTKQKMILSPVAMATSATKTNNQSWYSIKAKANDTAEISIYDEIGFWGVSAASFAQDLKDCGNNIKQINLHIHSPGGDVFDGIAIYNLLKNHPAKVTVYIDGLAASMASVIAMAGNEVIMPENAMMMIHKPWGIQGGDAEDMRKYADLLDKVENTLIPAYASKTGKTPEELAEMLSAETWLNGKECVEQGFADKLAEPLVAMASIKSRKLEDFENMPKAMKDMLFKPQGNAGASAPQATPTPAQPAPTEPVNQAPTAPVDNTAQVQAELNKRNADIKAVFAPFGTTHNDLLVECLGDLSITADQAKDKLLAKLGAGTTPSAAVTPYADNGNIVGDSVKQSLLARAGIDKDKVNAKDNAYNAMTLRELARASLVDRGISVSSQNAMSMVGLAFTHSSSDFGQILIDVAHKSLLKGWETAAENFDQFTSRGTLTDFRAAKRVGLGDFGYLPQVGEGEEYTYGTIGDEGASVALATYGQLFSITRQAIINDDMHLLTKIPEKMGQAARATIAKLVFALLTGNAIAQDGKALFDASHKNTLTGAALDVTNIDKAIQMMNGFVNTRGEPLAIEPDFMLLPTSLYTRAKQVLGSASVEGADINSGIINPIRDIVPTVKSARLQVADPKSWYLINKEAIEVSYLDGIDTPYMEQQQGFTVDGVSTKVRIDAGVNVIDYRGIVKVTNK,length1,2040
2,1873225,1872904,321,MAKNYMQDGNTVRFTAAAAVKSGDVVMLENLAAIAVADVEKSAVGVGLTTGVFTVKAKAADDIKQGAIVYWSATEGATTTAGTNKRLGIAWHASGATVDTVDVKINA,length1,321
2,1874056,1873513,543,MAINDDIEKAKKALSDIDKKAVPQAMARTINNIAAKVMVRSVIETSKKVDVPKRLIKGRAKLERAKPRRLSAFIRVNRGNLPVIRLVTGGGRFVRRGENKGQLKIGNRLYPRAFVQKLKNGRVQVLQRQGKDRYPIDVVKIPLKTPLTESFNAEVKRAYEKDMPQELRTQLIRQIQIVVKK,length1,543
2,1874950,1874452,498,MAKNTTPTKGAGTMFYRLKDDKESTVIVNGTIKAADIKKPENWDRIAKIKELSPGEVTADSYEDNYLDDANADWKSTSQGAKSAGETTLTLAWLPGDTAQQALVSDFNTGKKKYYLVVYPNGVRDVYYAWVSSLGKTVPQNEVMTRTVKLTNVGKPLLAEYNEAGD,length1,498
2,1878967,1878436,531,MAIKFRKTKKILPGVKLNISKSGVSVTTGIKGASINIGKNGVYRNLGIPGTGISKRDKLEFSSSKEEDYCNLDVLIDYVVDGQVVTLNVAITDYYPEKNAIWGYCEELEQESVFYLNDIQRVFDIKSGKDVEDVAEYFLQLNQSEDKEKSNDPPIGKILIVTFILFLIAYTFLFTKN,length1,531
2,1881046,1880341,705,MKHIDDAIAHAKQSYPRESCGFFVLKNGKLQYVACTNLAAETEDEFLIGVEDYARAEGVGEIRTVVHSHPDESCLPSIADQDAHKISGLEWCIIGLEGDEVSTHFMPALTEVPDLYGRKFIHGMTDCYGFVRDWYRQELGINLPNYNRIDGWWDNGGNLYVDNFEDAGFYPVKDLKIGDMIVMQINANVPNHAGVYLGDGLIGHHLYGRLSSKDVYGQFYRERTTHIMRHKENTP,length1,705
2,1887178,1885372,1806,MADFNKPTVDSEYTQFPTEIRAAISAILSFLDGEHTNVPLKAKRWNPSTKIFEEYNGAQWVPMATEYKLPVDYNSLKNKPLPNSAVNDESDTKFASSAAVKTAYDKAAEAKEAASAKQSPATTLAGYGIGNFKVEQGQGDANGYKTDGNYYLASGQNLPENGEWHIEVVSGGATNAVRQIARKANDNKIKTRFFNGSNWSEWKDAGGDGVPIGAVVSFPRAVTNPVGFLRADGSTFSQQTFPDLYRTLGNSNQLPDLTRSDVGMTAYFAVDNIPSGWIAFDSIRSTVTQQNYPELYQYLVDKYSSISNVPLAEDRFIRNTGNGLNIGQTQSDEIKKHVHKVRTHWADSSDSSIFYDKTKTVIDSRLRTATVTDDNLGDNGFMHPLLDSPMATGGAETRPRAIALKLCIKAKNTFDDVQFWVKAFGVVENAGALDAGTLAQNMQALSESVKQKIEENKQSTLREITNAKADINQQFLQAKENLSQIGTLKTVWQGNVGSGRIDISEKCFGKTLILYLQSSERHRLDDNNDIELVSFEVGAEIEGKTGGGVHWLDVRQVRGFPRNGSFLNYVEVKTFAVTVDRNGTAIQIQDLAGRFVKRIDIR,length1,1806
1,627,171,456,MTEGKVYLALYKGKKTGWTPKAILARLSDWLTRKLTKGLYSHCEIVVNKGFKVCYSSSIRDGGVRSKIMYLEHEKWDLIELQNITEERIKAYFEQTKNMRYDWWGALGIVLGLKQKRSKFFCSEWCFNAIKNSDEGWRFSPNQLGAMFKHDD,length1,456
1,5937,5280,657,MKLTKTLLTTALLGASVFSFQSTAWADTLEQQFQQGLTAYEQSNYQTAFKLWLPLAEQGDANVQFNLGVMYAEGQGVKQDDFEAVKWYRKAAEQGDADAQLNLGAMYAIGRGVKQDGVEAVKWFRKAAEQGNAKAQNGLGMMYDGGLGIKQDYFKAVKWHRKAAEQGYGGAQVMLGFSYLSGKGVQVNKSLAKEWFGKACDNGEQVGCEYYGKLNRGER,length1,657
1,8781,7698,1083,MMKDSIIAKLESLKERYEELEALLGDVSVISDQDKFRAYSKEYSQLEEVVKCFNRWTQLNQNIEEAEILLDDPEMKEMAQMEIEESKAEIEEVEQQLQILLLPKDPNDEYNCYLEIRAGTGGDEAGIFAGDLFRMYSRYAESKRWCVEMLSANESEQGGYKEVIVKVSGEGVYGQLKFESGGHRVQRVPKTESQGRIHTSACTVAVMPELPESEMPEINPADLRIDTYRSSGAGGQHVNTTDSAVRITHIPTGIVVECQDERSQHKNKAKAMSVLASRIVQAEQERQAAEQTDMRRNLLGSGDRSDKIRTYNYPQGRVTDHRINLTIYRLDEVMNGKIDELIQPIITEYQADQLAALSEQN,length1,1083
1,10152,9276,876,MNYKEWLAQAMADLAQKNPTENSKIDALVLLQHVTGKSRTQILTFDDTEIDEKVRLKLTALLDRRLKGEPIAYILGEKEFWSLPLNVSKGTLIPRPDTESLVEKALQIALEKLEENPPHFRILDLGTGTGAIALALASELEPICQKRHIPLEIIGVDLMPDVVALAQSNAERNQLNVEFLQSRWFDNITGKFDLIVSNPPYIDVQDEHLHQGDVRFEPLSALVANDAGYADLRHIIELASSYLNSNGVLLLEHGWQQGEKVRSIFLENYWEMVETVRDYSDNERVTLGFWKK,length1,876
1,12831,11886,945,MKIVFLDSTAIPKHILIPRPSFEHTWTEYDHTSSAETIERARDADIVITSKVIFDRETLQQLPKLKLIAITATGTNNVDLVAAEEMGIAVRNVTGYSSTTVPEHVIGLIFSLKHSLAGWLRDQTEAKWAESKQFCYFDYPITDVCGSTLGVFGKGCLGTEVGRLANAVGMKVLYAEHKDATVCREGYTPFDEVLKQADIVTLHCPLTETTKNLINVETLSKMKKGAFLINTGRGPLIDELALVDALKTGHLGGAALDVMVKEPPEKDNPLILAAKTMPNLIITPHIAWASDSAVTTLVGKVMQNIEEFVQQLNQK,length1,945
1,17901,17121,780,MESLTSVDKSHIQHAFQKALNSYDEHALIQQKMNIKLMTHLQDYLPNGSLDSVLELGCGSGMLSSLLQKQISADYWLFNDLCDVQTQLAEKLPQSFDFYCGDAEHFLFLQQFDLIASASAVQWFHQPDAFIAHCKTGLKTNGLLAVATFGEDNLKEVRQITNIGLNYPTLSQWQTWLAKDFELLWCEDFKVILDFDTPLDVLKHLKYTGVTATNQKNWTRKNLNGFIGDYLSAFSMPSGKVRLTYHPLFFIARYSHIENQ,length1,780
1,18552,17913,639,MGKVIFISGIDTDAGKTIATGIYAKKLMEQGFSVITQKMIQTGCKNIADDLLVHRKIQGIDLTEEDLQGKTCPYVFEYPCSPHLAAKRESRKIEAKIIEKSTALLAEKYDYVLLEGAGGLMVPYCEEATTLDYIQSNNYPLILVTSGKLGSINHTLLSLEACRTRGISVLSVMYNGYPEYDPIISQETQRYLKRYLEKHFPETGFEYFGCIET,length1,639
1,19317,18636,681,MNNYLLKCENINKFYQEGENQTQVLKGVSFSMEPAELVAIVGSSGSGKSTLLHTLGGLDQPSSGEVFINGQSLQKASANELAALRNRYLGFVYQFHHLMADFTALENVMMPMLIGHQNKAEAKDRAEKMLSAVGLSHRITHRPSALSGGERQRVAIARALVNNPSLVLADEPTGNLDHKTTESIFELIQQLNQEQNIAFLLVTHDMGLAEKLSRRLVMQDGILKEGA,length1,681
1,23913,22671,1242,MNTSRLFSLLFQGSLVKRIAAGLVLGIVVALISAPLQETIGFNLAEKVGVLGTIFVKALRAVAPILIFFLVMAALANRKIGTKSNMKEIIVLYLLGTFLAAFVAVIAGFVFPTEVVLATKEDASSAPQAVGQVLFTLILNVVDNPLNAIFKANFIGVLAWSIGLGLALRHASDATKNVLSDFAEGVSKIVHVIISFAPFGVFGLVAETLSDKGLVALGGYVQLLAVLIGTMLFTAFVVNPILVYWKIRRNPYPLVWTCVRESGVTAFFTRSSAANIPVNIELAKRLNLDEETYSVSIPLGANINMAGAAITITILTLAAVHTLGLEVSFVSALLLSIVAALCACGASGVAGGSLLLIPLACSLFGISDDVAAQMIGVGFIIGILQDSTETALNSSTDVLFTAAVCMEEERKNAA,length1,1242
1,25197,24645,552,MSEKQINNFSLISRLFGNLFYRSPTDKVLADAFVWLQQKGLSQVWALDTDKESELALNSLQVKIDLNLLNEEYQKLFGANGKVMTAISAYGIDVEEFVNFRLVRNMPEVESADHFALLLLTASWLEDNSDSLVAQQEFFETFLLPCAAKFLTQVETQATLPFYRALALLTREILAAMADELEEE,length1,552
1,43998,42570,1428,MAQYSAEFKQAKVLVLGDVMLDRYWFGATNRISPEAPVPVVRVQENEERAGGAANVAMNIASLNVSVQLMGLIGQDETGSALSLLLEKQKIDCNFVALETHPTITKLRILSRHQQLLRLDFEENFNNVDCKDLLAKLESAVKNYGALILSDYGKGTLKDVQKMIQIARKANVPVLIDPKGTDFERYRGATLLTPNMSEFEAVVGKCNTEEEIIKKGLKLISDIELTALLVTRSEKGMTLLRPNQEPYHLPTVAKEVFDVTGAGDTVISVLATALADGRSFEESCYLANVAAGIVVGKLGTSTVSTVELENAIHARPETGFGIMSEAELKDAVAQAKARGEKIVMTNGCFDILHPGHISYLENARKLGDRLIVAVNSDDSVKRLKGESRPINNLENRMAVLAGLASVDWLVPFTEDTPQRLIGEILPDLLVKGGDYKPEEIAGSKEVWANGGDVKVLNFENGCSTTNVIEKIKLLKD,length1,1428
1,45540,45234,306,MATRIVDLDRGQLQSYLGNYDLYLTTKEENLRVEALQNELFDKRLAQEEVWIRQGIKARRTRNEGRVRALKAMREERQLKPYRGENEIVYYSQNCCSNQIIY,length1,306
1,48993,48522,471,MKVLEGSVAAPNAKVAVAIARFNSFINESLLEGAIDALKRIGQVKDENITIVRTPGAYELPLVARRLAESKKFDAIVALGTVIRGGTAHFEYVAGEASSGLGKVAMDAEIPVAFGVLTTENIEQAIERAGTKAGNKGAEAALTALEMVNLIQQIDAA,length1,471
1,49431,48999,432,MTEQKQVKKPSARRRARECTVQALYSWAVSGNTAEQVELAFVLDQDMDGVDKPYFRKLFRQTVENIETVDFSISPYIDRAFDELDPIETAILRLAVYELCFELDVPYKVVINEAIEVAKVFGADESHKYINGVLDKIAPALGRK,length1,432
1,50484,49500,984,MAMGEFDLIKRYFQQQILVDDSVQLSIGDDCALVSVPENYQLAITTDTMVENTHFLPTISPEDLAYKAVATNLSDLAAMGAQPKWVSLALTLPNVDENWISTFSQSLLHTLKQYNVTLIGGDTTKGNLSITITAQGFVEKNKGICRHKAQIGDLIYVSGTLGDSAAGLTQILLGKSAVDSDDVFLQQRHLRPTPRIELGRALIDIAHAAIDLSDGLISDLGHILERSQCSAEVELTALPLSSSILNKYDRTQAEQFALSGGEDYELCFTIPPEYKDELELRLKKLNVPCTCIGKINEKCGDFSPRFLRDGKPVNIIFSSGFDHFKESK,length1,984
1,54597,53610,987,MQHLNELIEKAKLAIESIQDKSLTALDEIRVEYFGKKGYFTQLMQELRNVSAEERPAMGAKINEAKQAALEFLNAKKTEWEQAELNAKLEKERVDVSLPGRKVETGGLHPVTMTINRVTKFFSELGFSVENGPEIESDYYNFDALNIPKHHPARADHDTFWFNPELLLRTQTSGVQIRTMEKMQPPIRIMAPGRVYRNDYDQTHTPMFHQIELLYVDKKANFTELKGLLHDFLRAFFEEDLQVRFRPSYFPFTEPSAEVDVMGKNGKWLEVLGCGMVHPNVLRNVGIDPNEYSGFAVGMGVERLTMLRYNVTDLRSFFENDLRFLKQFK,length1,987
1,57018,54633,2385,MKFSEQWVREWVNPAVSTEQLCEQITMLGLEVDGVESVAGTFNGVVVGEVVECAQHPDADKLRVTKVNVGGDRLLDIVCGAPNCRQGLKMACATEGAVLPGDFKIKKTKLRGQPSEGMLCSFSELGIDVEADGIIELPLDAPIGTDLREYLALDDNAIEISLTPNRADCLSIAGIAREIGVVNKQLVNQPHFEAVPATISDKVQIDLQAPEACPRYLLRVIKNVNVKAPSPMWMQEKLRRCGIRSIDPIVDITNYILLELGQPMHAFDAAKVTQPVQVRLAKEGEELVLLDGSTAKLQSNTLLIADQNGPLAMAGIFGGAESGVNSETKDVILESAFFAPLAIAGRARQYGLHTDVSHRFERGVDFELARKAMERATALLLEICGGEAGEICEASSETHLPKVNTVQLRRSKLDALLGHHIETVSVTEIFHRLGFDVTYANDIWTVTSASWRFDIEIEEDLIEEVARIYGYNSIPNNAPLANLRMREHKESDLDLARIKTALVDADYQEAITYSFVDPKIQSLLHPQQEALILPNPISVEMSAMRVSLISGLLGAVLYNQNRQQSRVRLFETGLRFVPDANAEFGVRQEFVLSAVITGTAKSEHWAGKAESVDFFDLKGDLESVLSLTEGGNRVRFVAKQFDALHPGQSAAIELDGQEIGFIGAIHPSISQKLGLNGKTFVFEILWNAIAARNVVQAKEISKFPANRRDLALVVADSVPAGELIAACKQAGGEKLVQVNLFDVYQGVGVAEGYKSLAISLTVQDNEKTLEDEEINAVISAVLAEVKQRFNAELRD,length1,2385
1,58866,57915,951,MSSNLTALQIQLEILRLIPKTRFITAEEILQKLADIGVQRDIRSIQRQLESLSQQFEIERDMRDKPYGYRWKSNAKGLDLPILNEQQSLVLMLAKQYLNGILPSSIMNSMEAFFQQAEYNLVYDSHKKSGAEWLNKVAIAPTSQPLLPAKINPEIFSQISTALYQNRFLQVHYRSIHGKEHKAQVKPLALVQQGPSSYLVAQYENGDILHLALHRLLKVTVSTMIFERPDFNLKSYVESQKFGFTYGRKIRLTFRINKDIGGFLTETPLSMDQTVKDCGTEYEISATVIKSAMLEWWIAHFGEDYQEIDRTYLDENA,length1,951
1,63141,62382,759,MENFCEITFCQQIGSNKRRNQDALFNGEAVFQYKLKTAEKRLENRPHFIVGVADGISNSNRSEKASKLAMQLLSQMESISSQTIYDLQSNLSAELAEDYFGSATTFVAAEIDQTTRKAKILSVGDSRAYLIDAQGKWQQITQDHSILSELLTDFPDKKEDDFATIYGGVSSCLVADYSEFQDKIFYQEIEIQQGESLLLCSDGLTDGLSDEMREKIWQKYPDDKYRLTVCRKMIEKQSFSDDLSVVCCHSIIE,length1,759
1,66321,64272,2049,MSEYKLNPPTVSSYTENMMLKVLFEHKGFSEVFRETSWRSDEIASAFGLPEELENDKNLRTVARRLLKERYKKLQKSTALLPELWKQAYENLATLAEFLQLNPVEQELLRFAMHLRSEGAMRDLFGYLPKSDLQRTAAIMADLLKQPKNQILSALKKGSKLDAYGLIDRDYRPDSVHDYLDWGETLDFDEFVTQPLNENVLLKSCTEVAQVPSLQLDDFDHIAGMKEMMLTYLQQALKHHRKGVNLLIYGVPGTGKTEFAGLLAQALGISAYNITYMDSDGDVVEAEQRLNYSRLAQTLLNGKQALLIFDEIEDVFNGSFMERSVAQKNKAWTNQLLENNNVPMIWLSNSVSGIDPAFLRRFDFILEMPDLPLKNKSALITQLTEGKLSPAYVQHFAKVRSLTPAILSRTIRVAKELNTSNFAETLLMMFNQTLKSQNKPKIEPLVLGKADYNLDYVACNDNIHRISEGLKRSKKGRICCYGPPGTGKTAWAAWLAEQLDMPLLLRQGSDLLNPYVGGTEQNIAQAFEQAKADNAILVLDEVDTFLFSREGANRSWERSQVNEMLTQIERFEGLMVVSTNLIEVLDHAALRRFDLKLKFDYLTLKQRLDFAKQQAEILGLPLLSEEDLSQIESLNLLTPGDFAAVARRHQFSPFHKVQDWLMALQGECEVKPAFSATTRRIGF,length1,2049
1,69174,68823,351,MARVKRGVIARARHKKVLKAAKGYYGARSRVYRVAFQAVIKAGQYAYRDRRQRKRQFRQLWIARINAAARQNGLSYSKFINGLKKASVEIDRKILADIAVFDKVAFAALVEKAKSAL,length1,351
1,74844,72924,1920,MLSVLHKLKEQRILSQGDYYFAKLIADKQCHTDYAEPIKNLAILLAALCSWRYTQGNTCSQLDRYLEHNLFGLAYRTTEEDYLAEIREKIGYLAVEDWQNALCGHMAFTQDPVNQIAPMVFQFGALYFYRTWQDEYRIAQYIKNTLKKHRTLAFSYDEIHQKLEKYFPEKQEKTDWQKVAVATAIKSPFSIITGGPGTGKTTTVTRLLLVLQELFDCKLHIKLVAPTGKAASRLEESIKNALGFMQEKMNVSHSLFNAIPQKASTLHSLLGVNAFNDYTRYNSHNPLQLDVLVVDETSMIDLPMMVKLINALKPETRLILLGDQAQLASVEAGAVLGELAQFVTQPYSHEQVAYLLATTGYKVEGSDCSNPIRDCLCHLTESRRFDKDSGIGKLAEFIQKGKADDSLELFDHYPQELHFNALNDESDAVNQVVKSAVENYRTFLKMLDDLRKQKIDPNAKNEQGISYAEAIQAQFNSVRFLTALRNNNLGVENLNKEIALALREQKLLWFRNEQDWYIGKPIMITENDHNVRLYNGDIGLCLANGKVWFGNREVLTNRIPAHEPAFMMTIHKSQGSEFEHTVMVLPTEVNPVLSRELVFTGVTRAKKELTVFADEKIWKTAIRQTVKRQSGLGKLLEDLN,length1,1920
1,78936,78210,726,MMANDDFQEYVKQLVTKHRDERIYPFQYEGKKYWLKQPEKLKGIWLLLKPHPKKSFKNELHTLLKLAEQNAPVPKVSYYSDNFFVLENVGLTVSQWLCNKNIDEQQKFLIIYDACLALIDLHAKNLVHGRPAIRDITWDKGKVTFLDFESRSNSQNQNWVVIRDMLFFFDSLCREEDILDTFIQKVALYYQTHCKAKNWQNMIVFLQRFSWVYYLLLPFKPIAKTDLIAIYRLFEILLINKK,length1,726
1,83418,82791,627,MGKKKRSASSSRWLNEHFSDQFVQKAHKQKLRSRAYFKIDEIQQTDKLFKQGMTVVDLGAAPGGWSQYVVSQIGGKGRVIACDILEMDPIVGVDFLQGDFRDENVLNALLACVGEDKVDVVMSDMAPNFSGMPSVDIPRAMYLVELALDMCKQVLASKGSFVVKVFQGEGFDEYLREIRSLFNVVKVRKPEASRGRSREVYIVATGYKG,length1,627
1,85416,83511,1905,MVKNLVLWVVVAVIMMTAYQSFNSSSVENSTDYTTFVYDVSNGQVTAARFDANEITVTKTDGSKYSTVMPPLEDKKLLDDLLSKKVKVEGTPFERRGFLSQILISWFPMLFLVGVWVFFMRQMQGGGGKAMSFGKSRAKMLNQDQIKVTFADVAGCDEAKEEVGEIVDFLRDPNKFQNLGGKIPKGILMVGPPGTGKTLLARAIAGEAKVPFFTISGSDFVEMFVGVGASRVRDMFEQAKKNAPCLIFIDEIDAVGRQRGAGLGGGHDEREQTLNQMLVEMDGFSGNDGVIVIAATNRPDVLDPALTRPGRFDRQVVVGLPDVKGREQILKVHMRKVSVAQDVDAMTLARGTPGYSGADLANLVNEAALFAARVNKRTVTMLEFEKAKDKINMGPERRTMIMTDKQKESTAYHEAGHAIVGYLVPEHDPVHKVTIIPRGRALGVTFFLPEGDQISISQKQLESKLSTLYAGRLAEDLIYGEENISTGASNDIKVATNIARNMVTQWGFSDKLGPILYTEDEGEVFLGRSMAKAKHMSDETAHSIDEEVRAIVSRNYERARQILTDNMDILHAMKDALVKYETIEEEQIKQLMNREPVTPPSGWGEPKTQQAAYANSTTNDAKPESAVENTDDFNV,length1,1905
1,86355,85530,825,MKLYANNKCLDLSVPQIMGILNFTPDSFSDSGQFFSLDKALFQVEKMLEEGATIIDIGGESTRSNADEVSEQEELHRVVPVVEAVRSRFDCWISVDSSKAIVMREAASVGMDLINDIRALQEPNALETAVKLALPVCIMHMQGQPRTMQANPYYENVVQDILAFLQKRTNECLSAGVKKENLIWDMGFGFGKSVQHNYQLLQNLNEFCQNGYPVLAGLSRKSMIGAVLDKPVDQRIIGSAAGALIATQKGAKILRVHDVAATSDMLKIWQATENA,length1,825
1,95430,94791,639,MLDQQLLIGTVFLAGLASFLSPCIFPIIPIYFGILSKGGKKVLNTFLFILGLSLTFVSLGFSFGFLGNILFSNTTRIIAGVIVIILGIHQLGIFKIGLLERTKLVEIKTSGKSTALEAFVLGLTFSLGWTPCIGPILASVLALSGDEGSALYGASMMFVYVLGLATPFVLFSFLSDSLLKRAKGLNKHLDKFKIGGGILIIVMGILLITNNFS,length1,639
1,95943,95475,468,MKKLLSIFLMAFSLNTFAQTNLADVQLKDLNNQPVTLSQYKGKPVYVKMWASWCPICLAGLAEIDDLSAEKDRGFEVITIVSPDHKGEKDTADFIEWYKGLEYKNITVLLDEKGEIIDKARVRGYPFNLFLDSDLNLKKTVPGHLGAEQIKVFAGK,length1,468
1,97101,96186,915,MEEIINGLLIVLVPMMLGYLVKIQNQNTLAFINKIVMLLLYIILFMMGFMLGQLEHLEQKLPIIGMTALGLSAIILTCNILGLAIYDSTLPKPVNYLQGELPSRWHSLIDSIKLLSAVIIGIVLGWLCNDWLHFPHGSNLYVLIALIFFVGIQLRNNGISLKEVLLNKQGLMMGAIFTLSSLVGGVISAFFLSIPITQGLAFSSGFGWYSLSSVVLTNAWGPMQGSIAFFNDLSREILSLFLIPLFMQHYRSTAIGITGATALDCTLPIIQKSGGIEVTPIAISFGMVTNLLPPLLLVFFSSFPI,length1,915
1,100299,99642,657,MMNKISLDAQNVRNALIEKGIETPMIDPTQAKNERRESIAKHMNEVMKLIGLDLRDDSLEETPNRLAKMFIDEIFSGMDYANFPKMTKIKNQMKVSEMVQVNDITLTSTCEHHFVTIDGKVCVAYYPKDWVIGLSKINRIVSFFAQRPQVQERLTEQLLTAFQTILETDDVAVYVKATHFCVKARGIRDTNSYTVTSAYGGVFLEDRDTRKEFLATVQK,length1,657
1,100626,100305,321,MINCNPHVKCADFYFGKLNMLCAIYKSKKKLGSYLYVADREDFSSVPSVLLEHFGKPELVMMFNLLGRKALHNVDCNEVLETIKHQGFYLQIAKQDDGLFNSLSEIK,length1,321
1,103722,103332,390,MAENQNYGTGRRKSSSARVFIKPGSGKITINQRELDVYFGRETARMVVRQPLELVELTDKLDLYITVKGGGISGQAGAIRHGITRALMEYDETLRPALRAAGFVTRDARRVERKKVGLHKARRRPQYSKR,length1,390
1,104541,103905,636,MSSTSSKRSVMTLFSNKDDIYCHQVKIVLAEKGVLYENAEVDLQALPEDLMELNPYGTVPTLVDRDLVLFNSRIIMEYLDERFPHPPLMQVYPVSRAKDRLLMLRIEQDWYPTLAKAENGTEKEKTSALKQLKEELLGIAPIFQQMPYFMNEEFGLVDCYVAPLLWKLKHLGVEFTGTGSKAIKAYMERVFTRDSFLQSVGEAAPKNLMDDK,length1,636
1,110043,109725,318,MRNQTKQHLEQLQITMQQLNLWQTMPPAAEAFLSEEPFSIDTMSAEEWLQWVFIPRMQALLESGSALPHKIAISPYIEEAMKEFDELQQLLTPLVALEELLNNNQC,length1,318
1,117033,116112,921,MGGLGGFGALCALPTKYKEPILVSGTDGVGTKLRLAIDLKKHDTIGQDLVAMCVNDLIVQGAEPLFFLDYYATGKLDVDVAASVIKGIADGCEMSGCALVGGETTEMPGMYHEGDYDLAGFCVGVVEKSEIIDGTAVKTGDTLIALGSSGAHSNGYSLIRKVLEVSGANPADLLEGKPLSEHFLAPTKIYVKSILQLIKQTEVHAIAHLTGGGFWENIPRVLPANTKAVIDESSWQWPAIFNWLQEKGNISRYEMYRTFNCGVGMVISLPEKEVETALALLEQAGEKAWVIGKIEHLGEGEAQVEIQ,length1,921
1,117726,117090,636,MKKIAVLISGQGTNLQTIIDACHLGDIPAKIACVVSNKADAYGLVRAKQAQIPQAVFLRKNFSNNLEMDDAIGDYLQSLAVDLIVLAGYMKILTPKFTQRFAGKILNIHPSLLPKYAGLNTYQRAIEAGDNEHGTTVHFVNEEVDGGAIVLRAKVPIFPEDSIEEVEAKTREQEYQIYPLVIKWFTEGRLRLKDNLAYLDGKALPKSGYANE,length1,636
1,129453,129015,438,MEMKKVIIEMVDRIPGGRSAVAGFLGFTESELKNRLYQTKGQRFKNEELIAIQQEYGCTQFIDELCRLAGGRFVPDVAENELDKVELANLQLHELSARGLLFAALETALEDGEITSKEEDKIRQALSKHLAATQHSIECAIVLHKK,length1,438
1,130176,129504,672,MNQLLTISKENTSTLTMSSREIAELINKNHSDLCRSIERLIAKEVIWGYQPMAYTHPQNGQTYYEYHLTKRDSLIVVAQNCPEFTAAIVDRWQALENQQKPTALIPQSFSEALMLAAQLQAEKERNAPKVAFVDHYVEVGTSKSFRETAKILKMPERALVNRLVEDKYLYRQSGVLLPYQSARTKDLFTVKTGTAEHGHNYTQTRVTSKGIEFIASRYASELML,length1,672
1,130788,130515,273,MNLKKLRKKAKPKCCLSSSVLPDNWRKILSHTAKPKRASLIKRNSTVCKNRRTRLGFRFVKRWKFASNATGRDLTHRGIGVMKNCDQIHRT,length1,273
1,133494,132831,663,MKCKIDGCNREAMYKADCVCQMHYFRFMRNGTYDLLPKPIRKYRRHNGKGYQLIFEPRHQLAMSDGYVYEHRFVIYSIYQNNLPNCKLCGCKLTWSSCHIDHIDNDITNNTLENLRPICRACNVMRSHTLIPKYTHKGHSKITFNGLTMTAAEWARQDGVTVAGNTILRRIRDGWSIERALFETSSTHPNAAVKHTTTKYKNRFEVKSTGISLDLRLQGDD,length1,663
1,133896,133620,276,MKCDARYAEKYRMRPISDELGMEIDGYLGVIRKVTPELYDVFVLTYIKRWEKQEIWRYLHISRREYFNRLKTVKTSLLLLLSTEGKQCLFIA,length1,276
1,137517,137196,321,MTKYIYMALAGVVVVLIGALRYQSSVIDELEITTKQQENTIQQQEDANKSLSLALQQERYAIIEQQERNNEIERIATENAESVKTIIKTQPCAHTRLPQSVLDRLHE,length1,321
1,141213,139881,1332,MNILDGIKSLALKLGSKQDQTYYARGLSLTDDLMQIEALWRDNWIANKVCIKRSEDMVRNWRDIFSNDLKSEQLDEFTKLERRLKLRETLTKALQWSSLYGAVGLLLVTDTINITSPLQPTERLKRLIILPKWKISPTGQRDDDVFSPNFGRYSEYTIIGGTQSVLVHHSRLLIINANDAPLSDNDVWGVSDFEKIIDVLKRFDSASANVGDLIFESKIDIFKIAGLSDKISAGLENDVAHVISAVQSIKSATNSLLLDAENEYDRKELSFGGLKDLLTEFRNAVAGAADMPVTILFGQSVSGLASGDEDIQNYHESIHRLQETRLRPVLEVLDTLLCNELFGGQPDDWWFEFLPLTVVKQEQQVNMLNTFATAANTLIQNGVVNEYQVANELRESGLFANISAEDIEEMKNVNEFAGNFEEPENTEDAQVQASEDEQENGALV,length1,1332
1,144747,143925,822,MAKKYDLHCHSTASDGVLSPTELVHRAYAQGVNVLALCDHDTIAGIDEAEIAAKEVGIELITGVEISTNWEGRGIHIVGLNFDKTHPKMTALLQSQKALREKRAVEIGDKLEKAGIPNAYDGAKALADGEVTRAHYARYLVQIGKVSNDGQAFKRYLGQGKSAFVKAEWADIPTAIETIHAAGGVAVIAHPLRYNMTGKWVRKLIVDFKAWGGDGMEMADCGQTKDQRQMLARWAKEFNLLGSVGSDFHFPCGWIELGKNLDLVDSVIPVWEKF,length1,822
1,150312,150000,312,MQPNEITFYQRFEADILAGRKTITIRDKSESHFKAGDILRVGRFEDNQYFCTIEVLSVSPITLDELTEQHAKQENMGLDKLKEVIKTIYPNEHESWIINFKLIG,length1,312
1,163824,162879,945,MLTKSRKYFNQTWIESLFKQTTALFALLVFILLAAILISLVIGSWESIKRFGGSFLLETYWDPVQEQYGAIIPILGTLITAGIALFIAVPISFGIAIFLTELAPNWLKRPISIAIEMLAAIPSIIYGMWGLFVFVPLFQEHIQPVLIDNLGNLPGLELFFSGVPFGVGLFTAGLVLAIMIIPFIASVMRDVFSIVPPMLKEGAYGLGATTWEVVRQVIVPHTRIGLVGSVMLGLGRALGETMAITFIIGNSFQLPNSLFSPSTSIASAIANEFNEAGGLQKSALMELGLLLFVITTMVLILSRLMITKMQQTKGK,length1,945
1,167517,166242,1275,MKKILNFIVEINLAIIISLFTSDFILWFAIILLLILAWHHINEYRLLKYLNLKQDNKFSLLQLGTFSQTEAYHRHQIYKEKCASLRLLSQINKNIKYLPDAIIICQHNGNISWCNSIAQQMFDFCWNKKVQKNIFDVIFYEQFKHYFFSQKKRRPLVLLTYNQRYIEVQSHAYNSHMILVIARDITDMIHLLNSRQKFLSNINHELRTPLTVLQGYLEILADNNIQNPLQKKAIFAMQEQSQRMEHLLQQFNFLAKIETTSDKDFRKFDMSAMINSLRKDTDILNTYNHHIEFIIQPNIIIFGNESQLRSAVSNLIYNAIKHSGKQCHIQIQWETCEQGIKFNVIDNGVGISPQHIPHLTERFYRVDESRSHLTGGSGLGLAIVKHTLLQYHSHLNIESTETKGSSFSFIIPKRFVISKNNKEIQ,length1,1275
1,181227,180288,939,MSELTQLAQQEKKQSYNFNKLQKRLRRNVGNAISDFGMIEDGDKVMVCLSGGKDSYTLLDILLNLQQSAPIKFDIVAVNLDQKQPGFPEHVLPEYLESIGVDYKIVQENTYGIVKEKIPEGKTTCSLCSRLRRGILYRTATELGATKIALGHHRDDMLATLFLNMFYGGKMKSMPPKLISDDGKQIVIRPLTYCKEKDIEKYAIAKEFPIIPCNLCGSQPNLQRQVVKEMLNTWDRQYPGRLETMFSAMQNITLSHMSDPKLFDFKGIKHGQMINGIEGDTAFDEEQITPMQFEDEDQTDFSNNEMINFKEVN,length1,939
1,187347,184569,2778,MKKTTAFFLLIFSLIACQSLELSPNSDLPFDPNIQHGKLSNGLQYFVLKNTEPKERVYIRLVINAGSMHEDDDQKGIAHLVEHMAFNGSKKYPENQIINALEKLGMKFARDINAFTDFENTVYTLNLDSNNQQKLELAFDVINEWMNNITFLPKDVDGERGVVQEEWRRRLSPMLRIGNKKSAIEMAGSRYVLRDPIGDMDIIKTISAKRVADFYHKWYRPDNMSVIIVGDIDTKQVVKLLKQNLSQENPITKTTLEKIDFNIPLINKWRLDSISEQGTTIPSIELSFFENTIETNTLASYKQELIQQITTRLLNLRLQKWEKETENGVDSANFYRTHLGKETLQSIFSLQLIDTQYSKTIDKLFAFIASIKQQGFTQNELNGEIKRLTQLNEKQLNIRSGSLKIADDLITSVANKQVVLSVNDRYELNKRFLSQITLADLQRTLNQTLVLKAKLLLITQPLPQKALPFDVVEIETRWNNAMKMQQHQWDEKKQLEKLPHLTFNTGSLSQEKYWDRGDIYEFRLSNGSKLIYHYSDKTPNQVHFRAVTKGGLRSIPDKDYHLLRAAVSVVDETGVGELSLSAVNQIFSRDPLVIATVIDDDKQGFTGVSKPKDLENLLTLFRLKLRSSPISDLALEKYRRETRDYFKQIDLETQFMQAVSKLRFPNIETVYSQKQAQQLAFDKNQLSNAYQRYILNKTDFTYFIIGDIELNQVKKLAERYLASVESKTQIRHFVPTIIHTPTQSFIMNGLKEPRADVEIYLTADNTWRAEQKYLFNILADIVQEKLRLILREKVSGIYSVNSWFMQDVHTPQIEGKIEFSCDPKRVEELTHLTNQVLDDIVKNGIDENLLRKKLAEQHTQIRREFDSLVSVASIIEESYWQQDNPDAIYTYQHLDQLATKATIDALAQKALKKSGRFVSILKAASY,length1,2778
1,195042,194688,354,MSKSLFNIKPAAAAAQPEYELSIDTTTGISAPPIDATKCHPNASAIAVINNTGKMLSGLFKNATINNADTTSAAKFNLWRCGNINAFELIFPLNLPNATTEPVKVTAPIKIPKNTSTL,length1,354
1,205125,204837,288,MTFAQKHRWFIRANVIRPYNLSIRIISPSISNKLLLTAEWTLKSNFLVRGFRFFHLRHNQNCPRLNLRNTSNRYLKFLRIFLQHSRRCGNCGEAQG,length1,288
1,215961,214998,963,MIDFRPFYQQIATTNLSDWLETLPLQLKEWETQTHGDYAKWSKIVDFLPDLHADEIDLKSAVKSDRTFPLSEGEKQRIIHHLKQLMPWRKGPYHLFGIHVDCEWRSDFKWDRVLPHLAPLQGRTILDVGCGSGYHMWRMVGEGAKMVVGIDPTELFLCQFEAVRKLLNNDRRANLIPLGIEQMQPLAAFDTVFSMGVLYHRKSPLDHLSQLKNQLVKGGELVLETLVVDGDVNTVLIPADRYAKMKNVYFIPSVAALINWLEKVGFTNVRCVDVATTTLEEQRKTDWLENESLIDFLDSNDHSKTIEGYQAPKRAVILANK,length1,963
1,217638,217158,480,MSKTSIGLDKVQSAELADKLNELLATYQVFYTNVRGYHWNIKGVNFFALHAKFEEIYTNLVARVDEVAERILTLGYTPNNAYSQYLKISRIKEDIAVSEAQECLSGTLQGLKTLLDQQREILAFANNANDEGTASQMSDYIKEQEKLVWMFQAACQTCHN,length1,480
1,220863,220035,828,MTIFENVAFGLRMQKVPNEEIKPRVLEALRMVQLEEMADRKPTQLSGGQQQRIAIARAVVNKPKVLLLDESLSALDYKLRKQMQQELKMLQRQLGITFIFVTHDQEEAITMSDRIVLLRKGKIAQDGSPREIYEDPANLFVARFIGEINVFEATVIERKSEQVVLANVEGRICDIYTDMPVEKDQKLQVLLRPEDIVIEELDENEHSKAIIGHIIDRTYKGMTLESTVEFDHNGMRVLVSEFFNEDDPHMDHSIGQRVGITWHEGWEVVLNDEDNQ,length1,828
1,222477,221709,768,MSRLLRNAFMFVVYAYLYIPIIILVTNSFNKDRYGLSWKGFSWNWYERLFNNDTLIQAAIHSVTIAFFAATLATIVGGLTAIALYRYRFRGKQAVSGMLFIVMMSPDIVMAVSLLALFMVVGISLGFWSLLLAHVTFCLPYVTVTIFSRLNGFDSRMLEAAKDLGASEVTILRKIILPLALPAVVSGWLLSFTISLDDVVVSSFVSGVSYEILPLRIFSLVKTGVTPEVNALATIMIVLSLALVVLSQLITRKNNH,length1,768
1,230220,228909,1311,MIRFIFKRKKMHKPKELVFGQTIIRLNQVNGADKRKINMAFDYQMFRQAFPYFQREDAVVYLDNAATALKPQVLIDRTAEFYASAGSVHRSQYDAAQTVQYEQARTQVKEWVNAEDKRTVIWTSGTTHAINLVANGLMPQLNAEDEILISQADHHANFVTWHETAKKCGAKIRVLPILDNWLIDENALILALSEKTKLVALNFVSNVTGTEQPIKRLIQLIRKHSHALVLVDAAQAISHIKIDLQDLDADFLAFSAHKIYGPNGLGVLTGKLTALSQLQPLFFGGKMVDRVSNDRITFAELPYRLEAGTPNIAGVIGFNAILNWLQKWDFTAAEQHAISLAESVKVRLKSYENCRLFDSPQASTVVCFIFDGIDCSDLSTLLSEQNIALRVGEHCAQPYLARLGERTTLRLSFAPYNTQKDVETFFTALDKALDLLQ,length1,1311
1,238116,236853,1263,MSKIPLNEFITLQRGFDLPSNKRISGSVPVVASTGIAGYHNEIKVKAPGVVIGRSGSIGGGQYIEKDFFPLNTTLYVKDFKGHYPRFIYYLLKSIDFTSFNVGTGVPTLNRNHLSSILISDLGIEKEKEIANILGSLDQKIQLNTQINQTLEQIAQALFKSWFVDFDPVRAKVQALSDGLSLEQAELAAIQAISGKTPEELTALSQTQPERYAELAETAKAFPCEMVEVDGVEVPKGWEVKALDEIANYQNGLALQKFRPEDDEPFLPVVKIAQLRQGYADGDEKAKANIKPECIIDNGDVIFSWSGSLLVDIWCGGKAALNQHLFKVSSKEYPKWFYYFYTKHHLTEFQRIAYDKAVTMGHIKREHLSAAKCIVPNDELLANKTLENILEKIIFNRLENFNLQNTRDLLLPRLLNGELNG,length1,1263
1,263298,263028,270,MIAILSLFILFVGLLGLAIGFGVIALPWLVSGIIAAPVLFLYMLMMGSVLWLAEINFFLGVAALAVYCYWIHIIRKHIKLKSQSKDLIVQ,length1,270
1,271275,269496,1779,MDEQVINQPSPEVTVEIKRKAQQMYFSGYKIAEISRQLNTPASTIASWKDREKWDDIAPVGRVELALETRLNLLIAKEEKSGSDYKEIDLLGRQMERMARVKKYSFGDGNEVDLNPKLANRNKGERKKAEPNAIDQEQEELLINGFLDGMFNYQRIWHKAKEHRIRNILKSRQIGATYYFAHEAFIDALTTGHNQIFLSASKKQALQFRSYIVNYAKQTADVDLKGETIKLPNGAELIFLGTNSATAQSYHGNLYFDEVFWVPKFDVMRKVASGMAAQKMYRQTYFSTPTTIAHPAYAFFSGKAFNRNRAKSEKIEIDISHENLKSGKLCADRQWKQIVSIYDAMEGGCNLFNIDDLIAENSKEEFEQLFLCQFADDNSSAFKFSDLQLCQVDSLEEWHDYKPFYQRPFGNREVWLGYDPAFTGDRAALVIVAPPKVEGGDYRVLHKQTFHGMDYETQASRIKQFCDDYNVTRIVIDKTGMGSGVYQEVRKFYPMAQGLEYNADLKNEMVLKTQNLIQKRRLKFDSGDNDIVSSFMTVKKRITGTGKITYVSDRSEDASHGDLSWAIMNCILNVPYGLGGDVSSNKSTIFTFE,length1,1779
1,272295,271287,1008,MSKKTKKSTALSTGNQAQAFSFGEPIPVIDRAEVLNYFESVVMYEKYYNPPINLSYLAKALNASAHHNSAITVKKNILLSTCKTTALLPRTQLEKLVQDYLVFGNAYVEKTVNSFGKVVSLKSSLAKYMRVGVETGVFYQIVNGFDEYEFKKGSVFNLINPDVNQEIYGVPEYLAALQSAFLNESATLFRCKYYLNGAHAGSIIYMTDPTQNKDDIEAIKTQIRQTKGTGNFKNLFVYIPNGKKDGMQVIPLSDAIAKDDFLNIKNASRDDVLAAHRVPPQLMGIVPNNTGGFGDVEKATRVFFINEIIPLQERLKEINSWIGEEVITFSDYKLLN,length1,1008
1,277812,275766,2046,MTTQPRKILVTCALPYANGAIHLGHMLEHIQADIWVRFQRMRGNKIHFVCADDAHGTPIMLNADKLGITPEELIAKAKADHIRDFAGFNISFDNYHSTHSEENKQLTAEIYNKLKANGFIKSKVISQLFDPEKNMFLPDRFVKGTCPKCKAEDQYGDNCEVCASTYSPMDLINPRSAVSGTTPIVKESEHFFFDLPAFEGMLKEWTRSGSLQPEIANKMQEWFESGLQQWDISRDAPYFGFEIPGAKDKFFYVWLDAPIGYMASFKNLCEREGIDFNEFWAEGSDAELYHFIGKDIVYFHSLFWPAMLEGSGYRKPTNVFAHGYVTVDGAKMSKSRGTFIQASTYLNHIDPECLRYYYAAKLNDRIEDLDFNLEDFVQRVNTDIVNKLVNLASRNAGFIAKRFEGKLADKLEDESLFAEFTAQAEQIAAYYESREYNKAIREIMALTDKANKYIDEKAPWVIAKEEGKEAELQAVCSMGIELFRVLMSYLKPVLPKLAERAEAFLQAELRWDNIHQPLLGHTLAPFKALFSRLEKKQIDAVVEETKALFAAANKAAEKTEAKPTALSAVEPIAETITIDDFAKLDMRVAKVLKCEAVPESNKLLRFELDLGDHTRQVFSGIKAAYNKPEELEGRFVIMVANLAPRKMKFGVSEGMILSAGTGGSDLFLLSADNGVTAGMQVK,length1,2046
1,283014,281253,1761,MTEQTFILGKDAALEDSIAKFQQKLTALGFNIEEASWLNPVPNVWSVHIRDKDCPQCFSNGKGASKKAALASALGEYFERLSTNYFFADFYLGQEIANGDFVHYPNEKWFPIEDDALLPNGILDDYLLDYFDPNAELTPELLIDLQSGNYDRGIVAMPYVRQSDEQTVYIPQSIIANLYVSNGMSAGNTKFEARVQGLSEVFERYVKNKIIAEAISLPEIPKSVMDRYPSIQASIAKLEEEGFPIYAFDASLGGKYPVICVVLLNPNNGTCFASFGAHPNFQVALERTVTELLQGRSLKDLDVFSPPSFNNDDVAEHANLETHFIDSSGLISWDLFKETPDYEFADWDFSGTTQEEYNNLMAIFRADEKEVYVMDYNHLDVYACRIIVPGMSDIYPADDLIYANNNMGMDWREILLDLPNWHHDAETYQKLLEELDGQDIDDATRVREFIGIVAPKNSSWTTLRVGELKSMLHLALGELEQALDWANWTLNMNSSVFTTEPVNYYRALISIIELHLDQNREPAQYRSVFEKMYGKDAVKQAWAAVSEGGNPFYNLPASDENLKNFKEHQALLGAYGKLQKAKRAHQK,length1,1761
1,288204,287472,732,MRFTKSIKFSLKCGRFFIMFTAMLVKKLSPKFTVLFRALLYAIFALIILCLLVDRGVSFYVRDKIFTNIDELPFRPCALVLGTSKYTVSGKPNVYYDSRLMAAKSLIEQQKVNYLLLSGDNRTLQYNEPRAMFRDLRKMGVPETLMFRDFAGFRTLDSVIRADKIFQVKTFTIVSQKFHCERALLIAQAHNIDAICFVAKQPELHFSTQIREVFARIKAVFDLILGVEPYFLGEPQPLPNSTTL,length1,732
1,302652,301686,966,MKKYKTGLVLLVIALALLGSFSPWFFLHIAAWQKDFNQLISENLHQIQNNSIKAGITLIFASFVYGVLHALGPGHGKFIIASYLSTHESQLKQSTILSLLSSLMQGIVAITATTLLVVVLNLSSRYFKLSQLWLERTALLLLVFLGCYWIWQGLRAYRKKAKLAIKSLNPLPLHEKSAVKNNRTFQPNTCSCGHQHLPSPTQTAQATNLKSQFLVILTIGMRPCSGAIFVLFLAYMLDLYSWGILAVLAMSFGTGLMLSAFAGIVRYARNTAIHLGHWYSSKNTKGKSESIVKLIAGGIMLFFALSLLYGTTISTGGSKILF,length1,966
1,305307,303270,2037,MSEKINTKPFILHSDFRPSGDQPQAIEKLAENLTDGLAHQTLLGVTGSGKTFTIANVIAQLNRPAMLLAPNKTLAAQLYAEMKAFFPENAVEYFVSYYDYYQPEAYVPSSDTFIEKDASINDQIEQMRLSATKSFLERRDTIVVASVSAIYGLGDPDSYLQMMLHLQQGAIIDQRQILAKLAELQYTRNDQAFQRGTFRVRGEIIDIFPAESDDRAVRIELFDDEIERLSLFDPLTGSSFGAVPRFTIYPKTHYVTPRERILDAIENIKKELVSRREYFIKEHKLLEEQRISQRTQFDIEMMNELGYCSGIENYSRYLSGRNEGEPPPTLFDYMPSDAILIIDESHVTVPQIGGMYRGDRSRKETLVEYGFRLPSALDNRPLRFEEFERLAPQTIYVSATPGPYELEKSGSEIIDQVVRPTGLLDPLIEIRPVSIQVDDLLSEARQRADKNERVLVTTLTKKMAEDLTDYLDEHGIRVRYLHSDIDTVERVEIIRDLRLGEFDVLVGINLLREGLDIPEVSLVAILDADKEGFLRSERSLIQTIGRAARNLNGKAILYADNITKSMEKAITETNRRREKQTKYNEEHGIVPQALNKKVGELLDIGQGANQKAKANKQRGKMSAEPTALYNAPKNAKEYQQQIKKLEQQMYKFAQDLEFEKAAAIRDQLHQLREQFVFDN,length1,2037
1,311370,310674,696,MRLDKFIAENTGLTRSQATKAIRQSAVKINGEIVKSGAVQISQEDKIYFEDELLTWVEEGQYFMLHKPQGCVCSNDDGDYPTIYQFFDYPLAGKLHSAGRLDVDTTGFVLLTDDGQWSHRITSPKHHCEKTYLVTLADPVEENYAAACSEGILLRGEKEPTKPAKLEILDDYNVNLTISEGRYHQVKRMFAALGNKVVGLHRWKIGDVVLDESLEEGEYRPLTQSEIEKLVK,length1,696
1,314160,313500,660,MLLSILYIIGITAEGMTGALAAGREKMDIFGVIIIASVTAIGGGSVRDVLLGHYPLGWVKHPEYFLMVASAAVITVYVAPFINHFMRYFRTIFLVLDAMGLVVYSIIGAQIAMDMGHSLTIVCIAGCITGAFGGVLRDMLCNRIPLVFQKELYASIALFATLTYYALSTLQVEHTLAVLLTLISSFTLRLLAIHFEWGLPVFNYQELTSEEQDKLPNKKK,length1,660
1,320361,318921,1440,MKKSKIAAGVVISLAAVWCAGAWFTGKKAEEEYLHQLKQLNQLFTKTEALEESKIFYKNIKFERGLFASHIQDQIEIHKANETIIIPLSSTLYHGPLPLDRVAKLNFVPAIFSSQTLLGKNATTQAFFDITESEKPLQLNFAMNYSLSGNAELKLASGQYHNEQSKTDFDWSNVVLNIDLNQNTPNNYVLSVDTFNSNAPNHAVSTASSIKIKDLVVQGSLQSTKWPFIYSGNINSKIGYFEQNTESPETGEKFSLIQKNSQANLTTQVEGDTVNIINKTNLDELHINGNNLGKVTNNVEFNHIDGNALQELLNILVAIGKADSDMPLSKTLVQKLQQAGMIIANNQPQIKFTPLSISDEKGKVALDLNIALVPNPKFDLMRSGLYKQFKDFSINFDVNKETAISLLSKFVPENQKQDFVHRLNELVTEGEVNDIIVNTDKTVTLTLALENNDLKLNGKPIPEEQLKVVLFILVMGGFGR,length1,1440
1,327234,325812,1422,MSKEIKTQVVVLGAGPAGYSAAFRCADLGLETVIVERYSTLGGVCLNVGCIPSKALLHVAKVIEEAKHANKNGIYFSEPRIELDEVRAGKEAVVAKLTGGLAGMAKARKVTVVEGLATFTDSHTLVARDRDGNPTTVKFDNAIIAAGSRPVQLPFIPHEDPRIWDSTDALKLKEVPKKLLIMGGGIIGLEMGTVYNALGSEVEVVEMFDQVIPAADKDVVGIYTKQVEKKFKLMLETKVTAVEAKDDGIYVSMEGKACNDTKRYDAVLVAIGRVPNGKLIDAGKAGVEVDDRGFIHVDKQMRTNVPHIYAIGDIVGQPMLAHKGVHEGHVAAEVIAGQKHYFDPKVIPSIAYTEPEVAWVGKTEKECKQEGLNYEVAKFPWAASGRAIASECSEGMTKLIFDKDTHRVLGGAIVGSNGGELLGEIGLAIEMGCDAEDIALTIHAHPTLHESVGLAAEVFEGSITDLPNAKAKKK,length1,1422
1,327936,327396,540,MTTQLDLIKSSIKSIPNYPKEGIIFRDITTLLEVPAAFKATIDLIVEQYRDKGITKVLGTESRGFIFGAPVALALGLPFELVRKPKKLPRETISQSYQLEYGQDTLEMHVDAISEGDNVLIIDDLLATGGTVEATVKLVQRLGGAVKHAAFVINLPELGGEKRLNNLGVDCYTLVNFEGH,length1,540
1,330780,330156,624,MKLVEVKHPLVKHKLGVMREAEIDTKKFRELATEIGSLLTYEATSDLETEKVTINSWNGPVEIDRIKGKKVTVVPILRAGLGMMDGVLEHVPSARISVVGIYRNEETLKPVPYFQKLASDLEERLAIVVDPMLATGGSMIATLDLLKAKGCKHIKVLVLVAAPEGIKALEAAHPDIELYCASIDSHLNEQGYIIPGLGDAGDKIFGTK,length1,624
1,339693,338820,873,MAENRYELNKNLAQMLKGGVIMDVQNPEQARIAEAAGAAAVMALERIPADIRAVGGVSRMSDPKMIKEIQGAVSIPVMAKVRIGHFVEAQILEAIEIDYIDESEVLSPADNRFHVDKKEFQVPFVCGAKDLGEALRRIAEGASMIRTKGEPGTGDIVQAVRHMRMMSQEIRRIQNLREDELYVAAKDLQVPVELVQYVHKHGKLPVVNFAAGGIATPADAALMMQLGAEGVFVGSGIFKSGDPIKRASAIVKAVTNYRNPQILAQISEDLGEAMVGINENEIQILMAERGK,length1,873
1,340272,339696,576,MKIGILALQGAFAEHARMLEKLGIESVELRNLKNFQQHYSDLSGLILPGGESTAIGKLLRELYMLEPIKQAISSGFPVFGTCAGLILLAKEITSQKESHFGTMDIVVERNAYGRQLGSFYTEADCKGVGKIPMTFIRGPIISSVGKKVNILATVNNKIVAAQEKNMLVTSFHPELTNNLSLHKYFIDICKVA,length1,576
1,348642,348285,357,MFSLKRQQGASFEHQARLFLESKGLTFIAANQNFKCGELDLIMNDKETIVFVEVRQRSHSAYGSAIESVDWRKQQKWLDAANLWLAKQNMSLEDANCRFDLIAFGKTPQDIQWIPNFLD,length1,357
1,349239,348657,582,MLQKVKDIYSESIQIQIAASSMLSENITNATQMVMQCLLGGNKVIACGVSRSYANAQFLVSNLLNRYDLVRPSFPSVLLSLESAVGSSLVFEQPPEELYCHQFNAIAKSGDLLIAFAPLGTEKIVLNIISHAVSKEVNVIVLTGSNNDAIQGILADKDLEISIPATKESRILENHLFVINALCELVDQTLFPSA,length1,582
1,368940,366297,2643,MTEKNNSSSIEEKYQEITANLRKTKRISPFWLLPFIALCIGAILFFQIVKERGTSITITFANGSGIVADKTQIRYQGLQIGIVKEVHFTDNLQKVEVIANINPEASNILREDTKFWLVQPNVSLAGISGLDSLVSGNYITLQPGDGDREDEFIAEEQGPIAQVSAGDLLIHLISDDLGSISIGASVYFKKLPVGKIYDYRINKNNKVEIDVVIDKAYAKFVKKDSRFWNISGINANISPSGLNLNVESLNAVVQGAVSFDSPADSPKADENSHFTLYTNLKAAKRGIEIKITIPASTALIAGQTEVYSQDNAIGILAKLSAVENNDEILEGSLLIDPNQASLFKANSKIVLRNKKMDLGNLAEPKKFFRDEYFDVIAGDGETKHQFNVIKENELLLNAPNTLVLTLTAPENYGVSEGQNVFYNNMIIGQIVSQTIDVNGVQFKAAIASEYRNLIHEDTQFVAATNFDISIGLDGLRFESATPEKWLQGGVRVLTKQAQGKAKTSYPLYQNISNAEHGITGDILTPTITLHTQTLPSIDKGSLVLYRQFEVGKILSIKPKTNSFDVEIYIYPAYQHLLTNKSRFWVESAAKIDVTPKGISIQATPLARSLKGAISFDNGGSGNNRTLYANESYAKSIGFVITLITDDATNLSKGMNLRYLGLDVGQIDSIQLDAKAKRITAKALINPNYMNIIAKEGSHFTIISPQISAGGIDNLDSLLQSYIDIEIGNGNTKTQFNLAQTAPQRNKFSNGTPFILETRDAMNLSEGSPILYRGVEVGTVKKFELNSLGDRVLVHITIMPKYSHLVRQNTEFWIASGYDFSLGWKGAVFNTGSVQQLLKGGISFSTPAEKEIQPQAQPNKRFLLQINRPEEVQTWGSGALSK,length1,2643
1,373947,372936,1011,MPNFSFVFFYDFAKITPISTALLGRKMNYLKIAQNSLSVESNALLQLSQRLGEDFNQVVDLILACKGRLVIGGIGKSGLIGKKMVATFASTGTPSFFLHPTEAFHGDLGMLKPIDIVMLISYSGETDDVNKLIPSLKNFGNKIIAVTSNKNSTLARHADYVLDITVEREVCPNNLAPTTSALVTLALGDALAVSLITARNFQPADFAKFHPGGSLGRRLLCKVKDQMQTRLPTILPNTNFTDCLTVMNEGRMGVALVMENEQLKGIITDGDIRRALTANGAETLNKTAKDFMTSSPKTIHQNEFLSKAEDFMKAKKIHSLVVVNDENHVVGLVEFSS,length1,1011
1,374499,373959,540,MQQKLENIKFVITDVDGVLTDGQLHYDANGEAIKSFHVRDGLGIKMLMDAGIQVAVLSGRDSPILRRRIADLGIKLFFLGKLEKETACFDLMKQAGVTAEQTAYIGDDSVDLPAFAACGTSFAVADAPIYVKNAVDYVLSTNGGKGAFREMSDMILQAQGKSSVFDTAQGFLKSVKNMGQ,length1,540
1,388566,388245,321,MLYHATEIKIVKLNALKRVSTPNISKNGKINSDPIATCQLISAGIRLNGKGKRSCISANQFCPFHFSNPASKNSHARKKRKINKLTPLPIPCILQSFIFLPFKFSRF,length1,321
1,393336,392709,627,MNNMKTFKFLTALFATAILTACTLDMERPTNVQYIDKTDAIWQQHLQKIQKIQSYQAKGQIGYISPTERFSSRFEWQYQNPKSYTLKLYSLISKSTLLIQMHQSGMTISDNNGNQQSAANAKLLLQEIIGMDVPLEHLAYWLKGQPAMNADYQVGTNHLLGAFTYHVDGSQWTADYLTYHSNNSMPENILLKNDSTKQTLKIRVDEWIY,length1,627
1,395238,394293,945,MPDIKLFAGNATPELAKRISERLYISLGDATVARFSDGEIQVQINENVRGADVFIIQSTCAPTNDNLMELVVMVDALRRASAGRITAVIPYFGYARQDRRVRSARVPITAKVVADLLSIVGIDRVLTCDLHAEQIQGFFDVPVDNVFGSPVLIHDILKKSDLENPIVVSPDIGGVVRARAVAKLLNDTDMAIIDKRRPRANVAQVMHIIGDIADRDCILVDDMIDTGGTLCKAAEALKERGAKRVFAYATHAVFSGAAAKNLASDAIDEVVVTDTIPLSEEMKAIGKVRVLTLSSMLAEAIRRISNEESISAMFN,length1,945
1,399465,398853,612,MFTGIVQGTAPIHSIKETANFRTQVVKLLPEMRKDLEIGASIANNGVCLTVTEINGDLVSFDLMQETLKITNLGTIKVGDYVNIERAMQMGTEIGGHLLSGHIYCTAKISDIIASENNRQIWFELPNADVMKYILTKGFVAVDGISLTIGEVKGTQFCVNLIPETLQRTLMGQRKVGDIVNIEIDPQTQAIVDTVENYLQSKNF,length1,612
1,411333,410985,348,MTIQRILPNARLSEVSIHNNLAYFAGQVPELTIEQNTYEQTKEVLGLIDKLLAEIGSNKSNILTAQIFLADMQDYVQLNQAWDEWVDHVSPPSRATVEAKLADPRWKVEIVIIATC,length1,348
1,411780,411366,414,MENWTNEIWVAIGIAFIVGLFIGYIIVRLTKGSVKHQAKTEAELKTVKTQLDTQKAQIEKHFAESAELFKTLINDYQKLYRHYATSSNNLLGEKDHKGLFTQQLITATDKSQNEQPRDYSDGASGLFKENKEENKEEN,length1,414
1,412938,412653,285,MAFKFNAEVRTAQGKGASRRLRNNGQIPAIVYGGSEEPVSIILNHDELNNAQAHESFYSEVITLVIGGKEVAVKVQAMQRHPFKPKLVHIDFKRA,length1,285
1,415578,414282,1296,MGKSVVILGAQWGDEGKGKIVDLLTDRVKYVVRYQGGHNAGHTLIINGEKTVLRLIPSGMLHPNVTCLIGNGVVVSPEALMKEMGELESRGIKVRERLLISEACPLILPYHVAMDHAREAALGKKAIGTTGRGIGPAYEDKVARRGLRVGDLFNKEAFAEKLKNILEYYNFQLVNYYKVEPVDYQKTLDDVMAIADVITGMVADITTILDTARKNGEHILFEGAQGTMLDIDHGTYPYVTSSNTTAGGVATGSGFGPRNLDYVLGIIKAYCTRVGGGPFTTELFDDVGAEIARKGNEFGAVTGRPRRCGWFDAVAIRRAIQLNSISGFCMTKLDVLDGFDEVKICVAYKMPNGEIVEYAPLAAKDWEGVEPIYETLPGWKENTFRITDVNKLPQNCINYIKRIEEVTGVPIDILSTGPDRVETMILRDPFAA,length1,1296
1,428604,427590,1014,MNTRPFYFGLIFIAIISVLANYLGSTDFSHHYHISALIIAILLGMAIGNTIYPQFSSQVEKGVLFAKGTLLRAGIVLYGFRLTFGDIADVGLNAVVTDAIMLISTFFLTALLGIRYLKMDKQLVYLTGAGCSICGAAAVMAAEPVTKAESHKVSVAIAVVVIFGTLSIFTYPFFYTWSQHLINAHQFGIYVGSSVHEVAQVYAIGGNIDPIVANTAVITKMLRVMMLAPFLLMLSWLLTRSDGVSENTSHKITIPWFAVLFIGVAIFNSFDLLPKELVKLFVEIDSFLLISAMAALGLTTQASAIKKAGLKPLILGILIYLWLVIGGFLVNYGISKLI,length1,1014
1,435789,433059,2730,MKKAIKLNLITLGLINTIGMTITQALAEETLGQIDVVEKVISNDKKPFTEAKAKSTRENVFKETQTIDQVIRSIPGAFTQQDKGSGVVSVNIRGENGLGRVNTMVDGVTQTFYSTALDSGQSGGSSQFGAAIDPNFIAGVDVNKSNFSGASGINALAGSANFRTLSVNDVITDDKPFGIILKGMTGSNATKSNFMTTAAGRKWLDNGGYVGVVYGYSQREVSQDYRIGGGERLASLGQDILAKEKEAYFRNAGYVLNPAGQWTPDLSKNHWSCNHPSPYLADKTYAPNNKCPRIYTNKEKMDILEKLYKEQKNPSEITELQKDITKTDESFERNKDQYSVAPIEPGSLQSRSRSHLLKFEYSDDHHTLGAQIRTLDNKIGSRKIENRNYQVNYNFNNNSYLDLNLMAAHNIGKTIYPKGGFFAGWQVADKLITKNVANIVDINNSHTFLLPKEIDLKTTLGFNYFTNEYSKNRFPEELSLFYDDPSHDRGNYSNLGRLKGARGLLPQRSVILQPSGKQKFKTVYFDTALSKGIYHLNYSVNFTHYAFNGEYVGYNNTTLEEPILHKSGHKKAFNHSATLSAELSDYFMPFFTYSRTHRMPNIQEMFFSQVSDAGVNTALKPEQSDTYQLGFNTYKKGLFTQDDVLGIKLVGYRSFIKNYIHNVYGVWWRDGKVPAWADTNGFRFNIAHQNYQPIVKKSGAELELNYDMGRFFANVSYAYQRTNQPTNYADASPRPNNASKEDILKQGYGLSRVSMLPKDYGRLELGTRWFDKKLTLGMAARYYGKSKRATIEEEYINGSHYEKNTSGQRTYYAVKKTEEIKKQPIILDLHVSYEPIKDLIIKAEVQNLLDKRYVDPLDAGNDAASQRYYSSLNDSICSKSDACEDGVKDKSVLYNFARGRTYILSLNYKF,length1,2730
1,444492,444039,453,MTDNLTRAFKELLNQERFGSQNEIVDALKKQGFTGINQSKISRMLSKFGAVRTRNTKMEMVYCLPNELSVPNTSSPLKNLVLDVDHNSMLIVIKTTPGAAQLIARLLDSIGKSEGILGTIAGDDTIFVTPTNDKPIAELLQNIQRLFENAL,length1,453
1,449418,448215,1203,MSKLVLILNCGSSSLKFAILDPATGEEKLSGLAEAFFLPEARIKWKLNGEKGNADLGAGAAHTEALNFIASNILTDELKNSIAAIGHRIVHGGEKYTQSVIVTDEVVKGIEDAAQFAPLHNPAHLIGIREAFNAFPHLKDKNVVVFDTAFHQTMSEEAFLYALPYSLYKEHGVRRYGAHGTSHYFISREVAEYVGKPADQVNAIICHLGNGGSVSVVRNGQCIDTSMGLTPLEGLVMGTRCGDIDPAIVFYLYKTLGMSMEQIEETLVKKSGLLGLTEVTSDCRYAEDNYDNASKPEAKRALNVYSYRLAKYIGAYMAVLGDDHLDAIAFTGGIGENSAHVRELALNHLKLFGIKIDNERNLAARFGKDGVITTDDSAFKAIVLPTNEELVIAQDTARLCF,length1,1203
1,463203,462780,423,MFKISKEFSFDMAHLLDGHDGKCQNLHGHTYKLQVEISGDLYESGAKKAMVIDFSDLKSIVKKVILDPMDHAFIYDQTNERESQIATLLQKLNSKTFGVPFRTTAEEIARFIFNRLKHDEQLSISSIRLWETPASFCEYQE,length1,423
1,463839,463206,633,MLMEKYHDFEPNFNIVEIFESLQGEGFNTGMPSVFVRFGKCNLDCPWCDTPYNNFKRWSVSQILEKVRSFSSKNIIITGGEPTIVPKIEYLLEQFKSDGYFLAIETNGLKAIPAQIDYIATSPKSLYAHKYEKRCIPFANEVRIVMDSNMPSFCELIEQKIKAKNYYLSPCEIDGKMNLLETITLLGQLNQRSNKPKWQLSLQTHKLIGIE,length1,633
1,466629,464448,2181,MMDISELLDGLNDKQREAVAAPLGNHLVLAGAGSGKTRVLTHRIAWLIAVENISEGSIMAVTFTNKAAAEMRHRIQSTLAKHAQHQLVGMWIGTFHSIAHRLLRAHHLDVGLPQDFQILDSEDQLRLIKRLLKLHNFDEKAFPPKQACWYINNKKDEGLRPNDIEDFNDRQEREWIKIYQIYQDTCDRAGLVDFAELLIRVYELFEKKPLILQRYQQRFQHILVDEFQDTNKIQYKWIKILSGKTGKVMIVGDDDQSIYGWRGAQIENIQKFLKDFKAETIRLEQNYRSTANILNSANELIANNSDRLGKNLWTEGEKGDPVGIYAAFNELDEAKFVASQIQDWVEHGGKLDDCAVLYRSNSQSRVIEEALIRCQIPYRIYGGMRFFERQEIKDALAYLRLINNRQDDAAFERVINTPTRGIGDRTLDILRNLTRERQITLWQAVQVATQENMLAGRASTALLRFQELINSLQLDTAEMPLFAQTDFVIKHSGLYEMYQQEKGEKGEVRIENLEELVTATREFIKPDNAEEMTELTAFLTHASLEAGEEQASPHQSCVEMMTLHSAKGLEFPRVFMVGVEEGLFPSFRSFEEPGRLEEERRLAYVGITRAQKKLTISYAESRRLYAKEERHLPSRFIAELPRECIQEIRLRGTVTRAMNLAKVGSLSNTSAVENEWKMGQKVKHEKFGFGTVINVEGSENNTRLQIAFQAQGIKWLIAHLAKLEKVR,length1,2181
1,470610,469629,981,MTNEVKENTPLLNAIGLKKYYPVKKGLFAKPQQVKALDGVSFQLERGKTLAVVGESGCGKSTLGRLLTMIEEPTKGELYYKGHNFLENDSETKALRRKKIQIVFQNPYASLNPRKKIGSILEEPLIINTKLSAKERREKVLSMMEKVGLRAEFYDRYPHMFSGGQRQRIAIARGLMLDPDVVVADEPVSALDVSVRAQVLNLMMDLQDELGLSYVFISHDLSVVEHIADEVMVMYLGRCVEKGTTEQIFSNPQHPYTKALLSATPRLSPNLRRERIKLTGELPSPINPPKGCAFNPRCWKATEKCRENQPHLEQYTDGKLIACFHID,length1,981
1,473094,472365,729,MAIRVKNLNFFYGSSQTLFDINLEAEEGDTVVLLGPSGAGKSTLIRTLNLLEVPKSGELSIANNDFNLSNAMANPKAIRQLRQDVGMVFQQYHLWPHLTVIENLIEAPMKVRGVSESEAKTDAMELLKRLRLEQLADRFPLHLSGGQQQRVAIARALMMKPQVLLFDEPTAALDPEITAQVVDIIKELQETGITQVIVTHEVNVAQKVATKVVYMEQGKIVEMGSADCFENPKTEQFKHYLSH,length1,729
1,475695,475392,303,MEKLKTAANPNQAKIDNATKSYETAKNELVSTWKGTAGSVSVGNKIRGITRQITGIAAGTYRGQSAVAAGVRYTPKPNMVISLSGSADTNNGDCFKRSPLN,length1,303
1,488430,485349,3081,MLPSLNRIPQIEQYVLDYLNDLQRQHFEGDIATNYADRLSLATDNSVYQQLPQAILFPKNVADIVRITKLANLPEYQSISFTPRGGGTGTNGQSINNNIIVDLSRHMTAILELNVKERWVRVQAGVVKDQLNQFLKPHGLFFSPELSTSNRATLGGMINTDASGQGSLQYGKTSNHVLALRSVLMNGEILDTSAVNSVDVLENIDALELSENNKKLHQTIAQHCKEKRAAIIKDLPQLNRFLTGYDLKNVFNEDESEFNLTRILTGSEGSLAFICEAKLNLLPIPQCRMLINIKYRSFDAALRNAPFMVKANALSVETVDSKVLNLAKQDIIWHSVNELLTEDEADPILGLNIVEFAGNNKEKIDRQVTDLCRSLDEKIEHNQDHIIGYQVCSDLPSIERIYAMRKKAVGLLGNAKGAAKPIPFVEDTCVPPENLADYISEFRALLDQHNLQYGMFGHVDAGVLHVRPALDLCDKEQVKLFKQISDEVAELTIKYGGLLWGEHGKGVRSHYGEKFFTPELWHELRYIKTLFDPNNRLNPGKICTPLDSKDELYSILSPMRADKDRQIPIQIRDEFKGAMNCNGNGLCFNFDEHSIMCPSMKVSKNRVFSPKGRAAMVREWLRLMANENVSPEQLDFRKTEIKLTALVKRLRNTVQKWRGNYDFSHEVKATMDTCLACKACASQCPIKIDVPSFRAKFFHFYHSRYLRPAKDHIVANLEIAAPYMAKQAKFFNYFTKLKVTQTLVEKTLGMTDLPLLSEPNLQQQLVEIHYQGKSLEELEGLSAVEKNDILFIVQDPYTSYYDAKVVRDFVMLTQELGFTPILLPFKPNGKAMHIKGFLKRFSKTAKTQAEFLNRMAKLGIPLVGVDPAIVLSYRDEYKEALQEKRGDFHVLTAHEWLKQRLQNADLQEKLKNIAKTDRTFDWYLFPHCTESTFMPNSPKEWQEIFGRFGQQLNVEKVGCCGMAGVFGHEVQNQKMSREIYDVSWHKKLHEKDPHFCLATGYSCRSQVKRYEHVVLKHPVQALLEILA,length1,3081
1,489828,488859,969,MTKSAKIGVLLANLGTPDSPTPKSISRYLWQFLTDPRVVDLPRCKWYPLLKAIILPLRSKRIAKNYQAIWTEQGSPLLAISRQQKDALQAYLDTQNINAQVEIAMTYGNPSIQSTVKNLLKNQVERIIVLPLYPQYSSSTTGAVFDAFANALKEERGLVPFDFIHSYHIDENYINALANSIKVRLKSDEFLLFSYHGIPLRYEKMGDYYREHCKQTTIAVVNKLGLTENQWGMTFQSRFGREEWLQPYTDKFLESAATQNIQKIAVICPGFSVDCLETIEEIDKENRENFLTNGGQSYQYIPALNVEHTHIEMMGKLILEKLA,length1,969
1,490764,489909,855,MADFPFIVEINEQNLTEILQQSLEKPLVINFYAPTHKESADFLVLLEQVAEQYQGQFILGKVDCEKEQMIAAQFRIQALPTTYLFKEAQALDAFSGMLDKASLIQRLSIILPKEEDLKFQQALDFLQVENYEAALPLLKDAWELSNKKNSDVALLYAETYIAMKKTEPAQEILNQIPLQDRDSRWHGLQAQIELQIQAADTPEIQQLQADYAKNPTAEIAIKLAVQLHQAGRNEEALTLLFGILKTDLSAQNGEVKQQFLSILSAMGNADPLTNKFRRLLYSLLY,length1,855
1,493626,491868,1758,MNKLRQKYLQKWLRAQQEPIKKLMRANIVLATLSSFILVAQTYFLATLLDKLIMQNVPRDELIPYFLGLIIGFGMRAIILWAREKIGFQSGQLLRNHIRQKILDKIHLVGPATINQKPAGSWASIMLEQVENLHNFYARFLPQQSLSAIVPVVIFIAVFPLNWAAGLILMITAPLVPLFMIIVGIAAADNSQKNMDTLSRLSAQFLDRLRGLETLRLFNRTSEQTEHIENATEDFRETTMDVLKLAFLSSAVLEFFTSISIALMAVYFGFSYLGQIEFGTYNAPLTLFTGFFCLILAPEFYQPLRDLGTYYHDRAAGIGAADAIVDFLESDYLTVHQNEKTISLESAVEISAENLVVLSTQGSALTKPLNFQIPANHNVALVGQSGAGKTSLINAILGFLPYEGSLKINGQELRESNLADWRKHIAWVGQNPLLLQGTIKENLLLGNIQANDEEINQALMRSQAKEFTDKLGLHHEIKDGGLGISVGQAQRLAIARALLRKGDLLLLDEPTASLDAQSENLVLQALNEASQHQTTLMITHRIEDLKQCDQIFVMQRGEIVQQGKFTELQHQGFFAELLAQRQQDIQ,length1,1758
1,500709,500175,534,MAKRKKKEVFDWEDEDQEEIIWVSKSEIKRDAEDLKQLGEKIVNLTKANLAKIPLDESLLDAIELAQRLQKEARRRQLQYIGKLFRGIDVEPIREALDKIENKHNQQQAMLHKIEKVCDELVEKGDVALTDLLNDYPDGDRQQLRNLIRSAQKELEQNKPSKAYREIYQMLKVLMLED,length1,534
1,503967,503112,855,MEIIIISGRSGAGKSVALRALEDTGYYCVDNIPLDLLPQLTDILSQSQSSVAISLDIRNIPSSANSLEQTLSTLQKHHQIKIIFLEADRATLIRRYSDSRRLHPLSLKDLSLEAAIDEEYRYLEPLIQHANLILDTTHLSTHILAERLREFLRDNSEKELKIIVESFGFKYGIPLDADYVFDVRFLPNPHWDPTLRPMTGLEAPVAEFLNSHTEVNEFIYLTRHYIDTWLPMLEKNNRSYLTIAIGCTGGKHRSVYIAQQLGEYFQAKGKTVQIQHKSLERNKKI,length1,855
1,533136,532140,996,MTVSNNKELLLEVNHLGVSFKIKNDKSLFFAKPQTLKAVKDVSFKLYAGETLGVVGESGCGKSTLARAIIGLVEASEGEILWLGKHLRKQSAKQWKETRKDIQMIFQDPLASLNPRMNIGEIIAEPLKIYQPHLSAAEVKEKVQAMMLKVGLLPNLINRYPHEFSGGQCQRIGIARALIIEPKMIICDEPVSALDVSIQAQVVNLLKSLQKEMGLSLIFIAHDLAVVKHISDRVLVMYLGNAMELGSDVEVYNDTKHPYTKALMSAVPIPDPKLERNKSIELLEGDLPSPINPPSGCVFRTRCLKADENCAKQKPPFTSQNNSHFVACLKVL,length1,996
1,536778,536487,291,MPALAPMRVAPALIIASAVSVSRTPPDALTPILPTVCFINATSSTVAPPLLKPVDVLTKATPISLQISQAFTISSLVSKQVSKITFNGVPLQALNTA,length1,291
1,544407,543003,1404,MKTTHRTRMPTTLEAFSPIIVMLLLLGLGYALFDLPAEPLMIISTVFAGFLVIKLGHCYLDILDAISEKIAKTMPALLILITVGLLIGTWISGGTIPMMIYYGLKAISPEYLYVTALFLTAIVSICTGTSWGSAGTVGVAFMGVAIGLDANLAATAGAVVAGAYFGDKLSPLSDTTNIASAAAGVDLYEHIVHLLYTTLPSFILSATVYVVYGLNYDFSNVATPEKVNTMIHELEQVYHFNFLLLIPVAIVLWGSITKKPTIPVMLLSAFIAIINAILIQKFSLSDVINSAVNGFDTSMIHHTSVSSDLSRLLNRGGMNSMMGTLLICFCALSFAGVLQLSGALTVIIQKLLTFVHSTLSLIITTILCGLTMIGVTCNGQISILIPGEMLKNAYVEKGLHPKNLSRTAEDSATIIEPILPWTAAGAYMAGTLGVATLSYLPWAILCWSGIIFAIIYGASGIGIAKLKK,length1,1404
1,545682,544521,1161,MTEQYYKIALLFNANKVYDRQVVEGIGQYIQASQCMWDIFVEDEFIYHTDTINQLSIDGIIADFDDPKTVELLQHTLIPTIAVGGSYKQADFYPHFPYVATDNMALVEMALSHLQEKGLSQFAFYGLQVNTHKHWSIERRDAFVELMEKNHYPIYLYEGVQVHAQNWLEEQQKLIVWLKSLPSHTGIIAVTDARARHLLQACEYSKIAVPEELCVVGIDNEELIQYLSRMSLSSVEQGTREIGYQAAKLLHKLLNGQKVSHTPILIPPITVHSRNSTDYRSLTDPLVIQAMHYIRHRACHRIKVEQVLDHLETSRSNLEQRFKNEMNKTIHQVIHEEKISRAKNLLQQTDISIQEIAEICGYPSIQYFYSVFKKEFEMTPKEFRLNC,length1,1161
1,546798,545760,1038,MNILIIGPSWVGDMMMSHSLYQQLKIQYPNCNIDVMAPNWCKPLLARMPEVRKAIEMPLGHGAFELGTRYRLGKALRNQYDMAIVLPNSLKSAFIPAFAKIAVRRGWKGESRYFLLNDLRNNKRDYPMMVQRYVALAFEQNAVPKAADIPVLKPYLTVDPTQQAETLKNFKKQTALLGERPIIGFCPGAEFGPAKRWPHYHYAKLAEMLITQGYAVALFGSAKDEPVGEEIRQALPEALREFCVNLAGKTNLNEAVDLIANCTAVVTNDSGLMHIAAAVNRPLIALYGPTSPQYTPPLSDKATIIRLIEGGLIKVRKGDKEGGYHQSLIDITPEMALEKLNELLAK,length1,1038
1,562215,561570,645,MSYTLPELGYAYNALEPHFDAQTMEIHHSKHHQAYVNNANAALEGLPAELVEMYPGHLISNLDKIPAEKRGALRNNAGGHTNHSLFWKSLKKGTTLQGALKDAIERDFGSVDAFKAEFEKAAATRFGSGWAWLVLTAEGKLAVVSTANQDNPLMGKEVAGCEGFPLLGLDVWEHAYYLKFQNRRPDYIKEFWNVVNWDFVAERFEQKTAHCNCAK,length1,645
1,563415,562623,792,MNQNLIEVKNLTFKRGDRVIYDNLNLQVKKGKITAIMGPSGIGKTTLLKLIGGQLMPEQGEILFDGQDICRLSNRELYEVRKRMGMLFQSGALFTDISTFDNVAFPIREHTHLPESLIRQIVLMKLEAVGLRGAAALMPSELSGGMARRAALARAIALDPDLIMFDEPFTGQDPISMGVILSLIKRLNEALNLTSIVVSHDVEEVLSIADYAYIIADQKVIAEGTSEQLLQSQDPRVVQFLKGESDGPVRFKYPAQDYMKELFE,length1,792
1,569049,568335,714,MILLNNWLASLPFMSAERADYVISSFWPMLEAAILYTLPLAVISFFCGLLIAVIVAVIRTLPSPNLPLKLLQALCRVYISIIRGTPMLVQIFIIFYGLPEVGITLEPFPTAIIAFSINIGAYAAETVRASIIAIPKGQWEASYAIGMNYRQAFIRTIMPQALRISVPSLSNTFISTVKDTSLASLVLVTELFRVAQNITAANYEFILIYSEAALIYWIFCFVLSFLQDRLEIRLSRHL,length1,714
1,569826,569055,771,MSMLKVSNIQKNFNGNHVLKGIDFEINKGEVVAILGPSGSGKTTFLRCLNLLERPEQGILEFTDGSLKIDFSQKISKADELKLRRRSSMVFQQYNLFPHRSALENVMEGMVVVQKQDKAQAREKALSLLEKVGLKNKADLFPSQLSGGQQQRVGIARALAVKPDIILLDEPTSALDPELVGEVLQTLKMLAQEGWTMIIVTHEMQFAKDVADRVILMADGYIVEQNTADKFFTCPQHERTKQFLLQAKIPLELDYYI,length1,771
1,582618,581004,1614,MKIYLRFVWILIIILNFLLNLFITTNGVIIVNAFKKSLIVAASFASLSLFNSATAELVYKPLEQPVEPAKPDLKIESVNEKFAEKYPNQYNSWRSTANGNGEKIIYADEEDPRLIVLWGGYAFAKEYNAPRGHFYAVTDVRNILRTGAPKTANDGPQAMACWTCKGPDVPRLIAEWGEKDYFNAKWAKGGPEIVNSIGCADCHDTTSKDFAEGKPALRIARPHVLRALDALEKATAAKDKAEGRPHNNLSFNSAARTEKRAEICANCHVEYYFAGDIKQVTFPWDNGQTADDIEKYYDDIGFTDWTHSLSKAPMLKAQHPDFEIWSLGMHGKNGVTCVDCHMPKVQGADGKVYTDHQIQNPFDAFDHTCANCHDQSKEKLRDIVTSRKKEVKDVMGRLEDQVVKAHFEAKAAWDAGATKEEMEAALMDIRHAQWRWDYTAASHGGHMHAPEVVLRVLASGLDKVADARTKLAVILTKHGVKTPVQIPDISTADKAWKVMGIDIEKERKAKEEFLKTVVPQWEQQAREKGLLVDPPTQK,length1,1614
1,583344,582696,648,MNLTSLINKSAKALALSVAFVALPFLAYADDAQKPADHFTYEPQLDNQRDPNQYCAKCHKFDKVDKNQTLEQSGGELHFGKFHGAHLDKKNPNNGKAITCVSCHGNISENHRRGAKDVMRFEGDIFGNKKPMYSVQEQNQVCFACHQPDKLREKLWAHDVHAMKLPCASCHTLHPKEDAMKGIQPKQRVKLCVDCHGKQQKRKAEQDKLTKQKDKQ,length1,648
1,587631,586062,1569,MMNTKKTSQILPALFAVICAAFAGYFILIGSGMFTEPSVALILLATITILLLSSSKKSFYFILLPLTLLHAFYTPTGLNFGPPSYQYIASLFATDILETKEFLLQIPVSSYLIAFAIPILIFLQYKSAVKFGIKFYRNKTFIALATLLFAYNMPLAEPIKETVSSTLKIVDEVQKLKQISQSDNWGKSTLENSRYDDYVIVLGESARKDYHHAYGYPIENTPFMSNAKGTLIDGFRSAGTNTVASLRLMLTFPDKEKWEPNYSLSLVDLIKSAGVKTYWLSNQGMIGKFDTPVSSLASKSDETFFLKKGGSFNSTNFSDFDLLPKFAQVLENSVQGKRFIVLHIYGSHPMACDRIEDYPKIFDDKDLNPKYGYLNCYVSSIKKTDEFLKRVYDQLEENAKKNHRTFSMIYFSDHGLCHQQDEKNNILLFNQNCFSREHHNIPLFKISSDDMERKEYKVFKSGLNFLEGIANWIGIQNPQLTQTEDLFSNESDKNDFGLQKRIDEKYRKDDDPAIDIRPKHGAY,length1,1569
1,588153,587751,402,MTLLPHRYPFLLVDRVLDFKEGEWLKAIKNISVNEPCFTGHFPGEPILPGVLILEALAQAMGILAFKTLELKGGELFYFAGIDEARFKRPVLPGDQMELNVQVIKERRGITSFTGVATVNGEIACEAKLMCARR,length1,402
1,597366,596472,894,MDYLDKLTHLAQVRGEINIRCEFQGEWQISHQEKDAGKGIFHLIEQGECQLTLNEKQFHLKEGDIFFLPQNQPHFMHYSVNKRADIPTKKSHQGLFELHQIGRGTPDLKMFCGNFYYQQDALLTASMPEYLHINLCDTPIHPLVQLFLQEAQKNDAGTKSVVDALSNVLLIYILRHAIQQNLIEQGILFALQDKRLNTALIAILQQPQNDWHIEQLAELATMSRANFIRVFQQQLGMSPGRFLTKVRLQSAAFLLKQSQQSVLAIALEVGYQSEAHFCKVFKNYYQLSPSQYRKSVSL,length1,894
1,599289,597447,1842,MFNKIFSWFENRLNPYPESNPTTPKKGLFRFIWSSITGMKGWIFLLAILTVGTGVMEAVLFQFMGTLVDWLGTFTPERLWQEKSHLLIGMAALLLISIVWGFLASAVHLQTLQGVFPMRLRWNFHRLMLGQSLSFYQDEFAGRVSAKVMQTALAVRDTVLTLADMFVYVLVYFITSGVVLVALDSWFLLPFITWIILFGLILRTLIPKLSKTAQRQADARSLMTGRITDAYSNIATVKLFSHGSREATYAKRSMQDFMVTVHAQMRLATSLDTLTYATNILLTLSTAILGIILWKNGQVGVGAIATATAMALRVNGLSRWIMWESARLFENIGTVNDGMNTLTKPHTIVDKPQASPLQVKQGEIKFNDITFAYDPTKPLLNHFNLTIKPGEKVGLIGRSGAGKSTIVNLLLRFYEAQQGEITIDGQNVLNVQQESLRRQIGLVTQDTSLLHRSVRDNIIYGRPNATDEEMVLAAERAEAADFIPFLSDSQGRKGYDAHVGERGVKLSGGQRQRIAIARVMLKDAPILLLDEATSALDSEVEVAIQESLDKMMENKTVIAIAHRLSTIAAMDRLIVLDKGQIVEQGTHAELLELNGLYAKLWNHQSGGFLSGSAE,length1,1842
1,606513,606015,498,MKNEAYYQAYLSHHHISRRGLLRHVFPATKSTIEKTQSRPPFSAREDLFSAVCNGCRECASACPNGLIQLKQQQATLEIDYAPCDLCGKCAEVCPTNALHPNFPADTLLRPQFSSACLIQKNQTCPDCQTACPQQAISSTLEIDNERCNGCGECKITCFVAAITLK,length1,498
1,609741,608163,1578,MEIIKMDSSSILELEHHDAKAFFLKHESYCNIDLPRYFSFTNLLQKISEELSDKSLLNFDRNTHNNANQRPDIANNEMVNHLIYANKDGKLSWRPLQIIHPLVYVDLVHKITKKDNWEKLKKRFKEYQNNPQIECLSIPVKSNSQLKDKAKQILKWWESVEQESICLSLEYEYVFDTDVADCYSSIYTHSIAWAIEGKDIAKKNHRLTLLGNSIDKKIQNCQYGQTNGIPQGSILMDFIAEMILGYIDILLSEELKNKGISEYKILRYRDDYKIFVKNHSDGENILKYLSEIMMSFGLKLNSSKTKGSQDIVTQSIKKDKLAWLKIANNTKNLQKKSLIIRQHSIEYPNSGSLNSALNEFDQAIEKENKQKIYLSLEELINSLNTSNNSIEKLSSNTKQVISIIADIAYCNPKVIPVCCSIISKLFTKLEDSEPIKRLVYNKLIRMPNSGFAQIWMQRMLKSDLNNFNFSEKMCNLYKGEISLWNNDWIICSNMLSILKDTPVFQQDEFSQLSNTMSNDEVYIFDY,length1,1578
1,617472,617187,285,MRHLKFQLNTMLNGRQKRKVLQQKNLGKKNLPLMQKPILNWQQNLNVVFLANYQQTGRQNLKRSSKNYKQIQRVLQAVKHHKMPLKPMHTYCQNF,length1,285
1,620139,619752,387,MQKKAHLITKLAYLATNNAPMPLVVFAPPKENSVNALNNRPILRSKRPVQFFPAQVRLILKRVLFLRQDFVVQSNGEISYFLEIAWKQDARKAHYAYDFYRLTKFLLEQEIQTQQLNSIRYFSPPHFRQ,length1,387
1,660813,660339,474,MACGSISIPTALFAPSFNAAMAKMPEPQPKSMTVLFFKSKLSSHSKHNAVVGCVPVPNAKPGSSITLTAFLSGTSRQLGQIHKRLPNCIGWKLSIHSRSQSLSSICSILYAVLLSKCFASFNKRTISAISVSASNSAITSVLPHKRVSPGKGSKIGVS,length1,474
1,668313,667941,372,MLLVHYIDGIRTKFHALFSAPLNEPYSLRPNRHRMNRLLAQFARKWHFQQQSLSRKAYVIHDRHQLHNQPPLLQLVLDKNEYRVGNLIHLSDVRRCHLCNHRNCHALFGHHQNRMLFRLRQLIQ,length1,372
1,671412,669882,1530,MTLLSRVLGLVRDVVIAHLIGAGAAADVFLFANRIPNFLRRLFAEGAFSQAFVPVLAEYQQSGDMNKTREFIGKVSGTLGGLVSIVTILAMVGSPVVAALFGMGWFTDWMNDGPDAHKFEQASLLLKITFPYLWFVTFVAFSGSVLNTIGKFGVMSFSPVLLNIAMIATALFLAPQMDNPDLALAIGIFLGGLLQFLFQIPFMKQAGLLVKPKWAWRDEGVTKIRKLMIPALFGVSVSQINLLLDTVIASFLMTGSISWLYYSDRLLEFPLGLFGIAISTVILPTLARHHVNREGDSDKSAVDFRNTMDWGVRMILLLGVPAAIGIAVLAQPMLLTLFMRGNFMLNDVYAASYSLWAFNAGLLSFMLIKILANGYYARQDTKTPVKIGIIAMVSNMGFNLLAIPFSYVGLAIASAMSATLNAYLLYRGLAKADVYHFSRKSAVFFVKVLLAAITMGAAVWYYVPEINQWAKMDFFMRVYWLVWLIVLAAIVYGTTLILLGVRKHHLLTKN,length1,1530
1,676056,675708,348,MKKYFLILASFMLVACSSSEQNLTYSTKPILNITSSLSPLIQVETTQKSAVIKNKSQQLLNISYHLYWYDHLGVTQIWENQQESYSAQFLLKPQEQKSIDLTKPTVESKNYRLYLK,length1,348
1,677115,676062,1053,MSSLLIDLNGKELEQEEVELLSHPLVAGLILFTRNFENREQIQELIRSVRQRVKKPLLITVDQEGGRVQRFRDGFTMLPSMQAFQETLSATEQVSFAKEAGWQMAAEMIALDIDLSFAPVLDLGHECRAIGDRSFSSDIKSAVNLATAFIDGMHQAGMASTGKHFPGHGHVLADSHLETPYDDRTKDEIFSFDLQPFQQLISQNKLDAIMPAHVIYSQCDSQPASGSKYWLKEILRKKLNFQGTIFSDDLGMKGAGVMGNFVERSKKALNAGCDLLLLCNEREGVIQVLDNLKLTENQPHFMARQARLQSLFKRRVINWNDLISDQRWRLNYQKLADIQSRWLDIQAAKND,length1,1053
1,680724,680376,348,MVHFHGSTLIPLMALDNRSQLIPQGFLTQCRVYGQDPSEAKSRQLNWDPQYKLIALSELIWFRLVEFQSFHRSTHVNQDLLNLQLRKLAEEIHFQCENLKFLRQFFSFNTPFEIHF,length1,348
1,682773,682110,663,MENNDELMPREKLLAFGAKALSDYELLAIFLRTGIKDCPVMSLSKNVLTHFGSLHALLSADKKAFCSVKGLGITQFIQLQAITEMTKRYLKQEMLSTPIINDLETVKLFLLTELQHEEREVFMVLFLDNQHRLIKKERLFLGTINVSAVYPREIIKEALYCNAAALILAHNHPSGITEPSYSDQLITKKIQDAAELMEIRVLDHLIVGKSDCYSFAENCLL,length1,663
1,685116,683754,1362,MTMITPVQAILASNQHFLDRQDAMESNVRSYPRKLPFAYAKAQGCWVTDVEGNEYLDFLAGAGTLALGHNHPVLMQAIKDVLDSGLPLHTLDLTTPLKDAFSEELLSFFPKDKYILQFTGPSGADANEAAIKLAKTYTGRGNIIAFSGGFHGMTQGALALTGNLGAKNAVENLMPGVQFMPYPHEYRCPFGIGGEAGAKAVEHYFENFIEDVESGVVKPAAVILEAIQGEGGVVPAPISFLQKVREVTQKHGILMIVDEVQAGFCRSGRMFAFEHAGIEPDIIVMSKAVGGSLPLAVLAIRKEFDAWQPAGHTGTFRGNQLAMATGYASLKIMRDENLAQNAQERGEYLTNALRELSKEYPCIGNVRGRGLMMGIDIVDERQAKDAIGAYPRDCELAAAIQKACFKNKLLLERGGRGGNVVRVLCAVNINQSECEEFIKRFKQSVVDALKVVRS,length1,1362
1,700377,699849,528,MNKKLLFFAPLFVLLGVCVLLIAGLNQDPKKIASALIDKPVPEFYQANLHDPSQIVSPKDFPKQPFLLNVWGSWCGYCKEEHPLLIEIAKTLPIVGVDYRDNPQNGIEILKRMGNPFILTIDDSQGELALKLGVDGAPETYLVDENGVIRYRHSGLLDKETWQTVFLPKIEALKNK,length1,528
1,704652,704235,417,MLHLTLEDELFLGTPKQVGTHSTVFEHFAVMFEDDGETGYFYALDMRQNAQPIVDMLHVYNVDSTSNHHEARKLEICWDESGYLALLLINGYPHAVFDFARLVGYNSNKYPQPDLMSMWTREEITNKQAEQWLGVKTIR,length1,417
1,705246,704667,579,MKKKNQILVSLSIVALLGGCSEEQVQRDVYQSLDDCLADWKKIELCEADKNTESTQKTETTPQQGLGLNIRDNGNAESAVKNPAENNVQANQSENNAESTAKAESTDPSLGAAIAGGVIGYMAARAISSFLGPSYHPGNRAVTTPTGQVVQPQTNRSVGKPMLVKGNAGSMNSKPVSRGGFSSPNNTHRSSGG,length1,579
1,706428,705249,1179,MKRVTGFPTRPNMVQQLLNVGFDYYNLPSSDGSHYWSDNVAYEFTLAEIDRIEDTTNELHSICLDFAADEIKKGDYENYHFTELQKQLVETSWRNQDPYLYGRFDFGYDGNNLKMFEYNADTPTSLLEAAIVQWQWLEQIEGLKHRDQFNWIHEELIKHFQFLKQQSGKTDFHLSAMQDAGREDWGNVDYLADVAYNAGWNIHQLAVEDIGYNSETKKFVDLNDQPIEMLFKLYPLEWLSHAEFARHITTAETRFIEPAWKMLLSNKALLAKLWARYPNHPNLLPAYFTPFELPKDLLMWVKKPLLGREGANVFYYEKNNGVEFAAKGSEHSTFYANSGYVYQQKFELPSFDGMYPIIGSWVVGDVACGMGLREDFTAVTGNDSHFIPHYFVP,length1,1179
1,719976,719112,864,MLKQRVLSAIVLIAAVLCALFLFTPFYFALALGAVAILGIWEWTQFARLKQPLIRFFVTTFLGVFIFLWLYTEGNYLDAGRVFEQHLQLLLINAVSWWGLALLLVISYPKSAKFWSKNPLLQLLFAFSTLIPFIAGVLRLRLEHYPHDPYHGLFLLLYVFILVWAADSGAYFSGRTFGKRKLAPKVSPGKSWEGVIGGLITALVLAFIFIHFSNNTLVGNRNITGFIILSVATVAISVLGDLTESMFKRESRVKDSSQLIPGHGGVLDRIDSLTAAVPFFSYFYFFVL,length1,864
1,721317,719988,1329,MSFLWSLGSFIIAIAVLVSVHEYGHFWAARKCGIKVHRFSIGFGKVIWKRIDKYGTEFAVSMIPLGGYVKMLDGRNEVVPAEQKSQAFDSKSVLQRSFVIIAGPLANFIFAIFAYWVIYLYGMPTVKPVIESITPNSIAAQAHIEPNTQILTIDGEETQDWETINMLLATKMGEPNVEISLSPFNSNIEQQRTLNLTNWIFDPEKESAFEALGIMPMRPQVEMVLSKVVQNSPAEKAGLQIGDKILKENLTALPWQDFIKQVEQGETFTIKIERNGETFDKILTPVRNQNGKWFVGVSPTLTKLADEYRTELKYGILESLQKGIEKTGQLSLLTLKILGKLLTGDLSLNNLSGPISIAKGAGASANIGLVYFLSFMALISVNLGIMNLFPLPVLDGGHLVFLTMEAVKGKPVSERVQSICYRIGAALLLSLTVFALFNDFLRL,length1,1329
1,724422,723831,591,MKNIAKVTALALGIALASGYAAAEEKIAFINAGYIFQHHPDRQAVADKLDAEFKPVAEKLAASKKEVDDKIAAARKKVEAKVAALEKDAPRLRQADIQKRQEEINKLGAAEDAGLQKLMQEQDKKVQEFQAQNEKRQAEERGKLLDSIQTATNNLAKAKGYTYVLDANSVVFAVEGKDITEEVLKSIPASEKAQEKK,length1,591
1,725460,724437,1023,MQKSYSLQELATQIGATVRGNADVVVENIAPLDKAQSNQLTFISNAKFRALLKDSKAGILVVSEEDVEHCSPESNLLIVKDPYVAYAILAQYMDSTPKAAQGIAQSAVIFDGVLLGENVSIGANAVIEEGVVLSDNVIIGANCFVGKNTKIGSGTQLWANVTVYHNVEIGVNCLIQSGTVIGSDGFGYANDRGRWIKIPQVGQVIIGNNVEIGANTCIDRGALDATIIEDNVIIDNLCQIAHNVHIGTGTAVAGGVIMAGSLTVGRYCLIGGASVINGHMEICDKVTITGMGMVMRPITEPGVYSSGIPLQTNKEWRKTAALTLGIDGIHKRLKALEKKIS,length1,1023
1,741069,739899,1170,MTKTAIETPSNKSVSNKTNRKKGLSIFILLLLIIGIACALYWFFFLKDFEETEDAYVGGNQVMVSSQVAGNVAKINADNMDKVHAGDILVELDDTNAKLSFEQAKSNLANAVRQVEQLGFTVQQLQSAVHANEISLAQAQGNLARRVQLEKMGAIDKESFQHAKEAVELAKANLNASKNQLAANQALLSNVPLREQPQIQNAMSSLKQAWLNLQRTKIRSPIDGYVARRNVQVGQAVSVGGALMAVVSNEQMWLEANFKETQLTNMRIGQPVKIHFDLYGKNKEFDGVINGIEMGTGNAFSLLPSQNATGNWIKVVQRVPVRIKLDPQQFTETPLRIGLSATAKVRISDSSGAMLREKAEPKTLFSTDTLKYDESAVENLIESIIQQNSH,length1,1170
1,742611,741081,1530,MDNSAKKFPPIQGGALILLTLALSLATFMQVLDSTIANVAIPTIAGDLGASFSQGTWVITSFGVANAISIPITGWLAKRFGEVRLFLVSTFLFVVSSWLCGIADSLEALIIYRVIQGAVAGPVIPLSQSLLLNNYPPEKRGMALAFWSMTIVVAPIFGPILGGWISDNIHWGWIFFINVPIGLLVVLISWKILGNRESEIVHQPIDKVGLVLLVLGVGCLQLMLDQGREQDWFNSNEIIILAVVAVVCLIALVIWELTDDNPVVDISLFHSRNFSVGCLCTSLAFLIYLGSVVLIPLLLQQVFHYTATWAGLAASPVGLFPILLSPIIGRFGYKIDMRILVTISFIVYAITFYWRAVTFEPSMTFVDVALPQLVQGLAVSCFFMPLTTITLSGLPAHKMASASSLFNFLRTLAGSVGTSLTTFMWYNREAVHHTQLTEHINPYNPISQSFYHQMNQFGLSDTQTSAYLAQQITSQGFIIGANEIFWLSAMGFLGLLIVIWFAKPPFGTRH,length1,1530
1,764586,764277,309,MYAVFQSGGKQHRVSEGQVVRLEKLELATGATVEFDSVLMVVNGEDVKIGAPVVAGAKVVAEVVAQGRGEKVKIVKFRRRKHSRKQQGHRQWFTEVKITGIQA,length1,309
1,778752,776406,2346,MTKKRKNLISQDPHYKRELEKYGNPIPSREFILSVIRDNNAPMNRDEILTALSIRNEEQIEAMRRRLRAMENDGQLVFTKRKRYALPEKLDLFKGTVIGHREGFGFLQVDGKKDDLFIPNHQMQRVMHGDFVLAQLAGLDRRGRREVRIVRVLESRKKQIVGRFFLENGFGYVVPDDSRIGRDILVPNEHRNGARMGQVVVVELQERSASFNQPIGVITEILGDNMAKGMEVEIALRNHDIPHKFPSAVEKYVKKFTEEVPEEAKKGRVDLRNLPLVTIDGEDARDFDDAVYCEKHGKGWKLWVAIADVSYYVRLRSALDVEAHNRGNSVYFPNRVVPMLPEILSNGLCSLNPQVDRLCMVCEMQISAKGKLTDYRFYEAVMNSHARLTYTKVAKMLEGDEELRTRYSTLVPHLEELYKLYQALLGARHQRGAIDFETIETKFIFNAMGRIERIEPVVRNDAHKIIEECMILANIAAANFMEKHKEPALYRIHATPSKEKLTSFRAFLGEFGLTLEGGLKPTTKDYATLLEQVKERSDHELIQTMLLRSLSQAVYHADNIGHFGLALEEYAHFTSPIRRYPDLTLHRGIKYLLAKEQGAKRKTTDTGGYHYSFDEMDLLGNHCSMTERRADDATREVADWLKCEYMQDHVGGEFSGVISSVTGFGLFVRLDDLFIDGLVHISTLENDYYQFDAAKQRLIGENSRMQYRLGNKVRIKVEAVHLENKMVDFSLMGSERKPRRAGKTAKEKAKKVFKELPSKTSQKRKSAVKKKDVLKKASRKRK,length1,2346
1,801243,800676,567,MGSYDRYPNHQRLTTKFKRSITKGFTIRELIWKYTQFWILFDRTFAQIKVKKMQVKTLLGATFLALSLASCSTVEKVVYRIDVPQGNYLEATTVAQVKEGMTSQQVQYLLGTPILIDPYNNYTWYYVFLQQRAYETPVQHTFTVKFDQRGIVTETHLDKPLPQVSQQGENNTIIETGEKPKSSWWKFWK,length1,567
1,805227,803553,1674,MRSHTVAAEGGAAAVIKEEDSYDKHFQDTVAGGDWLCEQDVVEYFVQHSPVEMTQLERWGCPWSRKADGDVNVRRFGGMKIERTWFAADKTGFHLLHTLFQTSIQYPQIQRFDEHFVLDILVDDDHARGMVAMNMMEGSLVQINANAVVIATGGGCRAFKFNTNGGIVTGDGLSMAYRHGVPLRDMEFVQYHPTGLPNTGILMTEGCRGEGGILVNKDGYRYLQDYGLGPETPIGKPQNKYMELGPRDKVSQAFWQEWKKGNTLKTAKGVDVVHLDLRHLGEKYLHERLPFICELASAYEGVNPVNEPIPVRPVVHYTMGGIEVDFNSETRIKGLFAVGECASSGLHGANRLGSNSLAELVVLGRVAGEYAAQRAVEAQSVNQSAVDAQAKDVVARLEALHKQEGNESWSEIRDEMGTVMEEGCGIYRDQASMQKAVDKIAELKERYKRIRVSDNSSVFNTDVLYTVELGYILDVAQSIANSAIERKESRGAHQRLDYTERDDVNYLKHTLAFYNENGAPRIEYSPVKITKSQPAKRVYGAEAEAQEAAAKAKEQANG,length1,1674
1,822255,820965,1290,MELTYMAKLPKEEFEERRTRVFAQMQPNSALLLFSEIEKRRNNDCTYPFRQDSYFWYLTGFNEPNAALLLLKTEQVEKAIIFLRPRDPLLETWNGRRLGVERAPQQLNVNEAYSIEEFATVLPKILKNLTALYHVPEIHTWGDTLVSESAVNFSEILDWRPMLSEMRLIKSPNEIRLIQQAGQITALGHIKAMQTTRPNRFEYEIESDILHEFNRHCARFPSYNSIVAGGNNACILHYTENDRPLNDGDLVLIDAGCEFAMYAGDITRTFPVNGKFSQPQREIYELVLKAQKRAIELLIPGNSIKQANDEVIRIKTQGLVDLGILKGDVDTLIEQQAYLQFYMHGLGHWLGLDVHDVGSYGQDKQRILEIGMVITVEPGIYISEDADVPEQYKGIGVRIEDNLLMTEYGNKILTAAAPKEIADIENLMNF,length1,1290
1,825594,822972,2622,MKTTAEIRQSFLDFFHSKGHQVVESSSLVPENDPTLLFTNAGMNQFKDVFLGMDKRPYSRATTAQRCVRAGGKHNDLENVGYTARHHTFFEMLGNFSFGDYFKQDAINFAWEYLTSPQWLGLPKEKLWVTVYETDDEAYNIWNKDVGVPAERIIRIGDNKGSPYASDNFWAMGDTGPCGPCTEIFYDHGDHIWGGPPGSPEEDGDRYIEIWNVVFMQFNRLADGTMEKLPRPSVDTGMGLERISAVLQHVNSNYEIDIFKTLIAKTAEIVGATDLTNKSLRVIADHIRSCAYLIADGVIPSNEGRGYVLRRIIRRAVRHGHLLGAKESFFYKLVPTLIEVMAEAGKDVKAKQTNVEKLLRLEEEQFARTLERGLSLLDEALSQVKDGILSGEVAFKLYDTYGFPLDLTADVCRERNITIDEQAFDREMEAQRTRAQAASQFGVDYNSVIRVDGETKFEGYTEVESQAKITALFYDGKSVESIEVGQSAVVILENTPFYAESGGQIGDSGYLSTQGVTFNVKDTQKYGQVFGHIGELTQGSLKVGQSVNAIVDAKRRHNTSLNHSATHLLHAALRQILGLHVVQKGSLVSDKALRFDFAQPEAITKEQLSEIETLVNQKIRANFPVQTDIMDIDSAKAKGAMALFGEKYGDKVRVLTMGDFSIELCGGIHAKRTGDIGLFKIITENAVAAGIRRIEAVTGQNAIDWLHNQQRILTQSADLLKSDVNTLVEKIQQLQDKTKKVEKELQGLKEKAAMQAGSDFVKSAVKINGVSVIAQQLDGIETKSLRVMVDDLKNQLGSGVIAFASILDEKVNLVVGVTNDLTAKIKAGELVNLMAQQVGGKGGGRPDMAMAGGSQPENVAQAIKVAQDWLNKNL,length1,2622
1,831804,831249,555,MLNQIKKDAQDRMEKSLEALKGHISKIRTGRAQPSLLDAIQVEYYGAATPLRQLANVVAEDARTLAVTVFDRSLISAVEKAILTSDLGLNPSSAGTTIRVPLPPLTEERRRDLIKIVKGEGEQGKVAIRNVRRDANDKIKALLKDKEISENEQHKAEEEIQKITDIYIKKVDEVLADKEKELMDF,length1,555
1,835488,834894,594,MFTLSYYLPQNLNKCIISESKTLEKNSLIYAQGEKPKEFYFLKQGLVGLYHSLENGKETLTRLYHANEYFGFRTIFSETSYHCSAKVLMEADIVRIFPGNHANFIANNPDFSCYLMKQLSNELYDAEHRISNTAYKRSYERIIDAIENLTESYPDYPWTYREVAEFCGCETETAIRISRELKKQGILDKNTRHLRICS,length1,594
1,840945,840543,402,MYETWLIIPRTAGVSINSTVRCIWRRPRPRKVALCFGKRAIELRTCVTLIVLAIIHYPKISSTVLPRFAATISGDFIFANASIVARTTLIGLVEPYALERTLRTPATSNTARIAPPAMIPVPSLAGCINTREPV,length1,402
1,847335,847053,282,MWLVRFKIRSARPLARGITRFMLGPSSTKILATLRSSISAPSLCSAFAIADSKTFFTKAAAFLLVKVKISNACATFLPRIKSATKRAFWAEVRA,length1,282
1,855639,854304,1335,MDEHGSAILGITSTGYRRAWRERYYGLLYDRTYLHRTNFYYWFIFLIEKELKMENVVIVSAVRTPIGSFNGALSSVSAVDLGAIVIQEAIKRANIESALVNEVIMGNVLQAGLGQNPARQAALKAGIEKEIPSLTINKVCGSGLKSVALGAQSIISGDADIVVVGGMENMSQAPYLLDSKVRQGVKMGNLTLRDTMIEDGLTCASNHYHMGITAENIAEQYGISRQAQDELALRSQTLASQAVQLGVFDKEIIPVMVKTRKGDIIVSRDEYPKADTTAEGLAKLKPAFKKEGTVTAGNASGINDGAAALILVSESKAHALGLKAIAKIRSYASGGVDPSVMGLGPVPATQKALKKAGINLDDIDLIEANEAFASQFLGVGKDLNLDMNKTNIHGGAIALGHPIGASGARILVTLLHNLIEKDKKLGLATLCIGGGQSISMIVERL,length1,1335
1,863439,862761,678,MILFAGDPHGSYDHIYPFIKEQENVALIILGDLQLTTADELDKLAQHCDIWFIHGNHDSKTISAFNAIWGSKWQSRNLHNRVVDIQGTRIAGLGGVFRGQIWMPPNRPMFFDPIHYCQYSPQEKIWRGGVPLRHRTSIFPSDIEILENQQADVLICHEAPKPHPMGFQVINDLAMKMGVKLVFHGHHHENFTYRTKYPYKITNVGFRSLADAEGNYLLQTIDDREK,length1,678
1,869934,869094,840,MNILIKSAVKNFIVFSTALYASFSFAQSKLAIVIDDVGYHLKEDAAIFAMPREISVAIIPAAPYARARNQEAKSQGRDILIHMPMQPVSAVKIEDGGLHLGMSAAQVNDRVNTAKNIVRDAIGMNNHMGSAATADPQLMTYLMTALQEKHLFFLDSRTIGKSVAGKIAKEQGVRSLDRHIFLDDSNEFADVQRQFKAAIHYARKHGSAIAIGHPRQNTIAVLQAGLRNLPEDIQLVGMGNLWRNEKVIPPKPFILLFSEVPAPTSIEPFEPVGLLRGIPK,length1,840
1,893574,893259,315,MGQAHRNKLNSLAIPSNKSNYWQTSHHHCLTGHFDIPNQRWHAHHERESSSRLKSGEQPNLLPHLYPLPLDFAYRKHQPPLRLRLSRSPPTYPTGSYHQADELRL,length1,315
1,901011,900648,363,MFHPKYTQGYVHLALSYFPQSHSQPWQQILYISHINSSILSLPCAKIGLCFNKLHCCLLLVAIFHPTALFLVLSSCSSPFIFRHLLCYIFFYPFQKSFDSHYRVFRAKFHTWAIIFHVGIA,length1,363
1,917709,915279,2430,MANFINMYRQLLSLPLSALVKNNPIPANPIEELSLNIHQPIVYVLPYTSQTDFVIFRRNCLALGLPDPAEKNEINGVKLPRYVYLDEGRRIFKSKGAKDETTTIFNKYLELHRTSESLDVQLIPVSVLWGRSPGQEDKSDLPNLRLLNGIQKTFAAIWFGRDTFVRFSQAVSLRYMVVEHGSDEKIAQKLARVAKMHFAKQRISATGPRLPNRQAMFNKLLQSEAIRRAIEDEAKSKNISIEKAQKEAYKILDEIAADVSHSSLRAVDRFLRWLWNKLYSGIDVQNSNRVRKLALEGHEIVYVPCHRSHIDYLLLSYVLYHQGLVPPHIAAGINLNFWPIGRMFRSWGAFFIRRTFKGNRLYSAIFREYLSELFHRGYSVEYFIEGGRSRTGRLLAPKTGMMSMTLQALQHSQTRPISIVPVYVGYEHVLEVDTYAKELRGAAKEKENAGLVLRVIKKLRNLGQGFVNFGEPITLSNYLSQHFPDWKEQNHEEKPQWFTPAVNNISKQVMININKAAAVNSMNLVGTALLSSRQRALSREQLLEQLSSYQQLLQNVPYSTDVVLPNVTPQAMLEHVLALDRIGVLIEKDNFGEIVRLERSSAVLMTYYRNNIQHLFVLPSLVASIILHYEAIQKDLLLDAIRKIYPFLQGELFLHFNEDELNVQIHQIINEFARQSVINSNDNFLSINKSKVRILQLWSAGTREILQRYYITVTILQKQPAISRAELEKESQLVAQRLSVLHGINAPEFFDKAVFSSFIANLKEQRYFDESGYTVLDKIEELASTLSHLISTEICLTVKGTIEKSEDLSS,length1,2430
1,935082,934362,720,MLKLLRIFLVLICCILICVLGTIYSFIRFKNPSNVGIVARWFGRLYPLFGLKVEHRIPQDQKQISRAIYIGNHQNNYDMVTISYMVQPRTVSVGKKSLIWIPFFGILYWVTGNIFLDRENRTKAHNTMSQLARRINEDNLSIWMFPEGTRNRGRGLLPFKTGAFHAAISAGVPIIPVVCSSTHNKINLNRWDNGKVICEIMDPIDVSGYTKDNVRDLAAYCHDLMEKRIAELDEEIAKGN,length1,720
1,938964,936618,2346,MNKKHTLISLAILTALYSQQSLADLHEQCLMGVPKFSGEVVTGDVNSLPVYIEADNAEINQPNDATYQGNVDLKQGNRHLLAQSVQVKQSGNQSTPLRMAYVRNGFDYKDNQINMLGKDAEFNLDSHDGNLTNSEYEFVGRQGRGKADNITLHNNYRVMKNATFTSCLHGDNAWAVDASEIRQYVKEEYAEMWHARFKIHGVPVFYTPYLQLPIGDRRRSGLLIPSAGTSNRDGLWYAQPIYWNIAPNYDLTFTPKYMSRRGWQANGEFRYLTSIGEGKVAGEYLGKDRYSEYASDNRKRHLFYWNHNSSFLQNWRLNINYTRVSDKRYFNDFDSIYGRSTDGYANQYARIAYYQPNYNFSLSAHQFQIFDDIVNIGPYRAVPQLDFNYHKYDLANGWLNFKLHSQAVRFDNDSKLMPTAWRFHAEPSLNSLMSNKYGSLNIETKLYATRYEQKKGSGKNAEDVQKTVNRVIPQFKVDLQSVLSRDITFLKEYTQTFEPHVQYLYRPYRNQSNIGSTLNNDYLGFGYDSALVQQDYYSLFRDRRYSGLDRISSANQVTLGGTTRFYDIAGEERFNLSAGQIYYLSNSRIDENPANKTPTSSSAWALESNWKISNKWYWRGSYQFDTHTNSTSLANTSLEYNPEKNNLIQLNYRYVNQEYIDQNLGKSANAYQQDIQQVGLVVGWEIANNWAVVGRYYQDLALQKPVEQYLGVQYNSCCWAASVGVKRNVTNHQNQTRNEIVYDNSIGITLELRGLGSNDHQSGIQEMLEKGKLPYIRAFSLD,length1,2346
1,954450,953415,1035,MIKLNNITKIFELPNKKLTALDNVSLNIEKGQICGVIGASGAGKSTLIRCVNLLEKPTSGSVIVDGVELTKLSDRELVLARRQIGMIFQHFNLLSSRTVFENVALPLELESESKAKIQEKITALLDLVGLSEKRDAYPSNLSGGQKQRVAIARALASDPKVLLCDEATSALDPATTQSILQLLKEINRTLGITILLITHEMEVVKQICDQVAVIDQGRLVEQGTVGEIFANPKTELAQEFIRSTFHISLPDEYLENLTDTPKHSKAYPIIKFEFTGRSVDAPLLSQASKKFGVELSILTSQIDYAGGVKFGYTIAEVEGDEDAITQTKVYLMENNVRVEVLGYVQ,length1,1035
1,955989,955170,819,MKLKQLFAITAIASALVLTGCKEDKKPEAAAAPLKIKVGVMSGPEHQVAEIAAKVAKEKYGLDVQFVEFNDYALPNEAVSKGDLDANAMQHKPYLDEDAKAKNLNNLVIVGNTFVYPLAGYSKKIKNVNELQDGAKVVVPNDPTNRGRALILLEKQGLIKLKDANNLLSTVLDIVENPKKLNITEVDTSVAARALDDVDLAVVNNTYAGQVGLNAQDDGVFVEDKDSPYVNIIVSRTDNKDSKAVQDFVKSYQTEEVYQEAQKHFKDGVVKGW,length1,819
1,959649,959346,303,MPFPLDKFVQKHSIPHCTNVLNDFEVNLSHKAYKFAHHVFVQYDLIGQYIVPINQDLSVNQITLNLLRIGSYALPSQYSSSVKPARRFLNPQNKPRLYPVR,length1,303
1,966006,965574,432,MLKGIHPALSPELLKTLAEMGHGDEIVLADAHFPAHSLHKNVIRADGISIDILLEAITPLFEFDAYVDAPLLMMKAVEGDSLDPNVETRYLNAIESAVGFTPNLTSLERFDFYTRAKQAYAVVVSGEIAKYGNIIIKKGVTPIL,length1,432
1,968001,966717,1284,MNAKVLEKKFIVPFVLITSLFALWGFANDITNPMVAVFQTVMEIPASEAALVQLAFYGGYGTMAIPAALFASRYSYKAGILLGLALYAIGAFLFWPAAQYEIFNFFLVSLYILTFGLAFLETTANPYILAMGDPQTATRRLNFAQSFNPLGSITGMFVASQLVLTNLESDKRDAAGNLIFHTLSEAEKMSIRTHDLAEIRDPYIALGFVVVAVFIIIGLKKMPAVKVEESGQISFKSAISKLAKKAKYREGVIAQAFYVGVQIMCWTFIVQYAERLGFTKAEGQNFNIIAMAIFISSRFISTALMKYLKAEFMLMLFAIGGFLSILGVIFIDGVWGLYCLILTSGFMSLMFPTIYGIALYGLKEESTLGAAGLVMAIVGGALMPPLQGMIIDQGEVMGLPAVNFSFILPLICFVVIAIYGFRAWKILK,length1,1284
1,1032948,1031622,1326,MNKHNKGRIAMNFDVAIIGGGLAGLTCGIALQQCGKRCVIINNGQAAIDFASGSLDLLSRMPSTTYGENRAVENLKENITALRNELPAHPYSLLGAEKVLAKAQDFERLANELNLDLIGSTEKNHWRVTGLGSLRGAWLSPNSVPTVQGNEPFPHKRIAVLGIEGYHDFQPQLLAANLVLNPQFEHCEVTSGFLNIPQLDELRKNAREFRSVNISQLLEHKLAFNDLVKEIIESAQGAEAVFLPACFGLENQEFMTALRDATKLALFELPTLPPSLLGMRQRIQLRHKFESLGGLMINGDSALNATFEGNKVRCINTRLLENEEITADNFVLASGSFFSKGLISEFDKIYEPVFESDIIGVEGFNQKDRFTWTVHRFAHPQPYQSAGVAINAQCQVQKCGQFLTNLYAVGNVIGGFNALELGCGSGVAVVTALAVADEILAK,length1,1326
1,1038300,1037424,876,MFKGILVSLLASFLFGYMYYFSTLLKPLSGTDIFGYRMIFTFPFVLLSVTLFKQKAALIERLKRIQKRPHLALSYLLCGLLMGFQMWLFLWAPNNGSSLSVSFGYLLLPIVMVAAGRVFFKERISTFKFIAVIIATLGVISNIVLKGGLSWEAIVICLGYTAYFSIRKALKNTDLASFCLEMLSLMPVSIYFALQTDFATVQQTNPFIWGLLVLLGLISGTALIAYVIASNMLPMNLLGLLGYVETIMMLCVSFLIGEQIDSGSYPLFICLVIAMILVMVDGVYKQHAKGSL,length1,876
1,1038618,1038303,315,MSFKEITPQQAWEMMQQGAILVDIRDNMRFAYSHPKGAFHLTNQSFLQFEELADFDSPIIVSCYHGVSSRNVATFLVEQGYKNVFSMIGGFDGWCRAELPIDTTY,length1,315
1,1040097,1039659,438,MKLFKAEQWNIEVLLPLFEAYRQAYGQAENPERTLAFLTNRMRFNESLFFIAVDENEKAIGFVQLFPRLSSLQLQRYWQITDIFVLEHAQQTEIYAALISKAKDFVHFTQSNRLVAELAQNQYSMLESEGFKLNPKERLFELSLSC,length1,438
1,1044141,1043466,675,MTRSIIAVLPAAGVGSRMQADKPKQYLTLLGKTLLEHTLDVMLSYPAVSKIILAVSKDDPYISTLSLDPKIQLVEGGTTRAESVLNGLNAIAEKNAWVLVHDAARPCLQHADIDKLLAIEDKQGAILAIPVTDTIKRADNQQCIVKTEDRSQLWQAMTPQFFPVDILRDALSTGIQQGANITDEASAIELAGFRPHLVAGRSDNLKVTRPEDLALAEFYLTRNKL,length1,675
1,1049121,1048092,1029,MNFCRILLKPLKKNEALSGYSAEGLHYLTGNKHFNPELPFSRQEFITVKPQKQQGMSISGFQPKLQLIIEDDHFNSINQQGNYILKPSPEEYPFLAENEHATMRIMKELGFDVPENGLVSFAGEQNHKEFAFVIKRFDRDKQQKPMHQEQLDGAMNIRDKYGKIGADNEQYVSYEQIAKFILQHTENHLAQQREIFRRIIYAYLLGNNDLHLRNFSFIYPKNSHPKLAPIYDFVSVSPYPEIFNSTLLALPLLVREEGNDTLAKGFNTQYGEYIGDDFVEFGENIGLNKNVIIQKLIPEITQEKEKVEQIYSQSFMPQPHIDCVLKTYRKRLALLNVLNEPEL,length1,1029
1,1056372,1053348,3024,MGLNMTNFRLNVLAYSVMLGLTAGIAYAAQPTNQPTNQPTNQPTNQPTNQPTNQPTNQPTNQPTNQPTNQPTNQDSNLSEQLEQINVSGSTENSDSKTPPKIAETVKTAKTLEREQANNIKDIVKYETGVTVVEAGRFGQSGFAIRGVDENRVAINIDGLRQAETLSSQGFKELFEGYGNFNNTRNGAEIETLKEVNITKGANSIKSGSGSLGGSVIYKTKDARDYLLNKDYYVSYKKGYATENNQSFNTLTLAGRYKKFDALVVTTRRNGHELENYDYKNADSLTQGKKREKADPYKIEQDSTLLKLSFNPTENHRFTLAADLYEHRSRGQDLSYTLKYQKTSPDLPEKESRHTNDKTKRRNISFSYENFSQTPFWDTLKITYSDQRIKTRARTDDYCDAGVRYCEGTANPAGLKLTNGKITRRDGSELQFKKSTSDTKKEHDDFRKLIDTNGQEIGDKLARKRSSETWYDCSIFNCEKDTKIQVFQGNKPYGYDGKLKEVELEKKEINGKTFAKIKEQGSYRNPIYSIFPDSPGYLDRLWQERDLDTNTQQLNLDLTKDFKTWRVEHNLQYGSSYNTTMKRMVNRAGNDATDVQWWATPKLGTETCEYVYNANLCPRVDPEFSFLLPIKTKEKSVYLFDNVVITDYLSFDLGYRYDNIHYQPKYKHGVTPKLPDDIVKGLFIPLKKGHNSNDEVKKNAQQNIDYIAKQNKKYKAHSYSFVSTIDPTSFLRLQLKYSKGFRAPTSDEMYFTFKHPDFTIFPNTNLKPEIAKTKEIAFTLHHDDWGFISTSLFKTNYRDFIDLVYKGEQTFSVGNQGGTQSFRTFQNINRDIAVVKGIEINSKVFLSKMAKFMDGFNLSYKYTYQKGRMNGNIPMNAIQPKTMVYGLGYDHPSQKFGFNFYATHVASKNPEDTYNMFYKEENKKDSTIKWRSKSYTILDLIGYVQPIKNLTIRAGVYNLTNRKYITWDSARSIRSFGTSNVIEQTTGLGINRFYAPGRNYKMSVQFEF,length1,3024
1,1069122,1068408,714,MENSSLLLTALFNPDHLIIFSKMLLAMVLGSVIGLERELKRKPVGVKTCAIIAVTTCVLTIVSIQAAEHYAQVSENIRTDPMRLAAQVISGIGFLGAGVILHKKNDAISGLTTAAIIWASAGIGIAAGAGFVFDAVIATVMILVSIRLSPLVQRWVHRKSQRRRTKFNILVNDAESIGKVTQLLVNNQYRIEHIQVKDQSSGEVRLQIRCFSIDSTMLKDAYALLKAEDGVISVEVDN,length1,714
1,1070403,1069290,1113,MKNVGFIGWRGMVGSVLMDRMSQENDFANLNPVFFTTSQAGQKAPVFGGKDAGDLKSAFDIEELKKLDIIVTCQGGDYTNEVYPKLKATGWDGYWVDAASALRMKDDAIIVLDPVNQHVISEGLKKGIKTFVGGNCTVSLMLMAIGGLFEKDLVEWISVATYQAASGAGAKNMRELLSQMGLLEQAVSSELKDPASSILDIERKVTAKMRADNFPTDNFGAALGGSLIPWIDKLLPETGQTKEEWKGYAETNKILGLSDNPIPVDGLCVRIGALRCHSQAFTIKLKKDLPLEEIEQIIASHNEWVKVIPNDKETTLRELTPAKVTGTLSVPVGRLRKLAMGPEYLAAFTVGDQLLWGAAEPVRRILKQLVA,length1,1113
1,1072242,1071933,309,MKKQSLPTKFSPFAWGLAAFCSPILLCPMALLISTAFSKNPYLSSWQINLFSTLFWVYPFILAVTARMLYRLHQHKPKLANKLLTLSAVIFYVILITICKIGL,length1,309
1,1094538,1094175,363,MRLMEKSYLVYIFTFGNFLKKFFLWNSRELHRMPLLYAYRIISFENSNKDKDILFIIKVTKNLRVNIRNRICHHDPIFNKDLKKILKQVMWVFSKIDYDLYLVINNLYSNKIINLLNKKPI,length1,363
1,1103424,1103052,372,MQALLFISCGAILGASLRWTIGLLFNPVFSSFSFGTLIANLLGCLIIGVLLGLFWQFPQISAEWRLFLITGFLGSLTTFSSFSSEVVELFFNDKWLNGFGVLAIHLFGCLAMTALGIWIYKICS,length1,372
1,1114455,1113501,954,MKSLNIIFAGTPDFAAQHLQAILNSQHNVIAVYTQSDKPAGRGKKLQASPVKQLAEQNNIPVYQPKSLRKEEAQSELKALNADVMVVVAYGLILPKAVLDAPRLGCLNVHGSILPRWRGAAPIQRSIWAGDVQTGVTIMQMDEGLDTGDMLHKVYCDILPTETSTSLYNKLAELAPSVLIDVLDNLENSKFIAEKQDGSQSNYAEKLSKEEAQLDWSLPAMQLERNIRAFNPWPIAYFSTEDKDGNAQTLKVYQAEVLPHQDKPAGTILSADKNGIQIATVDGVLNLLQLQPAGKKPMSAQDLLNGRAEWFTIGKVLA,length1,954
1,1118682,1118115,567,MAEQLTDQALVERVQQGDKKAFNLLVSRYQNKVAGLLTRYVSRNDIPDVVQESFIKAYRSIESFRGESAFYTWLYRIAVNTAKNYLTAQGRRPPNEDILAEDAENYDVGTHLRDVDTPENEMLSSELERIVFDTIHNLPEDLKTAITLRELEGLSYEEIAEIMDCPVGTVRSRIFRAREMIENKIQPLM,length1,567
1,1119294,1118709,585,MQKEQLSAYMDGEQVETDLIDALLRDEELQASWHSFHTVRSVMRKESAVFLGADFTAKMADLIELEDVKKVDVIAVSQPEPEDAHNSVFMQKLKAFFAPMTQVAVAAGVCLVAVLGVQSFNNKNDASNLPETPVLQTLPFNNAVQEVSYNAPSKDTLTSDQLEKKSRRIGAMLQNYELQRRMHSDALDVSSSQVR,length1,585
1,1123236,1122054,1182,MSKEKFERTKPHVNVGTIGHVDHGKTTLTAAITTVLAKHYGGAARAFDQIDNAPEEKARGITINTSHVEYDTPTRHYAHVDCPGHADYVKNMITGAAQMDGAILVVAATDGPMPQTREHILLGRQVGVPYIIVFLNKCDMVDDEELLELVEMEVRELLSQYDFPGDDTPIVRGSALQALNGVAEWEEKILELAGHLDTYIPEPERAIDQPFLLPIEDVFSISGRGTVVTGRVERGIIRTGDEVEIVGIKDTAKTTVTGVEMFRKLLDEGRAGENIGALLRGTKREEIERGQVLAKPGSITPHTDFESEVYVLSKDEGGRHTPFFKGYRPQFYFRTTDVTGTIELPEGVEMVMPGDNIKMTVSLIHPIAMDQGLRFAIREGGRTVGAGVVAKIIK,length1,1182
1,1128660,1128045,615,MAGVRAVQKEKTRRALVDAAFNQLSAEKSFSNLSLREVAREAGIAPTSFYRHFSDMDELGLEMVDEAGLMLRQLMRQARKRIDAGGSVISVSVDTFFEFITNSTNVFRLLLRESSGTSQAFRTAAAREIKHFVDELAEYISYKHQYSQYVAYVQAEGIVTIVFTAGANALDMSKAEREQLKARVILQLRMLAKGADFAANKERGK,length1,615
1,1131612,1129296,2316,MTMLNQQISQIIAAELTVQPQQILAAIQLLDDGNTIPFIARYRKEATGGLDDTQLRHFETRLIYLRELEDRRQTILKSIEEQGKLTDELRNKIHATQSKTELEDLYLPYKPKRRTKGQIAIEAGLEPLANLLWNEPKNDPESTALSFVDAEKGVADSKAALDGARYILMERFAEDAGLLAKVRDYLAKNAVIVSKVNEGKETEGAKFQDYFDHQELLKNVPSHRALAMFRGRNEGILQLSLNADPDAEEGSRQSYCEEIIRDYLDVRFTGLPADKWREQVIAWTWKIKVSLHLETELMASLREKAEEEAIDVFARNLTALLMAAPAGAKSTMGLDPGLRTGVKVAVVDNTGKLLDTTTIYPHTGREAEAQVAIFSLIRKHNVELIAIGNGTASRETERFAKDVIKEIKENKPQTVVVSEAGASVYSASEFAANEFPNLDVSLRGAVSIARRLQDPLAELVKIEPKAIGVGQYQHDVNQTQLARKLDAVVEDCVNAVGVDLNTASAPLLARVAGMTKTLAQNIVVYRDENGRFESRSELKKVPRLGPKAFEQCAGFMRIAEGKNPLDASGVHPEAYPVVEKILQATAQSIQDLMGNAGVVRQLDAKQFIDEQFGLPTVQDIFKELEKPGRDPRGEFKTAVFAEGVEEITDLKSGMILEGTVTNVTNFGAFVDIGVHQDGLVHISSLSDKFVEDPLQVVKTGNIVKVKVLEVDVLRKRIALTMRLDESAVKNDSKSDRTLSARPRGNMQREARNSRGNNAMGNAFADALKNWKK,length1,2316
1,1134984,1134282,702,MHSFSQGRTFMKPYLIAPSILSADLARLGDDVQNVLNAGADVIHFDVMDNHYVPNLTFGPAVCQALRDYGITAPIDVHLMVKPIDRIIPDFAKAGANYITFHPESSEHIDRSLQLIRDCGCKSGLVFNPATPLSYLDYVLDKVDVVLLMSVNPGFGGQSFIPATLKKLQQARKIIDESGYDIRLEVDGGVKVDNIAEIAAAGADMFVAGSAIFGKPDYKQVIDQIRTQLASVSA,length1,702
1,1135704,1135032,672,MNTQFKLIGFDLDGTLVNSLPDLALSVNSALAEFNLPKAPEELVLTWIGNGAPVLIARALDWAKKQTGKVLTETEVKQVTERFNFYYGENLCNVSRLYPNVKETLETLKEKGYVLAVVTNKPTRHVQPVLAAFGIDHLFSEMLGGQSLPAIKPHPAPLYYLCGKFGFEPRQVLFVGDSKNDIIAAHAAGCAVVGLTYGYNYNIPITESNPDWVFDDFAQLLTIL,length1,672
1,1136148,1135797,351,MGKHYTIEFKLQALQPILNGKMSIREAARFYNIPSNALVGTWLKRFEKSGIKGLIPRKPSGRPPMKPKYAKMPPPPKTEEDRLRLRILQLEAEVAYLKELRKLRLQDEAEQQKLSKG,length1,351
1,1138983,1138614,369,MAISRLINLGANPFLNGLHRLLSQLVSVMHFHLRGYPLRKVQRLCLIGRSIPKCRRLNLCSHFQILLSSHHNLVHDHHEVCHLKVCRQSRLRILHRILYKLRFHALYCLNLDSVLLNLRYAQR,length1,369
1,1148613,1147161,1452,MSVKGDIGVIGLAVMGQNLILNMNDHGFKVVAYNRTTSKVDEFLQGAAKGTNIIGAYSLEDLTAKLEKPRKVMLMVRAGDVVDQFIDALLPHLEEGDIIIDGGNSNYPDTNRRVKALAEKGIRFIGSGVSGGEEGARHGPSIMPGGNQEAWQYVKPIFQAISAKTEQGEPCCDWVGGEGAGHFVKMVHNGIEYGDMQLICEAYQFLKEGLGLSYEEMQAIFAEWKNTELDSYLIDITTDILGYKDASGEPLVEKILDTAGQKGTGKWTGINALDFGIPLTLITESVFARCVSSFKDQRVAANQLFGKTITPVEGDKKVWIEAVRKALLASKIISYAQGFMLIREASEQFGWDINYGATALLWREGCIIRSRFLGNIRDAYEANPNLVFLGSDSYFKGILENALSDWRKVVAKSIEVGIPMPCMASAITFLDGYTSARLPANLLQAQRDYFGAHTYERTDKPRGEFFHTNWTGRGGNTASTTYDV,length1,1452
1,1153128,1152753,375,MRHYEIVFMVHPDQSEQVPGMIERYTGSVKEAGGQVHRLEDWGRRQLAYPINKLHKAHYVLMNVEAPQQVIDELETTFRYNDAVLRSLVIHTKHAVTEASPMKAAKEERKPLAEVENNDFEDAEE,length1,375
1,1155984,1155501,483,MLSEFAEMVPTCSISFAVSQGLDKFLSSETTALTALSIPRFKSIGFIPAATAFKPSFTIACASTVAVVVPSPAASFALDATSFTICAPMFSNLSSNSISRATDTPSLVIVGAPNDLSKITLRPFGPRVTFTASANTFTPLSIFTRASLPNFTSFAAIFFFP,length1,483
1,1156746,1156446,300,MHLTSREQEKLMLFLAGELAAKRKARGVKLNYPETIAYIASHLQEAARDGMSVAEVMQYGATLLTVDDVMEGVAEMVHEVQIEATFPDGTKLVTVHNPIR,length1,300
1,1158858,1157142,1716,MALTISRAQYVATYGPTVGDKVRLGDTNLWATIEQDLLTKGDECKFGGGKSVRDGMAQSGTATRDNPNVLDFVITNVMIIDAKLGIIKADIGIRDGRIVGIGQAGNPDTMDNVTPNMIIGASTEVHNGAHLIATAGGIDTHIHFICPQQAQHAIESGVTTLIGGGTGPADGTHATTCTPGAWYMERMFQAAEALPVNVGFFGKGNCSTLDPLREQIEAGALGLKIHEDWGATPAVIDSALKVADEMDIQVAIHTDTLNESGFLEDTMKAIDGRVIHTFHTEGAGGGHAPDIIKAAMYSNVLPASTNPTRPFTKNTIDEHLDMLMVCHHLDKRVPEDVAFADSRIRPETIAAEDILHDMGVFSIMSSDSQAMGRIGEVVIRTWQTADKMKMQRGELGNEGNDNFRIKRYIAKYTINPAIAHGIAEHIGSLEVGKIADIVLWKPMFFGVKPEVVIKKGFISYAKMGDPNASIPTPQPVFYRPMYGAQGLATAQTAVFFVSQAAEKADIREKFGLHKETIAVKGCRNVGKKDLVHNDVTPNITVDAERYEVRVDGELITCEPVDSVPLGQRYFLF,length1,1716
1,1160235,1159755,480,MCEGNFDRLCELDWQLSATKVARESREGSFKLGVRLLKIFIRYETHTLLTAYQQAIAEKRVQGYFPIVFAMVAQAMGLSKADTLYAFYYNAAVGAITNGVKLIPLSQMDGQDILFDLRGSLVQAVELSFDPDEEWLGAATLANDIRAMQHEVLYTRLYMS,length1,480
1,1161015,1160340,675,MSNTVATMINKRNIMRNYIKIGVAGPVGAGKTALIEKLTREIASKYSVAVITNDIYTQEDAEFLTKNSLLPPERIMGVETGGCPHTAIREDASMNLEAVDEMVTRFPDVEIVFIESGGDNLSATFSPDLADVTIFVIDVAQGEKIPRKGGPGITRSDLLVINKTDLAPFVGVDLSVMERDARRMRNGQPFIFTNLMKKENLDGVIGWIEKYALLKNVEEPASLVR,length1,675
1,1173483,1172325,1158,MSVIKMTDLDLAGKRVFIRADLNVPVKDGKVTSDARIRATIPTLKLALEKGAKVMVTSHLGRPTEGEFTPEDSLQPVVDYLKNAGFNVRLEQDYLNGVDVKDGEIVVLENVRINKGEKKNDPELGKKYAALCDVFVMDAFGTAHRAQASTYGVAEFAPIACAGPLLAAELDALGKALKEPARPMVAIVGGSKVSTKLEVLNSLSKIADQIIVGGGIANTFIAAAGHNVGKSLYEADLMPVAKELAANTDIPVPVDVRVGLEFSETAAATEKAVNEVKDDESIFDIGDKSAEQLAEIIKNAKTVLWNGPVGVFEFPHFRKGTEIISHAIANSDAFSIAGGGDTLAAIDLFGIADKISYISTGGGAFLEFVEGKVLPAVEILEKRAKN,length1,1158
1,1175781,1174743,1038,MEKILVIRNDKLGDFMQAWPAFAMLKASNPELKLTALVPSYTAPLAEICPFIDDVIIDSKKNDKTDFKRLVQEIKAQQFDGMISFFSNTHNGKLAWKSGIKYRLAPATKWVQILYNHRLTQRRSRSEKSEAEYNQDLVRTFLQKHNMPVVEPKPPYLIFEKSAVENQRVFLQESLGLSANKKWIFVHSGSGGSATNLSLAQYADLIKGLLAEFDCNIVLTAGPGEREKAYELANLVNDLRVAIYDKNKGLVDFAHSLACADLFIAGSTGPLHLSSAFNIPTIGFYPNSRSSQPRRWKPINDVDKHLAFCPPAGKETQMNLELISIDNALAEISLFIRNMWQTSNNI,length1,1038
1,1180299,1179048,1251,MSVLSSILGMVVLIAIAVLLSNNRKAISIRTVVGALAIQVGFAALILYVPAGKQALGAAADMVSNVIAYGNDGINFVFGGLADPSKPSGFIFAVKVLPIIVFFSGLISVLYYLGIMQVVIKVLGGALQKALGTSKAESMSAAANIFVGQTEAPLVVRPYIKNMTQSELFAIMVGGTASIAGSVMAGYAGMGVPLTYLIAASFMAAPAGLLFAKLMFPQTEQFTDKQPEDNDSEKPTNVLEAMAGGASAGMQLALNVGAMLIAFVGLIALINGILSGVGGWFGYGDLTLQSIFGLIFKPLAYLIGVTDGAEAGIAGQMIGMKLAVNEFVGYLEFAKYLQPDSAIVLTEKTKAIITFALCGFANFSSIAILIGGLGGMAPSRRSDVARLGIKAVIAGTLANLMSATIAGLFIGLGAAAL,length1,1251
1,1192440,1191456,984,MLHFAHIFQNKDHTMNITKPFPLPTGYFGIPLGLAALSLAWFHLENLFPAARMVSDVLGIVASVVWILFILMYAYKLRYYFEEVRAEYHSPVRFSFIALIPITTMLVGDILYRWNPLIAEVLIWIGTIGQLLFSTLRVSELWQGGVFEQKSTHPPFYLPAVAANFTSASSLALLGYHDLAYLFFGAGMIAWIIFEPVLLQHLRISSLEPQFRATIGIVLAPAFVCVSAYLSINHCEVDTLAKILWGYGFLQLFFLLRLFPWIVEKGLNIGLWTFSFGLASMANSATAFYHGNVLQGVSIFAFVFSNVMIGLLVLMTIYKLTKGQFFLK,length1,984
1,1199415,1199109,306,MPPRSVPINKTTGMTKKIGNSILTIEAAIAPVNANTDPTERSIPAIKITKVIPTAIIALTEVWRKIFKILSTLKKSGLIIDTIAIRIINAIKERCSIKNLPI,length1,306
1,1205625,1204770,855,MYAKLKLTQNTGSGYDLVFPSSYYVNKMIKEKMLQPIDQSKLTNIHQIPKHLLNKEFDPENKYSLPYVYGLTGIEVNADEIDPKTITSWADLWKPEFKGKVLMTSDAREVFHVALLLDGKSPNTTNEEDIKTAYERLEKLLPNVATFNSDSPEVPYVQGEVAIGMIWNGSAYLAQKENPSLQFVYPKEGAIFWMDNYAIPNSAQNVEGAYKFIDFLLRPENAKIVIERMGFSMPNNGAKTLLSTEVANDPKLFPPAEEVEKGIMQGDVGEAVDIYEKYWSKLKTN,length1,855
1,1208493,1207788,705,MKNVMKLSVIALLTAAAVPAMAGKTEPYTQSGTNAREMLQEQAIHWISVDQIKQSLEGKAPINVSFDIDDTVLFSSPCFYHGQQKFSPGKHDYLKNQDFWNEVNAGCDKYSIPKQIAIDLINMHQARGDQVYFFTGRTAGKVDGVTPILEKTFNIKNMHPVEFMGSRERTTKYNKTPAIISHKVSIHYGDSDDDVLAAKEAGVRGIRLMRAANSTYQPMPTLGGYGEEVLINSSY,length1,705
1,1211832,1211457,375,MRLFKQLERWKIRKQINQSIIDVIFRLRNRLAHYWQADVNTPQVDFMLLHIACSLGRIERGGCVSPLYSEMLEEMQSAVIFPQVLAIHQDLLKLMPFSIPEAEQTYFLANIHSLVLEQKQLKPLK,length1,375
1,1213083,1212711,372,MSRILSHAKKNYRKAIIIESLLLVVFYLLIYGWQRQSAVDFSYGFLSAFLPFCTFIFIIFYRKQNFSTKLTALYRAEAIKFILTMVFIIIAIKWLFVINFIAFFVGFLLALVLNNIIPLILNKI,length1,372
1,1213908,1213122,786,MSGQTTSEYISHHLSFLKTGDGFWNVHIDTLFFSILAAVIFLFVFSRVGKKATTGVPGKMQCLVEIVVEWVNGIVKENFHGPRNVVAPLALTIFCWVFIMNAIDLIPVDFLPQFAGLFGIHYLRAVPTADISATLGMSICVFFLILFYTIKSKGFKGLVKEYTLHPFNHWAFIPVNFILETVTLLAKPISLAFRLFGNMYAGELIFILIAVMYSANMAIAALGIPLHLAWAIFHILVITLQAFIFMMLTVVYLSIAYNKADH,length1,786
1,1219113,1217742,1371,MSAGKIVQIIGAVIDVEFPQDAVPKVYDALKVESGLTLEVQQQLGGGVVRCIALGTSDGLKRGLKVENTNNPIQVPVGTKTLGRIMNVLGEPIDEQGAIGEEERWAIHRSAPSYEEQSNSTELLETGIKVIDLICPFAKGGKVGLFGGAGVGKTVNMMELIRNIAIEHSGYSVFAGVGERTREGNDFYHEMKDSNVLDKVSLVYGQMNEPPGNRLRVALTGLTMAEKFRDEGRDVLFFVDNIYRYTLAGTEVSALLGRMPSAVGYQPTLAEEMGVLQERITSTKTGSITSVQAVYVPADDLTDPSPATTFAHLDSTVVLSRQIASLGIYPAVDPLDSTSRQLDPLVVGQEHYDVARGVQGILQRYKELKDIIAILGMDELSEEDKLVVARARKIERFLSQPFFVAEVFTGSPGKYVTLKDTIRGFKGILDGEYDHIPEQAFYMVGSIDEVLEKAKNM,length1,1371
1,1237764,1236891,873,MSTKNHFIFPTYVQMYPYSKDRPFLKQVREKLRYYGYKWLYQKQCHQLVDFLNTETQWQSLFTQDYYRTNTILTTFCDKRFSASERLTAITENLRLAEEKMGRSLCQQLLDQQHIVLTQLTEDLRLSLSINHIDPFEGYFSINIRNQNNERVYDASFTFLSPNKLLIASIQGPSSDNAQELVKQATKALHGMRPMFMLVNAFKMLAEKWQCELVGIPHKAQGKYRLSARSKILFNYDEFWQENQGEYRHNYWQLPLHIERKQLEDIASKKRSMYRKRYEMLDQMALDIQQL,length1,873
1,1239276,1238739,537,MEKIIIDHDRFLRTISRISHEIIEKHQTLDDLVIVGIKRRGAEIAELLQRRVEELSGINLPSMELDITFYRDDLTLVDQEDKMPVYSGSSQYLNIQDKTVILVDDVLFTGRTIRAAMDALTDFGRAAKIELVIFVDRGHRELPIRADYVGKNVPTSRDELVQVRTEKQDGCYEVAILGK,length1,537
1,1240287,1239348,939,MKMKKFILKSFLLATLGCVAFTSMAQAEERVVATVDGIPILESQVRANMGKKGDRQSALDKIIDDLLVQKAIQESGVKIDPREIDRVVEDTAARNGLTYGQFLDALDYQGISLNTFRQQIANQMVMGAVRNKAIQESIDVTREEVVALGQKMLDEAKSQGTAQKVTGKEYEVRHILLKLNPLLNDAQAKKQLAKIRSDIIAGKTTFADAALKYSKDYLSGANGGSLGYAFPETYAPQFAQTVVKSKQGVISAPFKTEFGWHILEVTGVRDGDLTAEAYTQKAYERLVNTQLQDATNDWVKALRKRANIQYFNK,length1,939
1,1241400,1240359,1041,MKKFLIAILLLILILAGAASFAYYKMTEFVKTPVNVQADQLLTIERGTTGSKLATLFEQEKLIADGKLLPYLLKLKPELNKIKAGTYSLENVKTVQDLLDLLNSGKEVQFNVKWIEGKTFKDWRKDLENAPHLVQTLKDKSNEEIFTLLDLPDVGQNLELKNVEGWLSPDTYNYTPKSTDLELLKRSAERMKKALNKAWNERNEDLPLANPYEMLILASIVEKETGIANERAKVASVFINRLKAKMKLQTDPTVIYGMGENYNGNIRKKDLETKTPYNTYVIDGLPLTPIAMPSESSLQAVAKPEKTDFYYFVADGSGGHKFTRNLNEHNKAVQEYLRWYRSQKNAK,length1,1041
1,1243029,1242048,981,MTALYPWLMPIYHQIAQTFDEGLGHHAVLIKADSGLGVESLFNALAQKIMCVAQVDKPCGQCHSCHLMQAHSHPDYHELSPIDGKDIGVDQVRDINEIVAQHAQQNGNKVVYVQGAERLTEAAANALLKTLEEPRSNTYFLLQTDSSSSLLATIYSRCQVWNLSVPNEQMAVDWLKSESAAENQEILTALAMNLGRPLLALETLQQGLIEQRKNFLRQFWVFYRRRSPLELLPLFDKERYVQQVDWILAFLSDCLKHKLEIDSHRQVADLGRGIEQFSDEQTALGLLQAIKIMQKVRSDLLTINGVNLELMLLDGLTRLVTEVFETQ,length1,981
1,1243866,1243086,780,MFIVDSHCHLDALDYENLHKNISDVVEKARARDVKHLLAIGVTLSRFEQAYDSLREFNNVSLACGVHPLDFEEEPYDAERLLRLSQDPKVIAIGEIGLDYYYSADNKAAQQAVFGSQIDIANQLDKPVIIHTRSAGDDTIAMLREHHAEKCGGVIHCFTETMEFAKKALDLGFYISCSGIVTFKNAEAIREVIRYVPMDRLLVETDSPYLAPVPYRGKENQPAYTREVCEYVATLKGVSAEAFAQITTQNFERLFKIRVE,length1,780
1,1248510,1247013,1497,MLELSESNIHLNANAIDKQQAIEMAASALVQAGNVENGYLQGMLARELQTSTFLGNGIAIPHGTLDTRLMVKKTGVQVFQFPQGIEWGEGNIAYVVIGIAARSDEHLSLLRQLTHVLSDEDTAAKLAKITDVAEFCAILMGETIDPFEIPAANISLDVNTQSLLTLVAINAGQLQVQSAVENRFISEVINNAALPLGKGLWVTDSVVGNVKNALAFSRAKTIFSHNGKAVKGVITVSAVGDQINPTLARLLDDDVQTTLLNGNSTEILTALLGSSSDVETQSVEGAVVGTFTIRNEHGLHARPSANLVNEVKKFTSKITMQNLTRESEVVSAKSLMKIVALGVTQGHRLRFVAEGEDAKQAIESLGKAIANGLGENVSVVPPSEPDTIEIMGDQIHTPAVTEDDNLPANAIEAVFVIKNEQGLHARPSAILVNEVKKYNASVAVQNLDRNSQLVSAKSLMKIVALGVVKGTRLRFVATGEEAQQAIDGISAVIESGLGE,length1,1497
1,1259730,1258935,795,MQFSLKNYRTLQIGIHRKQGYFDFVWFDDLEQPQSYQIFVNDRDFKNRFLQQLKTQYQGKTFPLQFVASIPAHLTWSKVLMLPQVLNAQECHQQCKFVIEKELPISLNELWFDYRSTSLKQGFRLDVTAIRKSTAQTYLQDFQPFKINVLDVASNAILRAFQYLLNEQVRSENTLFLFQEDDYCLAICERSQQSQILQSHENLTALYEQFTERFEGQLEQVFVYQIPSSHTPLPENWQRVETELPFIALGNALWQKDLHQQKVGG,length1,795
1,1260237,1259733,504,MSMNLLPWRTYQHQKRLRRLAFYIALFILLAINLMLAFSNLIEQQKQNLQAQQTSFEQLNQQLHKTTMQIDQLRSAVKVGEVLTSIPNEQVKKSLQQLSELPFQQGELNKFKQDANNLSLEGNAQDQTEFELIHQFLKKHFPNVKLSQVQPEQDTLFFHFDVEQGAEK,length1,504
1,1265370,1264782,588,MRNPIHKRLENLDSWQHLTFMAALCERMAPNFKLFCQMNELSVETKTYQNILNLVWEYLTIKDVKINFENQLEKLESIIPDVNDYDSFGVVPALDACQALAEILHAIIAGETLEKAVEISLISLGTVRALLETETGRDWSESKLKENEDIQTELDVQWQVYRLLKECEKRDIELILALKNEIRTEGISNIGIEFHQ,length1,588
1,1270719,1269996,723,MQNNNDILKAQSPAALAEEYIVKSIWQDVFPSGSNLPSERDLADKIGVTRTTLREVLQRLARDGWLTIQHGKPTKVNNIWDAAGPNIIETLIALDMQSAPLIIDNMLSLRSKMSESYIYEAVKNSPQKSTALFAELEQLQNTAQDYTEFDYQLFRQFTVVANKPFYRLIFNSLKGVYQRIGLLFFKEKKHRELTKQFYLEMQQICLEGNADAVVDCIRKHNLRSSTYWKAILERLPQNLSD,length1,723
1,1290300,1289517,783,MFEILFPALLTGIVLSLITAPLGVFVVWRKMAYFGDTLSHSALLGVALGIFLQVNPYIAIVVLTLILAIAMVWLESNTQFSIDTLLGIIAHSCLSLGVVTVGLLRNVRVDLMNYLFGDLLAINYTDLIYIGIGVIIVLSTLIYFWQSLLSTTVSPELAQVEGINIKKMRFILMILTALTIALSMKFVGALIITSLLIIPAATARRFARTPESMVGWAIIMSMLSIIGGLILSAFYDTAAGPSVVICSAFLFVLSLFKKERL,length1,783
1,1292805,1291515,1290,MDLLSDIEKQLQKATAQGFLIALSGGLDSTVLLSLFAKLCQKQPHLPPLSVRAIHIHHGLSPNADSWAKHCQNLCDQFQIPLIIERVQVDKTNGIEAGAREARYQAIKKHLQIQEMLVTAHHLNDQTETFFLALKRGSGLQGLGAMQQQSALFGMPILRPLLGFTRPQLEDYAQKEKLNWITDESNKDNRFDRNFLRNEILPELRERWAYFDLAVQRSAQHCFEQQQLINDLLSEAFAEHCQIKNQFKLCLFRQYSPAKQTALLRMWLAENQLEMPSKRQLTQLINDVVFAKEEANPQFQLVNKVIRRYQDRLYLTKPFSDLTKCTLKLEQNTLSLPDDLGNLTVQENEDNLIFHWQDYSVTLEKTDLPISIRFGYSGKIKHHPKRPREDIKKIWQELSVPPWERNRIPLIFYGNKLKSAVGFFSVLKSS,length1,1290
1,1302435,1301346,1089,MGFKCGIVGLPNVGKSTLFNALTKAGIEAANYPFCTIEPNTGVVPMPDPRLDALAEIVKPERILPTTMEFVDIAGLVAGASKGEGLGNKFLANIRETDAIGHVVRCFENDDIVHVAGKIDPLDDIETINTELALADLDSCERAIQRLQKRAKGGDKEAKFELSVMEKILPVLENAGMIRSVGLDKEELQAIKSYNFLTLKPTMYIANVNEDGFENNPYLDCVREIAEKEGAVVVPVCAAIESEIAELDDEEKVEFLQDLGIEEPGLNRVIRAGYALLNLQTYFTAGVKEVRAWTVSVGATAPKAAAVIHTDFEKGFIRAEVIAYEDFIQFNGENGAKEAGKWRLEGKDYIVQDGDVMHFRFNV,length1,1089
1,1312032,1311348,684,MTAELNFLDLFLKASIVVQLVIVILISFSIISWAIIIQRSRILTNALKEARTFEDRFWSGEDLNKLYEGLSNRRDGLTGSEQIFCVGFKEFSRLKQVNPDAPEAIIKGTMRAMNLAMNREIESLENRVPFLATVASVSPYIGLFGTVWGIMHAFMALSGAKQATLQMVAPGIAEALIATAIGLFAAIPAVMAYNRLSLRVNAIEQDYGNFIDEFTTILHRQAFGKAPH,length1,684
1,1315083,1313802,1281,MKLLKRLVSVFAIVLAVGSNAFAGDEVRIVIDEGVDGARPIAVVPFVGSAPEDISKIVADDLRNSGKFNPIAVSQMPQRPTSAAEVNPEAWSNIGIDAIVIGQVVPSGNGYSITYQLIDTVGASGTPGAVLMQNSYTVTNKWLRYGAHTVSDEVFEKLTAIRGAFRTRIAYVVQKNGGSQPYEVRVADYDGYNQFIVNRSAQPIMSPAWSPDGQRLAYVSFENKKSQLVVQDLNSGARKVVASFQGHNGAPAFSPDGSRLAFASSRDGVLNIYVMGANGGTPTQLTSGAGNNTEPAWSPDGNSILFTSDRSGSPQVYRMDASGGSATAVGGRGSAQISADGKTLVMINGNNNVVKQDLTTGVSEVLSTSFLGESPSLSPNGIMIIYSSTQGLGKVLQLVSADGRFKASLPGSDGQVKFPAWSPYLTK,length1,1281
1,1316733,1316010,723,MLENIRIVLIETSHSGNIGSAARAMKTMGLTQLCLVSPKSVDEQSYALSAGAENIVKNARVVDSFDEAVDDCSLVIGTSARLRHLQNTLIEPRECAEKVVAYKGKIAIVFGRERIGLTNEELLKCHYHLNIPANPDYSSLNLAMAVQLVSYELRMAFLVQNNKKNSLSLIEKNYPTTDQLAYFFDYTERIYQSLGFIQNQGVMRKLKRLYYRAKLEKNELNILNGMLSAVEKRIDLTKENN,length1,723
1,1318959,1318545,414,MAFTRIEKRKVKMAYSEKVIDHYENPRNVGSLDKKDSNVGTGMVGAPACGDVMQLQIKVDDNGIIEDAKFKTYGCGSAIASSSLITEWVKGKSLEEAGAIKNSQIAEELELPPVKVHCSILAEDAIKAAIADYKAKQG,length1,414
1,1319340,1319019,321,MGITLTEKAAQRVKAFLDNRGKGIGLRLGVKTSGCSGLAYVLEFVDVLNSEDQVFEQHGVNIIVDPKSLVYLNGIELDYVKEGLNEGFKYNNPNVKESCGCGESFHV,length1,321
1,1319877,1319355,522,MFNPFQIFDLPVDFQLDEKVLNARYLKLQKALHPDNFVSSSALEQRVAMQKSTEVNDALKTLKDPILRAEAIIALNTGEQLDLEQKSTQDVAFLMQQLQWREQLEDVESQQDERALNVFAKEIKQETQSLLTALFESLKSQQWARASQYCDKLRFTHKLSEEIERVEERIFELD,length1,522
1,1325562,1325193,369,MSASPGPFTTQPIIDTSIGVIISSRRCSSAFTVPITSNSWREQVGQAIKLIPLERIRKDFKISKPTLISSMGSAAKEMRSVSPMPSANNIPKPTADFTAPARAPPASVMPKCKGCLIALASKR,length1,369
1,1330044,1329063,981,MENLTALFCDLGRKYFQLQRKKCGKMRAYFLRCPIMFKKALFILSLCPSFSLAQSYVVYDFTHNRVLESHAPDSIQPIASVTKLMTANVFLENNKNPNCRIAITKEDTDRIKGTGTKLPKNIPISCNELLKAMLVHSDNYAAHALSRAAGISRRQFINKMNEKAHQLGMYSTRFHDSSGLSSYNISSPMDLVKLAKYSLNKSDIKRLSNLSATYIQAGKHKLYIKNTNKLVRDEIFDAAVNKTGYIQESGYNLVFINKHRCKNATIGVISLNNTSSAYRSSFTKSKLEKFGCTALNGRTIRDVAGEAQYEDGYDEVGFNTLIQKLSK,length1,981
1,1332210,1331292,918,MDSFSTSIWVNDVTVRYNNGHTAIHNMTFSLNSGTICALVGVNGSGKSTLFKSIMGLVKPQQGEIKLCDLPISQALKRNLVAYVPQSEEVDWQFPVSVYDVVMMGRYGYMNFLRIPKAIDKQKVQEAMQRVNIEHLAHRQIGELSGGQKKRVFLARALAQQSPIILLDEPFTGVDVKTENAIVDLLQQLREEGHLILVSTHNLGSVPDFCDQVVMINRTVIAAGKTEDTFNQHNLEIVFGGVLRHIKLLGENLHNDEDKRSVTVLTDDEKAVVFYGETKQDPPAPTTQNCHFEDCPYKSAVKNKRD,length1,918
1,1333062,1332216,846,MLDLLLEPFSYDYMLKAMILSTAVGGICAFLSSYLMLKGWSLIGDALSHSVVPGVAIAYAFALPYALGAFFAGILAALSILWIKSISKLKEDAVIGFIFSTFFALGLLIISLNPTAVNVQNIILGNILGIADEDIYQVAIIIGVCLVLLLLFWKDLLLIFFDETQAITVGLSPLFYKILFFTLLSACVVAALQTVGAILVIAMVVTPGATAYLLTDKFKTLSIIAIILGAVTSFVGVYISYYLDGATGGVIVTLQTLLFLVAFLFSPKYGLLTRNKKAVENV,length1,846
1,1339659,1338645,1014,MAILVTGGAGYIGSHTVVELLNAGKEVVVLDNLCNSSPKSLERVKQITGKEAKFYEGDILDRALLQKIFAENEISSVIHFAGLKAVGESVQKPTEYYMNNVAGTLVLIQEMKKAGVWNFVFSSSATVYGDPKIIPITEDCEVGGTTNPYGTSKYMVEQILRDTAKAEPKFSMTILRYFNPVGAHESGLIGEDPNGIPNNLLPYISQVAIGKLAQLSVFGSDYDTHDGTGVRDYIHVVDLAVGHLKALQRHENDAGLHIYNLGTGHGYSVLDMVKAFEKANNITIAYKLVERRSGDIATCYSDPSLAAKELGWVAERGLEKMMQDTWNWQKNNPKGYRD,length1,1014
1,1341078,1339803,1275,MSNSLSSQIFTRKMLICAFTGFNSGLPLFVLSQMLPVWLTDKHLSIELIGAVTGVMLPYGLKFLWAPLLDRYFPSFLGRRRSWMLLSQVALLILLYIISLFDPLTQLGTVANIALLIAFFSATQDIVLDAYRREILSDHELGLGNTIHINAYRIAGLIPGGLSLYLAAIYPWETVFLWTALCMLAGIFMTLFLAKEPKINVQQSNQPFYQAFWIPLQEFFQRKGVIQAIGFLLFLFLYKFGDSFATTLQTKFIYDMGFSKEDIAIVVKSTALWSSILSGLAGGMIMLKLGINRALWLFGLVQMVTIGGFIWLSAFGHFDVITSAELWKLGVVIAAEYIGVGLGTAAFVAFMARESNPLYTATQLALFTSLSALPSKVLGILSGYVVGAVGYYQYFWFCLFLAIPGMLCLFWVAPWKQKNNKTSSV,length1,1275
1,1341807,1341165,642,MKIILLGAPGAGKGTQAQFIMNKFGIPQISTGDMFRAAIKAGTELGKQAKALMDEGKLVPDELTVALVKDRIAQADCTNGFLLDGFPRTIPQADALKDSGVKIDFVLEFDVPDEVIVERMSGRRVHQASGRSYHIVYNPPKVEGKDDVTGEDLIIRADDKPETVLDRLAVYHKQTSPLIDYYQAEAKAGNTQYFRLDGTQKVEEVSQELDKILG,length1,642
1,1346640,1346361,279,MLWTQTIANIRFSAFKFGMFINKIPINRIILNKIIDDVVHNCQISLRCKYQTVIGKFKTTMFVSRKYSDTNIRIRNTAISNTRPQNWVHFRHI,length1,279
1,1378470,1377654,816,MVLDLDRENSAMDWELLGLPSPNIVVQNRLNGRCHYIYALEVPICNTKNARFKPISYFKKIQRAYIDKLGADQHYVGVFTKNPNSNFWRTFVFNVPKYTLDYLADFVDLSNKPVFYLNDNEDIEGRNCSLFNQIKKIGYREILKFKCSGKQLEQFNQYLLSSLELLNQNHNPPLPYRELKGIARSSSRWIWERFSESSFQQIQSNRSRKRWEKQQIIKKELFNQFGANKPNMSLKQIAEQFSISVSSLNRWAEEFGWVKSKNDLKSKYEKIA,length1,816
1,1380489,1380069,420,MNVHEKIRKLRETKHWSQEEMAEKMSMSLNGYAKIERGETKLHLDKLEQIAQILDIDIVELINSGERNVFVQFNENSHFGSSFQGDNEKSLLIEIEKLKLSLSHCQQLLEEKEGLLNKLVEQKDNEIKLLREMVELLKKG,length1,420
1,1382247,1381932,315,MSYKVNFWFKNLMTYRLTKPLDWDLTQLQTQLEDCQFHPCGAQDQSKFGWSAPLRGSDLLYFSVGKQILLIAKKEEKILPANVVKRELDERIESLEKKKIANLKR,length1,315
1,1391478,1390260,1218,MTKKLFYYQGSNALNQKQKGSIIADTKQQAHFQLISRGLTHIKLQQNWQFGAKPKNSEISELLNQLATLLQSVIPLKNSLQILQQNCTQIMLNKWLERLLQSIESGLAFSQAIEQQGKYLTQQEIQLIQVGEMTGKLAVVCKKIATHRSQSLALQRKLQKIMLYPSMVLGISLLLTLALLLFIAPQFAEMYSGNNAELPTITAILLSISNFLKQNIGILLFFVLSFFLFYYFYLKRQTWFHQKKNQLISITPIFGTIQKLSRLVNFSQSLQIMLQAGVPLNQALDSFLPRTQTWQTKKTLVNDMVLDKEVRSILQWVSQGYAFSNSVSSDLFPMEAQQMLQIGEQSGKLALMLEHIADNYQEKLNHQIDLLSQMLEPLMMVIIGSLIGIIMMGMYLPIFNMGSVIQ,length1,1218
1,1400613,1399248,1365,MISVFDMFKVGIGPSSSHTVGPMKAGKQFIDDLIKRNQFEQTAEIHVDVYGSLSMTGRGHSTDIAIIMGLAGYLPHNVDIDMISGFIEKVKQTALLPINVGQKIVKFDFENNLIFHRTFLKLHENGMTITALDENRTELYRQTYYSIGGGFIVDEAHFGKEEKNTVQVPYPYKNAEDILKHCSDNGLMLSTVMLENEIALNGKEAVSAHLENVWKTMQACIEHGIHTEGILPGPLRVPRRAASLYRALQANTNLSNDPMRVIDWVNMFALAVNEENAAGGRVVTAPTNGACGIIPAVLAYYEKFISPLTPEIIERYLLAAGMIGSLYKMNASISGAEVGCQGEVGVACSMAAAGLAEILGGNPLQVCIAAEIAMEHNLGLTCDPVGGQVQVPCIERNAIASVKAINASRMALRRTTNPRVSLDKVIETMYETGKDMNAKYRETSQGGLAVKIVCN,length1,1365
1,1411803,1410996,807,MISLKNFGLLFWKRFSENKLNQVAGALTYSTMLAMVPLVMVIFSIFSAFPVFNEVTGELKEMIFTNFAPSASDMVGEYIDQFVSNSKKMSAVGIVSLIAVALMLINNIDRTLNSIWHNSQSRSPLSSFAIYWMILTLGPLIIGVSIGISSYIKIMFEQSEHLSLGLKLLSFVPFLFTWFIFTLIYTVVPNKKVKIKHSAYGAFLAAIFFTLGKQAFTWYIVTFPSYQLIYGAMATLPIMLLWIQISWLVVLVGAQLASTLDEIGEQIEQ,length1,807
1,1417350,1416711,639,MEQYKRDFIEFALSRNVLKFGEFTLKSGRKSPYFFNAGLFNTGADLARLGEFYAAAIQASAVDFDVVFGPAYKGIPIGTSVSVALFNRYGIDKPVCFNRKEVKDHGEGGNLIGSPLQGKILLVDDVITAGTAIRESMELISANKAELAAVLIALNRKERGKGELSAIQEVERDYQCQVLSIIDLDDLMQFIEQDPRYSSHLPEMRAYRAEFGV,length1,639
1,1418295,1417431,864,MGFIGKIIGVFLGWKVGGFFGAIAGLILGSIADKKLYELGSVSSSFFKKKTTRQDLFMQTTFAVLGHLSKSKGRVTEEDIQLANQLMIQLKLDDAGRKLAQDAFRRGKESDFPIRQVIREFRIGCGQRADLLRMFLQVQVQAAFADSELHENEKEVLYVIAEELGLSRMQFEQMIAMEMAARAFTQGGFYQQYQQGAYQGGYQYQQQNSGGYQHASGPTLNDAYKVLGVTESDEQSTVKRAYRRLMNEHHPDKLVAKGLPPEMMEMAKEKTQQIQAAYDLICKAKGWK,length1,864
1,1423551,1423197,354,MDRVFIEELTVFAQIGVYDWEQQIKQKLVFDLEMAWDCKQAAETDDVVYCLNYAEVSQAIIDYVESKSFLLIERVAYEVADLLESRYQLQGLKIKLSKPKAVAQARNVGVLVIRGCLK,length1,354
1,1433100,1432515,585,MKQKIVLATGNKGKVKEMADVLSDFGFEVIAQTDLGIESPEETGLTFVENALLKARYASEKSGLPAIADDSGLVVSALNGAPGLYSARYAGEEGNDAKNREKLLAELAHVAKDQRQAKFVSCIVFLQHPTDPSPIIAEGECCGVIGFEEKGENGFGYDSLFFSPEQGCTFAELETVEKKKISHRAKALSVLKSKL,length1,585
1,1433637,1433229,408,MNIIFSSDNYYAPYLAVSIFSIIKNTPEKINFYILDMKINQENKTIINNLASAYSCKVFFLPVCESDFQNFPKTIDYISLATYARLNLTKYIKDIEKAIYIDVDTLTNSSLQELWNIDITNYYLAACRDTFIDVKN,length1,408
1,1434123,1433754,369,MNKYNNVMKYQDQDILNGICKGKVKFINNRFNFTPTDRDLIKKENLLYVKMPIVISHYCGPNKFWHKKCSHLNCHIGNLLLKEMDKIIDIPSSWYDHFEKIPFLIKIKRLRKRIRDKLIYGIY,length1,369
1,1437873,1437423,450,MLQLFDFLQQYSDYFIIGLLLLMSVIMLAMVIERYLFLRKVNVAHYSTIHALDIDLNRNMTVISTIGANAPYVGLLGTVIGILLTFYQIGHGGGDIDPSEIMLHLSLALKATALGILVAIPSMVFYNGLGRKVEVNRLKWKVLNEQKDKE,length1,450
1,1438320,1437924,396,MLVLLTVVLITASFISQGKIQVNVPKASTAVAFKSDELAKLLTVTADKQLYFNDKPISQEALEAEIAQWNKDQKVTLKIDAEASFQDFVTITDMLSKNEIKNVAIVSMKDKGKSAGKNSQESTPSQSVPTTP,length1,396
1,1439124,1438332,792,MQQTKRSLLGLLISLIAHGIVIGFILWNWNKPSDSANSAQGDISTSISMELLQGMVLEEPAPEPENVQKEPENVQKEPEPEKQEIVEDPTIKPEPKKIKEPEKEKPKPKEKPKEKPKKKPKKEVKPQKKPINKELPKGDENIDSSANVNDKASTTSAANSNAQVAGSGTDTSEIAAYRSAIRREIESHKRYPTRAKIMRKQGKVSVSFNVGADGSLSGAKVTKSSGDESLDKAALDAINVSRSVGTRPAGFPSSLSVQISFTLQ,length1,792
1,1451787,1451496,291,MEAQSPMSTLFIFVIFGLIFYFMIYRPQAKRNKEHKKLMSELAKGTEVLTAGGLIGKITKVTEGSDSIVIALNDTTEITINRNYIVSVLPKGSLKSL,length1,291
1,1453707,1451859,1848,MLNRYPLWKNLMVIFIVAIGILYSLPNIYGEDPAVQISGTRGQEANTSVLGQVQDVLKTNNLPTKSIVLENGSILARFTNTDDQLLAKDKIAERLGNNYTTALNLAPATPAWLSMFGANPMKWGLDLRGGVRFLMEVDMNAALVKRQEQLQDSLRGELRKEKIQYTAIKNTEHFGTLITLANVSQRAKAERIIRQLHPTLDITEPDADSINLGLSTAALNEARDLAIEQNLTILRKRVAELGVAEAVIQRQGAERIVIELPGVQDTARAKEILGATATLEFRIVNQNVTADAISRNMLPADSEVKYDRQGHPVALFKRAVLGGEHIINSSSGLDQHSSTPQVSVTLDSEGGEIMSQTTKKYYKKPMATLYVEYKDNGKKDENGKTILEKHEEVINVATIQGRFGSNFQITGVDSIAEAHNLSTLLKSGALIAPIQIVEERTIGPSLGAQNVEQGINASLWGLVAVIAFMLFYYKMFGVIASFALVINIVLLVGLMSILPGATLSMPGIAGIVLTLGMSVDANVLIFERIKEEIRNGRSIQQAINEGYNGAFTSIFDANLTTILTAIILYAVGTGPIQGFAITLSLGVAISMFTAITGTRALVNALYGGKQLKKLLI,length1,1848
1,1456284,1455936,348,MSVIIYHNPHCSKSRETLALLENKGIQPIIELYLQKQYSVNELQSIAKKLGIDDVRQMMRTKDELYKSLNLDNLDLSQAELFKAMSEHSALIERPIVINGDKAKIGRPPETVLEIL,length1,348
1,1456914,1456620,294,MSKQPQILLNNTWNVRISDPGEEGAKSHFFETIYLTLTAYFEENNIRYEFVRKVEDQIKIQRSFTELNELFKFLGDYFDPVSIGLVGVKIGNLGIKLE,length1,294
1,1482756,1480917,1839,MHRFFYNDNNVLGDLMKNFKYFAQSYVDWVIRLGRLRFSLLGVMILAVLALCTQILFSLFIVHQISWVDIFRSVTFGLLTAPFVIYFFTLLVEKLEHSRLDLSSSVNRLENEVAERIAAQKKLSQALEKLEKNSRDKSTLLATISHEFRTPLNGIVGLSQILLDDELDDLQRNYLKTINISAVSLGYIFSDIIDLEKIDASRIELNRQPTDFPALLNDIYNFASFLAKEKNLIFSLELEPNLPNWLNLDRVRLSQILWNLISNAVKFTDQGNIILKIMRNQDCYHFIVKDTGMGISPEEQKHIFEMYYQVKESRQQSAGSGIGLAISKNLAQLMEGDLTVESERGKGATFHLTLHAQEISEKESVKKNIPSLNILLVEDVDLNIMVAKTILEKLGHHVDVATNGKQAITLFEKNVYDILLLDIKLPDMSGFEIAQYLRENYENGIYDFLPPMIAFTANVMQSEQEYLEMGMDGVLRKPISIKDLHHCLQQFFADESESIIEMNDDNELSEQFDLALIETLGKKQILENLSLFKQTMPNYLAQLSKDNMKETEDTAHKIKGAAASVGLNHLRQLADTLESAAKNSDVFNCGELIDEIGNLWLEDVEDLLKFCKF,length1,1839
1,1483599,1482972,627,MSVFNTFVEFVARIVAPMQRQFINFIRIAIFIVMAWIGGLKVCQYEADGIAHFVSNSPFFSYMYEKGPNLVPNDKGELVMEYTLHKNPEGKMVAKNIEWHKENGTYTASYIIGAIIVTVGILTLAGIWNATAGLAGGLLTFGMSIVTLSFLITTPEAWVPNLGGDLPTPAYGFPYLSGVGRLVIKDIIMMAGGLTAAAECANRILARKK,length1,627
1,1496223,1494681,1542,MNNLFALCQRSAVIFSIIFTVVACDKLDSPKPISPQIETQKNTQLESNRVELKRGVYSDLTLQPWQAQSEEQTQLLRDLFEGLTAYDVQSNLVPAVAENWQTEDNKTWIFTLRENAKWSNGEPITASDFVQSWQTLSQSESPLKNYLAFMNLKNAKAVLEKALPVESLGLFAENDRTLRIELDKASPYLPSMLAHVSLLPHYAKSTEIFISNGAYQLQSQAENQHILTTNPYYWAKEKVIFQQVKYQKIAADADLSDFDVVMNPKKVDQNIQDYPQLCTYFYEFNLSDPVLQKSAVRKAIVSMISTNNLVADIAHLYPNNTFLPKSMLGEQESVWEPVVAEQLFSQNQISETRPLKLRIRYDDSSLNQTIAMRLNHQLSQSDLLRVENQGMSWQELQTARTKGDFQLIRSGWCADFNDPAAFLNLFYSKSPDNKNGYKNAEFDRLFESAMTTTSEKVRLENYAKLKGIVQQEHLVLPIFQYSTPVYLAPSIMGAQVNSVGVIYSKDLWRKVQSQ,length1,1542
1,1497984,1497261,723,MFKRLSLYTLLLCLVPFFIWGISYQWHGNSQLTQADYWLYLLTETGSVPYALITCVLFTLLFAFLFKNPKQWLLGVIVMGISVIATQAAKTGAKALFEEPRPFTVYLAEQTHSTPENFYKNDRTLRAEIAKNFYSMDAITPAWLVHHYENETGYSFPSGHTIFAATWLMLAVGFTQLLGNRSFKAKLLVVGIAVWGLLMLISRVRLGMHYPIDLLVATLLAWLINGIIFAFLKKKAIFVMK,length1,723
1,1506369,1505631,738,MWIGVISLFPEMFKAITEFGVTGRAVKHNLLKVECWNPRNFTFDKHKTVDDRPYGGGPGMLMMVQPLRDAIHTAKAAAGEGAKVIYLSPQGRKLDQDGVTELAQNQKLILVCGRYEGIDERLIQTEIDEEWSIGDYVLTGGELPAMTLIDAVARFIPGVLGKQASAEEDSFADGLLDCPHYTRPEVLEGLTVPPVLMSGHHEEIRKWRLKQSLQRTWFRRPELLEGLALTDEQRKLLKEAQAEHNS,length1,738
1,1506756,1506408,348,MSNIIKQLEQEQLKQNVPSFRPGDTLEVKVWVVEGSKRRLQAFEGVVIAIRNRGLHSAFTLRKVSNGVGVERVFQTHSPAVDSIAVKRKGAVRKAKLYYLRERSGKSARIKERLGA,length1,348
1,1518105,1517244,861,MIFIFISLFAKIFFNYNDFFTNSHVKIMAKSLLNYQFHQVKQTINTPVLIFIHGLFGDMDNLGVIARAFSEHYSILRIDLRNHGHSFHSEKMNYQLMAEDVIAVIRHLNLSKVILIGHSMGGKTAMKITALCPELVEKLIVIDMSPMLYEGFGHKDVFNGLFAVKNAKPENRQQAKPILKQEINDEDVVQFMLKSFDVNSADCFRFNLTALFNNYANIMDWEKVRVFTPTLFIKGGNSSYIKIENSEKILEQFPNATAFTINGSGHWVHAEKPDFVIRAIKRFLNKN,length1,861
1,1518726,1518204,522,MAIVGLFYGSDTGNTENIAKQIQKQLGSDLIDIRDIAKSSKEDIEAYDFLLFGIPTWYYGEAQADWDDFFPTLEEIDFTDKLVGIFGCGDQEDYADYFCDAIGTVRNIIEPHGAIVVGNWPTEGYNFEASKALLEDGTFIGLCIDEDRQPELTAERVEKWCKQIYDEMCLAELA,length1,522
1,1524462,1523328,1134,MEIKQINSTIKSRAAVAFAPDQPLQIVEIDVEMPRKGEVLIRNTHSGVCHTDAFTLSGSDPEGVFPVVLGHEGAGVVVAVGEGVLSVKPGDHVIPLYTAECGECEFCLSGKTNLCVSVRDTQGKGLMPDGTTRFSYQGQSIYHYMGCSTFSEYSVVAEVSLAKINPEANHEQVCLLGCGVTTGIGAVHNTAKVQEGDSVAVFGLGAIGLAVVQGARQAKAGRIIAIDTNPAKFDLAKQFGATDCLNPNDYDKPIKDVLLDINKWGIDHTFECIGNVNVMRQALESAHRGWGQSIIIGVAGAGQEISTRPFQLVTGRVWKGSAFGGVKGRSELPQMVEDSMKGDIQLEPFVTHTMPLDQINEAFELMHEGKSIRTVIHY,length1,1134
1,1529379,1528527,852,MASENQKLSSVALTPVEATDYAENTATYKANKRPFLSFMSGISAGACIALAFVFYTTTQTASAGAPWGLTKLVGGLVFSLGVIMVVILGSELFTSSTLTLVARVGGRITTTQMIRNWIVVYLGNFVGGLFIAAVIWFSGQTMAANGQWGLTILATAQHKIHHTWFEAFNLGILCNIMVCVAVWMSYSGKTVTDKAFIMIMPIGLFVASGFEHCVANMFMIPMGIITAHFSTPEFWQQIGVDPMKYADLDLYHFIVKNLIPVTLGNIVGGAICIGVFQRYLTKTH,length1,852
1,1533108,1532628,480,MKKIILTLSLGLLTACSAQIQKAKQNDVKLAPPTDVRSGYIRLVKNVNYYIDSESIWVDNQEPQIVHFDAVVNLDKGLYVYPEPKRYARSVRQYKILNCANYHLTQVRTDFYDEFWGQGLRAAPKKQKKHTLSLTPDTTLYNAAQIICANYGEAFSVDKK,length1,480
1,1535793,1535061,732,MQAINPNWNVPKNIHAFTTTREGGVSLAPYLSFNLGDHVGDDKSAVKTNRTLLVEKFGLPQKPIFLTQTHSTRVLQLPYSGQNLEADAVYTNVPNQVCVVMTADCLPVLFTTTSGNEVAATHAGWRGLCDGVLEETVKYFQAKPEDIIAWFGPAIGPKAFQVGIDVVEKFVAVDEKAKLAFQPDAIEEGKYLSNLYQIATQRLNNLGITQIYGGNHCTFNEKEKFFSYRRDNQTGRMASVIWFE,length1,732
1,1550205,1549257,948,MNSRILSTGSYLPSHIRTNADLEKMVDTSDEWIVTRSGIRERRIAAADETVATMGFEAAKNAIEAAQINPQDIELIIVATTSHSHAYPSAACQVQGLLNIDDAISFDLAAACTGFVYALSVADQFIRAGKVKKALVIGSDLNSRKLDETDRSTVVLFGDGAGAVILEASEQEGIISTHLHASADKNNALVLAQPERGIEKSGYIEMQGNETFKLAVRELSNVVEETLLANNLDKKDLDWLVPHQANLRIITATAKKLEMDMSQVVVTLDKYANNSAATVPVALDEAIRDGRIQRGQLLLLEAFGGGWTWGSALVRF,length1,948
1,1565985,1565106,879,MRDLKGIFSALLVSFNEDSTINEKGLRQIIRHNIDKMKVDGLYVGGSTGENFMLSTEEKKEIFRIAKDEAKDQIALIAQVGSVNLKEAVELGKYATELGYDCLSAVTPFYYKFSFPEIKHYYDTIIAETGNNMIVYSIPFLTGVNMGIEQFGELYKNPKVLGVKFTAGDFYLLERLKKAYPNHLIWAGFDEMMLPAASLGVDGAIGSTFNVNGVRARQIFELTKAGKLAEALEIQHVTNDLIEGILANGLYLTIKELLKLEGVDAGYCREPMTSKATAEQVAKAKDLKAKFLS,length1,879
1,1585149,1584645,504,MADPHIKSPMDFLDYLTVIIYRTGFVIAALAVLTVSWYPDLSLTFILIAATCCASSLHIYLKSFRLLFQFATWIGLLFYINHYPALALGGALLTLGGLCFKEYFCFRVPLLNLQPIFVACLWFSWVLNNLIALRIFSIISGVLLLVLAIQKWRMPLHFDIGDKTKYQI,length1,504
1,1603197,1602858,339,MVKIERKATDSAYHEFTKILTSSAQLVAFLNQSDFVKARAKVENETVQQIASHFKFSQENNLNQLILSSFDRKEEDQLFVEYIRYVNNQARQTLNNELITKWKSLFEKRKITD,length1,339
1,1605210,1604919,291,MLGAVEVVKSPTISSKISSNVTSPLISPYSSTTKPIRSLFVRKFASCVFNGVLSGMKYTSSAARIKVSLVNSFFSSSKRNASRTRKMPSTCSSRLPL,length1,291
1,1607589,1606212,1377,MFENLSDRLSKTLRNITGKGRLTEDNIKETLREVRMALLEADVALPVVREFIAKVKESALGEEVNKSLTPGQEFLKIVQRELEKAMGEANESLNLATQPPAVILMAGLQGAGKTTSVGKLAKFLRERHKKKVLVVSADVYRPAAIKQLETLAQSVGVDFFPSDVKQNPVDIAKEALADAKLKFYDVLIVDTAGRLHVDTEMMDEIKQVHAALNPIETLFTVDAMTGQDAANTAKAFNEALPLTGVILTKVDGDARGGAALSIRQITGKPIKFLGVGEKTEALEPFHPDRVASRILGMGDVLSLIEDLERSVDREKAEKMAQKFKKGDDFTLDDFREQLIEMKKMGGMMSMLEKLPGAKNLPEHVKNQVDDKMFVKMEAIINSMTLKERANPDIIKGSRRRRIALGSGTQVQDVNKLLKQFDEMQRMMKKMRKGGMAKMMRGMQGLMGGGLGGLGGMFKR,length1,1377
1,1611066,1610766,300,MFSRQVPVKAFSMAISKSFSLVPETIFHPFVNFLNLFITPKLSRRYSKSIGFFDRTFHTYTRTLPVTTSLINTLLYSFSFSIWAVFNAIARSILEVCLSR,length1,300
1,1627500,1627182,318,MSELLINDYTRKGFVDGLCVRLLTICIRPGKPNKATSSFVSSIIREPLHGETSICPVAEKMAFSFIKFLGKKKEEWALAITGYVVSIPIVLPILLIFIKAILDLGK,length1,318
1,1628808,1627704,1104,MQLDKYTAKKIVKRAMKIIHHSVNVMDHDGVIIASGNSTRLNQRHTGAVLALRENRVVEIDQALAQKWNFEAQPGINLPIHYLGKNIGVVGISGEPTQVKQYAELVKMTAELIVEQQALLEQESWHRRYKEEFILQLLHCNLNWKKMEQQAKFFSFDLNKSRVVVLIKLLNPALDNLQHLINYLEQSEFAQDVAILSLDQVVVLKTWQNSTVLSAQMKTLLPADYSKQDYKIAVGACLNLPLFEQLPLSFQSAQSTLSYGLKHHPRKGIYVFDEHRLPVLLAGLSHSWQGNELIKPLSPLFSEENATLYKTLQQYFLSNCDLYLTAEKLFVHPNTLRYRLNKIEQITGLFFNKIDDKLTLYLGTLLEH,length1,1104
1,1631334,1630200,1134,MKFVIAPDSFKESLTALEVATAIETGFKRVFPDADYVKLPMADGGEGTVQSLVDATQGKLIECEVTAPLGDKVKSFFGLSGDGKTAIIEMAAASGLHLVPPEKRNPLLTTSYGTGELIKLALDLGVESFILGIGGSATNDGGVGMLQALGMQCLDSQDKPIGFGGAELANIVKIDVQQLDPRLQQVHIEVACDVNNPLCGECGASAIFGPQKGATPEMVKQLDAALSHFAEIAERDCGKQIRDQAGAGAAGGMGGGLLLLPSVQLKAGIQIVLERLHLIDHVKDADVVITGEGRIDAQSIMGKTPIGVARTAKQFNKPVIAIAGCLREDYDVVFDHGIDAVFPIIHQLGDLSDILKQGEQNLISTAQNVARVLAFKFH,length1,1134
1,1640562,1640241,321,MSEVLHINDADFESVVVNSDIPVLLDFWAPWCGPCKMIAPVLDELAPEFAGKVKIVKMNVDDNQATPAQFGVRSIPTLLLIKNGQVVATQVGALPKTQLANFINQHI,length1,321
1,1644573,1643196,1377,MLKIFNTLTREKEIFKPIHENKVGMYVCGVTVYDLCHIGHGRTFVCFDVIARYLRSLGYDLTYVRNITDVDDKIIKRALENKETCDQLVDRMVQEMYKDFDALNVLRPDFEPRATHHIPEIIEIVEKLIKRGHAYVADNGDVMFDVESFKEYGKLSRQDLEQLQAGARIEINEIKKNPMDFVLWKMSKENEPSWASPWGAGRPGWHIECSAMNCKQLGEHFDIHGGGSDLMFPHHENEIAQSCCAHGGQYVNYWIHSGMIMVDKEKMSKSLGNFFTIRDVLNHYNAEAVRYFLLTAHYRSQLNYSEENLNLAQGALERLYTALRGTDQSAVVFGGENFVETFREAMDDDFNTPNALSVLFEMAREINKLKTEDAEKANGLAARLRELGAILGLLQQDPEKFLQAGSDDDEVAKIEALIKQRNEARAAKDWATADAARNELIAMGIVLEDGPNGTTWRKQ,length1,1377
1,1648557,1648119,438,MMTDKLNLNVLDAAFYSLEQTVVQISDRNWFDMLPSIVQDTLIAGAIQKFEFVYELSLKMMKRQLQQDAINTDDIGAYGFKDILREALRFGLIEDMSKWVVYRDMRNITSHTYDQEKAMAVYAQIDDFLIESCFLLEQLRQRNQYD,length1,438
1,1666971,1665210,1761,MQEQKLQENDFSTLQTFKRLWPMIKPFKAGLIASGIALVFNALADSGLIYLLKPLLDDGFGKANHSFLKIMAFVVVGMIILRGVTNFISNYCLAWVSGKVVMTMRRRLFKHLMFMPVSFFDRNSTGKLLSRITYDSEMIASSSSGSLITIVREGAYIISLLAVMFYTSWELTLVLFVIGPIIAVLITIVSKIFRKLSKNLQDSMGELTATTEQMLKGHKVVISFGGQFVEEERFNKVSNNMRRKGMKMVTADSISDPVVQIIASLALVAVLFLATTPLIAEDNLSAGSFTVVFSSMLAMMRPLKSLTNVNSQFQRGMAACQTLFAILDLEPEKDNGTYKAEPAKGALEFKNVSFAYQGKEELALNNISFSVPAGKTVALVGRSGSGKSTIANLVTRFYDIEQGEILLDGVNIQDYRLSNLRENCAVVSQQVHLFNDTIANNIAYAAQDKYSREEIIAAAKAAYALEFIEKLPQGFDTVIGENGASLSGGQRQRLAIARALLRNSPVLILDEATSALDTESERAIQSALDELKKDRTVIVIAHRLSTIENADEILVIDHGEIRERGNHKALLEQNGAYKQLYSMQFSG,length1,1761
1,1668042,1667046,996,MPFWYSNSKLIWLLSPFSLLFWLISQLRHALFCLGIKSSYRAPKPVIIVGNLSVGGNGKTPVVVWLVEELKKRGLRVGVISRGYGSKSKTYPLFVTENTRPIEGGDEPVLIAKRTNAPVVISPNRQQAIELLLSQAECDIIVSDDGLQHYKLQRDLEIVVMDAERALGNGFVLPAGPLRELPSRLKSVDFVITNGGKNQYSDAVMYLVPHFAINLKTNEKRQLKEFQSGVAIAGIGNPQRFFTMLEKLGIQLERTQAFQDHQHFEASQLEKLAENQPLFMTEKDAVKCQSFANDNWWYVPVDAEIIEAEKQCENLPHFWDKIDKLVAQYRNG,length1,996
1,1671519,1670808,711,MFEWITDPEAWVSLATLTALEIILGVDNIIFISILVGRLPESQRQSGRIIGLGLAMLTRILLLMSLAWIMKLTAPLFTLFNQAISGRDLILLIGGLFLIIKSFGEIKEAINHQEHHNSESKNKVSYFGVLIQITVLDIVFSLDSVITAVGMASHLPVMILAIIIAVGVMMFAAKPIGAFVDTHPTLKILALAFLVLVGISLIAESLDIHIPKGYIYFAMGFSVVVEMINIRMRRLIK,length1,711
1,1676271,1675776,495,MGDKEGACFMKIAKYLDKALEYLSILALVIMISLVFFNSVLRYFFDSGIAFSEEFSRICFVYMIFFGIILVAKDKAHLTVDIIISALPEQYRKIVLIVANICILIAMIFIAYGALQLMSLTYTQQMPATGISSSFLYLAAVISAVSYFFIVMFSMIKDYKESSDK,length1,495
1,1677552,1676283,1269,MLLLFLCSLFLLLFLGVPVALSMLLSASIMLYHLDMFDTQLITENFVMGTNNFPLMAIPFFMLTGEIMKHGGISERIINFATSMVGHIKGGLGYVAIISGLIFAGLSGSAVADTAALGAILIPMMISKKYDGARSTGLICAAGIISVVIPPSIPMIIYGITAGASITKLFMGGTVPGLLMVVGLWVTWKILYRNNDTSLERKQTGKERWVAFKKAFWPLLLPIIIIVGLRGGIFTPTEAGVVAAIYAGIVSIAYKGLTFSKLKDVFIGTIKTTSMVMFVAASAMISAFAITVAQIPTELVQTIKGLTDSPTILMFIIMLFLLLVGCVMDLIPAVLIFVPVLLPVLRAYNIDIAYFGIMMVINLSIGLITPPVGTVLYVGSGISKLGIGALSKGIAPFLFVYAIIMMLIVFFPEIVIVPMNWLS,length1,1269
1,1679373,1678518,855,MEFTMNIAANHNLENKLIIITGAGGVLCSFLAKQLAYTKANIALLDLNFEAADKAAKEINQSGGKAKAYKTNVLELENIKEVRDQIAIDFGTCDILINGAGGNNPKATTDNEFHQFDLNETTRTFFDLDKSGIEFVFNLNYLGSLLPTQVFSKDMLGKQGANIINISSMNAFTPLTKIPAYSGAKAAISNFTQWLAVYFSKVGIRCNAIAPGFLVSNQNRTLLFDTEGKPTDRANKILTNTPMGRFGESEELLGALLFLIDENYSAFVNGVVLPVDGGFSAYSGV,length1,855
1,1680786,1679385,1401,MKQFMDENFLLSTDTAKILYHDYAKNKPIFDYHCHLNPREVAENRQFNDLAEIWLEGDHYKWRALRTAGVPEELITGKATNYQKYLAWAKTVPLCIGNPIYHWTHLELRRPFGITNMLFNPQNAEKIWHQCNEMLQQPEFSARGIMQKMNVKLVGTTDDPIDSLQYHQAIKNDESFDIDVVPSWRPDKVFKIELPQFNDYLVQLSEIADVDIYTFADLKKALLKRLEYFDAQGCKSADHGMEIVRFSAIPDESVLNSILQKRLQNQPLLEEEVAQFSTAILVWLASEYCKRHWVMQMHIGAIRNNNSRMFALLGADSGFDSIGDRTYAYPLSRLLDAMDKENQLPKTILYCLNPRDNEMIASMIGNFQGDGIAGKIQFGSGWWFNDQKDGMERQLQQLSQLGLLSQFVGMLTDSRSFLSYTRHEYFRRILCEMIGGWVEKGEAPNDISLLGKMIEDICFNNAKNYFK,length1,1401
1,1682469,1681917,552,MKKQILALVCGVMFSSSTWAHNLQLEQSLPAVQVTEYGEIVLSGKDTAFQPWGSAELAGKVRVVHHLAGRTAAKEKNQSMIDAIKASHFNPVKYQTTTIINADDAIVGTGMFVKNSAQKGKQENPHSQVVLDDKSAVKNAWGLNSKDSAIIVLDKTGKVKFVKEGKLFDSDIQTVISLVNGLTK,length1,552
1,1685256,1684584,672,MEIEVVYQHSDFIIINKSEGISVHKDQEEQGLTELVAKQLNVPKVWLVHRLDKVTSGLLILALNAESAAEFSRLFSEHKIHKTYLALSNQKPKKKQGLIIGDMKKSREGAWKLCQTKENPAITRFASVSCEPNLRLFILKPQTGKTHQLRVAMKSLGSPILGDGLYGKNTEKIDRTYLHATQLEFDYLNDFISVTCLPSQGQFWIKPTVFEQIQVYLTKPFLSK,length1,672
1,1693824,1693518,306,MALVEFLMETLDGLKGTDIVHFDVRGKSSITDNMIICTGTSSRQVSAMADNLITECKKAGFETFGEEGKNTADWIVVDLGQAIVHIMQRDAREMYQLEKLWA,length1,306
1,1697427,1696314,1113,MEDKIPFWLRVWQRLHIDFWLFIGLLAITAYGMLVLYSASGASEMMFNNRIIQVLLGFIVMLLMAQFPPRFYQRIAPYLYLIGFVLLILVDAIGTTSKGAQRWLDLGFIRFQPSEIVKLAVPLMVAVYLGNRPLPPKLSETFIAIAMILLPTLLVAIQPDLGTAILVSASGLFVVFLAGMSWWLILAAVIGLAGFIPIMWLYLMHDYQRTRVLTLLDPEKDPLGAGYHILQSKIAIGSGGLSGKGWMQGTQSQLEFLPEPHTDFIFAVMGEEHGMIGFLILMAIYLFIIVRGLMIAVNAQTSFGRILAGATTLIFFVYVFVNIGMVSGILPVVGVPLPLFSYGGTSYVAIMASFGLLMSIHTHKSQFMKRS,length1,1113
1,1700514,1699878,636,MNNSLIVRQLGLQDYQEIWHKMQDFTDTRNAETQDEIWLVQHYPVFTQGQAGKPEHLLQRSEIPVVQSDRGGQITYHAPGQQVMYVLIDIKRHKNLNVRQLVTALEQTVVKTLAEYGIESYPKPDAPGVYVDGKKICSLGLRIRRGCSFHGLALNINMDLNPFHYINPCGYAGLEMCQLADFVNQDEADCDNVSAKLIKHFADLLGYNITTL,length1,636
1,1702788,1701783,1005,MQFERISTEQKKLSLIQTFLHQNALKLDEQIEYFVVGYNDNEQIVVCGGLAGNIIKCVAIDESLRGSGVALQLITELVDLAYTLKRPHLFIYTKPEYATLFKSCGFYIISDANPYVVLLENSATRLQKQCSLWEKMRVDGNRIGSIVMNANPFTLGHRYLIEQALQQCDHLHLFIVGEDASQFSYTERFEMIQQGIFDLSNITLHSGSDYIISRATFPNYFLKDQLITDESYFEIDLKLFRLHIAQALGITHRFVGTELNCPITAEYNRQMHYWLMDAEMNAPKINVIEIPRKTASNHIISASTVRKHLAEKNWAQLAEFVPMTTLNYLQKCGRF,length1,1005
1,1703985,1703112,873,MKLRRSMLFVPGSNAAMLSNSFIYKPDSIMFDLEDAVALKEKDSARLLVAHALQHPLYKEIETVVRVNPLDSEFGLLDLNSVVRAGVDVVRMPKTESAQDVLDMDHAITEIEKACGREAGSTKMLAAIESPLGITQANQIAFASKRLIGIALGAEDYVRNLKTERSPEGIELLFARCSILQAARAAGIQAFDTVYSNANNEEGFLKEAALIKQLGFDGKSLINPRQIELLHNLFAPTQKDVEQAKRIIEAAAEAERQGAGVVSLNGKMIDAPIIDRAKLVLERAKSGIREE,length1,873
1,1708521,1707084,1437,MALSKNTKLVILMAIPLITFLLPAPDGLSLIAWRLLGVYIATIVGLVLKPYGEPVILLAAIAVSGVIIGNTEGAKELVKVGNMLDGYKSGTTWLIFTAFTLSSAFVITGLGKRIAYHMIGAMGSTTLRLGYVTMFLDLLLSPATPSNTARSGGIIFPIINSVVVALGSDPEKSPKKAGRYLMMNVYMVVKTTSYIFLTAMAPNALALSLMAPILGFETTWIKWFLAASVPGLLCLFLIPLICYWVSPPELKKVDNKAIAKKGLEELGPMSFREKALSVLFVIALFGWIFSNSLHINATIVAIIVMVLCIVLSIVTWDDILKSKGAWNTLVWYGGIIGMSGLLEKSGFFKWLANTLSTILQFEGHGMMALIVILTLSVSVRYLFASGGAYVAAMVPVFATVGHVTGAPTELLALGLVFANSYGGSVTHYGGGPGPIAFGAGYNDIKSWWITGAIIAFGSLIIHLTIGMAWWKLLMSLGWL,length1,1437
1,1713699,1711905,1794,MKNIRNFSIIAHIDHGKSTLSDRLIQTCGGLSDREMEAQVLDSMDLERERGITIKAQSVTLNYKAKDGETYQLNFIDTPGHVDFSYEVSRSLAACEGALLVVDAGQGVEAQTLANCYTAIEMDLEVVPILNKIDLPAADPERVAEEIEDIVGIDAMEAVRCSAKTGVGIEDVLEEIVAKIPAPEGDPNAPLQALIIDSWFDNYLGVVSLVRIKNGVLRKGDKIKVMSTGQTYNVDRLGIFTPKQEDSTVLECGEVGWVVCAIKDILGAPVGDTLTHQHNSAAEVLPGFKKVKPQVYAGLFPVSSDDYEAFRDALGKLSLNDASLFYEPETSTALGFGFRCGFLGLLHMEIIQERLEREYDLDLITTAPTVIYEVQLTNGEVVYVDSPAKLPPLNNIAEIREPIAECNMLVPQEYLGNVITLCVEKRGVQTNMVYHGNQIALTYEIPMGEVVLDFFDRLKSTSRGYASLDYGFKRFQAADMVRVDIMINSERVDALALIVHKDNSQYRGRELVEKMRELIPRQQFDIAIQAAIGNHIIARSTVKQLRKNVLAKCYGGDVSRKKKLLQKQKEGKKRMKSLGNVEVPQEAFLAILHVGKDK,length1,1794
1,1715442,1714761,681,MNHLDRLERKIGYCFNDIALLKQALTHRSAATQHNERLEFLGDSILNFTIAEALYHQFPRCNEGELSRMRATLVREPTLAILARQFELGDYMSLGSGELKNGGFRRESILADCVEAIIGAMSLDQGLAVTTQVIRNWYQQLLAEIKPGDNQKDAKTRLQEYLQGKHLPLPTYEVVNIQGEAHCQIFTVECKVKSAGKIDRTFVAKGSSRRKAEQAAAEQILKELDIK,length1,681
1,1723752,1723407,345,MIKLAFLISTQLFVMAPRPNDGARLATVGPCQVFAWLHTGTIPSIRIHFCVNNAASLLIADAVIIPVVAQRLTVFPFASFSTKLASRSSFIKRAIRLMASFQEIRSHLSEPGARY,length1,345
1,1733163,1731249,1914,MAALLHDVIEDTPYTENQLKEEFGASVAEIVDGVSKLDKLKFRTRQEAQVENFRKMILAMTRDIRVVLIKLADRTHNMRTLGSLRPDKRRRIAKETLEIYCPLAHRLGIEHIKNELEDLSFQAMHPHRYEVLKKLVDVARSNRQDLIERISQEIKVRLENAGIFARVWGREKHLYKIYQKMRIKDQEFHSIMDIYAFRVIVKNVDDCYRILGQMHNLYKPRPGRVKDYIAVPKANGYQSLQTSMIGPKGVPVEVHIHTEDMEQVAEMGITAHWVYKENGKNDSTTAQIRVQRWLQSLVEIQQSVGNSFEFIENVKSEFFPKEIYVFTPKGRIVELPMGATAVDFAYAVHSDVGNTCVGVTVEHKPYPLSKALESGQTVNIITDPNAHPEVAWLNFVVTARAKTRIRHYLKQRCEEDAVKLGEVELNVALQPHNLGDFSIQQISTVLDALALSSLDELLREIGLGNQSASMIAHQFVGVPLESANTKNLEFESKILTIAPMQVGKTQFAQCCHPILGDPIVGCCTEKNTVVVHHQHCASLKNACRQSLAKWDNVQSAVNFEAELQIEILNEQNALLSLMTAISASESSLQNIWTEELENNLLLVILQVCVKDIKHLANIVHRIKGITGVVNVKRNINEL,length1,1914
1,1744701,1743774,927,MKPTFLEFRHLKTLLALKETGSVSLAAKHVYLTQSALSHQIKLIEEQFGLPLFERKSNPLRFTSAGERLIRLANEVMPKVIDAERDLARVKHGDAGQLRIAVECHTCFDWLMPAMDEFRQHWGLVELDIVSGFHTDPVGLLLSHRADWAIVSEIEHNDDVIFKPLFSYEMVGICSKNHSLAEKDIWEAEDFIDETWVTYPVPDDMLDLWRKVLKSKGINPTRRTTELTIAMIQLVASRRGIATIPYWAALPYLEKGYVVARKVTKEGLYSNLYAAIRKEDESLSYLEDFYQTVKSQSFSTLPGLSVLNL,length1,927
1,1745445,1744713,732,MNLSQQNQHSNPITEAAKAAFPYSVPMIAGFLFLGIAYGIYMKALGFGFLYPTLMALLIYAGSVEFIAAGALIAPFSPISVLLITLMISARQIFYGISMLEKYGIHIGKKRWYLITTLVDESFSLNYMAKIPQHLDKGWYMFFVSLYLHIYWVLGAAMGNLFGTVLPFNLKGVEFSMTALFLVIFAENWLKEKSHESSLLGLGIAFAFLLIIGKEYFLIPTLIGIWLILTMRITKLETKLESLK,length1,732
1,1748733,1747947,786,MGFLTGKRILVTGLASNRSIAYGIAKSMKEQGAELAFTYLNDKLQPRVEEFAKEFGSDIVLPLDVATDESIQNCFAELSKRWDKFDGFIHAIAFAPGDQLDGDYVNAATREGYRIAHDISAYSFVAMAQAARPYLNPNAALLTLSYLGAERAIPNYNVMCLAKASLEAATRVMAADLGKEGIRVNAISAGPIRTLAASGIKNFKKMLSTFEKTAALRRTVTIEDVGNSAAFLCSDLASGITGEIVHVDAGFSITAMGELGEE,length1,786
1,1752639,1751712,927,MIDILDVKSRATIQDLGRFGLRRFGISHCGAMDKLALRAGNILLGNAENVPAIEVPLGGITLQFQQDMNFCVTGAFYEMMLDDKPVFAYWRYQVRAGQILKMTRAKIGMYGYLCVQGGFVLPQALNSCSTDLRAEIGGIEGRCLQAGDQLQTANDHILRSEIGIAPIPLRDVIRALPSSEYQAFKRKSQYYWWRNEWTLQSNSDRMGYRFQGQTLELKQPLEMLSHAIQFGSVQVPPSGQPIILMADAQTTGGYPKIANVIDADLGALAQVRLGSTIKFEAVSLQEAAKLRRKNEIYLDQIRRIVDEKN,length1,927
1,1785600,1784688,912,MNLILCCTPLQVLIARKIIELHPNEQFFGVMFGGVWDKKRTLYASKLAEVCSDSMNIDTGKDLKGFDFLKLMRQLKNKITHKGFDKVFLANLNSLWLQTYLSHVSFKELYTFDDGSDNIFPHPNLLREPDTFKYKLIKAFIGDKYSVNKLFKKIKKHYTVYPNYKNIVSNIEPVSLWDNKIDGDIDGEVSFFIGQPLLNTKEENLSLIKKLKDQLPFGYYFPHPAEDYRVDGVNYVESELIFEDYVFKHLSNKKVIIYTFFSSVAFNLLSHPNVEIRFIRTSIPRWQFCYDSFSDLGLTIYKEI,length1,912
1,1787448,1786647,801,MERDFIRNNFMLKKYLISLDKDIQRRKLFFSQKNTEDFQIFSAINTMQKDWDELASIFNIEQFKAHYFRNVTKGEIGCTLSHLSVYQKIIEDNDIAEDSYALVCEDDALFHSDFQQNLTALLSEKLEAEIILLGQSKINSFNDTDLEINYPTTFSFLCKKTGNVNYAFPYKSYFAGTVGYLIKKSAARRFIQQISQNKPFWLADDFLLFEQDFNIRNKVVRPLMVIENPVLISNLESVRGSLSNNLLKKLMKYPLKKIFAIKKNLAN,length1,801
1,1789149,1788348,801,MKFSVLMSLYIKENPQFLRECFESLVAQTRQADEIVLVFDGAVTPELESVVTEFETKLPLKLVKLPQNRGLGKALNEGLLHCTYDWVFRMDTDDICVPDRFEKQVAFIEQHPESIIFGGQIAEFGKNVNDIVAYRNVPTSAQEIIKFTQKRCPFNHMTVAYQKSAVINCGGYEDLQEDYYLWIKLVAQGLYMANLPDILVYARVGNGMVSRRRGVNQAKAEWRLFKLKYRLGIQGLLSGLFTFALRFGSRLLPTSLLKKLYQTFLRK,length1,801
1,1790928,1790166,762,MKKLTKISTALLIAGLGFSFAASAKVTVFAAASMTDALQQVAKDYAKQNPKNEVVFSFASSSTLAKQVEEGAPADIFVSASNKWMKYLSEKDLTVKETEKVLVGNDLVLIAPAKSAVNSVDIAKGEWINALKDSYLSVGDPAHVPAGQYAAEALTKLNLWDKVQDRLARAKDVRGALALVERAEAPYGIVYSTDAKVSQQVKTVAVFPADSHKPVVYPVSIVKGHDNADSRDFLKYLESDAAKKVLVGYGFSAK,length1,762
1,1792833,1791780,1053,MLQINVKKQLGKLALQANIQVPDQGVTAIFGLSGSGKTSLINLVSGLIQPDEGFIRLNDRTLVDMESQESLPTHLRKIGYVFQDARLFPHYTVKGNLRYGMKHVSQDDFNYIVDLLGITHLLKRYPLTLSGGEKQRVAIGRALLTDPDILLMDEPLSALDVPRKRELMQYLERLSKEINIPILYVTHSLDELLRLADRVVLMENGIVQAYDSVEKIWNSPIFAPWKGENEQSSVLALPVHLHNPPYKMTALSLGEQALWIHQVPANVGERVLVCIYSSDVSIILQKPEQTSIRNILRGKITQIEIQDSRVDLAVLVEGNKIWASISKWAQNELRFAVGQDVYVQIKAVSVM,length1,1053
1,1802079,1801728,351,MPPGLSKRSNTSSSDLATFKIAEISLRSAVVSEAEISPQKSNTYTQAFFSSSKVSPFFNFSLRFLAFCFSAFFSALVRCFCSSSERLKSRNKRTCSLNSSDKSLISNSPVLDLLCWR,length1,351
1,1803039,1802376,663,MKLRAVVLGLATLCASTATFAGMVSTSSNLEFLAIDGQKASKSLGKAKTFTVDDTQSHQVVVRLNEIVGSGSNQSLFESNPVIVTFQGNAEDLVISAPVIRNLDSGDKFNQMPNITVKTKSGNAISAKVDVLKQEGLFPSGNVLNDLAEYNASGAAASVSAFAATTSANSMVAAPAGNAKANKGKVVVQGENVAEQQLQYWFQQADKETQTRFLKWAKSHK,length1,663
1,1810260,1809432,828,MALFGSTKRTALTPSLASVSLSSSDKSFTFSRTRFASITSSTLATPGWIYFTSISLPLKRTVFLPSFEMIFNPFTVFKSPVIFTLLEVFAVTLPEPLALVAFTTVWLPDAAPSNLASFALIVKMPLAALMLESAAVVKVPFVAVKVAAPSVALIFALPLTVKLSVVAVTLTVLPEIVPPISPDWLEAVTPLVALTVEPAWVVNLPSSAVMVTALPETLLTLSVSPLAVIFTLPEADLTSPLITPVLVVIFASPVVALIVEPFVVVMAPEFAVTVTF,length1,828
1,1810770,1810392,378,MVASALVVSFSDAVIFTVLLEVISLFTVTFFALIVKPALLPSLLSALLSPNVSTLLFSVTLWSPAEMFESLTLLKVTFLALALPLSFPLPIVKLLPFLATISALSKPEIFRSPVNFNSLVLMVRLA,length1,378
1,1813860,1813305,555,MFSLEMSSVEAVKPLVLIIASLPIVIPFGLIKKTCPLESKIPFNWEIWSDVTRLNTAELLLSCKNCTISFWSMLNCFQLIIALTLLRMVVLLPSTCMVAVPCTTLIPCKPLAKTDCGIDTIPKDSNMAESGFNAKWRTFVRTGFSLTFSVEWSQPRVNSDTATKAFRRLLNLRRYILFIFSPKVS,length1,555
1,1815351,1814307,1044,MLQEIELKLAISPQIGIELPQYLAKFTILEHQNLFLGNTYYDYPDYFLAKQKMGLRIRQEEQELTLTLKTNGKVVGGLHSRPEYNLPLTEKETPTNAQLRELYPFEQLPRSTLQPIFSTDFNRTFWLVEFQQSKIEVAFDQGKIIAGESEQPICEIEFELKSGNVQDLFDFVETLPFERDIYFSSASKAKRGYLLGSKQFLTDWLNKWRDFLKEEREESAVDFCVKFNSVLKMEQKLLEETLSFSPALFSQDFMKTVERVGVFFNLYHYYDENGKILEAVATEKQKETLLPALLESNQKIFAEIRDLIRFHSETKDNEKTIEKLTALLKSRVYFKRMIKLMELSYDLG,length1,1044
1,1817517,1817019,498,MCKEIKKMEKKRNKALDAIDIKILNELQRNGKISNIDLSRKVGLSPTPCLERVKRLEKQGVIMGYRALLNPELLDAPLLVIVEITLVRGKPDVFEEFNAAIQELDEIQECHLVSGDFDYLLKTRVADMAEYRKLLGTTLLRLPGVNDTRTYVVMEEVKQTNFLVLK,length1,498
1,1820922,1820307,615,MKKTTLKFAALTLLGLSNLALADAASELQMRLAKVDVLSAEFVQTVTSGSGKNVQQGSGKLQIKRPNLFRMETKTPQETQIISDGKTLWFYDPFVQQVTAQWVKNAVNNTPFVLLTSNDNSHWHQYTVTQQSDTFVLKPTLSTSNIKQFDIRVDANGILRNFSTTEKDGQTNLYVLRNITNQTLSDSLFQFKPEKGVEVDDQRKK,length1,615
1,1822323,1820985,1338,MSNLNFDFAENDFRPLAAKMRPTNLEQYFGQSHLIGEGKPLRKAIQAGHIHSMILWGPPGTGKTTLAEIIAQRINAEVERISAVTSGIKEIREAIDRAKQNRLADRKTILFVDEVHRFNKSQQDAFLPHIEDGTVIFIGATTENPSFELNNALLSRARVYVLKSLTTAEIEQVLQQAVEDPERGLGKERLILEENLLQVLAEYVNGDARLALNCLELMVDMADEMENGKKIDRTLLKEVLGERQARFDKQGDRFYDLISALHKSVRGSAPDAALYWYARILTAGGDPLYVARRLLAIASEDVGNADPRAMQVALAAWDCFTRVGAYEGERAIAQAIIYLAVAPKSNAIYTAFNTAKQQAKDLPDYDVPPHLRNAPTNLMKELGYSAEYRYAHDEPNAYAAGENYFPPELKDTQYYFPTNRGMEIQIKEKLERLREQDKSAVKKRYK,length1,1338
1,1829610,1828053,1557,MLSVLSINYRYYLMELIDFSSSVWSIVPALLAIILAIATRRVLVSLSAGIIIGSLMLSDWQIGSAFNYLVKNVVSLVYADGEINSNMNIVLFLLLLGVLTALLTVSGSNRAFAEWAQSRIKDRRGAKLLAASLVFVTFIDDYFHSLAVGAIARPVTDRFKVSRAKLAYILDSTAAPMCVMMPVSSWGAYIITLIGGLLATYSITEYTPIGAFVAMSSMNFYAIFSIIMVFFVAYFSFDIASMVRHEKLALENTEDQLEEETGKKGQVRNLILPILVLIIATVSMMIYTGAEALAADGKVFSVLGAFENTVVGTSLVVGGFCSIIISTLLIILDRQVSVPEYARSWIVGIKSMSGAIAILFFAWTINKIVGDMQTGKYLSSLVSGNIPMQFLPVILFVLGAAMAFSTGTSWGTFGIMLPIAAAMAANAAPELLLPCLSAVMAGAVCGDHCSPVSDTTILSSTGAKCNHIDHVTTQLPYAATVATATSIGYIVVGFTYSGLAGFAATAVSLIVIVFAVKKR,length1,1557
1,1835556,1835094,462,MKKTNMALALLVAFSVTGCANTDIFSGDVYSASQAKEARSITYGTIVSVRPVKIQADNQGVVGTLGGGALGGIAGSTIGGGRGQAIAAVVGAIGGAIAGSKIEEKMSQVNGAELVIKKDDGQEIVVVQKADSSFVAGRRVRIVGGGSSLNVSVL,length1,462
1,1863450,1863180,270,MRFYNRDVTCAECLYCSLKPFLFLEDFYYSLRYCDFVSERKMSVSVTFPLDALAISGMYLPLIPPPFSHKATAPCVTPQALASFFCVPHS,length1,270
1,1870845,1869324,1521,MGILDKTIAAISPKWGAQRAKSRYVMNAYEAAMPSRTHKAKRESQGANVSTKQSAVSLREQARALDQNHDIVIGILDKMEERVIGSRGIHIEPQPMNLNGDVNETLAEQIRKKWAEWSICPEVTGQFTRPELERMLLRTWLRDGEVFIQLVRGSVAGLNHSTKIAFSLEALEPDFVPMNTLDTANLIQGVELDAWRRPKSYRVYMDNPQENNRTYGRVKSVPAENMLHLAFKKRLHQLRGVSMLHGVIIRLADLKDYEESERVAARIAAAFTMYIKKGDAALYGDNEDYSADSPERDFEIAPGAIIDDLKPGEDIGLINSNRPNVNLETFRNGQLRATAAGTRSSYSSIARDYNGTYSSQRQELVESFEGYSVLQDTFVAHISRPIYREWLKMAIVSGEIDVPVDIDPASLYNAVYSGPVMPWIDPTKEAQAWKERIKGGLATESQAVRASGSNPAEVKRRRRVEVEENRKFGLKFDTDLTNTGTTNDKTKNDSVAGGDGNERNKDE,length1,1521
1,1874457,1874055,402,MKIHSKIRQAVIDALRPHLPKVKEFSNGKPSFTDIESQSPTVAVFISGVSPTGYLDGTMQATLHVACFMKSAAREDDLDKLTQEIYESGIVESSLTTLTENIAFTAFDYEQDDQMATWIAADLQYAITYEVDNG,length1,402
1,1875339,1874958,381,MLKKVKFELRDQVLVVSAISALDYLDYVDYLNSLDKPEPVSENDTEQELNSKLNKITRNNLMAHTRLIAISLSYDSDKSVDDLQKELLTTWTQADIFRVLEAVQDVCEFPQADPSESTQEDGEQKNA,length1,381
1,1878027,1875837,2190,MYSSAMAGIELYAETERYLARTEAQLKATGAAVGFTSDELNDFAGSLAMNTLASVDGVRSAMSVMMTYRSVTGETFKTAIKLAQDLAEVYKTDVSSEARNLGRALESPAEAVSLLKRKGIELTETQKDLIQSFVESGEKAKAQEIILHELQKRVGGAGEAAASDTVAGALDTLGQATDELKEAFATSTGITDLYKASINKLAEAFLWLTKVMRGVDTKTHVDTLEKQIDVLEKSKKSLEEKAKSGIYGDGINDALAHTTKELEKARENLAKSRKELDAQEAESRKRQQEANEAKEKHERSERETAGASTLGKIEYKLKSRSEKLTAQYEKDKKALENLVLSEEEIRRRGFDNIDALRQSSLDKLTQSYNKELAELQKSEDKKSAVKSSSKTNDLARLDMAYADELQKITLAHQERIALIGKMAISERDAKERGFASALELRKHYLELENQAYEDAINKQKDKMRRDEYDKTEKVRSFFNDVRGSGNDPYVQNDITRENQLTKAQELYDQQLLSVQQFEEAKALIEDTYRQRKEDLDRQAVSSQLSMASSLFDGLAGLAEVAGGKQSGAYRTLFAISKSFQIAQSMLNLHAAVMKAMNDPTAVTPAQKFANMAAVAAQGAAVLQQIKSVTISGARANGGPVGGGRAYLVGERGPEIFVPGATGQITSNENLNKALGSGGGVNSVVINQTNNFDGNGADNAELARMVAAATKQQVYEVIRNESRPGGMMGGR,length1,2190
1,1880337,1879689,648,MSIYGQLQQYASHGWIELFELDLTKFGDIVYRFHDGLSPLGQAIVWQGLEYTPYPVKAEGFAVDGLNPVRPRITFSNLGGAITLVLAKLKGIEGARLTRKRTKIIYLDAVNFENGNLTADPNAHLPDDIFYISQKTSEDHLTVSFELLPATDLEGVKLPRRQIVAQYCTHKYKGQFCGYTGDKATCSKTLADCKAHFGERSELPFGGFPSAAYMRI,length1,648
1,1885359,1882863,2496,MLSAVNSAAQARILKTRHNVVLVTWNDPKKYFKQSVEYIEDSEAIVKMGYISQTEVVAFGCTSRGQARRLGKWLLYTEQYESEVITFSCGQDGAIPIPGEVIQVSDVHRSGERRGGRVKDGSTVNRIILDAEVEITKESTISIVNEKGELEQRAITQRGKLTEIEVNPGFTSVTENSTWIIASSDIKPELYRVISIVESDDGSYTITASDYNPSKFEHIENGNELIEYDTTNNTLDTGVKNVVITDEIYRGLGGSIQTKIVVSYEPATSLTSRYQIEYREGNGNWKQMEPTTLTSVDIPNVKDGVLYQIRIKTSNVLGVWSDNPIQNYEPIGRLRPPHNVSNLRHKAIAQEGAFLIWDLSPDIDLEYYEIKKGDTYESSKSVGKIKANEFNLGFIRAGEHKYWLSAVDSSDVRSESPTAVTFNISGGQVENLVAEIVGDEVLMTWGETKNNSFSTELYEVKKDDDVLALVKSTSFKFKADFNGNKKFTVTAIDLGGNRSESAQAQLIVHRPTPVSISQQVIDNYVMLRWQSAKATLPIVYYELRKGETIENSEFITNIDGLAFPQFETVGGLYKYWIIGVDSAGNRSEPQYTLSNVAQPPDYILKYDYNSSYDGIKNGSDKIDGKLYLPVRRDTWAEHFRSNNLATPKSQINRGFPLYLQPIDESGYYEEEMDYGTVLASSKITLTPKVISSGSYDINYHIAVKENAKDNWREHDQQSVYETNFRYVKFRITVSNAQKPVVIESLNLKLDQKQKTDGGTVQANASDIKGTWVNFATEFIDASVPVLTPQSKQPLFATSDFKDEPKPKGFYVFLFDKNGNRVSGKVGWVVKGV,length1,2496
