frame,stop,start,length,protein,,
-3,1886217,1886169,48,MLSKAIHPEGILSTAK,length1,48
-3,1885557,1885545,12,MGTH,length1,12
-3,1885440,1885299,141,MAALISVGNCVYSLSTVGLLKSAIFAPLHSFYNPANFTAYTIPIFIK,length1,141
-3,1884960,1884900,60,MIVNIITARAYHLRGKSNFG,length1,60
-3,1884774,1884744,30,MLCPCISSDW,length1,30
-3,1884387,1884378,9,MDN,length1,9
-3,1884060,1884003,57,MLTSANKTKIKFVCLDFPN,length1,57
-3,1883874,1883862,12,MRRA,length1,12
-3,1883514,1883469,45,MLKLRGIVIRCSDSI,length1,45
-3,1883184,1883082,102,MDVRYLYHFARDGYGTILSARKRNNFAFVLLSIK,length1,102
-3,1882767,1882746,21,MLNLVTA,length1,21
-3,1882527,1882461,66,MYHPNHRYILEFLDCSLRALLV,length1,66
-3,1882434,1882422,12,MVLS,length1,12
-3,1882389,1882347,42,MPRQDKLIFPQKPL,length1,42
-3,1882227,1882203,24,MMMWFYPR,length1,24
-3,1881966,1881930,36,MVLVSRFQVATQ,length1,36
-3,1881654,1881651,3,M,length1,3
-3,1881567,1881561,6,MG,length1,6
-3,1881429,1881417,12,MHQS,length1,12
-3,1881345,1881315,30,MQDQSSQPPL,length1,30
-3,1881222,1881144,78,MMLSALLSAPRTDKLFRVFQILRETL,length1,78
-3,1881021,1880997,24,MMCVVRSR,length1,24
-3,1880877,1880847,30,MSPIFKSLTG,length1,30
-3,1880784,1880775,9,MRL,length1,9
-3,1880709,1880580,129,MPWINLRPYKSGTSVSAGIKCVDTSSPSSPIMHHSNPLILCAS,length1,129
-3,1880571,1880538,33,MLGKQLSSGWE,length1,33
-3,1880274,1880160,114,MCFTVSKRFRASCFIACISAKLPLIFMSAILSHNLPTG,length1,114
-3,1880106,1880061,45,MVFRCFLRYIKYIIG,length1,45
-3,1880058,1879953,105,MCVWVGSQISIFKIYRIKIDYFRSFASKSSALNAF,length1,105
-3,1879725,1879614,111,MRGVLLQLSVNTHIYSNKKPHFLKDCAVISSRKDLTV,length1,111
-3,1879512,1879497,15,MIEIL,length1,15
-3,1879290,1879221,69,MKLDLCVLSLNGNKTKRDHKFCA,length1,69
-3,1879092,1878942,150,MCRYLITSTSDCHSNNLLNRKAFETLKNILIKKPICSQEANFQFFVKRNV,length1,150
-3,1878807,1878777,30,MSNTLCISFK,length1,30
-3,1878576,1878561,15,MPKFR,length1,15
-3,1878489,1878423,66,MFNFTPGRIFFVFLNFIAIGSP,length1,66
-3,1877601,1877598,3,M,length1,3
-3,1877163,1877148,15,MFTQF,length1,15
-3,1876494,1876452,42,MRFCINPSHDFCQP,length1,42
-3,1876278,1876179,99,MQNNLLCFCFFAALYKGLDQVFLCLCKLNAFAF,length1,99
-3,1875531,1875468,63,MPQRCKPHLLPCRSRNLITQV,length1,63
-3,1874586,1874496,90,MRSQFSGFLMSAALIVPFTITVDSLSSLRR,length1,90
-3,1874244,1874145,99,MERCLHCAVQITGRGDSANKHCNSGALALNIGK,length1,99
-3,1873608,1873581,27,MLLIVRAMA,length1,27
-3,1873560,1873479,81,MSDKAFFAFSMSSLIAISNLHPPLTGA,length1,81
-3,1873089,1872915,174,MSSAAFALTVNTPVVKPTPTADFSTSATAIAARFSNITTSPLFTAAAAVKRTVFPSCI,length1,174
-3,1872801,1872792,9,MPR,length1,9
-3,1872765,1872687,78,MRTLVDTPSTVKPCCCSMYGVSMPSR,length1,78
-3,1872600,1872516,84,MSRIGLIMPELISAPSTLAEPRTCLARV,length1,84
-3,1872237,1872228,9,MIA,length1,9
-3,1872219,1872201,18,MLNNCP,length1,18
-3,1871940,1871925,15,MLIAF,length1,15
-3,1871775,1871757,18,MLPLSA,length1,18
-3,1871607,1871538,69,MSALRLFNSACTCAVLSTGAVGA,length1,69
-3,1871448,1871259,189,MSFIAFGIFSKSSNFLDLIDAIATSGSASLSANPCSTHSFPLSQVSADSISANSSGVFPVLLA,length1,189
-3,1871181,1871076,105,MPQGLWIIIIAFSGMITSLPAIAITLAILAAKPSM,length1,105
-3,1870995,1870902,93,MCRLICLMLFPQSFKSCAKLAADTPQNPISS,length1,93
-3,1869591,1869579,12,MDTS,length1,12
-3,1869435,1869333,102,MCTAWHCCLVCIHHISAFCSLCAPFRRDCGNCFI,length1,102
-3,1868694,1868670,24,MRSLSWSV,length1,24
-3,1868535,1868502,33,MPSRLHLRQNL,length1,33
-3,1868442,1868364,78,MTPPSNPSIRYCLLSTSLMSKSQSSG,length1,78
-3,1868304,1868184,120,MLYLSMSHRSLFSPYPTIWTTKRRFRPPCTSTAANKKRHP,length1,120
-3,1867872,1867833,39,MFNARFLSGSTRD,length1,39
-3,1866981,1866924,57,MTTPLIYYRQPVYVMTFAI,length1,57
-3,1866846,1866819,27,MYQVIAQQL,length1,27
-3,1866786,1866657,129,MMAPVRLYLARILVFRFPLAKMLVSQQVTSYQHPPSFFRQVRF,length1,129
-3,1866273,1866210,63,MYVPVYTNKKRPHFNWRSWFG,length1,63
-3,1866123,1866111,12,MFPQ,length1,12
-3,1866108,1866099,9,MLF,length1,9
-3,1865976,1865910,66,MIVLTDSAFSVAILSISSLRSC,length1,66
-3,1865730,1865637,93,MAVSNRLNIMLSLFLGEPPNLLIFYHWHTPI,length1,93
-3,1864593,1864467,126,MKKAEVFPHLGFSFAYKKAPTVSDQGCKILSCVCYVLKPHYK,length1,126
-3,1863531,1863519,12,MKLV,length1,12
-3,1863444,1863420,24,MWNTKKTS,length1,24
-3,1862964,1862946,18,MSCKAF,length1,18
-3,1862931,1862877,54,MQGKLANKSKAQSILIQI,length1,54
-3,1862730,1862058,672,MNQLLTITKENASTLTMSSREIAELCEKRHDNVLKLVRELIERGLLKNTIPHSYIHPQNNQRYFEFFSDKRDTLVIVARLSPEFTAAVVDRWQALENQQKPTALIPQSFSEALMLAAQLQAEKERNAPKVAFVDHYVEVGTSKSFRETAKILKMPERALVNRLVEDKYLYRQSGVLLPYQSAHTKDLFTVKTGTAEHGHNYTQTRVTSKGIEFIASRYASELML,length1,672
-3,1861974,1861914,60,MPMMMEFVSQVINTLPINAR,length1,60
-3,1861833,1861752,81,MVPSQIYTFYTLNKVVKILHWVVKIFH,length1,81
-3,1861677,1861404,273,MNLKKLRKKAKPKCCLSSSVLPDNWRKILSHTAKPKRASLIKRNSTVCKNRRTRLGFRFVKRWKFASNATGRDLTHRGIGVMKNCDQIHRT,length1,273
-3,1860678,1860456,222,MTSYKCPKCGAELEDFYTPDYFISSSEWDDDRFRCNGHLIEPIPFPQVSKYSAVNRTKSCGYFGLEDLGVEYKE,length1,222
-3,1860417,1860003,414,MSQYKPFFLRDQRIKNNCLDLIKELPTDDKKPLVVKIQPITRNLEQNAKFHAMCQDVANQAEFMGRKLTMEQWKVLFISGHAIATNQKVDVVPGLEGEFVNIRESSAQMSVSRMASLIEYVTSWGVQNGVRFNDRWGL,length1,414
-3,1860000,1859910,90,MKRLNDDEILELKIVLWIVAVWGMFNMVVS,length1,90
-3,1859652,1859616,36,MWARNVSPAARP,length1,36
-3,1859586,1859466,120,MLGITAHAVLRHTYAFTRSISMGNVKNATATMAVMYSNIA,length1,120
-3,1859388,1859343,45,MTYGESNRFLTKNTD,length1,45
-3,1859319,1858956,363,MQTKHILDIKLTARRYGKWAREGVGINYPAIQPFLRKATPDHGIPMLDDETAMRIHDATLIMRNVTPELYQVFMLRYVSNLSQGNVGREMGVSVPMIKSYLYAAHQSLKLLLTQNKCIFLA,length1,363
-3,1858914,1858398,516,MFRLAKQQENRMITYAQLCEQNIRYQAMLHHNAQMLRTVINCFTIALEEDLGLTDKSYKKEFNQDQQVPYVDVLNIDDHKSCPWYQLKTEFEQNAPVIEFELALTLEKAPNVYPKTTLISPMRAIYINENSIQLEFTAHRDKPQFIISINEKDAFSHVINTYKQLILEMLKC,length1,516
-3,1858194,1857375,819,MKKTAILIDGGFFFAKVGFFARKYFKNKTITAENLIDLMWRMVRFHTEIERGQHSGREAQELYRIYYYDSPPLDKQVKLPFPEKGETTPRDKNFKTEAMNKLRAEFHVKLKENRKTALRMGRLQSTDWRLNEHTLKALRQGKKKWEDLTNDDWYYEITQKSVDVKLGMDITILSYEKLVDVIVLIAGDSDFVPAAKQARIKGVDFILNPLKQEISHDLAEHIDGIQSFSVGVGLAEILKCDPEGNPQWWQDYQAKAAANKEKRKAKKQTRKKK,length1,819
-3,1857222,1857039,183,MNINSPAELKAFFITEVLERYAEKTGKALEALADLFMTNEDFRNLIMDEVEVEAKQVVAHI,length1,183
-3,1856676,1856628,48,MVHKQGANYGNYHRKA,length1,48
-3,1856196,1856190,6,MK,length1,6
-3,1856181,1856100,81,MRFLITSTAKGGRQMFTPIHSKKRKKS,length1,81
-3,1855365,1855116,249,MKNKITDLNNHLFSQLEKLLDEDLTDEELNREIKRANAVSGIAANIIASNAISLKAMTLFENRQIERESPDFLRISKAQGDDL,length1,249
-3,1854801,1854774,27,MANRTKRSI,length1,27
-3,1854717,1854693,24,MLVNKSKH,length1,24
-3,1854180,1854165,15,MRARK,length1,15
-3,1853877,1853859,18,MVCKRR,length1,18
-3,1853499,1853469,30,MGKGQPQGNP,length1,30
-3,1853103,1853070,33,MPTPPIGTITN,length1,33
-3,1853019,1852896,123,MKTVYVYRLILHWQQKKNCRITPHKNKQKLTALGVNNETLR,length1,123
-3,1852617,1852560,57,MEMRYGGNSKHFLYRNKRK,length1,57
-3,1852329,1852287,42,MGKYSIRYQRIKSI,length1,42
-3,1852062,1852038,24,MLSYIESK,length1,24
-3,1851945,1851942,3,M,length1,3
-3,1851789,1851771,18,MQTKHC,length1,18
-3,1851612,1851582,30,MEYRRPQKVR,length1,30
-3,1851564,1851504,60,MTCLAIKISKAINTPRKVSH,length1,60
-3,1851399,1851381,18,MCQVEN,length1,18
-3,1851327,1851081,246,MRRKKKLKKLGMTHKCKAICGYGIVVRHRLILSSSLPLTSNYQAMTIQTDTLTWLSKSPKKNVSRRSQLNVMRKSSRKSKSE,length1,246
-3,1850463,1850457,6,MR,length1,6
-3,1850445,1850355,90,MSIKVMLRLVRVDSTPANTRLMCLAITVQR,length1,90
-3,1850304,1850244,60,MIQKLHLQKSRSKPKLTYRK,length1,60
-3,1850199,1850136,63,MLPRCPIQAISRQRLIQAIGR,length1,63
-3,1849497,1849455,42,MVRLFVCIVMMMEN,length1,42
-3,1849389,1849383,6,MR,length1,6
-3,1849359,1849242,117,MTKKLYRKPIYGGDGEEIGYYLMDNDGVVVEEHYYEDDA,length1,117
-3,1849206,1849137,69,MRNNKNVLVQKCNYLPINKKNRL,length1,69
-3,1849110,1849107,3,M,length1,3
-3,1848666,1848645,21,MGYRYCT,length1,21
-3,1848297,1848054,243,MRLLKRLAEKVLIDDLRRLDKHIDKSIELHELKLRKLGELIKSLEAENNQLKRENATLETELRAIKQERIFSKRKKKSKRK,length1,243
-3,1848051,1848009,42,MKLTSNSPYINSKI,length1,42
-3,1847943,1847919,24,MLKPTGAC,length1,24
-3,1847880,1847871,9,MSI,length1,9
-3,1847847,1847793,54,MTHPSNLTTIRGRNYLTG,length1,54
-3,1847790,1847724,66,MKTAVAHQQQLQQQNRLCLCCL,length1,66
-3,1847688,1846527,1161,MFTYGSICSGIEAVSVAWKGLSKPLWFSEIEPFPCAVLAYHYPNIPNLGDMTTLPEKILNREIPAPDVLVGGTPCQAFSVAGLRNSLDDERGNLTLTLIHILEAIDYVRYQDGKQPCVLLWENVPGVLSTKDNAFGHLLAGLVQEREPLQPTGAKWSNAGYVHSSRTIAWRILDAQYFGLAQRRKRVFLVASARERSVAQILFERKSLQGYSQSCGKTQQGFTCYAEGSFGTYRQSVLGGLVKASGGALGGGSETIVVHGTQDPIISTSTAHCLGRNNGQENVLFDISDRRDVVRIQKDGATPTLTARMGTGGNNIPCMSINQNIRKLTPSECEKLQGFPPGYTQIPYRNKLANDCPDSPRYKAIGNSMAVPVIKWIGERMINYLNK,length1,1161
-3,1846455,1846446,9,MQL,length1,9
-3,1846443,1846404,39,MASRLNYVMVLKL,length1,39
-3,1846383,1846341,42,MNFHIRAAPLKFIH,length1,42
-3,1846317,1846215,102,MVLSRAHRKTGKIAVLTVHVKVVLILSECGKNIN,length1,102
-3,1846158,1846137,21,MVILIYH,length1,21
-3,1846086,1846056,30,MILSNHGSLI,length1,30
-3,1845564,1845513,51,MDGLNAPRVYQNQALSV,length1,51
-3,1845504,1845486,18,MLKLNV,length1,18
-3,1845462,1845381,81,MLNGMLVITLSTGCLCLNRQTMKHRRT,length1,81
-3,1845279,1845252,27,MMLSRSLKT,length1,27
-3,1845240,1845150,90,MRKHRIFITALMGGFLLEEIWNLRQENYII,length1,90
-3,1845036,1845027,9,MHK,length1,9
-3,1845024,1844835,189,MTTLKELNQVAIHLSSPLMLSHQMPLLQNSPTTAYIRSVVAYTLLYCMCHERKNIQNVPSTPQ,length1,189
-3,1844613,1844604,9,MAR,length1,9
-3,1844466,1844412,54,MHNEFQFQGYYSANLQTI,length1,54
-3,1844262,1844217,45,MYPIFLLVLMVLISQ,length1,45
-3,1843938,1843911,27,MKSQDKHQD,length1,27
-3,1843758,1843608,150,MVSLILPSSPLWYYENNFGKRDFLVFLWILVLRHLKTPNCITKYNTKKVS,length1,150
-3,1843599,1843593,6,MD,length1,6
-3,1843158,1843137,21,MYYGPIN,length1,21
-3,1842180,1842150,30,MFRCRKNAKH,length1,30
-3,1841778,1841760,18,MSYINC,length1,18
-3,1841739,1841730,9,MLK,length1,9
-3,1839570,1839528,42,MYSPRHYYVRHFSN,length1,42
-3,1839222,1839201,21,MGQGITY,length1,21
-3,1838802,1838793,9,MRT,length1,9
-3,1838604,1838544,60,MERLYRQSHYGCSEYWYWWL,length1,60
-3,1838199,1838157,42,MVSHWSFNCAINWL,length1,42
-3,1838052,1838004,48,MEYQFPWCPNRSNLTL,length1,48
-3,1837494,1837461,33,MGCRTRQTTCK,length1,33
-3,1837377,1837356,21,MALIIWI,length1,21
-3,1836990,1836921,69,MNMQSATLLPIIREKVNKVVLFI,length1,69
-3,1836903,1836882,21,MIFLSYF,length1,21
-3,1836873,1836846,27,MNGVLITVI,length1,27
-3,1836786,1836762,24,MHILLLFK,length1,24
-3,1836717,1836180,537,MENPPLVSVIVCAYNAEQYIDESISSIINQSYENLEIIVINDGSTDLTLSHLEKISKLDKRIKIISNKYNLGFINSLNIGLGCFSGKYIARMDADDIAKPSWIEKIVTYLEKNDHITAMGSYLEIIVEKECGIIGSQYKTGDIWKNPLLHNEICEAMLFYNPIHNNTMIMRANVYREHK,length1,537
-3,1835880,1835691,189,MYMSLDKYTITSLLHFIKYHLKLFDLKQNFKIIKKFIRKINVMLCFRWSVQKGEEQIPNLSKD,length1,189
-3,1834722,1834713,9,MQV,length1,9
-3,1834629,1834620,9,MVN,length1,9
-3,1834074,1832385,1689,MILAGADQSCDALIRQSGKPQFGDYQANGIMAAAKKLGLNPREFAQKVLDNLQLSDIAEKLEIAGPGFINIFLNPTWLTTEISAALSHKNLGIQATNKQTVVIDYSSPNVAKEMHVGHLRSTIIGDAVARTLEFLGHNVIRANHVGDWGTQFGMLIAYLEKMQNEHASEMELQDLEAFYREAKKHYDEDEVFAEKARNYVVKLQSGDEYCRTMWKRLVDITMQQNQHNYNRLNVTLTEKDVMGESLYNPMLPSIVEDLKKQGLAVENDGALVVYLDEFKNKEGDPMGVIVQKKDGGFLYTTTDIAAAKYRYETLKANRALVFSDTRQSQHMQQAWLITRKAGYVPDSFSLEHKNFGMMLGKDGKPFKTRTGGTIKLADLLDEAIERATVLINEKNTNLSNDEKEAVIEAVGIGAVKYADLSKNRTTDYVFDWDNMLSFEGNTAPYMQYAYTRIRSIFNKTDINSTALLAAPLTIKDDKERTLAIKLLQFEEAVQTVGKEGTPHVLCAYLYELAGIFSSFYEHCPILNAEDESIKLSRLKLALLTEKTLKQGLTLLGIKTVEKM,length1,1689
-3,1831740,1831503,237,MVIRESVGSSVGATVKLSILKARCENKPTTRDKAPDSFSSKTDKILRISLSPLEVYLKSFHSLLHHEFALDKRVQIHLH,length1,237
-3,1831467,1831431,36,MLLAICFQVHRG,length1,36
-3,1831095,1831026,69,MDNVTQQTFGADLHQKPHKLVLS,length1,69
-3,1830597,1830531,66,MRKSLVNLNVVQTELTAYYIQQ,length1,66
-3,1830324,1830297,27,MQYKRLFSK,length1,27
-3,1830294,1830273,21,MEYLPPF,length1,21
-3,1829676,1829658,18,MPHFIK,length1,18
-3,1829451,1829430,21,MITFRTR,length1,21
-3,1829394,1829358,36,MIATYSPCHYCR,length1,36
-3,1828482,1828446,36,MEIIVNKSNKNQ,length1,36
-3,1827996,1827894,102,MTVSPLSSTPPTKQNDFYLISATIPFFFLLRYPL,length1,102
-3,1827669,1827612,57,MLFIEVYYERISKRFNKSS,length1,57
-3,1827213,1827147,66,MGSIFLSKHSTQHYDRKKNITH,length1,66
-3,1826337,1825041,1296,MEKITLAPISAVEGTINLPGSKSLSNRALLLAALAKGTTKVTNLLDSDDIRHMLNALKALGVRYQLSDDKTICEVEGLGGTFNIQDNLSLFLGNAGTAMRPLTAALCLKGKTESEIILTGEPRMKERPILHLVDALRQAGADIRYLENEGYPPLAIRNKGIKGGKVKIDGSISSQFLTALLMSAPLAENDTEIEIIGELVSKPYIDITLAMMRDFGVKVENHHYQKFQVKGNQSYISPNKYLVEGDASSASYFLAAGAIKGKVKVTGIGKNSIQGDRLFADVLEKMGAKITWGEDFIQAEQAELNSIDMDMNHIPDAAMTIATTALFANGETVIRNIYNWRVKETDRLAAMATELRKIGAEVEEGEDFIRIQPLALNQFKHANIETYNDHRMAMCFSLIALSNTPVTILDPKCTAKTFPTFFNEFEKIYLKN,length1,1296
-3,1824924,1824909,15,MVLNC,length1,15
-3,1824804,1824801,3,M,length1,3
-3,1824681,1824660,21,MDQLHRK,length1,21
-3,1824657,1824630,27,MGYRFAHLF,length1,27
-3,1824585,1824519,66,MGFLFLRPKSECKRNLPLRKHC,length1,66
-3,1823994,1823955,39,MRRCIYKSTRTQF,length1,39
-3,1823739,1823733,6,MC,length1,6
-3,1823625,1823610,15,MYISL,length1,15
-3,1823583,1823568,15,MESLF,length1,15
-3,1823274,1823247,27,MDFNWQFYS,length1,27
-3,1823148,1823145,3,M,length1,3
-3,1822974,1822947,27,MVDFKQCFR,length1,27
-3,1822809,1822797,12,MASD,length1,12
-3,1822581,1822554,27,MGKFSVILL,length1,27
-3,1822092,1821879,213,MWGNIIIRQIFRLLFRSVKCSINRITFWSYRKINNGLGNGTLPFISPHSSKAIPCSQCNLHSTRICISHIF,length1,213
-3,1821768,1821765,3,M,length1,3
-3,1821330,1821312,18,MDFIHK,length1,18
-3,1821135,1821084,51,MNMPSLDSFSQWLALAN,length1,51
-3,1821081,1821057,24,MALPKILF,length1,24
-3,1820676,1820568,108,MPMAIIIAGKQNKRSIIYRIFYPLCGHLLHKWIVEP,length1,108
-3,1819980,1819959,21,MTSSSLI,length1,21
-3,1819824,1819641,183,MRLGIFALIKPVITSTEGRCVAKIKWIPIARAFCANRAISSSICLPATIIKSANSSTITTI,length1,183
-3,1819521,1819491,30,MFRTRKAESN,length1,30
-3,1819023,1818975,48,MLVTFDAFTPGCNSNS,length1,48
-3,1818864,1818777,87,MRCSFGGYFKSKSKLGNGVLGFSRFVVCC,length1,87
-3,1817349,1817328,21,MAFLNFI,length1,21
-3,1816461,1816458,3,M,length1,3
-3,1816425,1816284,141,MDFSLLANLVRSYQIHLIHSLHQNGFYGYAKYDSENRPRLLIVMNNQ,length1,141
-3,1816143,1816110,33,MIEYPPDALLG,length1,33
-3,1815906,1815819,87,MYFSLHQDAHQLKSHCPIRSRRPIPDLIH,length1,87
-3,1815237,1815186,51,MKTNQVTNFSKDFLIAF,length1,51
-3,1815108,1815030,78,MIKIKKYPNSLYCFHKILAKKCGRKG,length1,78
-3,1814541,1814502,39,MQSTNNFAVGFKR,length1,39
-3,1814397,1814391,6,MF,length1,6
-3,1814238,1814187,51,MTNNNYNTFFAVYMQIF,length1,51
-3,1814157,1814151,6,MV,length1,6
-3,1813944,1813890,54,MMNREREGKGSENKERDE,length1,54
-3,1813881,1813872,9,MIK,length1,9
-3,1812663,1812642,21,MGRYCVN,length1,21
-3,1812189,1812174,15,MGGCS,length1,15
-3,1809330,1809315,15,MYQCC,length1,15
-3,1809264,1809225,39,MKSFYFRIIYCVG,length1,39
-3,1809147,1807512,1635,MKNIKSRLKLSAISVLLGLASSSLYAEEAFLVKGFQLSGALETLSEDAQLSVAKSLSKYQGSQTLTNLKTAQLELQAVLDKIEPNKFDVILPQQTITDGNIMFELVSKSAAESQVFYKASQGYSEENIARSLPSLKQGKVYEDGRQWFDLREFNMAKENPLKVTRVHYELNPKNKTSNLIIAGFSPFGKTRSFISYDNFGAREFNYQRVSLGFVNANLTGHDDVLNLNALTNVKAPSKSYAVGVGYTYPFYSKHQSLSLYTSMSYADSDDIDGLPSAINRKLSKGQSISANLKWSYYLPTFNLGMEDQFKINLGYNYRHINQTSELNRLGATKKKFAVSGISAGIDGRIQFTPKTIFNIDLTHHYYASKLPGSFGMERIGETFNRSYHISTASLGLSQEFAQGWHFSSQLSGQFTLQDISSIDLFSVTGVYGVRGFKYGGVSGERGLVWRNELSMPKYTRFQISPYAFYDVGQFRYNSENAKTYGEDMHTVSSAGLGIKTSPTQNLNLDAFVARRLANANNDNLNGNKKRTSSPTTFWGRLTFSF,length1,1635
-3,1807386,1805343,2043,MLKNNLYDKLKYTPCHVPWRYRGFRYKGFNNMTKENLQNAPQNTTVSLVESNNNQTSPQMLQQSPKPNLLRLEQYVAEKDYELACRELMAILEKMDANFGGVHDIEFDAPAQLAYLPEKLLIYFATRLANAITTLFSDPELAISEEGALKMISLQRWLTLIFASSPYVNADHILNKYNINPDSEGGFHLATDNSSIAKFCIFYLPESNVNMSLDALWAGNQQLCASLCFALQSSRFIGTASAFHKRAVVLQWFPKKLAEIANLDELPANILHDVYMHCSYDLAKNKHDVKRPLNELVRKHILTQGWQDRYLYTLGKKDGKPVMMVLLEHFNSGHSIYRTHSTSMIAAREKFYLVGLGHEGVDNIGREVFDEFFEISSNNIMERLFFIRKQCETFQPAVFYMPSIGMDITTIFVSNTRLAPIQAVALGHPATTHSEFIDYVIVEDDYVGSEDCFSETLLRLPKDALPYVPSALAPQKVDYVLRENPEVVNIGIAATTMKLNPEFLLTLQEIRDKAKVKIHFHFALGQSTGLTHPYVKWFIESYLGDDATAHPHAPYHDYLAILRDCDMLLNPFPFGNTNGIIDMVTLGLVGVCKTGDEVHEHIDEGLFKRLGLPEWLIADTRETYIECALRLAENHQERLELRRYIIENNGLQKLFTGDPRPLGKILLKKTNEWKRKHLSKK,length1,2043
-3,1805136,1805040,96,MSCFSNSFKCVSILSCCWLKIASGISSMCSKV,length1,96
-3,1804803,1804764,39,MRYLRSSLLPNCN,length1,39
-3,1804587,1804533,54,MTSKLSKTCNVMKKVEKL,length1,54
-3,1804407,1804401,6,MR,length1,6
-3,1804302,1804260,42,MAQHKNTTIDKRTE,length1,42
-3,1803765,1803759,6,MR,length1,6
-3,1803558,1803540,18,MIATTL,length1,18
-3,1803432,1803423,9,MVL,length1,9
-3,1803234,1803015,219,MIPRIKGIDCEEISKNHIPTAAIFTAIKTGIVEITLAFNRIFISNPYQNRKVSNKAHFLLYKVRSLFMGFCPL,length1,219
-3,1802547,1802472,75,MALGIIYSKCLSFSERFRGFLTINR,length1,75
-3,1802334,1802325,9,MPN,length1,9
-3,1802253,1802211,42,MFYYVGDLHTKPVS,length1,42
-3,1800957,1800831,126,MISCVFYFNNKIATYHFPLAKFSIVLASINRDNNAPIQKAKK,length1,126
-3,1800627,1800606,21,MPLFYVH,length1,21
-3,1800423,1800393,30,MVLVHLSAFP,length1,30
-3,1800246,1800165,81,MIYLLMIITLLILFIGFSQYFSGKRKK,length1,81
-3,1800051,1799928,123,MLFYRKANVGNVVILVVSLMLKPFAMAMKSQNVFQVVKQLS,length1,123
-3,1799901,1799880,21,MYQQWRV,length1,21
-3,1799847,1799697,150,MKICVLAAQNVSKPVPLMPLLVQIKQCTRSFPIFVQVASFVLRPARQIVF,length1,150
-3,1799649,1799628,21,MQNSLFQ,length1,21
-3,1799622,1799508,114,MSMALKKNWLWGNKWRTYYLVSIPVNYGISKVAFIHQK,length1,114
-3,1799358,1799235,123,MACVCCQFTRPLLAQLNRLNLMLPRILQVLMNPQFIYRRMV,length1,123
-3,1799205,1799148,57,MIFQRYRQNNLFTKSIKQV,length1,57
-3,1799067,1798998,69,MVQNVSLISLVMIVLCVNALMKS,length1,69
-3,1798902,1798827,75,MHYREQMILAFGLFQQNILQVLPNN,length1,75
-3,1798755,1798734,21,MWEQCSQ,length1,21
-3,1798716,1798704,12,MTSL,length1,12
-3,1798608,1798557,51,MRAINLTSIFLYLQVGQ,length1,51
-3,1798530,1798521,9,MRL,length1,9
-3,1798476,1798413,63,MPNLKQNRLVFVVLAVLMPAQ,length1,63
-3,1798218,1798113,105,MKPKFALKQNKHGWNVKNKSVKHVHNVQHRLAVKN,length1,105
-3,1798047,1798017,30,MKQNQRRLKH,length1,30
-3,1797888,1797774,114,MRKKRLLLQRLLVQKQKNLHKQIAPAKLFQTLKPQKMK,length1,114
-3,1797720,1797702,18,MRKKQP,length1,18
-3,1797612,1797606,6,MK,length1,6
-3,1797453,1796379,1074,MFKMVSSPHTHSGKLTARIMLWVILAMMPAFFTQIYYFGFGVVLQSALAIGTAIIAEFIAIKLRGKKPLNYLSDFSVALTALILAMAIPPYAPYWVIIIGTLCAVLLGKQVYGGLGQNPFNPAMIGYVILLISFPLQMTTWMPPINLLQEPPTFSDTFSLIFSGLTTDGFTLSQLTHNIDGITQATPLDSAKIFYKSHNQLSDFYELIKLPIFMGNGTDFAQGWWQINVAFLAGGIFLILKRIIHWQIPVAMLVTFFCLATATAFTGFTHLSAISQLVSGAMMFGAFFIATDPVTASITPRGKIIFGALVGLFVYLIRYHGNYPDGVAFAILLSNICVPLIDHYTRPRVSGYPTKGRK,length1,1074
-3,1796349,1796337,12,MAYC,length1,12
-3,1796268,1796262,6,MR,length1,6
-3,1796124,1796046,78,MEIFLPMPMKPPRLMAILAIFACLWD,length1,78
-3,1795923,1795911,12,MNII,length1,12
-3,1795887,1795809,78,MAENLINFLVQPLHLAQWLIKLNAQH,length1,78
-3,1795752,1795047,705,MTDLTEKNTALEEEKIESAVENQQKSIWKEIFAQGIWKNNPAVVQLLGLCPLLAVSSTATNALGLGLATMLVLTCTNTVISLFRQYIPKEIRIPIYVMIIATTVTAVQLLMNAYTYTLYQSLGIFIPLIVTNCIIIGRAEAFASKNSLLHSIWDGFSMGLGMALSLTILGALREIIGQGTIFEGIENLFGEQAKFLTHHIYHTDSSFLLFILPPGAFIGLGLLLAIKNRIDNIKK,length1,705
-3,1794924,1794291,633,MNKTKRIEILTRLREQNPHPTTELQYNSPFELLIAVILSAQATDKGVNKATEKLFPVANTPQAILDLGLDGLKSYIKTIGLFNSKAENIIKTCRDLIEKHNGEIPENREALEALAGVGRKTANVVLNTAFGHPTIAVDTHIFRVCNRTNFAAGKDVVKVEEKLLKVVPNEFKVDVHHWLILHGRYTCIARKPRCGSCIIEDLCEYKEKVEF,length1,633
-3,1794249,1794216,33,MKNRIKNDNKQ,length1,33
-3,1793298,1793220,78,MGRQILCDYLLRLIINCCADYFHHNL,length1,78
-3,1793100,1793064,36,MEKRNHFRQKHF,length1,36
-3,1792560,1792536,24,MNPKCLFA,length1,24
-3,1792503,1792362,141,MQMNRQGKYTALFVFPFPRGKNRAIPNFFYAVIGLHNAVFHQYDPIS,length1,141
-3,1792338,1792326,12,MCNI,length1,12
-3,1792137,1792038,99,MSNTEKIDNIVKIILRDMFHAIAQITFHSVVRK,length1,99
-3,1791714,1791705,9,MKE,length1,9
-3,1791567,1791501,66,MIVQNQARVQLKPQVKKAARLL,length1,66
-3,1791402,1791357,45,MERPPRQRKAPHLSN,length1,45
-3,1791084,1791069,15,MKKIG,length1,15
-3,1791000,1790940,60,MRGKMLYNNKRAEISALHDY,length1,60
-3,1790838,1790700,138,MTFYNRNGINNWFMAICREHCNRFNLLANFCISAVHNTVRCFCTFN,length1,138
-3,1790151,1790115,36,MIKRYLLDYILK,length1,36
-3,1789905,1789896,9,MQK,length1,9
-3,1789809,1789749,60,MAEARCLPLMPSVCSSFMIY,length1,60
-3,1789710,1789695,15,MNPCR,length1,15
-3,1789584,1789581,3,M,length1,3
-3,1789578,1789518,60,MCKDYQRRCKFLLPQKARLV,length1,60
-3,1789401,1789275,126,MKRKPSFNLLKATLNFVPQSTSQINGKSGNRFGFTLIKSKLY,length1,126
-3,1788813,1788582,231,MIKRTTFLREFNNFLSRSWHITICHNIIYIFTKFSNLSAKNDAFRVLFNKRYLLFKTIRHANIIGIHTENPVISTMQ,length1,231
-3,1787682,1787619,63,MHAHQYCDFLLHLDWFRYESL,length1,63
-3,1787538,1787472,66,MFVELNFLIKLALLLFDYKKAQ,length1,66
-3,1786842,1786806,36,MCFKLFNIKNRG,length1,36
-3,1786626,1786620,6,MP,length1,6
-3,1785720,1785579,141,MLIKETSYPCLARALATLIETRSVPPALSIFIIKKPIFFILNFLIYR,length1,141
-3,1785498,1785492,6,MT,length1,6
-3,1785432,1785399,33,MFKYVIFKNEF,length1,33
-3,1785354,1785318,36,MREIIAKRKLIF,length1,36
-3,1785156,1785135,21,MFFYFFK,length1,21
-3,1785051,1785033,18,MWENII,length1,18
-3,1784994,1784976,18,MTKISL,length1,18
-3,1784751,1784748,3,M,length1,3
-3,1784640,1784613,27,MESEPIIPA,length1,27
-3,1784559,1784511,48,MIVDKTEHWEISLFFP,length1,48
-3,1783464,1783395,69,MNSSVRLSKNKGAYFNKINIDKL,length1,69
-3,1783380,1783302,78,MKLLYIKDLIYVRTRKTSYHTYRTTS,length1,78
-3,1782900,1782888,12,MDRK,length1,12
-3,1782798,1782768,30,MAYETSQISF,length1,30
-3,1782588,1782534,54,MTCCLKRKLYLLIKKSAP,length1,54
-3,1782420,1782387,33,MLCLKIILYVL,length1,33
-3,1782249,1782156,93,MLYVINVPLPPPLVHEGCEYRKHLGQYHLDI,length1,93
-3,1782144,1782102,42,MPLIIPYLNVKFRW,length1,42
-3,1782084,1782057,27,MPQWQVRCR,length1,27
-3,1781988,1781943,45,MLRLPIVSMRPNLHV,length1,45
-3,1781856,1781787,69,MLRRFVYIRLNVEYRYARMTIVK,length1,69
-3,1781622,1781457,165,MRNHLIIPQSIPPCRYVLLHRELTHLNLILLGDVLHIRSLFSLPLRNLQEITRLF,length1,165
-3,1781415,1781400,15,MNQCL,length1,15
-3,1781343,1781151,192,MAIYVDPHLLASLLNVLPLQGDEFLLRLHVHLLPLGLHLMLLVQTLCHYLTLVLIRLILLLFVA,length1,192
-3,1781085,1780632,453,MGYAIMNSLVQSINAHLILLLMALIHLTLCLSLHARYYDLQSHQLITLCCNLQMPQVVLVHELNLNASLQQVRLLIIQRVLQLNQNKWLIIILRSLCLIQRKQIYRLQPILLVNLMLMQVHQFESILPLQPLMHLKFQHKQALIDLINRNG,length1,453
-3,1780629,1780569,60,MLRLFLYLTIRMLMGQQSQV,length1,60
-3,1780236,1780113,123,MLSLNLINLALLILYANNVLVQILIHVLPLHEESLKYVMLS,length1,123
-3,1780026,1779996,30,MQTYYFQDLH,length1,30
-3,1779879,1779831,48,MKSKLGINAPKIAGIP,length1,48
-3,1779606,1779603,3,M,length1,3
-3,1779495,1779468,27,MISSFIIVE,length1,27
-3,1778598,1778553,45,MVQQSMPLMALPKLR,length1,45
-3,1778493,1778415,78,MLILLLHHWYFLRIDNLNRRDIHQNA,length1,78
-3,1778094,1778055,39,MRYKRQYLPLIKT,length1,39
-3,1777635,1776162,1473,MKYQAKNTALSQATDCIVLGIYENNKFSKSFNEIDQLTQGYLNDLVKSGELTGKLAQTILLRDLQGLSAKRLLIVGCGKKGELTERQYKQIIQAVLKTLKETNTREVISYLTEIELKDRDLYWNIRFAIETIEHTNYQFDHFKSQKAETSVLESFIFNTDCNQAQQAISHANAISSGIKAARDIANMPPNICNPAYLAEQAKNLAENSTALSLKVVDEEEMAKLGMNAYLAVSKGSENRAYMSVLTFNNAPDKNAKPIVLVGKGLTFDAGGISLKPAADMDEMKYDMCGAASVFGTMKAIAQLNLPLNVIGVLAGCENLPDGNAYRPGDILTTMNGLTVEVLNTDAEGRLVLCDALTYVERFEPELVIDVATLTGACVVALGQHNSGLVSTDNNLANALLQAATETTDKAWRLPLSEEYQEQLKSPFADLANIGGRWGGAITAGAFLSNFTKKYRWAHLDIAGTAWLQGANKGATGRPVSLLTQFLINQVK,length1,1473
-3,1775937,1775844,93,MCGKFSSLINCSDTSRPTDLIPYIKSRIDSL,length1,93
-3,1775448,1775388,60,MACHAGEAKLLSRDAMLFNT,length1,60
-3,1775238,1775067,171,MPSFSHTAVLPKTVNHKIPNKLGITNTPKINSRIVRPLEIRAINKPTNGAQEHHQAQ,length1,171
-3,1774563,1774539,24,MVPYTAHA,length1,24
-3,1774470,1774458,12,MSER,length1,12
-3,1773879,1773873,6,MR,length1,6
-3,1773306,1773231,75,MPCVKCKSACSRNATSSPASCATSV,length1,75
-3,1772985,1772910,75,MIKIGKLANQIHICPKIISSIKSSR,length1,75
-3,1772370,1772358,12,MRHC,length1,12
-3,1772319,1772286,33,MSETIRDLYSA,length1,33
-3,1771932,1771893,39,MQRLKQPFLFFHR,length1,39
-3,1771425,1771374,51,MLKWLLMRRLLLMQIFS,length1,51
-3,1770438,1770384,54,MPFAFSSAKPISACVFVG,length1,54
-3,1770375,1770291,84,MERGWATSRIFNKYGNSSAGIFSNSGIY,length1,84
-3,1769346,1769328,18,MDAILT,length1,18
-3,1769301,1769181,120,MNFPAKILQLIDQFLQRSVFVMRHQQALLHLGNLHYGLIF,length1,120
-3,1768806,1768797,9,MFQ,length1,9
-3,1768641,1768524,117,MDSFLLVNLNMKALYRRQYPSYEAQLSVRSLLLPLVYRQ,length1,117
-3,1768371,1768368,3,M,length1,3
-3,1768281,1768269,12,MPLD,length1,12
-3,1767765,1767753,12,MHVL,length1,12
-3,1767603,1767582,21,MRECQKS,length1,21
-3,1767432,1767219,213,MVSIVPCVKTNVCNLNKLFALALFPPEVTVISEENAFASFTNCAAGRVCKPFGAIISTSFEYIMLPRLINN,length1,213
-3,1767078,1766889,189,MKNDVVILFHLNFQLIDDSYHNEQAKFCLAQRLHATHIRGRSNVYNHGIYRCPKHIEILDSLL,length1,189
-3,1766793,1766730,63,MSWYAALSLMFRSHPLLERLR,length1,63
-3,1766109,1766079,30,MFSHYSIEFF,length1,30
-3,1765821,1765803,18,MNYSIK,length1,18
-3,1765800,1765764,36,MIGAKKRIVKTA,length1,36
-3,1765491,1765440,51,MTFENPLKSWLIIANTS,length1,51
-3,1765398,1765362,36,MKLPLQALKIFV,length1,36
-3,1764927,1764891,36,MKKPTNIAHSFT,length1,36
-3,1764249,1764168,81,MPALKKGLISKRSSKIPIANKTKILNK,length1,81
-3,1763313,1763211,102,MPQRNPPANLYATQFVLAYYEQNNLQDNESIIAQ,length1,102
-3,1762644,1762533,111,MYAHPPYKYGINQIALNLQWLATAEDTQLIRHIGASA,length1,111
-3,1762251,1762209,42,MEAHFLDNAESVNY,length1,42
-3,1762188,1762116,72,MLGKNISSFFPQLDCLPLGNPIIH,length1,72
-3,1762032,1761990,42,MHDFLVVADILEDK,length1,42
-3,1761762,1761735,27,MHQSAVDFQ,length1,27
-3,1761207,1761186,21,MSITHSP,length1,21
-3,1760793,1760697,96,MPLVPLPLTFYYEYLFLRPRYTFLSYRQNNRL,length1,96
-3,1760295,1760277,18,MAGLKF,length1,18
-3,1760250,1760232,18,MILQCH,length1,18
-3,1760220,1760202,18,MQRQIK,length1,18
-3,1760118,1760079,39,MVLPLMKKSMTAI,length1,39
-3,1759956,1759560,396,MPPALVAVVHPLVSKMDFQFTHYQGNVSVKCSMEHIALANWFNTEVRSNSDKILTALSTAQSLSENQEKILIGAEYTLFLNADEVMVRANNLAIESDEILEQDFHYYDEESLAFCGTQDFIHFLQSYVDFIA,length1,396
-3,1759551,1757208,2343,MTSQHSAKKSSKNTPKNNRTFKGFLLKFSFTVLVLTIFYGGYLDWQIRSKMDGQIWHLPAEVYSRLESVKIADNLAFDEVIQILLDNEYRQTTMVAAPGDFKLEDDSIVVLRRAFPFPDKAEPQRVLRLRFSHNKLSRIEDLVTVKTVDEFRLAPKLIAMLQSDNEDRLAIPLQNYPRLLIDTLILTEDRRFYEHNGINPVGILRALIANIRAGQTVQGGSTLTQQLVKNLFLSRERTITRKANEALMSLVLDWRYDKNRILETYLNEIYLGQNGDTQIHGFELASQFYFGRSIREISLDQIALLVGMVKGPSLYNPWRNPQNALERRNIVLRLMLEHKMIGDELYQLLSQRPLGVQKKGQISRKYPAFIQTLQADLRRELGEHKISSLLGARIFSTMDLKQQAQAENAVVNTVSQLQLKMKNPHLEGAMIITDYRTGEIRAVVGGLQTQYAGFNRALMAKRQIGSLVKPSIYLTALSNPEQFRLNTPINNQPITINVKGSPPWQPRNYDKKYSDSVMLMDALARSLNIPTVNIGMKVGLSKVIDTQKAMGWDNVEIPKVPAMLLGSYSISPYDVTKLYQTLANQGGRIALTTVDSIADRQGNLIFQHDKSAKQVVPQEAAFQTLFAMQQTVERGTARSLQKDYADLHLAGKTGTTNESRDTWFVGIDGKNISTVWLGRDDNGETKLTGASGALQIYKDYLNRTNIEKLAITPPTTVKWVGINQYGDWDCESYRTIPVWLNNGQNFCGETSSPSLTPTTETETPPQESLWDVLDNPNPPAQ,length1,2343
-3,1756533,1756512,21,MRKTYRS,length1,21
-3,1756164,1756134,30,MKIRIFYAQS,length1,30
-3,1756005,1754673,1332,MSNTILQNLPKGQKVGIAFSGGLDTSAALLWMRQKGAVPYAYTANLGQPDEDDYNAIPKKAMAYGAENARLIDCRSQLAHEGIAAIQCGAFHISTGGIPYFNTTPLGRAVTGTMLVAAMKEDDVNIWGDGSTFKGNDIERFYRYGLLTNPNLKIYKPWLDVQFIEELGGRLEMSQFLIENGFDYKMSVEKAYSTDSNMLGATHEAKDLEQLSTGMKIVKPIMGVAFWDEKVEIKPETVTVTFEDGVPVALNGKHFDNAVDLILEANRIGGRHGLGMSDQIENRIIEAKSRGIYEAPGMALLHIAYERLVTGIHNEDTIEQYRINGIRLGRLLYQGRWFDPQALMLRETAQRWVAKAITGTVTLELRRGNDFTILNTESPNLTYEAERLSMEKVEDAPFDPVDRIGQLTMRNLDVSDTRGKLGIYAQTGLLSAIKDSVLPQLGKK,length1,1332
-3,1754631,1754595,36,MKCRSFHKILVS,length1,36
-3,1754451,1754376,75,MPMQSAILSHLMFPQRLIPQQAFPQ,length1,75
-3,1754256,1754253,3,M,length1,3
-3,1753968,1753965,3,M,length1,3
-3,1753875,1753872,3,M,length1,3
-3,1753467,1753419,48,MSPLRKLPLKPHFVCE,length1,48
-3,1753413,1753407,6,MP,length1,6
-3,1753383,1753344,39,MLCVYSAYAVILI,length1,39
-3,1753320,1753293,27,MRLANCKEC,length1,27
-3,1753236,1753194,42,MALTCPFVTICNTC,length1,42
-3,1753191,1753155,36,MASLSDSTIAFG,length1,36
-3,1753068,1753014,54,MRNIKLPANPINFKFGSN,length1,54
-3,1752177,1752159,18,MIICRL,length1,18
-3,1751793,1751772,21,MANAKSA,length1,21
-3,1751133,1751046,87,MEAGGGKEQTTADSLIGTIFIRYPLYDVM,length1,87
-3,1750743,1750728,15,MSPIL,length1,15
-3,1750371,1750350,21,MGDVQVA,length1,21
-3,1750251,1750221,30,MGSISWRIWQ,length1,30
-3,1750080,1750005,75,MPVFACSCKNCAAQMLAIIIASSTI,length1,75
-3,1749996,1749936,60,MRRYSALISCTLPFSASTKA,length1,60
-3,1749888,1749870,18,MRALVN,length1,18
-3,1749723,1749696,27,MLPARSVSI,length1,27
-3,1749618,1749600,18,MLKPGK,length1,18
-3,1749546,1749543,3,M,length1,3
-3,1749525,1749417,108,MATTNFQPVCVLFCAMGSIYKASSISIVLSESMVTK,length1,108
-3,1749159,1749153,6,MG,length1,6
-3,1749147,1749138,9,MLG,length1,9
-3,1748964,1748958,6,MK,length1,6
-3,1748745,1748742,3,M,length1,3
-3,1748295,1748244,51,MSDTIAFTSCRIYVIAV,length1,51
-3,1746951,1746870,81,MGAETAISSSGYKNGGKCGRKIQWFCV,length1,81
-3,1746348,1746327,21,MCRWKKI,length1,21
-3,1746033,1746015,18,MQRGML,length1,18
-3,1745835,1745820,15,MIKDF,length1,15
-3,1745514,1745499,15,MVINV,length1,15
-3,1745448,1745439,9,MSF,length1,9
-3,1745157,1745148,9,MQI,length1,9
-3,1745028,1745010,18,MYAIFF,length1,18
-3,1744305,1744296,9,MIF,length1,9
-3,1744239,1744227,12,MLYF,length1,12
-3,1744203,1744194,9,MGK,length1,9
-3,1744173,1744143,30,MKARYNIQFY,length1,30
-3,1744134,1744104,30,MLTEFIHRWH,length1,30
-3,1744086,1744065,21,MAFHRYT,length1,21
-3,1743801,1743789,12,MSKF,length1,12
-3,1743459,1743420,39,MVSGGSTALSPPG,length1,39
-3,1743033,1742961,72,MLSALISSAFSYPAMPLARQLEHQ,length1,72
-3,1742793,1742601,192,MSRHRGAKHRRRYELLGGISLLSPEYLLSVERWPFHSEPPDHYDLLSYLLDLSVSQLSLLIPLH,length1,192
-3,1740861,1740822,39,MARSPGFGSIPCN,length1,39
-3,1740612,1740495,117,MGLPLLVRTRFQVLFHSPHRGSFRLSFTVLVHYRSIRSI,length1,117
-3,1740483,1740426,57,MVPPSSNRISRVPPYFSLA,length1,57
-3,1740414,1740306,108,MVFRYGIITLFDCASQHILLTILLSLTGSFAFARRY,length1,108
-3,1740231,1740078,153,MNSLVDSRFFIYWVSPFGYLGLNASYRLIQAFRRLARPSSPLIAKASTLYA,length1,153
-3,1740006,1739979,27,MRIFIQLNT,length1,27
-3,1739952,1739931,21,MQNRFCF,length1,21
-3,1739415,1739370,45,MFSSAHLSTTISQSV,length1,45
-3,1738857,1738788,69,MQHLSLSSRRHKLISELFLGCQE,length1,69
-3,1738563,1738443,120,MSVSTFPRGCLRLRYSSTSLRISPLHVEFYPSLKYSSYPV,length1,120
-3,1737372,1737345,27,MSSLRASLF,length1,27
-3,1737285,1737201,84,MLDLTLLHLPLMPTYGLYLNHCEYLNRQ,length1,84
-3,1736982,1736883,99,MDQSFLLASQYSHLNLFVYPYKLKHYPRCAVCL,length1,99
-3,1736859,1736850,9,MGV,length1,9
-3,1736304,1736298,6,MK,length1,6
-3,1736160,1736154,6,MI,length1,6
-3,1735854,1735842,12,MRGK,length1,12
-3,1735806,1735755,51,MPAHEDNSSFKLMRSTE,length1,51
-3,1735563,1735476,87,MIGISKAARKGGSTTVLAVLQAITIASNG,length1,87
-3,1734495,1734435,60,MYPNLHIRSLPTFSESVWPS,length1,60
-3,1734336,1734261,75,MLSRKTRLLLGIKHASPPPFARHQF,length1,75
-3,1734081,1734015,66,MRQPMFFPSLHPLALSASSDNL,length1,66
-3,1733958,1733865,93,MARWLKIAVSNLFDNVAVRQKIVAFLTALFA,length1,93
-3,1733787,1733721,66,MKYLAADDAIIAMPLLSYIDVD,length1,66
-3,1733676,1733457,219,MSKPDPLIFVMNFVLTPPLWNKSALGFLPILWAHYLAQFDILDDEFLAYGDHVSLRQRPLLAHLLENYYAFPH,length1,219
-3,1733427,1733349,78,MCRLTNLPIKSGDGQKRLHRFVQFPL,length1,78
-3,1733106,1733046,60,MNDIGKVFDIFYTNLQNHKQ,length1,60
-3,1732851,1732791,60,MLMVYHNCIFFCTTSHNRIT,length1,60
-3,1732782,1732722,60,MATLRKLCFTHLHWCNSEYF,length1,60
-3,1732665,1732647,18,MRNHGG,length1,18
-3,1732542,1732506,36,MRLQCYIKLNFA,length1,36
-3,1732467,1732425,42,MANPCFRTSRYHKI,length1,42
-3,1732407,1732368,39,MRIWISNNIDCLP,length1,39
-3,1732335,1732296,39,MLNSHANTSIPHI,length1,39
-3,1732293,1732251,42,MHSISEIYCCCAHW,length1,42
-3,1732062,1731975,87,MRSNAHFSDLFHILSMDMNFYGNSFRPNH,length1,87
-3,1731891,1731720,171,MHLPQNAITIINIFHNHTERINIHNRVEFLILYTHFLIDLIKMFFTSPHSGKNACVF,length1,171
-3,1731627,1731603,24,MWMHCLKR,length1,24
-3,1731579,1731567,12,MLNT,length1,12
-3,1731561,1731498,63,MSKRTIDFKRFFRNTATFIWS,length1,63
-3,1731474,1731450,24,MRAVSKLD,length1,24
-3,1731192,1731069,123,MGNVRFAAGAKLSFVRISCNHKRTLDEFNFICGQIPLNNSI,length1,123
-3,1730523,1730517,6,MT,length1,6
-3,1730385,1730268,117,MLFTEGTFLRICWAPCQSISKNTSMPFAKFSSIAGKEVP,length1,117
-3,1730217,1730184,33,MSDSNSSFDTK,length1,33
-3,1729770,1728753,1017,MAIKIGINGFGRIGRIVFRAAQHRDDIEVVGINDLIDVEYMAYMLKYDSTHGRFDGTVEVKDGNLVVNGKTIRVTAERDPANLNWGAIGVDIAVEATGLFLTDETARKHITAGAKKVVLTGPSKDATPMFVRGVNFNAYAGQDIVSNASCTTNCLAPLARVVHETFGIKDGLMTTVHATTATQKTVDGPSAKDWRGGRGASQNIIPSSTGAAKAVGKVLPALNGKLTGMAFRVPTPNVSVVDLTVNLEKPASYDAIKQAIKDAAEGKTFNGELKGVLGYTEDAVVSTDFNGCALTSVFDAEAGIALTDSFVKLVSWYDNETGYSNKVLDLVAHIYNYKG,length1,1017
-3,1727856,1727835,21,MGGLYSS,length1,21
-3,1726692,1726662,30,MQVHLHYWLP,length1,30
-3,1726560,1726464,96,MQSLHWFVRQNNLPKNAPHFLWLHSCALPLKN,length1,96
-3,1726128,1726020,108,MQQAHYSFQAVSNKAKYLEENAPKLAQKECHSPLNA,length1,108
-3,1725762,1725714,48,MVSLVLQLLAPRLDDK,length1,48
-3,1725696,1725648,48,MATPPHRGIQMEMKAR,length1,48
-3,1725375,1725333,42,MTTFVCIKMRGIIQ,length1,42
-3,1724946,1724916,30,MQRGDPHLRK,length1,30
-3,1724886,1724871,15,MHKHG,length1,15
-3,1724685,1724679,6,MP,length1,6
-3,1724292,1724250,42,MSFDYGFIVKKSLL,length1,42
-3,1723725,1723695,30,MGTNFLERCH,length1,30
-3,1723518,1723515,3,M,length1,3
-3,1723077,1723062,15,MELPI,length1,15
-3,1722186,1722144,42,MALERLRSTGRSLT,length1,42
-3,1721862,1721856,6,MD,length1,6
-3,1721778,1721751,27,MACKPSRTL,length1,27
-3,1721691,1721682,9,MER,length1,9
-3,1720902,1720887,15,MFQLV,length1,15
-3,1720848,1720767,81,MIFALMSMHNVLGFMTIQLILMQKRGR,length1,81
-3,1720710,1720677,33,MAVCTAQNLVV,length1,33
-3,1720641,1720626,15,MLTVL,length1,15
-3,1720380,1720347,33,MKTQDFTILQV,length1,33
-3,1720326,1720260,66,MCCITQINLNFTMVFQKILKLI,length1,66
-3,1720239,1720233,6,MY,length1,6
-3,1720158,1720155,3,M,length1,3
-3,1720146,1720143,3,M,length1,3
-3,1720089,1719375,714,MSKIEISNDTRVIRHRTPARISHWMLVICFFMTMFTGVAFFFPDFAWLTEILGTPQIARAIHPFTGILMFFAFIYLALLYWDHNIPEKNDIRWAKGVIEVLKGNEHAVADNGKYNLGQKMLFWTLNLAMVTLLVTGIIMWRQYFSHYFSIPVLRIAILLHSASAFMLFTGILVHIYMAFWVKGSIRGIVEGWVTVRWAKKHHPRWYREEVLSKLEEDLLNEQSGKVGKTKVLFKGFGK,length1,714
-3,1719303,1718397,906,MSIKILSESEIKQVANSYQAPAVLFANPKNLYQRRAKRLRDLAQNHPLSDYLLFAADIVESQLSTLEKNPLPPQQLEQLNAIEPLNARTFKRDSVWREYLTEILDEIKPKANEQIAATIEFLEKASSTELEEMANKLLAQEFNLVSSDKAVFIWAALSLYWLQAAQQIPHNSRVENTENLHHCPVCGSLPVASMVQIGTSQGLRYLHCNLCESEWNLVRAQCTNCNSHDKLEMWSLNEELALVRAETCGSCESYLKMMFQEKDPHVEPVADDLASIFLDIEMEEKGFARSGLNPFIFPAEEA,length1,906
-3,1717809,1717755,54,MAKCGQFGRYFLIVTNNE,length1,54
-3,1717290,1717257,33,MPINPNLELPF,length1,33
-3,1716552,1716483,69,MASQSIWRITYCRQCIFALSRIT,length1,69
-3,1716027,1716021,6,MP,length1,6
-3,1715553,1715550,3,M,length1,3
-3,1715304,1715244,60,MGFPLNIDHFISWQWQMFAL,length1,60
-3,1714926,1714881,45,MIKCFSDSEIKNGIA,length1,45
-3,1714860,1714821,39,MLSCRTSVRKCLL,length1,39
-3,1714767,1714743,24,MIHLILLL,length1,24
-3,1713402,1713393,9,MNN,length1,9
-3,1712943,1712940,3,M,length1,3
-3,1712736,1712724,12,MLMG,length1,12
-3,1711938,1711896,42,MGNNRKVANILHKR,length1,42
-3,1711125,1711101,24,MNKNLLIG,length1,24
-3,1710765,1710738,27,MGRTGRITT,length1,27
-3,1710117,1710069,48,MGLQLTRAALCQAYDG,length1,48
-3,1709790,1709766,24,MRYEHVSS,length1,24
-3,1709388,1709286,102,MPLGLLREVQVSGQISQFQESSHQPQSFYRHEFD,length1,102
-3,1708998,1708962,36,MNHIHSSGSPKF,length1,36
-3,1708755,1708728,27,MQYEVNISS,length1,27
-3,1708689,1708659,30,MCIFKVNQKD,length1,30
-3,1708467,1708458,9,MDN,length1,9
-3,1708287,1708236,51,MSDCCKYGYHCSYICTA,length1,51
-3,1708173,1708146,27,MPLKLKYGT,length1,27
-3,1707963,1707957,6,MK,length1,6
-3,1707432,1707411,21,MIGDTFT,length1,21
-3,1707066,1706931,135,MIKRKLLVLINQHYRPNLNYVQCRRYQISLMLVSVLFYLSQGVDL,length1,135
-3,1706259,1706073,186,MPDKLVHQYVLRNHDSVREIEFYLQSHQSRACGFSHRFLHFLRTLNKFLEKDQNLYDSVDCL,length1,186
-3,1705740,1705710,30,MLQVKFLNPL,length1,30
-3,1705704,1705698,6,MS,length1,6
-3,1705629,1705599,30,MVLAKAERAN,length1,30
-3,1705359,1705314,45,MECLFCLKLQSNLDV,length1,45
-3,1705206,1705194,12,MVPQ,length1,12
-3,1705149,1705104,45,MHRESHRQSQSIHSR,length1,45
-3,1705047,1705014,33,MRLWNCNSHIG,length1,33
-3,1704909,1704891,18,MPPYLQ,length1,18
-3,1704816,1704774,42,MLPPQNQFVMRSHL,length1,42
-3,1704486,1704318,168,MCHSKARLKKQRQFLIRQILLSEHVHHENEYLQVHSINHERFALQVHRVNQKNRFW,length1,168
-3,1704264,1704240,24,MKMQGSDF,length1,24
-3,1704168,1704132,36,MKQSYHLLSQSV,length1,36
-3,1703274,1703253,21,MLKCMSD,length1,21
-3,1703010,1702890,120,MTCAAVMPSFANTSRTVASICSPNCFATELLISISSESKG,length1,120
-3,1702794,1702767,27,MYLKTTALL,length1,27
-3,1702704,1702605,99,MLSYCRSRNNVVACCFSRYLDNIYFWCIHFGIH,length1,99
-3,1702596,1702557,39,MHLAIIFGSDGTI,length1,39
-3,1702536,1702506,30,MCYSQSLSNM,length1,30
-3,1702395,1702377,18,MKSDIG,length1,18
-3,1702296,1702275,21,MQMITLL,length1,21
-3,1702251,1702245,6,MT,length1,6
-3,1701843,1701840,3,M,length1,3
-3,1701474,1701369,105,MAHKPHVQSPFHWLYHGIHQIQLAAHNGQQANDGG,length1,105
-3,1700967,1700964,3,M,length1,3
-3,1700889,1700826,63,MVYREPHHRMGNGAYKLHLKS,length1,63
-3,1700517,1700511,6,ML,length1,6
-3,1700367,1700298,69,MERIKIHINIQCQPVKRATTTNT,length1,69
-3,1700154,1700049,105,MAFNVNKHIHHLLTGCVIGNLPTTIRLHHRDFTTL,length1,105
-3,1700043,1699992,51,MLWFTCLPLGKNRIMLY,length1,51
-3,1698633,1698576,57,MVTISVLWILPCFNATPTT,length1,57
-3,1697940,1697805,135,MPREIKPISFAAACERSIKRLSLKGPRSLIRTITLRLLCKFVTKA,length1,135
-3,1697433,1697379,54,MKLAPFHKLTFMRMNRHQ,length1,54
-3,1697094,1697073,21,MRFGQKF,length1,21
-3,1696995,1696956,39,MIASTERIFFWVQ,length1,39
-3,1696359,1696269,90,MQTLPNTQPKRDFIFHLFVRSLVTNLFFAE,length1,90
-3,1696119,1696113,6,MR,length1,6
-3,1696107,1696044,63,MRDHAILFSIPPHCIFHFLLN,length1,63
-3,1695162,1695150,12,MLNQ,length1,12
-3,1694256,1694025,231,MSMAKATNFALQRLYILAKAPQAHQSTNKHRNHHFSTLLIARLAAVSSKVYQEYLTSQLCLFHRQLTSPYLLALKYV,length1,231
-3,1693770,1693671,99,MYDSLTKIHYNPICSIFTLFTKSFKTCFFTFCN,length1,99
-3,1693578,1693557,21,MYNICSL,length1,21
-3,1693389,1693281,108,MLPIITLPITVATLFARTSLTDTQWHKKVLQHRYLL,length1,108
-3,1693266,1693215,51,MLKREDPSLNLQVNHRL,length1,51
-3,1693164,1693158,6,ME,length1,6
-3,1692951,1692858,93,MARQQALILTQQGNLEYRMESNQRVLLNQCR,length1,93
-3,1692228,1692198,30,MDKPLHKTPP,length1,30
-3,1691655,1691622,33,MIRSSHFFLRN,length1,33
-3,1691541,1691478,63,MEYLWITAKKPLLLLFGFYKR,length1,63
-3,1691250,1691181,69,MNMYFGNKWACSVSLPQVLFQQH,length1,69
-3,1691028,1691013,15,MCNLM,length1,15
-3,1690977,1690971,6,MR,length1,6
-3,1690866,1690821,45,MSSSQPSSHFGSVVH,length1,45
-3,1690800,1690791,9,MNS,length1,9
-3,1690749,1690641,108,MPKALLFMRAKKSKKISFISSSMPSFIICGLLYLEH,length1,108
-3,1690473,1690443,30,MIILQAIKQR,length1,30
-3,1690419,1690359,60,MPLKKQIINHKHRSTIIQQM,length1,60
-3,1690203,1690188,15,MPRGK,length1,15
-3,1690143,1690125,18,MCHKEI,length1,18
-3,1689921,1689891,30,MKPQLVWMKV,length1,30
-3,1689546,1689483,63,MSKDKVLYLMNPLLLRFVKIA,length1,63
-3,1689387,1689363,24,MALLQTFL,length1,24
-3,1689084,1688892,192,MVSYILLPCVSVVTVSTRRLFLMFAALLARLSENLPPNASNKKLVLLIFKKVTKLKKWKYTDII,length1,192
-3,1688850,1688844,6,MS,length1,6
-3,1688577,1688565,12,MKFN,length1,12
-3,1688559,1688541,18,MNKKCG,length1,18
-3,1688487,1687434,1053,MKPIFGKAPPLGIRLLIAIFASIALILADGRNSSITKARSAMETAIGGLYYLANSPRSILDGISENLVDTNKLQIENKVLRQQLLEKNADLLLLDQLKVENQRLRLLLNSPLRTDEYKKIAEVLTAETDIYRQQIVINQGKKDGAYVGQPVIDEKGVIGQIISVGENTSRVLLLTDVTHSIPVQVLRNDVRVIASGTGHTDELSLDNVPRSVDIEKGDLLVTSGLGGRFLEGYPVAVVQSVLRDSSNYFAIVKAKPLALLERLRYVLLLWPSNLDISKVKSMSPEEVRNLVQKRLESQANEANYRVKKTPLTEKDFLENEEKTIIEPDIPTDFLQNEEDLPIEQQEERIED,length1,1053
-3,1686906,1686720,186,MFQTPNSMAYCYPVKNHIPNRYTLPKIVQPIFQNVLLVQKFRYFLMKFLALILPRNKVRHLH,length1,186
-3,1686690,1686684,6,MS,length1,6
-3,1686522,1686465,57,MEKRAKSQNKYPKLNPFAH,length1,57
-3,1686045,1685955,90,MQCPHRHIVQLIFGLSKYDQFVNLDYHQNL,length1,90
-3,1685502,1685442,60,MLLHNDLSDHDEIRDNLSFL,length1,60
-3,1685022,1684998,24,MRFPRLWF,length1,24
-3,1684824,1684797,27,MYFMFRKKS,length1,27
-3,1684728,1684677,51,MNQPYFRHIQLFCNKFC,length1,51
-3,1684653,1684563,90,MNANTLRLVDNNKIAMLINNLDFHQICSFL,length1,90
-3,1683813,1683780,33,MIIKLTKAKAR,length1,33
-3,1683738,1683642,96,MDCATVAKPNKSAVNFNKVFLKLDFGFNACSS,length1,96
-3,1683294,1683288,6,MH,length1,6
-3,1683216,1683174,42,MRTLRLIKMTYLFS,length1,42
-3,1683123,1683114,9,MQA,length1,9
-3,1682292,1682115,177,MWIFLFAFLCTIFYKHTCTNNRIIRINNSGCLVFYRIKMGCFYRINHRLIFLFCSRSTR,length1,177
-3,1682112,1682085,27,MMNNTHFTR,length1,27
-3,1681812,1681488,324,MDQMPNCPKCQSEYVYHDSINFVCPDCGNEWDNNEIQESDDDQLIVKDSNGNLLAEGDNVLLIKDLKLKGSSEVLKKGTKFKNIRLVNGDHNVDCGKIMLKSEFLKKA,length1,324
-3,1681239,1681233,6,ML,length1,6
-3,1681167,1681149,18,MQFQLP,length1,18
-3,1680801,1680795,6,MT,length1,6
-3,1680651,1680636,15,MASVR,length1,15
-3,1680276,1680225,51,MHLHYPVTFTIFRSQPD,length1,51
-3,1680099,1680051,48,MISRFTTLSIKIFETF,length1,48
-3,1679883,1679841,42,MILQRINGIICCPH,length1,42
-3,1679769,1679736,33,MPNFFRILRIK,length1,33
-3,1679697,1679547,150,MCPVINWITNTKGDCFRPSQIFLIVSSLPCNQFFWYSSCTQSSPFVVITL,length1,150
-3,1679487,1679418,69,MTVIIKNRFIFGIIMIENFCCIR,length1,69
-3,1678857,1678803,54,MELIICCRFWIIPTSTIN,length1,54
-3,1678548,1678515,33,MVCCNIHSKLH,length1,33
-3,1678452,1678422,30,MMMPAIRLPC,length1,30
-3,1677786,1677720,66,MPSACQYLSICLLKLSIPNAET,length1,66
-3,1677573,1677546,27,MMQLPNKSR,length1,27
-3,1676541,1676403,138,MTNHTCCKINDSLRNSTMLHYFSSKHKERNSHQRKIIRSHHKVFCN,length1,138
-3,1676379,1676373,6,MI,length1,6
-3,1676004,1675857,147,MSFILGNKDNPKENHIYKTNPRKLFRKCNSRIKEVPQDRIKKHERNHNN,length1,147
-3,1675644,1675587,57,MSFLNASLGTIISFPCLAR,length1,57
-3,1675314,1675173,141,MLCGFIFIALAQSTKSEFSGTLKRKPLKSSNFSNFLLDEITRNPFIP,length1,141
-3,1674729,1674708,21,MFFRKLH,length1,21
-3,1674618,1674612,6,MH,length1,6
-3,1674585,1674555,30,MPPQIPPCLF,length1,30
-3,1674507,1674435,72,MEFLFLAILLKQFFLQRRYNAEYF,length1,72
-3,1674414,1674405,9,MPP,length1,9
-3,1674240,1674207,33,MLPLIQLHQLQ,length1,33
-3,1674024,1673847,177,MIHNNWFYQLNKDSIDHKKHKDQQLLGLQPSPYPAYQFHFQLLSLQFHAQVFLDKLLMD,length1,177
-3,1673835,1673790,45,MHQYQNHKSPLILPE,length1,45
-3,1673649,1673583,66,MFNYDMIMKHKNSFWNTKYLFL,length1,66
-3,1673325,1673322,3,M,length1,3
-3,1673274,1673271,3,M,length1,3
-3,1673127,1673064,63,MTIVQTKIFIWHLQKLHKMMC,length1,63
-3,1672983,1672962,21,MIIIIYG,length1,21
-3,1672920,1672884,36,MLMKLEKLCGNT,length1,36
-3,1672878,1672875,3,M,length1,3
-3,1672848,1672845,3,M,length1,3
-3,1672827,1672794,33,MDTYSIQIQLL,length1,33
-3,1672734,1672677,57,MDQKILFLYLIFVKQAQLV,length1,57
-3,1672596,1672587,9,MLV,length1,9
-3,1672554,1672434,120,MKRLKLRLEIIKNGLITINKLFAILLNAELTLFVTILCLF,length1,120
-3,1672407,1672335,72,MNYQMVLKHCALIISLSQHLNFIF,length1,72
-3,1672323,1672248,75,MQKKPIIKKNKLQQEPIMTRCQSKI,length1,75
-3,1672185,1672167,18,MNFKLN,length1,18
-3,1672107,1672080,27,MRSYLLPKK,length1,27
-3,1672053,1672032,21,MILHAQS,length1,21
-3,1671960,1671906,54,MVLQCVRVLMAYAPIMIS,length1,54
-3,1671822,1671807,15,MKQLI,length1,15
-3,1671783,1671777,6,MW,length1,6
-3,1671762,1671744,18,MKNIVD,length1,18
-3,1671702,1671636,66,MGIKCWMTYVKKPTLATLPLVG,length1,66
-3,1671354,1671231,123,MRIYESADWFCCKHHHANGNNNRQNHHRKVACHTYCCNHRI,length1,123
-3,1671153,1671093,60,MVFLMIYCLFNFPKAFYNQE,length1,60
-3,1670451,1670406,45,MPNYHQANEFRGLVC,length1,45
-3,1670103,1670049,54,MLPFDFPSCGLYRNTPYA,length1,54
-3,1669179,1669125,54,MDRIYHHAIIRYSEADKA,length1,54
-3,1669086,1668960,126,MKLAWCQYDELMLPTPLFFYYSDFYENSLKDVFLDPLLSQHK,length1,126
-3,1668786,1668729,57,MRSPLYNTRSCSSFSRFSS,length1,57
-3,1668699,1668678,21,MNPARYA,length1,21
-3,1668675,1668666,9,MPI,length1,9
-3,1668393,1668327,66,MISLSGIANFSTTSAKRSVPEL,length1,66
-3,1668312,1668204,108,MHTSAPKFLATSATFSLSVAIITRFAPDCSAFSNTC,length1,108
-3,1667832,1667799,33,MLMILKCLSSF,length1,33
-3,1667673,1667646,27,MGYKIHNCI,length1,27
-3,1667490,1667484,6,ML,length1,6
-3,1666908,1666842,66,MVASLTNFSVINHKNFIRIFNG,length1,66
-3,1666833,1666791,42,MGDYDNSTIFLQFI,length1,42
-3,1666503,1666458,45,MNLLRNHSTVLTQIR,length1,45
-3,1665861,1665816,45,MSFQHLLRRRRQFPH,length1,45
-3,1665540,1665531,9,MFK,length1,9
-3,1665402,1665363,39,MVCLAKTIVQQRF,length1,39
-3,1664916,1664646,270,MFYSHDAPLATHRFCLKCGQKFAHFLLQHRQLAKRYSFHHRLKSHKNGDYQLVSQRCEEKVFENATLANANHAQQYKKCGNFPHSFSVKG,length1,270
-3,1664286,1664283,3,M,length1,3
-3,1664250,1664214,36,MMKPLVLDKYSK,length1,36
-3,1664172,1664163,9,MLN,length1,9
-3,1664160,1664151,9,MKH,length1,9
-3,1664040,1664004,36,MAQAKNYKLEPP,length1,36
-3,1663770,1663734,36,MDRRKARIRQPT,length1,36
-3,1663338,1663287,51,MMKHPQFSPHFLPFQQP,length1,51
-3,1663122,1663107,15,MLLWR,length1,15
-3,1662042,1661802,240,MQENPLAFFFTRKEPSHLFPTTKRSKLFLLISKICLARRQKNQKRLPKQVLILNELSVLIAKCQKREQKNRNKHVAMIKM,length1,240
-3,1661754,1661742,12,MLSM,length1,12
-3,1661649,1661589,60,MLQQMLAQSKSKTFFNANVV,length1,60
-3,1661505,1661313,192,MLAMKIKRNRAMKACYCAIMFTVRSNKMQHAVILRSMHCITIRKIIRYEIISRALRISKQASYA,length1,192
-3,1660986,1660896,90,MNVLRINFVLILHSYLQHFSGIHCAKKWKF,length1,90
-3,1660890,1660878,12,MKVV,length1,12
-3,1660869,1660854,15,MMLML,length1,15
-3,1660845,1660836,9,MKF,length1,9
-3,1660608,1660587,21,MVNSANS,length1,21
-3,1659942,1659906,36,MTRYGKLNSIYP,length1,36
-3,1659594,1659558,36,MVRKRSRHIARS,length1,36
-3,1659357,1659321,36,MGEKILVQSAEI,length1,36
-3,1659312,1659276,36,MKKMLPFQLQKN,length1,36
-3,1659147,1659057,90,MRIHLNRLIVAGLLFGYCQTVEPMMKWVNG,length1,90
-3,1659048,1658925,123,MKNARNYLVARERCFHTIMTNILTRLYLICNSDIANVLAMC,length1,123
-3,1658862,1658814,48,MQVWVFYVRQIFLLCW,length1,48
-3,1658730,1658721,9,MKA,length1,9
-3,1658601,1658562,39,MKIILKTVAFAIL,length1,39
-3,1658460,1658427,33,MKVLKSLIISR,length1,33
-3,1658397,1658367,30,MIFIKNKIAQ,length1,30
-3,1658262,1658232,30,MLFRGNITFQ,length1,30
-3,1658196,1658169,27,MAKLLQDKK,length1,27
-3,1658043,1657992,51,MQVQIKSKLISKMVGQI,length1,51
-3,1657974,1657947,27,MAVVFQKKN,length1,27
-3,1657926,1657911,15,MLRVK,length1,15
-3,1657779,1657611,168,MRKVVIWKPQSNQHHILSAQQLKLPIFFSTRQPAENFCAQIKQNLLILMKSFVALL,length1,168
-3,1657575,1657524,51,MGKLSVNTVLPKQSINN,length1,51
-3,1657497,1657395,102,MILSKMPYELIGNTMIYIYQVGWRHQILAELKMI,length1,102
-3,1657377,1657353,24,MAEWFEIK,length1,24
-3,1657344,1657272,72,MRFDKPMLNIYQPMLILRLCCLLI,length1,72
-3,1657260,1657257,3,M,length1,3
-3,1657254,1657176,78,MSMFIQPNMKYAFINNASFMILFTKA,length1,78
-3,1657170,1657164,6,MH,length1,6
-3,1657017,1656957,60,MKNHSKINRTFLTHQCCQIM,length1,60
-3,1656927,1656795,132,MHRVKLSNVYMLNCYARYRLQSKRIYRIQHNKIFQIQLKSSQLK,length1,132
-3,1656498,1656465,33,MCYAHKIYKNA,length1,33
-3,1656444,1656423,21,MKIHHHF,length1,21
-3,1656252,1655319,933,MKPTAIFLMGPTASGKTDLAIQLRSSLPVEVISVDSALIYKGMDIGTAKPSKEELALAPHRLIDILDPSESYSAMNFRDDALREMADITAQGKIPLLVGGTMLYYKALIEGLSPLPSADENIRAELEQKAAQQGWAALHTELAKIDPISAARINPSDSQRINRALEVFYITGKSLTELTEEKGEALPYDFVQFAIAPQDRHVLHERIEQRFHKMIELGFQAEVEKLYARGDLNINLPSIRCVGYRQMWEYLQGDYDHEEMIFRGICATRQLAKRQLTWLRGWKTPIQWLDSLQPQQAKETVLRHLDSYQKG,length1,933
-3,1655160,1655154,6,MP,length1,6
-3,1655025,1654959,66,MYMTKLHSIKHYVNSVTLKWQN,length1,66
-3,1654821,1654788,33,MNKAIRSSFIS,length1,33
-3,1654686,1654644,42,MLDVLWIMENFLHV,length1,42
-3,1654617,1654476,141,MNLPLMVLCIEPICACAHLVTAARLFSALQQWNNIIKIKVEIGNAMQ,length1,141
-3,1654053,1654047,6,MK,length1,6
-3,1653999,1653963,36,MKIIKPLKNIIQ,length1,36
-3,1653882,1653834,48,MNKMSLHKLIANGKIF,length1,48
-3,1653768,1653759,9,MKF,length1,9
-3,1653696,1653690,6,MF,length1,6
-3,1653471,1653324,147,MNCLIRKHYVIHCHLPNILQSYTNICFVYPLMMKNRLSMLYVNLNKQPY,length1,147
-3,1653168,1653153,15,MKKDF,length1,15
-3,1653141,1653099,42,MENLVVLNSVINPI,length1,42
-3,1653078,1653072,6,MP,length1,6
-3,1652958,1652916,42,MRQICACALLAMLA,length1,42
-3,1652874,1652745,129,MTLGHGKNKHLCALVQYLANHLLKLNLSISANKCFLHHEILNN,length1,129
-3,1652736,1652640,96,MLLRCGKKCLPIYLTQNTVNLTLKQIAVALQI,length1,96
-3,1652607,1652586,21,MPRKNHN,length1,21
-3,1652568,1652547,21,MFVFSMI,length1,21
-3,1652493,1652463,30,MLIYAMLFTI,length1,30
-3,1652433,1652280,153,MKLNLSKSGHLFKHFGIGYLYPKIWLVDVSKIAFITNLLETSQKLNIQSYF,length1,153
-3,1652007,1651962,45,MPTSTSSKIKVGIAD,length1,45
-3,1651941,1651794,147,MAKEIRESSPPEAILANGCGCCPKLLRKVKITLSAPFALTLSKSVFNST,length1,147
-3,1650720,1650648,72,MAIDFPAPVSPVITDIPFANSISS,length1,72
-3,1650576,1650570,6,MI,length1,6
-3,1650231,1650183,48,MALRFGVKIGPPAERE,length1,48
-3,1649814,1649718,96,MANWARWPISSNVARCSKGNSSVMATSFSTNT,length1,96
-3,1649634,1649610,24,MVLKERYK,length1,24
-3,1649154,1649145,9,MKA,length1,9
-3,1648449,1648446,3,M,length1,3
-3,1647081,1647069,12,MERA,length1,12
-3,1647030,1647000,30,MFRCLPILRI,length1,30
-3,1646763,1646694,69,MRIKTYVSRYSQLRSSCQSHRLF,length1,69
-3,1646679,1646673,6,MS,length1,6
-3,1646439,1646415,24,MRSAVKSG,length1,24
-3,1646187,1646142,45,MRPLLPSRYQKIWRD,length1,45
-3,1645905,1645899,6,ML,length1,6
-3,1645896,1645875,21,MWFHWRV,length1,21
-3,1645872,1645776,96,MYQQRFCLPKMWQSRQHKSVCHSPRLWLSRQP,length1,96
-3,1645680,1645629,51,MRAFCYQLWHSPKSPLK,length1,51
-3,1645542,1645536,6,MI,length1,6
-3,1645413,1645320,93,MPIFLPQETANIRLFTMWKPCVKGVIFLHYA,length1,93
-3,1645287,1645284,3,M,length1,3
-3,1645227,1645191,36,MLARLKTLQMKM,length1,36
-3,1645149,1645101,48,MKNLRQSVHLRYVPNI,length1,48
-3,1645041,1645020,21,MVKRRLI,length1,21
-3,1644837,1644816,21,MLLEGEA,length1,21
-3,1644789,1644780,9,MVN,length1,9
-3,1644741,1644651,90,MNKREKMTALITQFWQQVETEQTLKSYIKK,length1,90
-3,1644597,1644585,12,MKLI,length1,12
-3,1644084,1644075,9,MCR,length1,9
-3,1644042,1644036,6,MV,length1,6
-3,1643961,1643883,78,MDPIIHILATMRTARLCNFIFVVWEH,length1,78
-3,1643853,1643682,171,MFAKLFAVHSRTFNMPARTTCTPRGSPTWFVFFRHFPKHEIHWIFLDFIDFNTCTSL,length1,171
-3,1643592,1643511,81,MSTFNQFFHNFNNFRNMMGCARLKIRA,length1,81
-3,1643313,1643217,96,MTDMAQIINSDATNIHSHFIFVDRFKDFFFSR,length1,96
-3,1643178,1643172,6,MK,length1,6
-3,1643091,1642584,507,MVTLHTNFGDIKIKLDFDKAPVTAENFLNYCKEGFYNNTIFHRVIDGFMIQGGGMESGMHEKATKAPIQNEANNRLSNKRGTIAMARTSDPHSATAQFFINVADNDFLNYRSKEMFGREVVQEWGYAVFGEVVEGMDVVDKIKKVKTGNKGFHQDVPTEDVVITLVSIE,length1,507
-3,1642578,1642149,429,MSIKQHRPKVGEILECDYGQFSHTCHVDGHIPPEMVKKRLVVVLNAKLNGLILVAPISSTINLDGIKNGYHIEIDSELIKATSFYDKRTRWIKSELIQSVSRLRLYHIYDKGTKITQYLPRDVVTKVQRAIIKAINASSLLDK,length1,429
-3,1642065,1642020,45,MNPLISDNQGIFYRI,length1,45
-3,1642005,1641219,786,MHFFDTHTHLDYLQQFTGEPLSQLIDNAKQADVQKILVVAVKEADFKTIQNMTALFPDNLCYGLGLHPLYIQEHAENDLILLEQALKNRDANCTAVAEIGLERAIPDLLTDELWAKQCHFFESQLYLAKQFNLPVNIHSRKTHDQIFTFLKRIPLSKLGVVHGFSGSYDQAKRFVDLGYKIGVGGTITYERANKTRQAIAKLPLDALVLETDSPDMPVFGFQGQPNRPERIVESFKALCTLRNEPAELIKKLTWKNACQIFS,length1,786
-3,1640928,1640865,63,MYAVATGAKMKAYYCAGLIHH,length1,63
-3,1640718,1640703,15,MKWKL,length1,15
-3,1640556,1640520,36,MLVNEVSQLSFW,length1,36
-3,1640217,1640190,27,MDSLYKGFF,length1,27
-3,1639950,1639845,105,MTSLDLSSKNKSRSFSYTSIPNAPILRCFNASIAA,length1,105
-3,1639725,1639719,6,MT,length1,6
-3,1639626,1639497,129,MPKPFKIRITAIPIFPVPITPTVRPYILKPINPSREKFASRVR,length1,129
-3,1639452,1639422,30,MVCSATASGE,length1,30
-3,1639398,1639386,12,MPNS,length1,12
-3,1639272,1639155,117,MHTTSQCSAKRTVLSFSIKSKNSKSKLYFALMSSIYFLS,length1,117
-3,1639125,1638981,144,MVCSNYFKFAKACNKSALISSTSSIPTEKRNKVLVIPRATRSGSGISI,length1,144
-3,1638909,1638837,72,MDFKNVLTQASSCKRKDNIPPLFG,length1,72
-3,1638792,1638774,18,MACAFS,length1,18
-3,1638672,1638588,84,MRSQSSCPFATIKPTSASLCPAIYLVPL,length1,84
-3,1638408,1638369,39,MAASIAEADAVLT,length1,39
-3,1637847,1637835,12,MNFF,length1,12
-3,1637757,1637748,9,MRE,length1,9
-3,1637589,1637553,36,MLVVYVPEWWNR,length1,36
-3,1637133,1636998,135,MTSISKPVVVQNHYPFHLKAMVADYVYPVFQVMEAEYQEYVLRIL,length1,135
-3,1636344,1636338,6,MG,length1,6
-3,1636167,1636098,69,MLALDREIIQVHKYYLPLFLTVQ,length1,69
-3,1636035,1635981,54,MHLEFFDYAQQEAIQVIH,length1,54
-3,1635384,1635345,39,MAIFDKYCRAIAP,length1,39
-3,1635213,1635192,21,MPLMQQQ,length1,21
-3,1634895,1634811,84,MQERKFLTLEILINVVMFLKYLQRYLPQ,length1,84
-3,1634745,1634658,87,MPRHFHHLSLYKVDYSDLPQRWILCIFLH,length1,87
-3,1634004,1633917,87,MAESHFLNRFSNPLNLIHFHQATYGWNSQ,length1,87
-3,1633668,1633605,63,MPRRNEQQCLSLASFHRPQQK,length1,63
-3,1633407,1633365,42,MPCLPYLAYRGLTH,length1,42
-3,1633227,1632981,246,MAQSYEDESLSHRNKRVPSLHDKKALVINVHQALNADRKYKRRPHRSKFRIHLRLNKRLNRRQNSLSHYDRAIPARLFHYPQ,length1,246
-3,1632576,1632423,153,MQLFQKGRRDGWLFWLVQIKHLQPALLNELVRSISPLGKNVPDLQAKCRQI,length1,153
-3,1632213,1632204,9,MNA,length1,9
-3,1632087,1631376,711,MNIQHNLNLIQQKIETACKEENRNQNTVKLLAVSKTKPISEILSAYQAGQTAFGENYVQEGVEKIQYFESQGVNLEWHFIGPLQSNKTRLVAEHFDWMQTLDRAKIADRLNEQRPTNKAPLNVLIQINISDEESKSGIQPEEMLTLAKHIENLPHLCLRGLMAIPAPTDKIAEQEAVFRKMSDLFEQLKQALPNQQIDTLSMGMTDDMPSAIKCGSTMVRIGTAIFGARNYSTSQNK,length1,711
-3,1631331,1631283,48,MKFKCQYSRHILSGRN,length1,48
-3,1631040,1631031,9,MVN,length1,9
-3,1631028,1631025,3,M,length1,3
-3,1630881,1630734,147,MRKCSIKLFHHFRRCAFLWSKNGRCTTFTTERIIHIARYFNVNLLQTWI,length1,147
-3,1630488,1630485,3,M,length1,3
-3,1630152,1630122,30,MVIIKPTALS,length1,30
-3,1629879,1629846,33,MYDGKPECSKP,length1,33
-3,1629813,1629738,75,MMPASAPVPSNIIATGVILLNPLIA,length1,75
-3,1629414,1629012,402,MAFGFGDIILPALPPPIMASKIAAFDKSLRRDNAKAIGETVITATSTNTPTAVKIIVASAKASKARVSPNLLVMVSAMEFAAPDSISTPANTPAAKIRITAVVIPCAPPIIRLTVCDKSAPPINPPTKAPTNIP,length1,402
-3,1628988,1628916,72,MRKIATINATNAPIAETVVIFSLL,length1,72
-3,1628805,1628799,6,MF,length1,6
-3,1628559,1628553,6,MG,length1,6
-3,1628526,1628484,42,MLIKHINTLAWMMF,length1,42
-3,1628238,1628232,6,ML,length1,6
-3,1628118,1628115,3,M,length1,3
-3,1628079,1628058,21,MPAFLFE,length1,21
-3,1627944,1627935,9,MNR,length1,9
-3,1627761,1627680,81,MNDLHCTFNNFFGSVFVKLHICNKEDK,length1,81
-3,1627521,1627461,60,MRSITEPSFPQIKNSFDENK,length1,60
-3,1627326,1627323,3,M,length1,3
-3,1626903,1626876,27,MICTPKLNK,length1,27
-3,1626720,1626687,33,MIFNVPKIPSS,length1,33
-3,1626609,1626534,75,MPFHPSFVNGVTVTLIALRIFSRIV,length1,75
-3,1626456,1626345,111,MAFFFASTGNIVSIASLMTISKLSSSKGNFIAFARCT,length1,111
-3,1625355,1625283,72,MVSTKKPLRLWQKPLNRKQALKLR,length1,72
-3,1625217,1625160,57,MFSILNKQRLLPIFLKQGF,length1,57
-3,1625001,1624944,57,MQHQNGKAKSVMYQLLARS,length1,57
-3,1624821,1624800,21,MAKYLLR,length1,21
-3,1624563,1624524,39,MWFRHLILNLMKN,length1,39
-3,1624479,1624467,12,MRSN,length1,12
-3,1624248,1624218,30,MSFCVRQKWD,length1,30
-3,1623834,1623786,48,MLFSRNLNPPLVVVSY,length1,48
-3,1623702,1623654,48,MKCLLTTALLHYYPPF,length1,48
-3,1622943,1622865,78,MILKPYPLLCGNIPAMRNMLPPPLMR,length1,78
-3,1622817,1621749,1068,MRLNKMINNPLLTVKNLNKFFNEQQVLHDISFSLQRGEILFLLGASGCGKTTLLRAIAGFEHPNTGEIWLKERLIFGENFNLPTQQRHLGYVVQEGVLFPHLNVYRNIAYGLGNGKGKNSEEKTRIEQIMQLTGIFELADRFPHQLSGGQQQRVALARALAPNPELILLDEPFSALDEHLRQQIRQEMLQALRQSGASAIFVTHDRDESLRYADKIAIIQQGKILQIDTPRTLYWSPNHLETAKFMGESIVLPANLLDENTAQCQLGNIPIKNKSISQNQGRILLRPEQFSLFKTSENPTALFNGQIKQIEFKGKITSIQIEINGYAIWIENVISPDLSIGDNLPVYLHRKGLFYA,length1,1068
-3,1621344,1621245,99,MQTNVKSPDIFASHLIGSNLMPFLHHRVLFARP,length1,99
-3,1621140,1621131,9,MLA,length1,9
-3,1621104,1621083,21,MNELWVN,length1,21
-3,1620939,1620672,267,MVEFNGPNSTTSAPINAIKRPSDVPPPVSAFGVMPMVSSIAEVIESNNLPGFVKKGLPDKFHSIRYFKLCFSSISATFCLMISSVTSVQ,length1,267
-3,1620606,1620549,57,MLAICRLVGGKNSLPLSHW,length1,57
-3,1620273,1620261,12,MVPL,length1,12
-3,1620171,1620129,42,MPSIISAENGGDDH,length1,42
-3,1619544,1619538,6,MP,length1,6
-3,1619451,1619445,6,MN,length1,6
-3,1618938,1618887,51,MPFLLNNSKCGLFFAAT,length1,51
-3,1618872,1618869,3,M,length1,3
-3,1618833,1618830,3,M,length1,3
-3,1617840,1617633,207,MTCSRVIPMPLSLIVIVPLSASKLTRTRKSPSPSYKAGLESALKRNLSAASEALEINSRKKISLLEYKE,length1,207
-3,1617393,1617369,24,MNSVLDTR,length1,24
-3,1617255,1616502,753,MNNLELEQLINQKLSSDKINDYAPNGLQVEGKTEIKKIITGVTASQALIDYAISQNADAILVHHGYFWKSETPCIRGMKGKRIKALLVNDINLYGYHLPLDVHPELGNNAQLAKLLDIENLQPLEKGTVSIPVWGELKEPMTGKDFAEKIEKVLNRKPLICIENGPHLIRKIGICTGGGQGYIDLAAEQGCDAFITGEVSEQTIHSAREQGLHFFSAGHHATERYGIKALGEWLAKEYGFDVEFKDIDNPA,length1,753
-3,1616259,1616229,30,MCMCAVNIVM,length1,30
-3,1616172,1616055,117,MPYWKKCVFKKKNWHSPNWMTFPLKKLPVMFFITPQNGH,length1,117
-3,1615986,1615899,87,MVSAPTFMKSSTASSCVNKSAICPIKMFC,length1,87
-3,1615791,1615776,15,MYLKN,length1,15
-3,1615524,1615491,33,MMKPMPFVNLT,length1,33
-3,1615386,1615287,99,MAKAGAKIKPISKTAMRLSTVALKLPYQITGAM,length1,99
-3,1615275,1615236,39,MLPHAPAMDSCYS,length1,39
-3,1615203,1614633,570,MTTKSAAEWPPCITAQACLPAMQVQEKATFVAILLKKICSKPSYSCLTTCFITQVLPLIFGCCPTTNLKHAKAKFSSLMPASYSANCVKTLAIKTANLYLNISPKLPKTILISLPKRAKPTAKMKQSAWLRRFLTIKISAITKSPSNARIAVLPNLPPKISRLYGLTRLCLSRCNIFIGNMANKFTTPDF,length1,570
-3,1614378,1614372,6,MP,length1,6
-3,1614213,1614108,105,MKRAATCATANPYRSNKISTTISKPKCKRTSAKHG,length1,105
-3,1614081,1614000,81,MKSASTNTSTATNHYAALQKLPKIFWR,length1,81
-3,1613877,1613862,15,MNFTF,length1,15
-3,1613847,1613841,6,MK,length1,6
-3,1612572,1612491,81,MDKLQRHPKSHFALSIYKWYGDIVRIS,length1,81
-3,1611543,1611465,78,MDRASAGALGCATFKIHFQENRKKSE,length1,78
-3,1610079,1609992,87,MARGVRQSKPCQHYSAFYALRRFNQRSVG,length1,87
-3,1608081,1608051,30,MVSRLERNAG,length1,30
-3,1607067,1606989,78,MERLKCLRFLTHTQEFNWFTCDLTNR,length1,78
-3,1606836,1606794,42,MDLLDFVHHFCINV,length1,42
-3,1606593,1606533,60,MAFTQEFCQFTHAGGFTRTL,length1,60
-3,1606137,1606122,15,MKMDF,length1,15
-3,1606107,1606095,12,MKKA,length1,12
-3,1605972,1605951,21,MTALFVD,length1,21
-3,1604538,1603770,768,MEHEYQRAVTRVCVQTALLLLQHGAESTVVVQMAQRLGVALGVESVECALTANAVVLTTLSDNHCITTARKNTDKGINMQMVTDVQRIVIAVEHHLYELEIVQRKLDQLKPLKYNRWLVVFMIGLSCAAFAHLSGGDWIICSITFVAAAIAMFVRQEFSKRHYNPLIVFSITSFVASLISGVSLKYNLGNDPQIALASSVLLLVPGFPLINSLADILKGYVNMGLGRWTIATVLTFGACLGIVFALSLLHITTWGH,length1,768
-3,1603716,1603677,39,MCCDSSGGLCFSI,length1,39
-3,1603014,1603011,3,M,length1,3
-3,1602897,1602828,69,MIRRICRLTLNFYHINGISITTN,length1,69
-3,1602825,1602810,15,MGRGF,length1,15
-3,1601901,1601889,12,MFPF,length1,12
-3,1601055,1601049,6,MV,length1,6
-3,1601022,1601013,9,MWH,length1,9
-3,1600989,1600953,36,MLIMNLNLSLVS,length1,36
-3,1600893,1600884,9,MAI,length1,9
-3,1600845,1600773,72,MNFILIQNYLVAKPYVIKPKQLAG,length1,72
-3,1600755,1600665,90,MCINHLCLCSVCQTMQKITKHLHTLFANKQ,length1,90
-3,1600632,1600623,9,MSI,length1,9
-3,1600581,1600536,45,MPIFTLCSIGVEQWV,length1,45
-3,1600467,1600464,3,M,length1,3
-3,1600293,1600263,30,MFYCQVENVY,length1,30
-3,1600014,1600011,3,M,length1,3
-3,1599945,1599909,36,MMIVINYLVVQY,length1,36
-3,1599873,1599861,12,MQQT,length1,12
-3,1599792,1599756,36,MEWVTLKMLECS,length1,36
-3,1599753,1599690,63,MGLQKVLKNTNRVLFLLSLNY,length1,63
-3,1599648,1599621,27,MVMVVLLEQ,length1,27
-3,1599552,1599507,45,MEIIAIITKKLIVLH,length1,45
-3,1599495,1599456,39,MNKKILIYYYLVL,length1,39
-3,1599450,1599381,69,MLAIIKDPIIAKFFFQKIIKKPD,length1,69
-3,1599324,1599252,72,MVFIKAGSLSQQKEISYLNQVRVI,length1,72
-3,1599243,1599177,66,MVLILLGNVNWFIEIKKIKITH,length1,66
-3,1599099,1599036,63,MILAPKKPLLYFWVHSVIKAG,length1,63
-3,1598970,1598943,27,MNYYLVCNG,length1,27
-3,1598880,1598808,72,MAIFNLIICLLDVNIHRHFIYKIK,length1,72
-3,1598769,1598751,18,MTISII,length1,18
-3,1598721,1598661,60,MIYLWGRIIVRKIIMAGLII,length1,60
-3,1598649,1598643,6,MM,length1,6
-3,1598583,1598541,42,MNNMRRNISNLLGL,length1,42
-3,1598451,1598370,81,MMFFNLELLIFTIAARMKYLKPEELIV,length1,81
-3,1598364,1598280,84,MLQIPIMFVLKSLEIIVICQVMLFKVQS,length1,84
-3,1598229,1598226,3,M,length1,3
-3,1597479,1597365,114,MSSLTTKPTHIYSCFSFFPINIISFHKYHYSKRHLMSY,length1,114
-3,1597299,1597296,3,M,length1,3
-3,1596489,1596450,39,MYHYTYTPDLSTS,length1,39
-3,1596414,1596282,132,MTHLLASFVLRCFQHLSLPHLATQQCLWRDNWNTSDASTPVLSY,length1,132
-3,1596189,1596144,45,MANSHTLGTYFSPRM,length1,45
-3,1596105,1595973,132,MNSWAVSACYPRSTFYPLSDGPSIQNHRITMTYFRTCSTCLSRS,length1,132
-3,1595940,1595925,15,MSDRD,length1,15
-3,1595604,1595544,60,MPFVQVGTYPTRNFATLGPL,length1,60
-3,1594890,1594797,93,MSAFALVIRPANLSINLHPLTQRSPTQQAYH,length1,93
-3,1594737,1594710,27,MPLRAILAC,length1,27
-3,1594680,1594593,87,MPQLRCYISAPLHLPRRPTRLVSYYAFFK,length1,87
-3,1594401,1594392,9,MDP,length1,9
-3,1593612,1593564,48,MFQFSRFASTSYEFTC,length1,48
-3,1593075,1592928,147,MGTSIKDTLFSFYLLTFIFQRCFRFVFNLVYNYQPICVSTRCLSSSVRR,length1,147
-3,1592808,1592802,6,MV,length1,6
-3,1592724,1592679,45,MESSCRLQSGLRRTL,length1,45
-3,1592391,1592352,39,MSRVGKVLRVASN,length1,39
-3,1591794,1591740,54,MAASGFPPLRNIPHCCLP,length1,54
-3,1591620,1591446,174,MACGLSVPHFRLSTLRGISDSFPSLSPSISQIPKHYSPVRHSSARKQASSCYRSTCMC,length1,174
-3,1591416,1591380,36,MIKLFNSSSIAQ,length1,36
-3,1591338,1591311,27,MMNFQLSTY,length1,27
-3,1591122,1591059,63,MGWLMGFEPTTTGITIQGSTN,length1,63
-3,1590909,1590900,9,MIS,length1,9
-3,1589760,1589742,18,MGHFWL,length1,18
-3,1589703,1589688,15,MWIRY,length1,15
-3,1589616,1589571,45,MLGLCLSVPHKVDYR,length1,45
-3,1589130,1588992,138,MLPHLNLKKSLNFHDSNKHGYARPAEFYLHRDELYLDVQSNRQFHL,length1,138
-3,1588926,1588923,3,M,length1,3
-3,1588608,1588602,6,MI,length1,6
-3,1588371,1588359,12,MFNV,length1,12
-3,1588263,1587156,1107,MSVCKPFWFKTFSISIITALLVSCTSNIKNIQIPTTLNGSDPQQFGAKYTNRTYQQAALVPVSNIENQSAVINQGDFLTQLSNIKNYSSKLSTNFYDNYEKITNWVLSGANINELTQFNIHPQIMRGFDGYQNVLMTGYYSPILYARHTPQGQFKNPIYRMPVKKRLSRAQIYAGALTGKRLELAYSDSMLENFLLGVQGSGYVDFGDGNLNYFAYAGQNGYPYTAIGRLLVEDGEIPKEKMSIQAIREWGNRNPSRVQSLLERNEAYVFFKNDPSGKVKGSAGVPLVAMASVASDRNIIPSGSVLLVEVPDIDNNGNWIGTHKLHLMVALDVGGAVKGHHFDLYRGIGARAGHIAGLSKHYGRVWVLR,length1,1107
-3,1587093,1587087,6,MA,length1,6
-3,1586973,1586931,42,MIFASQISIANFLR,length1,42
-3,1586844,1586766,78,MILSRQRINRIISTEAMTTSLMPLTM,length1,78
-3,1586718,1586715,3,M,length1,3
-3,1586556,1586532,24,MRYFQHNL,length1,24
-3,1586370,1586334,36,MHIDHKCAFFIE,length1,36
-3,1586313,1586241,72,MKNFPSFYYKIVAIYIKRRTLFSL,length1,72
-3,1586142,1586130,12,MPMY,length1,12
-3,1586085,1586079,6,MA,length1,6
-3,1586037,1586025,12,MITI,length1,12
-3,1585890,1585887,3,M,length1,3
-3,1585848,1585716,132,MKMAIMTISTNTNMIINTTTTTTMIINTSINTITNIMITIITRV,length1,132
-3,1585539,1585473,66,MLKIKVSTFSTMLMVISTMLMV,length1,66
-3,1585392,1585380,12,MNIK,length1,12
-3,1585308,1585305,3,M,length1,3
-3,1585254,1585209,45,MQHSCNLLQIATWNV,length1,45
-3,1585113,1585083,30,MQRHSPFLYR,length1,30
-3,1584888,1584870,18,MINIKK,length1,18
-3,1584657,1584549,108,MWISHCINVPFYELQIKNKYSLKVRNKKYSQFRNRF,length1,108
-3,1583868,1583805,63,MPKFLLHFVHSPNLIPSHWLG,length1,63
-3,1583442,1583322,120,MYISNYFPTHILRKDYHVSSHYQQLPYQAQVVIVQHHNLE,length1,120
-3,1583208,1583154,54,MCHKYLRYEYVSLYFSVD,length1,54
-3,1583082,1583070,12,MIYN,length1,12
-3,1583025,1583010,15,MKFKR,length1,15
-3,1582824,1582815,9,MPV,length1,9
-3,1582707,1582698,9,MNL,length1,9
-3,1582617,1582605,12,MNKP,length1,12
-3,1582374,1582299,75,MYGYHEQSYKQNLHQPFAPLNRNVL,length1,75
-3,1581699,1581558,141,MKKLAVKQGLPILVKNVFDALHGQMLLRDCVVAYFHLILDKINCFNR,length1,141
-3,1581408,1581351,57,MAKSLITSTLKNTLLEKLQ,length1,57
-3,1581282,1581258,24,MKNSKNVA,length1,24
-3,1581216,1581159,57,MHGVTPQLKMVVSVKLNMH,length1,57
-3,1581063,1581042,21,MALFVTK,length1,21
-3,1581009,1580919,90,MKCYVWLMHYNSMKITVKFALLNGKKVKKG,length1,90
-3,1580760,1580205,555,MKFNIPIFLTIFRVILIPFFVIAFYLPIESSPFITTLIFFIAGVTDWLDGYLARKWKQTTRFGAFLDPVADKVMVVAALVLIVEHQHTFWITIPAIIMISREIIISALREWMAELGERSKVAVSWWGKWKTTAQMLALGGLLWRYNNYMEIAAIILLYIAAILTIWSMIQYLQVAKGSLLDNIQL,length1,555
-3,1580049,1580040,9,MRE,length1,9
-3,1579392,1579278,114,MTPITLASRNTPVANGWRVINNTSNSSPSSSKVCGMKP,length1,114
-3,1579158,1579125,33,MPASTSPGVKI,length1,33
-3,1578669,1578609,60,MGKCTNGNWLCNFSYCFYSI,length1,60
-3,1578507,1578495,12,MDLA,length1,12
-3,1578282,1578243,39,MGNYRYYYRRFNF,length1,39
-3,1576686,1576101,585,MRLCDTDIERYLDDGIISLTPRPNNDKINGATIDVRLGNSFRVFREHSAPFIDLSGPKEEVSAQLESVMSDEILIPEGEAFFLHPGTLALATTLESVKLPANIIGWLDGRSSLARLGLMVHVTAHRIDPGWEGKIVLEFYNSGKLPLALRPNMVIGALSFEVLSGEAKRPYSSRKDAKYKNQQSAVASRIDEDKE,length1,585
-3,1576095,1574922,1173,MKKFALIIGIVFLAIFSFLYIQLYRVQSAINEQLAQQNIAVQSINLSLFSPALSLENLKTTQFSAQKIEAKFSFLPLLYGNAALHSLNIQQLKLTQNTQNPANVSIEVSPFSLKQLLSKKVILNGENHIRIEFNKPIYGKTKTFHFSFHKANLDFSTSESAPLQFVDANLNNQPIGYIETHTAHQQIVTYIKPQCDNDCLAVLKYQQIDNQSAVNFSGKYFPVQRLFALLNLPEMLSGHADFDLDFSFSSSALIQGKLNFLAQNGEILGVNLLDMVAQHFPINYNNDLLQNKELNTRFEQFYLQLFLQQNQLIAEKIELKTPALLGQGKGIIDLNRMECNVDINLNSTDQRYQNLTLPINFFGNCNSPQYKINFTKKFRHQLIDAIKEKLR,length1,1173
-3,1574751,1574736,15,MRGQC,length1,15
-3,1574337,1574274,63,MLALLQVYPCLRNAHYYFGFM,length1,63
-3,1574208,1574205,3,M,length1,3
-3,1573935,1573842,93,MQPMLPQLFTRAFSMQELAQAHYLETLRQPI,length1,93
-3,1573833,1573806,27,MKLVIQAQH,length1,27
-3,1573389,1573305,84,MRRPPIIGGWCSSVAICKIRVKSEVVIF,length1,84
-3,1572795,1572600,195,MAILIFLSCSSSSSSSNASSINAVSSSESKSNSCSHSSCSSSEVRSFSSAFSIFSAKGASTCSIN,length1,195
-3,1572030,1572021,9,MAF,length1,9
-3,1571778,1571745,33,MNKFQIQKKHP,length1,33
-3,1571712,1571664,48,MDGTRTRDPLRDRQVF,length1,48
-3,1570773,1570758,15,MQCPS,length1,15
-3,1570599,1570587,12,MDLA,length1,12
-3,1570536,1570461,75,MKKCSPKAISKPPIIEWNYALSLKH,length1,75
-3,1570401,1570395,6,MA,length1,6
-3,1570305,1570266,39,MNPSNVIKLIGNG,length1,39
-3,1570257,1570221,36,MQDTEKMKFAMN,length1,36
-3,1569897,1568805,1092,MKKTLAALIVGAFAASAANAAVVYNNEGTNVELGGRLSVIAEQSNSTRKDQKQQHGELRNAGSRFHIKATHNFGDGFYAQGYLETRLVSDYESRSDNFGNIITKYAYVTLGNKGFGEVKLGRAKTISDGITSAEDKEYGVLKNKEYIPKDGNSVGYTFKGIDGLVLGANYLLAQKRDAYKTATATPGEVTSQSISNGVQVGAKYDANNIIVGIAYGRTNYREDVPQQNDVGKKQQVNGALSTLGYRFSDLGLLVSLDSGYAKTKNYKDKHEKRYFVSPGFQYELMEDTNLYGNFKYERNSVDQGKKEREQAVLFGIDHKLHKQVLTYIEGAYARTRTTMHDTKKTSTVKTEKEKSVGVGLRVYF,length1,1092
-3,1568388,1568343,45,MPLQLCHSHHSNALL,length1,45
-3,1568091,1568064,27,MLRLCGMRL,length1,27
-3,1567473,1567428,45,MRISYSVPNINISLT,length1,45
-3,1567362,1567359,3,M,length1,3
-3,1567074,1567050,24,MVKAYFGT,length1,24
-3,1566573,1566492,81,MICCAAQQLTCCSVCNGIKRILAFLYY,length1,81
-3,1566234,1566216,18,MILFIS,length1,18
-3,1565463,1565412,51,MFNFREAKFVIEWRHCR,length1,51
-3,1565199,1565181,18,MADNLA,length1,18
-3,1564872,1564836,36,MPLLLHHFVLQF,length1,36
-3,1564665,1564626,39,MNPHQIKKYGVLF,length1,39
-3,1563993,1563798,195,MAFAERSTSAVAFSSFFLKRSNTSFGSHGSSHWEETASIARPEAIASTQPRRPQPQIAPFGSANV,length1,195
-3,1563540,1563501,39,MPLLIIPVDATAT,length1,39
-3,1562487,1562454,33,MKKKCHFKEYF,length1,33
-3,1562436,1562433,3,M,length1,3
-3,1562175,1562169,6,MT,length1,6
-3,1562154,1562046,108,MLELHQMNIKRQKCLPKKSKKNHRVKLKFHFIQVHN,length1,108
-3,1562040,1562025,15,MTAQC,length1,15
-3,1561929,1561866,63,MLLATIMLHKKPYSIQNLVKI,length1,63
-3,1561734,1561719,15,MQQQT,length1,15
-3,1561713,1561617,96,MLNMLAHHQHQWHFLKFILRYKPMPSMVKKTR,length1,96
-3,1561590,1561572,18,MKCKSS,length1,18
-3,1561548,1561533,15,MTNFI,length1,15
-3,1561476,1561434,42,MLPKMQQNITLNYS,length1,42
-3,1561431,1561416,15,MEKKI,length1,15
-3,1561335,1561323,12,MLSL,length1,12
-3,1561197,1559349,1848,MKYINKLEEWLGGTLFIAIFGILIAQILSRQVFHSPLIWSEELAKLLFVYVGMLGISVAVRKQEHVFIDFLTNLMPEKIRKFTNTFVQLLVFVCIFLFIHFGIRTFNGASFPIDALGGISEKWIFAALPVIAILMMFRFIQAQTLNFKTGKSYLPATFFIISAVILFAILFFAPDWFKVLRISNYIKLGSSSVYVALLVWLIIMFIGVPVGWSLFIATLLYFSMTRWNVVNAATEKLVYSLDSFPLLAVPFYILTGILMNTGGITERIFNFAKALLGHYTGGMGHVNIGASLLFSGMSGSALADAGGLGQLEIKSMRDAGYDDDICGGITAASCIIGPLVPPSIAMIIYGVIANESIAKLFIAGFIPGVLITLALMAMNYRIAKKRGYPRTPKATREQLCSSFKQSFWAILTPLLIIGGIFSGLFSPTESAIVAAAYSVIIGKFVYKELTLKSLFNSCIEAMAITGVVALMIMTVTFFGDMIAREQVAMRVANVFVAVADSPLTVLVMINALLLFLGMFIDALALQFLVLPMLIPIAMQFNIDLIFFGVMTTLNMMIGILTPPMGMALFVVARVGNMSVSTVTKGVLPFLIPVFVTLVLITIFPQIITLVPNLLIP,length1,1848
-3,1559223,1559208,15,MPFNE,length1,15
-3,1559148,1559094,54,MYRTFCYLYFFSERTNLS,length1,54
-3,1558974,1558875,99,MERNCYISRWRTQSTCCSRSGWKTLCIRWFTKK,length1,99
-3,1558569,1558560,9,MAQ,length1,9
-3,1558416,1558401,15,MEKLT,length1,15
-3,1558203,1558140,63,MAHRWGITNEYWLWFFCILQQ,length1,63
-3,1557882,1557450,432,MLFIPPPLLCLFIAIAMYFLPKIASYSVHFSVIVFVISLSFLIALSSVMQFFICKTSINPRDFKGTTKLVSTGIFRFSRNPMYLSLLLILLAWTLWLGNSLAWLGVIVFILVMNHCQIAREEAYLENKFGDEYRRYKQKVRRWL,length1,432
-3,1556703,1556568,135,MLSIKGTLKCKPGSYTTTLLSASRCTLLNRNIMPRVPSVTTTILE,length1,135
-3,1555881,1555833,48,MHYLSLDSNYHLHLLR,length1,48
-3,1555689,1555656,33,MLVSSSNRVEQ,length1,33
-3,1555530,1555464,66,MAYCLENCHYFDRSFYFHHLIF,length1,66
-3,1555374,1555263,111,MNFPAVGRCFALVYSKDRDLNRSVTFHSPFVKKLLRV,length1,111
-3,1555239,1555230,9,MKI,length1,9
-3,1554483,1554480,3,M,length1,3
-3,1554114,1554072,42,MPMRMSKGKFAPYQ,length1,42
-3,1553751,1553739,12,MLYW,length1,12
-3,1553508,1553505,3,M,length1,3
-3,1553490,1553424,66,MLPKTLPLDVLDEFCFSMQHRR,length1,66
-3,1553358,1553343,15,MGRVK,length1,15
-3,1553262,1553238,24,MRKSPPQE,length1,24
-3,1553055,1553019,36,MQIILLFRHITK,length1,36
-3,1552968,1552917,51,MFMKGKNKKCGNFKEDY,length1,51
-3,1552596,1552485,111,MYFLVTCNYFMVWSHHKIGNVNTHIKYSYVPLHTLKA,length1,111
-3,1552398,1552344,54,MSKFSLSISHHSRVTLYP,length1,54
-3,1551744,1551729,15,MHLLN,length1,15
-3,1551570,1551456,114,MRLVKPFNTLPGPTSTSAKTPSCAIFSTVSVQRTGLYN,length1,114
-3,1551114,1550952,162,MIAYIAPVPSGTACCINFPRNSTNLIASWKSNTPAQTKAEYSPKLWPAITSGFN,length1,162
-3,1550703,1550682,21,MFCPIVF,length1,21
-3,1550487,1550481,6,ML,length1,6
-3,1549788,1549752,36,MGGDNSFLFTRF,length1,36
-3,1549509,1549506,3,M,length1,3
-3,1549299,1549272,27,MTRQIATGG,length1,27
-3,1549158,1549089,69,MQIVIRGPTSPPITSNAKVRRFK,length1,69
-3,1548765,1548684,81,MNALVQAAKLKLAHLPPCQLNLFRQTH,length1,81
-3,1548600,1548477,123,MFVCKVRYNADIQARYQSVLYLSSPLIFVDQHKTIMLPVHR,length1,123
-3,1548147,1548126,21,MSCRKFI,length1,21
-3,1547988,1547967,21,MNFLFVR,length1,21
-3,1547790,1547709,81,MGNLLLLIFLLVIITECICRAMLRYAK,length1,81
-3,1547703,1547679,24,MCRVIYSL,length1,24
-3,1547658,1547625,33,MYQIYLHVMNV,length1,33
-3,1547490,1547463,27,MKAKVRSNY,length1,27
-3,1547367,1547307,60,MNLFAWAKSWHIKNKQDLFP,length1,60
-3,1547304,1547262,42,MTETNPENRYFSLL,length1,42
-3,1546785,1546755,30,MPFSIISPTA,length1,30
-3,1546752,1546731,21,MPFTLVF,length1,21
-3,1546323,1546260,63,MPYSCPLIFGRYGRPPVAIKI,length1,63
-3,1545942,1545921,21,MIAHFFP,length1,21
-3,1545711,1545708,3,M,length1,3
-3,1545690,1545684,6,MK,length1,6
-3,1545483,1545429,54,MIYYTNLSHLVHKLSLEF,length1,54
-3,1545264,1545252,12,MHLI,length1,12
-3,1545129,1545084,45,MLIYLIVLGSLQEIM,length1,45
-3,1545063,1545051,12,MIMF,length1,12
-3,1545036,1545030,6,MP,length1,6
-3,1544976,1544958,18,MYSVSF,length1,18
-3,1544817,1544793,24,MRYCQRRL,length1,24
-3,1544685,1544670,15,MESTK,length1,15
-3,1544646,1544616,30,MCRYWALILL,length1,30
-3,1544529,1544514,15,MRRLI,length1,15
-3,1544334,1542993,1341,MITIKKGLDLPIAGKPAQVIHSGNAVNQVAILGEEYVGMRPSMKVREGDVVKKGQVLFEDKKNPGVIFTAPASGTITAINRGEKRVLQSVVINVEGDEKITFAKYSTEQLNTLSSEQVKQNLIESGLWTALRTRPFSKVPSIESEASSLFVNAMDTNPLAADSSVVLKEYSQDFTNGLTVLSRLFPSKPLHLCKAGDSNIPTADLENLQIHDFTGVHPAGLVGTHIHFIDPVGIQKTVWHINYQDVIAVGKLFTTGELYSERVISLAGPQVKEPRLVRTIIGANLSQLTQNELSAGKNRVISGSVLCGQIAKDSHDYLGRYALQVSVIAEGNEKEFFGWIMPQANKYSVTRTVLGHFSKKLFNFTTSENGGERAMVPIGSYERVMPLDILPTLLLRDLIVGDTDGAQELGCLELDEEDLALCSFVCPGKYEYGSILRQVLDKIEKEG,length1,1341
-3,1542843,1542837,6,MR,length1,6
-3,1542780,1542741,39,MGCTMWVTKRFQR,length1,39
-3,1542693,1542675,18,MLLQVH,length1,18
-3,1542654,1542597,57,MQLGALKWLLEQFSFYQFT,length1,57
-3,1542531,1542495,36,MKECSFQPFYLR,length1,36
-3,1542309,1542240,69,MVSLVQPHFHSGHKVVKVHCNIP,length1,69
-3,1542213,1542156,57,MLLLVTYLVQWGKFLPLQF,length1,57
-3,1541760,1541028,732,MAKFNKDSVGGTILVVLLLSLVCSIIVAGSAVMLKPAQEEQKLLDKQKNILNVAGLLQENTNVKETYAKFIEPRFVDLATGEYTQQADDSQQAIPADADKARIRSRSKTTEVYLVKDEQGQTQQVILPIYGTGLWSVMYGLVSVQPDGNTINGITYYQHGETPGLGGEIENPNWASLFKGKKLFDEQHQPAIRIVKGQAPQDEHSIDGLSGATLTGNGVQGTFNYWFSKDGFGPYLEKLHSGAN,length1,732
-3,1540749,1540707,42,MLMVYLNNFQYSLV,length1,42
-3,1540629,1540611,18,MVSEMA,length1,18
-3,1540605,1540593,12,MVQC,length1,12
-3,1540515,1540446,69,MVAGIKQMVYSYLHQVHSLSSDL,length1,69
-3,1540218,1540206,12,MQMY,length1,12
-3,1540197,1540191,6,ML,length1,6
-3,1539972,1539954,18,MVSAQV,length1,18
-3,1539660,1539612,48,MTILKKQSHYLQVANY,length1,48
-3,1539525,1539453,72,MVAEKFFQPNFLTLTNVKQKKVIV,length1,72
-3,1539438,1539435,3,M,length1,3
-3,1539255,1539252,3,M,length1,3
-3,1539195,1539024,171,MIYGVMSLKWTSILSVLTQWLHTLKRKVSLCLTFVLRLHHHANLMRLRVKCLLIFGH,length1,171
-3,1538961,1538892,69,MQKWYLSVVVRVWLQCVHISSTN,length1,69
-3,1538853,1538688,165,MVHVLNVKYSIKKTLTNYKLKIQTLYGTWHFQMHCLKIIGLAIQALFTMYFMKTT,length1,165
-3,1538679,1538634,45,MKHQKTVNTICVGLQ,length1,45
-3,1538628,1538619,9,MQL,length1,9
-3,1538586,1538571,15,MKTFY,length1,15
-3,1538568,1538544,24,MTLVADFS,length1,24
-3,1538466,1538445,21,MITGKFC,length1,21
-3,1538031,1538016,15,MGIWS,length1,15
-3,1537365,1537107,258,MQTLFFTLIAFVAIILLMSIGFIIKKQSLKGSCGGLSSLGIDKACDCDKPCDTLQSKLDAGDEQAKAEYEQKFAKKDDNSQFYEVK,length1,258
-3,1537080,1537029,51,MCKIKLTAKLFCRFLIQ,length1,51
-3,1537023,1536984,39,MCFALTEVTGELC,length1,39
-3,1536924,1536909,15,MRQKK,length1,15
-3,1536804,1536738,66,MTILIIVLPQLILQMLKQYAIN,length1,66
-3,1536690,1536672,18,MSLSIF,length1,18
-3,1536591,1536498,93,MQLKISVQIILQQGIMYVEREIMKMQNYYVV,length1,93
-3,1536495,1536459,36,MPIKIKVIFFIL,length1,36
-3,1536258,1536228,30,MMKLLVVMMD,length1,30
-3,1536174,1536150,24,MREMKLGM,length1,24
-3,1536138,1536135,3,M,length1,3
-3,1536126,1536072,54,MNLLSRKVTIILVYFQKD,length1,54
-3,1535958,1535940,18,MMKLFE,length1,18
-3,1535931,1535913,18,MNLNQQ,length1,18
-3,1535829,1535814,15,MTKSA,length1,15
-3,1535424,1535385,39,MCCSHFIARCCSE,length1,39
-3,1535172,1535163,9,MIA,length1,9
-3,1535103,1535031,72,MNILWNIPIWVNCLHINNLTHLDV,length1,72
-3,1534980,1534962,18,MVHTIP,length1,18
-3,1534818,1534722,96,MDGQYVPYERGFDACAPFLNVNVNGCSYGNFP,length1,96
-3,1534329,1534281,48,MEYFLLQNVFHLPLQQ,length1,48
-3,1534194,1534095,99,MFLIGNENIQGTTLQVFGLNVVPFVLAALQPKG,length1,99
-3,1533975,1533189,786,MRKIKSLALLAVAALVIGCSSGSKDVEQASVNELYTKGTTSLQEGSYSEAIRYLKATTERFPGSVYQEQAMLDLIYANYKTQDYTQVLLMVDSFLHQFPQSPNQAYAVYMAGLTNAATGDNFIQDFFGIDRATRETTSMRTAFSNFQNLVRVFPNSPYAQDALARMAYIKDALARHELEIAKFYAKRKAWVAVANRVVGMLKQYPDTKATYEGLFLMQEAYEKMGLTALANDTQKIIDANKDKTFAPIEKPNEPDLKVPAVK,length1,786
-3,1533015,1532937,78,MFLLLFRCCPQTLSPKFIIEISSYLS,length1,78
-3,1532934,1532847,87,MIICTIQDLILTNRTCITFRLRINIQSLI,length1,87
-3,1532826,1532661,165,MYNLWLLVIHPDRFTIDVIIHILYQTYISASYISRRCQLHIILFSLLDLSRTGSK,length1,165
-3,1532613,1532553,60,MLADIYSRILQCAHNLLGLF,length1,60
-3,1532082,1532076,6,MP,length1,6
-3,1531794,1531782,12,MSLI,length1,12
-3,1531767,1531740,27,MFPPKCGQK,length1,27
-3,1531266,1531230,36,MVNTDCVGTALR,length1,36
-3,1531203,1530915,288,MKRSTKSQAMSSTRLSLLPYCGYSPSISKSIATLVATTLPSLSLMSPRTGLTFAYLIAESESAATERPAIPQAMVRYTSRSCNAINAASYEYLSCI,length1,288
-3,1530537,1530501,36,MVKFGSGEVPML,length1,36
-3,1530432,1530393,39,MVSVAHIGSPENN,length1,39
-3,1530279,1530204,75,MYTSIKVAVRPNDIAAPFCDFIAAR,length1,75
-3,1530183,1530174,9,MAS,length1,9
-3,1529952,1529934,18,MIRPRP,length1,18
-3,1529745,1529718,27,MARFKGSSV,length1,27
-3,1529685,1529682,3,M,length1,3
-3,1529661,1529622,39,MVDGVCSSKSNGA,length1,39
-3,1529376,1529364,12,MRFG,length1,12
-3,1529280,1529268,12,MVQI,length1,12
-3,1529208,1529148,60,MCGNNSHRNHKHISHTVFKS,length1,60
-3,1529007,1528974,33,MNFMLGGCKNC,length1,33
-3,1528020,1527108,912,MYYGLDIGGTKIELAVLNEKLEKLYSERVPTPKTDYEEWLNTIVDLVNRADEKFGEAGTVGLGVPGFVNQQTGLAEIANIRVADNKPILCDLSTRLGREVRAENDANCFALSEAWDTENQQYSTVLGLILGTGFGGGFVLNGKVHSGQVGMAGELGHLKLNYHALKLLGWDNAPIYQCGCGNKACLDNYLSGRGFEMLYQDLKGETLSARKIIDLFYQSNESAVDFVNLFVELAAISIGNIITAFDPHMIVLGGGLSNFDYLYEALPKALPPHLMRTAKVPPIKKAKHGDSGGVRGAAALFLTK,length1,912
-3,1526862,1526718,144,MDLYGMPPLLFCLGLVYFLPLQQDLCSSVYSLQAFVKCGLVVRWRGVH,length1,144
-3,1526526,1526481,45,MDHSVAALLIILYKV,length1,45
-3,1526376,1526337,39,MRGIGKGNMSVFH,length1,39
-3,1526157,1526112,45,MLPLAECLVRWYQKQ,length1,45
-3,1525926,1525869,57,MVAKRSKVSHLRKMLCNIT,length1,57
-3,1525797,1525731,66,MPMRKAISVLSKINLGLSCCSV,length1,66
-3,1525686,1525659,27,MWCGISQIR,length1,27
-3,1525476,1525440,36,MATKKCSVFPKD,length1,36
-3,1525287,1525257,30,MRRDRQYARQ,length1,30
-3,1524924,1524894,30,MRRVRPLNAP,length1,30
-3,1524456,1524420,36,MNNCADRFSFVH,length1,36
-3,1524129,1524102,27,MVNAPFVDV,length1,27
-3,1523889,1523805,84,MYRTNTCSNAAAEQTHLFMVRFWVDFCQ,length1,84
-3,1523475,1523445,30,MAHARVSIAD,length1,30
-3,1523115,1523058,57,MSDVMNTVIAVLPITTCNG,length1,57
-3,1522929,1522926,3,M,length1,3
-3,1522644,1522359,285,MAKKSIFRAKFFLFYRTEFIMFGLSPAQLIILLVVILLIFGTKKLRNAGSDLGAAVKGFKKAMKEDEKVKDAEFKSIDNETASAKKENIKEKEQA,length1,285
-3,1522317,1521795,522,MILGLVVLGPKRLPIAIRTVMDWVKTIRGLAANVQNELKQELKLQELQDSIKKAESLNLQALSPELSKTVEELKAQADKMKAELEDKAAQAGTTVEDQIKEIKSAAENAEKPQNAISVEEAAETLSEAEKTPTDLTALETHEKVELNTHLSSYYPPDDIEIAPASKSQSSKTKS,length1,522
-3,1521783,1521015,768,MSNVDESQPLITHLVELRNRLLRCVICVVLVFVALVYFSNDIYHFVAAPLTAVMPKGTTMIATNIQTPFFTPIKLTAIVAIFISVPYLLYQIWAFIAPALYQHEKRMIYPLLFSSTILFYCGVAFAYYVVFPLVFSFFTQTAPEGVTIATDISSYLDFALALFLAFGVCFEVPIAIILLCWTGITTVKALSEKRPYIIVAAFFIGMLLTPPDVFSQTLLAIPMCLLFELGLLVARFYQPKDDESAVKNNDESEKTQ,length1,768
-3,1520721,1520697,24,MRFTRRIQ,length1,24
-3,1520652,1519305,1347,MSKVASLDAFLTKVAQRDGYQPEFLQAVREVFTSIWPFLEANPKYRSEALLERLVEPERAFQFRVAWTDDKGQVQVNRAFRVQFNSAIGPFKGGMRFHPSVNLSILKFLGFEQIFKNALTTLPMGGAKGGSDFDPKGKSDAEVMRFCQALMAELYRHVGADTDVPAGDIGVGGREVGYLAGYMKKLSNQSACVFTGRGLSFGGSLIRPEATGYGLIYFAQAMLAEKGDSFAGKVVSVSGSGNVAQYAIEKALSLGAKVVTCSDSSGYVYDPNGFTTEKLAALLEIKNVKRGRVKDYAELFGLQYFEGKRPWEVQVDIALPCATQNELELSDAQRLIKNGVKLVAEGANMPTTIEATEALLAADVLFGPGKAANAGGVATSGLEMAQSSQRLYWTAEEVDAQLHRIMLDIHANCKKYGTIEGQENINYVVGANVAGFVKVADAMLAQGVY,length1,1347
-3,1519116,1519089,27,MPYFSLISR,length1,27
-3,1518738,1518711,27,MHNILSQFS,length1,27
-3,1517703,1517658,45,MTKSLIKHRGHINYD,length1,45
-3,1517595,1517586,9,MTN,length1,9
-3,1517505,1517481,24,MKTMAVIA,length1,24
-3,1517457,1517406,51,MFTKSSRDNAEIIHIAE,length1,51
-3,1517355,1517337,18,MKLIIE,length1,18
-3,1516644,1515288,1356,MYPWQNFAIQPDFSDKIALRTTQSDALTWIELTTKINQTVAFLQKKGVNAESAVAFVGKNSEKILFLYLATIQLGAKVLGINPAFPQEKIAELCEFYQIDFCFYDKDLLNLQEIDAFTQKANFFRPATMTLTSGSTGLPKAVVHNVQAHLDNAKGVCNLMKFDCNQSWLLSLPLYHVSGQGIVWRWLYCGAQLHFPKDDFYASLLETTHVSLVPTQLQRLLDYLQENSIISFSTRHILLGGTHIPAELTKKIVKYGIETYSGYGMTEMASTVFAKKSDEKQGVGQPLLGREYRLVNDEVWLKGAGLAMGYWKDRQIVSLTNNQGWLPTKDKGVWQEGELVIIGRLDNMFISGGENIQPEEIEQVIIQHSSVNQVFVLPQKNKEFGQRPVALVDFNESFSKSAVENLMFFLQDKLARFKQPIAYYPLPLMLGKGIKISRKQLADWLAKQDKIN,length1,1356
-3,1515258,1511922,3336,MIRKLMKTPPFFTVLFASAMFTLSVSQGALGANSTNVLPTEQSLKADLANAQKMSEGEAKNTLLAELQTSIDLLQQIQAQQKINDALQTTLSHSESEIRKNNAEIQALKKQQETATSTDYNAQSQDDLQNSLAKLNDQLQDTQNALGAANAQLAGQNSISERAQAALTENVVRTQQINQQLANNDIGSALRKQYQIELQLIDLKNSYNQNLLKNNDQLSLLYQSRYDLLNLRLQVQQQNIIAIQEVINQKNLQQSQNQLEQAQQQQQKTVQNDYIQKELDRNAQLGQYLLQQTEKANSLTQDELRMRNILDSLTQTQHTIDEQISALQGTLVLSRIIQQQKQKLPTNLNIQGLSKQIADLRVHIFDITQKRNELYDLNNYINKVESEDGKQFTEAERTQVKTLLTERRKMTSDLIKSLNNQLNLAISLELTQQQITQISDQIQSKLEQQSFWVKSNNPINLDWIKMLPRALIEQFNGMLKKLGFPTNYDNLPYLLMYFLGLFIVGGAIFKFKNRIKQQLNKINREIHRLDTDSQWSTPLALLLTAFLTLSSTLWFLAVCQMIGFFFFKNPEEFWHWSFSMAGYWWFFTFWISLFRPNGIFVNHFESSKENAQRFRGVIQRIIIVIVLLLNTSVFSNVTDAGLANDVLGQINTITALIFCAAIIAPRFNRVLRSYEPETNKHHWLIRIVQIGLRLIPVGLIVLIVLGYYYTALNLIEHFIHSYIAWCVWWLVRNTIYRGITVSSRRLAHRRLAEKRRQKALENNYENISSDDVVAVGEPEEGLALNDVRSQLLRFVDLFIWTALLGIFYYVWSDLVTVVSYLREITLWQQTTTTDAGTVIESITLFNLLVALVILGITYVLVRNISGILEVLIFSRVNLSQGTPYTITTLLTYIFIAIGGAWAFATLGMSWSKLQWLFAALSVGLGFGMQEIFANFVSGIILLFERPIRVGDVVTINGVSGTVAKIRIRAITLIDFDRKEIIVPNKSFVTGQVTNWALSSTMTRLVISVGVAYGSDLTLVRQLLLQAADEQPTVLRDPKPSAYFLTFGASTLDHELRVYVEQVGDRTSTTDAINRRINELFAEHNIDIAFNQLDVFIKNNDTGEEIPFVDVKK,length1,3336
-3,1511910,1510839,1071,MAGNTIGQLFRVTTFGESHGIALGCIVDGVPPNLELSEQDIQPDLDRRKPGTSRYTTPRREDDEVQILSGVFEGKTTGTSIGMIIKNADQRSQDYGEIKDRFRPGHADFTYQQKYGIRDYRGGGRSSARETAMRVAAGAIAKKYLREHFGIEVRGFLSQIGHVKISPQIIGEIDWEKVNSNPFFCPDESAVEKFDELIRELKKEGDSIGAKLTVIAENVPVGLGEPVFDRLDADLAHALMGINAVKGVEIGDGFAVVEQRGSEHRDEMTPNGFESNHAGGILGGISSGQPIIATIALKPTSSITIPGRSINLNGKPVEVVTKGRHDPCVGIRAVPIAEAMVAIVLLDHLLRFKAQCK,length1,1071
-3,1510824,1510809,15,MGVCA,length1,15
-3,1510611,1509753,858,MNKILLKTTIIFTALFSLNVVASPLDWKKVKRPIPSEDGKASPIGSYTNGCIIGAQALPPKGEGYQVIRMNRNRYYGHPNMIQYIERLGQRAKAAGLPTMLVGDIAMPGGGRFLTGHASHQMGLDADIWLRMGEMSDADALNSDGKGLLVVDRKAQRVDERVWNSNHATLIKLAAQDPNVTRIFVNPAIKVKLCQTAGNDRGWLHKVRPWYGHNSHFHVRLTCPADASYCENQAPVPAGDGCGDELYSWFEPPKPGASVSKPKVTPPEPFLCQQILNSPNRSEWLE,length1,858
-3,1509669,1509645,24,MQLLAVVD,length1,24
-3,1509360,1509339,21,MKIENSV,length1,21
-3,1509291,1509255,36,MMASLDQGLAQS,length1,36
-3,1509201,1509192,9,MQK,length1,9
-3,1508919,1507965,954,MSDNQQNLRLTARVGYEAHFSWSYLKPQYWGIWLGIFFLLLLAFVPFRLRDKFAGKLGIWIGHKAKKQRTRAQTNLQYCFPHWTEQQREQVIDKMFTVVTQVMFGIGEIAIRSKKHLQKRSEFIGLEHIEQAKAEGKNIILMVPHGWAIDASGIILHTQGMPMTSMYNPHRNPLVDWLWTIARQRFGGKMHARQNGIKPFLNHVRKGEMGYYLPDEDFGVEQSVFVDFFGTYKATLPGLNKMAKLSKAVVIPMFPRYNAETGKYEMEIHPAMNLSDDPEQSARAMNEEIESFVTPSPEQYVWILQLLRTRKDGEDLYD,length1,954
-3,1507905,1507860,45,MEEKIRLTQYSHGAG,length1,45
-3,1507698,1506867,831,MPIVDDPFDFGRIAATNAISDIFAMGGKPIMGIAILGFPTNVLPAEVAQKIVDGGRFACHQAGIALAGGHSIDSPEPIFGLAVTGVIDTEKVKRNASAKSGCKLYMTKPLGIGILTTAEKKGKLKPEHQGLATAAMCQMNSIGSQFSQVDGVTAMTDVTGFGLLGHLIEICEGSNLSAVVFSDKIKTLDGVKDYIAQGCVPGGTGRNFESYGHKVGALTEEQKAILCDPQTSGGLLVAVEPNSVQTIIEIAKDTGIDLYEVGKLKPKSESDIVVEVK,length1,831
-3,1506762,1506747,15,MELCA,length1,15
-3,1506381,1506378,3,M,length1,3
-3,1506360,1506339,21,MLGLRLF,length1,21
-3,1506228,1506198,30,MSRHQHGWYS,length1,30
-3,1506168,1506156,12,MRAI,length1,12
-3,1505844,1505829,15,MNRIP,length1,15
-3,1505766,1505652,114,MLVECKISWIPTFNFQKIMFYGSTCNPKFRNRFKHFGE,length1,114
-3,1505142,1505043,99,MNKYATTHEYRRLSLICPQLQYVVVPYFSPILV,length1,99
-3,1504491,1503708,783,MRFIMKISFHSVLIGLASFIGVQQGVIASPSSHQSISTESAEALKQQFSMALAKQDKQQITNLQKKLTALFSLPPQFLDNQIQISEKILTRIFKTDKNLTPKFLDYLYFEPINTVDANLIQEMKKNLLVSFLANDQAKIYIRQTDNSEQFVQTLMERGAKADQIILLSLNAKGIFQKIIEQIRQDFPNQTIFSITENRISLITPSSEIKSRLALANMMFNRQFKGVEVDDFSYLDQPRENLQHNNDAIRYKTFQAMLEGLN,length1,783
-3,1503195,1503126,69,METLRYFHCGWRKNCHYRFRYRE,length1,69
-3,1502688,1502682,6,MG,length1,6
-3,1502115,1502103,12,MGTD,length1,12
-3,1501761,1501743,18,MLSRGK,length1,18
-3,1501632,1501596,36,MIEFYFTFNLIR,length1,36
-3,1501587,1501047,540,MAEKRNIFLVGPMGAGKSTIGRQLAQQLNMDFIDSDAVIEERTGADISWIFDLEGEDGFRKREERIINELTQMQGIVLSTGGGAVLSKENRNYLSARGIVIYLETTVEKQFQRTQRDKKRPLLQDAENPRQVLEDLAKIRNPLYEEIADITLPTDEQNAKVMVNQIVDLIDNMNGLNGAL,length1,540
-3,1500435,1500417,18,MARATY,length1,18
-3,1499694,1499691,3,M,length1,3
-3,1499649,1499556,93,MMPIHPIITMLNVANSMHQQILSNVRLFFYI,length1,93
-3,1499511,1499367,144,MNLMCLLELTKLIIFQKMNYVISLIKRKVRYFYAVIFKKLLNLPIRIR,length1,144
-3,1499346,1499289,57,MLRYNKRLILLVMQGMSLD,length1,57
-3,1498899,1498890,9,MII,length1,9
-3,1498743,1498683,60,MEKAKPSKQRNFNHCQGVHY,length1,60
-3,1498638,1498605,33,MPLPYLCSSFI,length1,33
-3,1498110,1498005,105,MNYFIMDKTFLEQEILLPQFIIQNIERWFKTHNFV,length1,105
-3,1497885,1497876,9,MHA,length1,9
-3,1497738,1497690,48,MSRRERIPRFILIMMN,length1,48
-3,1497594,1497579,15,MSLLS,length1,15
-3,1497339,1497291,48,MPLIGNTPNKKWYKTK,length1,48
-3,1497213,1496541,672,MTTNKDHFMAKIQLVAQANLPTEYGIFKMVGFEFPDTKKEHVALVMGDISNADEPVLARIHSECLTGDALHSLKCDCGFQLATALKQIQEEGRGVLIYHREEGRGIGLINKIRAYSLQDKGMDTIEANLALGFKADERNFEVCADMFELLGVKKVRLMTNNPEKVETMKKAGINVVERVPLNVGENRYNTKYLDTKAKKMGHYIVHNNDEQHLMTCPHCQEEII,length1,672
-3,1496472,1496445,27,MLWNNQKIF,length1,27
-3,1496097,1496073,24,MLLLNYPF,length1,24
-3,1495806,1495800,6,MI,length1,6
-3,1495623,1495551,72,MSNICNQIIGRNHRNNRFSYRTFL,length1,72
-3,1495353,1495329,24,MLIFSLTL,length1,24
-3,1495263,1495245,18,MCQHRR,length1,18
-3,1494525,1494501,24,MIDFHERT,length1,24
-3,1494024,1494015,9,MIG,length1,9
-3,1493880,1493871,9,MLI,length1,9
-3,1493748,1493718,30,MAKLWHAYRN,length1,30
-3,1493697,1493691,6,MY,length1,6
-3,1493688,1493583,105,MPQWVGKNSLKMKQNLLAYLNPHYRQHNNLPKVKD,length1,105
-3,1493493,1493310,183,MLMRHVPLNKALMQANGTIVKLWKKFLHYAWNWRNYSVLILTPNFHLPPKWQKIHNKCLIS,length1,183
-3,1493157,1493118,39,MMKNFAHIFLKIA,length1,39
-3,1493034,1493016,18,MCASLI,length1,18
-3,1493010,1492905,105,MKMINSVAVSILIYMHANTNVVVHGWMTISDVSVN,length1,105
-3,1492902,1492872,30,MAAFKRQWLI,length1,30
-3,1492857,1492848,9,MHR,length1,9
-3,1492818,1492734,84,MKSPRYSTNLGTESIICSRKLMYPMWRV,length1,84
-3,1492731,1492593,138,MACLGMLWNYQVNLWKTGAGKKRLWRLFQDITKQASRCQKKNSRNY,length1,138
-3,1492506,1492464,42,MRKKPIKFWIHLNQ,length1,42
-3,1492335,1492275,60,MLILALKKKVFSTQSPANHS,length1,60
-3,1492272,1492197,75,MKFSRVEAQKNQWNSSNASVVVNRN,length1,75
-3,1492194,1492185,9,MHY,length1,9
-3,1491870,1491753,117,MMCEAQSMAGISNNMCLAHFFTVLLAKILPITLKRAMKA,length1,117
-3,1491747,1491648,99,MPNYLMKSLHLTLKQMPLKRKGILFIQVSYSKT,length1,99
-3,1491396,1491381,15,MLTSF,length1,15
-3,1491369,1491309,60,MLLMLVNQVASSLHHNAFPS,length1,60
-3,1491288,1491138,150,MDKTKSIKFMTLLLVRVLYCCKRKNNLMNTSLKKDSSGRKLITPLITLPV,length1,150
-3,1491057,1491012,45,MINLSMPSFLTRLTP,length1,45
-3,1490973,1490901,72,MNDLPPQVCLHRNLKRTLPLFYMR,length1,72
-3,1490793,1490781,12,MWTR,length1,12
-3,1490589,1490523,66,MCRIWQNPYPLKKSPKMTTTLQ,length1,66
-3,1490514,1490487,27,MWNKKTLVK,length1,27
-3,1490475,1490445,30,MNSMLKFAKL,length1,30
-3,1490382,1490379,3,M,length1,3
-3,1490343,1490334,9,MVG,length1,9
-3,1489299,1489296,3,M,length1,3
-3,1488921,1488840,81,MEVEKPVYQKSLRILLHLKKIMTMKKI,length1,81
-3,1488813,1488750,63,MPLPKIYSIGIMIYLMTQNQN,length1,63
-3,1488699,1488687,12,MKVK,length1,12
-3,1488660,1488633,27,MKNLCLNLI,length1,27
-3,1488594,1488573,21,MIRLKKI,length1,21
-3,1488462,1488420,42,MNLMNLNISLLMIQ,length1,42
-3,1488408,1488387,21,MKIILFN,length1,21
-3,1488291,1488261,30,MNLEQKMVIF,length1,30
-3,1488252,1488213,39,MKIRMKKKDLILR,length1,39
-3,1488096,1488009,87,MKKLLTFLVIQDGQIYYPMMMQDKAITLV,length1,87
-3,1487976,1487970,6,MR,length1,6
-3,1487952,1487913,39,MPKRRLLNIYLNI,length1,39
-3,1487901,1487889,12,MVSI,length1,12
-3,1487838,1486842,996,MNDLIIYNTDDGKSHVALLVIENEAWLTQNQLAELFDTSVPNITTHIKNILQDKELDEFSVIKDYLITAQDSKQYQVKHYSLDMILAIGFRVRSPRGVQFRRWANTQLRTYLDKGFLLDKERLKNPQGRFDHFDELLEQIREIRASELRFYQKVRELFKLSSDYDKTDKVTQMFFAETQNKLIYAITQQTAAELICTRANAKLPNMGLTSWKGAVVRKGDIITAKNYLTHDELDSLNRLVMIFLESAELRVKNRQDLTLNFWRNNVDNLIEFNGFPLLIGNGTRTVKQMETFTKEQYALFDQVRKQQKRIQADNEDLEILENWQKDLKKQKH,length1,996
-3,1486587,1486557,30,MATFFRGIFG,length1,30
-3,1485975,1485873,102,MENQKFISRQKLEQQRKWWLYLAYHRLRQNPHQF,length1,102
-3,1483698,1483692,6,MN,length1,6
-3,1483269,1483221,48,MPFDVFCNHLSFRIFV,length1,48
-3,1482762,1482717,45,MILKFTKFKQILHIF,length1,45
-3,1482621,1482615,6,MI,length1,6
-3,1482582,1482546,36,MGGIFCFFHIIF,length1,36
-3,1482372,1482366,6,MV,length1,6
-3,1482105,1482087,18,MMPKFF,length1,18
-3,1481967,1481928,39,MESRAFSSLTFNC,length1,39
-3,1481820,1481802,18,MFLFFR,length1,18
-3,1481769,1481694,75,MVTILISHNFKNNISLIRKLHRITN,length1,75
-3,1481352,1481334,18,MAYCGK,length1,18
-3,1481205,1481187,18,MFKFFY,length1,18
-3,1481103,1481091,12,MNNK,length1,12
-3,1480515,1480485,30,MGRTANIPEL,length1,30
-3,1480257,1480221,36,MKEIRNEYIKSI,length1,36
-3,1480083,1480020,63,MSKFPKAKTPYLSTRGSSVFI,length1,63
-3,1479975,1479930,45,MGKPHTTIGITAFHF,length1,45
-3,1479420,1479354,66,MRPLRSSRTRSSPNQSSNAHGR,length1,66
-3,1479159,1479126,33,MALPFRTTGSL,length1,33
-3,1478892,1478820,72,MTGVTASKAPTYPTHQNSMFSVKL,length1,72
-3,1478607,1478523,84,MTPSINLPAPGRHHTLYVHFRVCRVLCF,length1,84
-3,1477320,1477281,39,MARSPGFGSIPCN,length1,39
-3,1477071,1476954,117,MGLPLLVRTRFQVLFHSPHRGSFRLSFTVLVHYRSIRSI,length1,117
-3,1476942,1476885,57,MVPPSSNRISRVPPYFSLA,length1,57
-3,1476873,1476765,108,MVFRYGIITLFDCASQHILLTILLSLTGSFAFARRY,length1,108
-3,1476690,1476537,153,MNSLVDSRFFIYWVSPFGYLGLNASYRLIQAFRRLARPSSPLIAKASTLYA,length1,153
-3,1476465,1476438,27,MRIFIQLNT,length1,27
-3,1476207,1476201,6,MS,length1,6
-3,1475562,1475493,69,MQHLSLSSRRHKLISELFLGCQE,length1,69
-3,1475268,1475148,120,MSVSTFPRGCLRLRYSSTSLRISPLHVEFYPSLKYSSYPV,length1,120
-3,1474212,1474203,9,MEI,length1,9
-3,1474068,1473978,90,MPCSIPEITPCSVSTFTSLFENALYDCHAC,length1,90
-3,1473810,1473777,33,MPITKLSMPFL,length1,33
-3,1473756,1473624,132,MPPNFLSLNKISFGHFTCTFSTSAIAKPMTKLNPSIDFLGSNVQ,length1,132
-3,1473612,1473552,60,MICPAKGDNHWRPRRPRPAV,length1,60
-3,1473459,1473453,6,MP,length1,6
-3,1473078,1472997,81,MFYSSQLTQLCFQILPTFQLNLPKKFA,length1,81
-3,1472742,1472727,15,MRKIT,length1,15
-3,1472556,1472532,24,MIVSNLKV,length1,24
-3,1472490,1472445,45,MHVKMNSVVYVSVRL,length1,45
-3,1472412,1472406,6,MH,length1,6
-3,1472388,1472379,9,MYY,length1,9
-3,1472148,1472133,15,MQRRH,length1,15
-3,1471896,1471836,60,MRQINSYQKVLKGVFHIKVT,length1,60
-3,1471764,1471647,117,MNYAPKRNLFALAVQALKKATFTMLLLLKKHLTIVWANL,length1,117
-3,1471542,1469973,1569,MTNIHNHKILILDFGSQYTQLIARRVREIGVYCELWAWDVTEQQIREFAPTGIILSGGPESTTEENSPRAPEYVFNAGVPVLGICYGMQTMAMQLGGLTETSDHREFGYASVSLENSTALFANLNDNSTASEPKLDVWMSHGDKVTRLPENFKVTGTTPTCPIAAMSDENRRFYGVQFHPEVTHTKKGLELLTNFVVNICGCETKWTAENIIEDAVARIKEQVGDDEVILGLSGGVDSSVVALLLHRAIGKNLHCVFVDNGLLRLHEGDQVMEMFGDKFGLNITRVDAESRFLGELAGVSDPEAKRKIIGKVFVDVFDDESKKLTNVKWLAQGTIYPDVIESAASKTGKAHVIKSHHNVGGLPDYMKLGLVEPLRELFKDEVRKIGLALGLPAEMINRHPFPGPGLGVRVLGEVKKEYCDLLRRADAIFIEELRNSGWYEKTSQAFSVFLPVKSVGVMGDGRKYDWVISLRAVETIDFMTAHWAHLPYDLLGKVSNRIINEVNGISRVVYDISGKPPATIEWE,length1,1569
-3,1469568,1469565,3,M,length1,3
-3,1469514,1469409,105,MDKPYKPTNLSMKNFECAIIHVQHRRQPVKARFSE,length1,105
-3,1469406,1469364,42,MINVLLTKPILKQP,length1,42
-3,1469268,1469214,54,MSPVKIKPNASNFFLTLS,length1,54
-3,1468899,1468440,459,MQTLDKLDRHILNVLQQDAMIPLKELSEKVNSSVATCQRRVQSLTDSGVITKRVAVVSPKAVGRTISVFVMVEMDNQHSYYQEQFERKMRQEDEVVSCYEISGDYDFMLLLHAKDMESYHAFTRRVLTGEFHVRTYKSLFVMNFTKADSGIIL,length1,459
-3,1468068,1467855,213,MPAKLTPALANAKSGKITKDDQEDKICSKSSNGRSPFLPFNGMLKPIITPAKVACTPDFNTEAHKIAPTTI,length1,213
-3,1467633,1467567,66,MSVAIGIAQPLAKLGSCLAINQ,length1,66
-3,1467009,1465701,1308,MFSRKDIIILGMMIFALFLGAGNIIFPPMEGFSSGQHWTSASLGFVLTGVLMPFITLVVVAILGRGEELTKDLPKWAGTGFLVILYLTIGSTFAMPRITNVAYEMAWLPLGLTENNANVRFVFSLIFNLIAMGFMISPNTIISSVGKFMTPALLVLLIAVAITVFISPLSEIQAPSNAYENSHSLLIGLTSGYQTMDVLAAIAFGGIVARALSAKNVTKTKDIVKYTISAGFVSVILLASLYFSLFYLGATSAAVAEGATNGGQIFSRYVNVLFGSAGTWIMAGIIVLASLTTLVGVTSASADYFSKFSVRFSYPFWAALFTAMTITVSQYGLTDLLRITIPALLLIYPVAIVLVLLQFLRKKLPSIKFTYNSTLLVTVCFSLCDSLNNVKMLPESINSLLKHFPLSSEGMAWLVPTLVMLVASIFIGKALHKTHS,length1,1308
-3,1465071,1465065,6,MK,length1,6
-3,1464810,1464792,18,MESTDL,length1,18
-3,1464729,1464726,3,M,length1,3
-3,1464708,1464675,33,MMKFLIDTYPY,length1,33
-3,1464588,1464549,39,MNDERNLSIQKDV,length1,39
-3,1464384,1464369,15,MLNNV,length1,15
-3,1463844,1461807,2037,MASMDDTTVFVTVVAKKDVKEGQDFFPLTVNYQERTYAAGKIPGGFFKREGRPSEGETLIARLIDRPIRPLFPEGFFNEIQVVATVVSVNPQISPDLVAMIGASAALTLSGVPFNGPIGAARVGFIDNQFVLNPTMAEQKQSRLDLVVAGTDKAVLMVESEADVLTEEQMLAAVVFGHQQQQVVIEAIKEFAKEAGKPRWDWVAPQPNTDLINKVKAIAEARLGDAYRITEKQARYEQIDAIKADVIAQITAEDEEISEGKIVDIFTALESQIVRGRIIAGEPRIDGRTVDTVRALDICTGVLPRTHGSAIFTRGETQALAVATLGTERDAQIIDELTGERQDHFLFHYNFPPYSVGETGMIGSPKRREIGHGRLAKRGVAAVMPSLAEFPYVVRVVSEITESNGSSSMASVCGASLALMDAGVPIKAAVAGIAMGLVKEEEKFVVLSDILGDEDHLGDMDFKVAGTREGVTALQMDIKIEGITPEIMQIALNQAKSARMHILGVMEQAIPAPRADISDYAPRIYTMKIDPKKIKDVIGKGGATIRSLTEETGTSIDIDDDGTVKIAAVDGNAAKNVMGRIEEIVAEVEAGAIYKGKVTRLADFGAFVAIVGNKEGLVHISQIAEERVEKVSDYLQVGQEVNVKVVEIDRQGRIRLTMKDLAPKQETEINQEDSVEEQK,length1,2037
-3,1461723,1460793,930,MRCFRLSRHFIVYLFSLCAILLLAGCVQSRGGFVSKNHVVLAEQNPNTHFEQEVMIVRLSQVLLVGKMSNEERASLHFERGVLYDSLGLWGLARYDFTQALALQPKMASVYNYLGLYLLLEEDYDGALDAFNTVFELDSGYDYTHLNRGLNFYYVGRYPLAQQDFLQFYQADTKDPYRVLWLYLNEQKLKPQEAQTNLVERAKGLSEDFWGTHIVQYYLGHISVEELQQRASEFAENSQQYAEILTETYFYLAKQKLNVGLVDEAAALFKLAMANQVYNFVEYRFAAFELMKLKPVQTEDEKEEKSAVAK,length1,930
-3,1460763,1460712,51,MQSGSPLENYSPPTRQH,length1,51
-3,1459473,1459431,42,MPPQKIRCKNYETT,length1,42
-3,1458582,1458561,21,MAIFTSY,length1,21
-3,1458267,1458243,24,MAISLSKK,length1,24
-3,1456998,1456995,3,M,length1,3
-3,1456701,1456641,60,MAFGPLLSGITNTHIPRIIK,length1,60
-3,1456299,1456200,99,MQTFKLQNLKYSFWRTPDFSFIAINNNWAFNKC,length1,99
-3,1456197,1456176,21,MFTHRFK,length1,21
-3,1455963,1455921,42,MWVVINNNRHRISS,length1,42
-3,1455855,1454808,1047,MLEMLKSWYSRRLSDPQAMGLLAILLFGFISIYFFGDLIAPLLIALVLSYLLEMPINFLNQYLKCPRMLATILIFGSFIGLAAVFFLVLVPMLWNQTISLLSDLPAMFNKSNEWLLNLPKNYPELIDYSMVDSIFNSVREKILGFGESAVKLSLASIMNLVSLGIYAFLVPLMMFFMLKDKSELLQGVSRFLPKNRNLAFKVWKEMQQQISNYIHGKLLEILIVTLITYIIFLIFGLNYPLLLAFAVGLSVLVPYIGAVIVTIPVALVALFQFGISPTFWYIIIAFAVSQLLDGNLLVPYLFSEAVNLHPLIIIISVLIFGGLWGFWGVFFAIPLATLVKAVINALPQD,length1,1047
-3,1454616,1454589,27,MAMATKIEE,length1,27
-3,1454541,1454358,183,MEGPPKKNNAITTTNVVTEVMIVLDKVCVKEISIISIVSNRLIFRKFSRTRSNTTILSLME,length1,183
-3,1454109,1454019,90,MSLSTFCSILLTCSPMVESLLLAGKRIITS,length1,90
-3,1453113,1453017,96,MCFGNTINTSNLEIRTKTTLNCCNINNFFMLF,length1,96
-3,1452864,1452855,9,MLI,length1,9
-3,1452831,1452819,12,MLPT,length1,12
-3,1452789,1452750,39,MPLAIIFNFRISW,length1,39
-3,1452447,1452444,3,M,length1,3
-3,1452375,1452306,69,MLCIFNGSILNFFFAKFATQTVL,length1,69
-3,1451205,1451175,30,MGHRSAVKLS,length1,30
-3,1450968,1450890,78,MHSNFHANIRAVFLIHQWKFVLAEPL,length1,78
-3,1450683,1450650,33,MWRIVEVQEFA,length1,33
-3,1450542,1450533,9,MRA,length1,9
-3,1450443,1450398,45,MVFKRAPKISPHLSK,length1,45
-3,1450296,1450173,123,MPSVTNKWPLRALRVGITQSNISMPRRTPSTKSSGLPTPIK,length1,123
-3,1450140,1450077,63,MYSKMRCISSFGSPTAKPPTA,length1,63
-3,1449831,1449552,279,MDFSGERKIRSPLIGFWNFTPSSVILRNLPKLNTWKPPLSVKIGRCHCIKSCKSPCLRITSCPGRSHKWKVLPSKISAPVARTSSGVMPFTVP,length1,279
-3,1449246,1449174,72,MTKFMIKLVIIILLCLLLKSSTGY,length1,72
-3,1449165,1449111,54,MPTRDGYRHLLFFIVGAD,length1,54
-3,1448652,1448628,24,MFPRPHAM,length1,24
-3,1448463,1448448,15,MAYAQ,length1,15
-3,1448292,1448190,102,MNEYALRNDVHLTFSQLKLQFCHHWLYAQTFLQE,length1,102
-3,1447518,1447443,75,MILSFQVHPLHKQIIRLQQQMWVKF,length1,75
-3,1447062,1447032,30,MLILSVGVNV,length1,30
-3,1447020,1447008,12,MPAL,length1,12
-3,1445271,1445181,90,MELITFVSVKFSVLQVVNPVQSERVQMVFC,length1,90
-3,1444917,1444878,39,MFPFRLAPPENKR,length1,39
-3,1444788,1444701,87,MSRLLVKSLSLSLMVLLPVIVMLDSLLVL,length1,87
-3,1444485,1444278,207,MTVPLPTLILPRFSPIPFTRRVPTPILDRRSPFGFLTFHSTVAYSPIETPAPCQVTLFSLGLTTKSPSK,length1,207
-3,1444242,1444158,84,MVSVPFPVSPKYMVLPLCSAGDQGFGPL,length1,84
-3,1443690,1443663,27,MLLFLSFQY,length1,27
-3,1443156,1443102,54,MQAVKKFRRNTVFFIMFI,length1,54
-3,1442625,1442436,189,MTTIVFPWSRNRCSTSSNCLMSAKCKPVVGSSRIYKVLPVSRLESSVASLTRCASPPESVVED,length1,189
-3,1441722,1441560,162,MEFGLSIISSAFPCAITCPPCTPAPGPISIIWSAARIASSSCSTTITVLPRLRK,length1,162
-3,1441269,1440993,276,MLFSAIIGKLVFPIYTLRASGRKREPPQSIQGRLLIFFANSSRTDIDSVSLYRRAILFKIPSKGCLRITTSPRSFIYWNSISSLPEPCIMIC,length1,276
-3,1440216,1440150,66,MEIAGESPSIESTSGFSIKDKN,length1,66
-3,1439946,1439940,6,MK,length1,6
-3,1439937,1439934,3,M,length1,3
-3,1439808,1439304,504,MAGINKVIIVGHLGNDPEIRTMPNGDAVANISVATSESWNDRNTGERREVTEWHRIVFYRRQAEICGEYLRKGSQVYVEGRLKTRKWQDQNGQDRYTTEIQGDVMQMLGGRNQNAGGYGNDMGGVPQSSYQARQTNNGNSYQSSRPAPQQAAPQAEPPMDGFDDDIPF,length1,504
-3,1439280,1439226,54,MIKIKEKLNKRELLFLFY,length1,54
-3,1438893,1438761,132,MAFNFTADCRTVSRYFTRIRSTSCYLCIAISCTCCTCFIIYVGT,length1,132
-3,1437555,1437534,21,MCDIYLS,length1,21
-3,1437309,1437285,24,MWKSAVIF,length1,24
-3,1437081,1437078,3,M,length1,3
-3,1436820,1436811,9,MDS,length1,9
-3,1436796,1436739,57,MKKNLQIEVILATITSETK,length1,57
-3,1436646,1436622,24,MAKSIFPV,length1,24
-3,1436583,1436568,15,MRLFL,length1,15
-3,1436526,1436523,3,M,length1,3
-3,1436454,1436430,24,MRQVKQLQ,length1,24
-3,1436196,1436184,12,MLAE,length1,12
-3,1436133,1436118,15,MMQQA,length1,15
-3,1436034,1435986,48,MHLREILIKRKKLMLV,length1,48
-3,1435020,1435002,18,MFKNET,length1,18
-3,1434888,1434882,6,ML,length1,6
-3,1434747,1434711,36,MDLVSKPLLAHP,length1,36
-3,1434681,1434642,39,MICIKQLMKWKKN,length1,39
-3,1434591,1434582,9,MNV,length1,9
-3,1434456,1434426,30,MKDTDCIYIF,length1,30
-3,1434396,1434243,153,MAVRKGFEPLMQFPTYTLSRRAPSTTRTSHRKRFANYKDLLWFSQVFYYKK,length1,153
-3,1434156,1434153,3,M,length1,3
-3,1434042,1434027,15,MIIPR,length1,15
-3,1433976,1433967,9,MTI,length1,9
-3,1433922,1433892,30,MRNNYWHFYV,length1,30
-3,1433061,1433031,30,MRNFFLLNRF,length1,30
-3,1432896,1432890,6,ML,length1,6
-3,1432839,1432821,18,MSKLCQ,length1,18
-3,1432104,1432056,48,MGLGTGKPASYKRCNK,length1,48
-3,1431699,1430658,1041,MPFFTEAPKSLCILRLSAVGDVCHALAVVQHIQAYYPQTEMTWIVGKTEMGLLSGIPNITLIPYDKKAGWKGVLLFWKQLKNKQFDALLNMQTAFRASILSLGIKAKFKIGFGEKRSREGQWLFVNRRITDPFSPHVLDGFMAFAEYIGVPKSEPKWELAISEDDYKFADQFIDFSRKNLLISPCSSKAEKDWLIERYAEIANIAHQHNINVIFCSSPAKRELEIVEKITALCHFTPINIAGKTNLKQLTALISKVDLVLSPDSGPAHIATTQGTPVIGLYAYHNPLRTAPYNNLDNVVSVYEENAQKEFGKPSSELPWATKLKGKNLMAEIQVEPVIEQMKKLGLF,length1,1041
-3,1430628,1430604,24,MVKLNVLI,length1,24
-3,1430418,1430280,138,MQMIINKPIDYYCNYHYYHRHSPIFNYYNKENRCDFLNFPLQLQQP,length1,138
-3,1430268,1430262,6,MC,length1,6
-3,1430115,1430058,57,MLILEAVREALLKNLISEG,length1,57
-3,1430028,1430022,6,MA,length1,6
-3,1429878,1429863,15,MLWIC,length1,15
-3,1429854,1429695,159,MTSSELKFAKVIKLLIIYRKGMLLYLRQMTNSMFLLVLSIIMRIIYALVKATS,length1,159
-3,1429638,1429446,192,MMRTVWNYPTAKLVLNKQHQAIMRWKTNLLMNKLKNKSENSTAQTTVCHRENHQHQKHQHFTLK,length1,192
-3,1429203,1429089,114,MGWIICEIKSVLNEAQTVVMRSFERNPIMQIQTLQAFI,length1,114
-3,1429032,1429002,30,MTTMIPQVKP,length1,30
-3,1428918,1428879,39,MKPSEPHLCKNGL,length1,39
-3,1428840,1428696,144,MKSIDLWQTQIYALKQRKIKKLPQIYILIVCLNKAINSKLKPLISAMM,length1,144
-3,1428657,1428603,54,MHQMQMEHCCQQIPSIKT,length1,54
-3,1428597,1428588,9,MPV,length1,9
-3,1428528,1428456,72,MAAPKVEIKIAAKLYQTLPQAKSA,length1,72
-3,1428444,1428438,6,ML,length1,6
-3,1428318,1428309,9,MHH,length1,9
-3,1428207,1428117,90,MRKLVQFIASKFTLGKRPELFSLNFCNFVN,length1,90
-3,1428006,1427994,12,MLDH,length1,12
-3,1427826,1427808,18,MNLRIF,length1,18
-3,1427799,1427796,3,M,length1,3
-3,1427754,1427718,36,MRSANFIVIIII,length1,36
-3,1427646,1427610,36,MWAKYACKITVH,length1,36
-3,1427544,1427538,6,MS,length1,6
-3,1427514,1427499,15,MMFQG,length1,15
-3,1427496,1427445,51,MQVCNSPQAKKSAKRIY,length1,51
-3,1427430,1427400,30,MQNVFLVMFQ,length1,30
-3,1427319,1427313,6,MN,length1,6
-3,1427271,1427262,9,MLV,length1,9
-3,1427241,1427217,24,MVILRVLV,length1,24
-3,1427055,1427034,21,MHNKRLQ,length1,21
-3,1426968,1426926,42,MGQLIFHCLPCSVI,length1,42
-3,1426911,1426890,21,MKKNIMQ,length1,21
-3,1426692,1426680,12,MKGI,length1,12
-3,1426611,1426557,54,MTMVWENIIKIANFSQKA,length1,54
-3,1426506,1426416,90,MLAAMPSMSVSPSRLITILIMPISTNFGFL,length1,90
-3,1422903,1422870,33,MGRVLFRFNPI,length1,33
-3,1422606,1422576,30,MLPINLSSSR,length1,30
-3,1422561,1422543,18,MAWSRR,length1,18
-3,1422375,1420770,1605,MSSNKYDAEAINISGSLRMQSYRLLYEMQEQPESVETNLRRYHISLHSSALLEVQNQFFTPNVLKHSYQNILQRWTNMEKYARQQDVKNYSKQLTNYVADVDYFVFELQRFSEQKWILGVSVLGFAMLLILLMVSYVIWYTNREVVKPLHLMTKASMQVQMRQFNHIPLDTRKQNELGTLARVFTQMSTELGQLYSRLEEAVNEKTQKLRQTNRTLSTLYQSAQLLNTNTINDKILNQVLHYIFISDHLNFVKVEVMGAEHWDITLGKQDANNELQIETLSVDNEELGVLSWQAGLPCPDPRIMQNLAQMLARALYFHKNLRQKEQILLMEERSIIARELHDSLAQVLSFLQIQLTLLKHNLKKEDEQSKEKSLAIIANFEQALSGGYAQLRELLATFRLTIQEANLQLALKQVIDSLRSQTTMQMNVNCQLPSQSLNPQQLVHVLQIVREATTNAIKHSQGTVIEISARINAEGEYEILVEDDGVGIPNLEEPEGHYGLNIMAERCRQLNAQLHIHRREQGGTQVKITLPHTLY,length1,1605
-3,1420758,1419735,1023,MQNLQPFHTFHIQSNAREIIEAHSIEQLQQVWANSKSENLPVLFLGQGSNVLFLDDFNGVVVLNRLMGITHEQDANFHYLHVNGGENWHKLVEWSINNGIYGLENLALIPGCAGSAPIQNIGAYGVEFKDVCDYVDVLNLNTNETFRLDTEQCEFGYRESTFKHRYQQGYVITAVGLKLKKDWQPILKYGSLVDFDPKTITAKQIFDEVCHIRQSKLPDPNETGNAGSFFKNPVVSSEHFEEIKKHHKNLPHFPQADGSVKLAAGWLIDQCNLKGFQIGGAAVHKKQALVLINKSGATGQDVVKLAHHVRQTVAEKFGVYLQPEVRFISATGEVNSEQIIT,length1,1023
-3,1419540,1419525,15,MNIRC,length1,15
-3,1419468,1419429,39,MQRKNSFCRIFVS,length1,39
-3,1419423,1419378,45,MLHVAILAMVCHKLT,length1,45
-3,1419264,1419240,24,MFFVTGVS,length1,24
-3,1419162,1419108,54,MKMKLIWSQMNWVFPKKM,length1,54
-3,1419075,1418940,135,MSVLIYLLMMQKQRPILQPFIWKIKVLISQQSLKMKTLKAKQPSN,length1,135
-3,1418916,1418880,36,MHVVRILSKLVG,length1,36
-3,1418877,1418808,69,MITKPHCTIWQQNIMSLRNVFVN,length1,69
-3,1418799,1418793,6,MH,length1,6
-3,1418178,1418163,15,MMFIH,length1,15
-3,1418070,1417869,201,MLVTTTILLLILVATLICTLLILLIKTALSKSSSSHFHRNHLFKLHTRKPKFFSDHIKHFFLIFVKF,length1,201
-3,1417629,1417623,6,MS,length1,6
-3,1417308,1417260,48,MATVSRILFDKLHQII,length1,48
-3,1416357,1416327,30,MDAVRVPPSA,length1,30
-3,1416270,1416240,30,MVRKERAIKR,length1,30
-3,1415733,1415667,66,MIKFDYVAVNTILLCVCYPIKY,length1,66
-3,1415535,1415478,57,MPTLPMPTSSSAAVCSMAS,length1,57
-3,1415295,1415247,48,METISVNAGPLLVSML,length1,48
-3,1414896,1414887,9,MLI,length1,9
-3,1414833,1414800,33,MSQSSTTTQKL,length1,33
-3,1414443,1414335,108,MPSIMAAVASGVERSKSVSSIRNTNSPLLCFAYNQE,length1,108
-3,1413336,1413186,150,MATCFKFFISAFCSADVISSFKNSLLQTAFVNFRFLSCGRLAKLGNFNSL,length1,150
-3,1411584,1411518,66,MFNFHFFIRYNRINKRKNKPSK,length1,66
-3,1411476,1411329,147,MFRLLKHYFNIRTNPNTDANNKWAKCQNHPINRKRRKRRARLTIVPNTI,length1,147
-3,1410435,1410324,111,MRLLVQLHFRVQITSDLNDELLLADKDGRVILVHPFA,length1,111
-3,1410111,1410057,54,MSQYPYKKNLYLIKHLIH,length1,54
-3,1409952,1409871,81,MALFSYELRFHTGFHRKRLGFQLAPLL,length1,81
-3,1409730,1409697,33,MKMFERENKIF,length1,33
-3,1409457,1409277,180,MSMVSLLLYVPRVLVVLQHQFVWKNWLNLVFALSYVLVQRVQFNHILMLAMFLSQPLLFA,length1,180
-3,1409274,1409247,27,MVQAVISHL,length1,27
-3,1409199,1409160,39,MQRKQKVSSLMWV,length1,39
-3,1409118,1409055,63,MIPIAEKYIVITKGYLNNGKI,length1,63
-3,1409052,1409049,3,M,length1,3
-3,1408935,1408923,12,MKQR,length1,12
-3,1408644,1408608,36,MTKIRFLLNLHF,length1,36
-3,1408587,1408563,24,MPRESLIH,length1,24
-3,1408527,1408518,9,MTH,length1,9
-3,1408473,1408377,96,MPNYRQERHLNNALPLEITLAIAQPLDQMSFP,length1,96
-3,1408353,1408341,12,MQIR,length1,12
-3,1408104,1408083,21,MPVQKPS,length1,21
-3,1408047,1408038,9,MYQ,length1,9
-3,1407531,1407519,12,MPNQ,length1,12
-3,1407504,1407489,15,MQVQA,length1,15
-3,1406646,1406628,18,MSLACP,length1,18
-3,1406580,1406541,39,MTFCQSFFVPRSP,length1,39
-3,1406532,1406457,75,MMFIIEGIIDRNNKIWRTKARLQNT,length1,75
-3,1405656,1405626,30,MRLLIKRAPN,length1,30
-3,1405485,1405458,27,MPIACSAGN,length1,27
-3,1405029,1405020,9,MAG,length1,9
-3,1404669,1404609,60,MAASLPQCPHQQIHESDDPQ,length1,60
-3,1404573,1404462,111,MHRSSRPMFPHTSLDQRFQFLTKSFWLVAVANQILQL,length1,111
-3,1404213,1404147,66,MPSQPKPLLATNYTHEQIDVLA,length1,66
-3,1403817,1403706,111,MIPIHLSHPVQQEFLAIQIVRYLEIANHLPVGNHFLQ,length1,111
-3,1403676,1403265,411,MTALRQAQPMLFLHHENVNKIVDTQIDFSAKPINRPCPVSPENGQVHSLIAVNMREFSILTRLLPALNNSLDFVLNTQKISRILPQIVNDKKFFYKIFSILKIQRKLTALFSKNLLDTKGFHYAIIPKIRQIRTRML,length1,411
-3,1402482,1402422,60,MCQRTNATCNSNRTWWLSKY,length1,60
-3,1402095,1402041,54,MNALTTLQRGLNVPFLSI,length1,54
-3,1401978,1400724,1254,MIQQKSPSLLGGTMIIAGTAIGAGMLANPTSTAGVWFIGSILALIYTWFCMTTSGLMILEANLHYPTGSSFDTIVKDLLGKSWNTINGLSVAFVLYILTYAYITSGGGITQNLLNQAFSSAESAVDIGRTSGSLIFYLILAAFVWLSTKAVDRFTTVLIVGMVVAFFLSTTGLLSSVKTAVLFNSVAENEQIYLPYLLTALPVCLVSFGFHGNVPSLVKYYDRDGRRVMKSIFIGTGLALVIYILWQLAVQGNLPRTEFAPVIEKGGDVSALLEALHKYIEVEYLSIALNFFAYMAISTSFLGVTLGLFDYIADLFKFDDSLLGRTKTTLVTFLPPLLLSLQFPYGFVIAIGYAGLAATIWAAIVPALLAKASRQKFPQASYKVYGGNFMIGFVMLFGILNIVAQIGANLGWFASFTG,length1,1254
-3,1400373,1400337,36,MLHCNFSCDAYL,length1,36
-3,1399872,1399806,66,MSTNSLFAIQCDFIFQHHSGKH,length1,66
-3,1399788,1399605,183,MFQNIFGIFVRIRHLDCVFFFFAKMGFIDNKTTPNRIIGLAIKLCAIFIKSGNCHAIFVQF,length1,183
-3,1399473,1399467,6,MW,length1,6
-3,1399383,1399344,39,MNFSCLFKLISFN,length1,39
-3,1398882,1398873,9,MNL,length1,9
-3,1398861,1398792,69,MQQAGQNKRYMDYQIYLLRKTRY,length1,69
-3,1398615,1398594,21,MKSLANG,length1,21
-3,1398591,1398486,105,MKILIREWLAIKWLRNHLLLEIHIIRHYSIQELSK,length1,105
-3,1398351,1398327,24,MPYQVDLQ,length1,24
-3,1398177,1398120,57,MKVQSRLSHGEQNKSLARR,length1,57
-3,1397205,1397133,72,MHRWVHHLWILRQCSQFAKYPLNF,length1,72
-3,1396860,1396794,66,MCQFYQVQRYPRGRFPPLQPHL,length1,66
-3,1396539,1396482,57,MHSSYRQVRFGYQADLLDR,length1,57
-3,1395999,1395882,117,MEWLTKVAQCLLMQIAKSAVTLSDGSHLSYQAFQSEMEY,length1,117
-3,1395846,1395810,36,MYFLLLVIHWLV,length1,36
-3,1395687,1395465,222,MVFYLKLFQCDWHKIGRSSHQSESKFFYSVASNPASSMTSINCATLTRFSSKVIFALPSNCTSADCTPSNSVKT,length1,222
-3,1395432,1395387,45,MPFMFNVIVFIFTPC,length1,45
-3,1395369,1395330,39,MRLAQDWQVIPPI,length1,39
-3,1395144,1395126,18,MYAFYV,length1,18
-3,1395081,1395033,48,MNAIGTRLAGHPTNLN,length1,48
-3,1394832,1394829,3,M,length1,3
-3,1394700,1394589,111,MTSISCAILTRFSSKVIFALPSNCTSADCTPSNSVKT,length1,111
-3,1394556,1394511,45,MPFMFNVIVFIFTPC,length1,45
-3,1394448,1394064,384,MNISEAAKLVGLSTKQIRDYEKIGLIKPAVRSLSGYRNYGESDLERLHFIRHSRNVGFSLHQIAQLLALQDNPKRSCREVKVLTAQHIATLNQQIEQLQKMVQKLQHWHDSCQGNDNPGCSILNGLNG,length1,384
-3,1393926,1393890,36,MHARTLHKAIHC,length1,36
-3,1393302,1393140,162,MVLVSFVLPTVPILQALMIFMFPQVKSVVLIFKLGIKSRVKFVHQKKENVISHF,length1,162
-3,1393122,1393074,48,MMTNLKCPVAKSYLKT,length1,48
-3,1393029,1393011,18,MAQQKI,length1,18
-3,1392879,1392858,21,MWNLSYY,length1,21
-3,1392852,1392834,18,MNAQKK,length1,18
-3,1392705,1392672,33,MWSFCLILLLV,length1,33
-3,1392612,1392543,69,MLMRCIVQNVSLELHVMWKKAAV,length1,69
-3,1392498,1392285,213,MKLFSKNLKVQVIWNYTFLVKLQKDAYSQPLTLNALVLVKKTYSQHLMNYKKCGFFVRFLIQWMKWMQWNS,length1,213
-3,1392204,1392150,54,MKNKGKILCFPLFNIRNI,length1,54
-3,1391997,1391910,87,MPLLANNLPVQRLLFCNNILQSNRLRRKQ,length1,87
-3,1391865,1391829,36,MKSYCLCQIILE,length1,36
-3,1391613,1391550,63,MENCFVEIIQRKSHKSLAANA,length1,63
-3,1391523,1391487,36,MRSLRCRLIKTL,length1,36
-3,1391355,1391316,39,MIKFFLVIICDML,length1,39
-3,1390980,1390959,21,MKPSLAF,length1,21
-3,1390215,1390161,54,MPWLTFSKPLSRKFSKSV,length1,54
-3,1390029,1389993,36,MTSSKLFSISCC,length1,36
-3,1389966,1389912,54,MADIASLVCKVESTKCPV,length1,54
-3,1389855,1389840,15,MMSGS,length1,15
-3,1389750,1389702,48,MGSSAVIICLSGVFSH,length1,48
-3,1389069,1388910,159,MVSQAERLERESTPSQRRLFSSLSGKAKYRKSKDCCCRLRSHKSGEIVKISPF,length1,159
-3,1388742,1388721,21,MCHSLLL,length1,21
-3,1388463,1388460,3,M,length1,3
-3,1387974,1387971,3,M,length1,3
-3,1387119,1386222,897,MNDEQQNSNQSENTKKPFFQSLFGRFFQGELKNREELVEVIRDSEQNDLIDQNTREMIEGVMEIAELRVRDIMIPRSQIIFIEDQQDLNTCLNTIIESAHSRFPVIADADDRDNIVGILHAKDLLKFLREDAEIFDLSSLLRPVVIVPESKRVDRMLKDFRSERFHMAIVVDEFGAVSGLVTIEDILEQIVGDIEDEFDEEEVADIRQLSRHTYAVRALTDIDDFNAQFNTDFDDEEVDTIGGLIMQTFGYLPKRGEEIILKNLQFKVTSADSRRLIQLRVTVPDEHLAKMNNVDEKSE,length1,897
-3,1385502,1385493,9,MGS,length1,9
-3,1384653,1384626,27,MTALFHSYK,length1,27
-3,1384488,1384434,54,MVLIIFIQQKLLSQIKSP,length1,54
-3,1384305,1384302,3,M,length1,3
-3,1384260,1384161,99,MQSEWIEKSNNGKKLRLQLANSAVVIACQKFVH,length1,99
-3,1384131,1384119,12,MMAH,length1,12
-3,1383504,1383459,45,MFKLGGWSVRKRNQR,length1,45
-3,1383324,1382907,417,MGITALAFDFGTKSIGCAIGQSITGTAQALPAFKAQDGIPNWEAIEKCLKEWKPDVVIVGLPLNMDGTEQDLTLRARKFANRLQGRFGVNVHLQDERLTTTQARSEIFERGGFKALKKGKIDGVSACLILESWFEYAEY,length1,417
-3,1382514,1382457,57,MQVTNAANYLEGSNWLKSC,length1,57
-3,1382397,1382349,48,MRAHLPRVYLMRHQYE,length1,48
-3,1382298,1382238,60,MHEVINSSRHHLLMFVFLPF,length1,60
-3,1382043,1382025,18,MELTIF,length1,18
-3,1381821,1381782,39,MVTYHNRVRFFGY,length1,39
-3,1381737,1380528,1209,MAKKVKPLVDTEIKKAKASDKPYTLTDGYGLFLIVSPTGSKSWRFNYYRPLTKKRAKISLGLYPAITLSKARELREHYRQLLANKIDPQEYIKQHELLQLQRQNNTFFAISTQWKQKKVSEIKSVTLKSRWRTLEKYAFPYLGDNPIAEITPQQLHDTAIPLFERGVSHTGKLVIALVNEIMNFAVNKGIIEFNKCINVSKAFNVNRTTHHPTIRPEKLPEFMSALRHSHIDLMVKYLIEFSLLTITRPSEAANAQWNEIDFEKSLWNIPAERMKMKKAFTIPLSPQVLKILNKLKNISGRSRFIFQSQRYPERPLHSSSANAAIKRVGYKDQLTSHGLRSIASTYLSETFTEMNLEILEACLSHQSKNQVRNAYNRSTYLEQRKPLMNSWGDFVEECMKKSI,length1,1209
-3,1380378,1380375,3,M,length1,3
-3,1380300,1380228,72,MRILIELNEDISFTRINQFNNIYI,length1,72
-3,1380195,1380192,3,M,length1,3
-3,1380111,1380096,15,MLCFT,length1,15
-3,1380078,1380045,33,MYIHAQHLQFG,length1,33
-3,1379934,1379904,30,MKSITSRKLT,length1,30
-3,1379691,1379652,39,MLQVEVLKFLGFT,length1,39
-3,1379643,1379640,3,M,length1,3
-3,1379538,1379190,348,MIKTVFSMLVLMTNIAYAGIRTIESPPEQGGSIPTKCGDYIYFGEKRSPYDVCMITGLLKTYEKGQCITRDEYKLLNKACSTKPDNVPQAYKMRDSSYYVEYSPETDGFVPMSSEN,length1,348
-3,1379145,1379133,12,MYYL,length1,12
-3,1378941,1378935,6,MN,length1,6
-3,1378920,1378875,45,MFYNVISVQNIHSQK,length1,45
-3,1378161,1378149,12,MILI,length1,12
-3,1377756,1377741,15,MTSTV,length1,15
-3,1377615,1377609,6,MS,length1,6
-3,1377276,1377270,6,MK,length1,6
-3,1377237,1377195,42,MVKTLFKTYYKLNR,length1,42
-3,1376952,1376811,141,MCGIIAHKSRKNDATQIDCLYWWRQYGTSYYSWIIETRLSCRANYCE,length1,141
-3,1376100,1374936,1164,MQVRPFYWLALSFLGYYCAYGVFLPFFPAWLKSQQYGEEMIGLVIGSAYIFRFAGGLFFSSLIKKANHIIISLRLLALASAIIMAAMSLVAHNFWLLFIAIGLYASVNSAGMPIGDSLASTWQRQIGLDYGKVRLIGSAAFILGVVVFGGMIGWVGEQNIVWILTALLSFYTIIQLLKPTIPPKDEIPEGGVQNDVGFIALLKNPMTLRVMVAVGLIQGSHAAYYVYSTIYWTSIGISVSQTSLLWGIGVLAEIVLFFFSRRLFQNISISVLLYISALACIGRWAVIGYIDDFWLIFLLQLIHSLTYAVCHYAIVRYITTQPQSHIAKLQGLYNGLSNGVLIAIFTAIAGMIYPTSPAMTFVFMSIIAAAAFFVIPRKLNAFLIVQHK,length1,1164
-3,1374903,1374012,891,MKNLALIDLFLNEYWIEKGLSENTVQSYRLDLTALCDWLDKNDLSLETLDAVDLQGFLGERLEKGYKATSTARMLSAMRKLFQYLYREKYRVDDPSAVLSSPKLPSRLPKYLTEQQVSDLLNTPDVKVPLELRDKAMLELLYATGLRVTELVSLTIENMSVQQGVVRVIGKGNKERIVPMGEEAAYWVRQFMLYGRPVLLNGQSSDVVFPSQRAQQMTRQTFWHRVKHYAILADIDADALSPHVLRHAFATHLVNHGADLRVVQMLLGHTDLSTTQIYTHVAKERLKRLHERFHPRG,length1,891
-3,1373802,1373769,33,MLIFNFCFSRT,length1,33
-3,1373751,1373748,3,M,length1,3
-3,1373454,1373307,147,MLQYGHAAFFVETPVESNKALKHLQWYHVLRQLQQQDYLAPQGHHQNAQ,length1,147
-3,1373061,1372977,84,MLNLLQNRIPNVAQYQNDHAMEKSKNPL,length1,84
-3,1372749,1372707,42,MSYEYSRPFHLPQY,length1,42
-3,1372272,1372167,105,MPLNLPLSSTNKRSAVFLPTPGILVSLESSSLSIA,length1,105
-3,1372146,1372041,105,MADKIAKANLGPTPFVLINSRNKVRSVFWANPKSK,length1,105
-3,1371891,1371837,54,MPCKRPIIILPNDKKINA,length1,54
-3,1371468,1371444,24,MLNPHSSP,length1,24
-3,1371003,1370964,39,MPSRTEPKSSQAV,length1,39
-3,1370343,1370316,27,MPNAHSILE,length1,27
-3,1369983,1369953,30,MRSNLTALHS,length1,30
-3,1369902,1369611,291,MLADLQNSGLPSLSTLLPWFSGRQLHHECFLFQLKAWLNGLNRMLNQHAVEYRILMHLIRNRISRVVVLRQYQEYGTQFVAFSDQKYAQNHHPLRSR,length1,291
-3,1369527,1369467,60,MDGALLQDYLLHHVQTLGNQ,length1,60
-3,1369044,1368918,126,MDYANLAYPNQNDALLLAKSSLGTYLNLHQWYQAISRAPYVP,length1,126
-3,1368744,1368672,72,MHRICLYAHGLALNSRARLLALLW,length1,72
-3,1368504,1368441,63,MVKHQKHCRCVILSLTLPLRP,length1,63
-3,1368345,1368330,15,MHLDI,length1,15
-3,1368234,1368102,132,MLRLVRYCYGLMLRNNVYASFQNPLYSFNYAQKSVAIIAENQER,length1,132
-3,1368048,1367439,609,MFKIKAFLCHIIRFFVILCGLLRLNYVKDNHMLFINITFACILAIRFYSLSISIRHEKALIAKGAIQYGKRNSTLLSIAHVAFYFAAIIEANKQNLSFNSTSQIGLAILIFAIAMLFYVIYELKEIWTVKIYILPEHQINRSFLFKYVRHPNYFLNIIPELIGLSLFCQAKYTALVGLPIYLLILAVRIKQEESAMSHLFPKS,length1,609
-3,1366695,1366689,6,ML,length1,6
-3,1366566,1366332,234,MLTKVFQSGNSQAVRIPMDFRFDVDTVEIFRKENGDVVLRPVSKKTDDFLALFEGFDETFIQALEARDDLPPQERENL,length1,234
-3,1366242,1366233,9,MIA,length1,9
-3,1366212,1366152,60,MLNLLKAPLVVKIMSNQYEQ,length1,60
-3,1366128,1366014,114,MYYIPMNKSVYIMANGQIHSKNKGDLSEIMIYGSLVTH,length1,114
-3,1366005,1365981,24,MPFLLHIM,length1,24
-3,1365903,1365897,6,MT,length1,6
-3,1365798,1365792,6,MF,length1,6
-3,1365720,1365693,27,MAKVRQKLN,length1,27
-3,1365666,1365627,39,MNMAQHMDISLSA,length1,39
-3,1365624,1365555,69,MIFMPLVKPFARAVVTLLAKQGQ,length1,69
-3,1365513,1365465,48,MVIKLNLSKTKVLNLV,length1,48
-3,1365381,1364694,687,MSDSQEIPYHNQLKNRFRGYFPVIIDVETAGFDAKKDALLELAAITLKMDENGYLHPDQKCHFHIKPFEGANINPESLKFNGIDIHNPLRGAVSELDAITGLFQMVRRGQKDADCQRSIIVAHNATFDQSFVMAAAERTGVKRNPFHPFGMFDTASLAGLMFGQTVLVKACQAAKIPFDGKQAHSALYDTERTAKLFCYMVNHLKDLGGFPHIASELEQEKTTEKETAL,length1,687
-3,1363530,1363419,111,MWHFQTKRKQRYFSTRLALNGNDWLCNDCCFRFCKCD,length1,111
-3,1362993,1362408,585,MTVQQLIQRLDQKVQQLYQAHLSKREEKIFAKFDRTLFSENGQNVSFYLKEINQTLDRIKTLESNDSNHYNFLAERLLAQCSVLSEALVRKNTHLTESQTTTKQTIQKSQHSIHKLPPRERLEKYYEAREQLNNLYRQHKDLAQAEKNNDEKIRYAQLAEVYKKRQQKCQDAIDLLEEYLVFKEEVENRENTENK,length1,585
-3,1361559,1361475,84,MTQGSPSCINFRPGLKSLVVYVAIFEIS,length1,84
-3,1361463,1361457,6,MV,length1,6
-3,1361223,1360437,786,MCSDLEFVQAEGFSTDPLEEKNANAVPNILHKYRNRLLFMAKGGCAVNCRYCFRRHFPYDENPGNKKSWQLALDYIAAHSEIEEVIFSGGDPLMAKDHELAWLIKHLENIPHLQRLRIHTRLPVVIPQRITDEFCTLLAETRLQTVMVTHINHPNEIDQIFAHAMQKLNAVNVTLLNQSVLLKGVNDDAQILKILSDKLFQTGILPYYLHLLDKVQGASHFLISDIEAMQIYKTLQSLTSGYLVPKLAREIAGEPNKTLYAE,length1,786
-3,1360299,1360287,12,MNWI,length1,12
-3,1360128,1360119,9,MIL,length1,9
-3,1360038,1359975,63,MKKSVLKITRMNPSKRLKNLF,length1,63
-3,1359819,1359792,27,MKFLCSSNR,length1,27
-3,1359642,1359513,129,MRQCNKMLFNLQVKCQMKWLRHLLCLCNQLKRNSQKQLCQFSR,length1,129
-3,1359444,1359357,87,MHRLHQKQRNKTSLKQQETHRLLKPNLFK,length1,87
-3,1359327,1359315,12,MQNL,length1,12
-3,1359213,1359210,3,M,length1,3
-3,1359177,1359171,6,MF,length1,6
-3,1359111,1359027,84,MKCVYPMVRVLCVSLMVLINIKNNFLGE,length1,84
-3,1358982,1358580,402,MLKKTSLIFTALLLAGCAQNANVTTPQTQKMQVEKVDKALQKGEADRYLCQDDKVVRVVHATHKKYKKNLHYVTVTFQGVSEKLTLMISERGKNYANIRWMWQERDDFSTLKTNLGEILATQCVSQTSERLSGQ,length1,402
-3,1358301,1358298,3,M,length1,3
-3,1358295,1358232,63,MNYSLVLLSLKLQILRFFNII,length1,63
-3,1357983,1357938,45,MMRYVKQQNASLVLR,length1,45
-3,1357713,1357695,18,MSYFGR,length1,18
-3,1357662,1357644,18,MASKKF,length1,18
-3,1357626,1357575,51,MCSFYALWWLPRTAYSY,length1,51
-3,1357443,1357437,6,MV,length1,6
-3,1356645,1356642,3,M,length1,3
-3,1356471,1354242,2229,MVAVRGSHLLNPQNFVIEQWCTGLKLAEQTEKSLIDAWYYARDLMNAYPDEMKNATLMLQSGVEMVEILHELNMDAETLLTAMLFPIVANKLTDWESLKEKFGAKITKLLKGVLEMDNIRQLNASHSANALQVDNVRRMLLAMVDDFRCVIIKLAERITFLRDAEHRCAEEDKVLAVKECSYIYAPLANRLGIGQLKWELEDYCFRYLHPEQYRAIAKLLQERRLDREHYIADFVSELSSYLRENIEQVEVYGRPKHIYSIWRKMQKKHLEFSGLYDVRAVRIIVQKLQDCYTALGIVHTQFKHLPKEFDDYVANPKPNGYQSIHTVVLGKGGKPIEVQIRTQQMHDDAELGMAAHWKYKEGNTGSMSAYEEKIAWLRKLLAWQDDITDSGEVLAELRSQVFDDRVYVFTPKGEVVDLPTGSTPLDFAYAIHSEIGHRCIGAKVAGRIVPFTYQLQMGDQIDIITQKNPNPSRDWLNPNLGFTHTAKSRAKIQAWFKKQDRDKNIPAGKELLDNELALLNLSIKQVEPYALPRYNLKNLDDLYAGIGSGDIRLNNLINFLQSKLIKVTAEEADQEILRHVANKSAVNSQQKSEKNNGYVIVEGVDNLMHHIARCCQPIPGDAIVGYITMGRGISIHRADCEQFLDLQAAHPERVVESIWGENYASGFHINIRIVAGDRNGLLRDITTVLANEKISVLGVSSRADTKKQLATIDMEIELHNVESLSKILARLAKLDDVIEAKRL,length1,2229
-3,1354146,1354116,30,MKWLFATNVF,length1,30
-3,1353786,1353195,591,MTALLKIGLVSVSDRASAGVYQDQGIPELQAWLEQALVDPFHLETRLIPDEQPIIEQTLKELVDEQGCHLVLTTGGTGPAKRDVTPDATLAVADREMPGFGEQMRQVSLHFVPTAILSRQVGVIRKESLILNLPGQPKAIKETLEGVKDKEGNVLVKGIFSAVPYCLQLINGLYIDTKPEIIESFRPKSARRENLEK,length1,591
-3,1352976,1352970,6,MY,length1,6
-3,1352703,1351809,894,MTQRRVPHWLAITLLFVLISLVFFFLVGLINSTAREFTQSIPQYKVLLSQRVSDLTGLLQRFNLPFTLSRETIQENFDPSIIMNFVSRVLLNFSGVVSNVFVLVLVVIFMLAEAPTMKHKFAMVISSTPHDAAKEERHIDRVLQGVIGYLGIKSITSLLTGVGVFILLEACGVQYAILWATLSFLLNYIPNIGSIIAAIPIIVQALLLNGFGIGFGVAIGVIAINMVVGNIIEPKMMGQRLGLSTLVVFLSLLFWGWLLGTVGMLLSVPLTMALKIALESSPNTAKYACLLGDVEDFK,length1,894
-3,1350471,1350435,36,MALCPERARSHT,length1,36
-3,1350054,1349862,192,MAEEKLLLPFSRSVSDKYCRASACFFERFNSPCLRTFFPASVIRQKVRSFFTALSPLRNFTGKA,length1,192
-3,1349796,1349763,33,MGVKTGAKSNG,length1,33
-3,1349703,1349625,78,MATRFWVPKGTRTRIPICNETSSGTK,length1,78
-3,1349427,1349376,51,MVAISAKSVVLFSVQVV,length1,51
-3,1349349,1349325,24,MITGEHLV,length1,24
-3,1349286,1349262,24,MAMIIQLY,length1,24
-3,1349148,1349130,18,MQWKKA,length1,18
-3,1349103,1348980,123,MQRKFYETVLLMVRLAVCSYFSPILGIKQNIINVVLFNRTL,length1,123
-3,1348950,1348899,51,MVLSIWRQTGKIMQSKC,length1,51
-3,1348854,1348818,36,MAIIFQDQILDL,length1,36
-3,1348716,1348704,12,MNLI,length1,12
-3,1348548,1348518,30,MKSLIVLLTK,length1,30
-3,1348506,1348500,6,MD,length1,6
-3,1348494,1348461,33,MKVAVIYIGKV,length1,33
-3,1348431,1348410,21,MKVTVKQ,length1,21
-3,1348389,1348368,21,MVCNKLK,length1,21
-3,1348113,1347585,528,MTVENLPRRQFLRGKFSTLSCLENNQKQNFVGIRPPWSVENSIFVAQCTRCGDCLSVCETNILVKGDAGFPEVRFDNGECTFCGKCVDACKQPIFYPRDQLPWSHKIDIGVACLTLHRIECRTCQDNCPANAIRFKLQMGSVAQPLVNFDACNGCGACVQGCPVNAITMNDLKQNE,length1,528
-3,1347273,1344792,2481,MNLSRRDFMKANAAMAAATAAGLTIPVKNVVAAESEIKWDKGVCRFCGTGCAVLVGTKDGRVVASQGDPDAEVNRGLNCIKGYFLPKIMYGKDRLTQPLLRMTNGKFDKNGDFAPVSWDFAFKTMAEKFKEAFKKNGQNAVGMFSSGQSTIWEGYAKNKLWKAGFRSNNVDPNARHCMASAAVAFMRTFGMDEPMGCYDDIEQADAFVLWGSNMAEMHPILWSRITDRRISNPDVRVTVLSTYEHRSFELADHGLIFTPQTDLAIMNYIINYLIQNNAINWDFVNKHTKFKRGETNIGYGLRPEHPLEKDTNRKTAGKMHDSSFEELKQLVSEYTVEKVSKMSGLDKVQLETLAKLYADPTKKVVSYWTMGFNQHTRGVWVNQLIYNIHLLTGKISIPGCGPFSLTGQPSACGTAREVGSFPHRLPADLVVTNPKHREIAERIWKLPKGTVSEKVGLHTIAQDRAMNDGEMNVLWQMCNNNMQAGPNINQDRLPGWRKEGNFVIVSDPYPTVSALSADLILPTAMWVEKEGAYGNAERRTQFWRQQVKAPGEAKSDLWQLMEFAKYFTTDEMWTEDLLAQMPEYRGKTLYEVLFRNGQVDKFPLSELAEGQLNDESEYFGYYVHKGLFEEYAEFGRGHGHDLAPFDMYHKARGLRWPVVEGKETLWRYREGYDPYVKEGEGVAFYGYPDKKAIILAVPYEPPAESPDNEYDLWLSTGRVLEHWHTGTMTRRVPELHRAFPNNLVWMHPLDAQARGLRHGDKIKISSRRGEMISYLDTRGRNKPPRGLVFTTFFDAGQLANSLTLDATDPISKETDFKKCAVKVEKAA,length1,2481
-3,1344735,1343898,837,MKVRLKSKKKMKKPALNPERRKFLKEATRTAGGLAGVGILLGLQQNQSLAREGVPLRPPFALQDAKAFSAACIRCGQCVQACPYDMLHLASLLSPVEAGTPYFIARDKPCEMCPDIPCAKACPSGALDRQATDINESRMGLSVLLDHETCLNYQGLRCDVCYRVCPLIDKAITLEKQHNPRSDKHALFIPTVHSDACTGCGKCEQACVLEEAAIKILPMDLAKGMLGKHYRLGWEEKAKAGHSLAPKDMISLPTRTPEGAIVMPEPAEPVLAPILGSGK,length1,837
-3,1343889,1343808,81,MHQNLQGKRLEKNGAGGMQTAFCFGVD,length1,81
-3,1343652,1343640,12,MLSL,length1,12
-3,1343562,1343556,6,ML,length1,6
-3,1343481,1343457,24,MVFLCLFY,length1,24
-3,1343316,1343271,45,MAGVDIFAQLVLLMV,length1,45
-3,1343196,1343031,165,MFVPKPKCYVRLYTEKKTKAYSCFPKIASAADVVLTFALKKFLNFRPDSIIQGSD,length1,165
-3,1342788,1342710,78,MFKLSQPRKFSFEWCNSNQPNSLYGS,length1,78
-3,1342659,1342617,42,MSRFSIKRRSNCSK,length1,42
-3,1342569,1341969,600,MSEKKPNILKRFWQWFRKPSRMAIGTIIILSAIGGILSWVGFNYGLEKTNTEQFCASCHMQDAYPEYLHSVHYQTRTGVGASCPDCHVPHEFGAKMKRKIIAAKEVYAHYTGKVDTLEKFNAHRLEMAQNEWARMKANDSKECRNCHNVDRMNFNDQRSVAARMHQKMKTEGKTCIDCHKGIAHQLPDMSGVESGFKDEK,length1,600
-3,1341678,1341666,12,MIYG,length1,12
-3,1341564,1341483,81,MVRTTRRLVYATATHTFNNHFVWHIKF,length1,81
-3,1340751,1340691,60,MTESRQPNKPTNCYHLYKPK,length1,60
-3,1340244,1340229,15,MNSVS,length1,15
-3,1340217,1340163,54,MITQNFTTIRIQHDILCS,length1,54
-3,1339929,1339884,45,MFICQPNRQHLRQYK,length1,45
-3,1339437,1339410,27,MARTKVINM,length1,27
-3,1339392,1339374,18,MTLKRF,length1,18
-3,1339371,1339359,12,MPHS,length1,12
-3,1339347,1339278,69,MNIITHTCSIMSVVITTKYRKLC,length1,69
-3,1339194,1339122,72,MRPNWIKITQDSHAKFWFRFCCIA,length1,72
-3,1338879,1338837,42,MNNRANLIFCKNFL,length1,42
-3,1338582,1338507,75,MVIFNKIKNLLLKSIVVASKITSHI,length1,75
-3,1338267,1338159,108,MVIKESNYIEDFLAKYSKYLLHNVFVKNKVHLNHIP,length1,108
-3,1338081,1337979,102,MRKDSLFLDKNQYLLNKDLYNPLQSPLHTYKRLM,length1,102
-3,1337853,1337817,36,MLNPLNSEKMLR,length1,36
-3,1337181,1337145,36,MIPVNLKQLALT,length1,36
-3,1337133,1337067,66,MPKNPFSFHSISYPFFFITHSL,length1,66
-3,1337049,1336329,720,MVRIQDLSLAFNGQTLFEHLNLTLLPNEWVSLLGSSGVGKSTLLRLLAGIETQGVVQGKILFEPKIRIAWLPQKETLYPWLSIVDNVQLQAVLFGRKSAKTTEKAKMLLEKVGMAAHWHKPCSQLSGGQKQRVALARTLMQEADLILLDEPFSALDAISRHQLQDLAFELLEDKSVLLVTHDPQEALRLSQRIFVLRSPESHQTALSAVILPEGNAPRELHQANLWALQQQLLQELGGEQ,length1,720
-3,1335990,1335969,21,MEWHPKL,length1,21
-3,1335924,1335762,162,MMDYATPHKRGSIWRKPLTFPPCVYCLKCDYLRLCLLLLRACELPFRSPRLVRW,length1,162
-3,1335708,1335687,21,MPECKSI,length1,21
-3,1335474,1335471,3,M,length1,3
-3,1335459,1335360,99,MQPSLWLNKKAFLKKITWRLKLSNLLILHYRRN,length1,99
-3,1335156,1335120,36,MDYLIQCFILLV,length1,36
-3,1335108,1335099,9,MWN,length1,9
-3,1335093,1335090,3,M,length1,3
-3,1335048,1335042,6,ML,length1,6
-3,1334961,1334937,24,MACLLMMS,length1,24
-3,1334838,1334784,54,MKRGKPLSAINQTNLTHH,length1,54
-3,1334646,1334640,6,MR,length1,6
-3,1334241,1334232,9,MQL,length1,9
-3,1334133,1334064,69,MRVRNFNKPPKKPLIFLPHFATH,length1,69
-3,1333947,1333878,69,MTLFISQRINLLRFSTSSLRKEG,length1,69
-3,1333809,1333779,30,MIQAPVEASK,length1,30
-3,1333743,1333587,156,MELTIAIHSILSKDLVSVSAVIPGAINIATTKITPTTCIVLTMVKASRINKP,length1,156
-3,1333476,1333464,12,MTAL,length1,12
-3,1333368,1333230,138,MANIPENTMPIAVSSFIRLFSFKYPTPSEQKIPEKNAPMAKGIPAK,length1,138
-3,1332360,1332339,21,MGKCITN,length1,21
-3,1332162,1332084,78,MTILCCWRRWILLSFAIEYNGFFIIC,length1,78
-3,1332051,1332048,3,M,length1,3
-3,1332024,1331898,126,MTQHPTKYNFQIMLVKGVFCFSCGDDCAINHDHLITKIRNRT,length1,126
-3,1331892,1331886,6,MG,length1,6
-3,1331871,1331787,84,MTFFSKLLKKINNGIFSFHINASERFIQ,length1,84
-3,1331703,1331580,123,MRKMLNIYSLHRLLNFLFINRFGDTKKIHIPITSHHHDIIH,length1,123
-3,1331352,1331310,42,MTIVVTNSYIINPN,length1,42
-3,1330608,1330581,27,MSFGVGSYS,length1,27
-3,1330377,1330368,9,MPE,length1,9
-3,1330302,1330245,57,MGMIIKIIDLFIIISYKMY,length1,57
-3,1330242,1330212,30,MYEKRTKHFG,length1,30
-3,1330176,1330161,15,MINLK,length1,15
-3,1329555,1329447,108,MGFFVHFINKLATTYSRCTRKRVGSIVIRMDKHCFQ,length1,108
-3,1329270,1329192,78,MAFQYSIMGKIIHNIRLCQRKRRTQR,length1,78
-3,1328940,1327770,1170,MCNNEAKMSELLSVQSDAPAKKINLMDLTRQQMREFFKELGEKPFRADQLVKWIYHFGEDNFDNMTNINKKLREKLKAVAEIKAPEVAVEQRSADGTIKWAMQVGEQQVETVYIPEADRATLCVSSQVGCALACTFCSTAQQGFNRNLTVSEIIGQVWRASKIIGNFGVTGVRPITNVVMMGMGEPLLNVANVVPAMEIMLDDFAYGLSKRRVTLSTSGVVPALDNLSKMIDVALAISLHAPNDELRDEIVPINKKYNIKTLIDSVNRYLNVSNANHGKVTIEYVMLDHVNDGIEHAHQLAEVLKNTPCKINLIPWNPFPEAPYAKSSNTRIDRFQKTLMEYGFTVIIRKTRGDDIDAACGQLAGDVIDRTKRTAMKRQFGQNIGVTEVN,length1,1170
-3,1327668,1327131,537,MQTISKQLSAVIFPFIFSACVSQSASSLDHQAAAKARVELALSYLQQNNPQLAKINLDKALQHDKNYYLVHSALAHYYQQQGQIENAFREYEIAVKLNHKQGDVHNNFGTFLCSQKKFEQAQQQFELALNSPNYYHQADTFENIALCAYSAKKMDIYQQTLEKLRQINGKRAEKFNSLK,length1,537
-3,1326975,1326939,36,MSLKKSRYALLY,length1,36
-3,1326921,1326792,129,MNLFKNQRLLYLSKVMFAAMQNSYVCQILCGKILFLLKPKKMI,length1,129
-3,1326783,1326723,60,MHVQPVPLINILLTIVGSGV,length1,60
-3,1326639,1326633,6,MI,length1,6
-3,1326621,1326579,42,MLPLPKTISPPPLL,length1,42
-3,1326453,1326387,66,MKNQFQTFKVRSKIQVFLQRYL,length1,66
-3,1326267,1326249,18,MAMNFH,length1,18
-3,1326228,1326174,54,MCVSLTKARIILSKWMVA,length1,54
-3,1324959,1324947,12,MAMD,length1,12
-3,1324710,1324635,75,MVYRANVPSRTSTKRALPSIPSSRC,length1,75
-3,1324572,1324530,42,MESVRYRSTCYTST,length1,42
-3,1324305,1324272,33,MFIIRCCWYSI,length1,33
-3,1324215,1324161,54,MGNLRSWCTRYRVWWRSL,length1,54
-3,1323732,1323120,612,MAYSIEEEQEINQLKDWWKENGKTIIVAFILGVGGMFGWRYWQSHQAEQIAQASAQYDTLINSVQQDEQAKKANIEQFVQANSKTAYAVFALLDEAKKATQKQDFSAAEANLNQALTQSQDEVLTSIVALRLSAVQFQLGQLDNALTTLNQVKGESFNARKAILTGDIQVAKGDKVAAKNSFEQAQQSGSQLEQQMAKMKLNNL,length1,612
-3,1322439,1322406,33,MHSFGEQQILG,length1,33
-3,1322130,1322124,6,MV,length1,6
-3,1321698,1321530,168,MVFYQKTRQLVLLHKARELNHQPLLRLVLLRIPHWHLSMPDDKLAMNVLQADKLIH,length1,168
-3,1321338,1321239,99,MQCLPPLLKLQRYLLINVKLKYQMCHRLNHKPQ,length1,99
-3,1320735,1320543,192,MQPKNWLFPNQSQRLNDVDAVPQLVLVLQFVIMPYAIFLLVMRRNTPNQIYFFLQSLLGNGFQY,length1,192
-3,1320387,1320360,27,MPKLKILCK,length1,27
-3,1320327,1320210,117,MNSNKFFQYYCLTNHHLTQNNHQSHHLQLINILVFRLTH,length1,117
-3,1320078,1320063,15,MLAFA,length1,15
-3,1319823,1319811,12,MGKT,length1,12
-3,1319451,1319448,3,M,length1,3
-3,1318893,1318869,24,MHFHWRQF,length1,24
-3,1318608,1318518,90,MINYFFAISHFNFPFFNSSKCHCQIMATKY,length1,90
-3,1318500,1318407,93,MVFKSIPSLNISHNGDNARSFSTAPFIKLIV,length1,93
-3,1318020,1318008,12,MPRS,length1,12
-3,1317975,1317927,48,MRGLRRTYNAPTPFGP,length1,48
-3,1317594,1317576,18,MCLPLV,length1,18
-3,1317489,1317474,15,MRSAI,length1,15
-3,1317390,1317330,60,MVRNAIIFFATRSSTGQVAA,length1,60
-3,1316385,1316358,27,MTFQQFFIG,length1,27
-3,1316259,1316253,6,MT,length1,6
-3,1315911,1315887,24,MNNKNGGL,length1,24
-3,1315713,1315704,9,MDL,length1,9
-3,1315605,1315539,66,MDPVFQVLEILRISTLTLHDGF,length1,66
-3,1315533,1315434,99,MQLHHDLILQVFLHRKILCLIYQHQHLYQLNNL,length1,99
-3,1315407,1315350,57,MRCCILVYHVHQCYLLLIL,length1,57
-3,1315326,1315287,39,MQRAHLRFERIHQ,length1,39
-3,1315173,1315122,51,MNYKLLMQLQNLQLIMI,length1,51
-3,1315092,1315074,18,MSFLFS,length1,18
-3,1314540,1314498,42,MPLKRCHYFTCARI,length1,42
-3,1314243,1314228,15,MRSIA,length1,15
-3,1312518,1312476,42,MGFVIKPTDLMPAR,length1,42
-3,1312287,1312224,63,MTGTLSSLETSWLCTESGNST,length1,63
-3,1311090,1311054,36,MRVVVPLVRFVA,length1,36
-3,1311045,1310790,255,MYANILFLLVQKNANSERDTLRHLHQYLHNTHEQEKKSNYPTYSHPIGRNKPCILEPVFGISKLSMKKLNKILFILKHLKFLPHF,length1,255
-3,1310640,1310556,84,MRQSLRLFTLKICFTRWITKIKLPIFSH,length1,84
-3,1310553,1310544,9,MAN,length1,9
-3,1310490,1310484,6,ML,length1,6
-3,1310037,1310034,3,M,length1,3
-3,1310007,1309992,15,MLIWL,length1,15
-3,1309923,1309914,9,MQK,length1,9
-3,1309713,1309662,51,MGVMFEEIGVSFTGKVR,length1,51
-3,1309491,1309449,42,MKEMVASLVYILRH,length1,42
-3,1309326,1309236,90,MRHKKFYIVPLIILNNLCFVCLDICRIPIK,length1,90
-3,1308996,1308972,24,MYAAMHFL,length1,24
-3,1308936,1308924,12,MSLC,length1,12
-3,1308876,1308852,24,MIFKFLKR,length1,24
-3,1308756,1308741,15,MAKLF,length1,15
-3,1308570,1308528,42,MNLPNAHTLNEFYL,length1,42
-3,1308522,1308498,24,MKFWQIRV,length1,24
-3,1308480,1308474,6,ML,length1,6
-3,1308321,1308294,27,MLLPRLMRE,length1,27
-3,1308291,1308270,21,MKSIFLK,length1,21
-3,1308165,1308102,63,MITHLESEQAGLLILNLLKKI,length1,63
-3,1308075,1308060,15,MPYIC,length1,15
-3,1307655,1307607,48,MVALSCISTVLLSLKI,length1,48
-3,1307478,1307379,99,MIIQQMIGMKMMIGDFLDGDIALGMFSLKFAII,length1,99
-3,1306614,1306461,153,MDCRAIYWRSFSHSFSYFSLASLSRICLNGKLLIIFRVRCHGDLNHQSERY,length1,153
-3,1306242,1306212,30,MFAINRRLSD,length1,30
-3,1306104,1306059,45,MGERRSSNARLLAET,length1,45
-3,1305642,1305585,57,MSKWDSNIPFLFFSNKKSL,length1,57
-3,1305537,1305525,12,MLRY,length1,12
-3,1305423,1305402,21,MMASAFL,length1,21
-3,1305183,1305180,3,M,length1,3
-3,1305111,1305054,57,MPQAMFGICYRFIIFLKKS,length1,57
-3,1305021,1304955,66,MIANWLLLKHINYKSEIQKKLI,length1,66
-3,1304943,1304931,12,MLGN,length1,12
-3,1304760,1304616,144,MKYACVVKRFYNCLLKQDAFRLMITQNLLNVFLKILVIKKQFDCYKKK,length1,144
-3,1304556,1304550,6,MN,length1,6
-3,1304529,1304496,33,MIVLKTNSPSC,length1,33
-3,1304001,1303947,54,MKVSGLKRGTGCPPILKS,length1,54
-3,1303746,1303731,15,MTLAG,length1,15
-3,1303695,1303659,36,MCSFSARIVCLL,length1,36
-3,1303374,1303353,21,MLFCDVV,length1,21
-3,1302972,1302948,24,MRISGKIR,length1,24
-3,1302825,1302795,30,MVFLNLLKSL,length1,30
-3,1302774,1302735,39,MKDTNAITVIKAG,length1,39
-3,1302573,1302498,75,MTEITAIARSPSISGRYLIDDIIFL,length1,75
-3,1302417,1302375,42,MHYIAILHDVIFAF,length1,42
-3,1301124,1301106,18,MPIRKR,length1,18
-3,1300545,1300239,306,MNQINIEIAYAFPERYYLKSFQVDEGITVQTAITQSGILSQFPEIDLSTNKIGIFSRPIKLTDVLKEGDRIEIYRPLLADPKEIRRKRAAEQAAAKDKEKGA,length1,306
-3,1300074,1300065,9,MKM,length1,9
-3,1300035,1300005,30,MMIGKFFLAL,length1,30
-3,1299828,1299807,21,MMNMMYF,length1,21
-3,1299795,1299699,96,MVIVVGKWVNGVMQALNLNPINRSEFLMIWAN,length1,96
-3,1299690,1299684,6,MK,length1,6
-3,1299636,1299612,24,MAWLKMIV,length1,24
-3,1299564,1299558,6,MA,length1,6
-3,1299456,1299438,18,MKIFKR,length1,18
-3,1299345,1299291,54,MSYWFLMKCAIPMKCGQF,length1,54
-3,1299282,1299198,84,MVHSFLKTTIVNCFTPKIRCEFMRTANG,length1,84
-3,1299195,1299183,12,MNLI,length1,12
-3,1299045,1299030,15,MMGGR,length1,15
-3,1299018,1297701,1317,MSDNIYSVSQLNSAARQMLEGNFSQIWLTGEISNFTQPVSGHWYLTLKDENAQVRCAMFRMKNLRVAFRPQNGMQVLVRANVSLYEPRGDYQLIIDSMLPAGEGLLQQQFEALKMKLAAEGLFAQNLKKNLPHFSKAVGIITSSTGAALQDILHILARRDPSLKVVIYPTAVQGKEATAEIVQMIELANVRQEVDVLIVGRGGGSLEDLWCFNEEEVARAIFRSTLPIISAVGHETDVTIADFVADLRAPTPSAAAELVSRNQDELLQQLRHQQQRLDMAFDRLFTRKSQRLKQLTLRLHNQHPQNQLRAQQAKNEQLTHRLQLAILRQFENTQQKFTALSVRLKQNPLPYRIQRYQQGLEQLKVRLNFCVNRQVTERQNKLATLCGKLDGLSPLKVLARGYSIAENPQGKAIVSVKDVNQGDFITTQVADGKIVSKVL,length1,1317
-3,1297680,1297674,6,ME,length1,6
-3,1297641,1297635,6,ML,length1,6
-3,1297500,1296870,630,MSEIQHFSQQDIEILGEQTLYEGFFTLKRIQFKHKLFAGGQSGVVTRELLIKGAASAVIAYDPKEDSVILVEQVRIGAAYHPESHRSPWLLELIAGMVEKGEKPEEVALRESEEEAGIQVKNLTHCLSVWDSPGGIVERIHLFAGEVDSSQAKGIHGLAEENEDIRVQVVKREQAYQWMCEGKIDNGIAVIGLQWLQLNYAQLQQSWKRS,length1,630
-3,1296858,1296036,822,MKNTFVYQAEKPVIKLLQITDPHLFKDESAELLGVNTQASFAQVLKEIKQENNQFDVILATGDLVQDSSDEGYIRFVEMMKPFNKPVFWIPGNHDFQPKMAEFLNQPPMNVAKHLLLGEHWQALLLDSQVYGVPHGQLSQHQLDLLKETLGKNPERYTLVVLHHHLLPTNSAWLDQHNLRNSHELAEVLAPFSNVKAILYGHIHQEVNSEWNGYQVMATPATCIQFKPDCQYFSLDTLQPGWREIELYSDGSIRTEVKRIQQAEFLPNMQEDGY,length1,822
-3,1295634,1295562,72,MNILVHFIIFLVPHKSQKLNKTIH,length1,72
-3,1295559,1295538,21,MQKTAAN,length1,21
-3,1293906,1293846,60,MRLIQNGTSKMNCLFFKKCG,length1,60
-3,1293825,1293792,33,MAKLSVFQTFL,length1,33
-3,1293732,1293609,123,MASFPLMESWRYGLIILKLFVPWAVRWGVIRLALLFLVTAF,length1,123
-3,1293177,1293153,24,MGKFPCSS,length1,24
-3,1292661,1292601,60,MMFNFARITKTNRNRQVRFF,length1,60
-3,1292232,1292208,24,MFCKGFTQ,length1,24
-3,1292175,1292151,24,MLCGTLHG,length1,24
-3,1291878,1291863,15,MMRCN,length1,15
-3,1291842,1291692,150,MFFYGLIACFTRPCFNAIGFIYLYSLDNQWNLKLIAQVLAVFSPTICIGA,length1,150
-3,1291683,1291659,24,MNVDCSYR,length1,24
-3,1291452,1291437,15,MVCNS,length1,15
-3,1291176,1291050,126,MLSIRFNSFKRLAVNPITSAAVDAFSALFQRIEAQPSGEITE,length1,126
-3,1290324,1290297,27,MVFTGWASL,length1,27
-3,1289787,1289736,51,MGDNAEQGINRKLRIAF,length1,51
-3,1289634,1289544,90,MRKGVAKISHFTPHHKYAKWRGNKRKHNAC,length1,90
-3,1289199,1289187,12,MSTP,length1,12
-3,1289028,1288980,48,MPFFSERNRSTVIGKL,length1,48
-3,1288947,1288929,18,MRTFLL,length1,18
-3,1288926,1288824,102,MTSPEVGICSFNKVFNNVDLPPPFGPTMVIIELG,length1,102
-3,1288755,1288623,132,MSGCGFCSLRMAVIFIKSPCFQQWLGKITHFYRILKIFYPMSNI,length1,132
-3,1288563,1288542,21,MLKTFLF,length1,21
-3,1288317,1288257,60,MKMPPLMMMNCKQKMMKLMK,length1,60
-3,1288242,1288191,51,MISVLYLNTHKTHSMVY,length1,51
-3,1288116,1288110,6,MF,length1,6
-3,1288092,1288071,21,MIHQYNR,length1,21
-3,1288002,1287984,18,MITWNI,length1,18
-3,1287948,1287876,72,MNVSKMGNLNAKLLKRKVFGEKKY,length1,72
-3,1287690,1287597,93,MLKRYVFHLVVKIIMQCKRQMVVIIISKGKL,length1,93
-3,1287441,1287345,96,MVQLKRSLIRLAVLGVMLCCVTGVNIKLFICT,length1,96
-3,1287246,1287219,27,MNFVLTVEQ,length1,27
-3,1287069,1287066,3,M,length1,3
-3,1286889,1286877,12,MCLC,length1,12
-3,1286766,1286619,147,MKMPKVKCLVEKLATAKPLVFLNTQMRVQFYSMVLLNFHWVCRLNYCVF,length1,147
-3,1286613,1286595,18,MDLSVE,length1,18
-3,1286574,1286559,15,MQMYV,length1,15
-3,1286481,1286442,39,MFLLLMCRHYANA,length1,39
-3,1286334,1286259,75,MTGKGMFVSFITPFIVPALWYKIII,length1,75
-3,1286205,1286184,21,MNLEIKP,length1,21
-3,1286181,1286148,33,MKSSVLMRHKF,length1,33
-3,1286136,1286097,39,MQNIQARENWLNV,length1,39
-3,1286055,1286028,27,MELENNFPI,length1,27
-3,1285782,1285758,24,MIQSDLEV,length1,24
-3,1285392,1285386,6,MQ,length1,6
-3,1285269,1285251,18,MVFLAR,length1,18
-3,1285101,1284933,168,MLNVFWQLIKCLMYRDLNDEPVLKSVLLGVMLVRLQSHQNLNHFRRAPRFLRVYLK,length1,168
-3,1284642,1284636,6,MN,length1,6
-3,1284537,1284516,21,MNANSPC,length1,21
-3,1284360,1284318,42,MRNIALFYQANIYA,length1,42
-3,1284168,1284030,138,MQLKKKSCVLRLSMDNAFLTWTLKAQDTNKKKRISTKEQLLALSQA,length1,138
-3,1284009,1283979,30,MVQNVTVFYL,length1,30
-3,1283949,1283907,42,MIMFFKVVRIFAIF,length1,42
-3,1283751,1283736,15,MNVLN,length1,15
-3,1283712,1283697,15,MCLKV,length1,15
-3,1283553,1283550,3,M,length1,3
-3,1283310,1283307,3,M,length1,3
-3,1283208,1283175,33,MKSRVNYAYVT,length1,33
-3,1283097,1283037,60,MRFVQIVPVFKLAEFLVLVC,length1,60
-3,1282944,1282896,48,MNLFLYLFYVCWKKKH,length1,48
-3,1282791,1282710,81,MSILLLPQMKQWKHRTLVFSVYVMAKK,length1,81
-3,1282707,1282701,6,MN,length1,6
-3,1282665,1282584,81,MKILKNHCFLVMWKQQLLLNNQRLKVQ,length1,81
-3,1282530,1282515,15,MNPLC,length1,15
-3,1282332,1282293,39,MSVSVINAVRAVT,length1,39
-3,1282161,1282104,57,MKQLLKITSARLKKCQKWM,length1,57
-3,1282086,1281891,195,MMKNPFIRTNVLNVKSVSVVLHVIYVQRIISVVAVIKSQNRQCHYLLRWFRLNWQVARLGLIIQR,length1,195
-3,1281855,1281771,84,MNCLSKRKLKKGLSRQQWELSLKKNPLM,length1,84
-3,1281735,1281702,33,MNRYRKKYKNL,length1,33
-3,1281642,1281639,3,M,length1,3
-3,1281636,1281573,63,MNLKRSRKYQNLSALMNLMDV,length1,63
-3,1281516,1281372,144,MMKCQRLSQLGLGRILVIISMEKVRQDIIVQLATFILNQPAQNQNNQK,length1,144
-3,1281213,1281141,72,MLLPAVTQKMNLQQNLHLRLTICQ,length1,72
-3,1281132,1281129,3,M,length1,3
-3,1281054,1281030,24,MTLHRILP,length1,24
-3,1280880,1280793,87,MREKFDRLFFLEKKRKLHAIFSRGAERLR,length1,87
-3,1279815,1279812,3,M,length1,3
-3,1279614,1279515,99,MISRLQVAKLVCWAMQKLLNALQIFLLINLSAR,length1,99
-3,1279308,1279305,3,M,length1,3
-3,1279236,1279155,81,MVVILLCKAPVSTRRIHMVRAVPFLPV,length1,81
-3,1279002,1278324,678,MKNIQKILPLYFVAGTQDCRHLGENLSENLLFVLKQALEGGITCFQFRDKGKFSLEHTPSAQKALAMSCRDLCREYGVPFIVDDNVDLALAIEADGIHVGQSDMPVQEIRAKTDKPLIIGWSVNRLDEAKIGENLAEIDYFGIGPIFPTQSKENPKPTLGMAFIQTLRNVGITKPLVAIGGVKLAHVKTLREFGADGVAVITAITHADNVQAATKALREASDEYAK,length1,678
-3,1277988,1277925,63,MPYWARYRFRRRVGRCCVSCG,length1,63
-3,1277793,1277718,75,MGVADTIFIFRYLSGNWLICSPKTD,length1,75
-3,1277073,1277049,24,MVYFRNER,length1,24
-3,1274961,1274859,102,MRNECLVYAMFQKLHAHLHDGEQIQFHGLLFQFQ,length1,102
-3,1273635,1273581,54,MGCNTLVGKWENKFCFAL,length1,54
-3,1273158,1273125,33,MGRLVYCAIRE,length1,33
-3,1272492,1272465,27,MVREIKKVA,length1,27
-3,1272237,1272156,81,MLKFVSIITKKSLFSINKHVKYCKLTH,length1,81
-3,1272132,1270767,1365,MLINKTKRAEQNLNNLPFLALQAEQIEFLGSSAEFKTQIIELIRNAKKRIYVTALYWQKDEAGQEILDEIYRVKQENPHLDVKILIDWHRAQRNLLGAEKSATNADWYCEQRQTYQLPDDPNMFFGVPINTREVFGVLHVKGFVFDDTVLYSGASINNVYLHQFEKYRYDRYQKITHAELADSMVNFINDYLLDFSAVYPLDVTNRPRTKEIRGNIRAYRKDLAQNGEYSLKSAVKLPNVLSVSPLFGLGASGNELNQVIEDLFLQVQEKLVICTPYFNFPRTLQHKIATLLESGKQVEIIVGDKVANDFYIPPEQPFKMAGALPYLYESNLRRFCEKFETQIENGQLVVRLWRDGDNTYHLKGVWVDDRYILLTGNNLNPRAWRLDAENGLLIYDPQQQLLAQVEKEQNQIRQHTKVLKHYSELEELNQYPEPVQKLLKKFARIKADKLVKMIL,length1,1365
-3,1270653,1270590,63,MFTDAIHYCICISLKTNLLHF,length1,63
-3,1269819,1269759,60,MVQTCHCGFSYYKSNCFLFY,length1,60
-3,1269693,1269657,36,MLPSSTRWSISN,length1,36
-3,1269171,1269009,162,MELYGIFPPYGTRDYSCVYLRITHLFLGRKIQIIWLWREITRRSVESLIRLRSH,length1,162
-3,1268004,1268001,3,M,length1,3
-3,1267959,1267941,18,MVSIYI,length1,18
-3,1267911,1267815,96,MVIIWFNDGAMASGYFFTICGYSHIIVNRTSD,length1,96
-3,1267419,1267203,216,MARVSILLPHRPQREYKKSLSISKKPLPQLDKTHHGLRKAHDVFQQNPLLKLQFLYQRLTLFQFQQVKIALL,length1,216
-3,1267131,1267113,18,MQRAVS,length1,18
-3,1267110,1267065,45,MLLSMPPQLQHQHES,length1,45
-3,1267062,1266930,132,MQDLIRVRAKSQQHYKLLMLPCSPFLSLNEVQLKYRLFRQIEKG,length1,132
-3,1266879,1266711,168,MQFQHHSSRQLKIQTNNAPPYLHYKMYHKQQFEYAQLFLKCLLHHYRLNQQSHFRD,length1,168
-3,1266363,1266354,9,MRP,length1,9
-3,1266165,1266147,18,MNADAH,length1,18
-3,1266138,1266051,87,MVRRELPSEYVQFPFHQLMVFLIRLHLKL,length1,87
-3,1265364,1265313,51,MKFYTNVRYTLSPNFIF,length1,51
-3,1264830,1264815,15,MLPTV,length1,15
-3,1264797,1264743,54,MNRISHLISLIRKSWNIY,length1,54
-3,1263282,1263276,6,MS,length1,6
-3,1262871,1262847,24,MIASGNLS,length1,24
-3,1262718,1262661,57,MTILSQLGSCLRQLPQCCA,length1,57
-3,1262304,1262277,27,MVSPSLAKT,length1,27
-3,1262082,1262079,3,M,length1,3
-3,1262055,1261668,387,MLALFLLVVSKRGLAIISTLFSRSNALNSKSSNRPLIFATCNAIEPAGVVVVAKFTLRLSAIFSKLLPVRLPATRLAFSVGLKIPHRTPSSFKLSSVIVTIRASIAICSIGLSISAISFLIFCTKRGSS,length1,387
-3,1261632,1261557,75,MLPAEESKDPLPVVKDFINSEALAK,length1,75
-3,1260711,1260693,18,MGCLRV,length1,18
-3,1260633,1260606,27,MSSFSQNDL,length1,27
-3,1260150,1260141,9,MFL,length1,9
-3,1260132,1260084,48,MNQFKFCLILRVTFQT,length1,48
-3,1259769,1259745,24,MLISTPRQ,length1,24
-3,1259709,1259706,3,M,length1,3
-3,1259622,1259616,6,MT,length1,6
-3,1259208,1259190,18,MTFLRI,length1,18
-3,1258980,1258965,15,MNADL,length1,15
-3,1258617,1258602,15,MCHNA,length1,15
-3,1258503,1258461,42,MAVHHKVQVRLLNN,length1,42
-3,1258314,1258272,42,MVLQQRHKPISVKH,length1,42
-3,1258269,1258263,6,MN,length1,6
-3,1258167,1258158,9,MWC,length1,9
-3,1258143,1258104,39,MKNTSAKKNMMLH,length1,39
-3,1258047,1257912,135,MSLKWCVKKWCVVLAKKMLTPVVIKYLPLYFQKTKLKPKKLCVIT,length1,135
-3,1257903,1257774,129,MICVTVIAVARHYGKKMKPLGTMIALSVFYASYLIQSHLFLRQ,length1,129
-3,1257705,1257672,33,MQCVGQAEAIL,length1,33
-3,1257633,1257618,15,MGNGN,length1,15
-3,1257567,1257495,72,MARLKQWWADLVMNKVNSIEPHSL,length1,72
-3,1257345,1257321,24,MMARCVYA,length1,24
-3,1257147,1257018,129,MRCLIMAVSSLNLISLKKFKITRVKTYLLQTLKLLALNVMIYL,length1,129
-3,1257012,1256967,45,MAKPKTKSTALPIFL,length1,45
-3,1256940,1256916,24,MTAPMAKN,length1,24
-3,1256847,1256835,12,MRLI,length1,12
-3,1256817,1256802,15,MPRRK,length1,15
-3,1256796,1256745,51,MRHVSLVANLLFSFVVP,length1,51
-3,1256730,1256715,15,MANKV,length1,15
-3,1256616,1256595,21,MRDLVQT,length1,21
-3,1256580,1256496,84,MLGLMITNEYLGVEKRVRKQPCQLGSLI,length1,84
-3,1256283,1256220,63,MKAIRQRRNHKNSSKNDRTLV,length1,63
-3,1256130,1256118,12,MLMS,length1,12
-3,1255938,1255923,15,MLPVM,length1,15
-3,1255899,1255860,39,MVAKNYVIMLAHR,length1,39
-3,1255758,1255749,9,MSP,length1,9
-3,1255737,1255686,51,MVFNKSKQRFRQKNAGA,length1,51
-3,1255665,1255659,6,MN,length1,6
-3,1255653,1255533,120,MIMISLLKPLKRAINVLPLALMRFGILLYYANKLNVFLRV,length1,120
-3,1255014,1254972,42,MVHITAAVLTLILL,length1,42
-3,1254918,1254840,78,MRCVVQKNYKKKKWHQLPLECHYHQE,length1,78
-3,1254693,1254093,600,MQSSPLLEHLIENLRCLPGVGPKSAQRMAYHLLQRNRSGGMNLARALTEAMSKIGHCSQCRDFTEEDTCNICNNPRRQNSGLLCVVEMPADIQAIEQTGQFSGRYFVLMGHLSPLDGIGPREIGLDLLQKRLVEESFHEVILATNPTVEGDATANYIAEMCRQHNIKVSRIAHGIPVGGELETVDGTTLTHSFLGRRQID,length1,600
-3,1254075,1252122,1953,MRLFIAEKPSLARAIADVLPKPHQRGDGFIKCGDNDVVTWCVGHLLEQAEPDAYDPKFKQWRLEHLPIIPEKWQLLPRKEVKKQLSVVEKLIHQADTLVNAGDPDREGQLLVDEVFSYANLSAEKRDKILRCLISDLNPSAVEKAVKKLQPNRNFIPLATSALARARADWLYGINMTRAYTIRGRQTGYDGVLSVGRVQTPVLGLIVRRDLEIEHFQPKDFFEVQAWVNPESKEEKTPEKSTALFSALWQPSKACEDYQDDDGRVLSKGLAENVVKRITNQPAEVTEYKDVREKETAPLPYSLSALQIDAAKRFGMSAQAVLDACQRLYETHRLITYPRSDCRYLPEEHFAERHNVLNAISTHCEAYQRLPNVISTEQRNRCWNDKKVEAHHAIIPTAKNRPVNLTQEERNIYSLIARQYLMQFCPDAEYRKSKITLNIAGGTFIAQARNLQTAGWKELLGKEDDTENQEPLLPIVKKGQILHCERGEVMSKKTQPPKPFTDATLLSAMTGIARFVQDKELKKILRETDGLGTEATRAGIIELLFKRSFLTKKGRNIHSTETGRILIQALPDIATQPDMTAHWESQLTDISQKQATYQQFMHNLNQMLPDLVRFVDLNALRQLSRIKMIKSDRVKPKSAVKKSSKSNGETD,length1,1953
-3,1252011,1251672,339,MYQVLLFIYVVVAIALIGFILVQQGKGANAGASFGGGASGTMFGSAGAGNFLTRTSAILATAFFVIALVLGNMNSHKGNVQKGTFDDLSQAAEQVQQQQAAPAKDNKNSDIPQ,length1,339
-3,1251024,1251018,6,ME,length1,6
-3,1250898,1250877,21,MVMHLQK,length1,21
-3,1250856,1250829,27,MMLSPHRVG,length1,27
-3,1250493,1250466,27,MKSGLLAIE,length1,27
-3,1250328,1250292,36,MQRNQQTRQSLT,length1,36
-3,1250052,1249980,72,MPYQILAQFSSRLILLKCGILVYL,length1,72
-3,1249686,1249659,27,MLLQEKSWR,length1,27
-3,1249416,1249374,42,MGSSKLKSLTPTLL,length1,42
-3,1249158,1249098,60,MPSALSCCAAAIISSRLFNE,length1,60
-3,1248909,1248903,6,MS,length1,6
-3,1248636,1248579,57,MPFPAGNKPNVSTVFTSPS,length1,57
-3,1248531,1248501,30,MVTTLAILFP,length1,30
-3,1248282,1248102,180,MQTLLVFNHKYGFNGICRQIIIFCYRRCVNLIAHNLNGIGFRRWHYRNILAQAIGYRFAQ,length1,180
-3,1248051,1247907,144,MSLCYTKRNNLHQTFCADDFTFTSKILHGYFRSEFFHFINQICTWACM,length1,144
-3,1247355,1247349,6,MG,length1,6
-3,1247328,1247172,156,MLIRSRRNTNHDISNISFAPFYALRKLKHLHARFLYHQTSIQGAMRNSDAIA,length1,156
-3,1247040,1247016,24,MNVAFRKF,length1,24
-3,1245789,1245732,57,MDKNLPHFYSCSFTKDTKI,length1,57
-3,1245144,1245075,69,MFSRVVIVEVTVRACISKIFSIK,length1,69
-3,1245003,1244862,141,MPSSRTVEMRNKRKNTLAIVSKNHTSGLNTYILKFIIPTTLNATISG,length1,141
-3,1244730,1244727,3,M,length1,3
-3,1244367,1244301,66,MSPAKIHIKSTKQSDCLVYHQQ,length1,66
-3,1243551,1243512,39,MNNATALFSMMFA,length1,39
-3,1243476,1243455,21,MNNYRLI,length1,21
-3,1243284,1243245,39,MDTASKRDIIKFP,length1,39
-3,1243191,1243137,54,MFHITRTCFFHHIRDIFM,length1,54
-3,1243110,1243002,108,MAVGVNNEHNYFSLCLRLEHHRRYIFNLLRFKYFCD,length1,108
-3,1242837,1242810,27,MTINFKFMF,length1,27
-3,1242264,1242246,18,MAMGLH,length1,18
-3,1242243,1242168,75,MTRMALTTRFIDLSYTHYFLCKCIK,length1,75
-3,1242123,1242069,54,MMPQPFVKGLSNLMINWH,length1,54
-3,1241817,1241760,57,MVRSGSKSPNTVSFKVSIK,length1,57
-3,1241577,1241514,63,MRSRNFSASGVPPGSRVNTTS,length1,63
-3,1241439,1241367,72,MTINFPFIFSSALLFGIFLTAIPA,length1,72
-3,1241343,1241250,93,MFIQISGKFMPTRTICHKIIKICFFRFCNSL,length1,93
-3,1240128,1240023,105,MPTKLSFKWCRNHTLFTFHDGLRKLWCISFWERIT,length1,105
-3,1239153,1239129,24,MATINKNH,length1,24
-3,1238814,1238718,96,MFFNNFVRNTRNCAKKTIMINNNFFHFSQLYQ,length1,96
-3,1238658,1238529,129,MFLVRYTIQNIPSKEIKLCTTLFKILFNSSPNFAIQMADALGI,length1,129
-3,1238517,1238508,9,MNP,length1,9
-3,1238355,1238250,105,MCYKISLKKLYAVILTCLVMQKRGTKQKPFPVGTK,length1,105
-3,1238199,1238136,63,MCLVLCLLLRERQNYKNVVQK,length1,63
-3,1237959,1237938,21,MHCGKQI,length1,21
-3,1237872,1237854,18,MCHLLN,length1,18
-3,1237839,1237833,6,MK,length1,6
-3,1237659,1237650,9,MQR,length1,9
-3,1237635,1237527,108,MAIFSLVFLPKFIVIKQNLTASRKTVFSLCFVRNAH,length1,108
-3,1237284,1237266,18,MINTQR,length1,18
-3,1237230,1237218,12,MLLI,length1,12
-3,1237026,1237008,18,MTLLLI,length1,18
-3,1236906,1236867,39,MIFRGHNSIFCEI,length1,39
-3,1236696,1234287,2409,MAKNTQRTMPVLPLRDVVVFPYMVMPLFVGRVKSINALEEAMNDDKQILLVSQREADLEEPTPEDLFDVGTIANIIQLLKLPDGTVKVLVEGQNRAKINSLEDGEKCFSAQITPIETTYGDEQELVVAKSAVLSEFENYLTLNKKVPTDILNALQRIDDVDRLADTMAAHLPVSIRHKQNALELANVQERLEYLLGMMESEADILQVEKRIRGRVKKQMEKSQRNYYLNEQIKAIRKEMDGGENEDTIDEVEQLHQKVEAAGMPADVRDKVENELQKLKMMSAMSSEATVIRSYIEWMIQVPWHQRSKVKKDIVKAQQVLDTDHYGLDRVKERILEYLAVQARLNKVKGPILCLVGPPGVGKTSLGQSIANATGRKYVRMALGGVRDEAEIRGHRKTYIGALPGKLIQKMAKVGVKNPLFLLDEIDKMASDMRGDPASALLEVLDPEQNTTFNDHYLEVDYDLSDVMFVATSNSMNIPGPLLDRMEVIRLSGYTEDEKLNIAMRHLLAKQIERNGLKKGELTVEESAILDIIRYYTREAGVRGLEREISKICRKAVKNLLVNPKLKSITVNSDNLHDYLGVKRFEFGKADTQNRIGEVTGLAWTEVGGDLLTIETASVVGKGKLSFTGSLGDVMKESIQAAMTVVRARADKLGINAEFHEKRDIHIHVPDGATPKDGPSAGIAMCTALISCLTGNPVRADVAMTGEISLRGKVLPIGGLKEKLLAAHRGGIKTVLIPKENVKDLEEIPENVKQNLAIHAVETIDEVLGFALENPPEGIEFVKVKAKPKAPRRKVTSKSERAVN,length1,2409
-3,1233819,1233705,114,MYPQALCEFLWEFKVSMMINYNVLGGFIMQQRQKVRSI,length1,114
-3,1233624,1233570,54,MIFVKQLSYLLPIFLGIS,length1,54
-3,1233519,1233474,45,MMTHFGTFLSKVTNF,length1,45
-3,1233450,1233402,48,MKRLLTQKRVFNVNII,length1,48
-3,1233051,1233030,21,MNYWNYF,length1,21
-3,1232883,1232226,657,MNQLEMKKLAAQAALEYVTADTIVGVGSGSTVNCFIEALGTIKNKIQGAVAASKASEELLRKQGIEVFNANDVSSLDIYVDGADEINPQKMMIKGGGAALTREKIVAALAKKFICIVDSSKQVDVLGSTFPLPVEVIPMARSQVGRKLVALGGAPEYREGVVTDNGNVILDVHNFSILNPVEMEKELNNVAGVVTNGIFALRGADVVIVGTPEGAKIID,length1,657
-3,1232064,1232052,12,MVMN,length1,12
-3,1232034,1231998,36,MHILSDYVLAPI,length1,36
-3,1231917,1231842,75,MQQKHVVFLYLMRHSQTLVPSQNLY,length1,75
-3,1231815,1231731,84,MCHRLMPKYIVVFGINPRLALMKCGVKN,length1,84
-3,1231665,1231533,132,MCISMILKINFRSVMQNRFVALKNYSVLAMWFHYMCQNCPPPKT,length1,132
-3,1231482,1231461,21,MLRVALW,length1,21
-3,1231452,1231434,18,MLSLKP,length1,18
-3,1231401,1231332,69,MYSPLNLLQLMKNLSRHYANLIM,length1,69
-3,1231239,1231218,21,MAQPFLR,length1,21
-3,1231158,1231137,21,MKIALVY,length1,21
-3,1231044,1231041,3,M,length1,3
-3,1231032,1231014,18,MMHHHY,length1,18
-3,1230993,1230960,33,MAQFVLEYFTK,length1,33
-3,1230837,1230708,129,MSLFITTCNHKIPSKLTALVIVPVLRQLASSCISISLPISTSC,length1,129
-3,1230378,1230243,135,MICQSRKSKLTLENTAYFFKASRALGKISFLTSKKTCSLLTLNKR,length1,135
-3,1229985,1229832,153,MDLDARVLDSRFNSCIIKSNLRPTAPPFFKIFVVSFTCICKRSSSSATSTR,length1,153
-3,1229691,1229673,18,MASKRC,length1,18
-3,1229469,1229463,6,MT,length1,6
-3,1229145,1229103,42,MNTEREKKINTIKI,length1,42
-3,1228755,1227846,909,MTNTTMQPNRLRIALQKKGRLSQDCAILLKQCGVKINWNEQRLIAYAENLPIEILRVRDDDIPGLIFDGVVDLGIIGENVLEEEELGRRAANETVTYKKLRQLDFGDCRLSLAVDRDCHYENVKDLANRRIATSYPHLLKRYMNENGVSFKSCLLNGSVEVAPSAGIAYAICDLVSSGATLEANGLKEVDVIYRSKACLIQRAEPLESTKQALVDKLLTRIQGVQQAAESKYIMLHAPKEKLEKITALLPGVENPTILPLASDTTRVAMHVVSQENLFWETMEQLKEAGASSILVLPIEKMME,length1,909
-3,1227843,1227840,3,M,length1,3
-3,1227678,1227579,99,MGKTFSRQLMPFVKMWHTMAIGRYLNSVKNLMA,length1,99
-3,1227549,1227516,33,MKFKRQAVGFL,length1,33
-3,1227504,1227435,69,MRLSKPKRTLKPFTKHSKIRKLT,length1,69
-3,1227261,1227210,51,MKFSTLLIFAVWKLSTL,length1,51
-3,1227036,1226964,72,MNRQILNLWQAIYSLKRNMGQIAK,length1,72
-3,1226805,1226784,21,MNMPLNI,length1,21
-3,1226685,1226625,60,MPVAQTTFCLLMVTPKLILV,length1,60
-3,1226403,1226394,9,MYE,length1,9
-3,1226370,1226253,117,MEENNNDNHNFIPTKYTSLNAISIRSKTRRQWYDLAECK,length1,117
-3,1225908,1225896,12,MQPK,length1,12
-3,1225533,1225524,9,MAC,length1,9
-3,1225455,1225431,24,MSKRASCV,length1,24
-3,1225299,1225236,63,MNHLLFKSQSDSRLFSFILFV,length1,63
-3,1224885,1224867,18,MSQTKN,length1,18
-3,1224492,1224486,6,MD,length1,6
-3,1224372,1224369,3,M,length1,3
-3,1224360,1224309,51,MCFRFIGQTLDQIQCLL,length1,51
-3,1224030,1223433,597,MTNITIIDTGCANLSSVKFAFDRLGYNTEITFDLNKIKSADKLILPGVGTANAAMYNLQERQLIETIQNLTQPVLGICLGMQLMTEFSEEGNVPTLNLISGKTNRIPDTGLPLPQMGWNRVQFVKNCPLFDGIVQNSHFYFVHSYAVSPNEHSVAISNYGVNFSAAIAKENFYGVQFHPERSGKNGALLLKNFVEKVPF,length1,597
-3,1223355,1223241,114,MVKLCGYTKAIMPSKLPILTIQLSNLIIMYVKEQNNYI,length1,114
-3,1223124,1223085,39,MWQIYWLWVRIAW,length1,39
-3,1223028,1223007,21,MVRKNLF,length1,21
-3,1222986,1222926,60,MQAVRKSLRLAVGRKKVVYY,length1,60
-3,1222857,1222848,9,MAP,length1,9
-3,1222161,1222065,96,MRCRRNRAKYDESRWFTKRVRFSPAQAGARSM,length1,96
-3,1221888,1221225,663,MNITKIDWQKVNGLLPVIIQNISTREVLMLGYMNEEALTKTIKERKVTFFSRTKQRLWTKGEISGNFLNVEEMSLDCDNDTLLILVDPIGATCHTGEYSCFHQFTSPQSENKKQQFANWAWFIKLEQHLKEKKNADPSNSYTATLHAKGTKKIAQKVGEEGVETALAAVAQDKAEVISEATDLVYHLTVLLHNQDLQWYEIIAKLQERHQGIGLHPEGGNK,length1,663
-3,1221141,1220991,150,MVIKCIDKQQNLGNIILFLLLKQQYSKEDSKKFTIYKFYLQTVNYTIQLS,length1,150
-3,1220772,1220703,69,MQVSAHLQNNILVKQDALLPQPC,length1,69
-3,1220352,1220343,9,MAM,length1,9
-3,1220247,1220229,18,MNFYKS,length1,18
-3,1220220,1220211,9,MRL,length1,9
-3,1220208,1220202,6,MA,length1,6
-3,1220169,1220166,3,M,length1,3
-3,1219263,1219155,108,MAYVRAKYQAPLPHQLPEFVLLHLQRFSALRLLLLN,length1,108
-3,1219152,1219116,36,MSPFCSPSNDLK,length1,36
-3,1219044,1219026,18,MVIFAI,length1,18
-3,1218792,1218765,27,MFLTNNKRV,length1,27
-3,1218675,1218642,33,MCESCCWRWVS,length1,33
-3,1218306,1218246,60,MIEVITFTSTFAYTRKYRVT,length1,60
-3,1218243,1218174,69,MLNRNITNQLHHIYGFTYTCTAE,length1,69
-3,1217367,1217253,114,MQYKLHQFHHYDKHQTLYLPHQLTLLERAYRLNQKADL,length1,114
-3,1216977,1216917,60,MQPYDPAFYAFSRLPPFPLP,length1,60
-3,1216611,1216455,156,MARIVFVLIIQLLFHREKVAYESHHLDLMQTVQTLLIHDIELVQYEYHPLIS,length1,156
-3,1216119,1215960,159,MKFDDKLRLVLINHHKQLTHLRRDHGNIPPSHNQHKGLNIVTLLIQMQMQLPR,length1,159
-3,1215099,1215066,33,MVAQMLLQLLQ,length1,33
-3,1214796,1214766,30,MQLLHKGELL,length1,30
-3,1214646,1214634,12,MKLL,length1,12
-3,1214307,1214301,6,ML,length1,6
-3,1214286,1214226,60,MLHLNSQRPPYYACFTLISK,length1,60
-3,1214202,1213944,258,MNGFAKMKSNEIPTAIIAIASKRPATINILVCKLDANSGWRADDSKNLPPRIAKPIAVPNAANARRIDAPMIVAVITVSIIFSNRS,length1,258
-3,1213905,1213878,27,MICFVISNT,length1,27
-3,1213821,1213797,24,MENSPSKM,length1,24
-3,1213626,1213593,33,MIEWMKRIFFN,length1,33
-3,1213482,1213452,30,MNTEQTCKLR,length1,30
-3,1213359,1213308,51,MKIFFHDSINPFHNNFN,length1,51
-3,1213200,1213161,39,MNIPKSIPCFEKG,length1,39
-3,1213158,1213041,117,MVANVFRCCLSRHNRSFVLKKNNPKLNFIENKWNNIIQH,length1,117
-3,1211895,1211817,78,MNYLPNQCPVLHHKLNAPPHNSFQRL,length1,78
-3,1211790,1211778,12,MNVR,length1,12
-3,1211718,1211709,9,MNS,length1,9
-3,1211553,1211547,6,MS,length1,6
-3,1210737,1210266,471,MDIFSFFSADFWQANSLCFMFISAFLSATVLPGNSEVIFVALAVPKLMLGSLFNADILALILIATAGNSLGSLTTYGIGRWMPKFDPKNYRTLWAINQLRRYGAIALLLSWLPVVGDLFCAIAGWLRLNFVTSSLFIFLGKMVRYVALLFLSTPFLL,length1,471
-3,1210167,1210110,57,MLYKKVQNFLKIFKIKIFA,length1,57
-3,1210023,1209984,39,MNLTIKFIKICKK,length1,39
-3,1209729,1209717,12,MAIA,length1,12
-3,1209648,1209621,27,MNRKCLRLG,length1,27
-3,1209606,1209600,6,MF,length1,6
-3,1209522,1209483,39,MHTKLPKMLSHAV,length1,39
-3,1209468,1209438,30,MKICHSIIPY,length1,30
-3,1209330,1209231,99,MTKYNTLFKQQVIEFDLQNGKNRSLTRRYFQLA,length1,99
-3,1209036,1209021,15,MATSL,length1,15
-3,1208928,1208682,246,MRGRTRIGKFTTCGERNPKKVARTQPTKKDLKTQNPILHSDQGWQYQMVGYQAILRENSIQQNMSRKGNYLDNNAMENFFDD,length1,246
-3,1208331,1208328,3,M,length1,3
-3,1207920,1207902,18,MNCLLL,length1,18
-3,1207539,1207524,15,MGKSS,length1,15
-3,1207515,1207500,15,MDKFL,length1,15
-3,1207476,1207350,126,MLVKYAVYIMAKCLLVLRVERQMHLHFLNYLNVNLKCIKGIC,length1,126
-3,1207269,1207254,15,MKKKV,length1,15
-3,1207233,1207203,30,MWFSPKKIKF,length1,30
-3,1207179,1207155,24,MRYLRHVR,length1,24
-3,1207029,1205697,1332,MSEMTPRKIVSELDQHIIGQADAKRAVAIALRNRWRRMQLQEPLRHEVTPKNILMIGPTGVGKTEIARRLAKLANAPFIKVEATKFTEVGYVGKEVDSIIRDLTDSAMKLVRQQEIAKNRARAEDMAEERILDALLPPAKNQWGEVESHDSHSSTRQAFRKKLREGQLDDKEIEIDVSAGVSMGVEIMAPPGMEEMTNQLQSLFQNLGSDKTKKRKMKIKDALKALIDDEAAKLINPEELKQKAIDAVEQNGIVFIDEIDKICKKGEYSGADVSREGVQRDLLPLVEGSTVSTKHGMVKTDHILFIASGAFQVARPSDLIPELQGRLPIRVELTALSAADFERILTEPHASLTEQYRALMATEGVNIAFTTDAVKKIAEAAFRVNEKTENIGARRLHTVMERLMDKISFSASDMNGQTINIDAAYVADALGEVVENEDLSRFIL,length1,1332
-3,1204920,1204830,90,MFRDLMNIGQFTLINRLKHLFLNHFIYVVT,length1,90
-3,1204338,1204323,15,MLMYV,length1,15
-3,1204194,1204116,78,MALKKALMNTLNKLAKIKHINFGICH,length1,78
-3,1204095,1204038,57,MNVLKNMAFNATGKKAMPH,length1,57
-3,1204029,1204008,21,MNAEWMT,length1,21
-3,1203909,1203852,57,MWAAYLIVTQGICIHLIIA,length1,57
-3,1203774,1203717,57,MVALRLKQLKVRLFLKTLF,length1,57
-3,1203708,1203615,93,MLILMRSRNLFITALIVKYYLWKVLLSPQSR,length1,93
-3,1203582,1203549,33,MACRCVITIYY,length1,33
-3,1203429,1203426,3,M,length1,3
-3,1203414,1203390,24,MAGLARLI,length1,24
-3,1203333,1203306,27,MVILVTVLL,length1,27
-3,1203258,1203231,27,MNVYLFLKD,length1,27
-3,1203213,1203153,60,MVVELSKILRQRLVCSITSF,length1,60
-3,1203075,1203033,42,MDINSKSVKKFTAL,length1,42
-3,1201368,1200951,417,MKKTALLNAQLSHCIATLGHTESLTICDAGLPIPLSVERIDLALTAGVPSFLQTLNVVTNEMYVERVVIAEEIKEKNPEILTALLTQLQKLESHQGNQIQVEFVSHETFKKFTLESKAIVRTGECSPYANVILYSGVPF,length1,417
-3,1200171,1200132,39,MCIGCEKCERKRH,length1,39
-3,1198320,1198293,27,MAHRKKRMN,length1,27
-3,1198260,1198242,18,MTLLKN,length1,18
-3,1198236,1198224,12,MSKI,length1,12
-3,1198014,1198005,9,MPR,length1,9
-3,1197933,1197873,60,MLINSMCLPVSQQILIEQKV,length1,60
-3,1197870,1197867,3,M,length1,3
-3,1197837,1197798,39,MFKQFLRKMMKWH,length1,39
-3,1197741,1197714,27,MVPMMVLKR,length1,27
-3,1197474,1196556,918,MKKTLTVLGSINADHVISVPYFAKPGETLTGQNYQIAYGGKGANQAVAAARLGAKVAFISCIGSDSIGKTMKNAFEQEGIDTTHINTVSQEMTGMAFIQVAKSSENSIVLASGANAHLGEMVVRQSEAQIAQSDCLLMQLETPLSGVELAAQIAKKNGVKVVLNPAPAQILSDELLSLIDIITPNETEAEILTGVAVADEQSAVKAASVFHDKGIETVMITLGAKGVFVSRKGKSRIIKGFCVQAIDTTAAGDTFNGGFVTALLEEKSFDEAIRFGQAAAAISVTKKGAQSSIPTRQETLEFLEHA,length1,918
-3,1196526,1195530,996,MATMKDIARLAQVSTSTVSHVINGSRFVSDEIREKVMRIVAELNYTPSAVARSLKVRETKTIGLLVTATNNPFFAEVMAGVEQYCQKNQYNLIIATTGGDAKRLQQNLQTLMHKQVDGLLLMCGDSRFQADIELAISLPLVVMDWWFTELNADKILENSALGGYLATKALIDAGHRKIGIITGNLKKSVAQNRLQGYKNALSEAKIALNPHWIVESHFDFEGGVLGIQSLLTQSSRPTAVFCCSDTIAVGAYQAIQQQGLRIPQDLSIMGYDDIELARYLSPPLSTICQPKAELGKLAVETLLQRIKNPNENYLTLVLEPTCVLRESIYSFK,length1,996
-3,1195422,1194873,549,MKENKPVDPYAKYNEQSNIIAKIIFASRWLQVPIYLGLIVTLAIYSYKFIKGLWELVINVNDMDSNTIMLGVLNLIDVVMIANLLVMVTIGGYEIFVSKLRTRNHPDQPEWMSHVNATVLKVKLSMSIIGISSIHMLQTFVNASNMPEKTMMWQLLLHLGFLVSAIALAYTDKILYSTSHKTH,length1,549
-3,1194060,1193904,156,MALLIQINNLSKKWPWPLPPQMPNNIEPPHLIKYNDKHALYMHLNERLGYFC,length1,156
-3,1193514,1193451,63,MAQYVLQYLNLFDDPHNHWQN,length1,63
-3,1193364,1193352,12,MPNP,length1,12
-3,1193343,1193211,132,MPTLRAKFSVEPFPTTFSIFHLSFFLTALLITISRVFYTKTPNL,length1,132
-3,1193208,1193202,6,MI,length1,6
-3,1192830,1192737,93,MARPFSISNPILPMRIVSQMHNRALLKKNHQ,length1,93
-3,1192587,1192560,27,MEQVCTNLM,length1,27
-3,1192485,1192482,3,M,length1,3
-3,1192323,1192287,36,MIESGSTVCHRR,length1,36
-3,1192056,1192050,6,ML,length1,6
-3,1191984,1191972,12,MVAK,length1,12
-3,1191912,1191876,36,MSRFLLKYTTLP,length1,36
-3,1191720,1191666,54,MILCTNFLKVITKFIRIH,length1,54
-3,1191582,1191570,12,MKPS,length1,12
-3,1191492,1191459,33,MILILKNMSKV,length1,33
-3,1191021,1191009,12,MRQR,length1,12
-3,1190415,1190289,126,MVPLLSLLRHRLNLQLLYQVRSIVQEHQFQVRKYRCHLHQLI,length1,126
-3,1190226,1190175,51,MINLLIHLFDASQLNHQ,length1,51
-3,1190016,1190007,9,MHQ,length1,9
-3,1189878,1189821,57,MPHHQYGTYALLAVYPAHR,length1,57
-3,1189527,1189518,9,MGS,length1,9
-3,1189416,1189374,42,MRYPPNLYEHRGLK,length1,42
-3,1188966,1188927,39,MNQNVPHTQNRYT,length1,39
-3,1188879,1188870,9,MLR,length1,9
-3,1188840,1188831,9,MFG,length1,9
-3,1188825,1188774,51,MNKACLSARSSIRLHDR,length1,51
-3,1188663,1188552,111,MLFQLREDLAITYLRLYRSLFRGSYSKDLIPRLVMER,length1,111
-3,1188468,1188426,42,MEHVPPFGHHRSLR,length1,42
-3,1188174,1188120,54,MPFSSVNHIGVSASMGQQ,length1,54
-3,1188033,1188012,21,MILMDDG,length1,21
-3,1187808,1187709,99,MGVNLVEELAIPSSPSILVYYQIEQMLLIILSV,length1,99
-3,1187448,1187340,108,MAYLKVNRYETAMILRTKYVQLAMQVQYDPYVHDEL,length1,108
-3,1187157,1187115,42,MTKNGSYLGKLTQF,length1,42
-3,1187049,1187031,18,MFSCRS,length1,18
-3,1186965,1186899,66,MLLFLLPSPALRGKVPEGRKGA,length1,66
-3,1186104,1186053,51,MFIRDGTPSGFNTISTG,length1,51
-3,1185888,1185573,315,MIFLRFTSSLCSNSLRSSSYCSASCSNWFCFSSSAMVCSNHLVRSNLSNCAASAPLEIRRLRTRANKPASKISNSSVKSFFASRSCISSISNARLSFSTPSRVKT,length1,315
-3,1185423,1185393,30,MSPPLTSAPT,length1,30
-3,1185270,1185249,21,MVVKRSC,length1,21
-3,1185192,1185171,21,MNATRIF,length1,21
-3,1185003,1184952,51,MVSSSFTLITIRDASTY,length1,51
-3,1184832,1184733,99,MFAPINARFASSCSRNGINAAATDTTCCVETSI,length1,99
-3,1184622,1184616,6,MM,length1,6
-3,1184481,1184439,42,MFGPSGVSIGHKRP,length1,42
-3,1184079,1183959,120,MSINLRITAIISSLLKIPAPSPSGKAKERLNFIRPTADKS,length1,120
-3,1183401,1183311,90,MIVAGNLRRRSIRANKLSFGSNSKSNQEPR,length1,90
-3,1182864,1182852,12,MVNK,length1,12
-3,1182720,1182696,24,MTVKMTAL,length1,24
-3,1182603,1182507,96,MDVLSIKNTVKLNNKRSKLIKNQSKSLLILRR,length1,96
-3,1182276,1182225,51,MLEGFLLIELQRSLLYR,length1,51
-3,1181763,1181757,6,ML,length1,6
-3,1181373,1181358,15,MFTPC,length1,15
-3,1181043,1180764,279,MLIDVLLPWFVREYEYGQTRYKSLMLLHHILQPHHKFQQLPFPHLKCRIFPLHRTFLHRVYRINPPRISYRHERLCLLLLQLEQQLVPYRSQQ,length1,279
-3,1180710,1180695,15,MHLNR,length1,15
-3,1180584,1180560,24,MGSPYRAP,length1,24
-3,1180416,1180398,18,MHLQAR,length1,18
-3,1180350,1180308,42,MNKVRSFLPHFLID,length1,42
-3,1178988,1178913,75,MKSRRIFTALFVNVYKIVKTLLIPH,length1,75
-3,1178610,1178601,9,MPA,length1,9
-3,1178565,1178472,93,MPSPLRSNKNLSVTSINEQTRSNSKKALLSK,length1,93
-3,1178052,1177995,57,MRLRLYGIFQLRFSSLDNL,length1,57
-3,1177935,1177923,12,MRHQ,length1,12
-3,1177854,1177668,186,MGNIYGTVQIVSNVQVTLVLRLHEYGEPVRYACLLRGYLRPLVRVINNDCQYVRHKLLRAHQ,length1,186
-3,1177491,1177482,9,MNC,length1,9
-3,1177236,1177230,6,MV,length1,6
-3,1177062,1177020,42,MSQAQFYQYDLRNV,length1,42
-3,1176930,1176642,288,MARGSKESIIHQVPHQDLLEAATLKIRSPFGYTHCNQAGYNEDDKSRSLHINHKSSDSVKSPILHRYSQVNREDQINARQYCLMSLIFDDKSDYWL,length1,288
-3,1176393,1175739,654,MKKKVRVIPRTSWAATSLWTAQYKTISILLFALSILGIGDGLIVLSGLGSTPWTVLSQGIAIQTNFDIGWSSFLISCAVMLVWKPLKLRLGLGTLLNIIVIALFLGITTKILTPPTALFSRMIFCLIGILLYGFGTALYLTCHLGAGPRDGLMVGICQRFHLSINVVRSSLEISVCLLGFLLGGVVGLGTVLFATSIGSVVQFFLNIIARLPHIPYEK,length1,654
-3,1175655,1175526,129,MLIDIINRFPASRLRRTTIWIKSDSRNIKRTAQMQWPSRSCNK,length1,129
-3,1175505,1175490,15,MSKIH,length1,15
-3,1175301,1175265,36,MHKDPFFICGKP,length1,36
-3,1175175,1175151,24,MLLQKSAD,length1,24
-3,1175010,1174875,135,MGIGKETNHAIKLLRFDFLHKTFEIRFVIFFAINNNIINKWTNFR,length1,135
-3,1174689,1174623,66,MLFLWIIKHQHNLSLRKIALSV,length1,66
-3,1174326,1174314,12,MHLK,length1,12
-3,1174311,1174245,66,MVLILHYLVCKHHVRYRMQQQR,length1,66
-3,1173576,1173444,132,MFSGISPQFEEFVLMMAFLMPPSICYRGKVRLVFRTFFKNFYCR,length1,132
-3,1171452,1171422,30,MEVSFFINFV,length1,30
-3,1171332,1171305,27,MYQLRYVLA,length1,27
-3,1171302,1171272,30,MPKRSHFHWR,length1,30
-3,1171236,1171185,51,MCRPLRHPNLPKSLPNH,length1,51
-3,1171065,1170978,87,MPEGRKGAFYISPQPSAAPLQTEEEKCFL,length1,87
-3,1170915,1170786,129,MSIITTPINNANTKAKLPPETRYGNVGFSIRVRHAKLIGKIKQ,length1,129
-3,1170399,1170363,36,MARRNLSTLPPK,length1,36
-3,1169793,1169727,66,MVVPAIISALPKVLFFSIKLSL,length1,66
-3,1169613,1169601,12,MTSP,length1,12
-3,1169286,1169229,57,MPIRDVTFPTPKRSSIAAV,length1,57
-3,1168863,1168848,15,MRAYI,length1,15
-3,1168734,1168713,21,MFLNQKN,length1,21
-3,1168347,1168323,24,MRRQAQGH,length1,24
-3,1168272,1168263,9,MPL,length1,9
-3,1168227,1168164,63,MLIQEPHHHNLHAGQFEYKVD,length1,63
-3,1167474,1167465,9,MIC,length1,9
-3,1167444,1167441,3,M,length1,3
-3,1167306,1167285,21,MVMRFPF,length1,21
-3,1167276,1167258,18,MTNLNL,length1,18
-3,1167147,1167141,6,MN,length1,6
-3,1167015,1166949,66,MQWILYCVNLVLIVKNNKNSLN,length1,66
-3,1166931,1166835,96,MIVAIFTINSEIASCFRFVINVVAQWLLVGVY,length1,96
-3,1166829,1166811,18,MKNRNI,length1,18
-3,1166766,1166685,81,MVCMKPYKPTMNPNNYLLLKVIWTWWH,length1,81
-3,1166664,1166649,15,MRSLL,length1,15
-3,1166577,1166538,39,MVTVQDVMLLGEH,length1,39
-3,1166532,1166517,15,MRCLT,length1,15
-3,1166511,1166400,111,MADNSNLFSCQMEKILILTFVNTAKKNLKNTSKVRNL,length1,111
-3,1165800,1165770,30,MKKKRYLYIF,length1,30
-3,1165551,1165464,87,MTYCPKMLLIQNITTNCYKHCKMMQVSLY,length1,87
-3,1165461,1165437,24,MKHQKAMI,length1,24
-3,1165413,1165371,42,MKMQWKKQLKFFQM,length1,42
-3,1165287,1165209,78,MKLALQNVLKEGLMKFKPLSQPILKH,length1,78
-3,1165206,1165197,9,MDY,length1,9
-3,1165188,1165179,9,MMM,length1,9
-3,1165125,1165116,9,MPK,length1,9
-3,1165095,1164954,141,MKTFLTKMMKKNLVMQMWKTMNQNLHQIQATLITVLILKLLAKNFSN,length1,141
-3,1164726,1164678,48,MILKKLLPLMAVTVNG,length1,48
-3,1164627,1164603,24,MKIVFMKP,length1,24
-3,1164537,1164468,69,MQSHEANKKHVELKKKWLKLTCV,length1,69
-3,1164336,1164258,78,MLLGGFVKQSLALLRIKRVQSVFLCI,length1,78
-3,1164087,1164069,18,MTMIRI,length1,18
-3,1163883,1163880,3,M,length1,3
-3,1163790,1163754,36,MNREKHKREKSI,length1,36
-3,1163424,1163319,105,MSSNCSSVNKPFSNTTSRTPLPVCAQILPTKSPLW,length1,105
-3,1163238,1163166,72,MPSTHLSRKFTQALVKMSIDSNIA,length1,72
-3,1162893,1162887,6,MT,length1,6
-3,1162536,1162467,69,MLLYTAIRKPVGYASLVDWLALT,length1,69
-3,1162179,1162134,45,MVTLEILKFSTALNV,length1,45
-3,1161327,1161174,153,MPAYLKKVRSILPTKYQSLTDRPPAPQGRRTSASHSSHSPTHHRNLATLSL,length1,153
-3,1159890,1159701,189,MCFIANKNFQQSYAEFETPFTTFACHFGGGKLPIQFAQAVKIPLTHCIEGKRKIRPVVVNPVL,length1,189
-3,1159617,1159563,54,MVKSTNRQGGIDQVQQRT,length1,54
-3,1159080,1159050,30,MGCVVILPSA,length1,30
-3,1158933,1158882,51,MISYLSSKRRIVHAFLH,length1,51
-3,1158735,1158675,60,MNQIFFTYVAAAFHSNGFFV,length1,60
-3,1158414,1158324,90,MLRNTMCNCWVDSIFRNVAFNTEVIVSFIT,length1,90
-3,1158207,1158126,81,MQNIFCCNGFRADTAIGKSYVFRHAFI,length1,81
-3,1158120,1158051,69,MANHQHIQMFINGVFGKRTSRVG,length1,69
-3,1158000,1157910,90,MTTTCALRMESMNDTSINRFHRVFQKATFI,length1,90
-3,1157595,1157532,63,MLCLLRTNKVNVGINTASGCN,length1,63
-3,1157529,1157391,138,MCTVMNFCASTDNHVWRDVIHGVRVTCLSNAHNTPITNTNICFDNA,length1,138
-3,1157091,1156941,150,MIWLPPKATNSTDFTSPGSKRTALPDGTFKRIPRAKVRSNLRALLVSKKW,length1,150
-3,1156731,1156635,96,MHGNKFRAIGESSFNLDFMNHFCHTFHDIINS,length1,96
-3,1156569,1156533,36,MARNISNGFWII,length1,36
-3,1156281,1155993,288,MNIRPLHDRVIIKREEVETRSAGGIVLTGSAATKSTRAKVLAVGKGRILENGTVQPLDVKVGDTVIFNDGYGVKAEKIDGEEVLIISENDILAIVE,length1,288
-3,1154412,1154400,12,MYGN,length1,12
-3,1154271,1154265,6,MT,length1,6
-3,1154121,1154022,99,MLQILHREVGNEHRGHQEYGLDRLVNELHFSQF,length1,99
-3,1153941,1153935,6,MR,length1,6
-3,1153920,1153914,6,MQ,length1,6
-3,1153332,1153326,6,ML,length1,6
-3,1153023,1153005,18,MDNKTA,length1,18
-3,1152924,1152912,12,MCFV,length1,12
-3,1152861,1152717,144,MNLTTSFFYRTGVTFDHTWYLLALVRMNHKHDFVVTHYCSLRVNQPLT,length1,144
-3,1152066,1152006,60,MILLSFKVSWRRFTHNLINS,length1,60
-3,1151856,1151811,45,MRCNLILVRFTQKKI,length1,45
-3,1151724,1151718,6,MM,length1,6
-3,1151643,1151634,9,MVV,length1,9
-3,1151433,1151400,33,MRSQRYFHLKI,length1,33
-3,1151376,1151334,42,MHVQKIWLSQIMHV,length1,42
-3,1151289,1151280,9,MKS,length1,9
-3,1151106,1150995,111,MSFSYGFLDVFVVLFPIRLLIHFYFDSLGVLEYKLLD,length1,111
-3,1150410,1150383,27,MKVFLIQIA,length1,27
-3,1150161,1150140,21,MMNYSFY,length1,21
-3,1149939,1149906,33,MPFLMRPILMN,length1,33
-3,1149867,1149858,9,MKS,length1,9
-3,1149840,1149636,204,MQVFRLIGIWKLRNLVRLKLNRFYSTAIFIISLKICILNSLIVGRPIYRVWIAIVTLLMLSLECVFAI,length1,204
-3,1149594,1149561,33,MHLQSSRLGLI,length1,33
-3,1149501,1149471,30,MSLPQKVFMP,length1,30
-3,1149156,1149072,84,MVGRYGRISSLILNTNLTKILQPFFLCY,length1,84
-3,1149006,1148901,105,MCNNIISGLINLISNNLLILIFGEKMKVNMMIFAK,length1,105
-3,1148862,1148844,18,MRIFGA,length1,18
-3,1148622,1148616,6,MF,length1,6
-3,1148517,1148484,33,MSTEVVALCLQ,length1,33
-3,1147704,1147644,60,MTSTFAADPVTTRFALFCFS,length1,60
-3,1147434,1147428,6,MW,length1,6
-3,1147236,1147221,15,MIIHI,length1,15
-3,1147032,1147008,24,MIDLVPIK,length1,24
-3,1146891,1146876,15,MLHLL,length1,15
-3,1146843,1146771,72,MFPFVATVLLSIVGANYICPLPVQ,length1,72
-3,1146438,1146384,54,MQPFTKLLPTLQATNVQG,length1,54
-3,1145868,1145817,51,MAEPYDHLPTKNADFSS,length1,51
-3,1145406,1145223,183,MQHAQHQYEQTRLHRLSSHPTINVHKRLILACLLNLHNGNPLILLSPQNLHLVFSNQNALK,length1,183
-3,1145043,1144968,75,MRCRFQYENLQAHLFLLDSLFPFCR,length1,75
-3,1144908,1144854,54,MDANYASLLPLHHALNSR,length1,54
-3,1144563,1144518,45,MLALFFHRNQKVFQR,length1,45
-3,1143933,1143738,195,MFRVGYRLKAQNESQKWHREFHSATLLRQRYPIRLFVLNEHNNLLHLQPPNRFLSYLNQPQQIHK,length1,195
-3,1143009,1142973,36,MIDETNTIEAML,length1,36
-3,1142688,1142664,24,MQKSQCPR,length1,24
-3,1142604,1142580,24,MALQNHQW,length1,24
-3,1142559,1142550,9,MLK,length1,9
-3,1142424,1142400,24,MHQQSQAY,length1,24
-3,1142394,1142361,33,MVVSKYQSPQQ,length1,33
-3,1142319,1142307,12,MHQS,length1,12
-3,1142163,1142154,9,MHH,length1,9
-3,1142079,1142010,69,MQLVVAKVLLQLINPFLNLVDYH,length1,69
-3,1141980,1141974,6,MP,length1,6
-3,1141968,1141965,3,M,length1,3
-3,1141890,1141878,12,MKSR,length1,12
-3,1141839,1141785,54,MNPLNQPYNQKPLPQRSR,length1,54
-3,1141701,1141695,6,MK,length1,6
-3,1141617,1141425,192,MPLAHLSAYGKNEPFLQSLVSLKSAMSKSQQCQLYPHQYNALWFSKQSSQNQLNLHPRQYLLTL,length1,192
-3,1141419,1141392,27,MALPHPKSK,length1,27
-3,1141233,1141080,153,MPLILLKHHRKQYLSHRCRHLHDYLLSKFLQRLPLQDKVNYYLPPLHGVME,length1,153
-3,1141062,1140909,153,MYHQLHKSTSFARMGNLASSPSLINQARRRSPKKAYLLKMLEFAPYYFQEC,length1,153
-3,1140855,1140804,51,MTQMSPPLLDRDTHWMQ,length1,51
-3,1140786,1140774,12,MHRG,length1,12
-3,1140474,1140432,42,MVVGCPILQNTEHC,length1,42
-3,1139844,1139820,24,MPIKQHTS,length1,24
-3,1139775,1139766,9,MPD,length1,9
-3,1139640,1139604,36,MLCIKLPPLDFI,length1,36
-3,1139304,1139301,3,M,length1,3
-3,1139286,1139235,51,MRCLKLCILLRNGNAIH,length1,51
-3,1139172,1139136,36,MKILLIPRTLFM,length1,36
-3,1138857,1138782,75,MANLMMVVHQIMMTGQQNLKMATKV,length1,75
-3,1138707,1138677,30,MKVHYAYKLA,length1,30
-3,1138668,1138656,12,MKTI,length1,12
-3,1137843,1137699,144,MAPIYTVFPKGFQPLTKGFHYSQYQSKVPHFPSKICQREWFKHPLKFQ,length1,144
-3,1137657,1137612,45,MVYREIQQNAMKKCS,length1,45
-3,1137366,1137315,51,MVRCRSPIFFGKPKFFK,length1,51
-3,1136364,1136277,87,MMPCSAKIRRYDSHLANRHEHVGSHNQDD,length1,87
-3,1135491,1135473,18,MWLNGR,length1,18
-3,1135440,1135374,66,MINAKCCQHRLNMSCGFIGNNC,length1,66
-3,1134603,1134516,87,MFARFWVKSDVVRTRFSKIGNNAIDRFYH,length1,87
-3,1134513,1134477,36,MHIYRCGNAIIT,length1,36
-3,1134432,1134336,96,MIIHNIKMNNIRACIKYVLYVITKTSEIGRKN,length1,96
-3,1133154,1132875,279,MCPLLGKTTFCRNVLFLRLRFYLSMAKLLEFYDHDQLLQNHQRSPPPPSKVQKVQDLFLGSLLVYLVNLQYLMPLYDASFHALCVLLHAHELP,length1,279
-3,1132746,1132722,24,MRILDQAL,length1,24
-3,1132512,1132476,36,MQLLRRCHLSQR,length1,36
-3,1132467,1132353,114,MALDELGFYFCSNILRMLEYRLHNGNDLQIHHVYRLNE,length1,114
-3,1132209,1132032,177,MAIEAPLNDKTARERDLDDEWLIVTYQKAHSLQIRPRRVNRPILYKSYRQIYRLREAQS,length1,177
-3,1131771,1131738,33,MHHSYHWSFLT,length1,33
-3,1131336,1131330,6,MH,length1,6
-3,1131318,1131261,57,MNTNIHKCAKISYISHCSF,length1,57
-3,1130433,1130421,12,MFAD,length1,12
-3,1130169,1130085,84,MQRNFDFPRPRNHLLTPFIRWEPRETYI,length1,84
-3,1129962,1129941,21,MRRHIFQ,length1,21
-3,1129575,1129497,78,MDFIAQFISQFPLLFNRFQNSLTTIF,length1,78
-3,1129464,1129443,21,MTKLGVI,length1,21
-3,1128474,1128450,24,MFVGNIFC,length1,24
-3,1128435,1128387,48,MLNFSCCRSTKSLRSA,length1,48
-3,1128198,1128147,51,MAIERGRRNTSLARHFS,length1,51
-3,1127940,1127916,24,MVRDGSGE,length1,24
-3,1127421,1127391,30,MCNGPVISLP,length1,30
-3,1127139,1127124,15,MRFSL,length1,15
-3,1126953,1126947,6,MG,length1,6
-3,1126761,1126749,12,MERR,length1,12
-3,1126644,1126608,36,MALFYACEKRRS,length1,36
-3,1126158,1126146,12,MLDG,length1,12
-3,1126008,1125987,21,MRFSNIC,length1,21
-3,1125879,1125156,723,MLKIQKLSIAALMVSAVISGQVFAEDNTFDEKAASYAVGTLMGSQMKDLVDSHKEVIKYDNARILDGLKDALEGKVDVRKDEKIQKTLESIEAKLVAASKAKAEAIAKQAKEEGDKFRAEFAKGKDVKTTQSGLMYKIESAGKGDTIKSTDTVKVHYTGKLPNGKVFDSSVERGQPVEFQLDQVIKGWTEGLQLVKKGGKIQLVIAPELGYGEQGAGASIPPNSTLIFDVEVLDVNPKSEK,length1,723
-3,1125033,1125015,18,MKIRLS,length1,18
-3,1124991,1124976,15,MVSAR,length1,15
-3,1124703,1124637,66,MYPCLNFCNALCQRSIRMKHLQ,length1,66
-3,1124487,1124475,12,MRLI,length1,12
-3,1124169,1124136,33,MCCGISKTRCC,length1,33
-3,1124022,1123665,357,MKIAFLFRTSPHGTSISREGLDAILAATAFCEPNDIGIFFINDGVLNLIDNQQPEIIQQKDFIRTFKLLDLYDVEQRFICTASLQKFKLDNRELILSCEKINRSLLLEKLNQAEKLFTF,length1,357
-3,1123608,1123572,36,MTIFHILQKKMR,length1,36
-3,1123011,1122990,21,MTTTFIF,length1,21
-3,1122252,1122249,3,M,length1,3
-3,1122168,1122159,9,MFC,length1,9
-3,1122018,1121991,27,MGKLNHINQ,length1,27
-3,1121964,1121928,36,MKNYKTGADRRI,length1,36
-3,1121415,1121316,99,MNAKFLFIAYIFLCLFSHQIKLLWNFQLSKHLF,length1,99
-3,1121226,1121211,15,MKTFH,length1,15
-3,1121208,1121202,6,MK,length1,6
-3,1121154,1121115,39,MKIYIAKRYYIVF,length1,39
-3,1121103,1121085,18,MPKHLT,length1,18
-3,1120974,1120956,18,MGFFIH,length1,18
-3,1120902,1120875,27,MTHLNSFAF,length1,27
-3,1120869,1120866,3,M,length1,3
-3,1120848,1120821,27,MLQHQFTLI,length1,27
-3,1120791,1120785,6,MW,length1,6
-3,1120749,1120656,93,MYFKRVIIKPIKHSYQILLISLFMLMLKKNY,length1,93
-3,1120527,1120512,15,MKLTG,length1,15
-3,1120377,1120227,150,MPNSKSVIDKNIVKNYRTFYQNLTSCTMRFAVEIGNCPIKVISFPPITSL,length1,150
-3,1120116,1119975,141,MISFSNTSCVYRLKEKPLGNHPADQVIFEVCLFLLSFNKGGIDTLLI,length1,141
-3,1119432,1119366,66,MLLNSKKRESAVNFNGIFFIEI,length1,66
-3,1118961,1118901,60,MCVFWFRLRHSNDINFLHVF,length1,60
-3,1118817,1118811,6,MK,length1,6
-3,1118808,1118793,15,MPRRL,length1,15
-3,1118520,1118493,27,MNSIKNNSF,length1,27
-3,1118103,1118082,21,MPISNTP,length1,21
-3,1117995,1117977,18,MIFCTF,length1,18
-3,1117818,1117737,81,MILSNSNIPRRQSHSMRSLLYFSILFP,length1,81
-3,1117620,1117569,51,MFLPLAQVFSPQVFLPY,length1,51
-3,1117356,1117344,12,MHCQ,length1,12
-3,1117188,1117104,84,MRLVGIISQFLAHFSYHSNKSLYDRLLQ,length1,84
-3,1116939,1116837,102,MLPHFLHRLYARDLTKQKSLLVVEKPQYQSHLPE,length1,102
-3,1116732,1116663,69,MKEIHPHFQYVLQKASFDLRHLH,length1,69
-3,1116342,1116282,60,MRKVHIQPKALHNKLSLQQY,length1,60
-3,1116249,1116222,27,MHLDKQLNA,length1,27
-3,1116087,1116057,30,MYSPFGKRPY,length1,30
-3,1115982,1115901,81,MMESLVPHANHAFLAMFVTEEIHYPLR,length1,81
-3,1115808,1115796,12,MMLV,length1,12
-3,1115706,1115487,219,MTITPHLREHLKILGFVRNFLLAIQNKSHKAKHRLASVFPKAHSKFSSVIQQAERYRFLCVTILYQGGVESPL,length1,219
-3,1115316,1115304,12,MQSH,length1,12
-3,1114824,1114710,114,MILLRSQLHQLPHEQALAYKAIGITLQVTGNEQCEFYL,length1,114
-3,1114572,1114527,45,MICPHPILAKLSLLQ,length1,45
-3,1114278,1114248,30,MRQHFRLIHF,length1,30
-3,1113954,1113951,3,M,length1,3
-3,1113828,1113795,33,MHIQTTQTRGI,length1,33
-3,1113579,1113567,12,MLRI,length1,12
-3,1113552,1113507,45,MLCSKIWRTSKNNIK,length1,45
-3,1113429,1113369,60,MIAGLKPTLRFSFSQSASCI,length1,60
-3,1112811,1112772,39,MGLRLIFEFGRLF,length1,39
-3,1112754,1112751,3,M,length1,3
-3,1112514,1112484,30,MKSGSHHRHT,length1,30
-3,1111446,1111407,39,MYHYTYTPDLSTS,length1,39
-3,1111371,1111239,132,MTHLLASFVLRCFQHLSLPHLATQQCLWRDNWNTSDASTPVLSY,length1,132
-3,1111146,1111101,45,MANSHTLGTYFSPRM,length1,45
-3,1111062,1110930,132,MNSWAVSACYPRSTFYPLSDGPSIQNHRITMTYFRTCSTCLSRS,length1,132
-3,1110897,1110882,15,MSDRD,length1,15
-3,1110561,1110501,60,MPFVQVGTYPTRNFATLGPL,length1,60
-3,1109847,1109754,93,MSAFALVIRPAHLSMNLLPLTQRSPTQQAYH,length1,93
-3,1109676,1109556,120,MLLIVRRISDTPDAAASVLYFSPVTSSAQADSTSELLRFL,length1,120
-3,1109553,1109526,27,MMAASKPTS,length1,27
-3,1108359,1108314,45,MFSITLRFHFKVRSI,length1,45
-3,1107834,1107699,135,MNHTVVNALQKVKLSTSGTTHSHGVTGGVYKARERIHRDILIRDY,length1,135
-3,1107639,1107549,90,MRFAPPRSFASLCIRHCSTCVALLVRAMMT,length1,90
-3,1107303,1107198,105,MLHRLCGPPSIHLSFNLAAVLPRRSIYHVSYGRQS,length1,105
-3,1106991,1106976,15,MQFPG,length1,15
-3,1106829,1106820,9,MCY,length1,9
-3,1106574,1106526,48,MRPLSPALSSSDNTRY,length1,48
-3,1106298,1106271,27,MMNFQLSTY,length1,27
-3,1106070,1106037,33,MNKFYSSSNFL,length1,33
-3,1105311,1105299,12,MSDL,length1,12
-3,1104165,1104153,12,MVFL,length1,12
-3,1104111,1104105,6,MA,length1,6
-3,1103907,1103898,9,MKE,length1,9
-3,1103763,1103739,24,MPSKKLAK,length1,24
-3,1103442,1103430,12,MGLM,length1,12
-3,1103364,1103337,27,MYSQYTKSI,length1,27
-3,1102932,1102770,162,MQPFPAQESISTSFIPSPKAIQSFDSYSRDSSKCFNASPFETFLFITSKQANAE,length1,162
-3,1102395,1102377,18,MDDTSV,length1,18
-3,1102314,1102194,120,MVRSPTKCSGVKSVPSKSDTIARKGKFIKTSKNKLYLSYH,length1,120
-3,1101828,1100826,1002,MAFNMKNRHLLSLVHHTEREIKYLLDLSRDLKRAKYAGTEQQKLKGKNIALIFEKTSTRTRCAFEVAAYDQGAQVTYIDPNSSQIGHKESMKDTARVLGRMYDGIEYRGFKQSIVQELADYAGVPVFNGLTDEFHPTQMLADVLTMIEHCDKPLSEISYVYIGDARNNMGNSLLLIGAKLGMDVRICGPKALLPEANLVEMCEKFAKESGARITVTEDIDKAVKGVDFIHTDVWVSMGEPLETWGERIKLLLPYQVTPELMKRTGNPKVKFMHCLPAFHNSETKVGRQIAEKYPELANGIEVTEEVFESPMNIAFEQAENRMHTIKAVMVASLA,length1,1002
-3,1100814,1099884,930,MRIVIALGGNALLRRGEPMTAENQRQNVRIACEQIAKIWPNNELVIAHGNGPQVGLLALQGAAYTDVPTYPLDVLGAETAGMIGYMIQQELGNLVPFEVPFATLLSQVEVDINDPAFKNPTKPIGPVYTKEEAERLAKEKNWSIAQDGDKYRRVVPSPLPKRIFEIRPVKWLLEKGSIVICAGGGGIPTYYDEHHNLQGVEAVIDKDLCSALLAENLDADLFIIATDVSATFVDWGKPNQKAISVASPEAISELGFASGSMGPKVQAAINFAKQTGKDAVIGSLSDIVDIVKGKAGTRITKKAEGISYYA,length1,930
-3,1099773,1099710,63,MRPKRRKRLISHQRLQFYLQS,length1,63
-3,1099635,1099524,111,MFLSSKLMALMIKLIPPQQTLLIISISKLNSPTSPKA,length1,111
-3,1099413,1099389,24,MLWSLSLY,length1,24
-3,1099347,1099338,9,MLV,length1,9
-3,1099308,1099275,33,MSFLLYSAYPS,length1,33
-3,1099185,1099176,9,MMR,length1,9
-3,1099089,1099044,45,MRLVFNLLKVLVSVL,length1,45
-3,1098729,1098693,36,MLWNLSLKVHQN,length1,36
-3,1098597,1098561,36,MWLVVCRVAYLS,length1,36
-3,1098411,1098381,30,MQCYSWHRQD,length1,30
-3,1098135,1098087,48,MIAPKIKRSTHRMMRT,length1,48
-3,1097838,1097673,165,MTNFRLNVLAYSVMLGLTASVAYAEPTNQPTNQPTNQPTNQPTNQPTNQPTNQPK,length1,165
-3,1096881,1096863,18,MHEICL,length1,18
-3,1096500,1096491,9,MET,length1,9
-3,1095918,1095909,9,MVD,length1,9
-3,1095870,1095858,12,MYKK,length1,12
-3,1095165,1095141,24,MDIMVEEC,length1,24
-3,1094904,1094898,6,MA,length1,6
-3,1094565,1094541,24,MRFDLLHL,length1,24
-3,1094391,1094361,30,MTNSVSYVHS,length1,30
-3,1094058,1093974,84,MKSHIYYIIQENSPLFQNSIHIKQPCYH,length1,84
-3,1093935,1093932,3,M,length1,3
-3,1092927,1092915,12,MWHI,length1,12
-3,1092870,1091577,1293,MELFKSIVAVIGIIATIYFLIKKAETRTVLIGVGLIMSILTLNPMGALDAFAKSMTSGGLIMAICSSMGFAYVMKYTQCDTHLVHLLTKPLSGLKFFLIPIATVITFFINIAIPSAAGCAAAVGATLIPVLKSAGVRPATAGAAILAGTFGSMMSPGSSHSAMISEMSGLTITQVNLSHAPYNMIAGAIGAVVLTILALVFKDYGEQHRQAYLAEQKESEIKVIEGVNVLYALAPLIPLVILVIGGTSLQQVPGLEWTKMGVPQAMLIGAIYGIIVTRISPVKITEEFFNGMGNSYANVLGIIIAASVFVAGLKSTGAVDAAISFLKESNEFVRWGATIGPFLMGLITGSGDAAAIAFNTAVTPHAVELGYTHVNLGMAAAIAGAIGRTASPIAGVTIVCAGLAMVSPVEMVKRTAPGMILAVLFLALFML,length1,1293
-3,1091295,1091262,33,MQKPMEPMKNG,length1,33
-3,1091166,1091163,3,M,length1,3
-3,1091103,1091061,42,MVLCMLVDMIHTLQ,length1,42
-3,1090932,1090785,147,MMQIILLLHTLVFARIQAQLLLIQEIFFPLQKLIFAIKVNLRTQVLRPI,length1,147
-3,1090776,1090767,9,MLY,length1,9
-3,1090737,1090710,27,MVLHAMVKA,length1,27
-3,1090698,1090686,12,MWVC,length1,12
-3,1090665,1090635,30,MSFHPLLNYN,length1,30
-3,1090605,1090596,9,MNT,length1,9
-3,1090548,1090524,24,MSHMKLKL,length1,24
-3,1090497,1090485,12,MLNL,length1,12
-3,1090425,1090392,33,MLSMQVKMQLS,length1,33
-3,1090371,1090254,117,MEAKLFTSFLVQIAQQVITKLNLILMKINYLLGLIFILP,length1,117
-3,1090047,1090002,45,MLIYALWQQQMFIVS,length1,45
-3,1089978,1089912,66,MHQPINSVLLVRQALFVKHVLK,length1,66
-3,1089888,1089879,9,MGI,length1,9
-3,1089795,1089789,6,MR,length1,6
-3,1089783,1089768,15,MKWVH,length1,15
-3,1089747,1089696,51,MVSIILQMPSNKLNSQL,length1,51
-3,1089693,1089684,9,MLT,length1,9
-3,1089645,1089594,51,MSFKKNQLLIIKVKHIN,length1,51
-3,1089486,1089474,12,MYLK,length1,12
-3,1089420,1089378,42,MNLIKKVLKTLHSI,length1,42
-3,1089372,1089282,90,MFHILMRLFLVTHTVYSQIKNLRNRQMQTS,length1,90
-3,1089279,1089270,9,MVP,length1,9
-3,1089144,1089138,6,MI,length1,6
-3,1089111,1089087,24,MTQKLPHF,length1,24
-3,1089057,1089003,54,MFLNLSAKPQTICIVTLH,length1,54
-3,1088994,1088973,21,MIQPFKL,length1,21
-3,1088952,1088949,3,M,length1,3
-3,1088862,1088838,24,MTQQAIPK,length1,24
-3,1088811,1088778,33,MRQIYISIQIH,length1,33
-3,1088640,1088637,3,M,length1,3
-3,1088631,1088607,24,MVSIMNTI,length1,24
-3,1088586,1088571,15,MANVS,length1,15
-3,1088415,1088298,117,MKAVKFWLIILKQPVRKRVQSIQMRIKTGVLCLSQVTIN,length1,117
-3,1088295,1088226,69,MSVLKHRQANKRRNLSQKKHNTQ,length1,69
-3,1088148,1088133,15,MPSKY,length1,15
-3,1087854,1087806,48,MHQIKHPLLHVIHQHK,length1,48
-3,1087692,1087506,186,MYEYFLQTDVPHYPYPIHFGYVRVLLTKNQYNEFQLYHVYLTYFPRKIRLNALQKILFLKFY,length1,186
-3,1086969,1085082,1887,MFYTETYDVIVIGGGHAGTEAALAPARMGFKTLLLTHNVDTLGQMSCNPAIGGIGKGHLVKEVDAMGGLMAHAADKAGIQFRTLNSSKGPAVRATRAQADRVLYRQAVRTALENQPNLDIFQQEATDILIEQDRVTGVSTKMGLIFRAKSVVLTAGTFLAGKIHIGLENYEGGRAGDPASVNLSHRLRDLGLRVDRLKTGTPPRIDARTINFDILAKQHGDEVLPMFSFMGSVDDHPQQIPCYITYTNEQTHEVIRNNLDRSPMYTGVIEGIGPRYCPSIEDKVMRFSDRNSHQIYLEPEGLTSNEVYPNGISTSLPFDVQMGIVNSMKGLENARIVKPGYAIEYDYFDPRDLKPTLETKSISGLFFAGQINGTTGYEEAAAQGLLAGINAGLYVQEKDAWYPRRDQSYTGVLVDDLCTLGTKEPYRVFTSRAEYRLLLREDNADIRLTPIAHELGLIDEARWARFNQKMEKIEQERQRLRSIWLHPRSEYLEEANKVLGSPLVREASGEDLLRRPEMTYDILTSLTPYKPAMEDREAVEQVEIAIKYQGYIEHQQEEIKKQKRHENTAIPANFDYSKVSGLSNEVRAKLELHRPVSIGQASRISGITPAAISIILINLKKQGMLKRGE,length1,1887
-3,1084800,1084773,27,MYSCIYYNS,length1,27
-3,1084743,1084725,18,MSYPLN,length1,18
-3,1084524,1084512,12,MVLR,length1,12
-3,1084284,1084281,3,M,length1,3
-3,1084236,1084227,9,MVL,length1,9
-3,1083990,1083792,198,MLRIIKVQQLKNVKTFTAWLKLTKHLLTTVGNKFLNLKGFIIDEALPLYKLILNKQGYNNGSYNPY,length1,198
-3,1083435,1083423,12,MASS,length1,12
-3,1083162,1083144,18,MASKPC,length1,18
-3,1082628,1082619,9,MCN,length1,9
-3,1081383,1081371,12,MLKI,length1,12
-3,1081347,1081335,12,MVLF,length1,12
-3,1081317,1081281,36,MVLCHKLVNTSY,length1,36
-3,1081221,1081206,15,MTKSY,length1,15
-3,1081164,1081110,54,MTSQVTIHQSYVVQHYKR,length1,54
-3,1080996,1080966,30,MCSQSQVVVL,length1,30
-3,1080924,1080918,6,MK,length1,6
-3,1080702,1080633,69,MKVVVILHSSKVTVHNSISVQQT,length1,69
-3,1080219,1080183,36,MSTQISLTLFFP,length1,36
-3,1079808,1079799,9,MAF,length1,9
-3,1079481,1078500,981,MPQNLPHFYRGRFSVAPMLDWTTRHCRYFHRQFSKHALLYTEMVTAPAIIHAKYDHLDFDLQENPVALQLGGSDPEQLKYCAKLAEERGYHEINLNVGCPSDRVQNGMFGACLMAKADLVADCVEQMQSAVKIPVTVKTRIGIDELDSYEFLCDFIEKVQGKGCQEFIIHARKAWLSGLSPKENREIPPLDYARVYQLKRDFPHLTIAINGGIKTIEEMKQHLQYVDGVMVGREAYQNPSLLGQIDQALFDPNAAIVTAHEAVQSMLPYIEQQLNQGIHLNHIVRHMLGAFQNCKGARQWRRYLSENAFKQGAGVEVIETALSFVEH,length1,981
-3,1077669,1077636,33,MKISGIVKILP,length1,33
-3,1077072,1077054,18,MFEFKS,length1,18
-3,1076457,1076349,108,MANFIFPQKITCHRKTDLFFYLLIQFWSKHLCNSLH,length1,108
-3,1076328,1076307,21,MVVIKIK,length1,21
-3,1076175,1076166,9,MLF,length1,9
-3,1076163,1076088,75,MELWLILMRPMLRVLKKLNAQLITM,length1,75
-3,1075911,1075794,117,MKSLVLQKNIKRFHYFLAHMASQLHQAPWAKKWRMSFIA,length1,117
-3,1075767,1075755,12,MRRS,length1,12
-3,1075743,1075734,9,MVQ,length1,9
-3,1075722,1075656,66,MRIYRHILILIGINSAKNLSLH,length1,66
-3,1075590,1075584,6,ML,length1,6
-3,1075413,1075407,6,MQ,length1,6
-3,1075296,1075275,21,MLQHAKA,length1,21
-3,1074723,1074234,489,MALNLQDKQAIVAEVNEAAKGALSAVIADSRGVTVEKMTELRKSAREAGVTMRVVRNTLLRRAVEGTDYECLKDTFVGPTLIAFSNEHPGAAARLFKEFAKANDKFEIKGAAFEGKIQDVEFLATLPTYEEAIARLMGTMKEAAAGKLARTFAALRDKLQEAA,length1,489
-3,1074177,1073808,369,MSLTNEQIIEAIASKTVTEIVELIAAMEEKFGVSAAAAVAAAPAAGGAAAAEEKTEFDVVLKSAGANKVAVIKAVRGATGLGLKEAKDLVESAPANLKEGVSKEEAEALKKELEEAGAEVEVK,length1,369
-3,1073484,1073466,18,MVTVVT,length1,18
-3,1073445,1073436,9,MNK,length1,9
-3,1073397,1073325,72,MQFNKQLLFLRITKTLLYFTAMHH,length1,72
-3,1073277,1073256,21,MALHCLP,length1,21
-3,1073232,1073199,33,MDELSVKMGML,length1,33
-3,1073178,1073160,18,MQMQSN,length1,18
-3,1073121,1073097,24,MVQVSKNG,length1,24
-3,1073076,1073055,21,MLKANIT,length1,21
-3,1072992,1072953,39,MSWKLKAQIIAYN,length1,39
-3,1072845,1072779,66,MEKMWKSMLMLLSKVMLNSVIA,length1,66
-3,1072749,1072728,21,MLLLAMM,length1,21
-3,1072620,1072605,15,MSVTL,length1,15
-3,1072551,1072500,51,MLAIQKSAQIVILERVS,length1,51
-3,1072485,1072422,63,MVQINLKRSSVMMCLWDLIHN,length1,63
-3,1072398,1072341,57,MAQLLVLGLQLHVMLAKMN,length1,57
-3,1072155,1072137,18,MLMKTV,length1,18
-3,1071702,1071549,153,MAHPRGFEPLTARFVAEYSIQLSYGCRINKTNNGGERGIRTLDGAFNPILP,length1,153
-3,1071471,1071438,33,MSNHFLKNTFV,length1,33
-3,1071138,1071120,18,MLARQD,length1,18
-3,1070859,1070817,42,MRPSNEQANAALNS,length1,42
-3,1070190,1070187,3,M,length1,3
-3,1068984,1068957,27,MFNTILIIY,length1,27
-3,1068876,1068849,27,MNPTLNQRT,length1,27
-3,1068711,1068690,21,MQNHTST,length1,21
-3,1068612,1068594,18,MLCGLN,length1,18
-3,1068255,1068147,108,MQNSTPSIGFVSLGCPKNLAFGFAYIMCIPIPMWMI,length1,108
-3,1067826,1067823,3,M,length1,3
-3,1067736,1067730,6,MY,length1,6
-3,1067724,1067670,54,MKLTKMVLLVVQKPMPLK,length1,54
-3,1067667,1067661,6,MG,length1,6
-3,1067631,1067613,18,MSKSVT,length1,18
-3,1067586,1067556,30,MNMICGAVVK,length1,30
-3,1067385,1067235,150,MNSLSLWKCIYKTSTPLPSKKSPSRVKASIGAFQVSESMCFLPCNKPPVP,length1,150
-3,1067157,1067055,102,MYFFTVQGSCIHQLGICQITASIHKNFSISASTS,length1,102
-3,1066305,1066203,102,MRVMSSVELDRCRHRLRLRLAPTYRVMSGGLPLD,length1,102
-3,1065975,1065954,21,MNHRLLV,length1,21
-3,1065822,1065768,54,MLRHHLDLPPSANTPSYL,length1,54
-3,1065192,1065180,12,MSAA,length1,12
-3,1065075,1065039,36,MPVLAKSNRSSS,length1,36
-3,1064322,1064100,222,MVEETNAHFSAGGKNRLSTPFVSKRLRAANCSSYSKSVVVRTPRIMAEILCCLITFANKSEKPNTSTLDKCATD,length1,222
-3,1063992,1063983,9,MSK,length1,9
-3,1063887,1063773,114,MPLGFPSALHSQHCLNVRGLLLSLIRLLRRVLRNLRLN,length1,114
-3,1063329,1063293,36,MNQFYVIVHHSY,length1,36
-3,1063101,1063071,30,MEYCVKIIDE,length1,30
-3,1062651,1062633,18,MKFGYT,length1,18
-3,1062591,1061829,762,MPTISVAMIVKNEAQDLANCLDTVKDWVDEIIILDSGSTDNTKEIALSYGAKFYENSDWQGFGKQRQLAQQYVTSDYVLWLDADERVTPKLQQAILSAVKNDRENTVYEIPRVSEVFGREIRHSGWYPDYVVRLYRTNYAQYNDSLVHEKVEFPAGTKVEKLTGDLEHFTYKSIHHYLVKSAGYAKAWADQRQAKGKKATLWQGISHALGCFVKMYLLKAGFLDGKQGFLLAVLSAHSTFVKYADLWERDQHKH,length1,762
-3,1061559,1061460,99,MASNLARWRINPEFCMQASISSAVIFAIFFGSN,length1,99
-3,1060257,1060251,6,MR,length1,6
-3,1060248,1060137,111,MACLCLSHIAYRKKLSLILKFQHQLEQFHHLIQRKLH,length1,111
-3,1059729,1059672,57,MPKAVVQKNQDCLILRCIP,length1,57
-3,1059633,1059615,18,MAIYFA,length1,18
-3,1059531,1059420,111,MDCVHLPQFHPIQENLHRIVTALHRRYGKVALLLGLR,length1,111
-3,1059408,1059396,12,MQNP,length1,12
-3,1059372,1059327,45,MGDRTNVLQCYQIFL,length1,45
-3,1058463,1058256,207,MLEAFLPILPVRSSIPFPHHPMLSSHPLVEPKVRSIFLYFRHYIIQHLPVDFLCSQAQKKIYSFFLLIA,length1,207
-3,1058241,1058085,156,MVQFVGVTLLHGVFVPYDFEPNFHYRPLFPKLYFQTYCFVHSAIFDSLLNRL,length1,156
-3,1057977,1057935,42,MLPLMLDAYPNPNG,length1,42
-3,1057395,1057347,48,MLSYGFALVWLWSLWL,length1,48
-3,1057050,1056963,87,MDKAMPVPNSNASANRPKRLSLAVLFLLG,length1,87
-3,1056774,1056621,153,MLAFLDSPKILANLLDNLPRPPLALILFLIRKKETTYRNHFSPPNRLFAWD,length1,153
-3,1056477,1056387,90,MLELIEGIVLEYVLSVLCIMKKCGKNLPHF,length1,90
-3,1055691,1055685,6,MM,length1,6
-3,1055496,1055403,93,MRFIFFVLFSDIVNILLCVFLNFIITIVTFF,length1,93
-3,1055328,1055304,24,MDIVITIA,length1,24
-3,1055052,1055019,33,MFNTPSFEVFG,length1,33
-3,1054674,1054629,45,MFFFCVTSTFFKLKF,length1,45
-3,1054326,1054317,9,MFI,length1,9
-3,1054293,1054269,24,MIFSRIER,length1,24
-3,1053207,1053189,18,MRAVDC,length1,18
-3,1053030,1052868,162,MMIDKRLINTVADSKKWIGVTVLWNWVASVVVGWALAHHQTIVRYFGGLKPTLC,length1,162
-3,1052847,1052802,45,MRTSFYFRSNHYDDR,length1,45
-3,1052766,1052589,177,MDWYHGVVELGGVSSCRVGFSPPTNNREIFWWAEAHSTLSTHNSMHTSFYFRSNHYDDR,length1,177
-3,1052553,1052499,54,MDWCHGVVELGGVSWWDY,length1,54
-3,1050852,1050840,12,MVLL,length1,12
-3,1050459,1050435,24,MRIPSHQL,length1,24
-3,1050297,1050276,21,MADAIVN,length1,21
-3,1050261,1050231,30,MTSSSTVCVV,length1,30
-3,1050207,1050192,15,MHNNV,length1,15
-3,1049841,1049838,3,M,length1,3
-3,1049547,1049538,9,MQP,length1,9
-3,1049499,1049487,12,MILF,length1,12
-3,1049385,1049337,48,MPRLSCLMSRPAIWIA,length1,48
-3,1049304,1049286,18,MLKLKN,length1,18
-3,1049049,1049025,24,MWLRHKGL,length1,24
-3,1048761,1048737,24,MTVFGINK,length1,24
-3,1048653,1048443,210,MIFSVLQNKLSNLFITHILLIICTYFSVLVSNIHCTIKLFLVHWFLLFITIKTLYNKSKFFMILFASKRN,length1,210
-3,1048188,1048143,45,MFIACKVMQTFSTVT,length1,45
-3,1047759,1047732,27,MFEQQETRL,length1,27
-3,1047288,1047276,12,MLFV,length1,12
-3,1046940,1046784,156,MLEWLQQLPRLLAHHQFHKEDRLQHQVNNTIRNLPHRHQELPILSRPSYVFV,length1,156
-3,1046712,1046667,45,MRCGEDFVPVVNLNQ,length1,45
-3,1046283,1046211,72,MLDSLLFSFCLFFKIMAKIASFYH,length1,72
-3,1046178,1046172,6,ML,length1,6
-3,1046109,1045893,216,MSLEILDQLEEKIKQAVETIQLLQLEVEELKEKNAESQRNIENLQTENEQLKNEHRNWQEHIRSLLGKFDNV,length1,216
-3,1045746,1045731,15,MLPSI,length1,15
-3,1045725,1045719,6,MF,length1,6
-3,1045584,1045578,6,MN,length1,6
-3,1045551,1045527,24,MFALRSLD,length1,24
-3,1045512,1045452,60,MILFAMQRTKWSKHFKQKVR,length1,60
-3,1045410,1045359,51,MIKKVMLKNGYRVLLRD,length1,51
-3,1044813,1044711,102,MNHIFNKVGKQKGGLKPSIAPSPINGRLLSPMVT,length1,102
-3,1044666,1044627,39,MKFFSNCTALLRI,length1,39
-3,1044270,1044234,36,MRVMPHLHLSAQ,length1,36
-3,1044192,1044144,48,MVDLRQKREHQSRVQF,length1,48
-3,1043793,1043787,6,ML,length1,6
-3,1043766,1043727,39,MNKHPGIFFRNCI,length1,39
-3,1043574,1043544,30,MFKQCFAKQR,length1,30
-3,1043121,1043055,66,MKESAVKNSFILTALFCIKIIF,length1,66
-3,1042527,1042500,27,MLLFRKYFQ,length1,27
-3,1042485,1041033,1452,MSEITTLQPSLLWKWFDQICAIPHPSHYEDTLANFIVNWAKEKHFFVERDEVGNILIRKPATKGMENHTPVVLQAHLDMVPQANEGNPHDFTKDPIQPYIDGEWVKARGTTLGADNGIGLASTLAVLESNDLAHPPLEVLLTMTEETGMDGAKGLRHSWLQSEILINTDTEEIGEIYIGCAGGINANFEIPVQYETNTFERSAQITLKGLRGGHSGGDIHTGRANAIKVLARVLAKLSQNQPHFALSDIRGGSIRNAIPREAAAVLAFNGDVKTIESAVENLAVVLKEELAIAEPNFTLFVESAEKAPTVFTAQSTQTVINALNVLPNGVIRNSDVVKNVVESSLSVGVLKTEGNVVKSTILVRSLIESGKYYVTEMLSSLAILANAKVEFSAPYPGWQPVNDSTILDVTRKHYAEVLGEQPVVKVIHAGLECGLLKEHYPNIEMISVGPTIRNAHSPDEKVEIATVQTYWDLLTRVLADIPAK,length1,1452
-3,1040697,1040679,18,MPHLLG,length1,18
-3,1040673,1040646,27,MPALLTILE,length1,27
-3,1040319,1040256,63,MRINAKPSFFLLSLVFCFPLK,length1,63
-3,1039977,1039872,105,MHKVFCFRNQRRINFCLLRMFQHKNIGDLPITLQL,length1,105
-3,1039491,1038702,789,MARRPLVMGNWKLNGSKAFTKELIEGLKAELHDVTGCDVAIAPPVMYLGTAEAALSGCGCSCGGKSVIQLGAQNVDINVKGAFTGDISSEMLKDFGAKYIIIGHSERRTYHKESDEFVAKKFGALKEAGLVPVLCIGESEAENEAGKTEEVCARQIDAVINALGVEAFNGAVIAYEPIWAIGTGKSATPAQAQAVHAFIRGHIAAKSQAVAEQVIIQYGGSVNDANAAELFTQPDIDGALVGGASLKAPAFAVIVKAAAAAKN,length1,789
-3,1038627,1038456,171,MNGLVSGINRQFCSAPSIKSANHTKYIFIALFHEKSRYISTAHAVITTHNNRRIKIC,length1,171
-3,1038420,1038399,21,MKSTFRM,length1,21
-3,1037370,1037304,66,MHGLGAVRDFFFGCKYLIQKAQ,length1,66
-3,1036815,1036791,24,MRLQNKKV,length1,24
-3,1035990,1035936,54,MQSTKKQHNCTNRNITFP,length1,54
-3,1035828,1034352,1476,MANYFNTLNLRQKLDQLGRCRFMDREEFADEANFLKGKKIVIVGCGAQGLNQGLNMRDSGLDISYALRPEAIAEKRASFQRATENGFKVGTYEELIPTADLVVNLTPDKQHSKVVADVMPLMKKDSAFGYSHGFNIVEVGEEIRKDITVVMVAPKCPGTEVREEYKRGFGVPTLIAVHPENDPKGEGLAIAKAWAAATGGHKAGVLESSFVAEVKSDLMGEQTILCGMLQAGSIVCYDKLVADGKDPAYAGKLIQYGWETITEALKQGGITLMMDRLSNSAKLRAFELAEQIKESLGFLYYKHMDDIISGHFSATMMADWANGDKDLFAWREATGKTAFENAPKYDGKISEQEYFDNGVLMIAMVKAGVELAFDAMVASGIYEESAYYESLHELPLIANTIARKRLYEMNVVISDTAEYGNYLFSNVATPILAKEIIPNLQKGDLGEPTPAVEIDNITLRDVNDAIRNHPVELIGQELRGYMTDMKRIAVAG,length1,1476
-3,1034013,1033971,42,MISKPGIFFNTSKV,length1,42
-3,1033722,1033719,3,M,length1,3
-3,1033386,1033275,111,MVFTIGANGVLILPITSVLLKIASRNLFINGFLDCAK,length1,111
-3,1032984,1032975,9,MSR,length1,9
-3,1032756,1032621,135,MCKAMNSPSETIFLVETFNTDNIRFKNRFINFIKFGNKPFAEETS,length1,135
-3,1032480,1032474,6,MT,length1,6
-3,1032177,1032159,18,MFKLWV,length1,18
-3,1032084,1032021,63,MRKRFITLHSWHAIWRKPRTA,length1,63
-3,1031205,1031199,6,MK,length1,6
-3,1030971,1030899,72,MDHHRLQLMVAPQHKHVIREYDAS,length1,72
-3,1030806,1030734,72,MLFRSHKLYRQGREYPHQQVYGSG,length1,72
-3,1030695,1030671,24,MRLLQGTF,length1,24
-3,1030449,1030440,9,MGQ,length1,9
-3,1029564,1029528,36,MLHIILCVQTLT,length1,36
-3,1029285,1029141,144,MVGSKVWVGLHVVVLWCIGGLNLNAVLSCQFGIRHIISVVWCLVQWCY,length1,144
-3,1029090,1029048,42,MFGNNHYTSLVLLR,length1,42
-3,1028967,1028922,45,MTTQMTITKKLTKTI,length1,45
-3,1028895,1028889,6,MY,length1,6
-3,1028853,1028838,15,MCSSI,length1,15
-3,1028745,1028739,6,MN,length1,6
-3,1028568,1028550,18,MKTHIN,length1,18
-3,1028481,1028412,69,MLLSLHRKKQQVLQQVSLVYSVT,length1,69
-3,1028130,1027038,1092,MKLKTLALSLLAAGVLAGCSSHSSNMANTQMKSDKIIIAHRGASGYLPEHTLESKALAFAQQADYLEQDLAMTKDGRLVVIHDHFLDGLTDVAKKFPHRHRKDGRYYVIDFTLKEIQSLEMTENFETKDGKQAQVYPNRFPLWKSHFRIHTFEDEIEFIQGLEKSTGKKVGIYPEIKAPWFHHQNGKDIAAETLKVLKKYGYDKKTDMVYLQTFDFNELKRIKTELLPQMGMDLKLVQLIAYTDWKETQEKDPKGYWVNYNYDWMFKPGAMAEVVKYADGVGPGWYMLVNKEESKPDNIVYTPLVKELAQYNVEVHPYTVRKDALPEFFTDVNQMYDALLNKSGATGVFTDFPDTGVEFLKGIK,length1,1092
-3,1026069,1026030,39,MVIQKSNWRQFTL,length1,39
-3,1025991,1024482,1509,MTDKKYIIALDQGTTSSRAVLLDHNANVVEIAQREFTQIYPRAGWVEHNPMEIWATQSSTLNEVVAKAGITSDEIAAIGITNQRETTIVWEKSTGTPVYNAIVWQCRRTADITDKLKADGHEEYIRNTTGLVVDPYFSGTKVKWILDNVEGAREKAERGELLFGTVDTWLVWKLTQGRVHVTDYTNASRTMLFNIHTKQWDDKMLEILNIPRSILPEVRNSSEIYGQTNIGGKGGVRIPVAGIAGDQQAALYGHLCVHAGQAKNTYGTGCFMLLHTGNKAITSKNGLLTTIACNAKGEPEYALEGSVFIAGASIQWLRDELKTVHDSFDSEYFAQKVTDSNGVYVVPAFTGLGAPYWDPYARGAIFGLSRGANCNHIVRATLQSIAYQTRDVLEAMQSDSGERLQYLRVDGGATNNNFLMQFQADILDVNVERPVVKEVTALGAAYLAGLATGFWKDLDELRDKARVERTFSPDSDNEKRERRYKGWKKAVKRSLEWAKEDEE,length1,1509
-3,1023897,1023870,27,MHYPRFSQT,length1,27
-3,1023858,1023846,12,MMPY,length1,12
-3,1023729,1023663,66,MPSMMKLSFQLKSVFQKDLLYP,length1,66
-3,1022679,1022640,39,MMLQIFQNRNLIQ,length1,39
-3,1022535,1022457,78,MKPKLCYSINLLMYSRNLPTNKGAPL,length1,78
-3,1022433,1022412,21,MFMRQVD,length1,21
-3,1022373,1022280,93,MANYNIVWQIQNLKQKKLIGCKWKVSLKKPI,length1,93
-3,1022247,1022241,6,MV,length1,6
-3,1022034,1022028,6,MD,length1,6
-3,1022022,1021989,33,MAHLDYYHWMK,length1,33
-3,1021731,1021707,24,MKNLKHCT,length1,24
-3,1021635,1021623,12,MLGL,length1,12
-3,1020588,1020504,84,MPKPINAAPTDPVEPTSPLLSNERPVNK,length1,84
-3,1020438,1020288,150,MPITLTPAVILLSSIVSGLRIASIFNVGCAACPEKLISPLRMSKSCPKEA,length1,150
-3,1020159,1019817,342,MRKSERISIPDFVFAANSRLISSSLLLCGPFKITSSSLTGSAVSGRLSILIRAQGISTVPLKFNSLGLAFIVISGLKRSFAIDGISTLKLFACAFNSVVQCSIFAQFARPVKFK,length1,342
-3,1019481,1019451,30,MSVFKTKLLF,length1,30
-3,1019448,1019400,48,MSALRVNFGISNLNVR,length1,48
-3,1018830,1018812,18,MLALAN,length1,18
-3,1018440,1018386,54,MAGITGTKKPIFIFSKSA,length1,54
-3,1017684,1017462,222,MISDTLPKKAGVKDCSIAAQSTGLFGCSAFSSGLPSGNFFAITEISLISVGARVKPFSLFKLTALLKFPSVILV,length1,222
-3,1017456,1017216,240,MFTDKSCTTKFSALILIGKEIRFIEPDFELSGADGGNNAVLIAIVGLFKVKSRKQTSRESKQPKSSCKRACAICVSIPAV,length1,240
-3,1017060,1016946,114,MTALPIQIALRTQCFLLGFSGDFGEVSDGCSCSVINSP,length1,114
-3,1016925,1016922,3,M,length1,3
-3,1015851,1015830,21,MLRILFK,length1,21
-3,1015308,1015302,6,MP,length1,6
-3,1014792,1014717,75,MSVSAKKRIPTSSSSTPWNTSFGTR,length1,75
-3,1014519,1014474,45,MLTTTFFSTFIMFSL,length1,45
-3,1014276,1014246,30,MEGFVFVVHR,length1,30
-3,1013811,1013775,36,MRGFYCKRAFRL,length1,36
-3,1013619,1013568,51,MVLLANARNGNARFQSI,length1,51
-3,1012440,1012437,3,M,length1,3
-3,1012092,1011516,576,MKIFGTMYDKTMEWSKHRFAVFWLSFVSFIEAIFFPIPPDVMLIPMSMSKPKSAVKFAFYTAIASVIGGIIGYAIGFYATGWVENIVQQWGYAAHWAKAVSWFEQWGVLVVFVAGFSPIPYKVFTLCAGVMQMAFFPFVITAFVSRLARFLLVAKLAAWGGEKFAAKLRKSIEIIGWSVVVLAIIAYFILKN,length1,576
-3,1011429,1011399,30,MHYQMALCNQ,length1,30
-3,1011285,1010070,1215,MNKSFLLLPLSLVVLSACTSNSPAPISDADGNLSPSVVQSVNGSNVGGAWQPEIQKNSLPTMGNMVTPQPNFQPINQQPAMPTKPAQPAFQPSPKTVVSAPTVQTKTVTKTIADCVDGQHINIPRNPNTNAPDYSKISKGSYKGNTYKVNKGDTMFLIAYLAGIDVKELAALNNLSEPYNLSLGQVLKISNCGTKTVTTTVSVKQPAVTASTAMPAKPAVTYTPGANGTQIGSDGTIIGPIKSEAGISSSVSVATSSTQVTSSVNNANSTPINANVVAPIASNVAWQWPTSGNIIQGFSSTDGGNKGIDISGSRGQAVKAAAAGRIVYAGNALRGYGNLIIIKHNDDFLSAYAHNDKILVADQQEVKAGQDIAKMGSSGTNTVKLHFEIRYKGKSVDPVRYLPKR,length1,1215
-3,1009125,1009110,15,MYHYL,length1,15
-3,1008822,1008819,3,M,length1,3
-3,1008714,1008687,27,MAGLSYCAN,length1,27
-3,1008465,1008393,72,MSSGAFTLNYTTCNLYANAYGFHY,length1,72
-3,1008270,1008213,57,MQFILNCIFLSTANSIICY,length1,57
-3,1008198,1006968,1230,MKKQPSIFGGACIIASVCVGAGMLGLPTSGAGAWTIWSVLVICLTMIVMTLSGWLLLEAYSTYDLRASFSTVTKDMLGSTVNSINNLAVYFVGGILLYAYTTASGGILENLIKPWIDFGSSTLAICSTVFVLVFSFFVWHSTRIVDRISVLLIVCMGFTFIFSTYGLATNISLDTLLDIGGKETNYAKYAVGMFPVALTSFGYHHSVCTMRAYYGEEKKAKYAILGGTAIALTLYLLWIFSIFGNLPRDQFAPVIASDGNLDILLNTLGGVIESNTVKQMINAFSIAAILSSFIGVGLGVFDYLADFFKFDNCKIGRTKSWAVTFLPPLIMSILFPLGFLKAIGYAGAVATIWTSIIPALLAYKSRKINTAATFRVCGGNGLIIFIALFGVFVAIFHFLAMFGCLPFFKF,length1,1230
-3,1006704,1006662,42,MTMRKKRRHCWIFL,length1,42
-3,1006464,1006431,33,MKHCCLNAKTI,length1,33
-3,1006272,1006257,15,MKWQP,length1,15
-3,1006098,1006047,51,MQKKPNVPHYLIFKALA,length1,51
-3,1006017,1005990,27,MPPRAEILN,length1,27
-3,1005876,1005864,12,MWKN,length1,12
-3,1005813,1005789,24,MNSNLICN,length1,24
-3,1005558,1005549,9,MVV,length1,9
-3,1005531,1005432,99,MRSWTNGVCCLMVQRNIWKISKNVNVKVQVLIR,length1,99
-3,1005417,1005336,81,MQCMVITFKLAKAKRIKHPFIMYVAKP,length1,81
-3,1005330,1005279,51,MQSVTLFLSSKNMKTKY,length1,51
-3,1005234,1005204,30,MNCLIYYYRT,length1,30
-3,1005162,1005156,6,MC,length1,6
-3,1005099,1005093,6,MK,length1,6
-3,1005075,1005045,30,MVAILLWNKY,length1,30
-3,1004838,1004832,6,MI,length1,6
-3,1004742,1004700,42,MKSVVAHPLMMAYP,length1,42
-3,1004577,1004457,120,MPLSITTPSPLCTPYKMAQQVKVMVWQLRLWQACHNPSLN,length1,120
-3,1004337,1004331,6,MH,length1,6
-3,1004301,1004295,6,MI,length1,6
-3,1004205,1004082,123,MDWRRGMGVEPTQERWRPQQDLKSCHLTGDDAPPWLKLRSL,length1,123
-3,1004034,1002651,1383,MTALFQQLPSVDKILKTPQGLQLITEFGHTAVVATCRELLTQARQFIKKNNQLPEYFSNFDRTFVEIHSRLQKQNQVQIKAVHNLTGTVLHTNLGRALWSEAAQQAALSVMQKNVSLEYDLDKGKRSHRDNYISELLCKLTGAEAACIVNNNAAAVLLMLATFAQGKEVIISRGELIEIGGAFRIPDIMEQAGCYLVEVGTTNRTHLKDYRNAITENTAFLMKVHSSNYQICGFTSSVSEEELAELGREMNVPVVTDLGSGALIDLSQYGLPKESTVQEKVAQGVGLVSFSGDKLLGGVQAGIIVGKKEWIEQLQAHPLKRALRCDKVILAGLEATLRLYLNPEKLTEKLPTLYLLTQPLKQLKINAMRLKERLESRLNSQFDIQIEASQAQIGSGSQPMERIPSVAVTIAEKTNVKLSALSARFKQLSQPIIGRMENGKIWLDLRSLAAIETLLNTLDEL,length1,1383
-3,1002528,1002513,15,MPICR,length1,15
-3,1002486,1002441,45,MCRGMKNSCQICWQV,length1,45
-3,1002426,1002417,9,MQC,length1,9
-3,1002402,1002369,33,MKGLRRKQKNI,length1,33
-3,1002198,1002180,18,MNYVIT,length1,18
-3,1002051,1002015,36,MNFTFPLDRKFV,length1,36
-3,1001943,1001934,9,MLI,length1,9
-3,1001892,1001835,57,MSHFHQQIASVYKFWLKYH,length1,57
-3,1001832,1001733,99,MKANLCIFITEQVALRVNSPYYREKMPQKMTAL,length1,99
-3,1001517,1001496,21,MRQQHAN,length1,21
-3,1001340,1001325,15,MINLV,length1,15
-3,1001256,1001247,9,MKC,length1,9
-3,1001145,1001016,129,MNLKKPKVKPFGYVIWQMLSLLMNQLCVILCIKLGNWVTSRQS,length1,129
-3,1000983,1000929,54,MLMRDSSNKSQKNKEKFP,length1,54
-3,1000926,1000908,18,MKYVIN,length1,18
-3,1000809,1000773,36,MFLIYDLKRKKV,length1,36
-3,1000596,1000497,99,MMKYLINLKLLNILNRKKITSLKKPKLSIQFQQ,length1,99
-3,1000473,1000452,21,MIYCGKN,length1,21
-3,1000272,1000215,57,MTMKVVRTVLKVIAISQLI,length1,57
-3,1000188,1000155,33,MIYLMKKIYRK,length1,33
-3,1000110,1000059,51,MNLLLKPIVLIYQTIFT,length1,51
-3,1000032,999987,45,MMFMKLPLTQQESRI,length1,45
-3,999930,999906,24,MIFKSFNF,length1,24
-3,999504,999198,306,MSEEKPLKVSYSKQFVRDLTDLAKRSPNVLIGSKYITAIYCLLNRLPLPENYQDHALVGEWKGYRDCYIQGDLVLIYQYVIHDEFDELKFSRLNTHSQTALK,length1,306
-3,998739,998712,27,MPHFWLGAS,length1,27
-3,998649,998559,90,MASYSGCSALFKSKNSLYFGFNPLSLILPF,length1,90
-3,998256,998226,30,MENCGCLNVI,length1,30
-3,996399,996369,30,MLLRVLLKLP,length1,30
-3,995844,995832,12,MQMQ,length1,12
-3,995682,995658,24,MSIKENHF,length1,24
-3,994179,994170,9,MIE,length1,9
-3,994071,993492,579,MSVIPMVVEQTSRGERSYDIYSRLLKERVIFLSGEVEDRMANLIVAQLLFLESEDPTKDINIYINSPGGSVTAGMAIYDTMQFIKPDIRTLCIGQACSMGAFLLAGGTAGKRAALPNARVMIHQPLGGFRGQASDIQIHAQEILKIKHTLNDRLAFHTGQSIERIEKDTDRDNFMSAEEAQAYGLVDEVLVKR,length1,579
-3,993480,992247,1233,MTDKDKDLHCSFCGKEKGEVDKLIAGTGGYICNECIELCHSMLEESNDENLEESAVENKDKLPTPHEIRAHLDDYVIGQDYAKKVLSVAVYNHYKRLRTNYESNDVELGKSNILLIGPTGSGKTLLAQTLARRLNVPFAMADATTLTEAGYVGEDVENVLQKLLQNCEYDTEKAEKGIIYIDEIDKISRKSEGASITRDVSGEGVQQALLKLIEGTIASIPPQGGRKHPQQEMVKLDTSKILFICGGAFAGLDKIIDKRTQTSTSIGFNAKVEKDEKQQSLSELFRQVEPDDLMKFGLIPEFIGRLPMIAPLSELDEDALIQILTKPKNALIKQYQALFGLEKVELDFTPEALKAMAKKALERKTGARGLRSIVEAVLLDTMYDLPSLENLQKVIVDESTIVDNLAPKLEY,length1,1233
-3,992100,991686,414,MATEIVDKKKNTQEVIVEGKSKGLNTFLWVLVVIFFAAAAIGNIYFQQIYSLPIRVIGMAIALVIAFILAAITNQGTKARAFFNDSRTEARKVVWPTRAEARQTTLIVIGVTMIASLFFWAVDSIIVTVINFLTDLRF,length1,414
-3,991074,991056,18,MFVETA,length1,18
-3,990441,990369,72,MGWWSVGISEIWCASSGCPCEKSQ,length1,72
-3,990168,989778,390,MMTQIIHTEKAPAAIGPYVQAVDLGNLVLTSGQIPVNPATGEVPADIVAQARQSLENVKAIIEKAGLTAADIVKTTVFVKDLNDFAAVNAEYERFFKENNHPNFPARSCVEVARLPKDVGLEIEAIAVRK,length1,390
-3,989661,989646,15,MNFPH,length1,15
-3,989301,989298,3,M,length1,3
-3,989295,989259,36,MLLLQVQRKAIL,length1,36
-3,989172,989160,12,MGIW,length1,12
-3,989067,988926,141,MERKRAVQVFISWFRWYWKCSLVCLRVLSQCGSHATANSVQMLVQQV,length1,141
-3,988845,988836,9,MPL,length1,9
-3,988830,988806,24,MVNAVNSL,length1,24
-3,988656,988644,12,MCDP,length1,12
-3,988218,988191,27,MLGIIVGLP,length1,27
-3,988149,988110,39,MMANLLERQESQC,length1,39
-3,988053,988023,30,MAAFCLERAD,length1,30
-3,988005,987987,18,MAYNKR,length1,18
-3,987927,987918,9,MVS,length1,9
-3,987570,987558,12,MPSP,length1,12
-3,987333,987231,102,MVRWYGDYRIGCGDNSAVGNWWDTIISSRIFRPS,length1,102
-3,987183,987114,69,MDYLCFINCSLCHCILAIRNESF,length1,69
-3,985896,985866,30,MAQIERWRQA,length1,30
-3,985860,985845,15,MQVER,length1,15
-3,985776,985722,54,MEGDNDGKLSLIPRIIGR,length1,54
-3,985518,985506,12,MPRE,length1,12
-3,985209,985164,45,MWRNTEGEGSPLGMY,length1,45
-3,985002,984996,6,MN,length1,6
-3,984729,984699,30,MTSSHHGPYE,length1,30
-3,984678,984477,201,MAYTEGSEAARWSESHKVRLSPDWSLQLDSMKSESLVIANQNVAVNTFPGLVHTARHTMGVGCTRSR,length1,201
-3,984444,984411,33,MIHDWGEVVTR,length1,33
-3,984135,984126,9,MGI,length1,9
-3,983625,983571,54,MPWQSEAKKDVLICEKLG,length1,54
-3,983535,983517,18,MGKPSR,length1,18
-3,982344,982284,60,MARSGMKGCSSNPNVESGYF,length1,60
-3,981579,981486,93,MVSSQEKHLIEAPVNGGRNYNGPKVAKFLVG,length1,93
-3,981459,981426,33,MMARLSPPETQ,length1,33
-3,981246,981240,6,MF,length1,6
-3,981030,981006,24,MEGPSLNG,length1,24
-3,980934,980904,30,MSAHHILGLK,length1,30
-3,980805,980784,21,MIDWGCS,length1,21
-3,980496,980448,48,MKSEANKSRAETEVKD,length1,48
-3,978984,978897,87,MLYRPLVQIHKMPSSNHFVLIVQGKRSRF,length1,87
-3,978681,978669,12,MSIQ,length1,12
-3,977853,977829,24,MSALKRAL,length1,24
-3,977478,977463,15,MFSRR,length1,15
-3,977343,977229,114,MLLDNLSLFLDVSSKFTFKACNSSTVFASCDSFCIIAF,length1,114
-3,977010,977001,9,MAS,length1,9
-3,976290,976287,3,M,length1,3
-3,976266,976260,6,MG,length1,6
-3,976083,976071,12,MAHQ,length1,12
-3,975849,975834,15,MGNAI,length1,15
-3,975663,975651,12,MGGK,length1,12
-3,975528,975516,12,MASL,length1,12
-3,975201,975165,36,MGMVCRNGKTSQ,length1,36
-3,974634,974631,3,M,length1,3
-3,974298,974292,6,MR,length1,6
-3,973644,973497,147,MELRWQLPFLAMVLPLTYGGTIPSISHKCRQNDKIIVFCRMSSFLRIFI,length1,147
-3,973434,973413,21,MLSVKFL,length1,21
-3,973104,973101,3,M,length1,3
-3,973053,973038,15,MLAQH,length1,15
-3,972876,972840,36,MPKWLWKISGKS,length1,36
-3,972726,972723,3,M,length1,3
-3,972666,971865,801,MTLDVWQHIRQEAKELAENEPMLASFFHSTILKHQNLGGALSYLLANKLANPIMPAISLREIIEEAYQSNPSIIDCAACDIQAVRHRDPAVELWSTPLLYLKGFHAIQSYRITHYLWNQNRKSLALYLQNQISVAFDVDIHPAAKIGHGIMFDHATGIVVGETSVIENDVSILQGVTLGGTGKESGDRHPKVREGVMIGAGAKILGNIEVGKYAKIGANSVVLNPVPEYATAAGVPARIVSQDKAAKPAFDMNQYFIGIDDGMNLNI,length1,801
-3,971853,971040,813,MINKDTQLCMSLSGRPSNFGTTFHNYLYDKLGLNFIYKAFTTQDIEHAIKGVRALGIRGCAVSMPFKETCMPFLDEIHPSAQAIESVNTIVNDNGFLRAYNTDYIAIVKLIEKYHLNKNAKVIVHGSGGMAKAVVAAFKNSGFEKLKIYARNVKTGQYLAALYGYAYINSLENQQADILVNVTPIGMKGGKEEMDLAFPKAFIDNASVAFDVVAMPVETPFIRYAQARGKQTISGAEVIVLQAVEQFELYTHQRPSDELIAEAAAFARTKF,length1,813
-3,971028,970980,48,MVHCVFIKICCSRSHF,length1,48
-3,970866,970848,18,MALFLF,length1,18
-3,970818,970773,45,MYYLLNQKLILVWHY,length1,45
-3,970395,970380,15,MCLCC,length1,15
-3,970320,970311,9,MQL,length1,9
-3,970269,970257,12,MAYQ,length1,12
-3,969846,969816,30,MDNISILLVY,length1,30
-3,969636,969609,27,MRLYLALVK,length1,27
-3,969432,969426,6,MG,length1,6
-3,969030,968877,153,MRLQLLRACRVNQYPLFLIVSSHHKVYKHVKLEYVGITAQHYKDESHLHLF,length1,153
-3,968505,968436,69,MKKKAFAILTNNDFFTMKKGDIS,length1,69
-3,968028,967944,84,MMQIKTIFWLFKYFPSSEAINGNYYKTD,length1,84
-3,967296,967206,90,MGANTHFFCFRQGVENQITCSITFVRFKIS,length1,90
-3,966702,966699,3,M,length1,3
-3,966693,966675,18,MGYNKI,length1,18
-3,966474,966441,33,MALLSLIPVAT,length1,33
-3,966366,966363,3,M,length1,3
-3,966333,966315,18,MDKPAQ,length1,18
-3,966312,966306,6,ME,length1,6
-3,966057,966021,36,MIFCDNSALFIL,length1,36
-3,965688,965685,3,M,length1,3
-3,965679,965655,24,MCGKMGVS,length1,24
-3,965637,965613,24,MPHFGEGF,length1,24
-3,965274,965268,6,MR,length1,6
-3,964749,964719,30,MLKSMDPNYR,length1,30
-3,964698,964674,24,MFPPLCDL,length1,24
-3,964458,964452,6,MK,length1,6
-3,964269,964242,27,MIRFLVLYY,length1,27
-3,964158,964152,6,MR,length1,6
-3,964113,963993,120,MFLTALFYKNKLGVIYKADQSFGKLDNLALPCLDQIHSKR,length1,120
-3,963840,963786,54,MHLFQLNVEQTMLLAKFH,length1,54
-3,963549,963474,75,MLVLKLDCLEHLDVLPFHQVQLNLN,length1,75
-3,963159,963120,39,MLLILDFLPSNHE,length1,39
-3,962271,962235,36,MMKSLQNKWCFH,length1,36
-3,962133,962106,27,MYMTDSFNF,length1,27
-3,962088,961971,117,MVIYFYKTVIISCCSQYFCKLSGSDRSEKMVLILLKSAS,length1,117
-3,961695,961644,51,MLNIELVTTVQGISGIK,length1,51
-3,961425,961365,60,MVSTEISQCCASSITLAFPC,length1,60
-3,961014,960993,21,MKRGYML,length1,21
-3,960858,960672,186,MKMLLCKNVIFRRLFLLAKQKIASFQRKLIAVLILHCVIARFVISKHNLNRHCVVYAERVQV,length1,186
-3,960603,960591,12,MRLV,length1,12
-3,960441,960381,60,MKNVATILILMPLIRLQLKA,length1,60
-3,960321,960303,18,MLNLIA,length1,18
-3,960072,960039,33,MPLNLCWQIRH,length1,33
-3,959991,959922,69,MSSHFLKQLHQIMMKNNSVPVRN,length1,69
-3,959805,959787,18,MIKLIG,length1,18
-3,959760,959745,15,MKKSL,length1,15
-3,959454,959406,48,MCKFICLVRKIHLKVV,length1,48
-3,959391,959382,9,MRD,length1,9
-3,959379,959262,117,MLLNKLVQWEWHYFLSLPMSWKKCGQILPHFQRMNFLDY,length1,117
-3,959181,959157,24,MAVSKHKR,length1,24
-3,959139,959115,24,MKIIRQSL,length1,24
-3,957774,957714,60,MLARRRIDDYPPHYRGNNDF,length1,60
-3,957666,957090,576,MKNFLAQQGKITLILTALCALIYIAQQLGFEDDIMYLMHYPAYEEQDSEAWRYISHTLVHLSNLHILFNLSWFFIFGGMIERTFGSVKLLMLYVVASVITGYVQNYVSGPAFFGLSGVVYAVLGYVFIRDKLNHHLFDLPEGFFTMLLVGIALGFISPLFGVEMGNAAHISGLIVGLIWGFIDSKLRKNSLE,length1,576
-3,956970,956940,30,MLALKRFVVI,length1,30
-3,956736,956703,33,MRCLATKNSEL,length1,33
-3,956688,956592,96,MPLIFYAKMKVLILLWRADHYEWMVELSAKLR,length1,96
-3,956535,956490,45,MQMVHYWIMITMKYK,length1,45
-3,956391,956340,51,MWNICLQVMFLRALSII,length1,51
-3,956307,956232,75,MVKCGKNIFDFLINLSIKEAITLNF,length1,75
-3,955440,955419,21,MLHCVCI,length1,21
-3,955305,955221,84,MLRTRHYTNFDFKRCCCSFRFFVFFTAC,length1,84
-3,955056,955035,21,MVATQVT,length1,21
-3,954924,954888,36,MPLISVGRASDK,length1,36
-3,954720,954633,87,MKRVTGNKIRSKIINGMERPILIIVFNIK,length1,87
-3,954009,953982,27,MGNQQNCNT,length1,27
-3,953682,953643,39,MLKNHSNLTTSKY,length1,39
-3,953343,953325,18,MSDYLF,length1,18
-3,953256,953232,24,MYKRQENE,length1,24
-3,953028,953007,21,MDGLVVS,length1,21
-3,952575,952503,72,MHRTQRRTVVKFFKFPSASLFFAL,length1,72
-3,952323,952293,30,MAQIERWRQA,length1,30
-3,952287,952272,15,MQVER,length1,15
-3,952203,952149,54,MEGDNDGKLSLIPRIIGR,length1,54
-3,951945,951933,12,MPRE,length1,12
-3,951636,951591,45,MWRNTEGEGSPLGMY,length1,45
-3,951429,951423,6,MN,length1,6
-3,951156,951126,30,MTSSHHGPYE,length1,30
-3,951105,950904,201,MAYTEGSEAARWSESHKVRLSPDWSLQLDSMKSESLVIANQNVAVNTFPGLVHTARHTMGVGCTRSR,length1,201
-3,950871,950838,33,MIHDWGEVVTR,length1,33
-3,950562,950553,9,MGI,length1,9
-3,950052,949998,54,MPWQSEAKKDVLICEKLG,length1,54
-3,949962,949944,18,MGKPSR,length1,18
-3,948771,948711,60,MARSGMKGCSSNPNVESGYF,length1,60
-3,948006,947913,93,MVSSQEKHLIEAPVNGGRNYNGPKVAKFLVG,length1,93
-3,947886,947853,33,MMARLSPPETQ,length1,33
-3,947673,947667,6,MF,length1,6
-3,947457,947433,24,MEGPSLNG,length1,24
-3,947361,947331,30,MSAHHILGLK,length1,30
-3,947232,947211,21,MIDWGCS,length1,21
-3,946923,946875,48,MKSEANKSRAETEVKD,length1,48
-3,946551,946485,66,MGFLFFRSLYFNKISLDKVYVC,length1,66
-3,946428,945870,558,MARKKKTRRITDIMPIRKADKKIDITKARSGKKLTRYELDAKAREDKKKRKHKGLASGSRHSAVEEKANKLQNEIKDPKIGSKKKIPLVVEFVNKPEKGQVIPVIKQVKKQDPMKELENLENNEILNELLDALDAGKTISKSDQQFVDECLDRISELMEELGIEDEDESEDDLYRTFERMDINQFR,length1,558
-3,945864,945426,438,MIWIFFVIALFLVTGLTLYAIRLLKQLKVQKELIAKAKNNRVIRLKESIDIIARAMQSGECNLSEGVIRLTMLLRPFGKNLSSYPAMANLYEVVRDMPTHDDRKLLEKRERMRLDLARESAEAQFEKNIKQELYILLEDIKSIELI,length1,438
-3,945402,945396,6,MR,length1,6
-3,945372,945258,114,MIIFNDFVQKIIPLLQHENEHLIYVINYGYVLLRFLLK,length1,114
-3,945075,944943,132,MYQVQYLLTNNHLHLHQLEYKYHFLHQTLLKLKFAHQRLLHVIL,length1,132
-3,944883,944796,87,MFVMPQKSLLCRCLRQPLLQSYRLILQVV,length1,87
-3,944526,944472,54,MVDSNAQSSCKVSRRRIR,length1,54
-3,944289,944241,48,MAFSLSKVRSISTMFM,length1,48
-3,944190,944079,111,MAKLRLSLLFKYCTFATRIPAFAEIALPGSRIISSSG,length1,111
-3,943881,943764,117,MWQSIPVIFMFGSVEANLYTSRASFTLTPNLFSFNPVEI,length1,117
-3,943680,943440,240,MCLSSETDSTLKQRIPTSNARIISSRDFATPEKTTFDASPPAASTRSSSPCETISKPEPSFAIIFNTPIFEQDFTAKQIK,length1,240
-3,943284,943242,42,MLCACFSYFGNDIR,length1,42
-3,942942,942939,3,M,length1,3
-3,942804,940857,1947,MATGFLMTDNVFGIVSLKPVLHMARTCSSKMLDSPLPSKIIEKPTALSVLKSVFGYQSFRKGQEEVINAALNGQDALVVMATGNGKSLCYQIPALCFDGLTLVISPLISLMKDQVDQLQANGIEADFLNSSQTLEQQQQVQNKLISGQLKLLYVSPEKVMTNSFFQLISYSKVCFIAIDEAHCISQWGHDFRPEYTQLGGLKASFPDAPIMALTATADYATQKDILRHLNLKNLHKYIGSFDRPNIRYTLEEKYKPMEQLTRFVLAQKGKSGIIYCNSRNKVERIAESLRNKGVSAAAYHAGMETAIRERVQQDFQRDNVQVVVATIAFGMGINKSNVRFVAHFDLPRSIESYYQETGRAGRDDLPAEAVLFYEPADYAWLQKILFEKPETPQRQIEQHKLEAIGEFAESQTCRRLVLLNYFGEHRQTPCNNCDICLDPPKKYDGLVDAQKVMSTIYRVGQCFGAHYVIAVLRGMHNQKIIERQHHKLSVYGIGKDKSKEHWQSVIRQLIHLGFAQQVISELNPTLQLTESAKVILKGEEPLELAMPRISSISKIAHNPQRQGVANYDKDLFARLRFLRKQIADKENIPPYIVFNDATLQEMAQYMPTSNIEMLQINGVGSIKLERFGQPFMALIQEHKAILANAQNND,length1,1947
-3,940833,940782,51,MTALFVILAPIFSVLRI,length1,51
-3,940770,939054,1716,MRTSQYLFSTLKETPNDAQVVSHQLMLRAGMIRPMASGLYNWLPTGIRVLKKVEKVVREEMNKGGAIEVLMPVVQPAELWEESGRWDQYGPELLRFEDRGNRNFVLGPTHEEVITDLVRREVSSYKQLPLNLYQIQTKFRDEVRPRFGVMRSREFIMKDAYSFHTTQESLQATYDVMYQVYSNIFRRLGLDFRAVQADTGSIGGSASHEFQVLASSGEDDVVFSTESDFAANIELAEAIAIGERQAPTAEMCLVDTPNAKTIAELVEQFNLPIEKTVKTLIVKGADENQPLVALIIRGDHELNEIKAQKHPLVADPLEFADETEIKAKIGAGVGSLGAVNLNIPAIIDRTVALMSDFSCGANIDGKHYFNVNWVRDVAMPEVFDLRNVVEGDPSPDGKGTLQIKRGIEVGHIFQLGKKYSEAMKATVQGEDGKPLVMTMGCYGIGVTRVVASAIEQHHDDRGIIWPSDEIAPFTVAIVPMNMHKSEAVQKYAEELYRTLQSQGVDVIFDDRKERPGVMFADMELIGIPHMVVIGEKNLDNGEIEYKNRRTGEKEMISKDKLLSVLNEKLGNL,length1,1716
-3,938895,938880,15,MVIAA,length1,15
-3,938496,938433,63,MSIKLIATTPIPFITYFPIRF,length1,63
-3,937887,937830,57,METPCSWHQFTVIIKTNCL,length1,57
-3,937827,937824,3,M,length1,3
-3,937710,937566,144,MCRKRKIIIWLIISYASILVRITIGTASINRIKVVEITFIAYSGVINI,length1,144
-3,937518,937470,48,MTFSIITSIFRVTILT,length1,48
-3,937215,937152,63,MYFKASMPHFSIFFFHVLTNF,length1,63
-3,937074,937017,57,MQCYIISFTTSLTTDKFIF,length1,57
-3,936852,936705,147,MAIALFQIYITLIGRIIWLINFCVIRFNIYRQRIHITRHDFTAKFWHAH,length1,147
-3,936510,936489,21,MIKFFVY,length1,21
-3,936237,936186,51,MVPLRAITSTLRGSKRL,length1,51
-3,935961,935829,132,MRDTLSISFILTSISARSPGERTKDLTDFALGKKLKSCAISSIS,length1,132
-3,935469,935394,75,MGAQDSPFLRTRAAPPNSSPDACKP,length1,75
-3,935319,935304,15,MVGPR,length1,15
-3,935238,935106,132,MVNTIGRPRRTSISGGTTSFSRLAANNGAGTVESAVEIAAVFNN,length1,132
-3,935025,934980,45,MTISRKIANIVFGIA,length1,45
-3,934908,934899,9,MRA,length1,9
-3,934854,934830,24,MECTRFKG,length1,24
-3,934734,934680,54,MRFCAVFSIQENITRYPI,length1,54
-3,934578,934512,66,MITDINGAANLLLILRNTMFYL,length1,66
-3,934308,934302,6,MC,length1,6
-3,934056,934038,18,MLFSAR,length1,18
-3,933867,933783,84,MAATFVFVLAIKSAGDNCGENSSKEQSR,length1,84
-3,933525,933513,12,MILE,length1,12
-3,933123,933072,51,MHKRQKKPTLKDDVSFK,length1,51
-3,932934,932862,72,MTETSIIGTPTMNVTFPRLIRILS,length1,72
-3,932829,932688,141,MNEVNAAKVNAPKNNMPSTSPNGALLMMVGNAKNAKPIPPFATSLTS,length1,141
-3,932211,932157,54,MKKSMGLSPHAPVKEKYV,length1,54
-3,932115,932052,63,MMTFTIICHQPNTSKCGLTRR,length1,63
-3,932016,932010,6,MA,length1,6
-3,931956,931929,27,MINAPPPFS,length1,27
-3,931794,931791,3,M,length1,3
-3,931764,931722,42,MKSNNQSISKLKER,length1,42
-3,931623,931557,66,MTRNFATMLNLSQNKNNRKQTQ,length1,66
-3,931515,931443,72,MSRLFSAIPVAQLCQPTMPFMTQA,length1,72
-3,931422,931326,96,MNKGLQWLRLAMLAPREKWASVLQHQALVPLI,length1,96
-3,931308,931302,6,MP,length1,6
-3,931221,931140,81,MLKIKAIARLILGHYSTAYLIANQIMR,length1,81
-3,931128,931083,45,MWVSIKCGQCNTFYA,length1,45
-3,930891,929055,1836,MPKLRSATSTQGRNMAGARALWRATGMKENDFGKPIIAVVNSFTQFVPGHVHLKDMGQLVAAEIEKAGGVAKEFNTIAVDDGIAMGHGGMLYSLPSRDLIADSVEYMVNAHCADAMVCISNCDKITPGMLMAAMRLNIPTIFVSGGPMEAGKTKLSDQLIRLDLVDAMIEAADPNVSDERIDAIERSACPTCGSCSGMFTANSMNCLTEALGLSLPGNGSMLATHADRKELFLKAGRQIVELCKRYYEQDDASVLPRSIGTFDAFENAMSLDIAMGGSSNTVLHLLAAAQEAGVDFKMEDIDRLSRKVPCLSKIAPNTNKYHMEDVHRAGGIMGLLGELDRAGLIHKNTHTVLGMSMGEQLDQYDIIRNQDEELHKFFRAGPAGIRTTQAFSQDCRWDTVDNDRVNGCIRNKENAISQEGGLAVLFGNLAEDGCIVKTAGVDESIWKFTGTAIVFESQEDAVAGILGGKVKEGHVVVIRYEGPKGGPGMQEMLYPTSYLKSMGLGKKCALLTDGRFSGGTSGLSIGHASPEAASGGAIGLVRDGDIINIDIPNRAINLEISNDELAARRAEQDQKGWQPANREREVSFALKVFGHFATSADKGAVRDKTLLK,length1,1836
-3,928317,928296,21,MLKSRSR,length1,21
-3,928209,928194,15,MPTIS,length1,15
-3,928161,928137,24,MRSNERFV,length1,24
-3,927321,927270,51,MIDHCTPKRNNARPFGL,length1,51
-3,927204,927186,18,MKLGVI,length1,18
-3,925962,925956,6,MP,length1,6
-3,925680,925533,147,MAAISTRGLPSRTIRTLIISNAHLMIVRVRKPRKSNFTSPAYSTSFLSK,length1,147
-3,925464,925368,96,MTTPPACLPALRVTPSSLRAMLINARTSSSLS,length1,96
-3,924672,924615,57,MSANSLHISSSLRKYCCEV,length1,57
-3,924459,924456,3,M,length1,3
-3,924111,924078,33,MGFIPEESISL,length1,33
-3,923781,923760,21,MLSRSKN,length1,21
-3,923676,922035,1641,MTTLFEVAQHWLNQDPDTETRAELTALLDAAKGGDKAAEAELHARFDGRLQFGTAGLRGRLQAGSIGMNRVLVSQAAGGLAEYLKGYDKEPSIVIGYDGRKNSDVFARDTAEIMAGAGVKAYLLPRKLPTPVLAYAIQYFDTTAGVMVTASHNPPEDNGYKVYLGKANGGGQIVSPADKDIAALIDKVAAGNIQDLPRSDNYVVLNDEVVDAYITKTASLAKEPACDINYVYTAMHGVGYEVLSKTLAKAGLPQPHVVADQVWPDGTFPTVNFPNPEEKGALDLAIKVAKEKNAEFIIANDPDADRLAVAVPDAQGNWKSLHGNVVGCFLGWYLAKQYQGKQGTLACSLVSSPALAEIAKKYGFQSEETLTGFKYIGKVSGLLFGFEEALGYLVDPDKVRDKDGISAAIVFLDLVRNLKKQGKTLADYADEFTKEFGAYVSGQISIRVSDLSEIGKLMTALRNNPPAEIAGVKVAQFIDHIKTDRQSDILVFNLENGGRLIARPSGTEPKIKFYLDARGKDPKDADCVLAEFDEGVRHILRQDTYGK,length1,1641
-3,922011,921987,24,MWIRQTVH,length1,24
-3,921789,921738,51,MHQSLLEISLMQGTYRD,length1,51
-3,921603,921576,27,MRHHHYLQV,length1,27
-3,921120,921105,15,MICPR,length1,15
-3,921072,920997,75,MASSEFINRITSLCVITLNLLVAPL,length1,75
-3,920649,919329,1320,MSAMFLLQFAIVLLCIFVGARVGGIGLGVFGGLGLAILSFGFGLKPAGLPIDVMFMIMAVVAAAAAMQAAGGLDYMIKIATKILRRNPKHITFIAPAVTWLFTLLAGTGHVAYSVLPVIAEVSRQNGIRPERPMSMAVIASQFAIVASPIAAAVVAVVAYLEPQGIHLGDVLMVTIPSTILGLFLACLFVNKMGKELKDDPEYQRRLNDPKYADIFASTTLVKEVEVSKTAKISVSLFLFGALLVVLMGAAPSIRPVFDGKPMGMAHTIEIIMLSIGALIILTCKPDGTAITKGSVFHAGMRAVIAIFGIAWLGDTLMQAHITEVKEMVKGLVETAPWAFAFALFVLSVLVNSQGATVATLFPLGIALGIPAPVLIGVFVAVNGYFFIPNYGPIIASLDFDTTGTTKIGKYILNHSFMLPGLLSMFFCLLIGLGLSHVIL,length1,1320
-3,919209,919143,66,MKVFRPVSLLCYHYINVTFLTI,length1,66
-3,919011,918963,48,MPPIYGNPYCMKLQQA,length1,48
-3,918957,918939,18,MMALIL,length1,18
-3,918858,918783,75,MLNLHLFMDKRAICLSLLVEFLTII,length1,75
-3,918756,918714,42,MISTQKGWLIIVFF,length1,42
-3,918633,918600,33,MTLAKKNLNKS,length1,33
-3,918594,918582,12,MKIK,length1,12
-3,918522,918456,66,MRLKICLLTVMVKLIVLAYKLL,length1,66
-3,918393,918387,6,MN,length1,6
-3,918369,918360,9,MCN,length1,9
-3,918312,918252,60,MAGRLKLILLFGQQEFAPQQ,length1,60
-3,918237,918231,6,MD,length1,6
-3,918174,918138,36,MIVFLRLAIVLH,length1,36
-3,918126,918033,93,MVNWFRQERKLHIKWQRLVQKIFLHCLKINH,length1,93
-3,917904,917847,57,MCLCIECTNMLCTVVLKLV,length1,57
-3,917640,917628,12,MGKR,length1,12
-3,917274,917238,36,MDLYIQFIFIEM,length1,36
-3,917160,917139,21,MQNNTRN,length1,21
-3,917118,917088,30,MLNIITIISH,length1,30
-3,916722,916704,18,MLAQIV,length1,18
-3,916509,916485,24,MLQCLKCH,length1,24
-3,916401,916395,6,ME,length1,6
-3,916260,916215,45,MWRNKTLMIKHIRKQ,length1,45
-3,916203,916161,42,MTTVARHINNFMTF,length1,42
-3,916059,915984,75,MADISCNFIQNFICFFLCFFNTDIF,length1,75
-3,915816,915795,21,MFNYHIT,length1,21
-3,915390,915378,12,MNIK,length1,12
-3,915117,915114,3,M,length1,3
-3,914901,914883,18,MPQKNI,length1,18
-3,914802,914775,27,MMNLTVYRL,length1,27
-3,914709,914652,57,MQICLNHRLTSYLKFMVYQ,length1,57
-3,914646,914634,12,MLVS,length1,12
-3,914631,914619,12,MVIY,length1,12
-3,914598,914553,45,MYVTDKLWLHVLKMK,length1,45
-3,914499,914481,18,MKNLIL,length1,18
-3,914385,914370,15,MNKVR,length1,15
-3,914292,914280,12,MQKS,length1,12
-3,914256,913434,822,MQFSKMHGLGNDFVVVDGVTQNVFFTPETIRRLANRHCGIGFDQLLIVEAPYDPELDFHYRIFNADGSEVSQCGNGARCFARFVTLKGLTNKKDISVSTQKGNMVLTVKDDNQIRVNMGEPIWEPAKIPFTANKFEKNYILRTDIQTVLCGAVSMGNPHCVVQVDDIQTANVEQLGPLLESHERFPERVNAGFMQIINKEHIKLRVYERGAGETQACGSGACAAVAVGIMQGLLNNNVQVDLPGGSLMIEWNGVGHPLYMTGEATHIYDGFITL,length1,822
-3,912876,912768,108,MLGKIFRTLRLPAKSFNATSAKSLPTKIKFSTISPT,length1,108
-3,912576,912543,33,MKTVCALPQSS,length1,33
-3,912504,912435,69,MLRSPFNESRDKTCKKLQRHNDV,length1,69
-3,912432,912399,33,MVLKISSLLYP,length1,33
-3,912153,908193,3960,MQTFALFVIIRLFFYFSFIRNCNMTVKTFRGSPALSEFRLTQLQQKCQQYQLPITSVYAEYLHFVEQKTSLVEDEIVKLQALLHYGSMFSELKPAGYCLIVTPRVGTISSWSSKATDIAHNCGLSKVNRIERGIAYYFNIERDLTEAELATLKDLLHDRMLETVLNHETEAALLFTQQEPKALTTIDILNGGRQALERANIALGLALADDEMDYLVESFTALKRNPQDVELYMFAQANSEHCRHKIFNADWIIDGKKQDKSLFKMIKNTFEQTPDFVLSAYKDNAAVMEGSKVGRWFPDPDGQYRVHQEDAHILMKVETHNHPTAISPFPGAATGSGGEIRDEGATGRGAKPKAGLTGFSVSNLVIPNFEQPWENPLSKPNRIASALDIMIDAPLGSAAFNNEFGRPALLGYFRTYEEKVNSFAGKEVRGYHKPIMLAGGIGNIRGEQVQKGEIPIGAKLIVLGGAAMNIGLGGGAASSMDSGKSKEDLDFASVQRENPEMERRCQEVIDRCWQLGEENPILFIHDVGAGGLSNAMPELVHDGRRGGKFDLRSILCDEKGMSPLEIWCNESQERYVLAVAPENLELFTALCERERAPFAVIGEATQAEHLILHDSHFDNNPIDLPMNVLLGKTPKMTREVLSKTVENQSLKTEGIQLKEAFHRVLRLPVVAEKTFLITIGDRSVTGMVARDQMVGPWQIPVSDVAVTTASLDSYHGEAMAMGERSPVALLNFSASARLAVAEAITNIAGTHIGEMKRIKLSANWMSAAGHTGEDAGLYEAVKAVGEELCPALGLTIPVGKDSMSMKTTWIDNGEQKSVTAPLSLVISAFARVEDVRKTLTPQLRTDKGLSSLLLIDLGEGHNRLGATALAQVYKQLGDKPADVVKVQRLKDFYNAMQTLVAEDKLLAYHDRSDGGLITTLAEMAFAGHCGVEVDISALGDNDLAVLFNEELGAVIQVADSQLESVREVLKAHNLLGITHQLGTVTADDRFEISRGSHKLFSEKRTELRSIWAELTYQMQRLRDNPDCAEQEFEAKKNPDDKGLSAFLTYDVNEDITAPFINKGVKPTIAILREQGVNSHYEMAAAFDRAGFNAIDVHMSDLMTGRRNLAEFNAMVACGGFSYGDVLGAGGGWAKSILFNPKLHEQFSQFFINPNTLTLGVCNGCQMISNLAEIIPGTENWPHFVRNKSERFEARVSLVKINEVASVWFAGMAGSHMPIAVSHGEGQVKFKSAEQLVGLKAQGIIAAQYIDNNGNPTELYPANPNGSVEGITAITNLDGRVAIMMPHPERVFRAVSNSWHPENWTEDGAWMRLFRNARMVF,length1,3960
-3,907995,907752,243,MLITLTHINNNLIIRNEILDSLGKQAKSDLNSTSQSKQIILQEINKVKEKRTILEKIIRLFTKHKRITAKQNKQKFIVPFK,length1,243
-3,907476,907278,198,MCRIRLPYYLWGSDNICIRKKKKFGGKKLVGAPVCGALAFLGGKFMQKWKMVGIGGKWSKIGFYFA,length1,198
-3,906774,906759,15,MRYCR,length1,15
-3,906738,906651,87,MYVECVLSALILDCLKQRFCHQLKFYWHD,length1,87
-3,906261,906228,33,MQIVKVPAFPP,length1,33
-3,906171,906159,12,MSCF,length1,12
-3,906126,906096,30,MKNLTFLKLN,length1,30
-3,905958,905925,33,MRLSNEDINGS,length1,33
-3,905667,903687,1980,MRNGNLKKHYSAKELLDLSLSCLPNSVQGIIYQAKKNGWVTQKRVGKGGGKEYALASLPQEIQTEIRTKFAVSIVKAKPKSLPADLRQVELKTLTEKQREVAGARMALVAQVAQLEQAQPRYKAIKFFCEQIKHGGISSDLMRLVETANNKKGKNRTLSDRTLNQWVLDYEKADTPEERLKALAPMQRVAKKAEEIVWLPDFLAIYRQTNGINVAEAYHYFSAEWDARFADEPLRLEMKPSIDQVRAALAKLPKHIKEIGRKTGSELRALNTYVKRDWSVLQVNDVWVGDGHAMKLKVAHPEHGRPFIPEVTLIMDTSCRFIVGWSASLAENVLAVADALRYGVERYGIPAIYYSDNGGGEKNWMLDGDITGMLPRLGINHQTGIPGNPQGRGIIERVHQTILYKIGRQFETYHGTGADKDTVRQVSTAVISLDKAKRKGATQLTPKQQWAVGKLPSWNQFLQACQEGIDEYNNKHEHRELGGMTPAQKRRQLMEKMNPNDLVFVTPVEARDLFRPSTLRVAQRGWLQLFNNYYFSTKLLDVDGQKVQVMFDIHDPSQVIVRKQDGTFVCYAELDGNKRDAFPMPFVEKTRQERHARRAKLKQEQLDEINAELNPIITIEHQQGFELLRTKPKAKQEATPIFLTKADKEAWEQRKKLVNE,length1,1980
-3,903642,903630,12,MRTR,length1,12
-3,903600,903582,18,MCPLQQ,length1,18
-3,903534,903513,21,MKKWMSC,length1,21
-3,903471,903393,78,MHLSPLKQQSAVWKLCTLPTQRAKLM,length1,78
-3,903345,903318,27,MRKNIVQPF,length1,27
-3,903261,903237,24,MLVQPAEG,length1,24
-3,903228,903180,48,MYFQELWKNSTVQNVC,length1,48
-3,903171,903114,57,MKPSYFLPVLWNLSDAFTI,length1,57
-3,902997,902976,21,MPYLMTI,length1,21
-3,902787,902487,300,MTMLQARKNKQLNKNNAVMLAYLEQVEKAVRRLNEMGLTVINVHFEKIRPTVRVMNNAVTEKLEKDQRAYVYHVGRDVGRYQEAQFTVEGIRVVWRKYLN,length1,300
-3,902454,902403,51,MQSIVAKRIWVTGLRKN,length1,51
-3,902388,902385,3,M,length1,3
-3,902247,902232,15,MQEEI,length1,15
-3,902190,902151,39,MCLCVNGWKKVCP,length1,39
-3,902124,901947,177,MAFSAIFRRLLNFRLKNIMQKWAVVKAISHFIATTANTKSNVRLTTICNLMNVSKRQKC,length1,177
-3,901941,901932,9,MSA,length1,9
-3,901929,901899,30,MNGAKALALN,length1,30
-3,901872,901755,117,MWIKRETSTLHGFWDYVVLIFRMNAGKTQCRRLAKACKW,length1,117
-3,901740,901686,54,MFDFMNVWAKPISMCRLR,length1,54
-3,901683,901680,3,M,length1,3
-3,901623,901614,9,MRG,length1,9
-3,901530,901524,6,MR,length1,6
-3,901482,901275,207,MKKLENYRDFSQHAAEMERVGAWEQAESAWEKAATVARCQENQEWAENRRLFCAHYVRYPARRPEVNHG,length1,207
-3,901185,901182,3,M,length1,3
-3,901119,900867,252,MSELTKNDLKIGRFYSAKRPQRFGFFRLLNDREIIWLSDTHVKYDSPSVKFGAKYPIVTIERFLKWVKEDVTEQMPKDEWRRAG,length1,252
-3,900840,900693,147,MKYCNKQQAAMQLVKAQTYLRTGQAQYAAVYVGNVQNLLPGLRMRLGKV,length1,147
-3,900681,900645,36,MNISLSIFGMKH,length1,36
-3,900525,899967,558,MRPESRYFKCALSVEPIKSLDEQWRKDRELRDKKLDAIFDTIPFYECWRGSERNIFGIVCSLDSDEFAKIKEDKTYKFEIVENEKVVITGNGRTKAGKAFNDKIQSVRDILNQYPSFNDFMLRKLKLNCWVLGARTGYVSVCGVASDYFIVSIPVKSEGFGGDGFPAIPECLTEIKQSEFLMLQGK,length1,558
-3,899961,899715,246,MSEQIYEFKNVTDILVLDDKQFERFLADFKEWFHFQKQARAEAEKLRELGLNITLADVIRWKDDDMIGVGKITIDVQKARDY,length1,246
-3,899649,899634,15,MKWAE,length1,15
-3,899604,899367,237,MLKESDLLEDHDYVSNNVKIYKGNLVSWRRIFKVNHANESVTYCEMKWLKDGLKATLKTISIKAFLKWAVADVTKDTKE,length1,237
-3,899322,899280,42,MRCWKMMQGVRCWG,length1,42
-3,899256,899241,15,MPVRW,length1,15
-3,899196,899184,12,MGGH,length1,12
-3,899169,899124,45,MCWRCINPVRYSPMR,length1,45
-3,899121,899103,18,MKRCKR,length1,18
-3,899034,898431,603,MRGQNRCLRWCVVKARLKCKALRRKKRINVWQPFNILNVMPLLGSCNLWKICLSLRFGKPGKRNRRKAMLRKNLIARIHIGKSQLGLDDETYRQLLVSTTGKTSCTEMKENELQQVLNIMVQKGFKSSRHFWGNRAAPREDKKIYLAKITALLAKHGLPKEYADGIAKRSFKVDFVHWLQPWQLKKVVQMLAVYDRNKKAL,length1,603
-3,898143,898062,81,MTLNLSILIKMMFMSYFGRIVLEDFIS,length1,81
-3,898011,898002,9,MNG,length1,9
-3,897918,897900,18,MKRLRN,length1,18
-3,897798,897777,21,MKIYSPS,length1,21
-3,897741,897723,18,MMSIKS,length1,18
-3,897630,897618,12,MINL,length1,12
-3,897588,897555,33,MMRKRELFNHS,length1,33
-3,896811,896706,105,MRVVMLMTLETQAEKPIGGLLNVQLWQMVIRAICV,length1,105
-3,896697,896598,99,MSRLLKSTTPPFGCVINATRCLKRWLSSFLMQR,length1,99
-3,896592,896586,6,MD,length1,6
-3,896580,896553,27,MQAVCCNVR,length1,27
-3,896550,896520,30,MWRMTALLAI,length1,30
-3,896484,896481,3,M,length1,3
-3,896466,896196,270,MQNAWSFIANLALLRPLVKVGCVVWRAILNMEQSTMKFKFLGVFKRVLNWFQKPQKVTQYRPHFYSKNAWSYVSRGKPTAAQMIMWRLCR,length1,270
-3,896163,896115,48,MGEPVQRDLFSFSAFW,length1,48
-3,896094,896004,90,MRSILTVLRSLICFFILLVFVGVLRQPKGQ,length1,90
-3,895947,895842,105,MWSQNKRIDQGGFDEYADYFSGARDFRAIGCVCDV,length1,105
-3,895569,895521,48,MRLIVRFALKVRSQND,length1,48
-3,895269,895005,264,MSARERKRLEQLAEKQEINAKLDEILVLSRQANHKIDRLDGRVDDIDTRLAKVEESLAKLGVRAAVIGGLSGLVVSVGFELIKAKFGG,length1,264
-3,894501,894372,129,MKLLIFQLPSLTAIICAFLLLSQGISGWGWFLFIAFCVSASRA,length1,129
-3,894216,894096,120,MTFLCRITFRIMCVLALVRSCITIFLSSCHKYYNRHHQCI,length1,120
-3,894006,894000,6,MR,length1,6
-3,893799,893703,96,MGRIVLIWWYWMILKMTNKCGALNSVTNYTIG,length1,96
-3,893658,893616,42,MWYISGLFSITTVF,length1,42
-3,893550,893544,6,MI,length1,6
-3,893487,893442,45,MLSIRKIKRQWIKVR,length1,45
-3,893388,893346,42,MGMPPLIRNIKMTR,length1,42
-3,893337,893313,24,MMRCLPIV,length1,24
-3,893178,893160,18,MLWKHK,length1,18
-3,893127,893124,3,M,length1,3
-3,892866,892845,21,MMMAQMR,length1,21
-3,892827,892788,39,MQWVVRQRLSGLG,length1,39
-3,892767,892719,48,MWKMKMMIFIRFGEIN,length1,48
-3,892701,892638,63,MATYFYESAVDFLGSLNGIFR,length1,63
-3,892230,892191,39,MGSGGWQMGSKRL,length1,39
-3,892023,892008,15,MALYV,length1,15
-3,890748,890691,57,MGIYWQIQKQGNILARRVG,length1,57
-3,890580,890556,24,MHVLALPI,length1,24
-3,890529,890469,60,MMIRFGRHSIRLMGLIVAVR,length1,60
-3,890331,890316,15,MARYV,length1,15
-3,890292,890289,3,M,length1,3
-3,890235,890214,21,MRLRRLR,length1,21
-3,890169,890166,3,M,length1,3
-3,889998,889989,9,MIL,length1,9
-3,889965,889896,69,MGKILGLMSMRRCQISSMLQIKL,length1,69
-3,889890,889884,6,MN,length1,6
-3,889863,889833,30,MLRVRNCLQY,length1,30
-3,889587,889554,33,MRKKLPPCLND,length1,33
-3,889368,889356,12,MKPL,length1,12
-3,889347,889290,57,MSLTRLFINSAVKLDEVVK,length1,57
-3,889248,889203,45,MRQIFWKMCKTTSNA,length1,45
-3,889083,889041,42,MGLGCFQSFNLSRL,length1,42
-3,888921,888888,33,MVSDEINSCRL,length1,33
-3,888792,888744,48,MVCNRYKWRGCGGVGK,length1,48
-3,888393,888360,33,MHTVCFKSRCK,length1,33
-3,887874,886953,921,MDKFKKSELLKALDEAFKKDFASGLNVINPQWSEIAMKIASSTETNTYGWLGHFPKLQEWVGKRRLRKMQAQGMQVSNKLFESTVAIPRTNIEDDQVGLFSPMVKQMGQSAAELPDDLVFGLIKQGKSTLCYDGQNFFDDDHPVFAEVDGTGNQTTQSNITKGSAAGKPAFYLLDTTNAVKPFIWQERLTPEIETKFDPSKSDTVFMEDTYIWGVRARGNAGFAFWQLAHRVEDSELTEDVLMGVLAKMKSLKGDGGKLLNIRPNILLVPPALEYTAKRLVEADIINGTSNVLKGTLKVMVSSQIVE,length1,921
-3,886887,886584,303,MAKKQKNKTDDEVKTDSAENTTETDRTLDESDDTPKGNDVIHPIAYAVTLRAIHPQASYGRCGYRFNKESAVEIPVENLTGEQVIMLAEDPWLELIPICEK,length1,303
-3,886572,886143,429,MHYASAEDFVLRVGEVQAIELTDRDLTGQVNDNLLDVALSDSSSQIDGYLAARYTLPLVNVPQNLVRLCCDLARYRLASMSHVTITEEIITRYKLSLKELEDISVGKISLGLPPTENNDANEHDNGVIFTNPKNRIFARDYSN,length1,429
-3,885408,885396,12,MMAI,length1,12
-3,885348,883935,1413,MAEMNIDFDNIPTSLRKPGVYTEYNSRNAVSTLPTNEQNVLIVAPMLNATKAFSAPTPIYSDVDAKNTFGAGSWAHLMARIAIQNNALIRLTVIGLKESDSGVAATGTITLTGTASNAGVLKVVIGGLDYAVAIAKSETAANIAARLNAVINAGEYCPVSATVNEGTVTLTAKCKGEIGNEISVNATLSVNDMAVNVSALANGAENADLAAALASVAGQHYHVIISPFADDKNAKALREHLESVASPVEKKPGIGVLGFNGTLASGTTYTEKINANRITVGWYKGAVESNALIAAGYGAVIAGEEDPAKPLNTLEIKGLTPVDATQTPLKTEVNQALFHGLTPITVVNNRVQIMRAITTYTKSPANVDDPAWLDLTTIRTLDYTRKAIEQRIELRFPRAKLSNRTPPKVRSEILDVLYRLEQQEILENVDANKGKLLVVRNGKDPNRLDTAIPADVVNGLHVVANRIDLIL,length1,1413
-3,883923,883554,369,MEKYAGMAVLEVDGTEIEITDLNVTKQTGRKLVKTMNSEGRARGFAKGITTWELSVTAALPIDGSEIDWAGISDAKITVYPLNQEDKRTSYLGCFTTQVGEKYTVDNEAVIDIQMNALKEVKE,length1,369
-3,883527,883488,39,MKTSVILTLTCDY,length1,39
-3,883434,883290,144,MRKKTSRKRSKCSWTWLIYLNSLILSVLRKISSRHSFYWITLPRMIMC,length1,144
-3,883092,883059,33,MGGKLATFARY,length1,33
-3,882966,882948,18,MSLKRV,length1,18
-3,882678,882642,36,MQKWGKPLGGND,length1,36
-3,882636,882582,54,MLELPLLVWAQAWRLELW,length1,54
-3,882549,882498,51,MTDAWRWYPILPSPTET,length1,51
-3,882465,882456,9,MMR,length1,9
-3,882120,882102,18,MALKHY,length1,18
-3,882060,881985,75,MKRGITWLIYSPNLRLKRLQIVFLN,length1,75
-3,881967,881865,102,MAKPTALILLNPWRMRRNKVKILLRPLVLLWIWS,length1,102
-3,881697,881688,9,MLN,length1,9
-3,881583,881553,30,MQLNLHKWKA,length1,30
-3,881538,881481,57,MHLAMRLQNWLNMRKCIPI,length1,57
-3,881364,881361,3,M,length1,3
-3,881355,881340,15,MLLAI,length1,15
-3,881154,880947,207,MRMLTGAINRPQPIMHRKVSVITKIPCGGRLDVQAKWLKLHVKMKLPLYVLSEAHSRKPNMMSARAKVR,length1,207
-3,880887,880869,18,MTPTPL,length1,18
-3,880605,880515,90,MCFRWMMMSIAQPLSMLILSSMARTWKIWD,length1,90
-3,880479,880443,36,MGQAITRTLRSF,length1,36
-3,880329,880320,9,MWR,length1,9
-3,880245,880236,9,MPY,length1,9
-3,880212,880206,6,MM,length1,6
-3,880194,880050,144,MANLWRLLPLPLIQNHICWVFMAHYLAVLSKCAGYLILTKPSMVCRLS,length1,144
-3,879930,879882,48,MRYSAQYVKSSIFLLI,length1,48
-3,879723,879600,123,MIYCHRILSTSRLKCGHKLWIIYNCYANKQTMNIVGKISRY,length1,123
-3,879435,879396,39,MHFIRITNVQMNY,length1,39
-3,879333,878211,1122,MSNNYPYENDITLEVDGKAHNSWKSYDIDSDFLIPADAFKFDLGVPSNSTVLPDFSGAEVKVRINGELVMTGIVDTTQHTISKTNRTYSLNGRDRASILVDCSAPITNVKGLTVLDAVKKIVEPLGIKKVALRAENNPTLDKVDIDVGETAWNAAMRCANSAGLHLWFEPNGELIVGGADYSTPPVATLCCMKDGKRNNFEQADLTFDVSNRFSEVTFLAQSHGKQGQDNKNDLKWVYHDPDMTTYKPKTVVVSDVDNLEALQKWAKKYIADSMLEGFTLTIVVPDHKMQDGTLWQPGQRVHVICEEYAIDAIFFLMGRRFMLSRNAGTQTELRFKQDGIWTPDAYNAKAEKARKRKGKKLMATNGHGSWVAAN,length1,1122
-3,878199,877566,633,MRRLSQAIQQKAQGAAEEIRQAFRGVLHLVKSADNIQKVQASGLADETLQDVELMQQFGFTSVPPANTQAVILPIGGQTTHGIVIATENGSFRVKNLQGGEVAVYDESGSSIVLKKGRLIEIDCDVLKINAATKVDISSPLVETDQVFTAQGQINGNGGMAVQGGSGASFTGNVQQSGGSFTTDGDVEAGIISLRNHKHTGDSGGKTTKPE,length1,633
-3,877494,877146,348,MDREISPLTGDYTSKQISTLANAAYIRLTTPLGSWWADGRVGSLLHLIPREKDLSRIGLIAQQYAEEALQPLIDDGRADEIIVNHTQPHNGVLILDISIRDNRGETYHFKHPVKVI,length1,348
-3,877080,877068,12,MCSH,length1,12
-3,877053,877050,3,M,length1,3
-3,877029,877002,27,MHVPVALLP,length1,27
-3,876918,876855,63,MRVCVVFAAVMRLMPVAVAQQ,length1,63
-3,876840,876768,72,MQYLKRDYKLKQTITDFMKSPKVR,length1,72
-3,876648,876639,9,MWC,length1,9
-3,876636,876630,6,MM,length1,6
-3,876615,876459,156,MQKAMRLCSNVCLRLFADHLLGVIVMTIVHGRYRWMAWMRLMFTRCVVDLVR,length1,156
-3,876432,876372,60,MCQAMKQYVAAKNILTMCVQ,length1,60
-3,876339,876336,3,M,length1,3
-3,876222,876216,6,MI,length1,6
-3,876126,876096,30,MCVQKLSGFG,length1,30
-3,875871,875844,27,MRHKNRLYQ,length1,27
-3,874677,874668,9,MAY,length1,9
-3,874563,874497,66,MERCRRRRRAYWCCGVIPSRSN,length1,66
-3,873930,873915,15,MHQSP,length1,15
-3,873696,873690,6,MV,length1,6
-3,873663,873651,12,MGEI,length1,12
-3,872661,872550,111,MGIIMSMRQYMTATPHQYKMAAYVANRLMCPITPNGI,length1,111
-3,872481,872463,18,MTGGVR,length1,18
-3,872400,872352,48,MRFAVAREVGDLAQIN,length1,48
-3,872226,872157,69,MSLHIAIRRLPCARRADCNKSFD,length1,69
-3,872145,872028,117,MQSIKAIRCTFCNKLLAKVGIVGYLEIKCPRCKTVNTTR,length1,117
-3,872007,872001,6,MP,length1,6
-3,871881,871815,66,MRILKVKAKAGRLLIHLAEAVY,length1,66
-3,871767,871692,75,MILMAMRSDWHTLMILTSCEPSFTL,length1,75
-3,871683,871659,24,MLRQKINV,length1,24
-3,871542,871464,78,MTYSNIISGIVFVSLIIQRLMAIWTV,length1,78
-3,871416,871392,24,MIRKRYLC,length1,24
-3,871290,871248,42,MFSLAQRSRSLFDL,length1,42
-3,871200,871170,30,MPSGLRSMPS,length1,30
-3,870678,870666,12,MPFH,length1,12
-3,870663,870627,36,MKKQEKEIILLF,length1,36
-3,870501,869997,504,MQNKSQLYAKSFANLYIVLEDDAKFKNNFLEVLDFINSDKNTFEFFWLQPDRLKNKRKLISNFGNLSIYQFSKGFAGTTGYYLTPQAARKFLTQSKEWYLTVDVTMDRFFENKVPPYAIVPFCLEDDGEIESTIYEKQKKRRSLKIVIMRELFNLKTNIKRRIYNLFH,length1,504
-3,869730,869637,93,MTYCNGGAVFSSIVNCCFKLTLNVCEFVTII,length1,93
-3,869628,869619,9,MAI,length1,9
-3,869541,869517,24,MFFLKCGH,length1,24
-3,869472,869391,81,MIVHTDGITHNIFSRINAIIYLCCRHS,length1,81
-3,869388,869331,57,MQPTVFYFHCTYWLHRHMD,length1,57
-3,869211,869037,174,MIAYIINHNSKFTLSKRKRGIKCGRKNNEIFYRTFYQNIHQRTHPAGFTGVPLRLIPK,length1,174
-3,868860,868662,198,MTRPAAIALTGVPADAPITIPFQRTSPAWIEPKVCKIEPETGEEYCFFAAPKPFVLLSNWRSCTVG,length1,198
-3,868227,868215,12,MPER,length1,12
-3,867795,867780,15,MVIFC,length1,15
-3,867723,867705,18,MCILFI,length1,18
-3,867684,867003,681,MELVFIRHGFSEWNAKNLFTGWRDVNLTERGVEEAKAAGKKLLEKGYEFDIAFTSVLTRAIKTCNIVLEESHQLWIPQVKNWRLNERHYGALQGLDKKATAEQYGDEQVHIWRRSYDISPPDLDPQDPNSAHNDRRYANIPSDVVPNAENLKLTLERALPFWEDQIAPAMLSGKRVLVVAHGNSLRALAKHIIGISDAEIMDFEIPTGQPLVLKLDDKLNYVEHYYL,length1,681
-3,866805,866727,78,MSLPKVERVLITLPQEQVAVISLYSG,length1,78
-3,866421,866412,9,MAF,length1,9
-3,866292,866259,33,MDGFRLLCTSA,length1,33
-3,866061,865980,81,MEWREKSRKSLVGINGASYTYDACGRF,length1,81
-3,865926,865887,39,MRSLSVKYRLFGL,length1,39
-3,865788,865728,60,MFGTARKLRIMGRIILFSTI,length1,60
-3,865668,865644,24,MAEFSTYI,length1,24
-3,865590,865575,15,MRRAG,length1,15
-3,865269,865251,18,MKKNLI,length1,18
-3,865245,865224,21,MQSTVNY,length1,21
-3,865185,865086,99,MFILKVMFHHQISYLSYNEKIFIIGIIAFFVCL,length1,99
-3,864321,864246,75,MDFAKSIFRWNYESNLKTFRHDFCI,length1,75
-3,863700,863616,84,MSQVRVPQEEPNLERPLKRFSGFLLSYI,length1,84
-3,863550,863538,12,MAYQ,length1,12
-3,863514,863499,15,MLQAT,length1,15
-3,863319,863301,18,MMSVEY,length1,18
-3,863247,863196,51,MWFRGFVTNQHICLLVF,length1,51
-3,863103,863037,66,MNRIKKHGAIWWHPNLPTEYTA,length1,66
-3,862929,862857,72,MISMNKPNITMLRKFIQLICCREL,length1,72
-3,862686,862665,21,MTALTWL,length1,21
-3,862440,862389,51,MQNACVVMKSVSINAIL,length1,51
-3,862365,862356,9,MYR,length1,9
-3,861828,861807,21,MRFILLS,length1,21
-3,861684,861639,45,MTPTFFSFVFDIICS,length1,45
-3,861072,861063,9,MHY,length1,9
-3,860604,860547,57,MIFLPHFLYYTVPTFYLFW,length1,57
-3,860514,860502,12,MSLV,length1,12
-3,860427,860373,54,MLLRPTLLKKPLKNLILH,length1,54
-3,860343,860322,21,MGKLVAH,length1,21
-3,860256,860220,36,MIFIWGKMPKNY,length1,36
-3,860199,860184,15,MIFMF,length1,15
-3,860169,860136,33,MARCSLNNQNL,length1,33
-3,860019,860016,3,M,length1,3
-3,859602,859524,78,MRIFCSIGISFKIDIGMPRVSGPNIK,length1,78
-3,859290,859227,63,MFPVFCGISGSYKTISNIIFL,length1,63
-3,858690,858591,99,MRTSPFAFGVCIFFIKIRFLLKIVLSLDDFLLE,length1,99
-3,858486,858465,21,MNLKLSQ,length1,21
-3,858408,858402,6,MI,length1,6
-3,858321,858237,84,MSFSLLLKLKLAKSQVKGAFLVVWLRDY,length1,84
-3,858177,858156,21,MMSCLKN,length1,21
-3,858060,858036,24,MLSFYINN,length1,24
-3,857964,857961,3,M,length1,3
-3,857940,857874,66,MAWVKQRQLVSSHVNFRLKENR,length1,66
-3,857748,857667,81,MRCNQRLHAILIFLLRIRRVVYKIKIT,length1,81
-3,857625,857526,99,MMKLRHMKLCLRWMLVRDKMPLAKRSYLMRLWV,length1,99
-3,857499,857478,21,MARQKVA,length1,21
-3,857394,857331,63,MRKNLLRHYSFMKNKKNKEKL,length1,63
-3,857316,857268,48,MFLKPIMVQHSPPYKA,length1,48
-3,857139,857058,81,MILLACQNMKFHFCVAKLVWFIKIIVY,length1,81
-3,857034,857019,15,MWHCR,length1,15
-3,856992,856965,27,MQILEQWHL,length1,27
-3,856845,856827,18,MNQRVI,length1,18
-3,856821,856773,48,MNFPWGFLICLKNLIV,length1,48
-3,856650,856560,90,MHLFLFKQPILCVQYGRIYGNVNLARCSRF,length1,90
-3,856371,856350,21,MFLVKKV,length1,21
-3,856299,856269,30,MIIHCLRSLL,length1,30
-3,856248,856212,36,MFQKNVTNYVPI,length1,36
-3,856128,856104,24,MWQFSALY,length1,24
-3,856056,856026,30,MCTVAAQVLM,length1,30
-3,855960,855951,9,MPC,length1,9
-3,855885,855882,3,M,length1,3
-3,855849,855843,6,MD,length1,6
-3,855792,855753,39,MLGRGLPQQGILR,length1,39
-3,855504,855432,72,MPKCDSSTMNIGFIHIQIEIFANT,length1,72
-3,855255,855234,21,MSFAFAN,length1,21
-3,854928,854904,24,MIVIASTS,length1,24
-3,854313,854292,21,MFIHCSP,length1,21
-3,854217,854208,9,MTQ,length1,9
-3,853722,853611,111,MKGKQMTKLNVIKILYPEKSVLTAGIIPCGLLSLTIK,length1,111
-3,853431,853080,351,MIQAIEPINVTKTTPCAGVFAIEAIVERNLRICGEVARALPVTTINAICIPKPSKFQKPLPHILTKSTGVLSVNPQAQMNVTKVRNTAKISGSGRYLLTNVVIKRETRLIIIKVLSG,length1,351
-3,852903,852846,57,MYISLEFLRNLTWHNVPCQ,length1,57
-3,852594,852555,39,MQLNQESHFLIEV,length1,39
-3,852405,852402,3,M,length1,3
-3,852378,852357,21,MTSSGGN,length1,21
-3,852324,852267,57,MTVLAAKATSGLKFLADNS,length1,57
-3,852249,852237,12,MSPF,length1,12
-3,852225,852171,54,MAISAFSGSSSKYSLPSI,length1,54
-3,851916,851805,111,MSVRSFTPESKICWTSLAGVPIPINPPNMMLIPSCRC,length1,111
-3,851544,850617,927,MAVLRGVKMMDIRHLRYFVSIVDNDFNLSRASQNLYVSQPALSMMITEFENRENIQIFKRASGKIIGLTFAGENYYRDAKEVIKRYNDMRTNLYKSKDCKKGTITIGIPPLVLSAVFSSVLPHLILKNPDINFIIKEIGAYALKSELLLDKVDLAVLLYPERISKNIIDSIEIHSSELALFLSPKHVLAKKQQITWADLHQQKMAIFDQTFMIHHHLKEAFERNNCYPDIVLDSSCWDFLLSAVKTNKELLTILPLPMAELYHSKEFLCRKIESPVPWKVTLCRQRKTVYTHLEEYIFDKLLEAFRPTK,length1,927
-3,850557,850545,12,MRAV,length1,12
-3,850512,850503,9,MSG,length1,9
-3,850125,850119,6,MH,length1,6
-3,850050,849426,624,MIGLVGRKVGMTRIFNEDGVSVPVTVIEIEANRVTQVKTLENDGYTAVQVTTGSKKANRVTKPEAGHFVKAGVEAGRGLWEFRTEGEEFTLGQEINVDIFADVKKVDVTGTSKGKGFQGGVKRWNFRTQDATHGNSLSHRVLGSIGQNQTPGRVFKGKKMAGHLGAERVTVQSLEVVRVDAERKLLLVKGSVPGAINGDVIVKPAVKA,length1,624
-3,849408,848808,600,MELQVVGANALTVSETTFGREFNEALIHQVVVAYAAGARQGTRAQKTRAEVSGSGKKPWRQKGTGRARAGDIKSPIWRSGGTTFAAKPQDHSQKVNKKMYRGAIKSILSELVRQDRLVVVEKFELDAPKTKVLVQKLKDLAVEDALIITASLDENLFLAARNLYKVDVRDVQGIDPVSLIAFDKVIVTVDAVKQIEEILA,length1,600
-3,848745,848706,39,MLKNLTLLYLKLL,length1,39
-3,848703,848655,48,MRTKLKLLLRLLNYLK,length1,48
-3,848562,848559,3,M,length1,3
-3,848478,848475,3,M,length1,3
-3,847932,847914,18,MCCYNR,length1,18
-3,847488,847449,39,MVVSTFLFMYLMK,length1,39
-3,847008,846303,705,MGQKVHPHGIRLGIVKPWSSTWFANTQDFADNLEGDFKVRKFLNKELANASVSRITIERPAKSIRVTIHTARPGIVIGKKGEDVEKLRNAVSKIAGVPAQINIAEVKKPELDAKLVADSIASQLERRVMFRRAMKRAVQSAMRLGAKGIKVEVSGRLGGAEIARSEWYREGRVPLHTLRADIDYNTAEAHTTYGVIGVKVWIFKGEILGGMAAVAQSEQQPADKPKKAPRGKGRK,length1,705
-3,845877,845688,189,MKAQDLRTKSVEELNAELVNLLGEQFKLRMQTATGQLQQTHQAKQVRRDIARVKTVLTEKAGE,length1,189
-3,845586,845511,75,MVNLSVVQLNYTYTMRTMKPKLVIP,length1,75
-3,845268,845247,21,MVLKRNF,length1,21
-3,844416,844344,72,MNLSKVREESVSFFLQFIFHSINF,length1,72
-3,844110,844080,30,MLLIIQALAA,length1,30
-3,844041,844008,33,MLRLVTSSKLL,length1,33
-3,843969,843963,6,MY,length1,6
-3,843918,843882,36,MAQLFVSMVTLV,length1,36
-3,843753,843444,309,MAAKIRQNDEVIVLTGKDKGKRGKVTKVLPNGKVFVEGINIITKHEKPVPALGKAGGLVKKEAAIDASNVAIFNPKTNKADRVGFRFEDGKKVRFFKSNNEII,length1,309
-3,843429,843390,39,MRWRNCMITTEIK,length1,39
-3,843057,842988,69,MVVVTIAWVCVNKSSSLKSITIK,length1,69
-3,842940,842868,72,MMKKVKHYLLPLISHSVNKAGYNG,length1,72
-3,841752,841662,90,MSISNRNRVERCRQTVDRSSCSRYSCLSPS,length1,90
-3,841470,841392,78,MHKLLHQTVQKCLPLLQLLRKQFVSK,length1,78
-3,841371,841329,42,MLLQQSVKLLQNAH,length1,42
-3,841278,841260,18,MVVSKL,length1,18
-3,840708,840696,12,MNNG,length1,12
-3,839943,839931,12,MRLF,length1,12
-3,839712,839679,33,MRQLFLQRFRQ,length1,33
-3,839631,839592,39,MLDLVFTSLQLLV,length1,39
-3,839340,839310,30,MRSVSKVVKF,length1,30
-3,839265,839262,3,M,length1,3
-3,839193,839175,18,MINLNG,length1,18
-3,839121,839046,75,MLLQLFSSVFSIQQCNIILVIQQII,length1,75
-3,838944,838941,3,M,length1,3
-3,838896,838863,33,MLNFTSVEHLF,length1,33
-3,838797,838785,12,MNLR,length1,12
-3,838722,838611,111,MKVRASVKKMCRNCKIVKREGVVRVLCSDPKHKQRQG,length1,111
-3,838554,838488,66,MSLIFCLSILKTGFSRSEYQIN,length1,66
-3,838218,838191,27,MLSWFTSSS,length1,27
-3,837588,837585,3,M,length1,3
-3,837174,837162,12,MVRS,length1,12
-3,836961,836952,9,MLK,length1,9
-3,836907,836862,45,MHCVVSFCLQCQVVL,length1,45
-3,836844,836781,63,MAYCMNIVVRKVFKKIFLKYF,length1,63
-3,836742,836730,12,MTLF,length1,12
-3,836679,836658,21,MMVMLKL,length1,21
-3,836646,836643,3,M,length1,3
-3,836625,836472,153,MKTLQLVCVYVFSVVEDMFLLHLVHIRKKNVQLVVCLLMLVIVRLNELRIM,length1,153
-3,836409,836262,147,MVHLSQKKQFVVQQQSWRSNLMHSLIYVMFVSLRLRKKNRNLIRFYYVL,length1,147
-3,836259,836253,6,MI,length1,6
-3,836118,836028,90,MFLLLVACHLVCALKIGRQQVLLKTSLVIG,length1,90
-3,836001,835617,384,MRHRKSGRQLNRNSSHRQAMFRNLASALVSHEIIKTTLPKAKELRRVVEPLITLAKVDSVANRRLAFARTRNVETVAKLFNELGPRFAQRAGGYTRILKCGFRAGDNAPMAYIELVDRPEVAEATTEE,length1,384
-3,835470,835452,18,MSCIFI,length1,18
-3,835137,835029,108,MIRCFTKNSTKTKIFISVIKSSQCFFAIFQTMIQTN,length1,108
-3,834756,834558,198,MILQMTLNMDPYEKVLNNMPHKVDYVLYQILELYDVLDILRDMQSETYRFYTVRKEKISLHQNSFV,length1,198
-3,833994,833970,24,MLLRQNEV,length1,24
-3,833700,833661,39,MVYCYGDWGANWF,length1,39
-3,833034,833028,6,MV,length1,6
-3,832722,832704,18,MTEPST,length1,18
-3,832665,832494,171,MTSISSALALKSQRASMYSKPLFIIVAESTEIFLPIDQLGCATACSGVMLVNCSSGV,length1,171
-3,831936,831846,90,MTMFCFCIESLPHFVDYIFIGTSKFAYLIK,length1,90
-3,831708,831675,33,MLFVFADFFVF,length1,33
-3,831315,831306,9,MTF,length1,9
-3,831147,831087,60,MTALQLPKVRLIFLVFLIKL,length1,60
-3,830928,830922,6,ML,length1,6
-3,830709,830667,42,MLHRNMLRKLALVQ,length1,42
-3,830565,830538,27,MHLQLRKSL,length1,27
-3,830397,830382,15,MRRDG,length1,15
-3,829776,829773,3,M,length1,3
-3,829731,829662,69,MSTKQYLLFFHLTRYIYLLENDL,length1,69
-3,829410,829389,21,MLSRSHF,length1,21
-3,829176,829107,69,MSSNAELERSAEQPQKNCTSCAG,length1,69
-3,828789,828699,90,MTNTPLPIILCRLIFSVMLPSTRARARICC,length1,90
-3,828306,828303,3,M,length1,3
-3,827889,827607,282,MPSLSSCISLLYASGKPFKVINIDVNEPITLPVLPRINSQASGFFFCGINDEPEVTRSDSSTKFASPLLKIIISSAKRERCAILREAIESNSTI,length1,282
-3,826635,826611,24,MLQRFLFQ,length1,24
-3,826494,826479,15,MVRLQ,length1,15
-3,826083,826062,21,MYQNGFR,length1,21
-3,826050,825963,87,MNVLPAQFLLCQQLHIHLPRIELTVYPPK,length1,87
-3,825090,825087,3,M,length1,3
-3,823932,823896,36,MTVTNCAANNTT,length1,36
-3,823827,823809,18,MVSNNT,length1,18
-3,823716,823689,27,MLQHSRNTL,length1,27
-3,823542,823467,75,MIAVIVENFSTRTARTCVAHCPEVV,length1,75
-3,823230,823200,30,MVTRGITNIF,length1,30
-3,823191,823050,141,MLTTSTHATLCGGGSRIRAFIHSKEYILKLVHPSVREKQSRIIFRHK,length1,141
-3,823017,822999,18,MEKIKE,length1,18
-3,822027,822018,9,MHI,length1,9
-3,821610,821493,117,MAIKFMQNIAFNFIFKAIWACCLHRFNMPKCRNLSRLLY,length1,117
-3,821379,821256,123,MNFWHMVKCGQIFQYFWQYGSEFFNRIGFIYIKLLWCTLNT,length1,123
-3,820887,820818,69,MVRTYSMISSSASASSSSLSSSL,length1,69
-3,820410,820356,54,MSIIDFLSKCEVSVNLCK,length1,54
-3,820038,819954,84,MQLARFLLPNLNRQLERLVTHKAFAKLY,length1,84
-3,819840,819831,9,MEN,length1,9
-3,819780,819735,45,MYVHARHCLALHFLN,length1,45
-3,819708,819480,228,MQYPYHKSLHIQFLRYYHLLAYRLQTHPHYQENPDRHALNVMKNTQNFYRTFGLSNGVYQNPLHHEAGAFLDYYLI,length1,228
-3,819351,819261,90,MCHLLALYKKAKLRPNPEIEHASHFHFVGL,length1,90
-3,819177,819117,60,MRYTHKKFLLNQSFSRNYPQ,length1,60
-3,818940,818667,273,MLPLVYLNKSNHCSSMLLPHQVLVDFLLRHDEHVLLLTEKVRSILLLFFGIAQLKHLVMLSRQKILLPLHIADGEYCIRLLLNRAVRLNSQ,length1,273
-3,818508,818346,162,MQYPCEKAVNRQVVGRIYPPQLLTLQMNLILKKAAHYQKSLNLHLVESAGNVLG,length1,162
-3,817248,817224,24,MTRLSPRA,length1,24
-3,816756,816744,12,MIKI,length1,12
-3,816696,816684,12,MSLN,length1,12
-3,816678,816648,30,MYLSLPYPEY,length1,30
-3,816570,816516,54,MQMLKPLPCKTPIQLAWW,length1,54
-3,816510,816507,3,M,length1,3
-3,816501,816483,18,MLFLRF,length1,18
-3,816414,816321,93,MQKKSGKQLIPYYVSVVVLLLYILKPYLMMN,length1,93
-3,816261,816240,21,MNIVVSV,length1,21
-3,816192,816108,84,MGINILHISVQITPFLMKLKEEMVILPH,length1,84
-3,815943,815871,72,MKTISAYQANFQLLVLMICRLPVI,length1,72
-3,815820,815808,12,MRLN,length1,12
-3,815463,815442,21,MMITLCL,length1,21
-3,815382,815319,63,MTLKMHNLFKMTKLISYSLKA,length1,63
-3,815193,815175,18,MNRLTM,length1,18
-3,815085,815061,24,MAKSNLYY,length1,24
-3,815037,815010,27,MRKCVQNML,length1,27
-3,814998,814923,75,MRKVSKLNNYLLILVCGMLQWRKIK,length1,75
-3,814920,814851,69,MLGYLALKRTTLKSLFLTTMVWH,length1,69
-3,814794,814770,24,MRYQKHYN,length1,24
-3,814617,814593,24,MLVWIKTT,length1,24
-3,814491,814419,72,MSRQPSAAHNDQCLQVLSGRKSLR,length1,72
-3,814338,814311,27,MFIRYLCQR,length1,27
-3,814182,814161,21,MAWTLST,length1,21
-3,813831,813765,66,MDQHGKRERIHNGTNCWNDGRA,length1,66
-3,812925,812904,21,MRFILCY,length1,21
-3,812604,812598,6,MV,length1,6
-3,812580,812577,3,M,length1,3
-3,812535,812505,30,MVSTHYTMML,length1,30
-3,812406,812385,21,MQLLQHY,length1,21
-3,812295,812280,15,MLLVT,length1,15
-3,812247,812193,54,MPLVVCLKRVVSVLQLTT,length1,54
-3,812181,812175,6,MN,length1,6
-3,812172,812154,18,MLSPLA,length1,18
-3,811977,811938,39,MRRKNKADAILIK,length1,39
-3,811935,811866,69,MKSGQICPLLFYLFNSELRIFMQ,length1,69
-3,811815,811083,732,MLINFTQVLQDSWNFFRNQKKIMLQFVAILFIVQSASALLSFSVNDENKNDVLNLANTDITSFIFSVAITQILTSFIAAWGLTSIHKISLQNYRTLGETFSLTLRRFAGVIVLDLLMVAPMLLGLGEAFAALLTKKSPSIMSLIAMLVGVWFFVRLNLTVVHYLSTQEALSQTIRKIWMRGNTRKGVLFIYTLLVYFLVPILIFQLSAFSNNAIFDMVIGIFTALLNIFMLVVTYRFYSLFMKD,length1,732
-3,810870,810843,27,MKSAICNGK,length1,27
-3,810831,810777,54,MAYLLLFCSSHNFNLKPH,length1,54
-3,810549,810501,48,MAQIQKTERNNVCQFY,length1,48
-3,810267,810240,27,MSQSWAFFH,length1,27
-3,810222,810201,21,MGKKSGE,length1,21
-3,810030,809997,33,MLFLPKIFPIR,length1,33
-3,809898,809796,102,MMKIRVKLVLQVQPLLLNLKIYKRQKTGLHKILM,length1,102
-3,809781,809766,15,MRMLL,length1,15
-3,809445,809367,78,MICLLDFGRQKSPFCRMMIFKENNKQ,length1,78
-3,809364,809349,15,MKSMR,length1,15
-3,809250,809208,42,MLKKITGFKKNKIK,length1,42
-3,809133,809094,39,MLSHVILKRYLNK,length1,39
-3,809034,809004,30,MKSNSGKSPF,length1,30
-3,808986,808923,63,MKTLIFKNGVMNKSDNYRLII,length1,63
-3,808704,808641,63,MSLLRQVLLKLNNFLLSKFLQ,length1,63
-3,808611,808605,6,MV,length1,6
-3,808572,808551,21,MLISQLS,length1,21
-3,808536,808509,27,MPKISNGLN,length1,27
-3,808500,808488,12,MLLL,length1,12
-3,808449,808410,39,MLILNTSMLHYRI,length1,39
-3,808332,808320,12,MRGA,length1,12
-3,808200,808164,36,MNSMENILIIEY,length1,36
-3,808146,808128,18,MQEQIE,length1,18
-3,808086,808032,54,MNLLHLFLFMKLVVMCKM,length1,54
-3,808023,807960,63,MIFTIKFCKIKKTHKSLAKKN,length1,63
-3,807906,807603,303,MYISRNLEQWNAFLQMLKIAFEENKAQEFLTLLLTADERDAVGLRLQIVSQLIDKNMPQREIQQNLNTSAATITRGSNMIKTMDPDFMQWMKQHLDLIEKN,length1,303
-3,807561,807438,123,MVEKKLAASCLLFFFRRFCFVADFSLCTYSIFRLYGTTKNR,length1,123
-3,806547,806529,18,MVITNR,length1,18
-3,806373,806310,63,MWLPPKVHFLQQCVVSVHFSQ,length1,63
-3,806277,806250,27,MSPYDKALR,length1,27
-3,804591,804588,3,M,length1,3
-3,804408,804405,3,M,length1,3
-3,804387,804381,6,MT,length1,6
-3,804372,804342,30,MHHIYAFRSF,length1,30
-3,804126,804069,57,MILNKLHITKWYTVTICHR,length1,57
-3,803928,803904,24,MVIINKNI,length1,24
-3,803694,803532,162,MLHEIFHYILLTKPVPTSNGILEVFIVRIFFFDNCRCTTFCCYSMATHRVYFRN,length1,162
-3,803328,803298,30,MSKDGKDRIL,length1,30
-3,803247,802248,999,MCKIFKTGLKMTALNHWQPSADIKNLLKRAKIIAEIRQFFTERGLLEVETPVLSEFGVTDLHLSTFSTEFLAPFGEQSKTLWLSTSPEYHMKRLLAAGSGPIFQISKVFRNEEAGNRHNPEFTMLEWYRPHFHMHRLINEVDDLLQQILDCPPAESLSYQFVFQEYVGLDPLSAERSELIEAARKHNFMAEDNEDRDTLLQFLFSEVVEPQIGKERPIAVYHFPSTQAALAQVSPEDQRVAERFEFYYKGLELANGFHELADAQEQRHRFELDNQQRQKCELPTREIDERFLAALEAGMPDASGVALGIDRLMMIALDCEKINDVISFAVDNA,length1,999
-3,802206,802194,12,MGDP,length1,12
-3,801864,801858,6,ME,length1,6
-3,801483,801420,63,MFRYHLTLASLHQVKPVYSFH,length1,63
-3,801408,801351,57,MLLIHYLQFQRQNPQVLKV,length1,57
-3,801141,801060,81,MGFCHNPTLIKFYCESMLNWRFIGTLL,length1,81
-3,800703,800673,30,MVRVSVIGSH,length1,30
-3,799851,799782,69,MDSNSSRNTLSIFILSPSTFLTN,length1,69
-3,799356,799221,135,MTFHEKFRGAIGLPFLISLLLFLLAHVMPLSLTGQILSQENFISL,length1,135
-3,799002,798954,48,MVKCHAIGKFSLHQCQ,length1,48
-3,798825,798753,72,MLGQMLICIVRSLCNALISLYLIQ,length1,72
-3,798714,798672,42,MGKNIRKNWRKKVV,length1,42
-3,798669,798663,6,MP,length1,6
-3,798630,798594,36,MHQLRTNLIFCS,length1,36
-3,798573,798468,105,MMRFLMKRCQNLLNLQQAQRNLLIITAQAIVITQA,length1,105
-3,798444,798420,24,MQITPIAF,length1,24
-3,798264,798252,12,MKVR,length1,12
-3,798240,798186,54,MILLKHKKLTHLGLLIWI,length1,54
-3,798177,798123,54,MLKTHQIMTALCKTLILF,length1,54
-3,798063,798057,6,MV,length1,6
-3,798048,798042,6,MK,length1,6
-3,798006,797961,45,MKFKCHCLYIGKIYQ,length1,45
-3,797949,797943,6,MD,length1,6
-3,797934,797913,21,MRIFSLH,length1,21
-3,797835,797796,39,MTGYLPRISAGMW,length1,39
-3,797784,797685,99,MEHNITLIAKGITKNSIKIILSNLQTDRHLEFF,length1,99
-3,797625,797583,42,MDFLPLSLYTHASV,length1,42
-3,797571,797529,42,MLLMKIREFFITLS,length1,42
-3,797295,797280,15,MGFSG,length1,15
-3,797046,797040,6,MV,length1,6
-3,796713,796707,6,MD,length1,6
-3,796581,796578,3,M,length1,3
-3,796566,796515,51,MARIKPISCGLPFPSLR,length1,51
-3,796191,796083,108,MLNSVAIFPLAERTLNKKRDVHVLHRKHTQLKCGHF,length1,108
-3,795969,795894,75,MALENRAVHRRKQESQILHILFDFG,length1,75
-3,795654,795606,48,MKFWNFYSFIGLKTRI,length1,48
-3,795573,795549,24,MNQVSKNH,length1,24
-3,795546,795540,6,MN,length1,6
-3,795534,795528,6,MK,length1,6
-3,795504,794781,723,MVQINMSQFLVSKKITKKILKPHCSVLAVSLNKRKEMKKVLLALGLGVSTLMSVNSFAADLQEGKQYVQVSQQASQQKEVIEFFSFYCPHCYAFEMEYKIPQQVVDALPKDVKFKQYHVNFLGHQSENLTRAWALAMALGAESKVKSPLFEAAQKDALKSMDDIRAIFLSNGITAEQFDGGINSFAVNGLVNKQVNAAEQFKVRGVPDFYVNGKFRVNPEGLNYDDFVKDYVQTVKGLLQK,length1,723
-3,794763,794739,24,MPALFCKY,length1,24
-3,794280,794253,27,MNDSSSYTL,length1,27
-3,794238,793149,1089,MQLPISQYNELLQKKLEKLTALLHPFNAPDIQVFDSPTSHYRMRAEFRIWHEQDDFYHIMFDQATLQRYRVDEFPIASMLINRMMQTLLPLLKQQEVLHKKLFQIDYLSTLSNKIIVSLLYHKTLTEEWESAAKNLKDLLEKQDFDVQIIGRASKQKICFEQDYVDEVLPVNGRNYVYRQVENSFTQPNATVNCKMLEWAIDCTQNSEGDLLELYCGNGNFSIALAQNFRKVLATEIAKPSVAAAQFNIAENKVDNLQIIRMSAEEFTQAMNGVRAFNRLKGIDLKSYECNTIFVDPPRAGLDPDTVKLVQNYDRILYISCNPHTLCDNLVELSKTHRIEKAALFDQFPYTDHMESGLWLIRK,length1,1089
-3,793065,793023,42,MKRAHLHLFKPMTV,length1,42
-3,792981,792915,66,MLILLVAQWLTVVNSVVDVEKP,length1,66
-3,792867,792852,15,MQQLV,length1,15
-3,792843,792831,12,MPLC,length1,12
-3,792765,792759,6,MV,length1,6
-3,792741,792699,42,MRKSARCCNKICTC,length1,42
-3,792696,792603,93,MFSILMNLILIAIMPMWFISIQCIRINKNLH,length1,93
-3,792552,792519,33,MLMNCFYLHSN,length1,33
-3,792483,792372,111,MRNFFVENNRTLAVKRKIIALIFIWEHPNAKRKCRCY,length1,111
-3,792342,792306,36,MPIPKCLWPMCS,length1,36
-3,791853,791829,24,MMWQKLLF,length1,24
-3,791808,791787,21,MASNRFS,length1,21
-3,791748,791736,12,MLAL,length1,12
-3,791694,791610,84,MWLTIGLGIVSLLAIGGLIFANYVAKHS,length1,84
-3,791334,791313,21,MMNAGRL,length1,21
-3,791151,791022,129,MCSQLQRIIPLKLTALCWILTAFRKLPILLKIGCTIFTEHDDY,length1,129
-3,790566,790524,42,MVSHSRQLALDFFN,length1,42
-3,789498,787851,1647,MLMKLKATLTLAAATLVLAACDQSSSANKSTAQTEAKSSSNNTFVYCTAKAPLGFSPALIIEGTSYNASSQQVYNRLVEFKKGSTDVEPALAESWEISDDGLSYTFHLRKGVKFHTTKEFTPTRDFNADDVVFSFQRQLDPNHPYHNVSKGTYPYFKAMKFPELLKSVEKVDDNTIRITLNKTDATFLASLGMDFISIYSAEYADSMLKAGKPETLDSRPVGTGPFVFVDYKTDQAIQYVAHENYWKGRTPLDRLVISIVPDATTRYAKLQAGTCDLILFPNVADLAKMKTDPKVQLLEQKGLNVAYIAFNTEKAPFDNVKVRQALNYAVDKKAIIEAVYQGAGISAKNPLPPTIWSYNDEIQDYPYDPEKAKQLLAEAGYPNGFETDFWIQPIIRASNPNPKRMAELIMADWAKIGVKTNPVTYEWADYRKRAKEGELTAGIFGWSGDNGDPDNFLSPLLGSSNIGNSNMARFNNSEFDALLNEAIGLTNKEERAKLYKQAQVIVHNQAPWIPVAHSVGFAPLSPRVKGYVQSPFGYDAFYGVSVDGK,length1,1647
-3,787773,787707,66,MLNNFNLSIMLCIISIGYDSVE,length1,66
-3,786747,786732,15,MLHTF,length1,15
-3,786579,786327,252,MRSGVLPKYFAAVADASAREMGSVQPRAGTTSCLTMWSNGFSISLSLSKFILTYPINALHPNFDLHRLLRSTEQLIPMHLPFVV,length1,252
-3,785865,785802,63,MIHRRFQQPWSDEYPCLERRR,length1,63
-3,785706,785574,132,MLVEYDDLLHSESGYFVSLDHLMINVLSLSPLDDKRYALVPFVS,length1,132
-3,785451,785421,30,MAHLLAFFVK,length1,30
-3,785361,785298,63,MADLLIRKLVLQVRLILWQFR,length1,63
-3,785226,785088,138,MVIPLFYTIQQALVLVAISTTVLVVISLSHPHLLLRIQWLVLMEFD,length1,138
-3,785046,785040,6,MR,length1,6
-3,784785,784731,54,MVNKRLRHFQEQKIYPLN,length1,54
-3,784365,784167,198,MYKKDRHWVFQPIIFHLVFSPHELAVPLLFQDWHKFQPCFLCLVVNQVRFFRPRQQRQECYLHYRP,length1,198
-3,783996,783768,228,MLVVREYRSHHLPQSLPPLKAECPMHESYRAKAEFVCVNHQALAGDEIYTVQTFHREMFSLLHQKQRLYELAVLVR,length1,228
-3,783684,783621,63,MHDINKKNHPLAQADLLQFGP,length1,63
-3,783573,783549,24,MVMSEWRV,length1,24
-3,783420,783372,48,MYPLNKKNYCAKLRVI,length1,48
-3,783165,783102,63,MIKLESFCRFISNSLNLTNKC,length1,63
-3,782847,782286,561,MNTQKRQQIRAEIRKIRANLTALQQQQAAQSVTQQALNLIEQRQAKNIALYFSFDGEISTKALIQSLWMQNKNVYLPVLHPFTKHYLLFLRYLPDTPMKQNQFGIWEPKLNVQNVLPLNELDILFTPLVAFDKKGNRLGMGGGFYDRTLQNWQNKSFIPVGLAHQCQQVENLPTEHWDVPLFDILVD,length1,561
-3,782196,782148,48,MRMAKAEIKLRKAYEH,length1,48
-3,781878,781872,6,MR,length1,6
-3,780774,780765,9,MEI,length1,9
-3,779355,779010,345,MVSVASPAVPTTQILWFCCKSRSVRERLVTRINGTVSAAPQATLRAIDVNCADLSFGTITATAPAASAVRRQAPKLCGSVTPSKTNKSGFCLFARISSRSFSLSSFAACTRAMTP,length1,345
-3,778566,778530,36,MYCFNFDTNFIA,length1,36
-3,778443,778437,6,MD,length1,6
-3,778350,778275,75,MILHIFTFQPISHFTSCVVGTAFRH,length1,75
-3,778233,778179,54,MITACIGGFTFCALFFSE,length1,54
-3,778161,778152,9,MKC,length1,9
-3,778020,777993,27,MIRPFFNLF,length1,27
-3,777882,777870,12,MNTI,length1,12
-3,777855,777675,180,MFFHKIGCCDIRKNHTFLNDFVGIVTNNGFNTLNSPHCIENKLSFNGFKIDRTTLMTRTK,length1,180
-3,777642,777612,30,MRHQRRITSA,length1,30
-3,777375,777348,27,MRFYIQSGT,length1,27
-3,777291,777225,66,MFFTINGIIKIPRIFAINGHKR,length1,66
-3,777132,777069,63,MGNIVVTQGDFHFHSFRHIIA,length1,63
-3,776973,776901,72,MFIRHENISANSAVIRHYIAKTVF,length1,72
-3,776787,776751,36,MHDSLHLMVWNE,length1,36
-3,776703,776679,24,MTNYRAFK,length1,24
-3,776445,776427,18,MRILAD,length1,18
-3,776064,776043,21,MNGSALW,length1,21
-3,775809,775803,6,MT,length1,6
-3,775767,775602,165,MIFLASSAPKMRTVKSVAKKINGNVSVPQVLWKEKSFAAPSAVNFSVISKGICTK,length1,165
-3,775587,775536,51,MMNMWKKLSQMIARRFC,length1,51
-3,775506,775443,63,MLYLFSLNKSGLGNPRLNIGS,length1,63
-3,775440,775398,42,MIRIFLIIARVDCI,length1,42
-3,775383,775368,15,MKIDE,length1,15
-3,775290,775176,114,MNILNECFHNMIAIKIQFRNLNSGRKKQFMRKSMSQLQ,length1,114
-3,775158,775122,36,MNKVAPIAEWFC,length1,36
-3,775110,775032,78,MNKVLFFLPIILAEKVAVLSAILMSR,length1,78
-3,774741,774651,90,MIAFVIVKKVIIGLEKDFLLSKLSIKITAL,length1,90
-3,774132,773994,138,MVIKSPRKPINPRLGIMYSKRTRPLPSGNISRTSPLRIPNASITEP,length1,138
-3,773685,773565,120,MVTVGSSTVNDGSASTVLISQIVSEIFNSPKPVIATISPA,length1,120
-3,773478,773409,69,MIVTGWFGLIEPRLIRPMPITPT,length1,69
-3,772974,772962,12,MLMR,length1,12
-3,772926,772836,90,MVMPRSFSRSFESITRSSTSPRADSKVPDC,length1,90
-3,772785,772737,48,MAMLRSFLISISFFII,length1,48
-3,772410,772290,120,MGYSVVIKENNYIEDFLAKYSKYLHHNVFVRNKVHLNHIP,length1,120
-3,772212,772146,66,MRKDSLFLDKNQCLSNKDLYNP,length1,66
-3,772113,772110,3,M,length1,3
-3,771957,771948,9,MIE,length1,9
-3,770079,770067,12,MSLT,length1,12
-3,769992,768951,1041,MSNTNRTILVTGGAGFIGSALVHYLLEKTHNKIVNVDKLTYAGNLASLKTVENHPRYAFVQADICDTKALSYIFSQYQPDAVIHLAAESHVDRSINASSEFIQTNIVGTYCLLESTLDYWHRLDNQKKSSFRFLHISTDEVYGDLKSNEGLFTETSAYKPSSPYSASKAASDHLVQAWYRTYGLPTIITHSSNNYGPYQYPEKLIPLMILNAIEGKTLPIYGDGLQIRDWLFVEDHIDALYNVLMKGNIGETYNIGGNNEKSNIDVVRSICSLLEEFLPNKPKHIDKYEDLICYVQDRPGHDLRYALDTSKINHKLGWIPKETFESGLRKTVIWYLNHQEWCQKVSE,length1,1041
-3,768684,768618,66,MGFRILLGVLSRFLYRKTRLRD,length1,66
-3,768564,768537,27,MWRFCAWDY,length1,27
-3,768129,768102,27,MLRREFDKQ,length1,27
-3,767640,767532,108,MGCWGDRDWCANFSKFNVIKIIEVRRYDDRKNFFDY,length1,108
-3,767088,767052,36,MLTKLDFLKVYR,length1,36
-3,766464,766419,45,MDNLQLLVWRLKRHE,length1,45
-3,766290,766284,6,MI,length1,6
-3,765798,765783,15,MHQYS,length1,15
-3,765387,765369,18,MHQNDH,length1,18
-3,765093,765078,15,MKLQQ,length1,15
-3,765009,764994,15,MTPKP,length1,15
-3,764541,764340,201,MTLLFTAVFATTEFNDFNFLATTLCNYFSHYFCASNYWCTNFNIFTINDHQHRIELNCCASCKFKFF,length1,201
-3,763962,763953,9,MYR,length1,9
-3,763794,763785,9,MMS,length1,9
-3,763782,763713,69,MSLICVVGVLRRMLNLAMRRVCW,length1,69
-3,763635,763620,15,MRLMF,length1,15
-3,763590,763548,42,MLMIPKRAKLIICV,length1,42
-3,763449,763377,72,MGVILALHFSSWMMYWIIVQMHKL,length1,72
-3,763368,763365,3,M,length1,3
-3,763359,763353,6,MI,length1,6
-3,763308,763284,24,MEMLNRQL,length1,24
-3,763239,763230,9,MKY,length1,9
-3,763155,763113,42,MQSKFCQKVNINKR,length1,42
-3,762657,762648,9,MGA,length1,9
-3,762348,762318,30,MARRDGSSKN,length1,30
-3,762156,762030,126,MITFRNPISAIRFGKAIKPFTISAIIHIKFKCKNAPKPTNII,length1,126
-3,761784,761646,138,MMVSKNVPVMEIKPCRTGSRVCAAAAAIGALPKPDSLEKMPRATPD,length1,138
-3,761259,761256,3,M,length1,3
-3,760917,760827,90,MSRGAPQIKLSIAERIDSIVIVIPRRLNQK,length1,90
-3,760137,760080,57,MYFLFLDATLCDAIDYVRG,length1,57
-3,759555,757818,1737,MKKLFLFFTLIFTAFAANSGLFDKKQTFLKVDDAFAFSATLSTDKSQLQAHWDITDGYYLYQDKISAELVGKSNPLSLHTQQAAELHQDPYFGEVKVFTHSIDGIFRGTFNNADDKVEITYQGCTEGFCYPPETKVLRIGDLAVSQKQIVEKTVEKNTALLSEQDRLADGLFHSKWTIFGFFVLGLGLAFTPCVLPMLPLLSAIVIGQQQRPNMMRAFSLAFLYVQGMALTYTLLGLAVAAIGLPFQIALQHPYVMIGLSILFVALALSMFGLFTIQLPNSLQNKLNTWSQKQTSGAFGGAFAMGMIAGLVASPCTSAPLSGALLYVAQSGDLFTGAVTLYLLALGMGVPLMLITLFGNKILPKSGEWMNTVKQTFGFVMLALPVFLLSRILPEVWEPRLWAGLATVFFIWFALQMSKNGFGYAIKIISFALAMVTVQPLQNWIWQTQTTTQSAVENMPVSQVKFKQIKNTEELDRTLAENPHSIAMLDLYADWCVACKEFEKLTFSDPQVQQQFQNILLLQVNMTKNSPENKALMERFNVMGLPTILFFDQQNNEIKGSRVTGFMDADAFSNWIEKLL,length1,1737
-3,757704,757302,402,MNNLEKYRPYFLAFLRIVVAYMFILHGTAKFLEFPISMTGGNGAVGDPMLLVAGVIEIVGSILLILGLFTRQAAFILSVEMAYAYFFLHVAGKGNLFFPIANGGELALLYSLLFLYFVFSGAGACALDNKFFKK,length1,402
-3,757254,757158,96,MWAFLCLKFIVFLPHFKKLYLIFSIFKQTFAL,length1,96
-3,757128,757071,57,MKGKYNGRSSNSSGFTECV,length1,57
-3,756285,756270,15,MRERI,length1,15
-3,756231,756213,18,MWRGVR,length1,18
-3,756006,756000,6,MW,length1,6
-3,755997,755907,90,MDFSFRTFGFQTCKRRFISTRCGFRYGWRG,length1,90
-3,755622,755565,57,MCDPSRWFNARSRSHRCGG,length1,57
-3,755418,754131,1287,MNILIIGNGGREHALAWKVAQSPLADKVFVAPGNAGTALEHKVENVNISATDIPALVKFAQDKQIGLTIVGPEAPLVIGVVDAFREAGLKIFGPAKAAAQLEGSKAFTKDFLARHKIPTAEYQNFTEVEPALTYLREKGTPIVVKADGLAAGKGVIVAMTLQEAEDAVRDMLSGNAFGEAGSRVVIEEFLDGEEASFIVMVDGKNVEPMATSQDHKRVGENDTGLNTGGMGAYSPAPVITPEIHSRIMKEVIYPTVNGMAAEGSVYTGFLYAGLMIMPNGQPKVIEFNCRFGDPETQPIMLRLKSDLVELCLKACDGKLDEVISQWDPRASLGIVLAAEGYPKDYRKGDEISGLPKSAVKNEKVFLAGVAEQEGKLVTNGGRVLCVTALGESVFEAQQKALKLAEQIQWSGRFYRRDIGYRAVEREQAK,length1,1287
-3,753762,753687,75,MYIMQYTNLGLDLLITHLHLKKLMR,length1,75
-3,753681,753672,9,MLA,length1,9
-3,753546,753540,6,ML,length1,6
-3,753531,753459,72,MFLFERIQQNPMSVLFHLTLFILD,length1,72
-3,753408,753357,51,MRYFLYLIFLFIINLSL,length1,51
-3,753159,753126,33,MQFLIQMEYNR,length1,33
-3,753045,753033,12,MICI,length1,12
-3,753003,752967,36,MIFVFQIMKGIL,length1,36
-3,752907,752847,60,MVIILLFYIIEGVIFPMGHY,length1,60
-3,752844,752784,60,MKKRRCLEKITQQIIMIILF,length1,60
-3,752697,752685,12,MVNM,length1,12
-3,752652,752628,24,MKIIILCH,length1,24
-3,752610,752592,18,MKKYRN,length1,18
-3,752475,752442,33,MEIFSQVMLDT,length1,33
-3,752427,752382,45,MVNKSMFIKLDAMMN,length1,45
-3,752352,752343,9,MKF,length1,9
-3,751788,751785,3,M,length1,3
-3,751017,750942,75,MIYFLSLIICLAAINIAAYFLWEII,length1,75
-3,750852,750768,84,MRMWLLEKSSRKIPPYCQKLLNILGLKF,length1,84
-3,750714,750693,21,MMKINCG,length1,21
-3,750552,750549,3,M,length1,3
-3,750435,750429,6,MM,length1,6
-3,750420,750372,48,MILNWPKTYRTCSKRC,length1,48
-3,750330,750126,204,MPDEMIEVPCPICQKSVPWINESTFRPFCSKRCQLIDLGEWAAEEKAIPSDTADFAMDPNVSDGWSIK,length1,204
-3,750045,750021,24,MLNVILLF,length1,24
-3,750006,748761,1245,MQQDYLSQQRFSALPLHPIVRGALAKKGFDFCTPIQALSLPISLNGRDVAGQAQTGTGKTMAFLTATFHHLLTHQDPNLEYPHPRTLILAPTRELAVQISNDAEFLAKASGLKTALAYGGDGYDKQLQVIERGVDILIGTTGRVIDYVKQGVIGLDEIQVVVLDEADRMFDLGFIRDIRYLLRKCPAPQARLTMLFSATLSYKVRELAFEDMNDPEYIEIEPEQKTGHRIKEELFYPSNQDKMALLLTLMEDEWPERCIVFANTKHRCEEIWGYLAADGHRVGLLTGDVAQKKRLSLLKQFTDGDLDILVATDVAARGLHISDVTHVFNYDLPDDREDYVHRIGRTGRAGESGVSISFACEEYAMNLPGIEEYIGHSIPVSQYETEALLELPKPYRLKRAVPPQGHTRHRSYHTK,length1,1245
-3,748731,748629,102,MMKSAVNFDCILYSYFLYPPLFIIHLMGLRITYR,length1,102
-3,747660,747615,45,MQVRFLKYLCKMDKM,length1,45
-3,747510,747498,12,MWVY,length1,12
-3,747489,747435,54,MLYHVKKWITQKRLMTLN,length1,54
-3,747375,747357,18,MAKQVL,length1,18
-3,747336,747333,3,M,length1,3
-3,747330,747306,24,MLEQKLCV,length1,24
-3,747261,747255,6,MI,length1,6
-3,747213,747141,72,MLAWAKHFQLESLRLNLPLIHQQV,length1,72
-3,747135,747024,111,MFRLLLILKMGINCFQVCSLAYALHFQLKQIKLSFHK,length1,111
-3,747003,746754,249,MAKLPIYLNHYLKKKKEKCQVMKNWIVSIVRNRSPYLLKIVKVFMLNYREMKLKREIKLLQAVSKVLVMEVLWNGLKKTLWVQ,length1,249
-3,745224,745191,33,MDGRTRRTYLR,length1,33
-3,743496,743481,15,MIHLC,length1,15
-3,743238,742626,612,MQQAITQQEKAQPKSVLPNRPEEVWSYIKALETRTVPVDNNPASVEQNMRLTEEQRQVLIQIERDQKAADEARKLAEQQRIEDATRTQSKKTEDMKNTEAEIVKLESIKKQDSQKIESAKKVEQIKTVNNVRDSKKFGLQCGAFKNRAQAENLQGRLQMTGLNAQIQTNGEWNRVRVVSFDTRELAVQAQSRAKTVTDCVVIGM,length1,612
-3,742608,742557,51,MPSTKRWFCKPNHNKQS,length1,51
-3,742434,742386,48,MVKTLGNWVIRINVFC,length1,48
-3,742269,742209,60,MRRQARQRYCSKWHKETGHR,length1,60
-3,741990,741975,15,MEDLL,length1,15
-3,741888,741801,87,MEKRNIHYRIVICQFPNNQGNQTNDSNNG,length1,87
-3,741684,741639,45,MNNFTFSVSQNLPAD,length1,45
-3,741588,741561,27,MDIIANPSA,length1,27
-3,741066,740988,78,MAVLLNDRFNQIFYRTFIIFKCISRK,length1,78
-3,740721,740685,36,MDFYWLTNAHIR,length1,36
-3,740148,740094,54,MDFIHIVSINLRYITCNL,length1,54
-3,739863,739833,30,MGYLKLSKIK,length1,30
-3,739821,739812,9,MKL,length1,9
-3,739272,739251,21,MLSPQLN,length1,21
-3,739248,739242,6,MS,length1,6
-3,739170,739140,30,MPILRTWKGL,length1,30
-3,739026,739011,15,MMDFV,length1,15
-3,738864,738837,27,MISISGNFY,length1,27
-3,738798,738771,27,MREILYTLF,length1,27
-3,738744,738729,15,MKMMR,length1,15
-3,738699,738681,18,MTIYRH,length1,18
-3,738480,738423,57,MLRLALELKPLLLQVIAQM,length1,57
-3,738405,738357,48,MNKILVQNLLHTNLID,length1,48
-3,738285,738207,78,MPFLNKINLYYPLVLLTWKGVFRVVK,length1,78
-3,738144,738132,12,MLYN,length1,12
-3,738099,738093,6,MF,length1,6
-3,738087,738051,36,MNMVRWQCIVMI,length1,36
-3,737364,736572,792,MFTFILLCLLVGALAGFLAGLFGIGGGLVIVPTLVYLLPIVDVPESLLMSTALGTSFATIVITGIGSAQRHHKLGNIVWQAVRILAPVIMFSVFICGLFIGRLDREISAKIFACLVVYLATKMVLSIKKDQVTTKPLTPLASVIGGILIGMASSAAGIGGGGFIVPFLTARGINIKQAIGSSAFCGMLLGISGMFSFIVSGWGNPLMPEYSLGYIYLPAVLGITATSFFTSKLGASATAKLPVSTLKKGFALFLIVVAINMFLK,length1,792
-3,736479,736473,6,MV,length1,6
-3,736368,736239,129,MVLWGCLLADVLAMYFSIISIISYKNHFIYSAFGKVECRSTVA,length1,129
-3,736083,736068,15,MCLGQ,length1,15
-3,736056,736005,51,MILFYCLVIHHNFMKPF,length1,51
-3,735915,735819,96,MVSSVLLWNMCVNLKLKISLGLLHEGKPFAYQ,length1,96
-3,735687,735642,45,MNVQVSIASRSLMQI,length1,45
-3,735636,735609,27,MMWRIINFR,length1,27
-3,735543,735483,60,MTMPLISAHLARKLGMLMRM,length1,60
-3,735480,735378,102,MQLGLQIRIVEALMIWGAYMVCKAEHGVSLMEKP,length1,102
-3,735333,735315,18,MIEERF,length1,18
-3,735198,735183,15,MFRLD,length1,15
-3,735090,735060,30,MRIFMKISLS,length1,30
-3,734955,734865,90,MILKSLAINLMSQLNILFPSNGCSKSAVRI,length1,90
-3,733698,733692,6,MY,length1,6
-3,733524,730821,2703,MSILTRIFGSRNERVLRKLKKQVVKINKMEPAFEALSDDELKAKTQEFRDRLSGGETLQQILPEAFATVREASKRVLGMRHFDVQLIGGMVLTNRCIAEMRTGEGKTLTATLPCYLIALEGKGVHVVTVNDYLARRDAETNRPLFEFLGMSVGVNIPGLSPEEKRAAYAADITYATNSELGFDYLRDNLAHSKEERFQRTLGYALVDEVDSILIDEARTPLIISGQAENSSELYIAVNKLIPSLIKQEKEDTEEYQGEGDFTLDLKSKQAHLTERGQEKVEDWLITQGLMPEGDSLYSPSRIVLLHHVMAALRAHTLFEKDVDYIVKDGEIVIVDEHTGRTMAGRRWSDGLHQAIEAKEGVDVKSENQTVASISYQNYFRLYERLAGMTGTADTEAFEFQQIYGLETVVIPTNRPMIRDDRTDVMFENEQYKFNAIIEDIKDCVERQQPVLVGTISVEKSEELSKALDKAGIKHNVLNAKFHQQEAEIVAEAGFPSAVTIATNMAGRGTDIILGGNWKAQAAKLENPTQEQIEALKAEWEKNHEIVMKAGGLHIIGTERHESRRIDNQLRGRSGRQGDPGSSRFYLSLEDGLMRIYLNEGKLNLMRKAFTVAGEAMESKMLAKVIASAQAKVEAFHFDGRKNLLEYDDVANDQRHAIYEQRNHLLDNDDISETINAIRHDVFNGVIDQYIPPQSLEEQWDIKGLEERLSQEFGMELPISNWLEEDNNLHEESLCERIVEIAEKEYKEKEALVGEDAMRHFEKGVMLQTLDELWKEHLASMDYLRQGIHLRGYAQKDPKQEYKKESFRMFTEMLDSLKHQVITTLTRVRVRTQEEMEEAERARQEMAARINQNNLPVDENSQTTQNSETEDYSDRRIGRNEPCPCGSGKKYKHCHGSRVARQ,length1,2703
-3,730482,730434,48,MDWRTFWARGARRFLG,length1,48
-3,730338,730305,33,MWFKVILKDLV,length1,33
-3,729939,729762,177,MWLLTHFFGYLFIRINKRSIIYRWYGFHAFLYCYCNAITRRKGAYFYVKRTTRNFDINF,length1,177
-3,729624,729591,33,MANEPTISFNF,length1,33
-3,728811,728793,18,MCRIRY,length1,18
-3,728256,728151,105,MIKIISLSFIRNSVQIQLASMKLSKSPPCFHCCLI,length1,105
-3,727932,727929,3,M,length1,3
-3,727866,727839,27,MTNSRLMAH,length1,27
-3,727776,727746,30,MTKNSKSLIV,length1,30
-3,727644,727437,207,MQGFKLSKWKNPCLLTNRNGIMNLKIYHTDHHCYLSKQEKWRNKQNKLVFNRTLWYKSPRCFCLSKAVF,length1,207
-3,727371,727311,60,MWRLNPNKRKILWHKFQCAT,length1,60
-3,726861,726801,60,MRYSLSVQTTNISLLKKQTT,length1,60
-3,726726,726633,93,MMRLVLSNFTFLQLQQRLKKVVVTKLKLLKN,length1,93
-3,726480,725631,849,MAEITASLVKELRDRTGAGMMECKKALVEANGDIELAIDNMRKSGQAKAAKKAGRVAAEGVILARVENGFGVLVEMNCETDFVAKDAGFLGLANEVADFAAANKGTTIEALQAQFEEKRAALVAKIGENMNIRRVAYLDGQVIAQYLHGAKIGVLVAGEGSADELKKVAMHVAASKPEFVNPEDVSAEVVEHERQIQIDIAINSGKPKEIAEKMVEGRMKKFTGEVSLTGQAFVMDPSVSVGDFLKSVNTSVSNFIRLEVGEGIEKKEEDFAAEVAKITGGNA,length1,849
-3,725607,725589,18,MLVSPI,length1,18
-3,725475,725442,33,MMGYQLRNFLF,length1,33
-3,725424,725406,18,MYAINA,length1,18
-3,725271,725241,30,MTINHTCTTN,length1,30
-3,725169,725103,66,MNIMRNLTKVIDNHIIFNNRGI,length1,66
-3,724929,724893,36,MVNSDISPELSA,length1,36
-3,723942,723882,60,MLKNITCINKSNFFFSCSIA,length1,60
-3,723282,723267,15,MPPAV,length1,15
-3,723006,722979,27,MPLPLNFID,length1,27
-3,722142,722061,81,MRALRRSYCKPSFTSMVTLTFVFSSFS,length1,81
-3,721611,721566,45,MIDLATTLTTSTSPS,length1,45
-3,721179,721167,12,MTAI,length1,12
-3,720096,720036,60,MDFYTALSRCPKVTIFVNGY,length1,60
-3,719898,719862,36,MTRNQLATVFNS,length1,36
-3,719742,719718,24,MNKDKSKH,length1,24
-3,719550,719535,15,MGIVF,length1,15
-3,719367,719340,27,MLFKHTPCI,length1,27
-3,718950,718887,63,MRCSPLVRINKSTGGAFWVAR,length1,63
-3,718416,718389,27,MATCFGIFV,length1,27
-3,718161,718143,18,MLQKCG,length1,18
-3,717828,717756,72,MDVRKHCLHEKTTSAFRLWFRLGS,length1,72
-3,717723,717702,21,MGTMVLH,length1,21
-3,717555,717537,18,MVYQNY,length1,18
-3,717492,717486,6,MA,length1,6
-3,716433,716346,87,MSRYGACRCFLLHQPNQRAYLGKPNPSDP,length1,87
-3,716154,716064,90,MARIWRRRCETFLRTCLEFGISISTESSKN,length1,90
-3,715809,715791,18,MASSWQ,length1,18
-3,715767,715701,66,MGKSRRRCNGRRRKTYCGTSKR,length1,66
-3,715443,714942,501,MIKSIKTLLLIATLAILSACGWHFQQSVTMPNEWRTLALESDDPYNDFTVIMRRKLQENQVNIVNVKQNIPILRINKQITSDQVASIFKHGREAEKLLILEVEATFRLANGESYPINAKVNRTFFDNARAALAKSEEREVIWNDMREQVARQLIVKIIALQNQIKSK,length1,501
-3,714870,714747,123,MGKILYYLVKLRILFVKWQTSKVLMKKIAFRLIAKLIGCNL,length1,123
-3,714624,714603,21,MSCLFYR,length1,21
-3,714546,714534,12,MNQM,length1,12
-3,714453,714372,81,MPIMKQFNNFVIVMKITCSLLNKLCSF,length1,81
-3,714279,714270,9,MLC,length1,9
-3,714216,714132,84,MCNLLFYYAHYSENYLRCLNSQNHSNVL,length1,84
-3,713955,713922,33,MKCGSNSLIYL,length1,33
-3,713835,713793,42,MVPPTGLEPVTKRL,length1,42
-3,713706,713487,219,MIDEKSTIPFYIIEALKYQLLVRITLVTYLKSLIGFGVVLDLQHLPSRYQRNCLLAHVSLLIYPILRCNRLVR,length1,219
-3,713463,713406,57,MPVPLQQGLFLLALRKRLN,length1,57
-3,713208,713187,21,MHGNDRA,length1,21
-3,713124,713097,27,MKHNLLGIH,length1,27
-3,713025,713016,9,MLC,length1,9
-3,712965,712836,129,MHLMPHDVMQMGLRYLLVLGRCRRYPLRCQIYPLKRPHLPLKT,length1,129
-3,712584,712506,78,MCQVVVGTTRFLSVVNDQPVFVLSRF,length1,78
-3,711918,711852,66,MHLPQYRSASFWSVDLQFSHDE,length1,66
-3,711627,711564,63,MISPLGLIPLQRYPQKRSLML,length1,63
-3,710733,710703,30,MPSVIPYRSN,length1,30
-3,710175,710079,96,MIKLPAQLATTTIRSNKKILGLLSIKSLNFLR,length1,96
-3,709617,709548,69,MQECLNSHLLSSYQILHCYRVNE,length1,69
-3,709527,709518,9,MKS,length1,9
-3,709467,709374,93,MARYLGMFLHKKEWVCSFCSPKVRSNFTALF,length1,93
-3,709278,709266,12,MRKI,length1,12
-3,708972,708945,27,MYMAKRSKP,length1,27
-3,708792,708744,48,MSFCVGSKPSISSEPK,length1,48
-3,708531,708432,99,MVQPWFAQYSCRAKIIPWNVFTLNFVLIIVDLM,length1,99
-3,708423,708399,24,MLVLYLNP,length1,24
-3,708378,708342,36,MRLKIRLYKDIK,length1,36
-3,708186,706662,1524,MSSQCPFSHLAATNLTMGNGAPVADNQNSLTAGPRGPLLSQDLWLNEKLADFVREVIPERRMHAKGSGAFGTFTVTHDITKYTRAKIFSEVGKKTEMFARFTTVAGERGAADAERDIRGFALKFYTEEGNWDLVGNNTPVFFLRDPRKFPDLNKAVKRDPRTNMRSATNNWDFWTLLPEALHQVTVVMSDRGIPASYRHMHGFGSHTYSFWNEAGERFWVKFHFHTQQGIKNLTDAEAAAVIASDRESHQRDLYEAIERGDFPKWTLFVQIMPEADAEKVPYHPFDLTKVWPKKDYPLIEVGEFELNRNPENFFADVEQSAFAPSNLVPGIGASPDRMLQARLFNYADAQRYRLGVNYRQIPVNRPRCPVHSNQRDGQGRVDGNYGSLPHYEPNSFSQWQQQPDFAEPPLRINGDAAHWDYRNDDNDYFSQPRALFNLMNADQKQSLFNNTAAAMGDAPDFIKYRHIRNCHWCDAAYGEGVAKALGLTVEDALKARDTDPALGQGGLL,length1,1524
-3,706413,706362,51,MRYKMAIIPRHCSKIFA,length1,51
-3,706086,706053,33,MIRITRPKFCQ,length1,33
-3,705987,705963,24,MASKLSVA,length1,24
-3,705855,705819,36,MNIPTCVISHIS,length1,36
-3,705765,705714,51,MEICFATLLFQKLEMFY,length1,51
-3,705705,705585,120,MNPVKLITMFQALNLLQPLPLDNRCLQQRCWCIGVIFKHF,length1,120
-3,705486,705438,48,MIIFIIAFFNFIRRKI,length1,48
-3,705426,705384,42,MQFISCILNAINFR,length1,42
-3,705348,705297,51,MRSITGRQVIIIKSNIK,length1,51
-3,705228,704994,234,MSIIWATKTTTRYRFAIHASCISFHEHWFSNRTIRLRLHNLPCWCGDSSISRMIAWAKETTNCTSRHIPYNATSNCGS,length1,234
-3,704514,704484,30,MRIAINKQQG,length1,30
-3,704439,704424,15,MMIRG,length1,15
-3,704313,704268,45,MLKYCRMCSHLLWRS,length1,45
-3,704241,704238,3,M,length1,3
-3,703443,703353,90,MPLDFNTFARLWNTSAPIRSASRNVFAPTG,length1,90
-3,703347,703269,78,MNSWISTLLSACSPPLMMFIIGNGIE,length1,78
-3,703239,703236,3,M,length1,3
-3,703119,702915,204,MIWSISAWFVASLPTIACAISLFTAATAFNTPLPKKRDLSPSRNSNASREPVDAPDGAAAKPTKPPSR,length1,204
-3,702876,702822,54,MISRPITLTIFAIFIFLN,length1,54
-3,702780,702765,15,MIKLF,length1,15
-3,702744,702732,12,MRML,length1,12
-3,702450,702330,120,MLALTSSCTMPCSIQSSTNFFGNNRTKMVFNICFGECCFA,length1,120
-3,702072,702051,21,MPNCSAI,length1,21
-3,700704,700671,33,MAVCNSQNHQI,length1,33
-3,700446,700398,48,MRIKVRLQKQMFFELE,length1,48
-3,700305,700242,63,MAITNHTIFIHKISFWRTIHA,length1,63
-3,700092,700050,42,MFFFAITTPTAPHI,length1,42
-3,699996,699993,3,M,length1,3
-3,699174,699108,66,MLSTITIRIKIAVIMGKKILLK,length1,66
-3,699021,698970,51,MVSKIFSNKMPPDLEMN,length1,51
-3,698604,698526,78,MPMVKNNQETNTHPRIERAICRADWL,length1,78
-3,698388,698367,21,MRPNGLE,length1,21
-3,697938,697908,30,MSSFFSLMRR,length1,30
-3,697890,697881,9,MFH,length1,9
-3,697755,697734,21,MILPLRK,length1,21
-3,697173,697134,39,MISASAALSTFVT,length1,39
-3,696933,696897,36,MVFIDFQKNFAI,length1,36
-3,696819,696309,510,MQKGVTLVELLIGLAIISIVLSFVVPLWQTDSPKTILAKEQHRLYLFLRQIQVRAENSSEVWFLLINRNLATQQWCLTAQVKNNQTCDCLNPINCPKEVYAHFYYPYFPNKTMIQSHHIYPKEITRFDGIRNTIVTRCFILQAENERTLFLFFNVGSIRLKTNQFDSACN,length1,510
-3,696213,696171,42,MCKYKHKTNKCYYI,length1,42
-3,696093,696084,9,MQN,length1,9
-3,696051,695973,78,MNKAQPFLLAKKIMRHLIAACCSFMI,length1,78
-3,695964,695928,36,MGVLVKVRRKPV,length1,36
-3,695922,695871,51,MGKIHLKVVLKNYLAIK,length1,51
-3,695727,695697,30,MKLLGYNLIG,length1,30
-3,695631,695511,120,MKPPLSLLFGIKNNDNTKRYYYADYSDFYFRLIKRNLIVR,length1,120
-3,694713,694707,6,MA,length1,6
-3,694683,694644,39,MNALLCVILRVKF,length1,39
-3,694626,694605,21,MALFFLG,length1,21
-3,694365,694311,54,MLKIYPQRHWKTLLIKIQ,length1,54
-3,694116,694074,42,MNKSLRKYESNNLT,length1,42
-3,693999,693942,57,MLNQMLMMLHIERLCIISS,length1,57
-3,693714,693672,42,MKINRSFLRNNFLN,length1,42
-3,693639,693624,15,MKTFK,length1,15
-3,693558,693465,93,MKNIFQLIPSMLIKKLNRTVYLDNCNLKFCI,length1,93
-3,693435,693423,12,MTAL,length1,12
-3,693324,693321,3,M,length1,3
-3,693249,693177,72,MLHKFHFHFQIINFQKAMCWSQVT,length1,72
-3,693135,693129,6,MC,length1,6
-3,693009,692976,33,MASILILGKLD,length1,33
-3,692955,692910,45,MRCVKSRVFGKIVWG,length1,45
-3,692898,692892,6,MA,length1,6
-3,692835,692787,48,MKPCNKHIPSKNGKKF,length1,48
-3,692754,692703,51,MKTLATRFSIFKRKLMN,length1,51
-3,692655,692652,3,M,length1,3
-3,692643,692631,12,MSSQ,length1,12
-3,692619,692583,36,MRQIASNSLQGK,length1,36
-3,692517,692472,45,MMPITQEHKHQTVLI,length1,45
-3,692430,692409,21,MMIVICS,length1,21
-3,692367,692316,51,MLAVPLQIINRKNHPYW,length1,51
-3,692274,692247,27,MSLLSLNIQ,length1,27
-3,692007,691974,33,MNALLTVKTSL,length1,33
-3,691944,691938,6,MT,length1,6
-3,691926,691887,39,MNKILLIILDKQK,length1,39
-3,691848,691821,27,MLKIFVTMF,length1,27
-3,691689,691614,75,MIHKSFTGILRNTKIVIVFVLGFII,length1,75
-3,691590,691572,18,MRYQQN,length1,18
-3,691419,691386,33,MKIPFLKNFGN,length1,33
-3,691374,691332,42,MVSGQKPIHIGHEY,length1,42
-3,691176,691110,66,MENYLCAVHFVIQKKLKSLIAV,length1,66
-3,691101,691026,75,MVIKFAAAVSAVIVMNVLLLLKWQN,length1,75
-3,690999,690942,57,MVHVSHSMKINCAAVFNTP,length1,57
-3,690918,690912,6,MM,length1,6
-3,690822,690816,6,MN,length1,6
-3,690759,690723,36,MILINSLSKLKN,length1,36
-3,690612,690600,12,MRIG,length1,12
-3,690189,690096,93,MDYGPRCSFGRTKNASKIIRTFIYFHNSHCR,length1,93
-3,689703,689682,21,MPITEFN,length1,21
-3,689661,689649,12,MATQ,length1,12
-3,688308,688260,48,MAFLKTSLIVFTKEKH,length1,48
-3,688221,688191,30,MPQINKLSFA,length1,30
-3,687900,687879,21,MPKCPMI,length1,21
-3,687597,687576,21,MMNISKI,length1,21
-3,687531,687504,27,MLKDFYFTE,length1,27
-3,687351,687330,21,MLQSGLG,length1,21
-3,687183,687138,45,MQTDLAQAFLRQEYR,length1,45
-3,687066,687054,12,MLQG,length1,12
-3,687039,686961,78,MRRNDELFVAILPLSLVRRELHHIPN,length1,78
-3,686796,686688,108,MRHPKRHQRVTTLDIHRQVCGLLLNHQLRQHLLCLR,length1,108
-3,686595,686385,210,MARSRPIGTPCPSLPYFFVQRNVRFLNKSLSLFALLLLEYHHVVLTIQSRLRFSSGLQSPNRVPTIRPLS,length1,210
-3,686352,686313,39,MCLRHSLLFGVAS,length1,39
-3,686268,686241,27,MNPLIGWSH,length1,27
-3,685899,685806,93,MNYTQFSVRNAITRSNSLKLLLTRINPSLRA,length1,93
-3,685701,685629,72,MVRRDKKSSITAMFLSGYSLFSAP,length1,72
-3,685608,685578,30,MLLTHIFPAF,length1,30
-3,685524,685449,75,MLVSSIYFNTIKPHALVEMQFLVHS,length1,75
-3,685251,685236,15,MLNCI,length1,15
-3,684687,684645,42,MSCRLPSIKFFTNS,length1,42
-3,684360,684270,90,MFNCFRACFATNAKWAAVFVWIWHKLYARH,length1,90
-3,683964,683952,12,MIMS,length1,12
-3,683799,683790,9,MLV,length1,9
-3,682719,682695,24,MIKHANFH,length1,24
-3,682623,682605,18,MIMCQN,length1,18
-3,682500,682488,12,MLII,length1,12
-3,682257,682251,6,MR,length1,6
-3,681945,680745,1200,MNLNGKRVVVGITGGIAAYKTIELIRLLRKAEAEVRVVLTPAAAEFVTPLTLQAISGNAVSQSLLDPQAELAMGHIELAKWADAIIIAPASADFIARLTVGMANDLLSTICLATDAPIFLVPAMNQQMYHQSITQQNLTTLQTRGIELIGPNSGFQACGDMGKGRMSEPEEIFTALSDFFSQKQDLQGLNVAITAGPTREAIDPVRYISNHSSGKMGFAIAEAFAKRGANVTLISGPVNLTTPKNVNRINVISAQEMWQASLESAVKNQIFIGCAAVADYRVAEVAEQKIKKSGDEISIKLIKNPDIISDVGHLKTHRPFTVGFAAETQNIDDYAKDKLERKNLDMICANDVSGGQVFNADENALQLFWKNGHKKLSLKSKVELAADLVNEIIERYQKTL,length1,1200
-3,680718,680694,24,MNFKRSIK,length1,24
-3,680652,680592,60,MNFLCQLTQLKVQQVLIYVR,length1,60
-3,680586,680550,36,MKALKFNQAKPN,length1,36
-3,680382,680325,57,MNHSKLKSAIVLLNLFSCQ,length1,57
-3,679716,679707,9,MNV,length1,9
-3,679659,679638,21,MFVQISV,length1,21
-3,679416,679404,12,MELR,length1,12
-3,679383,679347,36,MNPLTSKIKRNF,length1,36
-3,679005,679002,3,M,length1,3
-3,678417,678282,135,MHFLIYGGLGRNPAGMRAVSHLLLRPILLSSTTLLSNSLAFSSLP,length1,135
-3,678156,678120,36,MALQLEYKIKCG,length1,36
-3,677910,677826,84,MGFPHFSCNALAQCKPNPPTPQNKSHRL,length1,84
-3,677466,677460,6,ML,length1,6
-3,677337,677262,75,MPSIGRSTLPLTTILALLRKPCSLD,length1,75
-3,676587,676575,12,MRIG,length1,12
-3,676569,676494,75,MAMTGKMFTCRCHTCLMHTINKSGG,length1,75
-3,676434,676326,108,MPQIQHRSKTQVNIQGNHFCCHLPTCFFSKTHLFSC,length1,108
-3,675918,675852,66,MIVPIQMVTYIQKLLTFIFYNR,length1,66
-3,675498,675459,39,MTLFGIIKICVLA,length1,39
-3,675249,675111,138,MNLIMQSIELLHCPLHFLHNVHKVLDVLGLPQFRQNNASNEGIFLR,length1,138
-3,674976,674958,18,MHDIRH,length1,18
-3,674691,674610,81,MLQQYAITQFDSYDAQGCLLWLYIDDL,length1,81
-3,674592,674514,78,MTPFLPNRNALNVVPQCGIDSYRMHL,length1,78
-3,674493,674463,30,MHKLPPNDLG,length1,30
-3,674172,674148,24,MVLCCLLQ,length1,24
-3,673719,673683,36,MLVGVNLAFPCR,length1,36
-3,673347,673167,180,MDDGNGLIQDQHLLQNPEFQLVLRPPLLPLTQLIQQLKSRAHRQVGLSCILSLHSPQSHG,length1,180
-3,672876,672840,36,MDYPNRPTHLNG,length1,36
-3,672183,672129,54,MFATPLKISPDFNRTFTA,length1,54
-3,671871,671799,72,MAKLPWRFEPNLKSSPILKNFTCR,length1,72
-3,671604,671553,51,MGKFNSSAFWRKWRRTA,length1,51
-3,671460,671376,84,MSLSMKIREFRHYSEKLVFCQQMVLANA,length1,84
-3,671187,671166,21,MVHIRFG,length1,21
-3,670230,670179,51,MCIRAIIHPIGKPAHPK,length1,51
-3,669933,669903,30,MSDNYIAHKT,length1,30
-3,669465,669399,66,MLKWQQAKNQQLNQHSLKCKKL,length1,66
-3,669291,669270,21,MKNKTAL,length1,21
-3,668703,668580,123,MLPYLRLQLISHLILIKVRMHKILAISSQQIKQQMNLVFLI,length1,123
-3,668562,668538,24,MTALFYVN,length1,24
-3,668508,668367,141,MMCYMRLLNGSITVKAIAIFAIINPLMALQKLPLTAQKFVMRSAHKQ,length1,141
-3,668340,668304,36,MHVSMKTLVSLY,length1,36
-3,668229,668208,21,MTAAYIT,length1,21
-3,668205,668199,6,MY,length1,6
-3,668139,668097,42,MQLVAVMYYICFAT,length1,42
-3,668079,668004,75,MPFSGKLGQKSVHSMAVGAQAIWLV,length1,75
-3,667953,667938,15,MHKKH,length1,15
-3,667815,667779,36,MRIVMVKLVFKN,length1,36
-3,667722,667659,63,MRLTKNAPQTSANSVVILNYP,length1,63
-3,667497,666510,987,MAQKSFNLYRYSIPVDSQLILRDRFLKRREGLIVRVSCSRDGWGEIAPLPGFSEETLDQTQEQAIEWLTTWCNASCDAPRVPLDGTYPSVAFGISCAMDEMKGYLQAEGNYHTAPLCCGDPDELYAKLASMEGEKVAKMKVGIYEANRDGLIADMFLEAIPDLQLRLDANRHWSLEKALQFAAKVKPQHRKRIQFLEEPCKTQELSREFAAQTDIAIAWDESVREPNFCLEKEPHLSAVVIKPTLIGSIQRCTELINQAHSLGLKAVISSSIESSLGLSQLARIAQQYTPNVTPGLDTLDLMEYQVLRAWPNSNLPIVNLESEFITKII,length1,987
-3,666420,666408,12,MART,length1,12
-3,666375,666330,45,MAVFLLHPLKRKYKH,length1,45
-3,666315,666312,3,M,length1,3
-3,666183,666174,9,MHF,length1,9
-3,666090,665973,117,MWLKVLFAVWVQKVTSLPFYLLLITLLKNKKIEHFWRNS,length1,117
-3,665712,665697,15,MLLHQ,length1,15
-3,665625,665526,99,MNYQVILYVLQWWERSIAVQVLKQKHLLKWVSL,length1,99
-3,664197,664188,9,MPY,length1,9
-3,663846,663831,15,MANNG,length1,15
-3,663798,663765,33,MIIKTKASKAF,length1,33
-3,663741,663621,120,MNKYKGRRIYVPLIPFKKYTFTYKNLRKKHDIKATLSTSW,length1,120
-3,663564,663510,54,MCLFTQRNPRADWFPSLV,length1,54
-3,663399,661947,1452,MNLGIILPLIIYLTFVFGAAIFAYVKRTKGDFLTEYYVGNRSMTGFVLAMTTASTYASASSFVGGPGAAYKYGLGWVLLAMIQVPAVWLALGALGKKFALLSRETNALTINDLFFYRYKNKYLVWLSSLALLLAFFAAMNVQFIGGARLLETTIGISYTQALLLFALTVGIYTFIGGFRAVVLTDTIQGTVMIFGTIILLVGTIYALGGVESAVNKLTEIDPDLVTPYGPNGMLDFQFMASFWILVCFGVVGLPHTAVRCMAFKDSKALHRGMLIGTIVLSIIMLGMHLAGALGRAVIPNLTVSDQVIPTLMLKVLPPIVAGIFLAAPMSAIMSTIDAQLIQSSSIFVKDLYLSTKPEAAKNEKKVSYFSSIITLILTALLIFAALNPPDMIIWLNLFAFGGLEAAFLWVIVLGIYWDKANAYGALSSMIIGLGSYILLTQLGVKLFNFHQIVPSLAFGLIAFLVGNKLGERRIEKTQLKATAL,length1,1452
-3,661932,661899,33,MLSPSSKLRGR,length1,33
-3,661824,660954,870,MLYQILALLIWSSSLIVGKLTYSMMDPVLVVQVRLIIAMILVMPLFLRRWKKIDKPMRKQLWWLAFFNYTAVFLLQFIGLKYTSASSAVTMIGLEPLLVIFVGHFFFKDKAKWFHWLFGAMAFIGVAILINGGKNNEGIDNVSLLGCLLVLSAGIIFATVLRWTRRVVAKVSTQVYTSISIVLGVITTLPFTLLLTENWQISLNSTGIVGLLYLALGCSWLAYWLWHKGLNTVDANISGILLALEPLFGILFAVSLLGETLSFSAVLGITIIMLATLGSILLPKLLKKSV,length1,870
-3,660582,660561,21,MDLSKLA,length1,21
-3,660477,660462,15,MFRMA,length1,15
-3,660120,660117,3,M,length1,3
-3,660066,660048,18,MVPNYR,length1,18
-3,659964,659886,78,MRIIASLVGCRAVRYKLGLGLGLLGR,length1,78
-3,659877,659646,231,MRIGSYQLKNRVLLAPMAGITDQPFRRLCAYYGAGLTFSEMMSTNPQVWHTEKSKLRLAYSDDLGLNAVQIAFGVQR,length1,231
-3,659352,659301,51,MWHTSINGTRSYKSLSF,length1,51
-3,658857,658560,297,MLEQQRNPADALTVSVLNAQSQVTSKPLRDSVKQALRNYLAQLDGQDVNDLYELVLAEVEHPMLDMIMQYTRGNQTRAANMLGINRGTLRKKLKKYGMG,length1,297
-3,658263,658143,120,MLIRVYLTITYECELDHKQYALMQHLMAECLRRIKRLRHF,length1,120
-3,657672,657654,18,MASIIS,length1,18
-3,657399,657381,18,MLRSIC,length1,18
-3,657318,657192,126,MPAEIVKSLQWRPIISTIEIRWCELDVSRKRSIASTAVCNAV,length1,126
-3,657183,657177,6,MV,length1,6
-3,657051,657045,6,MP,length1,6
-3,656469,656442,27,MDFPLLANR,length1,27
-3,656343,656328,15,MQYVL,length1,15
-3,656001,655983,18,MSVKRC,length1,18
-3,655626,655584,42,MTSSSERESASKPV,length1,42
-3,654732,654714,18,MRHYFR,length1,18
-3,654591,654570,21,MLNRLLW,length1,21
-3,654558,654333,225,MKVLLQNVLPNILHKSCNNGYQPLPFGVAKVRLNFLLQIIVAENLRSVSIKRDKKGKNNLLNDFLLFVTTQVLAQ,length1,225
-3,654168,654159,9,MCR,length1,9
-3,654117,654090,27,MEKTRERND,length1,27
-3,654045,653979,66,MNKKLQNFSYFENIKNPIRKIC,length1,66
-3,653955,653907,48,MLILLNLLVKCIFYEV,length1,48
-3,653841,653739,102,MENVLHRRIFIYVSYCFFISQPAALTFCVRLSCG,length1,102
-3,652926,652917,9,MYH,length1,9
-3,651942,651930,12,MREN,length1,12
-3,651858,651840,18,MVLAPK,length1,18
-3,651774,651711,63,MSFLWVVLPLIIAVVHYQLKP,length1,63
-3,651699,651669,30,MKRMRFYLVL,length1,30
-3,651387,651345,42,MKSNALHVRLLMQQ,length1,42
-3,651174,651120,54,MFCFVLTFSAILFLTKRR,length1,54
-3,651078,650976,102,MKRVLVYTSLLVVLPLILQAKALLTQSHKFFLPR,length1,102
-3,650949,650880,69,MKQQMPLKMRYKKSWQVDIVPPI,length1,69
-3,650874,650835,39,MIPHQFQRQKWVH,length1,39
-3,650742,649335,1407,MAKTLYEKLFDSHIVYEAEGETPILYINRHLIHEVTSPQAFDGLRVANRQVRQVNKTFGTMDHSISTQVRDVNKLEGQAKIQVLELDKNTKATGIKLFDITTKEQGIVHVMGPEQGLTLPGMTIVCGDSHTATHGAFGALAFGIGTSEVEHVLATQTLKQARAKSMKIEVRGKVASGITAKDIILAIIGKTTMAGGTGHVVEFCGEAIRDLSMEGRMTVCNMAIEMGAKAGLIAPDETTFAYLKDRPHAPKGKDWEDAVAYWKTLKSDDDAQFDTVVTLEAKDIAPQVTWGTNPGQVISVNETIPNPQEMADPVQRASAEKALHYIGLEAGTNLKDIKVDQVFIGSCTNSRIEDLRTAAAVMKGRKKADNVKRILVVPGSGLVKEQAEKEGLDKIFIAAGAEWRNPGCSMCLGMNDDRLGEWERCASTSNRNFEGRQGRNGRTHLVSPAMAAAAGVFGKFVDIRDVTLN,length1,1407
-3,649266,649254,12,MRQM,length1,12
-3,649245,649203,42,MQLFQNNFYKPLPA,length1,42
-3,649161,649125,36,MWTAPSQIQNLS,length1,36
-3,649050,649035,15,MPLGH,length1,15
-3,648897,648876,21,MMANKST,length1,21
-3,648819,648795,24,MNSAVIVC,length1,24
-3,648273,648264,9,MQN,length1,9
-3,648198,648063,135,MLCLRLNQFVQYGEQISHYYWFVGCFGTCRSLNQCPNTNDYPHNI,length1,135
-3,647784,647724,60,MQQIVLLPLHQKLPHLCLYL,length1,60
-3,647712,647697,15,MQIVN,length1,15
-3,646737,646629,108,MKHFLNLKYQLLLQYQILEQFQNARGMEHHLEYLLV,length1,108
-3,646419,646401,18,MQTLHL,length1,18
-3,645957,645954,3,M,length1,3
-3,645276,645246,30,MCLFQHLNRH,length1,30
-3,645024,645009,15,MEDLK,length1,15
-3,644880,644874,6,ME,length1,6
-3,644313,644268,45,MLHFVQYFCFLLSDN,length1,45
-3,643833,643815,18,MLQLRI,length1,18
-3,643758,643656,102,MYLFHKQTEYQHLLVQNMDIFLYLYRFLNRPQLM,length1,102
-3,643422,643389,33,MYQYVYLHPQH,length1,33
-3,643359,643197,162,MPSLKVDYLSFSLPHLLHQQKTSLYSLQNHEIFDNPHRFLLTRLLYKGLMRRRQ,length1,162
-3,643044,642975,69,MGGFYIINRSKLELHLRGNDNDF,length1,69
-3,642693,642675,18,MHTLKV,length1,18
-3,642006,641928,78,MNVRDQDKKWLLISWFFRCRCCRLKS,length1,78
-3,641832,641754,78,MTYSLLLSSQFSIKQLENASVNRIRT,length1,78
-3,641565,641481,84,MDARTKACFSISQLPSTVFVALRGNTRR,length1,84
-3,641295,641274,21,MVHTASL,length1,21
-3,640959,640923,36,MVKVPFSEDDES,length1,36
-3,640764,640602,162,MLNCIAFSFYAGFIVFLGSTHFWGELPKAEGGLTSPLPPYGHLPPQAGEGKVFV,length1,162
-3,640515,640455,60,MLLSCSRNFGTSRQAFNTVV,length1,60
-3,640389,640317,72,MAIWRGRVTERARLFDFKSETLIR,length1,72
-3,640218,640137,81,MSPPLKSCIAFTRFNAPSSSRTLVRKR,length1,81
-3,640131,639969,162,MKKATSSGKFILCSSAFFNKIATRVSRSGGSMAVVKPQPKRDFKRSSIFSISLG,length1,162
-3,639723,639696,27,MPLPMACNK,length1,27
-3,639312,639243,69,MWLSATTSACKGRSQVLRSLAET,length1,69
-3,638823,638820,3,M,length1,3
-3,638640,638634,6,MI,length1,6
-3,638619,638604,15,MASNK,length1,15
-3,638469,638439,30,MPTNFAFCAL,length1,30
-3,638154,638007,147,MTIPVFQEKFLNLPTLIVDSLAFVRDTSYRIPKPKSTYFPNAILLRAAK,length1,147
-3,637569,637557,12,MMFC,length1,12
-3,637530,637503,27,MIPALFLFS,length1,27
-3,636963,636888,75,MATPSNPPCFPATAKEWVKPLFLLE,length1,75
-3,635946,635823,123,MLNTGFCVSACFNCPFNVLLPKSTVNSATAFLSCCLFPVGE,length1,123
-3,635580,635541,39,MKSPAFSGKRGIG,length1,39
-3,635049,634986,63,MSPLVESFSKSISFGIALRLE,length1,63
-3,634929,634860,69,MKSQVPLYVATPLTGKFVAVLLP,length1,69
-3,634686,634617,69,MLFSFLTFSTSSLIVESEEKYGI,length1,69
-3,634533,634482,51,MDNFSNLDFVLELEVSS,length1,51
-3,634266,632820,1446,MKNGVKQLSLLSLIGLSLTNVAWAEVARPKNDILTNTVQSAELKTSSFSSMTKKEIPNRHIISLSKSQLAHHPRLVLRGLIPALYQNNTQAVQLLLPLYKQFPQQDNFLLTWAKAIEAREQGDLTQSIAYYRELFARDASLLPLRYQLAQALFFNYENESAKIQFEKLRTEVDDEKFLGVIDQYLLTLNQRNQWIWQVGLNFLNDDNLNNAPKSGTKIGSNWTAWEKESGQGVGYSLSVEKKWPWADHFFSKTMFNGNGKYYWDNKKYNEATFRIGGGLGYQTALVEVSLFPFQEKRWYAGGSSGTNTMKQYADKLGIRLENVDWLSKTWQISTALEYGESRYKIRKHLDGNYYFVSSTLFYLPKSTQFWFAGMDFHRENTQALDNAYQQKTLRLGWGQDWSHGISSRLTFSYANRVYREKDLIGIQQKNREYTTTITLWHRNIHFMGLTPKLSWDYQKSTSNHAFYRYDKNRIYLEIGKIF,length1,1446
-3,632172,631914,258,MAETHSLGTKILIKIIRLYQIMISPFIGARCRFVPTCSCYGIEALKTHGLLKGGWLTLKRVLKCHPLNAGGFDPVPPKTNNNDEKK,length1,258
-3,631701,631689,12,MCSV,length1,12
-3,631665,631662,3,M,length1,3
-3,631638,631626,12,MMQN,length1,12
-3,631437,631431,6,MA,length1,6
-3,631392,631386,6,MI,length1,6
-3,631329,631320,9,MVN,length1,9
-3,631290,631119,171,MLQCLLILAVHILLQTLTIKNIVLLICKIIIFLLILKLVGLRCYNIISFLRGSQIKM,length1,171
-3,631080,630954,126,MLHQLVIVVLLSLFLVVAKRRLQVHCGLALNFKIKWQLSQII,length1,126
-3,630936,630894,42,MVGLGLLLNRYSGY,length1,42
-3,630729,630714,15,MIANV,length1,15
-3,630582,630516,66,MHHSLVGSKTYRHKILITFSLF,length1,66
-3,630075,630069,6,MP,length1,6
-3,628635,626769,1866,MLIEKMHNLTNSKISKFILGLITVSFLVGGMSGYLFSSNDTYAAKVNGEVISQQDFLNRYNQEFEIRAQREGEAFMGQSDSPEFVTALRQNIVNLMIDQELLRQYVKELKLGVSDEMIKRAIVTDPNFQVKGKFDNSVYQRILQQNHLTSDGYASILRASLPLEQIQNGVANSEFIVPAQVKNSAEIFFQKRLARLATLSLADEMAKQSVSDDEIKTYYEANQKSFVQPEQVKVQYIDLSADNISKNLQVTDIEIAQYYQDNKAQFMTQRLAHIQFANEQDAKVVYEELQKGANFADVAKTKSLDKISGENGGDLGWVNANELPKAFEDAAAALQVGQYSQPINVDGNYHIVLVQERKAQSLENVKAQIADLVRKSLMESRYFSLEKQASDKAFEDSKSLNTAAQAAGVKVQESGYFSRQNVPAGLNFPNVIYTIFESDSTNIGMNSEPINVGDYHTIIVRVLDRKAEGVKSLEEAKIDIETFLKRQKAENVLNEKAQQAVKKLSENPESKIDGINFSSEQTFTLSENKDPILTNGIFSIAKPKSNEALYQVVHNSNGDVVVVALNKVEQGSLSEKELSQFGMQLLRSHQSELQVQLIQGLRERAKIEVNDSFINQDDEVQQ,length1,1866
-3,626679,625122,1557,MMFGKKIIHSKTIWFYFLLFLFSIFTNMGLGNVLSENIPVSDYAILFVITAISFYFTPWVGRILITVLFLSALFYCSAGFFYGIPSLGIIASVYETNINETLEYYTTIPFWIFLFQASYFILFVALMKLSFYFKRQAFKWLNTAVISLLLVFSYNQFSDWNYAYKFRFYPVLFYSEFDRMNDLYLEQRDFLNQSANAPSQWDIQSFMPKYKNYILIIGESMRKDYMSLYGFPLKTTPFLERVKGTVFENYYSAAPNTQPSLQLTLYRADKGETVYTDNIISLAKKAGVKTYWISNQGKIGEFDTIASRIGQSADETIFMKPLGYNSKKVYDDEMLPVLDKALKENITNPKLIVIHLMGSHPAFCERLPYEVKNYFINQSMSCYLESIKYTDQFLEKLNSQLVSQNEPYSVIYFSDHGLAHYEDSEGLSLHPNNLYKQDYEIPFVMFSSDSQKVEKIKTPQSAFNFVYGFADWMGIKEKHLQGVDFFHPEKQEIKVFDWNNVVNVKELADDPAKLPETVQ,length1,1557
-3,625119,625080,39,MRSCFIIYRLVLE,length1,39
-3,625050,624537,513,MSKKSGLSFLWLSTVAFVVDLLTKYIVVQKFDLYESVNVLPVFNLTYVRNYGAAFSFLADHSGWQQYFFILLALAISGMLVYFLVKNNAEQKIQNSAYALIIGGALANMVDRAYNGFVVDFFDFYWDIYHYPVFNIADIAICIGAGLLALDAFKSEKKKVQDKQVEKCGQK,length1,513
-3,624453,624402,51,MAHRFMFVMKWCITDLL,length1,51
-3,624345,624333,12,MVRS,length1,12
-3,624261,624243,18,MQPVLW,length1,18
-3,624132,624111,21,MKMAEFS,length1,21
-3,624066,624057,9,MMI,length1,9
-3,624024,623997,27,MIQQKLLLH,length1,27
-3,623946,623892,54,MRQPIVKKRCENWLNYQI,length1,54
-3,623802,623763,39,MILPIFKMIGLMM,length1,39
-3,623574,623499,75,MISPLFFSFKLRIFEIEIAKVRSGS,length1,75
-3,623424,623079,345,MKLMKTLFTSFVLCGSLAAGSTFAEDKVVEQTTQAVVTTQTDSQVAPAMMGDKLNINIATASEIQKSLTGIGAKKAEAIVQYREKHGNFTNVEQLLEVQGIGKATLEKNRDRIIF,length1,345
-3,623058,622992,66,MPCFTGLFYSLHTEYIKKPLAT,length1,66
-3,622830,621834,996,MKLLKLTLISTALFSTAALAQSQQSVNVYSYDSFTSEWGAGPKVKQDFEKAHPQCTINFTPFESVGVLLNRVRLEGKKTKADIVLGLDNFFLEQAEKTGIFAPNNVDLTQLDLPTKWTNKTFLPFDFGNYAFVYDKTKLQNPPKSLKELVERQDLRVIYQDPRTSSVGRGLLVWMNVIYPEDKIQSAWKNLDKHTVTVGKGWSDTYGAFLKGEADLVLSYSTSPLYHQLFEKKDNYAATDFAEGHITQVELAARVANHPNQCADDFMAFLISPTAQKHIVTANIMLPVIQGEIEPHFDALKVQQKTQTPINPTVNAEQLKNWISTWQTTLTK,length1,996
-3,621696,621678,18,MASLVY,length1,18
-3,621258,621222,36,MACFSSAMFAHI,length1,36
-3,620742,620706,36,MVTLSENRSIYY,length1,36
-3,620211,620208,3,M,length1,3
-3,620199,620169,30,MIKPYQCALI,length1,30
-3,619767,619749,18,MSLFLH,length1,18
-3,619614,619605,9,MVR,length1,9
-3,619467,618468,999,MLAEKLQINSITPHPSVEYWSVCKVEALFETPFLELVYRATQVHRKHFNPRAIQLSTLMSIKTGGCPEDCSYCPQSARYHTGVQNQQLLDVDEIVAKAKIAKARGAGRFCMGAAWRGPKPKDIEKVTEIIKAVKSLGLETCGTFGLLQDGMAEDLKEAGLDYYNHNLDTAPEHYAEVIGTRRFDDRLSTLGKVRKAGLKVCCGGIVGMNETRKERAGLIASLANLDPQPESVPINQLVKVEGTPLADAEELDWTEFVRTIAVARITMPKSYVRLSAGRSGMTEEMQAMCFMAGANSIFYGDKLLVTDNPEEDGDQLLMAKLDLEPETAENKKL,length1,999
-3,618135,618108,27,MLRLVYRNG,length1,27
-3,618060,618012,48,MLRLLALLIPLQNLSQ,length1,48
-3,617856,617763,93,MRWLIQLGHMDAMFQGLELSVVKPFVLLVGV,length1,93
-3,617715,617631,84,MCVVSLMLPYVLRCEHTRRTLRRLRRKE,length1,84
-3,617424,617376,48,MLYGLQYSLDLLVIFR,length1,48
-3,617193,617082,111,MAHIPNQVLCGLKRFLHRLMAHRGNHENLIYLENQNQ,length1,111
-3,616884,616755,129,MRLVYPDLMFLLKSKPREKSLPLNSHRLRTHKCGDRQFHGLHG,length1,129
-3,616212,616149,63,MKTHTTRFYCQIYRTFFSLSL,length1,63
-3,615963,615021,942,MQIQCFESITQKYPQFPTALLANEEPIQNGEPFILYGTKLDITKLEKFQQKCGQNFQIFDVWMVAKNIIVLLKGQWFSDFIKFAHDVEVDIAKLDFSPKLSQAGLLVMDMDSTAIQIECIDEIAKLAGVGELVSAITESAMRGELDFEQSLRCRVGTLKGAPESILQQVRENLPLMSGLVETIQTLQKYGWKTAIASGGFTYFADYLKALLQLDFAASNQFDIEDGKLTGLVKGDVVDAQYKAKTLQHLLEEYGIYSQHSIAIGDGANDLAMMNVAGLGVAFHAKPKVQQQAQIVVNFADLTALLCLLSANDRI,length1,942
-3,614952,614889,63,MQWKMQTVCLARVMIFVVSKR,length1,63
-3,614877,614820,57,MKKMKRLKSPQNLISNLNN,length1,57
-3,614589,614574,15,MTYKQ,length1,15
-3,614490,614481,9,MLP,length1,9
-3,614214,613269,945,MINAFAINDSRLVRIDEDQTDLNTAIWLDLLEPTGEEREILQEGLGQSLASFLELEDIEASARFFEDEDGLHLHSFFYCEDEDNYADLASVAFTIRDGRLFTLRDRELPAFRLYRMRSRSQRLLECNSYEVLLDLFETKIEQLADVIENIYADLEELSRVILNGKQDEAFDEALNTLTEQEDTSSKVRLCLMDTQRALGFLVRKTRLPTNQLEQAREILRDIESLQPHNESLFQKVNFLMQAAMGYINIEQNKIMKFFSVVSVMFLPATLVASTYGMNFDFMPELHFKYGYPMAIGLMIAAALTPYIYFRRKGWL,length1,945
-3,613005,612996,9,MYS,length1,9
-3,612945,612921,24,MCFLLGLF,length1,24
-3,612885,612855,30,MPFINSPNHF,length1,30
-3,612378,612348,30,MILTLSPAFA,length1,30
-3,612225,612204,21,MKLNVPC,length1,21
-3,611988,611862,126,MNGWVFSILTSPCVALRICAITLRDLILYCFIQSAMGERLAA,length1,126
-3,611619,611604,15,MLYRY,length1,15
-3,611490,611469,21,MPSLIYS,length1,21
-3,611385,611379,6,MQ,length1,6
-3,611367,611364,3,M,length1,3
-3,611334,611277,57,MEINFQFLYTFYKYEINFQ,length1,57
-3,610995,610944,51,MKFSLWKVGKKSSMRFA,length1,51
-3,610908,610872,36,MPTCFPVSLRRC,length1,36
-3,610860,610857,3,M,length1,3
-3,610806,610731,75,MWIANQDWSINSIRNMKNMAVSPAL,length1,75
-3,610722,610713,9,MSL,length1,9
-3,610668,610644,24,MILPTELE,length1,24
-3,610491,610437,54,MPFFFIKQNNTIFAEKAI,length1,54
-3,610428,610398,30,MRNILLWITV,length1,30
-3,610362,610350,12,MPIA,length1,12
-3,610302,610155,147,MWVNSTAKKLILSPEKLMKFYMYKSPLKSLKIPTKQIIFCILKITIKRF,length1,147
-3,610137,610107,30,MNKQKLMGLK,length1,30
-3,610101,610035,66,MWWIGCCNKSKNVENFHRTFSD,length1,66
-3,609189,609174,15,MLSNN,length1,15
-3,608997,608958,39,MIFNKNFIIISIA,length1,39
-3,608775,608664,111,MILFCYVFTFYSPCYGMSIYRAVTISHISIKNIFIFK,length1,111
-3,608487,608481,6,MN,length1,6
-3,608460,608448,12,MDNL,length1,12
-3,608403,608331,72,MIYHLIICNIRSLVSIVMRVTIKV,length1,72
-3,608238,608232,6,MF,length1,6
-3,608211,608202,9,MML,length1,9
-3,608061,608043,18,MRPKVK,length1,18
-3,607989,607983,6,MA,length1,6
-3,607965,607893,72,MPMHCSTSNKSQIRAFSVCSGQLG,length1,72
-3,607875,607866,9,MPT,length1,9
-3,607812,607728,84,MRVRSSKCRYSAIASAKRSPTACSKIAL,length1,84
-3,607659,607548,111,MPNQSFLPLSRSAIKSLKQKLNGLLLFLPRSVCWRKP,length1,111
-3,607470,607365,105,MPKIPLGLSLWFCSNSSKTTCASFHTLRASLPPSG,length1,105
-3,607257,607227,30,MPVCFGVGGT,length1,30
-3,607191,607161,30,MISAFSSIAV,length1,30
-3,607158,606720,438,MILSAGTITPKSMTSKLLHCITTLTMFLPISCTSPFTVAITTLALLEPFCLVALINGSKYATDCFITRADFTTCGRNILPSPNKSPTTSMPAINGPSITSSGLGNVWQVVIPFTRACFKSSPTGQVHHSATESTALFLNFSPLKSA,length1,438
-3,606672,606639,33,MRMRFSRACLS,length1,33
-3,606312,606309,3,M,length1,3
-3,606084,606075,9,MTQ,length1,9
-3,606054,606045,9,MVA,length1,9
-3,605946,605925,21,MVSNARA,length1,21
-3,605370,605361,9,MGI,length1,9
-3,605274,605268,6,MP,length1,6
-3,605232,605112,120,MPSATNVNRTEIPNSPMFFTRNKRKATMESKHKRVTVIMA,length1,120
-3,605043,604989,54,MATIATNNTPMANKLGRC,length1,54
-3,604872,604857,15,MLVIW,length1,15
-3,604827,604749,78,MPIRAVTIRHTFPSETGILPKIAISQ,length1,78
-3,604635,604581,54,MEAINPIPSKAKITNITL,length1,54
-3,604281,604116,165,MRVVGRHQHKSVFDLILRKNNIHHILSYDLFVHHIAVHHKDMPYGNNDNRYKFLH,length1,165
-3,603738,603726,12,MQPE,length1,12
-3,603030,603024,6,MT,length1,6
-3,602907,602844,63,MIISHWVSSCKISWVRLICAC,length1,63
-3,602802,602619,183,MGEDNLSTPRIPSVSAVISVPRIIASVHKNIGMLAFTGFFSVGIRTNGMLYALSRAPVLPP,length1,183
-3,602580,602544,36,MAREINSPLLRR,length1,36
-3,602061,602022,39,MSAIPFPNAQPPP,length1,39
-3,601266,601257,9,MFL,length1,9
-3,601185,601161,24,MLSLTIIN,length1,24
-3,601095,601026,69,MQTPLFQTTIQTPIFTNSRKPMI,length1,69
-3,600969,600951,18,MGNTNK,length1,18
-3,600918,600909,9,MPM,length1,9
-3,600855,600837,18,MHKNVI,length1,18
-3,600738,600723,15,MYKNT,length1,15
-3,600696,600687,9,MAL,length1,9
-3,600561,600558,3,M,length1,3
-3,600387,600372,15,MNKAS,length1,15
-3,600183,600108,75,MPVTSIYIHNQNWLQSITSAIHMQK,length1,75
-3,600063,599703,360,MTTYLKNSNKSFWVAIAAALSAAVASTLCCIAPLIYLVFGVSSTWLIGLGEYDYLRIPMLIISLCAFAYGFWLLMFSKKIICSKYISRKKLIVLYWIVFIVMIFFLTYPTILPWILELAN,length1,360
-3,599637,599610,27,MRMKPNKLC,length1,27
-3,599544,599505,39,MALFQQKHLLKMV,length1,39
-3,599457,599442,15,MQFTS,length1,15
-3,599304,599271,33,MINAILFSTSA,length1,33
-3,599253,599217,36,MIPKFSVQTIEL,length1,36
-3,599130,599088,42,MGNGNHSFIFHHLI,length1,42
-3,598938,598860,78,MGIIAFSTLRITEKWDEISGFRSFSS,length1,78
-3,598797,598794,3,M,length1,3
-3,598590,598581,9,MIE,length1,9
-3,597819,597804,15,MEIPT,length1,15
-3,597768,597753,15,MHGRS,length1,15
-3,597699,597681,18,MTFFLP,length1,18
-3,597297,597288,9,MRF,length1,9
-3,597105,597081,24,MPIILRLL,length1,24
-3,596892,596874,18,MNGRVA,length1,18
-3,596865,596862,3,M,length1,3
-3,596766,596763,3,M,length1,3
-3,596745,596706,39,MTFFCRNICPFIY,length1,39
-3,596700,596649,51,MHKVRLILRKKKNISLF,length1,51
-3,596646,596628,18,MKLFFI,length1,18
-3,596595,596499,96,MEYAFSCILFLMRYLPFALKFTANINFSTHLC,length1,96
-3,596496,596481,15,MGKFI,length1,15
-3,596463,596424,39,MLAIKIEINKQVS,length1,39
-3,596358,596019,339,MFADWKEHTSHVKKSFGALGKQHPKMLQAYQALGSAAEEGNVLDAKTRELIALAVAVTTRCESCISVHAEEAVKAGASEAEVAAALATAIALNAGAAYTYSLRALEAYSVQKG,length1,339
-3,595710,595698,12,MKIW,length1,12
-3,595455,595275,180,MAIAVFTSSFLTHFCFGVPKISHNFLGVNSFVPINGISLSLRRFSTISKIFRQPASCHLG,length1,180
-3,594978,594930,48,MKAFADWLLGCLHYWL,length1,48
-3,594654,594489,165,MENNARHDQSTAFPIRWRQPFCLIFYLNRRRFALHINAQYQTNSERPNLRLICPP,length1,165
-3,594225,594222,3,M,length1,3
-3,594171,594129,42,MPDNPLLIHQSSYF,length1,42
-3,593676,593619,57,MWFDFPAGCEYRYTAFECW,length1,57
-3,593583,593565,18,MSPLCE,length1,18
-3,592944,592938,6,MI,length1,6
-3,592866,592797,69,MSFEFSHAKICCFAVSLNGASSA,length1,69
-3,592674,592653,21,MYWRFIL,length1,21
-3,592605,592494,111,MSFSLVAVLIICEIKRSPFLPFLKSTLPSFPTFPISR,length1,111
-3,591948,591894,54,MVVTKFSRPKTSSIKIFK,length1,54
-3,591657,591585,72,MRFSAGVPSKWRLISPTGCLPSAV,length1,72
-3,591273,591252,21,MRLAYFV,length1,21
-3,591090,591012,78,MFLAKMVFSSFAHTFSCDSRAWVNSV,length1,78
-3,591009,590967,42,MSVFIVINPHKSLF,length1,42
-3,590391,590367,24,MPKQGLFL,length1,24
-3,590163,590154,9,MTA,length1,9
-3,589749,589737,12,MASN,length1,12
-3,589371,589299,72,MVLIPLALSLSSTSKLKSGASMPM,length1,72
-3,589266,589116,150,MTFLRIFSKRGRCFKISAKPITESSSISTSVLQPSANILVPAIPIKRALG,length1,150
-3,589044,588954,90,MVGFVLFIKFILKNNRTLVCKVRLKMKKFY,length1,90
-3,588819,588717,102,MLRIVCMVGLSKPRRFKPSKFTPNGRAWLPCAIT,length1,102
-3,588420,588357,63,MVFVASPLYFKSWFTSPMLAN,length1,63
-3,587766,587757,9,MWQ,length1,9
-3,587376,587295,81,MVLSAETVLIEQKYIVFFILLVAQTVI,length1,81
-3,587088,587049,39,MQHNKTFSLNRIF,length1,39
-3,586695,586638,57,MVVIFPRTFSEYNYIIIIA,length1,57
-3,586269,586263,6,MQ,length1,6
-3,584481,584331,150,MKRITSTGLAIRSAIPMSFITNCSFGIKRLINASISFLKITTPQITKNNI,length1,150
-3,584316,584286,30,MTPIDITELN,length1,30
-3,584073,584067,6,MV,length1,6
-3,583992,583950,42,MECDISLVVYLIPL,length1,42
-3,583875,583770,105,MLWLGKPLRKQVVYHWLNLYRGRSYIYLRYDVLDE,length1,105
-3,583755,583677,78,MGKLLYSIGSLRINLYVHLQCQSLYQ,length1,78
-3,583671,583449,222,MHQLDKLLHKVHLYNVGKIDERTRILDLEIPHKVHYVESLSEKRLLALGLHHDMSPYRLYNRYTHFHHVSLRNV,length1,222
-3,583407,583395,12,MFPS,length1,12
-3,583281,583158,123,MAIYAKFNALFWLNTFHCVFFRMKSMATCTRQFHCVNIMRP,length1,123
-3,582951,582903,48,MCAVKFTKVEFATRLF,length1,48
-3,582870,582828,42,MAFSTILIWIALVI,length1,42
-3,582807,582741,66,MIRRFLCIIGISQKRQCDKCHT,length1,66
-3,582345,582279,66,MHMTTMACSSVIPTPLSMTNIH,length1,66
-3,582024,581982,42,MAIYTSYPIFTVHT,length1,42
-3,581739,581694,45,MWATFRFIFCCSGFF,length1,45
-3,580590,580578,12,MACR,length1,12
-3,580497,580434,63,MSDNANAIVKSILPLRRWLSW,length1,63
-3,579978,579777,201,MPSSATAEILSCTRSFKLNFSSSKFMDSAIFLPFSSTTRNVIFRWLGICSQFQCSASTVTPVIRRNS,length1,201
-3,579042,578841,201,MRCSASGSIHSGSISATMRPQSLEVSTNSAAITHFGCFLKSTELGKIAKWALRAPRYCCFSASFKPI,length1,201
-3,578715,578706,9,MRK,length1,9
-3,578523,578490,33,MDNAETMIIIS,length1,33
-3,578049,577758,291,MRAVPGSITYLMPGTVNEVSATLVANTMRFKPLGWKILFCSCADKRAKSGRISVCFRFCFCKASAVSRISRSPFIKIKISPRLSACNSSTALRIPCS,length1,291
-3,577686,577581,105,MIGALLKCLEKRSTSMVAEVIISFKSRRRGNNCFR,length1,105
-3,577317,577227,90,MPKLPKPNSKHIFGNWVVLPEPVSPATTMT,length1,90
-3,577035,577014,21,MRADKRR,length1,21
-3,577002,576987,15,MMSFN,length1,15
-3,576729,576579,150,MQRQVLQWYGTFDILTPYQSMIMLWLLIYGLGHELQMRLVRHRRIRLKWQ,length1,150
-3,576486,576474,12,MLHQ,length1,12
-3,576399,576375,24,MPQALQLQ,length1,24
-3,576111,576105,6,MS,length1,6
-3,576087,576060,27,MEILVNILA,length1,27
-3,575988,575973,15,MNPFI,length1,15
-3,575811,575775,36,MKLASKRPNIFE,length1,36
-3,575748,575409,339,MTTKTTAKISINVNVNSLEVESHINKLCSGCELEGITNGNIDTAAVIITPAIVNAEKKNAKPQRFALENAAFNNAATTAKAGKIQRIGISLKFLNHAPVSTATSLFIGDDGAK,length1,339
-3,574965,574962,3,M,length1,3
-3,574431,574386,45,MASPIKELLTIMEFE,length1,45
-3,574359,574347,12,MRRM,length1,12
-3,574305,574293,12,MPKN,length1,12
-3,574059,574035,24,MLEDLLDL,length1,24
-3,573927,573816,111,MEQVLDEFQIQLPLRLILLVVLYQYHNQIHHQELALK,length1,111
-3,573735,573729,6,MS,length1,6
-3,573711,573630,81,MRLSHNLQKEYVRIYFVQQGLTKDLRS,length1,81
-3,573201,573183,18,MLAARK,length1,18
-3,572733,572718,15,MFLTA,length1,15
-3,572709,572706,3,M,length1,3
-3,572334,572316,18,MWILVR,length1,18
-3,572277,572259,18,MVQKQI,length1,18
-3,572244,572220,24,MSVSSARK,length1,24
-3,572109,572061,48,MKLKIASLLVLKVTTL,length1,48
-3,571854,571848,6,MC,length1,6
-3,571815,571758,57,MNVRKLLYFVMLQNVQSFH,length1,57
-3,571752,571749,3,M,length1,3
-3,571701,571674,27,MILSVNVSV,length1,27
-3,571563,571548,15,MPINQ,length1,15
-3,571545,571536,9,MKP,length1,9
-3,571476,571449,27,MLKPKVLKY,length1,27
-3,571437,571398,39,MAFLFQGDLVIVV,length1,39
-3,571371,571332,39,MHEKTKFLTWVFA,length1,39
-3,571305,571293,12,MHVM,length1,12
-3,571209,571149,60,MRRVILKCVPMNQILAEQCV,length1,60
-3,571098,571053,45,MAKKPLKNVIVIAMK,length1,45
-3,570900,570873,27,MVIRCLQAL,length1,27
-3,570861,570840,21,MKITKNL,length1,21
-3,570801,570774,27,MKYFYLVMI,length1,27
-3,570090,569994,96,MIKSASQTTSKGFQPETNSRFKRAAKVIIYSY,length1,96
-3,569349,569340,9,MRE,length1,9
-3,569103,569064,39,MIAIKIFLNITYF,length1,39
-3,569043,569034,9,MAR,length1,9
-3,568302,568266,36,MYHLGEVLQVLD,length1,36
-3,568251,568161,90,MHLHLVKKQRQSEFYPHDHKQFLNQNLGVV,length1,90
-3,567981,567975,6,MI,length1,6
-3,567960,567915,45,MILLQSPHQNNYKAL,length1,45
-3,567714,567675,39,MVHKSLQSLLIKF,length1,39
-3,567396,567336,60,MQSIYSYKISVKKCLSKERH,length1,60
-3,566718,566646,72,MYPFQCDLAQYCAHNQLNVQHLQS,length1,72
-3,566337,566274,63,MRLELDGNERLKVPMPKLKHA,length1,63
-3,565932,565920,12,MVRA,length1,12
-3,565710,565707,3,M,length1,3
-3,564618,564615,3,M,length1,3
-3,564519,564513,6,MF,length1,6
-3,564093,564069,24,MLAYNHNH,length1,24
-3,563757,563721,36,MQNLLDQQIKVR,length1,36
-3,563502,563487,15,MHQIT,length1,15
-3,563469,563427,42,MHGKSRSPVFLKQK,length1,42
-3,562956,562890,66,MRMFTNWKGDIIKSRNIRKKRT,length1,66
-3,561738,561717,21,MTRIHFY,length1,21
-3,561651,561612,39,MMDFHCLRIKMWF,length1,39
-3,561468,561453,15,MFFLF,length1,15
-3,561123,561069,54,MLKQFLNNVNSIIRICFI,length1,54
-3,560841,560799,42,MSPLLRLIKKAWKF,length1,42
-3,560784,560751,33,MSMLNVEVLCY,length1,33
-3,560676,560013,663,MIFLEIIKRELQIAMRKNAEILNPLWFFLLVITLFPLVIGPEPKLLSRIAPGIAWVAALLSALLSFERLFRDDFIDGSLEQLMLTAQPLPMTALAKVVAHWLLTGLPLILLSPIAALLLSLEVNIWWALVLTLLLGTPVLSCIGAIGVALTVGLRKGGVLLSLLVVPLFIPVLIFASSILEAAGLNVPYGGQLAILGAMMVGAVTLSPFAIAAALRISLDN,length1,663
-3,559836,559794,42,MGLSIRPSRLPTGQ,length1,42
-3,559464,559374,90,MHYNGRDFTDYSFFGGVVEHITSRGEYYQI,length1,90
-3,559110,559017,93,MVILCSKFSGSYCLNCSKCKTTQDSVTKCIA,length1,93
-3,558966,558447,519,MNPRRKSRFKLVIFVVLGIAIASGLMLYALRQNIDLFYTPSEVIQGKDNNPNQKPEVGQRIRVGGMVVEGTVVRDPKSLKVRFDLNDIGPAITVEYEGILPDLFREGQGIVAQGVLTQSAVLSATEVLAKHDENYVPPELGEKMQKVHKPMGIKAADLKGESERDRQEKEGAK,length1,519
-3,558426,558414,12,MRWL,length1,12
-3,558354,558345,9,MHN,length1,9
-3,558318,558300,18,MVYLQA,length1,18
-3,558258,558234,24,MILACNIL,length1,24
-3,558174,558111,63,MKALCYCGFGYWRFGHLPLLY,length1,63
-3,557949,557946,3,M,length1,3
-3,557907,557874,33,MWVFRWHLRLR,length1,33
-3,557754,557715,39,MSLAGGAGGSGIQ,length1,39
-3,557460,557388,72,MRIKAVKFVLVIMQNAIHVKVCCY,length1,72
-3,557046,556968,78,MNCNNVRRIVNHSLLAYANYLVLIGE,length1,78
-3,556893,556890,3,M,length1,3
-3,556824,556722,102,MKMVQTILVEKLKLIFQKMGNQRQVYSQKNVFTQ,length1,102
-3,556665,556563,102,MWHLAKNLRTILGRYAYITSHLFAGFGLAAYLWR,length1,102
-3,556521,556512,9,MCC,length1,9
-3,556461,556404,57,MVPLWGISTSLKEAILLLA,length1,57
-3,556359,555816,543,MKKKLLVPLILFLSITIAFLVQLKRNAQGEDIKALESALVGKPVPEKNLTELFENKAYTNELFQQGKPVLLNVWATWCPTCYAEHQYLNKLAKEGVRIIGLDYKDESPKAMKWLKDLGNPYQVVLKDEKGSFGLDLGVYGAPETFIVDGKGVIHYRYAGDVNEKVWTQTLKPIYDKLSEQQ,length1,543
-3,555648,555576,72,MRLSLWICVAKYLSFYKKANRKMT,length1,72
-3,555534,555522,12,MILL,length1,12
-3,555399,555369,30,MKIMRVWQNY,length1,30
-3,555264,555243,21,MGKNVMI,length1,21
-3,555174,555051,123,MLSNSNKNYRKPCLMMYRARFKRMWIILANLMEKFGLSLVY,length1,123
-3,554973,554943,30,MRNCPISLTE,length1,30
-3,554937,554817,120,MKIKIHFLMQKCSNFLPHFESICKKIQLMLKNGGCSVKLG,length1,120
-3,554805,554736,69,MHVWHSIAIKRLINLNQIMCNIN,length1,69
-3,554730,554718,12,MLVY,length1,12
-3,554703,554661,42,MRLINLKVAIYCVK,length1,42
-3,554538,554520,18,MMSEFH,length1,18
-3,554490,554484,6,ML,length1,6
-3,554472,554412,60,MKKNQKVSLPKNNLVRYKTF,length1,60
-3,554259,554184,75,MILVQLILKIKKHLIPMFQIMMLKN,length1,75
-3,554148,554073,75,MKPLHQKVFMNLQLEFVRDLRLQEV,length1,75
-3,554016,553965,51,MAVWLVQLFITKKILKI,length1,51
-3,553959,553890,69,MCLFIQLQTKICLSVFRHKKMKN,length1,69
-3,553869,553845,24,MYQKVGLY,length1,24
-3,553821,553515,306,MYLMRKIVFVSCVILGLAACSSQPEQIGGGVYDMKTVQEYNARVISGNTVTQTQKDKITQQIDTSLKLNQSDNKVKTRTRRVLPVLPVTPSVGYHYNYHYFR,length1,306
-3,553074,553032,42,MQWLRPLHECLKQK,length1,42
-3,551967,551934,33,MEHYESCGYWL,length1,33
-3,551478,551319,159,MTALFYVFSVKIDRYKACLNEYKSAVNLRYEFTLEQDRLALHLHQKFLVLQSV,length1,159
-3,551295,551262,33,MYGQHASSYVN,length1,33
-3,551178,551148,30,MCRVVLNLPH,length1,30
-3,550878,550869,9,MMN,length1,9
-3,550647,550539,108,MVIFLWSVEKLVYAHFPHRYSAKYCLAVPFLLAYGI,length1,108
-3,550536,550422,114,MLEKCGQIYWLYQNILISHDDLTIIRVRLRRQVLRYPQ,length1,114
-3,550356,550326,30,MVLMLPYFSR,length1,30
-3,550245,549429,816,MLNLNELKSGFHYFVMGWHFITQKGLRRFVIIPILLNTILLCGLFWLFISQISSAIDWVMNFIPDWLSFLSVILLTLSILTILLLFYFTFTTFSGFIAAPFNGLLAEKVEKMLTEENINDDSLVDIMRDVPRMLAREWQKLRYSLPKIIALFLLSFIPLVGQTIVPVLTFLFTCWMMAIQYCDYPFDNHKVSFDIMKNALGNQRTQSLTFGGLVTCCTFVPVINLLIMPVAVCGATLMWVENYRNDLGFNMNRSFSSQTGLDVRSENTGIVK,length1,816
-3,549318,549273,45,MQTILILSEIRRLCV,length1,45
-3,549249,549240,9,MWW,length1,9
-3,549162,549132,30,MARSQKGKRL,length1,30
-3,549129,549042,87,MQRVVTRALLWLMLRRLEVIKSRSLCQKQ,length1,87
-3,548916,548802,114,MSCLNNLKIQPTHKFIEKQQGLKFGKIRMAKSMLLLLA,length1,114
-3,548310,548199,111,MTSDCLIPLFYPFLLIQNQFFLLFIFCSLNFFINAVN,length1,111
-3,548130,546909,1221,MTNKVNSYGWKALIGSAVGYAMDGFDLLILGFMLSAISADLNLTPAQGGSLVTWTLIGAVFGGILFGALSDKYGRVRVLTWTILLFAVFTGLCAIAQGYWDLLIYRTIAGIGLGGEFGIGMALAAEAWPARHRAKAASYVALGWQVGVLGAALLTPLLLPHIGWRGMFLVGIFPAFVAWFLRSHLHEPEIFTQKQTALSTQSSFTDKLRSFQLLIKDKATSKISLGIVVLTSVQNFGYYGIMIWLPNFLSKQLGFSLTKSGLWTAVTVCGMMAGIWIFGQLADRIGRKPSFLLFQLGAVISIVVYSQLTDPDIMLLAGAFLGMFVNGMLGGYGALMAEAYPTEARATAQNVLFNIGRAVGGFGPVVVGAVVLAYSFQTAIALLAIIYVIDMLATIFLIPELKGKALD,length1,1221
-3,546861,546843,18,MKQVIL,length1,18
-3,546732,546678,54,MIPPLFVAFTDFNQSTFN,length1,54
-3,546579,546573,6,MH,length1,6
-3,546360,546288,72,MIMWPTFCRAKFRTRTKTNNWTLA,length1,72
-3,545448,545442,6,MI,length1,6
-3,545418,545364,54,MTGTMTNIMHCLNDKRIC,length1,54
-3,545301,545298,3,M,length1,3
-3,545109,545052,57,MTSTRIRNSNNTSMRRKRF,length1,57
-3,545007,544986,21,MNLHTLI,length1,21
-3,544971,544878,93,MIFLHQLYKSISSFYRPMLMSIYLQTIKCKL,length1,93
-3,544857,544851,6,MR,length1,6
-3,544662,544551,111,MIDKFIFYKNIPHTLRCLNILSNTLHHLPIIYFVCIK,length1,111
-3,544503,544464,39,MGNCYLSYNRKDI,length1,39
-3,544200,544197,3,M,length1,3
-3,544068,544053,15,MNKGE,length1,15
-3,543906,543894,12,MVNH,length1,12
-3,543717,543702,15,MINLL,length1,15
-3,543696,543642,54,MNHCIYFFWSRYIRKIVV,length1,54
-3,543570,543561,9,MLI,length1,9
-3,543171,543165,6,MT,length1,6
-3,543015,542961,54,MSGFHIKSPYCLINKTHF,length1,54
-3,542949,542928,21,MLLIIFF,length1,21
-3,542748,542733,15,MEYTH,length1,15
-3,542604,542586,18,MPSFLL,length1,18
-3,542466,542430,36,MMILNSGSHLLV,length1,36
-3,542175,542136,39,MKVIEYIFHHFLL,length1,39
-3,542133,542118,15,MLVYK,length1,15
-3,541875,541857,18,MYLDDQ,length1,18
-3,541815,541794,21,MYKANLL,length1,21
-3,541674,541665,9,MKS,length1,9
-3,541650,540297,1353,MRKISSPREENVMTTYFDKIEKISFEGEKSTNPFAFKHYDANQVILGKTMAEHLRLAVCYWHTFCWNGNDMFGLGSLERSWQKNPNVLAGAEQKADIAFEFLNKLGVPYYCFHDVDIAPEGNSVREYVQNFHHIVDILERKQVETGVKLLWGTANCFTNPRYMSGAATNPNPEVFAWAATQVFNAMNATQRLGGENYVLWGGREGYETLLNTDLKREREQIGRFMQMVVEHKHKIGFKGTLLIEPKPQEPTKHQYDYDVATVYGFLKQFGLEKEIKVNIEANHATLAGHTFQHEIATACALDIFGSIDANRGDPQLGWDTDQFPNSVEENTLVMYEILKHGGFTTGGFNFDAKIRRQSIDPYDLFYAHIGAIDVLALSLKRAAKMLQEKTLQKIVNARYAGWNSELGQHILQGKTSLETLAQLVQQKDLAPKPVSGQQEYLENLVNQVIYS,length1,1353
-3,540144,540138,6,MN,length1,6
-3,540123,540057,66,MEDVNNNQIGGLRHYNKHYKLH,length1,66
-3,539985,539976,9,MDW,length1,9
-3,539904,539895,9,MIY,length1,9
-3,539700,539670,30,MLLVVVISML,length1,30
-3,539613,539568,45,MKCYQNYFLLNKKSV,length1,45
-3,539532,539493,39,MRMSSSPQVEAII,length1,39
-3,539418,539379,39,MLIRKSHCLIYHQ,length1,39
-3,539352,539328,24,MAGYHWFV,length1,24
-3,539229,539157,72,MASLFCHSLMVKEFHLYPMQKRAF,length1,72
-3,539079,539073,6,MA,length1,6
-3,538980,538977,3,M,length1,3
-3,538899,538854,45,MEKENWNFYAKPSFT,length1,45
-3,538851,538815,36,MKTQKLIPTYHR,length1,36
-3,538794,538782,12,MSVI,length1,12
-3,538650,538620,30,MVYRSLLSEV,length1,30
-3,538566,538281,285,MEWFQSRLFRGISLPHQPPHGNFLHFLYQGCKYPKYHFANTKYSLQPHRLHKQNHGGILRCLQIILDFRLLRFGYSSGMPHSPLNLYDFHAARKH,length1,285
-3,538185,538071,114,MGLQIHVLHGILWCLHKLLRLRHRKKEFHGQGNNATTL,length1,114
-3,538011,537960,51,MPPRGIPHQYRQIHRPQ,length1,51
-3,537834,537828,6,ML,length1,6
-3,537291,537144,147,MLVITIKVKKRDNPFLSNFLIFILFIPYLVEMIVIERTTIVKNKEFLLQ,length1,147
-3,536997,536967,30,MYQFWLYSTR,length1,30
-3,536802,536766,36,MGCSKTRYSSCI,length1,36
-3,536016,535986,30,MALKVDSNNA,length1,30
-3,535713,535491,222,MHYGVVREKDVASNYENLTRFELNSLQMLFLSLLNLSFQVKALSNGWLTWFSLYPVGQERANYAAPLRQWSMLV,length1,222
-3,535155,535137,18,MQLKSR,length1,18
-3,534657,534588,69,MEELLHAPFLLVYYVHFGSIYRL,length1,69
-3,534108,534072,36,MENFLKLCQNSL,length1,36
-3,534054,533178,876,MAIQMTTKTTYQWPQSKDIYPYRPGRFDAPKHWRYNLRSFLNRGSIRRFEQFINQHPFLVDIFNTHLDYSYPVACRFLDKRFNASQRFHAVCENLLFLPEKLTALSTPLWEKPLSFGEVIPDFEMTLSMTTHQPMEGYWVLELWHKPRNELVYLLTFAKLGDALLIAVVQGPNFEGSKEMVKQLTKLCHGLRPAYLMVETMKSLTKILDYDKLLGIPQKYQNKSRFIQSKQYTVDYDAIFGESGGELKDYWELPLEMDRNLDDIPSKKRSMYRKRYAMLDDLAKVIEEKLGL,length1,876
-3,533109,533049,60,MAVVLAGERWFLFRTILISL,length1,60
-3,532908,532872,36,MFGIVIYFHIAA,length1,36
-3,532824,532809,15,MFYHR,length1,15
-3,532803,532788,15,MGDKN,length1,15
-3,532623,532596,27,MWVAVNQVR,length1,27
-3,532395,532353,42,MFTKPQDFPFTRFD,length1,42
-3,531978,531915,63,MVTKCSSLPSKRGIASIKPME,length1,63
-3,531867,531837,30,MVRPAYITMT,length1,30
-3,531747,531735,12,MICA,length1,12
-3,531696,531648,48,MSSLGRHNRAIAIITR,length1,48
-3,531615,531534,81,MPMRFLASGILTASNIFTDSAKAVCLS,length1,81
-3,531507,531201,306,MSCSPIFMYGLSDVIGSWKIMEICSARILFNSAFGKLTNSFPSKMAEPSTSPLAANKPIKAKAVCDLPDPLSPTMPSVLPAFSVKFKSFTAVTTPSGVLKRT,length1,306
-3,530952,530925,27,MSPGTSSEA,length1,27
-3,530892,530634,258,MCFKMIWRRGTPQTMAASTNSLFFRLRVCPRTIRARPSQAMAPIAIKIKKMFWPKRVTNKITKNINGNELRISKKRIISISVLPPT,length1,258
-3,530592,530496,96,MKAPAIPTNNEIRPPIAVRTNKSRPEASVPKK,length1,96
-3,530193,530109,84,MMAYKISTIALNKMVNAPTKMVRLKTKE,length1,84
-3,530070,529998,72,MPGKPNTLSMTIEPVIIPTKAGPK,length1,72
-3,529953,529848,105,MILDMESPLALAVRIKLECNTSIIEPRMIRAIPAT,length1,105
-3,529815,529764,51,MYMAVPPFQPPAGSHPR,length1,51
-3,529761,529680,81,MAKISTKTGANTKLGIMTPSIEKLIKI,length1,81
-3,529587,529491,96,METGKADAIKSLTDWSLYLKEGPKSPLERFSK,length1,96
-3,529431,529416,15,MTSGG,length1,15
-3,529278,529206,72,MGEKCGQKIRRFLTALKYEQRINV,length1,72
-3,528936,528807,129,MLLLGCNPHAIQHAPHRNDLHDGYQCKFSTLGFLISHQSNLWC,length1,129
-3,528318,528306,12,MSHY,length1,12
-3,528186,528120,66,MHHPIFRLLFVVMAIRIGESLN,length1,66
-3,527871,527859,12,MSRF,length1,12
-3,527406,527400,6,MY,length1,6
-3,526887,526857,30,MARYPSCRNP,length1,30
-3,526131,526107,24,MKFIIKIF,length1,24
-3,525792,525759,33,MYFHQAIVSYK,length1,33
-3,525417,525339,78,MDVLDFTNVIQVTNLIKIFKFNFDLT,length1,78
-3,525213,525186,27,MEKLSKKFL,length1,27
-3,525147,525102,45,MMVWTICQCLKRKFG,length1,45
-3,525039,524961,78,MDLLQCFGLLLVVFLRAQYTIISVVC,length1,78
-3,524799,524772,27,MYLVLRKVR,length1,27
-3,524760,524553,207,MQRQFIILLKLVGLKYGEWIKQQWLLCGQQLFLLIIFLQPYFQLIRLLVEFIHSLVRYYSLCQLVWYTD,length1,207
-3,524499,524481,18,MLMARV,length1,18
-3,524439,524412,27,MFQFGHFYS,length1,27
-3,524340,524304,36,MKVKVASFSTVQ,length1,36
-3,524250,524169,81,MKIHKRYKMQFQQVLHLKLCMIVRYIS,length1,81
-3,524061,524028,33,MLINVHYLNVY,length1,33
-3,523704,523689,15,MKKLI,length1,15
-3,523665,523650,15,MKKAV,length1,15
-3,523326,523251,75,MNGKKSNKNFSHFLTLILPNAVCSE,length1,75
-3,523239,523167,72,MPLNVRWMLRVVFCLVGHYANTQN,length1,72
-3,523113,523110,3,M,length1,3
-3,523047,523041,6,MR,length1,6
-3,523038,523017,21,MISHYRK,length1,21
-3,522927,522915,12,MAWH,length1,12
-3,522906,522825,81,MAFILMVLLGVEGILGLSFLNFLLMVV,length1,81
-3,522648,522621,27,MKQNVVLVL,length1,27
-3,522615,522558,57,MARLICVWIQLKVYLLKNG,length1,57
-3,522444,522312,132,MAQNFYRVPVNWRNLFHRQFLLKININILRRVVSKLFVFLLIRN,length1,132
-3,522309,522303,6,MN,length1,6
-3,522090,522018,72,MQKFKPILVQEVPYYVWQREFSDV,length1,72
-3,521688,519858,1830,MVKFNSSRKSGKSKKTIRKLTAPETVKQNKPQKVFEKCFMRGRYMLSTVLILLGLCALVARAAYVQSINADTLSNEADKRSLRKDEVLSVRGSILDRNGQLLSVSVPMSAIVADPKTMLKENSLADKERIAALAEELGMTENDLVKKIEKNSKSGYLYLARQVELSKANYIRKLKIKGIILETEHRRFYPRVEEAAHVVGYTDIDGNGIEGIEKSFNSLLVGKDGSRTVRKDKRGNIVEHISDEKKYDAQDVTLSIDEKLQSMVYREIKKAVSENNAESGTAVLVDVRTGEVLAMATAPSYNPNNRVGVKSELMRNRAITDTFEPGSTVKPFVVLTALQRGVVKRDEIIDTTSFKLSGKEIVDVAPRAQQTLDEILMNSSNRGVSRLALRMPPSALMETYQNAGLSKPTDLGLIGEQVGILNANRKRWADIERATVAYGYGITATPLQIARAYATLGSFGVYRPLSITKVDPPVIGKRVFSEKITKDIVGILEKVAIKNKRAMVEGYRVGVKTGTARKIENGHYVNKYVAFTAGIAPISDPRYALVVLINDPKAGEYYGGAVSAPVFSNIMGYALRANAIPQDAEAAENTTTKSAKRIVYIGEHKNQKVN,length1,1830
-3,519846,518382,1464,MKKLTALFNLPELKNDIELHNMVLDSRKVKAGDLFVAIKGHQVDGNQFIDSALHSGASAVVSETELSSEHLTVAFIRNVPVVKYYQLARHLSSLADVFYDSPSKNLTLVGVTGTNGKTTISQLLAQWAELLGHRAAVMGTIGNGLLGQIVEAKNTTGSAVEIQSSLSTFKHAGADFTSIEVSSHGLAQHRVEALHFKAAIFTNLTRDHLDYHQSMENYAAAKKRLFTELDTQIKVINADDEIGYQWLTELPDAIAVSMNADFKVGSHQWMKAINIHYHFKGADITFESSWGNGVLHSPLIGAFNVSNLLLVMTTLLSFGYPLENLLATAKSLKGVCGRMEMIQYPNKPIVIVDYAHTPDALEKALIAAREHCQGELWCIFGCGGDRDRGKRPLMAQVAEQFAEKIIVTKDNPRTEPQSQIEADIVAGFKNMEKVGIIPDRAQAIQFAIESAVENDVILIAGKGHEHYQIIGSEVVHFSDQEIALDFLK,length1,1464
-3,518085,518067,18,MVTREN,length1,18
-3,517293,517242,51,MCRRYERIGRKFSRYSS,length1,51
-3,516999,515919,1080,MLVWLAEYLVRYETAFNAISYITVRAILALLTALFISLWIGPKVIKRLQILKFGQEVRNDGPESHFAKKGTPTMGGVMILFSIGVSTLLWANLANSYIWVCLFVLFGYGAIGFVDDFRKITRKNTDGLIARWKYFWMSVVALVAILWLYWLGHDTDATRLVIPFFKDIMPQLGLFYIVLSYFVIVGTGNAVNLTDGLDGLAIMPTALVAGAFALIAWATGNVNFAEYLHIPYIKYSSEVVVFCTAIVGASLGFLWFNTYPAQVFMGDVGSLALGGALGVVAILVRQEFLLVIMGGVFVVEALSVILQVGSYKLRKQRIFRMAPIHHHFELKGWPEPRVIIRFWIISLMLVLMGLVTLKLR,length1,1080
-3,515913,515907,6,ML,length1,6
-3,515805,514494,1311,MNAYQNKNITIIGLGKTGLSCVDYLLSQQANIRVIDTRKKPTGIDKLPQNIPLHTGSLNQEWLLESDMIVISPGLAVKTPEIQTALKAGVEVIGDIELFCRAATKPIVGITGSNGKSTVTTLVYEMAKAAGVKVGMGGNIGIPALSLLNEDCELYVLELSSFQLETTYSLKAAAATVLNVTEDHMDRYMDLEDYRQAKLRIYHNAEVGVLNNEDKLTFGEGENQARQTVSFAENSADYWLKTENGKQYLMVKDEVILPCEEVTLVGRHNYMNILAATALAQAVGINLDSIRTALRHFKGLDHRFQLVHQANGIRWINDSKATNVGSTVAALAGLYIEGKLHLLLGGDGKGADFSELAELINQPHIICYCFGRDGVQLAKFSSQSYLFETMEQAIEFLRPTLQSGDMVLLSPACASLDQFASFEKRGEEFTHLAQYSA,length1,1311
-3,514431,514398,33,MDTHHTSRFVV,length1,33
-3,514212,514194,18,MGKMAR,length1,18
-3,513273,512220,1053,MKNKKLLVMAGGTGGHVFPAIAVAQTLQKQEWDICWLGTKDRMEAQLVPKYGIPIRFIQISGLRGKGIKALLNAPFAIFRAVLQAKKIIQEEKPDAVLGMGGYVSGPAGVAAKLCGVPIILHEQNAIAGLTNKLLGKIATCVLQAFPTAFPHAEVVGNPVREDLFEMPNPDIRFSDREEKLRVLVVGGSQGARVLNHTLPKVVAQLADKLELRHQVGKGAVEEVSQLYGENLEQVKITEFIDNMAEAYAWADVVICRSGALTVCEIAAVGVAAIFVPFQHKDRQQYLNAKYLSDVDAAKIIEQADLTPEMLVNYLKNLTRENLLQMALKAKTMSMPNAAQRVAEVIKQYSN,length1,1053
-3,511962,511920,42,MKVIKFQVQILPMA,length1,42
-3,511872,511821,51,MQKNILKVPVLLLCLVR,length1,51
-3,511815,511800,15,MITLN,length1,15
-3,511629,511620,9,MVV,length1,9
-3,511599,511590,9,MHI,length1,9
-3,511557,511509,48,MKVMRRFCIYSQWYLL,length1,48
-3,511443,511440,3,M,length1,3
-3,511413,511407,6,MV,length1,6
-3,511389,511377,12,MILF,length1,12
-3,511335,511263,72,MVLVSRQIIALKIMNKQVFKVITQ,length1,72
-3,511248,511200,48,MNVLMCCSMFLENIMH,length1,48
-3,511197,511176,21,MQRLHLL,length1,21
-3,511071,511056,15,MVKCV,length1,15
-3,511050,511023,27,MIMVIIQQK,length1,27
-3,510924,510900,24,MILYKCFR,length1,24
-3,510876,510762,114,MCTQREKPLLLALTVNLFAVPFVILVKLILFWYQILRN,length1,114
-3,510756,510723,33,MFSIKLFKMAI,length1,33
-3,509835,509814,21,MSWLESY,length1,21
-3,509661,508899,762,MNILKRKTPQNIRFGEQKPKYYFHIRAFAVLLGVFFLLGVYFNWQSILEKMDDKPISAFALVGQNTFTTADDIKESLLKMGELKGFWGQDVAPIQEQIEALPWVKGAIVRKMWPNRLSIWVSEYQPVAFWNQNQFVTLDGIVFQLPSVRLTAKNLPYLGGPDYQSLKVIETWNQIYINLKSNNIMAKGINIDDRGAWQIQLDNDIVLKLGRGDWKSKLERFVTIYPQIDVPENKKIDYIDLRYTAGAAVGMVDR,length1,762
-3,508878,507603,1275,MVKGVETKTIVGLEVGTSKVVAVVGEVFPDGVVNVLGVGSCPSKGIDRGSITDLDAVVGSIQRAIEAAESMADCQIMSVTLAITGEHIQSLNESGFVPIAESEVTQEEIDSALHTASSIKLPEGLSLLHVIPQEYAVDRQMNIKNPLGLQGVRLKAQVHLIACHQDWQNNLKKAVERCGLQVDKVVFSGFAATHSVLTEDEKDLGVCLIDFGAGTMNVMVYTNGALRFSKVIPYAGNIVTNDIAHACTISRAEAERIKVNYASAFYPARLHGDKKIEVASIGGRAPRSLTKSDLSLITSARYTELLGVVKDELDKLKAELEAKHIKFELIAGVVITGGGAQIEDLKECASNVFHCQVRIASPLNITGLTDYVNRPQYSTVVGLLQYNHSNSDDDLISGSDDSEGTFFESIWQGVKKIVNKVRSEF,length1,1275
-3,507429,507423,6,MP,length1,6
-3,507324,507240,84,MPSILMLKHCVKVKFNRPYKLVEKQPKV,length1,84
-3,507195,507066,129,MIRMKSVKCLKVPIWSLLQQVWVAAQVRVRHLLLLKLLKNWVF,length1,129
-3,506976,506964,12,MLIQ,length1,12
-3,506919,506910,9,MLN,length1,9
-3,506904,506865,39,MLLLLQTTYCVIL,length1,39
-3,506808,506805,3,M,length1,3
-3,506616,506601,15,MNLTL,length1,15
-3,506523,506511,12,MKFV,length1,12
-3,506472,506409,63,MSQFKLFVKGFLRRILKAKGV,length1,63
-3,505785,505779,6,MG,length1,6
-3,504765,504753,12,MSVF,length1,12
-3,504525,504522,3,M,length1,3
-3,503991,503979,12,MMFL,length1,12
-3,503937,503892,45,MLNLYRFSFGLKIFA,length1,45
-3,503865,503808,57,MFSPSTSNGNRQIATVIFF,length1,57
-3,503781,503736,45,MTSEINKFIDFCMTI,length1,45
-3,503679,503667,12,MGVR,length1,12
-3,503535,503439,96,MRRKMGGIKNKICVLNQWLKIAIFFIYCSFKR,length1,96
-3,503343,503331,12,MMLL,length1,12
-3,502947,502944,3,M,length1,3
-3,501837,501831,6,ME,length1,6
-3,501705,501618,87,MLKIRCQDHNELYLLFHLLECHYLAVDGM,length1,87
-3,501603,501558,45,MLLQFLFSLIFQRDE,length1,45
-3,501495,501432,63,MSLHFFPYLRIDYPKRYLSAD,length1,63
-3,501417,501348,69,MQKLNLMLIPSLQEKEFYCLLTS,length1,69
-3,501189,501123,66,MRCKRESDVKLCTTTLPSKYNI,length1,66
-3,500727,500694,33,MKISMFLIFQH,length1,33
-3,500484,500463,21,MLIFNFI,length1,21
-3,498522,498498,24,MGFSPPYN,length1,24
-3,498453,498450,3,M,length1,3
-3,498354,497817,537,MKKHHVDVLISENDVHARIAELGAQITKFYQEKQIDSLVVVGLLRGSFMFMADIVRQINLPVEIEFMTTSSYGTGMTTNHDVRITKDLDGDIKGKHVLIVEDIIDTGYTLEKVRDILNLREPASLTICTLLDKPSRREVEVPVEWVGFEIPDEFVVGYGIDYAQRHRNLGYIGKVVLEE,length1,537
-3,497313,497277,36,MWSVTVMFVYCR,length1,36
-3,497118,497100,18,MCRRQD,length1,18
-3,496530,496446,84,MSSPTLLPHSVPLSDKTAVAAFIQRCLL,length1,84
-3,495906,495837,69,MSLSGHSRFTRCTKGNNVSTLRG,length1,69
-3,495795,495705,90,MRVSFKSLMICCSITSSNNTPAENDQLFWL,length1,90
-3,494856,494733,123,MSLLNRWKWVFLPIKAHLDSHHNCVLKVEEVKIFHFQFCLK,length1,123
-3,494703,494700,3,M,length1,3
-3,494523,494505,18,MLHPVA,length1,18
-3,494316,494304,12,MFFL,length1,12
-3,494040,493929,111,MAQVNVNRGYQGYPHRKLNDLINRCCDNDLIPLGLKE,length1,111
-3,493884,493845,39,MLHHALLFFQNSA,length1,39
-3,493635,493596,39,MCALLDILLSLSE,length1,39
-3,493575,493569,6,ML,length1,6
-3,493461,493434,27,MLTCFIQCL,length1,27
-3,493287,493242,45,MKSKFIGKFFRLRTH,length1,45
-3,493137,493119,18,MFAPVS,length1,18
-3,492996,492972,24,MICWNLEV,length1,24
-3,492873,492864,9,MYS,length1,9
-3,492546,492492,54,MLSLFRSAVKKTQGFQTA,length1,54
-3,492267,492264,3,M,length1,3
-3,492186,492147,39,MNFIQNFLTNMVA,length1,39
-3,491724,491712,12,MAWR,length1,12
-3,491700,491622,78,MTSPAANTPSTEVAVAFPSRPDFTTI,length1,78
-3,491484,491445,39,MLSPNTSSKVRSV,length1,39
-3,491292,491268,24,MTPTGLLR,length1,24
-3,490905,490893,12,MAAV,length1,12
-3,490803,490797,6,MQ,length1,6
-3,490590,490527,63,MKLYSKFYCNFSCWVFSIISL,length1,63
-3,490014,489975,39,MGWRVKIDDKWFF,length1,39
-3,489786,489768,18,MCMLYI,length1,18
-3,489492,489432,60,MFTIIIAHFFITQRNTVIRK,length1,60
-3,489360,489330,30,MIRMDEIKRH,length1,30
-3,488796,488709,87,MSICQTWIFLPKLIGVALAVTLPELTGRR,length1,87
-3,488520,488484,36,MPRWLTALLEQS,length1,36
-3,488445,488424,21,MMFLSLR,length1,21
-3,488382,488337,45,MFITFYLTAARITSC,length1,45
-3,488313,488118,195,MQFFVPGYIVDFSAHFLILHFMSKYTSHTATSYFFYIKLLSKSSKNFLPFFWTVRHKSRFRTMRE,length1,195
-3,487653,487617,36,MNFHQLLLQIGF,length1,36
-3,487452,487296,156,MIKMKEFRTETWYIDFNRALACTGFTSKASIHCGFYFVRKIIIASPFLNRIS,length1,156
-3,486876,486840,36,MGTHAFSMLSPK,length1,36
-3,485760,485751,9,MWF,length1,9
-3,485664,485580,84,MTRKIHNYIVIDGLTISASASTARRKAD,length1,84
-3,485424,485361,63,MLALKIIKIIKHILFNLWNAI,length1,63
-3,485319,485298,21,MEALIIS,length1,21
-3,484980,483903,1077,MKKTAIALVVAGLAAASVAQAAPQENTFYAGVKAGQGSFHDGINNNGVIGEALQSSGYGYRRNTFTYGVFGGYQILNQDNFGLAAELGYDDFGRAKIREAGKPKAKHTNHGAHLSLKGSYEVLDGLDVYGKAGVALVRSDYKFYEVANGARDRNQGRHSLRTSGLFAVGAEYAVLPELAVRLEYQWLTRVGKYRTQDKPNSAINYNPWIGSINVGISYRFGQGEAPVVAAPEMVSKTFSLNSDVTFAFGKANLKPQAQATLDSVYGEISQVKSAKVAVAGYTDRIGSDAFNVKLSQERADSVANYFVAKGVAADAISATGYGEANPVTGATCDQVKGRKALIACLAPDRRVEIAVNGTK,length1,1077
-3,483831,483798,33,MKLKPSILIKF,length1,33
-3,483753,483432,321,METLDKIKKQISENPILIYMKGSPKFPSCGFSARASEALMNCKVPFGYVDILQHPDIRAELPTYANWPTFPQLWVEGELIGGCDIILEMYQAGELQTLLAEVAAKHA,length1,321
-3,483036,483018,18,MPKNYS,length1,18
-3,483015,483006,9,MAV,length1,9
-3,482772,482739,33,MLKNYPLDYWD,length1,33
-3,482385,482361,24,MGFRLRQV,length1,24
-3,482220,482211,9,MYF,length1,9
-3,482127,482121,6,MK,length1,6
-3,482079,482028,51,MRAFHLKPYDLSRLANP,length1,51
-3,480723,480717,6,MI,length1,6
-3,480675,480594,81,MIMKAVWMIIQFAMLNFLSNAVKRVRK,length1,81
-3,480555,480522,33,MLKNNRITRAD,length1,33
-3,480480,480426,54,MILISSKLTISSWNIVRS,length1,54
-3,480324,480264,60,MEQSVTFPFLIIIISSQAPR,length1,60
-3,480210,480189,21,MSSQITG,length1,21
-3,480120,480102,18,MRQRTN,length1,18
-3,479016,478989,27,MACVVCHND,length1,27
-3,478908,478329,579,MKLLIINNHDSFTFNLVDLIRKLNVPYDVLNVEDLKESTAEKYSHILISPGPDIPRAYPQLFSMLEKYYQQKSILGVCLGHQTLCEFFGGTLYNLENVRHGQKRTLKVRSNSPLFFDLPTEFNIGLYHSWGVQEEDFPDCLEVTALCDEGVVMAMQHKSLPIYSVQFHPESYMSDFGEKILRNWLAIPPSTNP,length1,579
-3,478242,477090,1152,MSSYLFTSESVSEGHPDKIADQISDAVLDEILKQDPKARVACETYVKTGMALVGGEITTSAWVDIENLTRKVICDIGYEHSEMGFDGHSCAVLNAIGKQSADINQGVDRENPLDQGAGDQGIMFGYATNETDVLMPAAITYAHRLMEKQAEVRKSGKLAWLRPDAKSQVTLKYEDNKIVGVDAVVLSTQHSEEVSQKDLHEGVMEEIIKPVLPTEWLSKETKFFINPTGRFVIGGPMGDCGLTGRKIIVDTYGGAARHGGGAFSGKDPSKVDRSAAYAARYVAKNIVAAGLADRCEIQLSYAIGVADPTSIMVETFGTGKVANELLVSLVREFFDLRPYGLIKMLDLIQPIYRETAAYGHFGREQFPWEKVDRAEDLRIAAGLK,length1,1152
-3,476685,476670,15,MSYEV,length1,15
-3,476640,476634,6,MK,length1,6
-3,476598,476556,42,MNLFDKSCHMSLRI,length1,42
-3,476493,476448,45,MKFLSFPQTLAINLI,length1,45
-3,476307,476262,45,MMKNNFCDIFFQFIQ,length1,45
-3,475257,475254,3,M,length1,3
-3,475110,475092,18,MPVIIK,length1,18
-3,475077,475071,6,MP,length1,6
-3,475002,474951,51,MVDANAVPLNTKIISLL,length1,51
-3,474849,474831,18,MAFTAP,length1,18
-3,474432,474390,42,MLPLNKLTQQYRTK,length1,42
-3,474324,474243,81,MKPMPYLLAIQAIGCLNQVRRDAILVA,length1,81
-3,474150,474123,27,MFVKHKLQK,length1,27
-3,474093,474045,48,MPQIQCILLSVFRLIQ,length1,48
-3,473991,473931,60,MPQILSSACQQSDLLQARQK,length1,60
-3,473904,473865,39,MNRPQALKSLEQR,length1,39
-3,473508,473451,57,MLYHFEHLYFLHFLRLLCL,length1,57
-3,473322,473301,21,MNQRFRS,length1,21
-3,473208,473196,12,MVDS,length1,12
-3,473151,473109,42,MIPIKWQLIMFFSS,length1,42
-3,472788,472758,30,MQWKAIGKLF,length1,30
-3,472641,472605,36,MILLKNHSYILT,length1,36
-3,472308,472236,72,MQVLLIKNPKKFGILKTRLKSTAL,length1,72
-3,472077,471963,114,MTFMPFVFAASIAFKIFFELPEVDKPNNTSPFCPTAST,length1,114
-3,471732,471666,66,MLFSSEINLFNTSCASTSSALI,length1,66
-3,471561,471555,6,MK,length1,6
-3,471318,471282,36,MAYAVIGMESNY,length1,36
-3,471213,471129,84,MANYLVSEIILRKFHQSQNLSKVMVGQN,length1,84
-3,471120,471075,45,MFLMCLMQRAIYLSV,length1,45
-3,470925,470889,36,MHLMNVSEAHKF,length1,36
-3,470868,470814,54,MKNVRLLHTIKAKDNLKM,length1,54
-3,470616,470586,30,MNLINMETSD,length1,30
-3,470388,470334,54,MLRIRKNLLCRPFFNTTT,length1,54
-3,470304,470256,48,MFYHRKIVRNENVRQA,length1,48
-3,469875,469824,51,MPFVIKFAFGWFFNHCQ,length1,51
-3,469245,469203,42,MHSFFCNSSKSSII,length1,42
-3,468744,468717,27,MPSTSPCAT,length1,27
-3,468708,468666,42,MRSTALNGVFLSPK,length1,42
-3,468444,468294,150,MPKKPSVASSKIALDIPIVICTIKGAKQFGKITINMRRKIPAPATLDEVT,length1,150
-3,468123,468096,27,MIIVSSTPP,length1,27
-3,468042,468006,36,MINPAKTEIRVP,length1,36
-3,467859,467793,66,MLIKATIKIKIKPISAPRFCLK,length1,66
-3,467472,467460,12,MREQ,length1,12
-3,467127,467118,9,MQL,length1,9
-3,467049,467013,36,MTKITQKKLIQR,length1,36
-3,466959,466806,153,MHRNPLELHCQYSGNIADKEVNLNPIGASFVDVLLPLSHVPPSEFPQDHRE,length1,153
-3,466602,466557,45,MRNQPFNALSLERYL,length1,45
-3,466338,466317,21,MAFFFGI,length1,21
-3,466107,466077,30,MRRGLFFASF,length1,30
-3,465918,465861,57,MFNHKISLCEKRHFCGIKL,length1,57
-3,465486,465462,24,MFHPILNL,length1,24
-3,465108,465075,33,MLKTLLITLQN,length1,33
-3,464850,464847,3,M,length1,3
-3,464766,464754,12,MMSS,length1,12
-3,464745,464706,39,MGNAVKGANPHTN,length1,39
-3,464700,464586,114,MLCVFGKGRLNTMTHFCCGFIGKGHRHNAAFRNIFDRN,length1,114
-3,464289,464283,6,ML,length1,6
-3,464160,464154,6,MT,length1,6
-3,463941,463899,42,MGEVCYPSFIMITL,length1,42
-3,463818,463809,9,MCL,length1,9
-3,463590,463530,60,MSIKALRTRRNIIYLCRNCF,length1,60
-3,463224,463182,42,MIFFHQHLLLILAK,length1,42
-3,463131,463125,6,MF,length1,6
-3,462858,462855,3,M,length1,3
-3,462834,462825,9,MSI,length1,9
-3,462819,462612,207,MCHVKAKFFGNFKHFFYLFESNISLDLYCVKYSLGIFRIHLRCLHSKCEYVFVHNLIRLIHQQAAKFGL,length1,207
-3,462597,462588,9,MVF,length1,9
-3,462555,462552,3,M,length1,3
-3,462348,462336,12,MHYV,length1,12
-3,462318,462297,21,MYQSRFV,length1,21
-3,462003,462000,3,M,length1,3
-3,461946,461805,141,MKKWLLIIAGALIISACANKDVYFNGAEGSHSGVKFDKDSRQWGLNQ,length1,141
-3,461700,461682,18,MPVNSS,length1,18
-3,461613,461556,57,MPPTGVITAAVPHAPASTN,length1,57
-3,461436,461373,63,MNLLSFVIPKKFAAPTSSILV,length1,63
-3,460782,460773,9,MKR,length1,9
-3,460563,460548,15,MLKSG,length1,15
-3,460530,460485,45,MRAAFNQIGLIIYRK,length1,45
-3,460482,460419,63,MSNKLLLKFGFPNYMQTQHHT,length1,63
-3,460164,460116,48,MSFVLHRRRLVIKLNY,length1,48
-3,460005,459984,21,MKQQSDY,length1,21
-3,459849,459837,12,MKVC,length1,12
-3,459807,459777,30,MVWEIGRIFK,length1,30
-3,459621,459615,6,MI,length1,6
-3,459501,458271,1230,MAHCKQCCRLIYLIQNHFMWSIILIALMTKKFKHSVSGLLTQLNKKKMNKLALYCRPGFEKEVAAEIADQASHLGVFGFARVQDNSGYVIFECYQPDEADRLARDIPFNRLIFARQMMVISGLLEDLDPADRISPIVTAFEELSQQVNFAQSSELFVETADTNEAKELSTFCRKFTVPLRQALKKQGWLSAKASQKCGQFLHCFFVKPNCCYVGYSYVDNHSSHFMGIPRLKFPADAPSRSTLKLEEAILTFIPRKEENKRLNENMIGVDLGACPGGWTYQLVKRGLFVYAVDHGKMAASLHDTGCIEHCAEDGFKFQPPKRKKVDWLVCDMVEQPSRISLLIGKWLLNGWCRETIFNLKLPMKKRYQEVILCLENLAVMLAEQNLNFDIQAKHLYHDREEITVHIALKP,length1,1230
-3,458190,458178,12,MDYP,length1,12
-3,458172,458037,135,MGQSVNLLRMSIWYWLNFQAISGRRNAKFMLVGVVKRVALNWYRM,length1,135
-3,457578,457545,33,MITLYFAIKIS,length1,33
-3,457521,457485,36,MMPVKQKLKNSS,length1,36
-3,457479,457470,9,MWL,length1,9
-3,457398,457317,81,MVGSLRIFLMWVVVQRKSGLLKRSKSF,length1,81
-3,457224,457212,12,MKWA,length1,12
-3,457176,457152,24,MLKWVAKF,length1,24
-3,457086,457050,36,MQQKENTNGDFN,length1,36
-3,456669,456666,3,M,length1,3
-3,456129,456111,18,MLAIIK,length1,18
-3,455391,454320,1071,MKPSQKQTQRQPHFSKDSAKKRDFSAKNDRRSVSRTARIETANTKKSAVNSDNKFLSKPKAKPVVRASNQPKAEGEKLQKVLARAGQGSRREIETMIAAGRVSVEGKIATLGDRIDVHSGVKVRIDGQIINLSHAQKEICRVLMYYKPEGELCTRSDPEGRATVFDRLPRLTGSRWIAVGRLDINTSGLLLFTTDGELANRLMHPSREVEREYSVRVFGQVDDAMLARLRKGVQLEDGPANFKEIKFTGGVGINQWYDITLMEGRNREVRRLWESQGIQVSRLIRIRYGNIKLMKGLPRGGWEEMDLENVNYLRELVGLPAETETKLDVKQASRRPKSGQIRKAVKRYSEMNKRYKK,length1,1071
-3,453822,453750,72,MLLVESCCDCFARTSACQSERTDH,length1,72
-3,453156,453111,45,MLLPTSHTNTPFSLK,length1,45
-3,453078,452988,90,MFKPSWPEPKANFGSKWNSSGISARSSSST,length1,90
-3,452802,452763,39,MAIQPLPVHRSRI,length1,39
-3,452691,452673,18,MVRSST,length1,18
-3,452529,452457,72,MGKCKLLKTSCRLSSQGLSCPCPK,length1,72
-3,452436,452310,126,MLYVQRRKSWMVCSSFARLSFKIVATNSWLCEVSIAFLHKSE,length1,126
-3,452241,452235,6,MI,length1,6
-3,451740,451731,9,MGR,length1,9
-3,451626,451608,18,MNYCVA,length1,18
-3,451065,451026,39,MICIGGRMVFAVV,length1,39
-3,450924,450885,39,MPFALRNSTKRST,length1,39
-3,450858,450807,51,MIVMPLPNLTPCASATR,length1,51
-3,450768,450420,348,MPRSAQSTAALIVRGSSPSGSTIRFFAARASSVNWKRNAGGDKRGKRLESATKLLIKSALKCWLMYCLIFSIRSLSSTGTSRLKLCKLNAVCQVLPSIRKIGNFAFSKVGWQSLLI,length1,348
-3,450213,450081,132,MIDAPKCLTKSIARVAIKFAFQGTQANNLMALPANNLFTSVSLI,length1,132
-3,449541,449475,66,MLVKPTPVLTGIRIIVRDIVKP,length1,66
-3,448398,448380,18,MRCACA,length1,18
-3,447996,447555,441,MAFFSIFKQGQIYLNTWPQEAKLGIIFPENRIMKATSFAQKFMPFVAVFAILWQQIYAKNDLMAFSIAILTALFALLIPFQGLYWLGKRANSPLENQSAVWFYDICERLKQQNEPLPFVQEKPTYQHLAEVLRKAQSKFERAFWQEI,length1,441
-3,447297,447258,39,MCVMELQSPFCLF,length1,39
-3,447228,447225,3,M,length1,3
-3,446964,445449,1515,MCGIVGIVSQSPVNESIYAALTLLQHRGQDAAGIVTVDDENRFRLRKANGLVSDVFRQEHMLRLQGNAGLGHIRYPTAGSSSVSEAQPFYVNSPYGVTLVHNGNLTNSVELKEKVFKTARRHVNTNSDSELLLNILANHLDHIPQNHLDPQDIFYAVRKTHNDIRGAYACVAMIIGHGMVAFRDPFGIRPLVLGKREENGKTDYMFASETVALDIVGFEFVRDIAAGEAVYVTFDGELYSQQCTESAVLNPCIFEYVYFARPDSTIDGVSVYAARVHMGEKLGKKIAKEWADEIDNIDVVIPIPETSTDIALQIARVLGKPYRQGFVKNRYVGRTFIMPGQAQRISSVRRKLNTIKAEFKDKNVLLVDDSIVRGTTSEQIVEMARSAGAKKIYFASAAPEIRYPNVYGIDMPSCDELIAYGRNVEEIAHLIGVDKLIFQDLTALTESVQLENPAIQGFDCSVFTGEYITGDISPEYLDKIALQRNDSAKKKREKQASNLEIYNEQ,length1,1515
-3,445140,445005,135,MILGILNGRVKIKCRLPYLPKQSKGNIALHCPVYRQVPICIKATF,length1,135
-3,443970,443928,42,MNKNKEKKIFISEM,length1,42
-3,443733,443718,15,MILPQ,length1,15
-3,443697,443694,3,M,length1,3
-3,443670,443667,3,M,length1,3
-3,443619,443610,9,MLY,length1,9
-3,443550,443529,21,MQVSCVV,length1,21
-3,443418,443394,24,MTNVNYLV,length1,24
-3,443337,443292,45,MFLVPAFLLLVVTQV,length1,45
-3,443259,443226,33,MQNGMKMKSNH,length1,33
-3,443208,443118,90,MQVQKWSMQKQVAVLQRFQWRKLRHVLLVL,length1,90
-3,443076,443025,51,MLKAMANMLVSSLNPFV,length1,51
-3,442902,442890,12,MVNR,length1,12
-3,442833,442662,171,MVAFVCIFIISDALQGIRSHHELMVHLHKALLGGRYLNLPQLLVVSRALMQQQSLHL,length1,171
-3,442458,442410,48,MLVELSDVQPLLQKLH,length1,48
-3,442257,442215,42,MVYQNQIRIRHISQ,length1,42
-3,441975,441897,78,MHCDESRKDVQMHRLESLVTLAFPLP,length1,78
-3,441744,441702,42,MDEVLWLKVELQLF,length1,42
-3,441372,441333,39,MRLIFHDGRAFRH,length1,39
-3,441192,441159,33,MIKAQLLNSLQ,length1,33
-3,440829,440793,36,MHDKHQYVNQQD,length1,36
-3,440751,440742,9,MLR,length1,9
-3,440739,440634,105,MMCDDDYWSQMDFYALNDECPFLFVTNQRHILRSL,length1,105
-3,440124,440028,96,MILFFTGLISNIINSLCDKVWNYMLFSDFWIV,length1,96
-3,439914,439788,126,MQWQMMRQLNANYSLLMYQILLLNLRRFQALERLSRIKVYFM,length1,126
-3,439779,439704,75,MENIFLKVNFMNSQIMALLMSQVKF,length1,75
-3,439650,439638,12,MKNT,length1,12
-3,439392,439386,6,MN,length1,6
-3,439212,439164,48,MLNMLGSLKALTTQKL,length1,48
-3,439104,439035,69,MVSRFNPCQHSGLKALTDRKKYR,length1,69
-3,437115,436992,123,MDGIIFLIKNLLNKRLEPIKKSAFNSFLIMIVEYVLQRRIF,length1,123
-3,436863,436773,90,MFCYLKLQKNPVIQNCLHQIKFNNGQKNKG,length1,90
-3,436713,436701,12,MQLN,length1,12
-3,436689,436596,93,MVFLPILTLSLVENMYSLQVHFITMIIAWRC,length1,93
-3,435810,435774,36,MPFYMNLLEFIV,length1,36
-3,435120,435003,117,MCDIKAKTIRVCPRRYLTISPPNTVNIMDIVFNKATITH,length1,117
-3,434781,434757,24,MIECLFMP,length1,24
-3,434751,434664,87,MQNRFLKCCIVISNILTIKGIMGKIHAVI,length1,87
-3,434661,434592,69,MINTFRKCGIKIDGFKFLLARRL,length1,69
-3,434517,434514,3,M,length1,3
-3,434394,434271,123,MAVIYINNICHIFSDKFVCHLPASKKTTFRINGFTNVMCSH,length1,123
-3,434154,434127,27,MVIIAIFKF,length1,27
-3,434121,434112,9,MAT,length1,9
-3,433881,433854,27,MITRPMVFA,length1,27
-3,432975,432918,57,MKIPKKIMKKINFLERKYV,length1,57
-3,432708,432699,9,MIP,length1,9
-3,432696,432519,177,MIIGIMVFLIIVPSWFEIFNTELTATMLFIHTIFPIAPPTDCKARTSATEMPVVSAVES,length1,177
-3,432228,432201,27,MTNGINAGT,length1,27
-3,431796,431571,225,MFLRISSQLTKIRSANNGIRSAAMEWINAVIDPISKIIFSDNFKAPKPNQVGVPTAPKDTGTEFIISANIATFNG,length1,225
-3,431118,431076,42,MDLYAKAYTYFKKM,length1,42
-3,430986,430953,33,MEYDKDCLIPY,length1,33
-3,430920,430893,27,MRKILRMKG,length1,27
-3,430863,430782,81,MVLVVLGKGRFVMRCYALAEKLGYAFY,length1,81
-3,430587,430581,6,MQ,length1,6
-3,430305,430281,24,MYRLMDHK,length1,24
-3,430236,430185,51,MNHKQYNPPRLVYCLVA,length1,51
-3,429969,429861,108,MPLSSCYGRINRVSFDFRLVHFQYQIDREYLLNLLC,length1,108
-3,429750,429741,9,MFS,length1,9
-3,429660,429615,45,MRSLSQKFHINCCNF,length1,45
-3,429075,429006,69,MFTWRTGFFLFPCGAMSVSYALA,length1,69
-3,428868,428850,18,MDAMAA,length1,18
-3,428175,428130,45,MHARANINTELMSVN,length1,45
-3,428127,428121,6,ML,length1,6
-3,428040,427938,102,MRFCFGNRLCRHNRCRTTNTTSCPSEINQLFIHF,length1,102
-3,427686,427656,30,MIMMGKVGAS,length1,30
-3,427320,427188,132,MRTEASKLPIASSIIIISGSKISARAKATRCFWLIERCLILRFV,length1,132
-3,426948,426837,111,MPAIIFTRVDLPEPLLPMIASVCLRSRVKLTLSTALN,length1,111
-3,426282,426240,42,MYLLVHLRLINVAD,length1,42
-3,426078,426069,9,MSN,length1,9
-3,425280,425271,9,MLK,length1,9
-3,424938,424917,21,MRLINKS,length1,21
-3,424725,424716,9,MLL,length1,9
-3,424677,424566,111,MPGQPKAVSTNIHCVNTNVNTRGTCGTSRGKVLRNTY,length1,111
-3,424476,424386,90,MRIISIVGKIHNTNVGKAKCCNMFCTIFVR,length1,90
-3,424341,424326,15,MDLIS,length1,15
-3,424260,424221,39,MGANQNIGIDSPT,length1,39
-3,424164,424053,111,MPSGKPKINAKNNVMKQSSNVGGRTVRIRFINDFPPL,length1,111
-3,424047,424014,33,MPKSPCNKVPK,length1,33
-3,423993,423855,138,MFCVTRFALRGSRNKMTKPNSDNTSNNNATHRIWRRTDHNISVSPE,length1,138
-3,423492,423468,24,MDELRHAL,length1,24
-3,423159,423144,15,MAFQN,length1,15
-3,423132,423024,108,MPNSFRQWIAYSSAYRCSLISQFGSLQDKRLFDIHY,length1,108
-3,422412,422361,51,MLHCDFLYQIICYKFVP,length1,51
-3,422316,422178,138,MKNLKRGCNKLSHFQLKMLEHLAQPVILHFGLYRAEKIKISDLDVT,length1,138
-3,422172,422142,30,MHCDKLCVKL,length1,30
-3,422124,422103,21,MARILNV,length1,21
-3,421818,421791,27,MVSIYSWRE,length1,27
-3,421689,421545,144,MAARFAVVKFRFSTMVTRANQGHNWRSCRIGAELAFHVAEFGFKCGRK,length1,144
-3,421494,421491,3,M,length1,3
-3,420621,420519,102,MVIINACSTSGLTCSGFSRKRWSNSTCSRLRGSV,length1,102
-3,419928,419916,12,MALA,length1,12
-3,419733,419637,96,MPSFSVKFTKASCARYCAQEAAIIPASFAESE,length1,96
-3,419421,419403,18,MTPCFC,length1,18
-3,419397,419274,123,MTLQVSKISLVSGDGVQFCGINGRRELNSRIKKACLSSSIH,length1,123
-3,419232,419220,12,MASV,length1,12
-3,419124,419109,15,MRIPH,length1,15
-3,418866,418824,42,MSCKNKSAAFQRAK,length1,42
-3,418473,418464,9,MCL,length1,9
-3,418290,418284,6,MV,length1,6
-3,418269,418248,21,MLVRFKN,length1,21
-3,418131,417975,156,MFSINSRISSPCASLMVSPRKRPNILMLLRRVLYSCVIGTPKSKKIKFVSWR,length1,156
-3,417807,417768,39,MISSGAISIRPYC,length1,39
-3,417687,417666,21,MVVNGGA,length1,21
-3,417450,417408,42,MVNLASSIAFSKPS,length1,42
-3,417339,417300,39,MRCLVAKYPPSKL,length1,39
-3,417243,417144,99,MVENDESKSNESCVYSEHITSKPSTLFFANISK,length1,99
-3,417009,416958,51,MDLVVLTFKLRATALGE,length1,51
-3,416676,416598,78,MSDFGYAMIMVVFSMSVVVGLALSIF,length1,78
-3,416307,416256,51,MGNTSMVKKSGIAIFPH,length1,51
-3,416019,416004,15,MRTNW,length1,15
-3,415740,415728,12,MWKI,length1,12
-3,414933,414843,90,MFAIFARSIKNCSDICHHTCDYIGNCHYII,length1,90
-3,414465,414462,3,M,length1,3
-3,414393,414303,90,MAALITNYVFYAIRQKINDFSFTFIAPLCA,length1,90
-3,414246,414198,48,MNSRLLYSFSALISMI,length1,48
-3,413868,413835,33,MTIFAQAVIAL,length1,33
-3,413772,413757,15,MLCFF,length1,15
-3,413691,413682,9,MNA,length1,9
-3,413601,413592,9,MLH,length1,9
-3,412485,412482,3,M,length1,3
-3,412401,412374,27,MVIGLFFLF,length1,27
-3,412290,412275,15,MSILI,length1,15
-3,412206,412164,42,MARKFYVSDQYVES,length1,42
-3,412119,412035,84,MAIEYCLLHDFYPVYVLQFIWYQVLHAV,length1,84
-3,412029,412014,15,MFVLF,length1,15
-3,411546,411495,51,MFFDLRLLCIKLGFDCF,length1,51
-3,411471,411450,21,MFYRAFG,length1,21
-3,411246,411216,30,MIDPFIPSLI,length1,30
-3,411036,411030,6,MN,length1,6
-3,410871,410157,714,MKLLISNQHGAIVMALLPFIYGMLLANPVWAHMFLLLGWFSLYLMTYPFLNLFKGKNLELYKKWSVIYFAAAVIFAIPALIYNWQVLYFMFAMLPFVAVNIYFTKKKDERNLWNDLAGILIFALAGMGSYYFSDRTFDEKILWVAIYPTLFFIGTTLYVKSMMRERKNPRYFWASVIFHLLCVLIFVVSQQFILALAFVPGLVRAVYLPTKKLSVMQVGLTEFAITAVFFILLLVATL,length1,714
-3,410154,409614,540,MKLKLFFHIVLLCFSLPVWAMKTIDITANSKMDDQARMNLAQEFANKQQWSSVFDIMYPMALEGNTTAQSNLGMLYNLGRGTVRDYEKAYWWFSEAAEKGSVKGLNNLGVMYLRGDYVKQNTEQAIKLFERTARAKDTDAMMMLSNIYRLQNQPEKSLEWLKKAAELGNKEAKQRLSSQP,length1,540
-3,409452,409248,204,MCLSNTRLISSACCLEAFSKFSRLFISLNEISKFRQLQINDKRCKCSSLYCRKLPKVRFGGGIKPCCS,length1,204
-3,409239,409173,66,MVSTVQPRALASAPIFINFLKK,length1,66
-3,408822,408801,21,MVKITKR,length1,21
-3,408717,408708,9,MGC,length1,9
-3,408504,408492,12,MGRV,length1,12
-3,407919,407301,618,MHLSEGVLHTPILLAGAVLAVAGIAVGVRRLESERLPLTALFAAAFFVAGTIHVPVGIGSVHLILNGMAGLFLGWAVFPAFLIALLLQVIFFSFGGFAVLGVNLCVMAIPAVIAYYLFRSRLQPQMALKDRLLVGIGAGVIGVGGAGVLASFVLMLDGGKSYLNLVWLLLVSHIPVFVLDSIISVGVITLLGKMYPEVMNRTENFS,length1,618
-3,407193,407109,84,MCLQFLSFLFHCSSVKNLFCLILNVGLL,length1,84
-3,407055,407022,33,MALNSIFKALN,length1,33
-3,406953,406902,51,MMQYLFKPLVNCLCQKN,length1,51
-3,406782,406779,3,M,length1,3
-3,406746,406737,9,MPY,length1,9
-3,406665,406041,624,MLAVNNLCIERNGRAIIQDLSFTLEGQKRLFVQGEIGSGKTTLLLALLGFVPVTKGEIKLFGKVCREEKDFAPFRGTIGICFQNADDQLFGPTVLDDVAFGPLNQNMPREQAYHIAEQQLERLGITGLKDRMVHTLSGGEKNFTALAGVLAMQPKILLLDEPTNGLDRKNTEKLTALLRELSLPMLISSHHHGFINELATEIIRFTNK,length1,624
-3,406017,406008,9,MIK,length1,9
-3,405603,405594,9,MQG,length1,9
-3,405555,405516,39,MRLMQFLHFLPQE,length1,39
-3,405471,405309,162,MNSLLTILCGLPQKHASHKHLHLIHWLNLDKQSQRVATSRFSPKVRLILAIVLE,length1,162
-3,405060,405018,42,MRLFRLNFVLFLHD,length1,42
-3,404799,404757,42,MLRLSLRLDRLVPL,length1,42
-3,404730,404709,21,MYQLCDG,length1,21
-3,404517,404499,18,MTALLG,length1,18
-3,403953,403920,33,MSALFSSLIIH,length1,33
-3,403665,403608,57,MIAFSGKSKTGALKAKGST,length1,57
-3,403176,403128,48,MPGKCAAPPAPAIITL,length1,48
-3,403008,402927,81,MVAQSLLEPITTAICAVFDMLFSQFSN,length1,81
-3,402870,402867,3,M,length1,3
-3,402858,402843,15,MGIIL,length1,15
-3,402795,402768,27,MGDSLYGTN,length1,27
-3,402534,402192,342,MKLLNYKGYVGTIEADLENNILFGKLAYIRDLVTYEAESLSELEKEFRQSVDLYLQDCLELGKEPNKPFKGVFNVRIGEELHREATIIAGDRSLNAFVTEAIQEKIFREKPSLR,length1,342
-3,401787,401784,3,M,length1,3
-3,401619,401613,6,ME,length1,6
-3,401439,401433,6,MG,length1,6
-3,400545,400542,3,M,length1,3
-3,399936,399909,27,MATGWISDG,length1,27
-3,399906,399876,30,MVCITSHSPR,length1,30
-3,399510,399453,57,MTILTLFNCLIFLNELKIF,length1,57
-3,399156,399147,9,MTR,length1,9
-3,399141,399054,87,MSANFRSHLHSTFDIHIIAHFYCAEICNF,length1,87
-3,397404,396690,714,MQLPALQSAKLIRRYKRFLADIELPTGDVMTIHCANTGAMTGCGEKGDTIWYSHSDSQTRKYPHSWELTQLANGQLCCINTHRSNQLVFEALQNKQIKELAMYDEIYPEVKYGEENSRIDFLLKGEGLPDCYVEVKSITLVKGNLGMFPDAVTTRGQKHVRELLAMKKQGHRAVVLFAGLHNGFDRFKIAEYIDPEYDRLLKEAMEQGVEAYAYAGQFEISNEIPTALSLTESVPYIK,length1,714
-3,396489,395304,1185,MTNINTVLAELKRGTDEILSEADLIEKLKENRPLKVKLGADPTAPDIHLGHTVVLNKLRQFQQLGHEVYFLIGDFTGMVGDPSGKNATRPPLSREDVLRNAETYKEQIYKILDPQKTKIVFNSEWLSKLGTEGMIRLASNYTVARMLERDDFKKRFGNNQPIAIHEFIYPLLQGYDSVALDADVELGGTDQKFNLLVGRELQKSAGKKPQVAITLPLLVGLDGEKKMSKSLGNYIGVTEAPSDMFGKVMSISDELMWDWYNLLSFRPLSEIAQLKSEVEKGKNPRDVKILLAKELIARFHNEEAANAAEQEFINRFQKGAMPDEMPEFTFSGEIGLATLLKEAGLVPSTSEAIRSAQQGGVKINGEKVDNVKDNAPKGTNVYQVGKRKFARVTVE,length1,1185
-3,394911,394845,66,MHHLCYICTRATFVNNSHIRIV,length1,66
-3,394248,394209,39,MIAASTLRARETH,length1,39
-3,394182,394164,18,MLLVFV,length1,18
-3,393801,393534,267,MLIPILPVHQWINWLAINNLKRLMRLLHWMNRHQHRLPLEEFYLNEYLHPIEYWLFLVKVLQLDKLDYFPFLDLEFLALKQFDYLVPEY,length1,267
-3,393411,393369,42,MAAHLIVLYFGKVR,length1,42
-3,393345,393306,39,MYSLVNPLVYANF,length1,39
-3,393204,393183,21,MISKCTK,length1,21
-3,393180,393120,60,MVGTHLIIRVHCWLAFQPIS,length1,60
-3,393117,393111,6,MF,length1,6
-3,393012,392979,33,MHLNQQGRFTD,length1,33
-3,392841,392778,63,MLLPYRIRFINVLYISRTFHI,length1,63
-3,392499,392496,3,M,length1,3
-3,392370,392337,33,MTVSARSSKAL,length1,33
-3,392244,392223,21,MPACSCP,length1,21
-3,392091,392085,6,MV,length1,6
-3,390978,390927,51,MSVYLPWRSNTFTASPA,length1,51
-3,390663,390645,18,MRLLVM,length1,18
-3,390516,390492,24,MQLQQSLQ,length1,24
-3,390384,390315,69,MHLRVKSTKLRLHLKQFYRLHLQ,length1,69
-3,390255,390219,36,MPSHKRLITLKY,length1,36
-3,389979,389958,21,MAVQYQK,length1,21
-3,389745,389601,144,MQIRLKAYLRLKYRVYQQIVLGRLRHFLWFVLLRHQLNMHLQIQKLTQ,length1,144
-3,389559,389511,48,MYPLSLRHHLLQFRTP,length1,48
-3,389421,389346,75,MNAPALIQCANRLVVLGQPKRQPIQ,length1,75
-3,388437,388413,24,MEWTKLVR,length1,24
-3,388218,388215,3,M,length1,3
-3,388041,387756,285,MKKLATLTALASALTMAVATAVQAESKSSNTDNTATPCVGDKCVKTKAAEGKCGEGKCGADKAKSAEGKCGEGKCGASKPKAAEGKCGEGKCGSK,length1,285
-3,387693,386772,921,MKLQGAGLGYRRNLAEDFLQLPPNNAIQFIEVAPENWSKMGGMARYQFDQAAERFPLAVHGLSLSLGGQAPLDRKLLRNTKALMNQYNSSFFSEHLSYCECEGHLYDLLPMPFTEEAVKHVAQRIRDVQDFLGLQISLENTSYYLHSPTSTMNEVEFLNAIAQEANCGIHLDVNNIYVNGVNHGLLDPYVFLDQVDVKRVNYIHIAGHDEEHSAAQVVENSADESFNKVKGAYRHLPELLIDTHGEAVKGTVWDLLEYAYQRLPTIPPTLLERDFNFPPFAELYAEVEHIAQLQQKYAHTEVMSYAA,length1,921
-3,386277,386271,6,MA,length1,6
-3,386112,386091,21,MDEMGYI,length1,21
-3,386052,386007,45,MLSKMKIFIFSSYLF,length1,45
-3,385758,385743,15,MRKDK,length1,15
-3,385365,385356,9,MVC,length1,9
-3,385233,385170,63,MDCYYKFNYIKPNWCNIELSF,length1,63
-3,384828,384822,6,MD,length1,6
-3,384771,384639,132,MPRHNGFMTGLSVRNLNVLTGGAKKLLDSFTQQSEVLLFANYYG,length1,132
-3,384390,384276,114,MHCSLKAALQPQNSFEAQQILFNQFLREYNEERSHEGV,length1,114
-3,384135,384042,93,MPWLVMFCQPTSTVAILLNRFLLTRYGCVPL,length1,93
-3,383994,383928,66,MHLSHRLYHILCDISATWVIFR,length1,66
-3,383913,383889,24,MFIILRNL,length1,24
-3,383703,383607,96,MQVVFLWVLVILWCNLVILAFNFCQFWLKSLP,length1,96
-3,383361,383355,6,MM,length1,6
-3,383298,383220,78,MYVSRVSAISHSGSPKRLNKPSSICS,length1,78
-3,383163,383097,66,MPLVLPKGNGLSSISQSRNIAR,length1,66
-3,382746,382740,6,MT,length1,6
-3,382641,382623,18,MPMLGI,length1,18
-3,382515,382479,36,MLSTPSWPKPTK,length1,36
-3,381789,381759,30,MSNFSGRYAS,length1,30
-3,381156,381114,42,MPKPADDTVCISSP,length1,42
-3,380928,380901,27,MLLISCRVN,length1,27
-3,380829,380826,3,M,length1,3
-3,380697,380628,69,MPALMPDTANFFFVAPKRFNSEV,length1,69
-3,380451,380442,9,MLV,length1,9
-3,379968,379770,198,MILPSVMVCCGNITSNLFGSILSSTACNSSCAVFRFVKVCEPWYLDKDFATDSWASSLKVSSAPDN,length1,198
-3,379611,379587,24,MGKARTEL,length1,24
-3,379419,379407,12,MVWL,length1,12
-3,379056,379023,33,MQHHLIWHLLH,length1,33
-3,377616,377613,3,M,length1,3
-3,377166,377142,24,MTCCYQGR,length1,24
-3,377022,377010,12,MNRD,length1,12
-3,376434,376383,51,MYTLLLHWYYYVQQEHQ,length1,51
-3,376239,376218,21,MLYHPTQ,length1,21
-3,376050,376047,3,M,length1,3
-3,375435,375432,3,M,length1,3
-3,374925,374910,15,MKDER,length1,15
-3,374904,374889,15,MKDER,length1,15
-3,374883,374868,15,MKDER,length1,15
-3,374862,374847,15,MKDER,length1,15
-3,374841,374712,129,MIPFYMADLYYFLKYLHIDCKEGVVIVACHILLWVCTSTKRTL,length1,129
-3,374592,374583,9,MSC,length1,9
-3,374031,373971,60,MKLSIGEHTIYISNNKFNIF,length1,60
-3,373833,373638,195,MDSFGGTCHKVFGCFIQRFCTIGGKRATNIAIRDNAFKLLVFHYQGNTHSPFIHHGQTICKIGIG,length1,195
-3,373563,373488,75,MEFGKIRRLEIACRNKRYGECIAKC,length1,75
-3,373404,373341,63,MACERRIFIARHGNNFITKIF,length1,63
-3,373230,373227,3,M,length1,3
-3,372024,372021,3,M,length1,3
-3,371946,371865,81,MPKSNLYHYFLLYFVVNQLNVFQFQQG,length1,81
-3,371661,371625,36,MKSREIYLLIKL,length1,36
-3,371544,371532,12,MSPL,length1,12
-3,371427,371415,12,MALS,length1,12
-3,370251,370215,36,MVIFICVLLSLI,length1,36
-3,370128,370050,78,MFLQRQRQFVKPMLKPSLPCLKKPLL,length1,78
-3,370020,369921,99,MFLLRLVLRVFKLQNVLGSLSRFAIRCYFPKWK,length1,99
-3,369693,369450,243,MLNILFFAQTRELIGVDAIQLEDDFATAEAVREHLAQKGDKWALALEKGKLLVAINQTLMPLESAVKNGDEIAFFPPVTGG,length1,243
-3,369447,368997,450,MTDIQISVQEQPFDQNAVYQWLSEQHSVGATVIFVGKVRDLNLGDAVSSLYLEHYPAMTEKALNEIVAQATARWDIQRVSVIHRVGLLQTGDEIVLVGVSSAHRGDAYHANEFIMDFLKSKAPFWKKEQTNQGERWIEARESDKEALEKW,length1,450
-3,368943,368934,9,MLF,length1,9
-3,368703,368670,33,MAIFRHNCNMH,length1,33
-3,368019,367956,63,MLIGRININFYIKAIRFRFNT,length1,63
-3,367884,367881,3,M,length1,3
-3,367446,367377,69,MFSFAVSRNHIKIFVTKEFFWFC,length1,69
-3,367113,367041,72,MTIFICFWAVSWRVKRNRPLYNGI,length1,72
-3,366555,366528,27,MNFFYYANL,length1,27
-3,366219,366201,18,MRLALR,length1,18
-3,365955,365949,6,MK,length1,6
-3,365919,365892,27,MHLLNKCQI,length1,27
-3,365811,365805,6,MY,length1,6
-3,365736,365643,93,MCNGKQDIIQQLVLYKLEYIQDKIPAIRRKD,length1,93
-3,365571,365550,21,MLHIRVL,length1,21
-3,365238,365142,96,MQSLHNDVMTTSYHFLIDDDNVGIRLVHLIEE,length1,96
-3,365091,365067,24,MEAKLALF,length1,24
-3,364842,364818,24,MCKRKCKN,length1,24
-3,364695,364683,12,MMNA,length1,12
-3,364623,364566,57,MAVVKVQCVLIYRVILRVY,length1,57
-3,364563,364404,159,MQNTLLTLHSNLLKRKRVLRKNVKQKLQLKKHNKKSIRVNLRIKTLKKRVNYH,length1,159
-3,364341,364320,21,MLKKQQW,length1,21
-3,364281,364275,6,MV,length1,6
-3,364188,364185,3,M,length1,3
-3,364176,364155,21,MRGYRCV,length1,21
-3,364008,363963,45,MMIFPRKFLIVILKI,length1,45
-3,363906,363894,12,MVLS,length1,12
-3,363891,363882,9,MNS,length1,9
-3,363846,363840,6,MM,length1,6
-3,363822,363792,30,MNVILMRYLY,length1,30
-3,363771,363684,87,MVKIKLKLIVKKRLRHKLKLMRINFGMLV,length1,87
-3,363678,363657,21,MTLLILN,length1,21
-3,363546,363471,75,MLLRVKLILTPVIFPQEQQKVLMKV,length1,75
-3,363426,363294,132,MMKLASNLLYLVRQRNVVKSCILGIKSLVLGKQQAILKTLLVGV,length1,132
-3,363081,363057,24,MSKNYWLN,length1,24
-3,363012,362997,15,MAVVH,length1,15
-3,362958,362865,93,MALLCRFAMLISVFVFMKMMMLRNNIRGYYL,length1,93
-3,362727,362721,6,MI,length1,6
-3,362664,362646,18,MVVQPN,length1,18
-3,362592,362526,66,MGKIKKIMRLLGIKSHQRVIWK,length1,66
-3,362502,362496,6,MQ,length1,6
-3,362484,362436,48,MKNILLVLLKILNLLH,length1,48
-3,362433,362424,9,MKN,length1,9
-3,362412,362382,30,MNAEIENFYH,length1,30
-3,362355,362331,24,MIKMMQDV,length1,24
-3,362274,362235,39,MICRKITKHQISS,length1,39
-3,362121,362061,60,MVLTALCLRKATSAVILIKV,length1,60
-3,362055,360588,1467,MVVFKSTLKLSLFALSLSMMMSGCVLVGLSKNDQSKSLYGINLSHLSFAERKELEEAIYADQQRLTEEKQTLLNMTLTHEIGDHKLQFKPLLARLYASRKYAPLWTDNAAARQLLRDYAAMVASGISKSSATSLETLALVEQQGGLVYDVLLSDILLDYLYYTQNVRSQASNWLYSSAQYQAQQPENDHIQRWLSAVENNQLLDFIQSLAGENHLYRQTVQSLPMFIPTSKESNIAQKLAMNAQRLRVIPDFHNGIFVNIPSYKLQYYRDGDLILESRVIVGTDSRRTPVMYSKLSNVVVNPPWNAPIRLINEDLLPKMKADPNYITEHNYSILDNQGNVVDPASIDWESIGNKFPYRVRQAAGDSALGNYKFNMPSSDAIYLHDTPNRGLFNRKNRALSSGCVRVEKSDQLASILLKEAGWTETRKNTVLASKKTTSAPIRSDNPVFLYYVTAWIENGNIVNLPDIYGYDRQINLAEINWDLVKKYLQ,length1,1467
-3,360570,360012,558,MNYVDQNKRKWLSLGGIALGISILPNSVLAMVSTPKPRILTFRNINTGERLSGEFSLAKGFSPAMLKKLDYLMRDKRTNQVHKMDPNLFQKFYNIQTNLGLRNAEIEVICGYRSASTNAMRRRQSRGVAKNSYHIKGKAIDFRIAGVPLIKVKSSAESLRNGGVGYYPTSNFIHVDTGPVRTWKGV,length1,558
-3,359958,359205,753,MLFDSHLHLDQLSDENIQQILAHSKIIGMLAVSTNLNSAKKLLNLKQTYPKKLYFAAGFHPEQQLPSLEEQKKLFQWIDEHHSSISGIGEVGLPHYSKRENPNLDYAPYIELLERFILIAKKWDLPLNLHIVHNDVEIALELLQKHKIQRAHFHWFKTDEKSFQKFFSTPYFASLTPDILWNPKTQYVAQHLPLNRLMIETDSPWQHEGFESAVISEQLFAVAKKVAELKSLPLHSVQKQILLNTEQFYRL,length1,753
-3,359193,358557,636,MNIEIIPVTAFQQNCSLIWDDEKNAAIIDPGGEAERLIQRIEELDLNLKVILITHGHLDHVGAAMQLKQHFGVEIWGSNEKDKFLFESLPEQAQRFGLPNIDAFLPDRWFNQEGEILKLDGFNFEILHLPGHTPGHIGFIEHEKKVAFTGDVLFQGGIGRTDFPRGDYETLISSIRTKLLPLNDDIIIIAGHGSYTTIGQEKRSNPFLNPKS,length1,636
-3,358158,358140,18,MYVVIR,length1,18
-3,357987,357936,51,MRKKWSENIASNIIIKR,length1,51
-3,357909,357900,9,MIG,length1,9
-3,357849,357837,12,MKAI,length1,12
-3,357708,357699,9,MKR,length1,9
-3,357642,357618,24,MPIVFVAI,length1,24
-3,357222,357207,15,MRLFH,length1,15
-3,357165,357156,9,MMW,length1,9
-3,357114,357108,6,MY,length1,6
-3,357081,357039,42,MNLQVNIPANVRGM,length1,42
-3,357000,356982,18,MIREST,length1,18
-3,356898,356814,84,MIQNIAKCLLLLFTEIQLWQDRGLFKKH,length1,84
-3,356802,356763,39,MPVVIVWAVLFAS,length1,39
-3,356724,356682,42,MTRVPQSIAPILQK,length1,42
-3,356661,356568,93,MLMVMILKRWHLLRVWRWNIVIYSNEIFLLI,length1,93
-3,356550,356523,27,MVITRQMNH,length1,27
-3,356463,356451,12,MRIA,length1,12
-3,356403,356385,18,MIIAMR,length1,18
-3,356379,356259,120,MAIAWYLNGEKWIRQKWIGCNISTMIGLRRMKANFHRNVF,length1,120
-3,356187,355998,189,MIVKQCIKAKNCSTGAWLKPWLMQPYLMKVLMFVYQAKMRDEVLFSIVMLLCIIKMMVRGMYH,length1,189
-3,355917,355887,30,MATQQQIQKL,length1,30
-3,355851,355782,69,MVRKLLSTNLLALANKNGAECVV,length1,69
-3,355764,355605,159,MAMRDKALNILLLVLNVICNFAQNKICKFACHQHLHRCITCCVVSLYVKCAVH,length1,159
-3,355536,355518,18,MELSKR,length1,18
-3,355503,355482,21,MSLILKM,length1,21
-3,355407,355404,3,M,length1,3
-3,355365,355356,9,MRM,length1,9
-3,355335,355149,186,MRMSRIMYGAKKNHLTKGLGIAANIILNQQFQNPLNSNMQGVQLLLRLLWVICRFTLNSKNS,length1,186
-3,355140,355134,6,MR,length1,6
-3,354975,354933,42,MQLLPLGIKNWAIL,length1,42
-3,354924,354885,39,MRLLWKLKRIKSC,length1,39
-3,354864,354819,45,MVYWLKLFKLRAKQW,length1,45
-3,354774,354756,18,MSVQRR,length1,18
-3,354744,354654,90,MNPHHLIVKMQRLKIVIIIMRIRALQFVVY,length1,90
-3,354645,354597,48,MIYKQIKFKVRVWVVV,length1,48
-3,354393,354372,21,MKWICSR,length1,21
-3,354252,354174,78,MLLLMGMMLFTITILILVLQFQHHVD,length1,78
-3,354087,354078,9,MAN,length1,9
-3,354036,353973,63,MVACSVLLCPLQLSIHHKVRF,length1,63
-3,353934,353922,12,MVKW,length1,12
-3,353754,353730,24,MNKKLTAL,length1,24
-3,353520,353484,36,MVVAIQQLAYGY,length1,36
-3,353265,353247,18,MLHHVR,length1,18
-3,353193,352989,204,MNKRKKRRNELLQVHSRSLGKGKVVFLNYVKSRRILCHLRYKCLRCISHKVGYHGLNHRSKMKYLVRV,length1,204
-3,352884,352803,81,MSKFQSKFLIQESTLKAIMPRSGYDLE,length1,81
-3,352740,352665,75,MLRSRYGLAIHLLLLDARKKKVVFQ,length1,75
-3,352551,352530,21,MPFYLSF,length1,21
-3,351861,351849,12,MPFA,length1,12
-3,351771,351723,48,MASKVRCVKSLAEPSE,length1,48
-3,351684,351624,60,MTPIPSERRASELRFAATTG,length1,60
-3,351486,351480,6,MC,length1,6
-3,351372,351369,3,M,length1,3
-3,350535,350499,36,MKPSIASHSSRV,length1,36
-3,350316,350280,36,MVSWMSEVRMPS,length1,36
-3,349302,349296,6,MS,length1,6
-3,349179,349170,9,MVL,length1,9
-3,349047,349032,15,MRNNI,length1,15
-3,348957,348918,39,MTIQFFRRLFKNK,length1,39
-3,348459,348405,54,MTSLANFNKDDSFFVIHY,length1,54
-3,348324,348294,30,MLKARPLLTF,length1,30
-3,348135,348090,45,MSNHASAPIAYKRIN,length1,45
-3,347988,347937,51,MKSVLVFVALALARELA,length1,51
-3,347469,347385,84,MISWTEFIEVSNTCTGMVELPFASLKPD,length1,84
-3,347382,347259,123,MVVPRICPSPLNGKSKPICDTFVCWKLSNVSNSFGNNVAAA,length1,123
-3,347007,346968,39,MSLRFSATIAKVS,length1,39
-3,346179,346173,6,MP,length1,6
-3,345858,345789,69,MAFRRSQSYKRRDGFDCGRQTKV,length1,69
-3,345531,344085,1446,MLNQVSNTLLTPSNLSTQTLLNIFDIMSHRNIDYADLYFQLSQDESWVLEDGIIKEGGFHIDRGVGVRAVSGEKTGFAYADQINLASLQQCAEAVKGIAQVKQGNLISLSAFNVVNPIARYAAINPLESLTKEKKIELLHLVDRTARAEDHRVTKVSASLSSVYEEVLIMATDGTLAADIRPLVRLSISVLVEENGKRERGSCGSGGRFGLDWFFEVVDGDIRAVLFAKEAVRQALVNLSAVAAPAGLMPVVLGAGWPGVLLHEAVGHGLEGDFNRKESSLFTGKIGEQVTSPLCTIVDDGTIENRRGSLTIDDEGVPSQCNVLIKDGILQGYMQDKMNARLMGVAPTGNGRRESYAHLPMPRMTNTYMLAGQSQFDDLIASVKQGIYAPHFGGGQVDITSGKFVFSTSEAYLIEKGKITKPVKGATLIGSGIEVMQKISMVADKSELDLGIGVCGKEGQSVPVGVGQPALKIDEITVGGTN,length1,1446
-3,343740,343704,36,MGWHSLSYGRYD,length1,36
-3,343419,343398,21,MKKKTEH,length1,21
-3,343365,343359,6,MI,length1,6
-3,343272,343173,99,MELFFQLLKHLKKLSILLLSKQFPFTYFECHSP,length1,99
-3,342981,342978,3,M,length1,3
-3,342330,342315,15,MMLLL,length1,15
-3,342270,342153,117,MAMIMIAILSSSIQCELTESNSSITLPKLFAYQALHSMN,length1,117
-3,341994,341979,15,MKKVN,length1,15
-3,341868,341733,135,MVTTITTATMFVKLMKAPLLVLMPTQLATMKPQAVQENLLSLRFV,length1,135
-3,341595,341505,90,MHLTSQQNMAKIPFGSLKSLVHIGYQNSFP,length1,90
-3,341292,341175,117,MAQKVAILNVMQSKPKQQCFIVSLLQVLQFVIVQFTKKK,length1,117
-3,341154,341028,126,MLHYVAMIKIGLKCYRQKLITELSLNFTTDILCAMSFTKITL,length1,126
-3,341016,341001,15,MIMKN,length1,15
-3,340941,340938,3,M,length1,3
-3,340719,340671,48,MFTAKLFDLFQSTLVQ,length1,48
-3,340614,340593,21,MSTKKAA,length1,21
-3,340542,340218,324,MIQSALKPCKYSMVCNVFRIVDFGSFWGKPNYEVAFALVNTTRNFVFVHPYPTLHSVLSLVTVRFFDENYLLSLLQYGLFPREGRYADNGLCYFTYIDKVLMQTQVIC,length1,324
-3,340209,340203,6,MK,length1,6
-3,339990,339870,120,MTLFLRSNLFSQQNQTSTSSKDRKARRDSLFYRFQHIQLS,length1,120
-3,339807,339789,18,MLLKIF,length1,18
-3,339738,339717,21,MFRKGTL,length1,21
-3,339420,339381,39,MLMDVLNQFYRNL,length1,39
-3,339303,339246,57,MANSLDDISCSWFSFCTNH,length1,57
-3,339159,338853,306,METVVSWRKHFALIDIVNFNSFQNLSLNEMSNSNFCHNWNANCSLDFLDHLRIAHSRDTSNSTNICRNSFQSHHCSCTSSFCNASLFRILNIHDNTTFEHLC,length1,306
-3,338763,338760,3,M,length1,3
-3,338730,338718,12,MRIY,length1,12
-3,338559,338514,45,MFLKTFFYVVRFSEI,length1,45
-3,338412,337680,732,MVMRGNCLYNAQNFENERIICMGMIITVDGPSGAGKGTLCYALAEKLGYALLDSGAIYRVTALAALQRKTDLTNETDLAELARHLDIQFIPQNGEVNILLAGMDVSRLIRTQEVADAASKVAVFQKVRSALLQLQQDFAKNDGLIADGRDMGTVVFPNAQVKLFLDASAEERAKRRYKQLQNKGINGNFAQILAEIKERDLRDRNREVAPLKPADDALLLDSTALSINEVIDQALSYIQEKVSV,length1,732
-3,337614,337596,18,MWMLLT,length1,18
-3,337575,335928,1647,MSESFAQLFEESLKGLETRQGSIVSGTVVAIQKGFVLVDAGLKSESAIPVAEFLNAQGELEIQVGDTVNVALDAVEDGFGETKLSREKAVRHESWIELEKAYEEKATVIGLINGKVKGGFTVELNGVRAFLPGSLVDTRPAREADHLLGKELEFKVIKLDQKRNNVVVSRRAVIESENSQEREQVLENLVEGSEVKGIVKNLTEYGAFVDLGGVDGLLHITDMAWKRVKHPSEIVNVGDEVTVKVLKFDKDRTRVSLGLKQLGQDPWAAIAENHPVNSKLTGKVTNLTDYGCFVEILDGVEGLVHVSEMDWTNKNIHPSKVVSLGDTVEVMVLEIDEERRRISLGLKQCKANPWTQFADTHNKGDKVTGKIKSITDFGIFIGLEGGIDGLVHLSDISWSISGEEAVRQYKKGDEVSAVVLAVDAVKERISLGIKQLEEDPFNNFVAINKKGAVVSATVVEADAKGAKVELAGGVEGYIRSADLTSEVAIGDVVEAKYTGVDRKSRIVHLSVKAKDQAEEAAAVASVNNKQEDIVIPNAMAEAFKAAKGE,length1,1647
-3,335688,335595,93,MVIVLKFEVLVAFLYIIGNHVWEEIRKQAIQ,length1,93
-3,335532,335517,15,MFRLN,length1,15
-3,335151,333963,1188,MIELLFLLLPIAAAYGWYMGRRSAKKDQDDISNKLSRDYVTGVNFLLSNQTDKAVDLFLDMLQKQEIENEIESHSQFEAELTLGNLFRSRGEVDRALRIHQALDLSPNYTFEQKLLAKQQLARDFMVVGFFDRAENLYILLVDEPEFAENALQQLLVIYQKTKEWKKAVNIAEKLAKIKPQENNIELAQCYCEYSQSLEPESAVEKRSVLQKALSVSPTCVRASLLLANLAMLDGQYQQAVEILENVLEQNPDYTGEILSPLKHCYEELNQLDNFELFLIRAGQIINNDEVELALVKLIEEKDGKSAAQAKLYQQLTKNPSTLIFHRFMQYQIDDAEDGRGKESLILLHKMVGERIKQTSPYRCTNCGYQIHKLLWNCPSCRQWESIKPVSNQEHN,length1,1188
-3,333906,333879,27,MRKKQRLLL,length1,27
-3,333774,333732,42,MFFWILNITIFQIR,length1,42
-3,333624,333594,30,MGKMHHCLLP,length1,30
-3,333543,333513,30,MHRQWNKFYA,length1,30
-3,333483,333477,6,MV,length1,6
-3,333261,333222,39,MYLLGNHKCQILF,length1,39
-3,333207,333174,33,MWGELKRKRLL,length1,33
-3,333009,332958,51,MVLLKFKGKNEICSSNY,length1,51
-3,332793,332778,15,MHISC,length1,15
-3,332715,332709,6,ML,length1,6
-3,332361,332310,51,MGFTRAFISPNVEKRLF,length1,51
-3,332223,332214,9,MNG,length1,9
-3,332193,332184,9,MFM,length1,9
-3,332085,331746,339,MIATIAHKLIPFSDTLPTSTNILPIPNVITTEIIHRLRASVTSTLPRIKVLMPTTAIEPKTSIIIPPITIVGMVDRNAPTFPQNEIAIAQTAAQVIIFGLKLRVSITAPVTSA,length1,339
-3,331290,331191,99,MPMIIITGPTTTGGKKRCSASAPRNFTNVLKAK,length1,99
-3,331122,330921,201,MGAIKAKDDAKKIGTCLPVQNWKSRVPTPAVNNAVLESSPVINGTRTSAPNATKSICRPTKDCFNLL,length1,201
-3,330711,330630,81,MAINRSAVEFNVRVRSLKSLNSFWCSH,length1,81
-3,330612,330591,21,MFTTFCF,length1,21
-3,330423,330396,27,MFKYTIHHT,length1,27
-3,329910,329850,60,MLDKYYGDIQLASRHCYHQD,length1,60
-3,329397,329058,339,MLVFLCAWALVQSFLAREVRSFFYEIFLHPVLGCDVKFHLLQLMIQLCVLDVLGFRVVLNVPAHLKRKGLPNLECSFYLVLLENKLILYFATVLAHLHNYQYFQPHLALMAVE,length1,339
-3,329010,328830,180,MPMPSIMSFLLQYDDLAHLINLFYQKQSLDKKTEHLLERYVWLKMKNVHCHLKIFVEEVA,length1,180
-3,328554,328473,81,MQALQKEYFLASKYGQDAGRFEFHLML,length1,81
-3,328353,328308,45,MNDEIAYGLHRLSKP,length1,45
-3,328029,328023,6,MP,length1,6
-3,327990,327939,51,MFLVATFWLRLDSSSNP,length1,51
-3,327933,327885,48,MTFKIDECIAINAQII,length1,48
-3,327156,327153,3,M,length1,3
-3,327027,327006,21,MRIFIKD,length1,21
-3,326775,326769,6,MC,length1,6
-3,326730,326565,165,MWHVGTHLFINVNKTTIIYFNACFTCINQFTIWHTTDSDKYCIITFGVITGFAFH,length1,165
-3,325647,325260,387,MKRAPSAPSMTRWSNDNDIGRIKRGANSLPFHTGSIDDLDTPRIATSGAFTIGAKCVVPIPPRLEMVKQPPCISDAVNLPSRAFFDTSINSRESSIMPFLFTFLNTGTTKPFGVSTATPMLIYFFRIKR,length1,387
-3,325191,325086,105,MNTTGVIFTPSFCFSANAFCSLRNASKSVISALSK,length1,105
-3,324102,324093,9,MID,length1,9
-3,324081,324015,66,MVSPTFTITSVTVTSSLPISGI,length1,66
-3,323715,323559,156,MHGFDQHNLSHSQLKQRLVNQLILEQRMVRVVSLLGVISSNVLHHDLRVLIH,length1,156
-3,323556,323478,78,MKAQKIHLKSHRSHLQEFVPLHERDA,length1,78
-3,323343,323340,3,M,length1,3
-3,323259,323238,21,MQMMDRK,length1,21
-3,323052,323031,21,MESSVGY,length1,21
-3,322998,322977,21,MRLHLIH,length1,21
-3,322773,322764,9,MHE,length1,9
-3,322719,322713,6,ML,length1,6
-3,322701,322671,30,MQELYIQHQI,length1,30
-3,322641,322587,54,MLYGDHVSIHTQVCLQQI,length1,54
-3,322551,322521,30,MVIQRSHGNL,length1,30
-3,322350,322257,93,MPRFHHRSYQQLMQQFLDNDRRSVREYMHHL,length1,93
-3,321999,321990,9,MHL,length1,9
-3,321954,321855,99,MHKLFDLWYLLNHGYRDILRNALGRWHSQGLNP,length1,99
-3,321804,321786,18,MKINRR,length1,18
-3,321426,321396,30,MKHHLYVLDQ,length1,30
-3,321345,321276,69,MNLMIATNLVFRLDQCHFLKSQT,length1,69
-3,320976,320520,456,MQTTTRTLTQHKRIALVAHDSCKKNLLNWTQKHKEALKPHILYATGTTGHILERETGLSIQSLLSGPMGGDQQLGGLIAEKKIDMMIFFWDPMNAAPHDPDVKALMRIATVWNIPVAINQSSADFLLTSVLFEQDVEIDVPDYEGYLKERLA,length1,456
-3,319827,319794,33,MVEFYIVGHFT,length1,33
-3,319776,319773,3,M,length1,3
-3,319524,319509,15,MIRGI,length1,15
-3,319023,319020,3,M,length1,3
-3,318741,318627,114,MRKNIHILQFVINRSKSPTPNFKIFTRSTKWEKLLVLT,length1,114
-3,318567,318510,57,MQKGHVLLRQSLHIQIMKP,length1,57
-3,318363,318348,15,MAMLG,length1,15
-3,318189,318168,21,MQVKSQV,length1,21
-3,318165,318126,39,MLNVSLMNQQRLR,length1,39
-3,318078,318072,6,MT,length1,6
-3,318024,317976,48,MANKLSKYWQPVVTLT,length1,48
-3,317931,317871,60,MSSKKNKISIYVMMQWHYNV,length1,60
-3,317790,317769,21,MRQVLNT,length1,21
-3,317679,317664,15,MQIKV,length1,15
-3,317565,317562,3,M,length1,3
-3,317553,317511,42,MKRWQSVRQFKVVY,length1,42
-3,317502,317499,3,M,length1,3
-3,317493,317481,12,MFFY,length1,12
-3,317220,317208,12,MQTA,length1,12
-3,317130,316986,144,MKKFNKWCVMQKQMLMQTVNLKKLFKLVTKQMVLLTQHVNKLQKLAMH,length1,144
-3,316794,316782,12,MMAW,length1,12
-3,316779,316761,18,MLNLKK,length1,18
-3,315507,315369,138,MKKSAFRGLFYMQIISSKNYRTLGFICERCIRLHKPIYNLLMLLTP,length1,138
-3,315126,315054,72,MIPILFAILFLSLRRHSHLLVSIY,length1,72
-3,314955,314904,51,MFPMCYRCLDVGFWRYQ,length1,51
-3,314475,314460,15,MYRRL,length1,15
-3,314262,314238,24,MHNFFQQW,length1,24
-3,314220,314181,39,MQHLWLVYPFVLT,length1,39
-3,314079,314070,9,MNS,length1,9
-3,314019,313998,21,MFYLKCT,length1,21
-3,313848,313800,48,MSHIHCNLCANNGIHH,length1,48
-3,313749,313695,54,MIDKWCNIYGNYRRTCHH,length1,54
-3,313656,313515,141,MSEQYITHRAATNGSHRCDNDHAKNIHFLTTCRKCACHSFSGDTDDI,length1,141
-3,313431,313383,48,MTHYFFRRQNYVRTIF,length1,48
-3,313098,313053,45,MWSFCRVFYLETTQN,length1,45
-3,312618,312531,87,MDGFCLIKKTIIAPWGIYPRLLRFRLVRK,length1,87
-3,312096,312087,9,MPI,length1,9
-3,311952,311871,81,MRFSFLWVSGMMKKTNAAANNPTSEIT,length1,81
-3,311838,311835,3,M,length1,3
-3,311784,311760,24,MVDITLDS,length1,24
-3,311601,311553,48,MIGFRPKLSPKGPQKS,length1,48
-3,311541,311535,6,MP,length1,6
-3,311397,311379,18,MKVDFC,length1,18
-3,311274,311271,3,M,length1,3
-3,311223,311178,45,MITTFRNGQIHIVII,length1,45
-3,311052,311025,27,MMFWRSDAM,length1,27
-3,310959,310956,3,M,length1,3
-3,310869,310833,36,MQHKILAFFYPS,length1,36
-3,310380,310272,108,MSFSVTPSRSVIIIKRLSNFIRGVRSCHFSLASCSL,length1,108
-3,310059,310044,15,MTVIP,length1,15
-3,310011,309969,42,MKNLWHLFTALLIF,length1,42
-3,309942,309909,33,MLLLRKSYLFC,length1,33
-3,309903,309852,51,MKSLANASHQKNFVIKL,length1,51
-3,309333,309306,27,MLLYRTKIA,length1,27
-3,308838,308802,36,MYRPLRLPKPSK,length1,36
-3,308232,308205,27,MLETLLRTY,length1,27
-3,308100,308007,93,MWFIWFIRKTPCLYSRYYWLKRRRENCRCFK,length1,93
-3,307263,305340,1923,MKKAHSPLFPIFTFVLINLIILSLSRLGLAVWQSERVSAVDGWLQLFLQGVRMDVVALCYLFGVPALLTTLFHSSKVWVKILRLWLTFGSVFIIFMEIATPAFIETYDYRPNRLFIEYLIYPKEVFSMLAEGHLSAVIFSLVFTILAAVIYWKISGWAVKNLRSISWKLRPVIALLVIVVSFLGARSSFQHRGINPAMVAFSSDALVNSLVLNSGYSVIYAAQQFKDEEKSSEMYGKMDADEMFRIVKASRGRPESDYISDKYPTLTKNVATYQGKPKNIVILLQESLGAQFIGTLGGKPLSPNVDQLAKEGWLFENLYATGTRSVRGIEATTAGFTPTPARAVVKLNNAQSGFFTIADLLHKQGYNTSFIYGGEKHFDNMASFFYGNGFKDIWDQQDYQNPKFTGTWGVSDEDLFDKANETFTKLQNEGKPFFSLVFSSSNHDPFEYPDGKIELYEQPKATRNNAAKYADYALGHFFKMAKQSNYWKDTIFLIVADHDSRVGGASLVPIKHFHIPALILGDGITPRRDSRLVSQIDMPTTLLSLAGVSGNYPMIGFDLTQDVNPDRAFMQYDQTQAMMKGNNDVVIQMPNKAAQGYHYDKSTETLTPKEVPDAMKKEALAHALLGSYLYKNRLYSSGENK,length1,1923
-3,305274,305271,3,M,length1,3
-3,304713,304710,3,M,length1,3
-3,304305,304287,18,MRFINN,length1,18
-3,304116,304089,27,MFFNEVFTA,length1,27
-3,303762,303747,15,MQHHL,length1,15
-3,303384,303366,18,MRQTIR,length1,18
-3,303306,303249,57,MQNEWFCVDFFRHKVRSVF,length1,57
-3,303234,303186,48,MPILAYLLCKIDQAKI,length1,48
-3,303150,303135,15,MSQIH,length1,15
-3,302937,302913,24,MRKFFIFL,length1,24
-3,302787,302739,48,MSLVQVQQEEPIFLLV,length1,48
-3,302514,302508,6,MP,length1,6
-3,302271,302202,69,MLVSTTTGVWLKSAVIFHRTFFV,length1,69
-3,301944,301815,129,MRGKIAGNNKFAVSWPEGMKYAVNKAGENKCDACLDAIILNLM,length1,129
-3,301767,301764,3,M,length1,3
-3,301377,301371,6,MP,length1,6
-3,301284,301227,57,MTSSRSFCFSALVLACFIS,length1,57
-3,301152,301122,30,MGVLCISINA,length1,30
-3,301095,301029,66,MNRPSNNEYVFTKNPIILNTRI,length1,66
-3,300984,300975,9,MLM,length1,9
-3,300870,300813,57,MINIAKLLSCHPFRVVFFI,length1,57
-3,300438,300381,57,MISVSGEYKREFKNIFLLL,length1,57
-3,300306,300300,6,ML,length1,6
-3,300258,300219,39,MILCLFIKLWGMK,length1,39
-3,300081,298413,1668,MSSQFVYTMHRVGKVVPPKRHILKDISLSFFPGAKIGVLGLNGAGKSTLLRIMAGVDKEFEGEARPQPGIKIGYLPQEPKLEPQQTVREAVEEAVSEVKNALTRLDEVYALYADPDADFDKLAAEQANLEAIIQAHDGHNLDNQLERAADALRLPDWDAKIEHLSGGERRRVALCRLLLEKPDMLLLDEPTNHLDAESVAWLERFLHDYEGTVVAITHDRYFLDNVAGWILELDRGEGIPWEGNYSSWLEQKEKRLEQEQAAENARQKSIAKELEWVRQNPKGRQAKSKARMARFDELNSGEYQKRNETNELFIPPGPRLGDKVIEVQNLTKSYGDRTLIDDLSFSIPKGAIVGIIGANGAGKSTLFRMLSGQEQPDNGSITMGETVVLASVDQFRDAMDDKKTVWEEVSNGQDILTIGNFEIPSRAYVGRFNFKGVDQQKRVGELSGGERGRLHLAKLLQRGGNVLLLDEPTNDLDVETLRALENAILEFPGCAMVISHDRWFLDRIATHILDYGDEGKVTFYEGNFSDYEEWKKKTLGDAATQPHRIKYKRIAK,length1,1668
-3,298161,298146,15,MVVDS,length1,15
-3,297861,297810,51,MDEMAFILKHWLLQLEH,length1,51
-3,297726,297645,81,MEISQQSPRLILFIISNNVLNAIISPF,length1,81
-3,297585,297576,9,MPR,length1,9
-3,297369,297363,6,MN,length1,6
-3,297345,297309,36,MNLNLVNPLGCS,length1,36
-3,297306,297294,12,MKLR,length1,12
-3,297120,297111,9,MIS,length1,9
-3,297096,297081,15,MIFCC,length1,15
-3,297078,296973,105,MPKMIFSTSTIAILLITLRKTLKTFPSPACGGRYP,length1,105
-3,296859,296853,6,MG,length1,6
-3,296799,296733,66,MEKINVFILPNINRIYSVQFGH,length1,66
-3,296712,296703,9,MMS,length1,9
-3,296634,296538,96,MKIFPKPVNCVHSAFHVSPCNQIGSKRALVKI,length1,96
-3,296253,296238,15,MSSIG,length1,15
-3,295962,295944,18,MGVRST,length1,18
-3,295563,295551,12,MRIS,length1,12
-3,294804,294798,6,MA,length1,6
-3,294642,294630,12,MPIY,length1,12
-3,292179,292164,15,MFSII,length1,15
-3,292080,292074,6,MP,length1,6
-3,291192,290955,237,MTPEPKPRKLRFDSLRPPNCSAKRSPKKNLNSSGISSRKGEREAPLAFPSTERVTTAGCTFSNIGARLFCSETKLGKVA,length1,237
-3,290823,290769,54,MFNKRRANYLVKKEIGAV,length1,54
-3,290688,289800,888,MSWINRIFSKSPSSSTRKANVPEGVWTKCTACEQVLYSEELKRNLYVCPKCGHHMRIDARERLLKLLDEGSSQEIAADLEPKDILKFKDLKKYKDRISAAQKETGEKDALITMTGTLYNMPIVVAASNFAFMGGSMGSVVGAKFVKAAEKAMEMNCPFVCFSASGGARMQEALFSLMQMAKTSAVLAQMREKGVPFISVLTDPTLGGVSASFAMLGDLNIAEPKALIGFAGPRVIEQTVREKLPEGFQRSEFLLEKGAIDMIVKRSEMRQTLASVLSKLTNQPSPFVEPELISEDE,length1,888
-3,289101,289092,9,MAK,length1,9
-3,288705,288660,45,MALCNFRRLSRAVRR,length1,45
-3,288084,288081,3,M,length1,3
-3,288039,288024,15,MCLGN,length1,15
-3,288006,287937,69,MKFLTDNRKCFHLENFIGADNGI,length1,69
-3,286914,286905,9,MGD,length1,9
-3,285840,285756,84,MMLQRCHQKYLQFLPHFHRQKYRLLKPV,length1,84
-3,285678,285666,12,MRTT,length1,12
-3,285603,285597,6,MR,length1,6
-3,284841,284823,18,MSKNVN,length1,18
-3,284601,284589,12,MPPY,length1,12
-3,284388,284370,18,MAIQTR,length1,18
-3,283995,283986,9,MLA,length1,9
-3,283695,283680,15,MHAQR,length1,15
-3,283614,283578,36,MIGLNPSLVFLF,length1,36
-3,283236,283143,93,MGSLLFRLCFTEFVGNFRLFEPLAASLENFR,length1,93
-3,283131,283116,15,MKQRK,length1,15
-3,283005,282831,174,MCSLRFLQLPISPQQRLMLLKVFQIFITCRKIVERIATFRDSCPSLFNCIFTIHFLKH,length1,174
-3,282795,282792,3,M,length1,3
-3,282516,282504,12,MPVW,length1,12
-3,282384,282330,54,MVVIHYVNFFFIGTENCH,length1,54
-3,282084,282039,45,MCTKRGKASTVIRIE,length1,45
-3,281559,281526,33,MYEIAVCNFLS,length1,33
-3,281394,281292,102,MHRPHIWHRIQPRCLFNIKTKCGQFLLKFCNTIF,length1,102
-3,280236,280143,93,MCKPMKQCWILAVGLVLLLYRSHNKVQRYMP,length1,93
-3,280131,280122,9,MEC,length1,9
-3,280041,280020,21,MMCHKLM,length1,21
-3,279894,279795,99,MRAYLRQLAVKILVSPLIFIYSIGCIKKAFRQI,length1,99
-3,279636,279615,21,MDRKNGR,length1,21
-3,279603,279552,51,MWIASNVSSGINLFFYH,length1,51
-3,279510,279423,87,MITTFGFINEKICRLLLSICLKRTSCLHG,length1,87
-3,279375,279273,102,MMIIHKVCRHLKNVIQQCRFMGRKNVRKKVRLKL,length1,102
-3,279234,279189,45,MSFRLGDTLNSTLVF,length1,45
-3,279162,279087,75,MRYFLQVADVFLQAIMRRCLMVCSV,length1,75
-3,279048,279027,21,MNIPWGI,length1,21
-3,278634,278541,93,MRMEVGKAHHLWTWRQRLNYIRQHWYVLAYF,length1,93
-3,278145,278106,39,MLEVRQKESRFLG,length1,39
-3,277602,277575,27,MIAKIQFET,length1,27
-3,277326,277290,36,MTKQWLMNIIPT,length1,36
-3,276807,276762,45,MIQISAGLNECAARF,length1,45
-3,276729,276669,60,MSEHISRFTIAAAFKHCRPE,length1,60
-3,276633,276567,66,MIKLCITAFSPKFVEINAFTLT,length1,66
-3,276051,275982,69,MVVIKTNIKTCKITNVIGFCFGN,length1,69
-3,275904,275844,60,MDFIATHTLKTHPNIRLDMF,length1,60
-3,275838,275832,6,MA,length1,6
-3,275829,275790,39,MNCPIGIRQGASD,length1,39
-3,275613,274503,1110,MATYFSDNLTADQQNQVQQIIQQFQHPTLQKDLIVLNTLKKVEKGGDTLRIELKLPFAWNSGAEQLKQAVSDALLKATDCKSIKWAVAYQIATLKRANNQPAVKGVKNIIAVSSGKGGVGKSSVSVNLALALQAQGARVGILDADIYGPSIPHMLGAANQRPTSPDNQHITPIKAHGLSANSIGFLMNEDSATIWRGPMASSALSQLLNETLWDSLDYLVIDMPPGTGDIQLTLSQQIPVTGAVVVTTPQDIALLDAVKGISMFERVSVPVLGIVENMSMHICSKCGHHEAIFGTGGAEKMAEKYNVKVLAQLPLHIRIREDLDAGNPTVVRVPENEISQAFLQLAEKVSTELYWQGSVIPSEILFKEVK,length1,1110
-3,273678,273006,672,MTRIAIIPARAGSKGIKDKNLQLVGGVSLVGRAILAAQESGMFDQIVVTSDGENILKEATKYGAKPVARPESLAQSDTRTIDAILHCLETLNISQGTAALLQPTSPLRNALDIRNAMEIFLGGKYKSVVSACECEHHPYKSFTLEGTEVQPIHELTDFEAPRQKLPKSYRANGAIYINDIESLFEEKRFFIAPMRFYLMPTYRSIDIDSTLDLQLAESLISKEF,length1,672
-3,271881,271830,51,MRAIQIIFTAEQCGTFI,length1,51
-3,271485,271476,9,MMG,length1,9
-3,270831,270828,3,M,length1,3
-3,270039,269835,204,MGKIVSRPDLSAFQNISDAVFFRLVPNTLIIKHPIKKAIYQQFLLFLINGIGFGFLPFALVAVRQFRV,length1,204
-3,269229,269133,96,MTRKNTVHALILNTLNGVICGTMIRTQNAMVM,length1,96
-3,269109,269058,51,MLKVNCNYWLKSTQRTI,length1,51
-3,268758,268719,39,MNAFLIKHKPLSF,length1,39
-3,268623,268557,66,MQKSKQRSQNSKSLLNPKILAL,length1,66
-3,267432,266790,642,MRPTKRHFLEVSAAIANAAETEDLSDFTEYDKMCRILARHRKDLKNIQSTERKAAFKKQILPDYLPWIEGALSVGSGKQDNVLMTWCVWAIDCGEYHLALQIADYAVFHDLRLPEPFTRTLGTLLAEEFADQAKAAQAANKPFEVAYLEQVQRITADCDMPDESRARLLRELGLLLVEKNPEQALAYLERALGLDQKIGVKGDIKKLKKTIINN,length1,642
-3,266781,266772,9,MLF,length1,9
-3,266679,266652,27,MTTKGRKAI,length1,27
-3,266487,265983,504,MSDGAISVKLAPDYEMGEVQQQLNDYDTSDDIISNDGFFPDMSLAQFRNQYRADGTITTQRLQDALIEGMASVNAELSTFKTQSKRDSLEQITAPSINGESVLIYRYKRAVSCLALANLYERYASYDSTNDGEKKMAQLKDSIDELRRDARFAISDILGRKRVDAELI,length1,504
-3,265959,265950,9,MTI,length1,9
-3,265797,265551,246,MTQFNFGADMHDTPSRASYTSGIFAFLIGRIADMFSNVNWADVASITGIVIGVATFLVNWYYKKKDFELKEKELKQRSHHHD,length1,246
-3,265410,265362,48,MPRRCFNSRHRYNRCC,length1,48
-3,265281,265275,6,MR,length1,6
-3,265200,265182,18,MWQIKK,length1,18
-3,265053,264705,348,MFNFLTAKERSILLIGPILLVLLIMFLGFEANYWRKEMLKEEQLKLKWQNSYIELNHSVQQFAEQQAQLIQAVNNLKAKQNQQTQDLKNVLKSNQDWADSPLPDDVKRLFNSAGNH,length1,348
-3,264561,264546,15,MHGRI,length1,15
-3,264528,264315,213,MTDQFDRAQQLEEMQREIALKKHRTFKAVSRLYCEDCDAPIPEKRRQMIQGVTRCVTCQEQEEKRQRQFRT,length1,213
-3,264204,263736,468,MKKPNQLRKILEQSHPDFVKNPDHLQLYVDGGQIIATGAASFSFEYRYTLNVVVTDYAGDIAALIVPMLAYLRTNQPEIFENPQIRENAFKFQVDYNNNHTADISFEIQLTERVISKKEGNNVQIHYAKEPVWDEPTRVKVYLENWDSPIFEGDIV,length1,468
-3,263589,263484,105,MVQPLNRENHVKNLEKRKGESNAKPCSPNFVLPDI,length1,105
-3,263469,263313,156,MGTKFQWVLMVQVLPLLQCINTAYILVHLKIKISKCNMPSVNYWAFRKVMWS,length1,156
-3,262209,262194,15,MEKQD,length1,15
-3,261546,261531,15,MAQTN,length1,15
-3,261453,261441,12,MAII,length1,12
-3,261336,261330,6,MD,length1,6
-3,260901,260892,9,MVY,length1,9
-3,260697,260619,78,MGKNKKHFEQRLAINKRNGRKCLGII,length1,78
-3,260094,260052,42,MHLLFVKLLTAHRK,length1,42
-3,260025,259989,36,MPKKSRQMFKPF,length1,36
-3,259959,259509,450,MLERKHIKFVEIHHLFTQISLALGFTEQDIDKHSTNLAELIALWQQQEFVEVYVENKDRLFGRAKDSSLAYGASPYYIGLYHARLSYEENDPLVVLTFNYEDNPEQTTVSVRFMVDHDTLFGTKEEKFIQQRMKDIRKRIDDFIQLGNKK,length1,450
-3,258843,258417,426,MKIELSKQFQEGRLNTPFFKDIQAMSDEELQLIFDFMQSIKQGKLLRGKNKPSWLDDNLNDIPNTEVYQQNEIWHYHCGPYNKGSRYCPMSGLKINLNGETSGPVIHYQKISDEHIVIIAFSPQHEPFPREWDTPNPIIDRA,length1,426
-3,258123,258105,18,MCDVIR,length1,18
-3,257601,257592,9,MAV,length1,9
-3,257442,257388,54,MSHAVVKITKKCTTKNYF,length1,54
-3,256296,256212,84,MKTGQKKLNALRLNSLILYTNTKARLAQ,length1,84
-3,256092,256071,21,MNKPITN,length1,21
-3,256056,255822,234,MMLNPSQDISISSLSPSPQQGHFVPLLVSNGAKSSRYIHNRNIYGITIFCNLNRLRNTCYRSRIKPRATVTAHPICSG,length1,234
-3,254724,254715,9,MAY,length1,9
-3,254610,254520,90,MERCRRRRRAYWCSCIIPSCGNQSRWFFTC,length1,90
-3,253407,253398,9,MKE,length1,9
-3,253392,252792,600,MKVYFLKENLNSYQIFPIPQNLNDFVEMEVENESELETKQLIYFKSQYILVDRQPTELHKWNGNSWIVDEKKKTEIKRELIKNLVDSIDDTAANISSRWIRFAEEYKEREAAAIAFKEANFAGEVSVYISSFATVAGLDNQSASLLILQQAERLRALQQQLAVQRMRKYELKHEALSDEELKNIHDDIVSKMRQLAEAQQ,length1,600
-3,252621,252609,12,MKQK,length1,12
-3,252549,252522,27,MFMIEKNGI,length1,27
-3,252354,252303,51,MKAGGLVRISLLLLLPP,length1,51
-3,251385,251223,162,MVHGMQLVALVNGWGKQLEVQWIGWTTIKQQVILSVMLLLVLVVTLRKNKLVKI,length1,162
-3,251154,251130,24,MRIGRIKV,length1,24
-3,251121,251088,33,MILLDWQMAVF,length1,33
-3,251046,249876,1170,MAELHDSFGESMEKAGYERASDSDSSFSGGGGWREDNSSDSYRSTSDRWNDHKSRYGKDKVYTDAFNERRNNSSWSGGHSAISRTISEKYHSLSNGQMSAAVPEKDQKTLTGGLFGKSYSNAPYSERTPSIFDRNIRGSMTLNNGDVWSSDPQYSSVRERADINSYDRIKRGEELNLIGRAVGGVFSGVGGAATTPVGKIAESAANFGLSHVGDLSRQFKSNQEQAYYDSLTPEGKAYYDTRVDFINKSYKNAREKYETNDKWIDRGITAAQVGLSALGPPGAMLGSGIGLLGKAINKKDTMTKSLRDLTETLNSNALNNHIAQQNELAEKERQAYKEFMAGRDLRSDNTQPKGILNTMHNRMQNIDPDKQVKTSDVPNLRNYWANIIVS,length1,1170
-3,249864,249339,525,MGILDSMTQQSQPQTTEQSAVENPQGSQQQGSMAQMYQMLMQNSINAIANVAQQRIQEKGPEEGIADLVAKAMISNLQAAQQNGKTIPPQVMMQVAKDLAMQLLQQVGVPEEQIDDVLIDILMNALEQFGEATHGALPQEEEQQYVDMINKVSEMESQRRAQVQNGQSKPMQQGA,length1,525
-3,249333,248571,762,MGWGGILGAMTQGLGTGIVKNVEQGWKDEETQKLLDWKTAEADKQRAFDSELLDKKYKHEFELEDHRTRNEISAAAAKARISARYSHGGESEAQKNLLGATQTLGIYDSQLHSLQEKLSATEDKEQQNAIAARINAVSAERENYLKRPDTIAAFKGAGQMGQALYMTGGGNMDLYNPKPVERETVAEDVKSSVAPPVRNMIDVNNLTPQQAADIARQKSEDAARLQFSKASADAKDWAQKRTQYQSSTFIPRTF,length1,762
-3,248481,248472,9,MFT,length1,9
-3,247911,247884,27,MRTDTLNLS,length1,27
-3,247569,247494,75,MKARITLNIVYLLLAYYLINNSSLN,length1,75
-3,247449,247410,39,MALINWHYFTLYF,length1,39
-3,247269,247260,9,MIL,length1,9
-3,247053,246996,57,MNLTLFLCLRFNKLSSYYY,length1,57
-3,246570,246561,9,MAR,length1,9
-3,246396,246357,39,MKNYYHVRKFLKH,length1,39
-3,246315,246249,66,MKRIFAFQLIPKQENLILFAVG,length1,66
-3,246240,246234,6,MK,length1,6
-3,246189,246159,30,MIQICNLESM,length1,30
-3,245751,245724,27,MLALALKLQ,length1,27
-3,245715,245682,33,MISELIQLVLA,length1,33
-3,245646,245625,21,MNLVVSV,length1,21
-3,245607,245586,21,MIIQHNL,length1,21
-3,245580,245457,123,MRWHLRMFLLLSLMKIIILWILLLKLIILLKPLVVMVKTCV,length1,123
-3,245412,245406,6,MS,length1,6
-3,245403,245370,33,MLSIKQKIIKC,length1,33
-3,245340,245316,24,MKNLHKSL,length1,24
-3,245280,245271,9,MCQ,length1,9
-3,245268,245262,6,MN,length1,6
-3,245250,245178,72,MVWKMKILLKSFKLVLKMRLQPQQ,length1,72
-3,245148,245130,18,MLKIVY,length1,18
-3,245040,245034,6,MI,length1,6
-3,242493,242433,60,MWYRREKLQRCKSWRPNRGV,length1,60
-3,242019,241986,33,MLNVLGNLGSF,length1,33
-3,241929,241872,57,MLPSNAVQNLFARLSLCLI,length1,57
-3,241575,241491,84,MCRTAYSLFLPSLPFSKRLFCVARFLFY,length1,84
-3,239964,239949,15,MPRFF,length1,15
-3,239115,239103,12,MLSS,length1,12
-3,238401,238128,273,MDIPAPIKGIIFFSLKSSFNRINRFRLSEVISNILLASFKFLCFLSVFQNSKTSLYASGSRVYKISCRKKLFPLIIISPSEFSSSMKSRSK,length1,273
-3,237951,237888,63,MLTFNMPHCHCFVISNTLKFG,length1,63
-3,237885,237837,48,MMFGIKIIEPFRIFFG,length1,48
-3,237822,237813,9,MLV,length1,9
-3,237189,237177,12,MVSI,length1,12
-3,237099,237075,24,MSFEIFYI,length1,24
-3,236748,236697,51,MARRHLLVLRCRHSALV,length1,51
-3,236328,236199,129,MPFCRWVRGGKSCVAAKRSWRCLWVVCRMPNVDHRQGIRSTNR,length1,129
-3,236190,236175,15,MAGLP,length1,15
-3,236061,236049,12,MWWG,length1,12
-3,235929,235884,45,MARAFRQSGKRWISA,length1,45
-3,235278,235188,90,MTKVFRLNRLKMLVVMCDFHRQSWCLVSLA,length1,90
-3,235182,235167,15,MPSVK,length1,15
-3,235068,235035,33,MISSRMRCFYK,length1,33
-3,235023,234639,384,MAREFKRSDRVAQEIQKEIAVILQREVKDPRIGMVTVSDVEVSSDLSYAKIFVTFLFDHDETAIEQGMKGLEKASPYIRSLLGKAMRLRIVPEIRFIYDQSLVEGMRMSNLVTNVVREDEKKHVEESN,length1,384
-3,234609,234543,66,MLMVCFCWINHKACHQMTSCKR,length1,66
-3,234426,234393,33,MPISVILLRQN,length1,33
-3,234369,234312,57,MQKGKSWKLVKLILKLRKF,length1,57
-3,234228,234135,93,MNMPDKVLRLSVRRVQLRFLNSILLNIMRLF,length1,93
-3,234084,234066,18,MIWVKC,length1,18
-3,234051,234048,3,M,length1,3
-3,233988,233955,33,MSYNYLLKIFH,length1,33
-3,233886,233847,39,MQSKVKLLVLVSE,length1,39
-3,233754,233715,39,MQSRVKPLVLVSE,length1,39
-3,233496,232374,1122,MEALKDLRSEIDSLDRELIQLFAKRLELVSQVGKVKHQHGLPIYAPEREIAMLQARRLEAEKAGISADLIEDVLRRFMRESYANENQFGFKTINSDIHKIVIVGGYGKLGGLFARYLRASGYPISILDREDWAVAESILTNADVVIVSVPINLTLETIERLKPYLTENMLLADLTSVKREPLAKMLEVHSGAVLGLHPMFGADIASMAKQVVVRCDGRFPERYEWLLEQIQIWGAKIYQTNATEHDHNMTYIQALRHFSTFANGLHLSKQPVNLANLLALSSPIYRLELAMIGRLFAQDAELYADIIMDKSENLAVIETLKQTYDEALTFFENNDRQGFIDAFHKVRDWFGDYSEQFLRESRQLLQQANDLKQG,length1,1122
-3,232278,232254,24,MSNPPRRV,length1,24
-3,232065,231972,93,MRQLDFNKWLTNFSSTISSDTQSFSQLALNS,length1,93
-3,231942,231912,30,MQSPCKCSIF,length1,30
-3,231726,231672,54,MSAIATCGKPFSLSHEIS,length1,54
-3,231624,231564,60,MPNPSRFNARGTGCNKVRSY,length1,60
-3,231198,231174,24,MPVSFSIS,length1,24
-3,230766,230676,90,MTRIAKPCAPSSSAKYKGISRPIICPLYRH,length1,90
-3,230637,230607,30,MLFSSAVRRK,length1,30
-3,230487,230457,30,MYSIHPLFCH,length1,30
-3,230088,229974,114,MFAYSERNILFAQKCRKIGTVNAVKYKANNGACLRGIE,length1,114
-3,229677,229647,30,MGRKCEKVCI,length1,30
-3,229623,229596,27,MTNRLCSIY,length1,27
-3,229584,229557,27,MTMFSNKLN,length1,27
-3,229392,229329,63,MPSDKISMMICLANQNFIFGV,length1,63
-3,229173,229128,45,MHRTCRSIKFSGAIN,length1,45
-3,228885,228870,15,MPYPV,length1,15
-3,227718,227604,114,MENYSFNGGYSLFFGDVKWRAFSISFRRNARNGRYGFT,length1,114
-3,227193,225810,1383,MQKNEIKQSDMKPLIIDSSWTERFLPDPPREKDNRPPFRRDRGRILHSAAFRCLQAKTQIHAIGENDFYRTRLTHSLEVAQIGSSLVAQLKFLETFESLSQTLNIDKNELQKQLKPLLPSNDLIESLCFAHDIGHPPFGHGGETALNYMMAEQGGFEGNAQTFRILTKLEPYTENAGMNLTRRTLLGVVKYPALLDVASPQYAELNFSRNIDPRFVRIHDWIPGKGIFRDDLKMFNWLLENLSENDRTLFCQFKKVRENPAEFLQTSFKSLDCSIMELADDIAYGVHDLEDAIVTGVVNPHQWQAAHSALKQIPSAWLQENIDSISQRLFSDKHFERKQAIGALVNFFITNVRWKLTANFDEPLLRYNAELSPEVIIALGVFKKFVWDYVIRNVDTQRIEYKGQRMLTEMFQIFESDPERLLPRNTENRWRNAPEERKKRIICDYIAGMSDAHALRVYQQV,length1,1383
-3,225552,223773,1779,MDDGKIQYEKDLVVSRLEQDPPRNAQGNIFDYVAEGVGHLTDLLKEYHHISVQLEENYSDQILSQLEQVQAKLEHADGWRFENKINEVLLKLGLNPNTKLSALSGGWLRKAALARALVCDPDVLLLDEPTNHLDVEAIEWLENFLLDFQGSIVFISHDRSFIRKMATRIVDLDRGQLQSYLGNYDLYLTTKEENLRVEALQNELFDKRLAQEEVWIRQGIKARRTRNEGRVRALKAMREERRQRRDVMGIAKLQLDTSSRSGKIVFEMEDVSYEIAGKTLLKDFSTTILRGDKIALVGVNGCGKTTFIKLLLGEIQPTSGKIRCGTKLEIAYFDQYRADLDPEKTVMDNVADGKQDIEVNGVKRHVLGYLQDFLFPPKRAMTPVKALSGGERNRLLLAKLLLKPNNLLILDEPTNDLDVETLELLEEILTDYQGTLLIVSHDRQFIDNTATECYLFEGEGRLNKYVGGFFDAKQQQANFWASKAVEEQAKAKKSEPLKEESAVKSDRTSKPKSVKLSYKEQRELEQLPQLLEELETKITVLQAEIADPAFFQQAHDITDAKLKELADTEAELETAFLRWEELEEKKNLTDGKA,length1,1779
-3,223476,223473,3,M,length1,3
-3,223299,223230,69,MNELAGLSELKESTFGRNFNNSS,length1,69
-3,223215,223203,12,MAGS,length1,12
-3,223167,223134,33,MLNTSRASSNN,length1,33
-3,222795,222735,60,MPVSLVNSSKRPSGTYSVQV,length1,60
-3,222474,222453,21,MVIFSCN,length1,21
-3,221889,221871,18,MNRSLY,length1,18
-3,221367,221358,9,MAE,length1,9
-3,221313,221202,111,MITAISVFKIRIGALKIPISINIVLSMPFTPRNTFIP,length1,111
-3,221079,221031,48,MVAMPDIDNEFHTTCA,length1,48
-3,220788,220710,78,MIHMWIIFIKEFTYKDTHSVMIKLYR,length1,78
-3,220671,220635,36,MTDNCFRMFIFI,length1,36
-3,220032,220023,9,MWK,length1,9
-3,219993,219951,42,MTFFRWHIGDIFTI,length1,42
-3,219648,219642,6,MI,length1,6
-3,219549,219525,24,MNFTSLIL,length1,24
-3,219504,219447,57,MFSIFLVKLKKIFLKGARI,length1,57
-3,219399,219336,63,MCLFTPNQNLMRSIPPALLGK,length1,63
-3,219285,219276,9,MLK,length1,9
-3,219267,219258,9,MQW,length1,9
-3,219237,219225,12,MILT,length1,12
-3,219165,219150,15,MYVQK,length1,15
-3,219036,218985,51,MEPLCLGRIIRQELQKL,length1,51
-3,218916,218832,84,MKKLVWESIISQWKSFPVIGHIPLMGER,length1,84
-3,218805,218736,69,MLQRQKCGFSGEIFTQVMQKEKC,length1,69
-3,218733,218727,6,MR,length1,6
-3,218688,218643,45,MKYQKKPMGKRAFII,length1,45
-3,218526,218511,15,MLKKV,length1,15
-3,218463,218454,9,MMW,length1,9
-3,218361,218349,12,MGHF,length1,12
-3,218205,218202,3,M,length1,3
-3,218163,218121,42,MVAFYRDSFDEAKL,length1,42
-3,217632,217596,36,MASLARCLEHPY,length1,36
-3,217104,217074,30,MGIIPFYNLK,length1,30
-3,216882,216006,876,MQELIKRTLPQDDALNQAIVNELRSQNWAGFLNYSQVQQLCHNFELTPLKLAMHLLPLAASYSHTAISHFNVGAIAIGEQGDFYFGANQEFANSAIQQTIHAEQSAISHAWLRNERRISDMVVNYTPCGHCRQFMNELHGAEKISIHLPHSQNNPLHSYLPDAFGPKDLDIAAHLLAEENHDLVADHQDDLVNQAILAANQSHCPYSNSPHGIAILFKNGDVVTGRYAENAAFNPSLPALQTALNFAYLNDKKLSDIERIVMAEKALKLSHKTMAETLLSTLTSVELEYYSL,length1,876
-3,215616,215610,6,MI,length1,6
-3,215595,215577,18,MIEYAH,length1,18
-3,215400,215373,27,MITAATAHI,length1,27
-3,215343,215313,30,MRKNTIPFKI,length1,30
-3,215292,215250,42,MNAEKMIRSFSPRH,length1,42
-3,215238,215208,30,MMDNSLFFTF,length1,30
-3,215151,215148,3,M,length1,3
-3,215100,215064,36,MSLSFPFFQLEW,length1,36
-3,214482,214239,243,MPAIQGLNKSLANSINTCSGSLLTVPAIAGLAKKYGIANKPMPIAPAKQSTIQPILIRRALISDLTESAAIKRAKICGCPK,length1,243
-3,214050,214005,45,MVSVQLTARKPPMNV,length1,45
-3,213999,213903,96,MVAAAPYQSAVEYSTENIFWNNFAPATTPEAQ,length1,96
-3,213591,213588,3,M,length1,3
-3,213369,211896,1473,MDAVELLMNVTPNETRIALVETGMLREVHIERQAKRGIVGNIYKGRVTRVLPGMQSAFVDIGLEKAAFLHAADIVSHTECVDENEQKQFKVKSISELVREGQDIVVQVVKEPLGTKGARLTTDITLPSRHLVFMPENSHVGVSQRIESEEERARLKALVEPFCDELGGFIIRTATEGASEEELRQDAEFLKRLWRKVLERKSKYPTKSKIYGEPALPQRILRDFIGTNLEKIRIDSKLCFGEVKEFTDEFMPELSDKLVLYSGNQPIFDVYGVENAIQTALDKRVNLKSGGYLIIEQTEAMTTIDINTGAFVGHRNLEETIFNTNIEATKAIAQQLQLRNLGGIIIIDFIDMQTDEHRNRVLQSLCDALSKDRMKTNVNGFTQLGLVEMTRKRTRESLEHVLCDECPTCHGRGRVKTVETVCYEIMREIIRVYHLFSSEQFVVYASPAVSEYLINEESHGLLPEVEMFIGKRVKVKTEQFYNQEQFDVVVM,length1,1473
-3,211695,211674,21,MGAGWVW,length1,21
-3,211599,211512,87,MASFYNLLFKSSISMARTGDEPLFSLRFV,length1,87
-3,211401,211392,9,MKI,length1,9
-3,211341,211302,39,MVICILVTQSLFA,length1,39
-3,211218,211215,3,M,length1,3
-3,211197,211185,12,MWNG,length1,12
-3,211155,211110,45,MHLITSMRFMAMPLN,length1,45
-3,211089,211041,48,MLMSFLQMKCVNIVVP,length1,48
-3,210963,210882,81,MANLPRVKQVYVQKLIWLRHLWSCVIQ,length1,81
-3,210792,210756,36,MRLSVLHTQSVH,length1,36
-3,210729,210663,66,MTGCWKISVLNVHYRINMNSHV,length1,66
-3,210612,210501,111,MMKSWMVGTIHVCQPFQVYAVVVIHQLRYVNFVVVSV,length1,111
-3,210438,210411,27,MKMHHAQWQ,length1,27
-3,210210,210201,9,MLM,length1,9
-3,210174,210123,51,MQMVKSPRSSVLTILKL,length1,51
-3,210105,210093,12,MDVK,length1,12
-3,210033,209976,57,MIAYLLCQIQGLKMISKAC,length1,57
-3,209922,209829,93,MQKQRKATNLNVRVISVQIVKIADLNIWYLT,length1,93
-3,209664,209649,15,MGSLM,length1,15
-3,209634,209601,33,MLLSQIYSRAK,length1,33
-3,209403,209346,57,MASAYFWLSPFCKKCGYFD,length1,57
-3,209211,209094,117,MWCLCKSRILSNKKQKNAVSRFLTMILMGILFLRMKRRF,length1,117
-3,209040,208989,51,MYWLHLKMNRLIIDSIV,length1,51
-3,208947,208926,21,MNLMLFC,length1,21
-3,208755,208686,69,MCNFTVYAQNKTGGLAILAIWLL,length1,69
-3,208653,208569,84,MWELIHYICHILLCQIGLVLIVHPLVVG,length1,84
-3,208287,208200,87,MSWIYKNTLTIKQKKIPLVGLAGVRNGSI,length1,87
-3,208161,208074,87,MSKSNFLLGCNGLQKNNFPHYKIFVNSLA,length1,87
-3,208059,208050,9,MAI,length1,9
-3,208020,207990,30,MYGAILIYIV,length1,30
-3,207987,207957,30,MPLLVRHLIR,length1,30
-3,207828,207741,87,MLWAYSVCGGFQKEKPRLTVLMCIILLMN,length1,87
-3,207708,207699,9,MNV,length1,9
-3,207666,207648,18,MKCGGN,length1,18
-3,207597,207495,102,MANFLVYLIILEMLMPLLVHMMFPHYKVFGIAVI,length1,102
-3,207465,207408,57,MGKCSSKNMINVLWINKPY,length1,57
-3,207369,207330,39,MKVMHFLWRCTII,length1,39
-3,207219,207180,39,MNTQTGARNLLNR,length1,39
-3,207162,207153,9,MKL,length1,9
-3,207117,207105,12,MYKE,length1,12
-3,207069,206958,111,MVFLMRAMVILLLRLVCTKPSKELKSVRYCQMPIEWW,length1,111
-3,206910,206790,120,MSVDFLLVLFQIVVNFLLINYRFFGVMKHKLSKILIVFIQ,length1,120
-3,206736,206697,39,MKCLVHILWNVMV,length1,39
-3,206664,206643,21,MQDEFLL,length1,21
-3,206622,206526,96,MVAATRCVSTRKAVCGNYSCRKPALVSSINLN,length1,96
-3,206514,206499,15,MAIFV,length1,15
-3,206484,206415,69,MPLVRNFALIQLHKLVHYQMWWK,length1,69
-3,206364,206352,12,MKCI,length1,12
-3,206292,206286,6,MN,length1,6
-3,206277,206274,3,M,length1,3
-3,206217,206139,78,MVLGAINHLGFIRQPVVLAHLRHFAV,length1,78
-3,206064,206058,6,MV,length1,6
-3,206046,205983,63,MAQPCMNMKTLAKAIIKIGIP,length1,63
-3,205971,205956,15,MDATK,length1,15
-3,205935,205905,30,MPFTGLNALA,length1,30
-3,205902,205872,30,MVFAWMLWLQ,length1,30
-3,205524,205296,228,MKWFTVNIHFLARCQAIRGKNSLTCVHITVICGATQAKNCSLWGMNLPKVVSGIMKKVWTGSCLMKILAEVGTKAY,length1,228
-3,205200,205089,111,MMRQILCSPLNVAVQTENVLLSSVTLPLCLATITASA,length1,111
-3,205086,205059,27,MLQENTKKF,length1,27
-3,204855,204816,39,MFLGKCHLPLQKR,length1,39
-3,203838,203829,9,MPH,length1,9
-3,203643,203625,18,MERPIP,length1,18
-3,203601,203541,60,MEKWRNRCICRTFCRLYRFI,length1,60
-3,203181,203169,12,MGKF,length1,12
-3,203094,203082,12,MVVG,length1,12
-3,203070,203064,6,MA,length1,6
-3,202923,202899,24,MEAPNRHT,length1,24
-3,202785,202779,6,MI,length1,6
-3,202602,202413,189,MRHTPCFVICKQDGLFYHKREGNLSICCQLVSKLTILLGIVARRMRYIKIWLLLKITIARNIF,length1,189
-3,202203,202143,60,MFRLLQWGFMCLMRIIFTKC,length1,60
-3,202095,202077,18,MYCQNV,length1,18
-3,202059,201993,66,MLTHLAVLAWDATPRAKFTGVM,length1,66
-3,201801,201690,111,MHRSAIPCFLIALKLIPFQKSITAWCYHKLKSVKIAC,length1,111
-3,201651,201573,78,MVCKLVWIWKKIKIASVLAQQAKSFL,length1,78
-3,200079,200013,66,MAKTACMGDGSYRCNGTRLQLA,length1,66
-3,199197,199191,6,MA,length1,6
-3,199104,199035,69,MYLARYRKSNRTCLRSNDPRLSK,length1,69
-3,199011,198984,27,MVGTRRRSV,length1,27
-3,198438,198255,183,MAIRSRFTQNQRGCRNSFRFNGNFNLCRFCSYFPRTLYQRNKRYHTASLVSRGEPTISRIV,length1,183
-3,198234,198225,9,MAL,length1,9
-3,197376,197370,6,MD,length1,6
-3,197211,197190,21,MESAVNF,length1,21
-3,197178,197163,15,MWDFS,length1,15
-3,197061,197037,24,MNRRRFVH,length1,24
-3,196998,195462,1536,MLIGVPRELLENESRVAATPKTVQQILKLGFDVIVEHDAGFKASFEDQAFLDAGAKIGTSAEIWQSDIIFKVNAPTDEEIAQMKEGATLVSFIWRMQNPELMKKLTAKKINVLAMDAVPRISRAQALDALSSMANISGYRAVIEAAHEFGSFFTGQITAAGKVPPAKVLVIGAGVAGLAAIGAANSLGAIVRAFDSRPEVKEQVQSMGASFLEIDFKEEGGSGDGYAKVMSEEFNRRAMELYAEQAKEVDIIITTAAIPGKPAPRLITKEMVDSMKPGSVIVDLAAATGGNCEYTQAGKVVTTENQVKVIGYTDFPSRLPTQSSQLYGTNLVNLLKLLCKEKDGNINIDFEDVVLRGVTVVRDGEEIPPAQIQVSAQPKQETKAAPVAEKKESKPTDPRVKYGVMAGVGVLFLWLASVAPAAFLSHFTVFVLACVVGYYVVWNVSHALHTPLMAVTNAISGIIIVGALLQIRQPTGNLFIDALAFVAILVASINIFGGFRVTQRMLAMFRKG,length1,1536
-3,194805,194748,57,MALSGINRWGRYASCGINA,length1,57
-3,194172,194067,105,MESTKCDSVQTFNGSGLRWRTKPIILQREYANALW,length1,105
-3,193893,193803,90,MPVLLLVNVFCLDRPHEFLIFVVYILAIFQ,length1,90
-3,193311,193302,9,MNW,length1,9
-3,193104,193101,3,M,length1,3
-3,192948,190344,2604,MSKSLVIVESPAKAKTINKYLGSQYVVKSSVGHIRDLPTVGSSTGEKAKPISTKGMDAEEKAKIKAEKERNALVKRMGIDPYHDWKANYQILPGKEKVVSELKSLAKKADHIYLATDLDREGEAIAWHLREVIGGNDDRFSRVVFNEITKNAIKQAFEKPEQLNMDRVNAQQTRRFLDRVVGFMVSPLLWKKVARGLSAGRVQSVAVKLLVEREREIKAFQPEEYWEVAVLTNNQNKQAIRLDVTDYKGKKFDPKNQKEAQSAVDFLNVSDYVVTDLETKPTSSRPRAPFITSTLQQTASTRLGFGVKKTMMLAQRLYEAGYITYMRTDSTNLSQDALNMARSYIENHFGAQYLPEKPNFYSSKENAQEAHEAIRPSDIRALPESLEGMEKDAVRLYDLIWRQFLACQMPPAQYDSSTLTVTAGDYTLKAKGRILRFDGWTKVLPQIGKNPEDQELPSVTVSEKLALKEVQPTQHFTKPPARFTEAALVKELEKRGIGRPSTYAAIISTIQERGYVRTENRRFYAEKMGEIVTDRLNESFGELMNYDFTANMEDTLDKIASGSVNWKTELNQFFKDFSSQLSKAELDELEGGMRPNNLVETDIKCPTCDRNMAIRTASTGVFLGCSGYALPPKERCKTTINLIPEAELLNVLDESSETKALMDRKRCTKCGTAMDSYVIDAHRKIHICGNNPNCDGYLIEEGSFKIKGYDGPVVECDKCGADMHLKLGRFGKYMGCTNCDNTRKILKSGEVAPPKEEPVHFPELKCEKSDAYFVLRDGASGVFMSAHNFPKSRETRPVKIAELVQYRERLPEKLAYLADAPQKDPEENEAIVRFSRKEKKQYVTSEKEGKATKWIVDFTNGKWVERKK,length1,2604
-3,190083,190014,69,MHITQWLFCLLINPQSRLLYIGK,length1,69
-3,189930,189756,174,MFVRFLILRLVYQTTPEVVFLLLFLVLHAQQLQLRYQNMEEVVGINRVLQCYYLVIFR,length1,174
-3,189579,189519,60,MGIYLTILQESDRIRHAFFA,length1,60
-3,189426,189279,147,MGDHCIRKKQCQLLLYLTVPNVNSIVLFLFLKSHKILVRVLLKPLSQAV,length1,147
-3,189261,189228,33,MRAMLSSKMQR,length1,33
-3,189207,189195,12,MKTV,length1,12
-3,189132,189129,3,M,length1,3
-3,189087,189081,6,MM,length1,6
-3,189045,188994,51,MQSKNVCWNWQKQIMTS,length1,51
-3,188916,188871,45,MKTLNVLQRLRYIIT,length1,45
-3,188742,188700,42,MVRLGRIKNNLLNI,length1,42
-3,188595,188544,51,MMAGQFSVSLKRSCVLN,length1,51
-3,188307,188280,27,MNHQVLCTV,length1,27
-3,188253,188208,45,MMRTFSVLKIKLRAK,length1,45
-3,188106,188064,42,MRCGIERKQVLQQH,length1,42
-3,188043,187977,66,MKSKKVKAHSMVRKLSLHYEIV,length1,66
-3,187917,187872,45,MQLMWQKIIAVKPLS,length1,45
-3,187812,187788,24,MQVSSLHG,length1,24
-3,187737,187704,33,MYRKLQNSFPM,length1,33
-3,187476,187452,24,MKSNTFRK,length1,24
-3,187245,187176,69,MLIGINGIWIILLPVTFFNNRSN,length1,69
-3,187140,187128,12,MLFR,length1,12
-3,187059,186951,108,MRKFFYSLRIATKFNFSLNLWCMNILHKPTIYRINP,length1,108
-3,186783,186744,39,MNNSWDKVTYLSF,length1,39
-3,186195,186138,57,MYLIWSFVTIVIDQFTSVT,length1,57
-3,186027,185937,90,MLLHFHCIVPTSFYFYYIKRQGFLWQRLSD,length1,90
-3,185580,185520,60,MSTIKICRIYAIFCFLFPFL,length1,60
-3,184815,184806,9,MFN,length1,9
-3,184803,184767,36,MGNAFLIIIFVH,length1,36
-3,183897,183885,12,MDAH,length1,12
-3,183726,183690,36,MKSFDADVLNHH,length1,36
-3,183438,183405,33,MLCFLIKKKDL,length1,33
-3,183162,183120,42,MLFQHYLRMIYAYL,length1,42
-3,183108,183003,105,MLKYLSKRQSQMNAPKQALIPMLDDNRLHCYLYFP,length1,105
-3,182820,182751,69,MMFCDYSQKPFLNYHLVFFQPKY,length1,69
-3,182748,182730,18,MFVYCI,length1,18
-3,182244,182241,3,M,length1,3
-3,182091,182037,54,MDWQMLSRITTLMAFFDT,length1,54
-3,181437,181392,45,MAFTNIRMAGEVLYS,length1,45
-3,181053,181050,3,M,length1,3
-3,179955,179895,60,MLLSNPRMPLQHERIMQLMN,length1,60
-3,179736,179646,90,MKFNALLIQQKRAWRITKANIFGVVMCLHH,length1,90
-3,179589,179502,87,MKTSKVLKMKLQSFLLKIGKRQFQAVNVY,length1,87
-3,179499,179460,39,MKHLGICANCKIR,length1,39
-3,179457,179406,51,MRQGINFKRNYCVFKIV,length1,51
-3,179394,179370,24,MTCTLSIS,length1,24
-3,179295,179157,138,MTAMCINLFVLPLIWIKIACSHNVYVILFIIILIILGSCGRRKPSV,length1,138
-3,179142,179109,33,MKKWCCVKMML,length1,33
-3,178938,178818,120,MWLESLLIKQYALVWRMMIYRVFIQIGKQLINVVLKCKRM,length1,120
-3,178683,178662,21,MLKVCMK,length1,21
-3,178629,178503,126,MIYLLAIYQIMIFYLLDFLANHLVLLVKDWALLILEEHYFLI,length1,126
-3,178455,178452,3,M,length1,3
-3,178434,178395,39,MIMVIHLKLLTIN,length1,39
-3,178257,178236,21,MKNFLIY,length1,21
-3,178227,178188,39,MMLFLIIIFFQMN,length1,39
-3,178155,178083,72,MCLILQFGMKIFQEMFLLFHTLVH,length1,72
-3,178047,178032,15,MGYVD,length1,15
-3,177666,177612,54,MAGCYLYPFFRKSINIVS,length1,54
-3,177039,177036,3,M,length1,3
-3,176940,176931,9,MVR,length1,9
-3,176808,176805,3,M,length1,3
-3,176034,171504,4530,MSDVFELENEIELESDEVIMENENVEEIVDAPMPFSMTTNNGVERGKFRSLTLINWNGFFARTFDLDELVTTLSGGNGAGKSTTMAGFVTALIPDLTLLHFRNTTEAGSTGGSRDKGLHGKLRPGVCYAVLDTINSRHQRILVGVRLQQIAGRDKKVDLKTFSIQGVELSQNPTALFTETVGERQARVLNLNELKDKIENIGAQFKQYHSITDYHGMMFDLGIIPKRLRSASDRSKFYKLIEASLYGGISSAITRSLRDYLLPENLGVRKAFQDMESALRENRMTLEAIKVTQSDRNLFKHLITETTNYVASDYMRNANERRGNIEAALESRREWYKAKAEQNLSQHRLVDLSREAAELAENERTLEVDHQSAVDHLNLVLNALRHQEKITRYQEDIAELTERLEEQKIVVEDANDALEESQAQFEQTEIEIDAVRAQLADYQQALDAQQTRALQYQQAITALEKAKTLCGLADLSVKNVEDYHAEFEAHAESLTETVLELEHKMSISEAAKSQFDKAYQLVCKIAGEIPRSSAWESAKELLREYPSQKLQAQQTPQLRTKLHELEQRYAQQQSAVKLLNDFNQRANLSLQTAEELEDYHAEQEALIEDISARLSEQVENRSTLRQKRENLTALYDENARKAPAWLTAQAALERLEQQSGETFEHSQDVMNFMQSQLVKERELTMQRDQLEQKRLQLDEQISRLSQPDGSEDPRLNMLAERFGGVLLSELYDDVTIEDAPYFSALYGPARHAIVVRDLNAVREQLAQLEDCPDDLYLIEGDPTAFDDSVLSAQELELGVVVQVSDRELRYSRFPEIPLFGRAAREKRLEELQIERDEVAEQHAQIAFDVQKCQRLHEHFSQFVGLHLSLAFQPNPEALMSEINRERNEIDRELNQFNNGEQQLRIQLDNAKEKLQLLNKLIPQLNVLTDEDLIDRIEECREQLDIAEQDEYFIRQYGVTLSQLEPIANSLQSDPENYEGLKNELTQAIERQKQVQQRVFALADVVQRKPHFGYEDAGQAETSELNEKLRQRLEQMQAQRDMQREQVRQKQSQFAEYNRILIQLQSSYDSKYQLLNELIGEISDLGVRADDGAEERARIRRDELHQQLSTSRQRRSYVEKQLTLIESEADNLNRLIRKTERDYKTQRELVVATKVSWCVVLRLSRNSDMEKRLNRRELAYLSADELRSMSDKALGALRTAVADNEYLRDSLRVSEDSRKPENKVRFFIAVYQHLRERIRQDIIKTDDPIDAIEQMEIELSRLTAELTGREKKLAISSESVANIMRKTIQREQNRIRMLNQGLQNISFGQVKSVRLVVNIRDTHAMLLDALSGQQDEYQDLFNDNCITFSEAMAKLYQRINPHIDMGQRTAQTIGEELLDYRNYLELEVEVFRGADGWLRAESGALSTGEAIGTGMSILLMVVQSWEEESRRIRGKDIVPCRLLFLDEAARLDGKSISTLFELCERLDMQLLIAAPENISPEKGTTYKLVRKIAGNQEHVHVVGLRGFGATE,length1,4530
-3,171432,170526,906,MKIFTSKKGQLSQLKQQKFKLEKDIQRLFEENLTLLSGYIFIRSEFSIKNSRIDTLAFDPETQAFVIIEYKRQQNSSVVDQGISYLNLMLEYKADFIVEYNEKQKAPLKRNDVDWSQSKVIFVSPTFNDFQIQATNFKDLPIELWEVNRFDNDIITLNIINKSKSAPNIKAVSIEKNEEFSTLKEIKVYQESDHLSDKSDFIQELYEDFKQGILNLDPNIEINTRKLYIAFKKDRNIADIRIQQKNLKIWINLPYGELDDPKNLAKNVSNTGHWGNGDYEITIESTQYLEYIMSLIKQAIKD,length1,906
-3,170520,169647,873,MHNLIFAILCSVAVSVLLKIARKKNIIIEQAIAFNYITAITFSYFLLKPDFKGLEFTDYIAQSENSPIFLALGLLLPSVFIIMSKAVEFAGIVRSDAAQRLSLFLPILAAFLIFHETLSQSKIIGVVLAFIGLFCLLTKPTQGQSAVNFKGVLGLIGVWFGYGIIDILFKQVAKSGGAFPATLFISFSLAACVMFIYLFLKRAQWTSSSVIGGIVLGVLNFFNILFYIKAHQSFAGNPTLVFAGMNIGVICLGTITGALVFKEKISKLNWLGIIFSLSAIFCLYYLDKLIA,length1,873
-3,169632,168213,1419,MAKDFSFFIYDYESFGVNPATDRPAQFAGIRTDADFNIIGKPIMFYCKQTNDYLPAPEAVMVTGITPQECNEKGLSEPEFAANILAEFSQPNTCVMGYNNIRYDDEMTRYTFYRNFIDPYEYSWKNGNSRWDLLDLVRACYALRPEGINWAYDDDGMPSFRLEKLTKANGIEHENAHDAMADVYATIAMAKLIKEKQPKLFQYFFENRGKKEIEKLVDTGAMTPLVHVSGMLGNYRGNCTWVAPLSWHPTNQNALIVCDLTGDIDNLLAKSADELRTDLYTKKSELEERGVSSVPLKLVHINKCPILAPAKTLLPETANRLGIDRQLCLDNLAKLRASFDIREKVADIFNEERQFASNDNVETELYNGFFSNADKNNMAILRSLPAEKLSEHGLAFEDKRILELLFHYRARHFYKTLTRAEQIKWQKYRQNKLEKSAVEFQSGLQRLAEEHSDNSEKLSLLQQVYEYGIKLLG,length1,1419
-3,167871,167844,27,MQSNFNYRL,length1,27
-3,167703,167694,9,MLD,length1,9
-3,167637,167565,72,MGEKLPSCVFYVSKLSTSPLFSIF,length1,72
-3,167421,167406,15,MRMIL,length1,15
-3,167397,167382,15,MLHNS,length1,15
-3,167355,167316,39,MATRFINSIKTFC,length1,39
-3,167313,167295,18,MWNMLW,length1,18
-3,167223,167184,39,MTLFTRMLNSIIN,length1,39
-3,167109,167091,18,MMIISI,length1,18
-3,166977,166926,51,MFHSLALLLHCKNSLFL,length1,51
-3,166809,166776,33,MNHICNISSDN,length1,33
-3,166767,166716,51,MRIISVRLHLNITLIIS,length1,51
-3,166674,166587,87,MFKLFIKNNIKNIFLDFFIPTKIKHLLRN,length1,87
-3,166560,166533,27,MLTDNNCIW,length1,27
-3,166464,166428,36,MTMVGFSLRECS,length1,36
-3,166359,166347,12,MMPS,length1,12
-3,165957,165930,27,MESSSICIN,length1,27
-3,165891,165873,18,MRANKI,length1,18
-3,165852,165849,3,M,length1,3
-3,165780,165765,15,MGIAA,length1,15
-3,165351,165339,12,MNAV,length1,12
-3,165264,165000,264,MSSSIFIVEIGSNAEQGSSNNNTLGLIAIPRAMHKRCCCPPDKLSPLLCNLSFTSFQRAALVNAHSTRSFIFSFDNFSNKRTPNAILS,length1,264
-3,164763,164748,15,MFFNA,length1,15
-3,164640,164553,87,MFKQSTNNVIRAAPAQARLFQSVKGLAAY,length1,87
-3,163962,163896,66,MPLVIRVNNIQHNQNKPIMTEI,length1,66
-3,163299,163287,12,MFLK,length1,12
-3,162681,162651,30,MPNQKRLIHF,length1,30
-3,162459,162285,174,MKSKQADFVWHRHTLHNQCCISFGEHKKQLPHSPFHLDLLTTSLIYLHQLDFSNRSKL,length1,174
-3,162261,162225,36,MLFQSRLNDESQ,length1,36
-3,162189,162159,30,MQLSQDRSIF,length1,30
-3,161895,161847,48,MPTSHKLDKGKTLQHQ,length1,48
-3,161691,161658,33,MKNFKWIIKRK,length1,33
-3,161610,161586,24,MILHLSIN,length1,24
-3,161280,161268,12,MERN,length1,12
-3,161199,161184,15,MFIYK,length1,15
-3,161157,161112,45,MRGLLPSYFVMLMKN,length1,45
-3,161085,161082,3,M,length1,3
-3,161043,161016,27,MHLNMIILH,length1,27
-3,160986,160977,9,MKN,length1,9
-3,160959,160953,6,MN,length1,6
-3,160896,160893,3,M,length1,3
-3,160881,160773,108,MKKKNYLVELLIDLILLAKMVKDYSLLIVNSQLWNR,length1,108
-3,160746,160743,3,M,length1,3
-3,160623,160578,45,MLLKKCNICVNYLLI,length1,45
-3,160575,160554,21,MKLAHLL,length1,21
-3,160527,160512,15,MNINH,length1,15
-3,160488,160473,15,MSMKN,length1,15
-3,160455,160449,6,MN,length1,6
-3,160392,160347,45,MWKNNMKKKNYLVVF,length1,45
-3,160320,160302,18,MAKACS,length1,18
-3,160221,160158,63,MCLPDYFIPNFPKYFLLHILS,length1,63
-3,159885,159255,630,MNTGKNGILNGAINAVAAFLVEEDIICYLDDDNQLREDHVESLVNVIEQGADFAYSLRSFYDSNHQFICNDDFDSLGNWNTKSDIFVDVKIEDIQKQIHFTFNEVNGHIDTNCYAVPREIAQKTSYSWNTPLIGDRSFLSALKSLGLIGQTSGKYTVKYRADFNKLIAVRRVFPQLSLSDEDNNNISAKILEVINQQNIEYYGGRPWAKE,length1,630
-3,159096,159021,75,MLIPPLFLIHFANLIQILFYSTLPK,length1,75
-3,158982,158967,15,MLRLK,length1,15
-3,158922,158907,15,MENKF,length1,15
-3,158805,158715,90,MKIINYSLLLFLMGCVLFLLFINIAKRLFF,length1,90
-3,158667,158655,12,MALH,length1,12
-3,158649,158601,48,MMVSTALITVSILPNT,length1,48
-3,158451,158406,45,MKLKQTLTILNLLVS,length1,45
-3,158373,158319,54,MYSKLCLLVVFPLLARIH,length1,54
-3,158310,158265,45,MPNSNKIIQALICSI,length1,45
-3,158262,158217,45,MMKTLFCLVHRQKVH,length1,45
-3,158211,158190,21,MRQKIVS,length1,21
-3,158148,158109,39,MLTATLILNWMHV,length1,39
-3,157917,157890,27,MHFTPIKPV,length1,27
-3,157776,157752,24,MDILIPVS,length1,24
-3,157728,157722,6,MG,length1,6
-3,157716,157632,84,MYKQVAVKYWILIHKWKLMKHATKPRLS,length1,84
-3,157485,157473,12,MTAT,length1,12
-3,157266,157179,87,MVKFLVYPMITKRCLKILQIQCLWRVIIL,length1,87
-3,157143,157059,84,MRNIMALLWQFVIVIYPFAHSNFTLKVF,length1,84
-3,156843,156822,21,MRFAFCV,length1,21
-3,156783,156756,27,MITRSSKLT,length1,27
-3,156666,156612,54,MWKLRLKNNRHIAGVSEE,length1,54
-3,156603,156588,15,MRRAI,length1,15
-3,156573,156558,15,MFNKI,length1,15
-3,156513,155514,999,MQHNQLLEQLYSGHSLSTSESTALFNAVIQGELSNEQIAAMLIALKVRGANTEEITGAVAASLQNAKVFPRPDYPFADIVGTGGDGQNTINISTASAIVAASMGAKVAKHGNRSVSSKSGASDVLTALGVNVNVTPEQARQALDEIGVCFLFAQQYHSGFRHVAPVRAALKTHTIFNILGPLINPARPTYHLLGVYAPELVKTYAETAVALEHQHSFVVHGSGLDEVALHGETQVAEIKNGKIEYFTLTPEDFGLKTQSLESLCGGEPQENAQYLTALLQGKGKAEHANAVAANTALLLKLFGYDDLKQNVQNVLAHLLSGKAFETLQKLTTY,length1,999
-3,155397,155391,6,MG,length1,6
-3,155271,155268,3,M,length1,3
-3,154641,154470,171,MRFNTRTRCQNRLRKRGTLRRINLRRTFKTLCEFTPSARISNRCSTSICWCFSESRN,length1,171
-3,153981,153918,63,MCLGVPVKLSKLMKILFNLPQ,length1,63
-3,153915,153891,24,MYVAYNVK,length1,24
-3,153828,153813,15,MWALQ,length1,15
-3,153810,153768,42,MLLMKMKLRKPKRL,length1,42
-3,153744,153726,18,MKLGIF,length1,18
-3,153681,153516,165,MFCYNASIALYCSWIFSNPDWYSACFSRSFAITASGALATKASLLSLFSIRFTSF,length1,165
-3,153357,153039,318,MAFKRAVCFSRIFAFSAFKLRNNRSKPLLGAMLLSARILRTATITSFNHSISASASRSKPFSSTCGKGCSIMLSAVMPTNPFTFCQISSVINGISGCAKRNNFSNT,length1,318
-3,152709,152652,57,MSRPFEANAANVKRNASVP,length1,57
-3,152580,152484,96,MLPVRFSSKSSRLIPSIISIGSSTLPFDFDIF,length1,96
-3,152361,152163,198,MMSKPVINTSVGWNILSSLVCSGQPKVENVHKPDENHVSNTSSSCLSSTAESKLYFDRTSSSLRAT,length1,198
-3,151506,151473,33,MVSGRVVATTK,length1,33
-3,151260,151185,75,MVKRSRSQSIEFPKRRICWLIVPPE,length1,75
-3,151158,151140,18,MNASRP,length1,18
-3,150936,150930,6,MQ,length1,6
-3,150276,150165,111,MFIWINCFNHFFQLIQPHILLLRMLFRQFIKSNRRYT,length1,111
-3,150093,149988,105,MAFGFVPNGDGFTPSENIGFKTLVKSDFVWLHFAP,length1,105
-3,149847,149832,15,MLELS,length1,15
-3,149691,149673,18,MRLIPI,length1,18
-3,148344,148251,93,MLRCLSSKSCDSFTVGTTTGISESALQTPNT,length1,93
-3,148248,148191,57,MTILLISQIRLLYFLYAIK,length1,57
-3,148044,147201,843,MNIVFTLDCNFASHLDTVLKSLCYHHNNINIYVIHDGIPAESLEKLKMHCAKFDNTLYDIQFNINQFSFPTVISPAHIQSTASLFRLYLHQILPQHIERVIYLDMDLIIHQAIDELWDINLEDSLIAGVSDFFSEYLWEHPFYEKQQYINTGVMLINLNKWRENNIEQYFIEYAAKYGEFFVYGDQDVINFSIPTNLIKLLPVKFNIQVKFIEYLWMEHKEKIKFTPHIIHYIGSNKPWLKEHSANSPRFYNEEYLFYHHLSWDNLRQTDRQTDRQTDRKI,length1,843
-3,146976,145584,1392,MAFRIEKDTMGEVQVPADKYWAAQTERSRNNFKIGPAASMPHEIIEAFGYLKKAAAFANHDLGVLPLEKRDLIALACDEILANKLDDQFPLVIWQTGSGTQSNMNVNEVVANRAHVINGGKLGEKSIIHPNDDVNKSQSSNDTFPTAMHIAAYKKVVEHTIPCVERLQKTFAAKSEAFKNVVKIGRTHLMDATPLTLGQEFSAYAAQLDFGLKALKNTLPHLSQLALGGTAVGTGLNTPKGYDVKVADYIAKFTTLPFVTADNKFEALAAHDAIVETHGALRQLAMSLFKIANDIRLLASGPRSGIGEILIPENEPGSSIMPGKVNPTQCEAMTMVCAQVFGNDTTIAFVGSQGHFQLNVFNPVMIANFLQSAQLLGDACVSFDEHCAVGIEPNYPRIKQQLENSLMLVTALNTNIGYENAAKIAKTAHKNGTTLREEAINLGLVSAEDFDKWVRPEDMVGSLK,length1,1392
-3,145500,145323,177,MRFVIINKILFTAIYYENEIPFCGNDNVFFCRTFCSLATHRKCRIHLGAVPCLYHWFVF,length1,177
-3,144669,144498,171,MKIGANGSQQIKFFCPTSKHLTLIFCLTTIRHFHSITAPSLKIDYQLTHPFPRHVIT,length1,171
-3,144492,144393,99,MRNNGYTACGMDCLNRCGNISPFSFNKCRFSLP,length1,99
-3,144327,144300,27,MSTRNFTIS,length1,27
-3,144180,144162,18,MSFIEV,length1,18
-3,144150,144033,117,MDPSPFPICRNFYSSNQFNAYFFRCNLSFINARNRIVIA,length1,117
-3,143997,143991,6,MH,length1,6
-3,143946,143943,3,M,length1,3
-3,143802,143775,27,MPPLPIMGI,length1,27
-3,143499,143475,24,MLRNKSSK,length1,24
-3,143322,143304,18,MPITPL,length1,18
-3,143235,143208,27,MPSASIKRN,length1,27
-3,143082,143028,54,MGLGKFTPITVFGKPFGA,length1,54
-3,142929,142923,6,MP,length1,6
-3,142776,142692,84,MENIVKLSSTRALQRFLCASDLFNAVFF,length1,84
-3,142260,141954,306,MLSNAETTKGNNKMSFFVTALCPRLFSAFSFPCCFNMCRMLDSSILCCQSVISKPILSFANVINSELTPPKLENDLLPPPPIELSNNSSRSIFPVLLGSAAW,length1,306
-3,141768,141486,282,MYFFIPTSSCLACVKAAFNFEDWSRAINIARFSVVLPKSFTCAARSLFKEPRTIACMTVFCTLSRYCERIDLINWILPAVNAFTLSAIFGLLRK,length1,282
-3,141471,141381,90,MPVWFFKLVDTSAWFCASPRPTKPLAIFSA,length1,90
-3,140835,140709,126,MNGFVVVLNILISTCQSRNRLPKQNGDWHICRTCHRIAKLCQ,length1,126
-3,140385,140376,9,MMH,length1,9
-3,139314,139251,63,MHYRYYPHPHQPHQSQLSSFL,length1,63
-3,139080,138984,96,MGCLANSLRPIYTAQADESQNADRYHQEYSSG,length1,96
-3,138858,138855,3,M,length1,3
-3,138654,138648,6,ML,length1,6
-3,138288,138243,45,MILSRVRLWRCRCSC,length1,45
-3,137616,137559,57,MTTSPYVSPVNAVLTQGAV,length1,57
-3,137178,137130,48,MLDRACNAHQCHLVHH,length1,48
-3,136626,136422,204,MSLRKSSLSSFSILRLMNLNKNSRIFSVPTKPIIVPRNEEYSVCPNKCVQIGTATPAMDAHIAASIKT,length1,204
-3,136188,136182,6,MH,length1,6
-3,136161,136149,12,MIHF,length1,12
-3,136011,135996,15,MYPFS,length1,15
-3,135861,135828,33,MSKSLVMRFKI,length1,33
-3,135717,135678,39,MPRMKANHNQTSC,length1,39
-3,135516,135504,12,MIRR,length1,12
-3,135114,135093,21,MAIKQTR,length1,21
-3,134994,134991,3,M,length1,3
-3,134949,134895,54,MLIKVINKQWSNIWFLPP,length1,54
-3,134766,134706,60,MWQCFKMTYALFQVLLFLKH,length1,60
-3,134628,134616,12,MQII,length1,12
-3,134595,134589,6,ML,length1,6
-3,134586,134583,3,M,length1,3
-3,134532,134427,105,MMRLFYLSCVIFIYEHVKKGRWLVSNKTPPKKQKF,length1,105
-3,134385,134280,105,MKSPAIKMHEPKTHSQKFLKPLSQKNYNLGLKPFL,length1,105
-3,134250,134109,141,MAFNSLRKIIINFHNSSGILQTTPCMPDSLQSYYQNSKNRQVNKQKK,length1,141
-3,134001,133992,9,MKC,length1,9
-3,133797,133794,3,M,length1,3
-3,133392,133386,6,MC,length1,6
-3,133245,133218,27,MTFVCIFRY,length1,27
-3,133134,133107,27,MIDVTTAPS,length1,27
-3,133041,133011,30,MLINIPIAHC,length1,30
-3,132606,132585,21,MSFFPAE,length1,21
-3,131868,131838,30,MAFYRLLAAL,length1,30
-3,130887,130857,30,MEFAIVYRPL,length1,30
-3,130740,130734,6,MR,length1,6
-3,129702,129609,93,MVLIISLTVLWMGVSHWLIPPNHLFCDKSFD,length1,93
-3,129417,129339,78,MLRRCQMFTQCLTYFVFFFRSDFAVF,length1,78
-3,128994,128943,51,MVFFLVKVGKLIPQIRT,length1,51
-3,128835,128781,54,MSSHSRNTAHDFISFFDW,length1,54
-3,128640,128634,6,MN,length1,6
-3,128577,128553,24,MKWLDVTL,length1,24
-3,128436,128433,3,M,length1,3
-3,128379,128313,66,MNTPFRFIKTFALLLETDLLMT,length1,66
-3,128241,128229,12,MRYV,length1,12
-3,128190,128127,63,MEQQLALILVIKQSEMGKYTQ,length1,63
-3,128034,128028,6,MK,length1,6
-3,127734,127725,9,MNL,length1,9
-3,127632,127611,21,MLPLVAF,length1,21
-3,127509,127482,27,MMLMLYFVI,length1,27
-3,127428,127425,3,M,length1,3
-3,127410,127365,45,MFIVIVQMAKSQSHY,length1,45
-3,127362,127341,21,MNLKVWG,length1,21
-3,127302,127296,6,MR,length1,6
-3,127290,127248,42,MLTPKIFIVNENFL,length1,42
-3,127140,127113,27,MYFLLFGID,length1,27
-3,126942,126912,30,MCIMAKISQI,length1,30
-3,126885,126780,105,MVLLFSGTFRYKKLRNNNANYLCKRFQPISRSTLH,length1,105
-3,126501,126072,429,MTLSDLIAFSALIVSIFALPISYILGARGLKNTAYNGELSKLSDLCDLVFTEALNIHKKTQSNLSDEMDYHLMIAFHKRLQSKCLEIKSLSNSERYPRMELREVKQAITDHLVSDNLEVRNTAMRGLIYKLDALKTFFTPKFI,length1,429
-3,125571,125352,219,MQEEMKRYAISYHFDGKRWATDVYAHSFEEAEEKLKAMSQGTVDGEIHLSVYIPENPLSKVSRLITRIAKKFM,length1,219
-3,125094,125091,3,M,length1,3
-3,125070,125043,27,MKCVLKWQT,length1,27
-3,125022,124866,156,MEEKQEKSLSDKDKNLIKQAVLESADKNTNLTPSELAESVCSAVMFIDSYGR,length1,156
-3,124815,124767,48,MIMLKQIWQYLRPHTH,length1,48
-3,124359,124329,30,MGKRQTANVS,length1,30
-3,123834,123828,6,MG,length1,6
-3,122622,122565,57,MKKPNDELFRRIERSAVLL,length1,57
-3,122442,122436,6,MA,length1,6
-3,122331,122211,120,MASSKMKTTSSSPNAPTDAHARNITLPSIWAKNSEINCTI,length1,120
-3,121917,121530,387,MEPIKLSQKAEEEIVNAAKMAALSNLTEKSQNLITLEDIAIYFGRHYQTVAKIISKLPNFPKPVTVDQQNSRPRYIAGEVVRWGGSMLNILANRVIPPPPPYQGHNRHFVKSKYLYAQIFWLMSSHLLF,length1,387
-3,121515,121461,54,MPHAVCRENANILARQVF,length1,54
-3,121449,121431,18,MLHQAH,length1,18
-3,121131,121122,9,MNL,length1,9
-3,120948,120924,24,MGLNYTYI,length1,24
-3,120297,120294,3,M,length1,3
-3,119796,119772,24,MPQFWRLL,length1,24
-3,119733,119715,18,MKNSTP,length1,18
-3,119679,119667,12,MKLR,length1,12
-3,119640,119574,66,MIYLMKCQLYFLLKNVQKCINK,length1,66
-3,119556,119538,18,MWFNIT,length1,18
-3,119529,119454,75,MQIQKLNYNLILCGIAMKLMQLTKK,length1,75
-3,119325,119286,39,MAIGNINAVFLWR,length1,39
-3,119283,119235,48,MFLENKNIKMNLIKSW,length1,48
-3,119193,119079,114,MSIWWQPTLPRQSIWRLIYLNLILQVMKTVFEVSISLI,length1,114
-3,119049,118971,78,MKIILTYAKVSQRKLFLKWRKKLKLN,length1,78
-3,118905,118902,3,M,length1,3
-3,118776,118758,18,MVFFIL,length1,18
-3,117501,117444,57,MNGCTVFIVACFNRTLVGV,length1,57
-3,117414,117405,9,MDI,length1,9
-3,117156,117132,24,MAGINNSL,length1,24
-3,116997,116916,81,MFNFADNPRFFARLFKQCKSGFNLFFW,length1,81
-3,115893,115830,63,MKLLAIKTYLYYFNSTNKLKI,length1,63
-3,115641,115617,24,MNKSQLTL,length1,24
-3,115569,115560,9,MQV,length1,9
-3,115389,115335,54,MRAVMYMVELKLLSHNLA,length1,54
-3,115290,115134,156,MLNRVYVAVRSSLMCVFTAMMKEPQKSMKTCNRFSLKILRTLYYGFINNLNT,length1,156
-3,115044,113853,1191,MSDTLLNPYFGEFGGMYVPEILVPVLKQLEQAFVEAQNDPTFQAEFADLLKNYAGRPTALTLCRNLTKGTKTKLYLKREDLLHGGAHKTNQVLGQILLAKRMGKTRIIAETGAGQHGVATALACAMLDMPCRVYMGAKDVERQSPNVFRMRLMGAEVIPVEKGSCSLKDACCEAMRDWSANYETTHYLLGTAAGPHPFPTIVREFQKMIGEETKRQILEREGRLPDAVIAAVGGGSNAIGMFTDFIDEPNVRLIGVEPAGKGIESGEHGAPLGHAKVGIYFGMKSPLMQTEDGQVEESYSVSAGLDFPSVGPQHAYLNEIGRADYVSITDEEALNAFQELAKHEGIIPALESSHALAYALKLIKQNPEKEQLLVVNLSGRGDKDIFTVDKILNGGTN,length1,1191
-3,113808,113709,99,MKGLSCRSLPFATLLSTALLRSFAHLWITVQML,length1,99
-3,113673,113637,36,MAQLFKPRIIVL,length1,36
-3,113517,113469,48,MLFINAVQKLVLMLCL,length1,48
-3,113436,113355,81,MYKRPKNTAFNPSLFARQMRMRKQFKA,length1,81
-3,113238,113178,60,MPRQFYKASALHSLHKLKKP,length1,60
-3,112947,112935,12,MDYK,length1,12
-3,112602,112599,3,M,length1,3
-3,112497,112410,87,MEYHLINGLFVPQVSSRFPHPYKKSAIKR,length1,87
-3,111831,111780,51,MIMIRIINILVMRQPKN,length1,51
-3,111732,111681,51,MAIRKNSLVLCLQRPIC,length1,51
-3,111621,111591,30,MQHKKVQVIL,length1,30
-3,111510,111486,24,MFQAENVG,length1,24
-3,111420,111411,9,MNK,length1,9
-3,111108,111021,87,MKPNPFALLNHFTIPISIKDLSRLSLLKQ,length1,87
-3,110952,110922,30,MQRAIFKNDK,length1,30
-3,110877,110865,12,MNFS,length1,12
-3,110604,110493,111,MHDFDVSHHIAYPLKSDEKYVSYGDVIGVFYLYEGLI,length1,111
-3,110229,110184,45,MQITTRQMSVDLNDE,length1,45
-3,109929,109917,12,MWQG,length1,12
-3,109746,109707,39,MLFSLITHILYPN,length1,39
-3,109701,109605,96,MFFANTRTFEKPFSFKYKACNLLITPRSQYNT,length1,96
-3,109545,109080,465,MTSCVPDSNGFSSVSSGLRISKITSFSPNTEIASTSTTSFSVSSAIWRISKYFAFCTELSRISKLKCPSSSRIFSRTALIVGFFEITPQNSGIDFAISSVPISFAIAIICSLSCVINGRNTKASAASSIKRKLVKVWLETCPNASPVTIASILKR,length1,465
-3,108399,108396,3,M,length1,3
-3,108285,108249,36,MISGKSLTINFI,length1,36
-3,108129,108099,30,MANNFYREKG,length1,30
-3,107838,106950,888,MGHFSEELQQVQTRINRFLEAQFEGIESHNALLLEAMKYALLLGGKRVRPFLVYATGQMLGAEKQTLDYAAAAIEAIHAYSLIHDDLPAMDDDNLRRGHPTCHIQFDEATAILAGDALQSFAFEILTKTPNISAEQKLALIQILAQGAGVQGMCLGQSLDLISEHKQISLSELELIHRNKTGALLIAALKLGFICSPHFTDKRLEQSLTQYAEAIGLAFQVQDDILDIEGDSAEIGKQVGADLDLDKSTYPKLLGLSGAKQKAQDLYQSALSELEKIPFDTTALRALAEFVITRKS,length1,888
-3,106713,106686,27,MYIRRHLIS,length1,27
-3,106677,106644,33,MWDIKLIHIKS,length1,33
-3,106560,106554,6,MY,length1,6
-3,106485,106416,69,MQVEKQYASSVMAQLLREWHLRH,length1,69
-3,106371,106332,39,MITKCLFQKTLVH,length1,39
-3,106278,106230,48,MAVKKSLIKFRQSKTL,length1,48
-3,106137,106116,21,MGITLMN,length1,21
-3,105897,105885,12,MPKL,length1,12
-3,105690,105636,54,MMLPFKISPCYLRLIEQG,length1,54
-3,105624,105567,57,MGLHIKVHSILALCVAFQI,length1,57
-3,105546,105456,90,MKMNAVKCSIQVINVENLRQCVTLAEMPLV,length1,90
-3,105330,105303,27,MQRLSICVL,length1,27
-3,105276,105189,87,MCLHKLTIIWSHWKKMQFKVERDLLLRKY,length1,87
-3,104412,104406,6,MF,length1,6
-3,104157,104118,39,MWKTLIKIFHYDA,length1,39
-3,103971,103947,24,MAINIIFI,length1,24
-3,103224,103200,24,MDLLATYL,length1,24
-3,102780,102723,57,MGIRTFTGSAYYTRFFIKC,length1,57
-3,102306,102270,36,MGFHSSFKSLKA,length1,36
-3,101292,101286,6,MD,length1,6
-3,101259,101238,21,MAHPTVG,length1,21
-3,100896,100671,225,MYFQTAQQDKYSLLHNKQWVYSRQLALPALARLESLRVLLLFSPHSYLSQRQKSYSFFSPLKSAVDFKGIFYLII,length1,225
-3,100461,100452,9,MFE,length1,9
-3,100176,100101,75,MGRFHIYRDIIGFKNGLKCRQKLLG,length1,75
-3,99978,99957,21,MMFTSAC,length1,21
-3,99765,99657,108,MFCNAFSAFIFSLRWINHGCFNAFLNQGISYILRIQ,length1,108
-3,99258,99210,48,MAITKCGQNYDWRDDS,length1,48
-3,99003,98961,42,MLSPIKSRRTLNWR,length1,42
-3,98550,98454,96,MEKSTALFSHCHNEFEKSSGTFRLPTRFLSHQ,length1,96
-3,97866,97863,3,M,length1,3
-3,97632,97611,21,MWPLIDD,length1,21
-3,97491,97170,321,MTTEIKKLDPDTAIDIAYDIFLEMAGENLDPADILLFNLQFEERGGVEFVETADDWEEEIGVLIDPEEYAEVWVGLVNEQDEMDDVFAKFLISHREEDREFHVIWKK,length1,321
-3,96930,96909,21,MLHKQWN,length1,21
-3,96591,96555,36,MWEMQPIITQPT,length1,36
-3,96501,96474,27,MPTRWQFSL,length1,27
-3,96351,96345,6,ML,length1,6
-3,96036,96018,18,MNKLSM,length1,18
-3,95904,95877,27,MPWYGFFQV,length1,27
-3,95055,94998,57,MNTQNNHDNASDNAGSVTK,length1,57
-3,94767,94761,6,MD,length1,6
-3,94692,94686,6,MQ,length1,6
-3,94554,94464,90,MIGFVKLGQPQPDSNLSFEEKTGSPVVTST,length1,90
-3,94233,94230,3,M,length1,3
-3,93840,93681,159,MFCVFSITIFCSPDDDVEFCIAKVGAAQQSAVINRNVFDSFIAFPYEVKINVT,length1,159
-3,93459,93396,63,MYLSKPLLKQSLQVKPYFHAF,length1,63
-3,93306,93282,24,MPRVYRIC,length1,24
-3,93270,93264,6,MS,length1,6
-3,93165,93147,18,MCFYVA,length1,18
-3,93102,93075,27,MAMLILFMC,length1,27
-3,92652,92628,24,MDKLEIPL,length1,24
-3,92580,92577,3,M,length1,3
-3,92496,92487,9,MHF,length1,9
-3,91836,91833,3,M,length1,3
-3,91827,91797,30,MKPTSFNKLR,length1,30
-3,91647,91617,30,MLFLDANLSN,length1,30
-3,91521,91518,3,M,length1,3
-3,90636,90633,3,M,length1,3
-3,90360,90333,27,MKKLPSNIM,length1,27
-3,90309,90294,15,MMMHN,length1,15
-3,90174,90099,75,MVQLHQQHNAELISVQTLPFHTKVL,length1,75
-3,90096,90093,3,M,length1,3
-3,90048,89988,60,MRRNGRTKQLQKIWNRLVYH,length1,60
-3,89943,89871,72,MMQLAQPTKRSNITRILAILCKRV,length1,72
-3,89853,89817,36,MQPALIKHNKPY,length1,36
-3,89730,89721,9,MKH,length1,9
-3,89694,89691,3,M,length1,3
-3,89634,89631,3,M,length1,3
-3,89592,89550,42,MPKQLKKVGSQRLI,length1,42
-3,89409,89394,15,MKQHV,length1,15
-3,89358,89313,45,MWIPTILPLPKRKVH,length1,45
-3,89247,89217,30,MRAYPNCANG,length1,30
-3,89172,89040,132,MQNIKCYKVKMRYIAQWRDIICKNQIGLIYKKSLLNFFNRDFVI,length1,132
-3,88923,88737,186,MQLLSSHLLFLMLLLSFRLLFLMQLLSFHLLFLMLLLSSHLLFLKPPLLFQLLFLMLFLLLI,length1,186
-3,88617,88485,132,MRLMLQFVSYPQLFVLLLAYQNNLSRLKLNLKPMLMLIFSLFSP,length1,132
-3,88260,88206,54,MLDASIFLIYYHPIIIEQ,length1,54
-3,88191,88110,81,MILDFVFHTVQQQFLPLRANGKQSIQI,length1,81
-3,87417,87378,39,MPSPVVFLSAMII,length1,39
-3,87132,87111,21,MRSPSPS,length1,21
-3,87030,86955,75,MFKPFGSVPISITSAPNSRNTLGAM,length1,75
-3,86778,86712,66,MASSISSSNFVPFAEKNLMPLS,length1,66
-3,86643,86511,132,MAGVGIGPVKAADKPAAAKPASRADSNIYPEMRVSLPIKTILEP,length1,132
-3,86115,86073,42,MLYRFAKAKAHIPN,length1,42
-3,85947,85929,18,MHNTNR,length1,18
-3,85755,85671,84,MQFLLFRNFICIRTSGFSTNINNCRPFF,length1,84
-3,85134,85119,15,MRGFI,length1,15
-3,85113,85095,18,MFRFCH,length1,18
-3,84747,84597,150,MISSGFFLLIRHNHSATLWPHIDFIFRFFKLKHGYRTFIHSSSKQSRLID,length1,150
-3,84507,84498,9,MHF,length1,9
-3,82869,82809,60,MCFLHKLITKMFIQPTRRTR,length1,60
-3,82710,82365,345,MKNIEKINRSFLLGILMTTLSTKQKQFLKGLAHHLNPVVMLGGNGLTEGVLAEIENALNHHELIKVKVAGADRETKQLIINAIVRETKAAQVQTIGHILVLYRPSEEAKIQLPRK,length1,345
-3,82224,82161,63,MGEFTEIKPDLMSASSSPTMR,length1,63
-3,81945,81828,117,MALIISGRRTFFKKSNSSRNCSAPRTVIGICCIVFPFTK,length1,117
-3,81765,81756,9,MRK,length1,9
-3,81684,80247,1437,MKKLSSISTALGSFLLSVSFSLPTFANINVSDLTQKLPEGSNVGFIAKNINQNQIIADYNGSTFMLSASTQKVFTAVAAKLALGDQFQFETALLSNGKIQSGNLDGHLIVRFTGDPDLTRGQLYSLLAELKKQGIKKINGDLVLDTSVFSSHDRGLGWIWNDLTMCFNSPPAAANIDNNCFYAELDANKNPGEIVKINVPAQFPIQVFGQVYVADSNEAPYCQLDVVVHDNNRYQVKGCLARQYKPFGLSFAVQNTDAYAAAIIQRQLRQLGIEFNGKVLLPQKPQQGQLLAKHLSKPLPDLLKKMMKKSDNQIADSLFRAVAFNYYKRPASFQLGTLAVKSILQKQGIRFGNSILADGSGLSRHNLVAPKTMLSVLEYIAKNEDKLHLMETFPIAGVDGTISGRGGLISPPLVKNVIAKTGSLKGVYNLAGFMTNARGEKVAFVQFINGYSTGDLESKTKRAPLVQFERNLYNELYKY,length1,1437
-3,80193,80163,30,MRKSHLSQHK,length1,30
-3,80022,79914,108,MFEGEIEADESYFGSTRKGKRGRSVAGKVAVFGLLK,length1,108
-3,79293,79185,108,MRFELQKNQYLSHHDQIQQQLLLFFQYLETFFTPKR,length1,108
-3,79119,79002,117,MNKLKCKIKIKLTALFIIRSEYQIRFPHLILRHYFHHQH,length1,117
-3,78963,78954,9,MQK,length1,9
-3,78786,78771,15,MCLII,length1,15
-3,78591,78585,6,MH,length1,6
-3,78573,78534,39,MQINQSKTSIINN,length1,39
-3,78390,78387,3,M,length1,3
-3,78360,78351,9,MGF,length1,9
-3,78261,78156,105,MFCYQLLHIFLKIIICHHIPTTSVYYLIIYSLNRN,length1,105
-3,77958,77907,51,MLKYLGIVLLLNLSRYK,length1,51
-3,77763,77661,102,MLALFLCHQSSLNKTQQAATSHPILNNRALLDRQ,length1,102
-3,77643,77628,15,MAIQA,length1,15
-3,77412,77391,21,MINPVYN,length1,21
-3,76824,76626,198,MHYRHQFLHKTVQTPMMQKMAIARANLRYWKDKPAQSSFLCREYFPLVHFFFQHQSLPHRQIAQYN,length1,198
-3,76428,76377,51,MQFFQQKLKHPVIFLLI,length1,51
-3,76368,76362,6,MH,length1,6
-3,76071,75957,114,MDGLNTSQKFGFAKFVLIAPINQIEITMLPHLKSKYHH,length1,114
-3,75864,75714,150,MHLTRPLDWQNYHLKILQDQYKYTEKKKNPPALSHNSHQKLTALYDDFAI,length1,150
-3,75600,75516,84,MPKNPLVLKENLEWPNQVAMPANLKIAQ,length1,84
-3,75495,75471,24,MNSRLVSF,length1,24
-3,75390,75300,90,MQLPRHSMIKNEIPKTRKSRSKLEMDLPNS,length1,90
-3,75192,75186,6,MD,length1,6
-3,74634,74541,93,MNRHHKSGFVRWNSVCQHFSIAKPYFAICQA,length1,93
-3,74508,74421,87,MIIFSNHNWLADIPILFITEPKQFLLSQR,length1,87
-3,74157,74148,9,MVK,length1,9
-3,74055,74049,6,MA,length1,6
-3,73968,73938,30,MTIRLSNKLS,length1,30
-3,73773,73728,45,MAVIARVIIKGVHAQ,length1,45
-3,73722,73683,39,MQGAGFLWNRIEK,length1,39
-3,73680,73647,33,MGYIHFFLHKT,length1,33
-3,73401,73377,24,MNFIIRKG,length1,24
-3,73236,73200,36,MPAQRILPIFHS,length1,36
-3,73125,73119,6,MF,length1,6
-3,73014,72936,78,MTLFISYQLSKIIITLRKNALLFKFV,length1,78
-3,72465,72420,45,MQSLFAKSANAIPIS,length1,45
-3,71670,71541,129,MSFLLGSLLGTAKNGSQTKSYSKPLDLWIVTIFTNWRSLSKRI,length1,129
-3,71379,71358,21,MPCSNKI,length1,21
-3,69738,69690,48,MPEWKAYCINIRRQKP,length1,48
-3,69687,69681,6,MV,length1,6
-3,69315,69273,42,MGFSGIVSAIDFNR,length1,42
-3,69264,69243,21,MASFYKI,length1,21
-3,68862,68793,69,MACSCNNTTFYTSHYLISYVIFF,length1,69
-3,68415,68385,30,MQLSFHLSQT,length1,30
-3,68226,68220,6,MS,length1,6
-3,68007,67926,81,MRQTGGSAFGLISTRSSSACSAISRAC,length1,81
-3,67614,67584,30,MRAVSKHNIV,length1,30
-3,67458,67443,15,MFSAE,length1,15
-3,67419,67416,3,M,length1,3
-3,66927,66909,18,MGISLC,length1,18
-3,66861,66834,27,MFIPILKDK,length1,27
-3,66627,66621,6,ML,length1,6
-3,66474,66441,33,MLCPSKLSGTF,length1,33
-3,66336,66261,75,MLYGCLEPYPPCRCRKRWFHFTFPL,length1,75
-3,65661,65610,51,MNIVVTSHIIQVVVGFA,length1,51
-3,65454,65433,21,MLHIGRT,length1,21
-3,64989,64980,9,MMF,length1,9
-3,64932,64875,57,MVKIIQLQTWHLSDFRTRF,length1,57
-3,64800,64734,66,MHTIGAIIAINQAISIEFTAFL,length1,66
-3,64611,64521,90,MHGKAEKFLFNGIQLQKFCQRCQIFIRLFP,length1,90
-3,64347,64338,9,MLK,length1,9
-3,63786,63759,27,MFHTPLSLL,length1,27
-3,63354,63351,3,M,length1,3
-3,63126,63006,120,MTTNYRQIIRKRLLLNHLAANRKAIFIIGIFLPNFFAHFI,length1,120
-3,62811,62769,42,MILRNLLPFTLGVN,length1,42
-3,62199,62115,84,MAFPAPSSITTRFCTSFNHDSNRTFLKS,length1,84
-3,61911,61884,27,MRPSSNSAF,length1,27
-3,61587,61554,33,MPSALRISSTA,length1,33
-3,61506,61500,6,MK,length1,6
-3,61416,61356,60,MQTFVVAHIFLHPQKVDLLP,length1,60
-3,61302,61299,3,M,length1,3
-3,61263,61134,129,MKGSDNLCRLRILKAVIFRRFFANKMICIAICTFIWLYIHASY,length1,129
-3,60606,60591,15,MATTI,length1,15
-3,60072,60063,9,MYF,length1,9
-3,58920,58899,21,MPSLLMA,length1,21
-3,58887,58851,36,MKRQFMSLGIFV,length1,36
-3,58812,58722,90,MGYPPFQHSALNHGSGNFIFSATIFYCLIH,length1,90
-3,58554,58539,15,MQSKV,length1,15
-3,58455,58353,102,MFFTVNTPIMHLQKSILIKCGTNLRKNFWIDFGR,length1,102
-3,58290,58239,51,MAVINQIIFGLLKERLH,length1,51
-3,57876,57837,39,MLENSSIILFKSV,length1,39
-3,57381,57351,30,MIDILSYLFI,length1,30
-3,56628,56592,36,MNCTNKTNFLTI,length1,36
-3,56565,56562,3,M,length1,3
-3,56442,56406,36,MFRFCRSSNYRT,length1,36
-3,56205,56202,3,M,length1,3
-3,55890,55881,9,MMT,length1,9
-3,55827,55770,57,MSFTACFTNLTRFTTTDFK,length1,57
-3,55704,55686,18,MRYISM,length1,18
-3,55425,55284,141,MHWLTKLKQNIVSNIDNRIDRTNTTTTQFFLHPHWRWCFYIDVLYHT,length1,141
-3,54798,54720,78,MLCTFHYFTNNDTIKCTRNAFHAIYF,length1,78
-3,54234,54108,126,MEHWRMRLIVVITIYTSWSHNANWWLHFFHSTNLHARSLSAE,length1,126
-3,54057,54042,15,MFRNI,length1,15
-3,53616,53544,72,MLHSFPCFSFLYKIKNRVMIIPSP,length1,72
-3,53295,53193,102,MLVRKSLHKDAQLSISPHFRQHDFVYQNHKTHKH,length1,102
-3,52572,52566,6,MP,length1,6
-3,52467,52446,21,MLLSRRK,length1,21
-3,52320,52239,81,MLYGKFLHVRQYLRTKPCVPPPHPKRE,length1,81
-3,52110,52020,90,MAHQLYDGDELRSLQYRNNPPSLLLLFLKA,length1,90
-3,51987,51975,12,MQTQ,length1,12
-3,51879,51846,33,MQYVQGSLLVG,length1,33
-3,51735,51600,135,MILCVQKPHLVLRLPQNEPLELIDAPFFRQHQRLQFLMSCYFLFY,length1,135
-3,51582,51573,9,MPL,length1,9
-3,51159,51033,126,MVTNNTANPNIESIPQKAIPSVMPKMPQTVLRRELLAAIRLT,length1,126
-3,50988,50952,36,MIKFSITTSNIE,length1,36
-3,50790,50766,24,MTVSLLIQ,length1,24
-3,50466,50451,15,MIETA,length1,15
-3,50163,50157,6,MP,length1,6
-3,50118,50103,15,MSNIN,length1,15
-3,50064,50013,51,MSLLQKNIIRINRTFAQ,length1,51
-3,49938,49851,87,MPTNSFVFFDKTLCRNRNRQITFCSIATN,length1,87
-3,49659,49572,87,MRIFHHCIGRNGKLIILWHGNQRTIVANR,length1,87
-3,49377,49305,72,MAFICTEYFCHFNRFIDNHFIWHI,length1,72
-3,48786,48756,30,MCCTTTDNCT,length1,30
-3,48447,48411,36,MRLYPILFRAHF,length1,36
-3,48366,48348,18,MENFLY,length1,18
-3,46041,45996,45,MLFLIRLQYPPMLLI,length1,45
-3,45963,45930,33,MLDRLFQLEVR,length1,33
-3,45621,45522,99,MCLDNQSKFLLKAPMFLHQGHWSVRQESINYLV,length1,99
-3,45210,45174,36,MGNKYNATLEIQ,length1,36
-3,44985,44964,21,MLLTVKI,length1,21
-3,44910,44901,9,MQF,length1,9
-3,44868,44811,57,MITVEVKGYNMKIIKESTN,length1,57
-3,44805,44700,105,MRRMKWKQYIKFHIHKHYLLKILIPIEKWYWSLSK,length1,105
-3,44694,44685,9,MNG,length1,9
-3,44553,44493,60,MKTPKLKLRSRPFPSFVKRG,length1,60
-3,44457,44364,93,MLNENDIEQLTLKRLQSLGWEYRYGKDLPVH,length1,93
-3,44331,44286,45,MMRKINAVGFTIYWL,length1,45
-3,44028,44016,12,MINK,length1,12
-3,43635,43551,84,MPWMQNIKTAISHHNFFTARFSLCDSIF,length1,84
-3,43506,43470,36,MNRIFKFHGRNR,length1,36
-3,43311,43287,24,MIRLLIWA,length1,24
-3,42870,42861,9,MGF,length1,9
-3,42471,41538,933,MKNEKLPQFQPHFLAPKYWLFWLGVAIWRSILCLPYPILRHIGHGLGWLFSHLKVGKRRAAIARRNLELCFPDMSENDREAILQENLRSVGMAIIETGMAWFWSDSRIKKWSKVEGLHYLKENQKDGIVLVGVHFLTLELGARILGLHHPGIGVYRPNDNPLLDWLQTQGRLRSNKDMLDRKDLRGMIKALRHEETIWYAPDHDYGRKNAVFVPFFAVPDACTTTGSYYLLKSSQNSKVIPFAPLRNKDGSGYTVSISAPVDFTDLQDETAIAARMNQIVEKEIMKGISQYMWLHRRFKTRPDEKTPSLYD,length1,933
-3,40395,40368,27,MAKSKCTRC,length1,27
-3,40122,40107,15,MGSFP,length1,15
-3,38439,38385,54,MAHFPSHNGHSSPSISPR,length1,54
-3,37212,36000,1212,MSYTFSTYETLALASLVLLLGYFLVKRINVLKTFNIPEPVVGGFIVAIGLLIWHKIDGTSFNFDKNLQTTMMLVFFTSIGLSANFSRLIKGGKPLVVFLFIAALLIFGQNVIGIASSMALGIHPAYGLLAGSVTLTGGHGTGAAWADTFAHQFNLQGATEIAIACATFGLVFGGIIGGPVARFLLNRQKQGENPENDEVDDIQEAFEHPTYKRKITARSLIETIAMISVCLLIGQYLDVQTKGTALQLPTFVWCLFTGVIVRNILTNIFRFQVAESAIDVLGSVGLSIFLAIALMSLRLWELAGLAIDVLIVLAIQVAFMAAFAIFITYRAMGKDYDAVVLSAGHCGFGLGATPTAIANMQAVTSRFGPSHKAFLIVPMVGAFFIDLINAALLKVSFAVVNMLA,length1,1212
-3,35610,35469,141,MKSCCSIDILVCLKASIMLTALCGFSAKITPIPCEPFSVFKIVGELI,length1,141
-3,35028,35007,21,MFRILHE,length1,21
-3,34995,34992,3,M,length1,3
-3,34989,34965,24,MIKISRIT,length1,24
-3,34833,34770,63,MWIFTQKALLRKIYQNLLVNQ,length1,63
-3,34743,34704,39,MKNQLVVALILKH,length1,39
-3,34542,34416,126,MTVCNPAFSFVSVTMLQPSAASSKVSILILGAIKSLSNINNV,length1,126
-3,34266,34263,3,M,length1,3
-3,33795,33777,18,MVFVTA,length1,18
-3,33564,33360,204,MCSLGFNLIVPATWLRIFISTNSGTTSIPDFPAFNEANTSSLLLPILEIIPKPVITVLLIASSLLFYM,length1,204
-3,33336,33330,6,MK,length1,6
-3,33237,31227,2010,MTFSVQHAEIHFNQNHIPVSDQFDDVYFSNENGLAETDYVFLQGNQLWERWITHKEANFVIAETGFGTGLNFFAVTKLFREFRQQHENHPLKRLNFISFEKYPLKITALLQAHLAYPQFEDLSAHLQRYWPSLILGCHRIHFEETTLDLWFGDVSENLPQLGDYMNERINAWFLDGFAPSKNPEMWNDDLYNLMFRFTKPNGSFATFTAASAVRKGLESAGFNVTKRKGFGKKRECLSGLKIQSKSTALSTPWYLAQPAKMEKQDVAIIGGGIASLCAAISLVKRGAKVTIYCEDDALALNASGNKQGAFYPQLSDDNALTVDFYLHAFSYGRQLLDWAIAQNIAFEHEFCGVALCAYNEKSAVKLAKISQLGLPNEIFQMLNAEQLSEKVGLPLNCEGGWIEQGAWLAPRQFVQNAFSFLEKQGVIIKTSQKITALSQLEKGWELKNMQGQKYCHEVVILANGYKITDFVQTEKLPLYPIRGQVSQIPTSENLLKLKSVLCYDGYLTPANQLKTSHCIGASHVRDNVDRHFSEQEQQENQQKLQQNIAQPWTQDVNTSDNLARVGIRCSVRDLAPMVGNVPHFEQQQADYYNLFNLRRRKQPIQSAANFQNIFLIAALGSRGLTSAPLLGETLASIIYGEPLPISEGILHNLSANRAWVKKWLKGSKVE,length1,2010
-3,31137,30156,981,MQSINQSINQSINQSINQSINQSINQSINQIVGFVKTCYKPEEVFHFLHQHSIPFSSIGGMTNQNVLLNISGVKFVLRIPNAVNLSLINREYEAFNNAQAYRAGLNVETPVLDAKSGVKLTRYLENSNTLSQIQLNEQSCLSQVVNNLYRLHNSEFVFRNVFSVFDEFRQYFSLLENKSAFYQADSRMDKLSAVFWQFEEINKEIILRPCHNDLVPENMLLQDDRLFFIDWEYSGLNDPLFDIATIIEEAHLSKEAADFLLETYCNQTNKYHKTEFQIAHKRLKIHRFCQNVLWFLWTKVKEEHGENFGDYALKRLDAAFKLLEELP,length1,981
-3,30090,30078,12,MNCH,length1,12
-3,30069,30060,9,MMH,length1,9
-3,29871,29829,42,MRHRFHLSFLFSLR,length1,42
-3,29514,29496,18,MYKLLV,length1,18
-3,28890,28872,18,MATDFK,length1,18
-3,28578,27783,795,MKKLTLREQQLVCLNILDYFHALCERHQIHYSLGGGTLIGAIRHKGFIPWDDDIDVYMHRDEYQRFVDVWFQETHEYYNMETAEDILAQYTGEMAKIFDCRTQITDAKGRKSPMFMDIFIYDGVPNEPKIIYPLMKKHRRIKLRFSSCKKRWLRSKENTLQRTILGKLSHFLFSKMQKNLAQFQIKYPIKQCDYIGLVLSDYGGWQKSYMPKEYFNHIVYKEFEGRQFQVMNGYHEHLTQYYGDYMKLPPEEDQKPHHIQEAYIL,length1,795
-3,27435,27381,54,MHHCPTKPDLEPVYLLVF,length1,54
-3,27288,27267,21,MEKTQMY,length1,21
-3,27129,27090,39,MKSNNHLMLPLHP,length1,39
-3,26694,26667,27,MPYYCLLTL,length1,27
-3,26514,26466,48,MVQLLIYKSPRGKYVV,length1,48
-3,26262,26232,30,MRVNLPLQNN,length1,30
-3,26052,26028,24,MRLRSLMQ,length1,24
-3,25794,25779,15,MHLHF,length1,15
-3,25734,25653,81,MQNSLSVFSKQQCVCQITENYILIILL,length1,81
-3,25644,25635,9,MRA,length1,9
-3,25449,25335,114,MDYNWLHKHKDLIMCGFQGNGLMALHYEKRSDVVNKIV,length1,114
-3,24984,24906,78,MIRTFHLWHIAYKAKIHKFFNINAIS,length1,78
-3,23631,23619,12,MNCG,length1,12
-3,23178,23172,6,MT,length1,6
-3,22356,22311,45,MKWIFLIIHCLFSVI,length1,45
-3,22164,22131,33,MTIFILVILLY,length1,33
-3,22110,22095,15,MSMNL,length1,15
-3,21795,21768,27,MHASVILCP,length1,27
-3,21180,21156,24,MRNPSFKR,length1,24
-3,21015,20997,18,MATFGS,length1,18
-3,20865,20850,15,MGGNT,length1,15
-3,20748,20745,3,M,length1,3
-3,20490,20388,102,MQVLQLKPSKHPTNVTRLARNPQNTHRPIIISYR,length1,102
-3,20349,20340,9,MQV,length1,9
-3,19629,19623,6,MP,length1,6
-3,19416,19338,78,MQYQLQKILQLTRLKDFFVCHVDNAS,length1,78
-3,19056,19038,18,MGNSMT,length1,18
-3,18981,18927,54,MTNQHRHHHIFKCGKIRH,length1,54
-3,18924,18900,24,MMKLIYKS,length1,24
-3,18792,18786,6,MQ,length1,6
-3,18507,18486,21,MFFKITF,length1,21
-3,18159,18111,48,MWRTRIFKNIRAGFAL,length1,48
-3,18072,17862,210,MYKQIISNIFTACLNHFLCNNGKALFHQLFSINACSNRFPRISINARYKNNLSHKYSLLIFYVRIARDKK,length1,210
-3,17856,17715,141,MISQAHFARRHTERRQVIANKSIEIFSCPIFLVRGCYACIFKVFEYI,length1,141
-3,17517,17460,57,MGDKSVRLVKPLHGGCARD,length1,57
-3,17433,17349,84,MFGIAAIKIKGLRQFFSQLGLHIAQIIK,length1,84
-3,17238,17229,9,MCH,length1,9
-3,17196,17178,18,MFIIAI,length1,18
-3,17151,17130,21,MRFIYGS,length1,21
-3,16659,16650,9,MCR,length1,9
-3,16290,16170,120,MQVWLGIICVLCSTSWRKNALNCSRCVLSFESCGNRSKIK,length1,120
-3,15744,15654,90,MPSIMLACTNLSAKIKLFVVVKAGKMPILA,length1,90
-3,15246,15237,9,MVA,length1,9
-3,15123,15108,15,MHELL,length1,15
-3,14865,14847,18,MLYRYT,length1,18
-3,14583,14457,126,MECWVEEENIVQAGYDEINDASLWLDHTLTSHSKYRRDNLNE,length1,126
-3,13797,13761,36,MCQQIPPVILDK,length1,36
-3,13413,13383,30,MLRHNHNKYR,length1,30
-3,13347,13323,24,MVYIGYFP,length1,24
-3,13179,13164,15,MIEYQ,length1,15
-3,13068,13056,12,MFFL,length1,12
-3,12951,12912,39,MPSHLAQSPGLQD,length1,39
-3,12738,12723,15,MRGDN,length1,15
-3,12633,12621,12,MPRF,length1,12
-3,12492,12465,27,MQRHNIRLF,length1,27
-3,12414,12354,60,MFCIKHFHSHGISQTPHFCS,length1,60
-3,11976,11931,45,MIIFSPSMFKTWARN,length1,45
-3,11925,11901,24,MFRNSRAI,length1,24
-3,11667,11583,84,MPTAKPERANSVTCARRPLDAAPNGSRH,length1,84
-3,11460,11409,51,MILSLPHSSIFSTILPI,length1,51
-3,11190,11175,15,MPGPR,length1,15
-3,10836,10761,75,MLKDKPPFELKLSHGHGYDKDFQHQ,length1,75
-3,10734,10707,27,MPYRYALHE,length1,27
-3,10611,10548,63,MHLHKVAAIFLAIYKCHPKDQ,length1,63
-3,9975,9969,6,MT,length1,6
-3,9903,9798,105,MQMFILHINIRRIADDKIKLPCYIIKPTALQKFYI,length1,105
-3,9717,9603,114,MPLLANGLKLGSQSEGDCACASAEIKNTKVRWILFQFF,length1,114
-3,9372,9108,264,MLKKHKCINFTIFSRIFLCQIRHCLCQPFFIIHYFSSFNTIVPATKSVKERRSSRTSATIPLIINKKLVHANKISIISRPMYLPNSTG,length1,264
-3,9039,9027,12,MKYN,length1,12
-3,8841,8802,39,MIILFPFKVKKDI,length1,39
-3,8793,8592,201,MPLSLILFRQCRQLIRLIFRNNRLNQFINFTIHYFIQTVNSEIDTVIGYSTLRIIICTNFIRTIART,length1,201
-3,8442,8388,54,MCNTHRRIRCIYVLTTCT,length1,54
-3,8244,8091,153,MTARFKFKLAIHAFATYFYDHFFITALLAFVGTEHFYTPAFTFRITAVHTE,length1,153
-3,7524,7479,45,MGNWGVSHLNTPTRK,length1,45
-3,6843,6798,45,MDNLLFLFTKIGFEP,length1,45
-3,5757,5580,177,MPFHRFEIILFYAKSSVIHHAQTILSLCISLLCRFAKPLHRFNTILFYATSDCIHRTQI,length1,177
-3,5256,5247,9,MNG,length1,9
-3,5208,5139,69,MMRNLQTINPMKGLGVSHLNTPT,length1,69
-3,4527,4515,12,MIKN,length1,12
-3,4386,4299,87,MPLTPCVTFPLVLVNLFPHRFSLVHTRLV,length1,87
-3,4209,4197,12,MLAV,length1,12
-3,4071,3981,90,MHCCKSLAQNKSRYKALHHLRVNKWAHHRL,length1,90
-3,3825,3822,3,M,length1,3
-3,3732,3717,15,MQGSY,length1,15
-3,2664,2385,279,MTKRCDQPICIEYEECEPNKYGEIRKKIVGVKNRFTEKKIITKLKNWVIKSAKSALGSTALNSETTEQTRRIEPLGLVSITVTVQKLNIKLIY,length1,279
-3,2328,2217,111,MDGYSLMTIGGFVVKTMKFSLKKKKFRWLKPLVGVRS,length1,111
-3,1386,1383,3,M,length1,3
-3,1170,1131,39,MEYRTDRNRSQSV,length1,39
-3,996,963,33,MVRLAGLELIK,length1,33
-3,888,876,12,MPYI,length1,12
-3,678,672,6,MG,length1,6
-3,642,600,42,MIGLSLVIMFKHCP,length1,42
-3,387,381,6,MF,length1,6
-3,294,285,9,MAI,length1,9
-3,132,123,9,MSL,length1,9
-2,1887535,1887475,60,MPELQIHVLCIPRQIESTSH,length1,60
-2,1887019,1886926,93,MNSASCFTFNFCTHFKTDEFNIVIIIKPVPF,length1,93
-2,1886518,1886467,51,MHKSIITEIVISYSCSA,length1,51
-2,1886386,1886341,45,MYVLFNFVTLCLTDI,length1,45
-2,1885864,1885843,21,MPFPIFG,length1,21
-2,1885252,1885231,21,MLQKVVV,length1,21
-2,1885171,1885096,75,MCLLYLTHLPVRFLRQFFVFDRVLD,length1,75
-2,1884901,1884814,87,MMLIPCRNPFPPHNIRSRLLAGGTTGNLY,length1,87
-2,1884763,1884751,12,MYLV,length1,12
-2,1884283,1884271,12,MMYF,length1,12
-2,1883743,1883671,72,MLRSLAPSVSSCHCPRDTQFGIEM,length1,72
-2,1883665,1883593,72,MLQVHNLQQFWFGYFPQAHDKSHR,length1,72
-2,1883485,1883479,6,MQ,length1,6
-2,1883470,1883440,30,MSRHHSQQWR,length1,30
-2,1883395,1883380,15,MCYFL,length1,15
-2,1883374,1883371,3,M,length1,3
-2,1883047,1882999,48,MYSRTPQLPFGICTPS,length1,48
-2,1882723,1882720,3,M,length1,3
-2,1882609,1882564,45,MYSPAPYSSLVSKSK,length1,45
-2,1882459,1882447,12,MPRQ,length1,12
-2,1882333,1882177,156,MVLFCKTWLSESSVNRVTFIFQGASPVNLKLCSRLYDDVVLPSITILPASIH,length1,156
-2,1881448,1881310,138,MPPSTSDAPIVSGKVAALLKKPVPPIVAHPKGFQNARPIIAAPAMS,length1,138
-2,1881280,1881265,15,MIGIR,length1,15
-2,1881112,1880971,141,MASAGVFTASLWTLPKRLPNSPLRRIFLMSHDVRCSFAVELSIYILT,length1,141
-2,1880950,1880941,9,MAN,length1,9
-2,1880914,1880863,51,MIRYICVNLHHNHVAYF,length1,51
-2,1880704,1880626,78,MDKLTPIQIRHLCKCRHKMRRYLIAF,length1,78
-2,1880590,1880563,27,MCILICNAW,length1,27
-2,1880545,1880452,93,MGMNNGSNFPHSFRSGIIFYANQKLIFCFCR,length1,93
-2,1880347,1880248,99,MFHFKSSYMPHLGNHQKVVLSAHQNVLYSQQAF,length1,99
-2,1880095,1879978,117,MFFAIYKIYHRVNVRLGRQSNFHFQNLPHQDRLFSFVCE,length1,117
-2,1879936,1879933,3,M,length1,3
-2,1879909,1879906,3,M,length1,3
-2,1879804,1879759,45,MDLIHRGNDKQYRQI,length1,45
-2,1879423,1879396,27,MSPLVCFRY,length1,27
-2,1879276,1879261,15,MRVKS,length1,15
-2,1878379,1878367,12,MVVN,length1,12
-2,1877569,1877563,6,MI,length1,6
-2,1877479,1877395,84,MMPYSTEMIPPDDLNPLCVVCMYPQLMP,length1,84
-2,1877062,1877059,3,M,length1,3
-2,1876996,1876990,6,MI,length1,6
-2,1876060,1876027,33,MSHQSHYDKSS,length1,33
-2,1875943,1875940,3,M,length1,3
-2,1875808,1875766,42,MRQRLNHQSPIWLS,length1,42
-2,1874437,1874434,3,M,length1,3
-2,1874371,1874365,6,MP,length1,6
-2,1874362,1874257,105,MQCFLLAWLKRIQQCPIRRFLGLIYPSHLHGQQTS,length1,105
-2,1874146,1874128,18,MTACHC,length1,18
-2,1874095,1874086,9,MRQ,length1,9
-2,1873480,1873441,39,MIVPLLNVNPVTT,length1,39
-2,1873426,1873396,30,MVVLSPFLGL,length1,30
-2,1873264,1873162,102,MTLSACASASSNGLSVDLDIDSVHGCTTCVPCNT,length1,102
-2,1870549,1870510,39,MQDQYRLAHQFHR,length1,39
-2,1869904,1869820,84,MRQARPLELNLLYQGYSSAQNQALMPQG,length1,84
-2,1869817,1869808,9,MRF,length1,9
-2,1869514,1869490,24,MPEPVLAN,length1,24
-2,1869406,1869361,45,MHSSHIGFLLAVRPI,length1,45
-2,1868866,1868851,15,MGIAK,length1,15
-2,1868740,1868707,33,MDIVSPDSLTA,length1,33
-2,1868632,1868623,9,MTI,length1,9
-2,1868032,1868017,15,MFSSE,length1,15
-2,1867927,1867888,39,MDYTVFIYRLSFF,length1,39
-2,1867828,1867816,12,MRAL,length1,12
-2,1867726,1867681,45,MWTLPIESASIATVI,length1,45
-2,1867633,1867543,90,MMFYINNILSWRTLYKCHTGTHKCSRPFGR,length1,90
-2,1867309,1867264,45,MLTGFLLCKLHQEEI,length1,45
-2,1866487,1866466,21,MPKKGKR,length1,21
-2,1866139,1866082,57,MTTSPYVSPVNAVLTQGTV,length1,57
-2,1865155,1865068,87,MVYFFCTPFFIFSNFPFLAFSIHIHETAY,length1,87
-2,1864894,1864774,120,MAKAQGIEPQLAVLETAVLPLDYALIDTLVALPTRGYLTK,length1,120
-2,1864726,1864651,75,MSAALANLFPTLSAAFSDIFPPTLT,length1,75
-2,1864009,1863982,27,MRINYICLS,length1,27
-2,1863913,1863898,15,MQHLA,length1,15
-2,1863817,1863787,30,MTDDHIAAIA,length1,30
-2,1863472,1863457,15,MRQLI,length1,15
-2,1863361,1862779,582,MANTSRLSPKHLTEKSPKPTSCAHSQSHNSATNSKNLQEKGKVLMNSKDIQRTLHRDCKNASGGITTLALTLGKSPNILGNKLNVECENNHLSFIEALDLIEITNSTRTVAAIADKIDHLIVPMPKCASCCADVVQGFLDITTNAGKIGEQIKSAVHPNSDLGRELSNKEKQTISASIDALIESALCLKWELEQ,length1,582
-2,1862059,1861303,756,MSMRLMVQAMNCKVGNPARKLVLLKLADNANDDGICFPSYQYIADKCEMTRRSAINHIEYLIKMGLVSKKERKNKDGSISNLYFLHLEQGSENFALGSENISLGSENFALGGSENISPRTSHSLEPVNEPKKTTQKSEAEMLLEQFGITGQLAKDFIAHRKAKKGVINQTQLNRLQKQADKAGISICEAVEICIERNWQGFNASWDWRDEKLRPNSPHLGQSHRNKPKFDDTQTGWSAGMNFIVDGTQWQIP,length1,756
-2,1861102,1861054,48,MGFVKRKNRLINFYLA,length1,48
-2,1860955,1860850,105,MPDSIGMNFNIVQKWNFGCLKICTKSARKNRKRTR,length1,105
-2,1860664,1860592,72,MPKVRCGIRGFLYARLFYIEQRMG,length1,72
-2,1860457,1860424,33,MSFAMLFKRWE,length1,33
-2,1860013,1859986,27,MGALNETLK,length1,27
-2,1859908,1859323,585,MAKEYKCKMCGNYFIKIVSSLQKVCSPECAIKLSREQTRKAREKKDKQARIENRKKMTALKEKNKTKHELTKEAQVAVNKYIRLRDVGKECISCGTPLVAEQLGGGFDAGHYRSRSAAPHLRFYTLNIHGQCKKCNRYYGGNVQQYRLGLLDRLGSEKVEQIEADNRPRHYSPDDLRRIKQIFNKKYRLIEKRKG,length1,585
-2,1859266,1859257,9,MGA,length1,9
-2,1858402,1858378,24,MLINRLLR,length1,24
-2,1858279,1858120,159,MHSDGTHSNSQTIFIICTVVMGFYFMGKYEKDSDIDRWWLLLCKSRFLCEKIF,length1,159
-2,1857763,1857748,15,MGRSN,length1,15
-2,1857454,1857418,36,MVARLSSQSRSK,length1,36
-2,1857034,1857019,15,MYPPQ,length1,15
-2,1856626,1856563,63,MQVHANSPKKAKFYNVVKRAD,length1,63
-2,1856530,1856506,24,MPRLKKWW,length1,24
-2,1856203,1855984,219,MQDEMKRYAISYYFDGKRWATDVYAHSFEEAEEKLKAMSQGTVDGEIHLSVYIPENPLSKVSRLITRIAKKFM,length1,219
-2,1855726,1855723,3,M,length1,3
-2,1855702,1855681,21,MKCVLKW,length1,21
-2,1855531,1855519,12,MLFI,length1,12
-2,1855492,1855483,9,MRK,length1,9
-2,1855114,1855039,75,MRNDLNSPMNILRLFAYIGIKSHLI,length1,75
-2,1854994,1854979,15,MFSIN,length1,15
-2,1854946,1854892,54,MLIVTAKKNLRSLKRIAR,length1,54
-2,1854889,1854826,63,MKESWLKKWKFISINHLIHTR,length1,63
-2,1854724,1854709,15,MQNVG,length1,15
-2,1854685,1854571,114,MNGNRIISGAKPVEKFRVDILLITKTAIQEIAPLKISN,length1,114
-2,1854517,1854484,33,MMKLNPPFPPL,length1,33
-2,1854256,1854250,6,MT,length1,6
-2,1853899,1853869,30,MLTLQTLNGM,length1,30
-2,1853572,1853566,6,MP,length1,6
-2,1853407,1853395,12,MRAM,length1,12
-2,1853326,1852909,417,MALKSKKTAAKSQKKKCLISNKEPQMKHSKTPLRQEKQSFTHFMKGSEKWLNRICYFLAALIIAMIVGGISLHANAHPTDWHDNELSQQIQQETRCELKGGIYENGVCLPPNLTLAAEKELQDYTAQKQAEINRTWSKQ,length1,417
-2,1852876,1852825,51,MRLTNVKWIGKQAMKSL,length1,51
-2,1852822,1852792,30,MKSLLKSTMI,length1,30
-2,1852699,1852639,60,MSLIDKRRLRKLPSVNCTQE,length1,60
-2,1852636,1852594,42,MIMTQINGDEIWWK,length1,42
-2,1852561,1852543,18,MNNTMG,length1,18
-2,1852459,1852441,18,MQWTEF,length1,18
-2,1852285,1852147,138,MEKVLLRLLLGIFKQIQDKLRSFKYHTLDIQKKENKFLQTLEIYMK,length1,138
-2,1852135,1852120,15,MALDD,length1,15
-2,1852087,1852084,3,M,length1,3
-2,1852039,1852015,24,MKMFPQKD,length1,24
-2,1851727,1851034,693,MNLAKSRLRSWRQLRMEMYQLKAKCSGLADLMVKPKSGNGISATAKSAVRKIVKYDLFGYQDFEGNKYTEKGIALEEQAIKLSGRKRGLPLKKNTERRENDWITGECDIYVPSRKLIIDTKCSWDIGSHPFFADEAEEKAKKAGYDAQMQGYMWLWDCSEAQIDFVLLPTPYEQLSSYDDPNRYIDLVEQIPQEKRITTVTIKRDEKIIEKIKERVEIAQEYYQQLIQEMR,length1,693
-2,1850959,1850839,120,MAGKLPHLILLSAMITEINKVIQLNVRIGYPLWYTATLLM,length1,120
-2,1850692,1850647,45,MKHNSQPKTKKNPTH,length1,45
-2,1850617,1850554,63,MMMFRFELHHKPLTNSGFFII,length1,63
-2,1850536,1849354,1182,MAEENKEIIAYKGFKQDWTCRGYQYEVGKTYEHKGNVKACESGFHACEYPLDVLSYYSPAVSKFAVVKMSGETSKDSDDTKIASAKITIETEINLPEMIKKAVEWIKGKVDWDAAKVSNTGDQSAATNTGYRSVATNTGYQSAATNTGYQSAATNTGYRSVATNTGYQSAATNTGYQSAATNTGDRSVATNTGNQSAATNTGYQSAATNTGYQSAATNTGYQSAATNTGDRSAATNTGDRSAATNTGDRSVATNTGYQSAATNTGYQSAATNTGYQSAATNTGDRSVATNTGNQSAATNTGYQSAATNTGDRSAATNTGDRSAAEVSSKQSIAVALGWQSKAKASIDGAIVCVYRNDDGELIHIKASKVGENNIKADTWYTLDEIGEFVEVNYD,length1,1182
-2,1849174,1849156,18,MQLFTN,length1,18
-2,1849081,1849033,48,MLAISVGLLRSSPAKI,length1,48
-2,1848874,1848868,6,MM,length1,6
-2,1848754,1848712,42,MYLHFCVNRLAACQ,length1,42
-2,1848568,1848526,42,MLKTRKLLSLFKMA,length1,42
-2,1848469,1848460,9,MAR,length1,9
-2,1848418,1848409,9,MIL,length1,9
-2,1848400,1848397,3,M,length1,3
-2,1848382,1848379,3,M,length1,3
-2,1848055,1847698,357,MNEINIKLPLHKFQDLMISHVRYSLPRHTYIVSETIHDVKTYWSVLSSNTREVITRDINEHLKRWESDRNDPSLKLDYDSWEELFDWINENRSSPSTTATTAKPIVPVLPVINPKQRKK,length1,357
-2,1847638,1847623,15,MERLK,length1,15
-2,1847224,1847110,114,MVKRWLCAFVPNYRVANPRCSILRTRPTTQARVPCGKC,length1,114
-2,1846738,1846642,96,MHEHQPKHSQTYPFRMRKITRFSSRLHANPIS,length1,96
-2,1846474,1845928,546,MKEFNLDAALNGEPVKLRNGFKAIVYYRIPDEFSYPGGSTEIYPLIGIIFNKDGTIKGASENWKDCGAYCSRQGGLDIVGMWEEHKLTSEQVLEKAYKENFLVLCDGNPDLPLKVIAKTKNGEFVMQPEDDTIQPWLANLTMEWFFVKDSAPKSNTITVTLPKPFKAKKGDNFWFIVEDFEI,length1,546
-2,1845886,1845880,6,MK,length1,6
-2,1845748,1845700,48,MRSMVIANYLMQLIRI,length1,48
-2,1845670,1845658,12,MRTL,length1,12
-2,1845577,1845235,342,MSENNGWIKCTESLPEPGIKCLVFDAETQCVSMNFLMKDAKWYVGYNIKHWMPLPKPPNDETSANIADKLKALQSNPDKEVAHNQADKILCDLLNSLGYHDVVKEFENLEKWYA,length1,342
-2,1845181,1844983,198,MESTTRKLHNLKTVSALLDMSTPTIYRRIKNDPNFPKPHLVGGNNFWTDAQINDYIERIESGCYSS,length1,198
-2,1844035,1844008,27,MAFCSCCKR,length1,27
-2,1843765,1843711,54,MLNGFTNTAILPPLVLRK,length1,54
-2,1843678,1843627,51,MDFGITTPKNPKLYYQI,length1,51
-2,1843459,1843414,45,MSRWCSNQLSYSRTV,length1,45
-2,1843276,1843252,24,MCTDFLSG,length1,24
-2,1843246,1843243,3,M,length1,3
-2,1843057,1843009,48,MTISDVLNVYVLLRKN,length1,48
-2,1842901,1842856,45,MQNYQKAKALKNPLV,length1,45
-2,1842832,1842805,27,MLCRAIFFY,length1,27
-2,1842802,1842784,18,MMAVFN,length1,18
-2,1842766,1842697,69,MVQKFSLKLLLVVHYQIIKVSIN,length1,69
-2,1842676,1842670,6,MP,length1,6
-2,1842574,1842544,30,MHVNLLNKQV,length1,30
-2,1842541,1842469,72,MQKSLLKLNVQKPLLMMKPWTILF,length1,72
-2,1842460,1842457,3,M,length1,3
-2,1842262,1842175,87,MELMQLCFLQKQQQVNILLKQWQQWLAYV,length1,87
-2,1842079,1842064,15,MQQTT,length1,15
-2,1841488,1841470,18,MALLNV,length1,18
-2,1841341,1841335,6,MK,length1,6
-2,1841269,1841221,48,MQILCVRKPYYENLFR,length1,48
-2,1841158,1841089,69,MRLSVKYLRLQKNEQLLAKAHKM,length1,69
-2,1841083,1841077,6,MC,length1,6
-2,1840891,1840861,30,MPQWQVKNPF,length1,30
-2,1840759,1840729,30,MKSSGIKLLA,length1,30
-2,1840690,1840675,15,MILQV,length1,15
-2,1840663,1840618,45,MFVRAHAEFIVKMVD,length1,45
-2,1840396,1840387,9,MQT,length1,9
-2,1840267,1840198,69,MDNSHALTILPNNVNIEMIIKEK,length1,69
-2,1840078,1840045,33,MVTALCLLHQL,length1,33
-2,1840036,1840009,27,MSIALAWLV,length1,27
-2,1839940,1839919,21,MNKICLF,length1,21
-2,1839784,1839757,27,MKWIIFIKN,length1,27
-2,1839697,1839691,6,MN,length1,6
-2,1839373,1839325,48,MAMVIRAMCQKVRLFI,length1,48
-2,1839322,1839265,57,MAVSYQLLDVCQWICSLLI,length1,57
-2,1839235,1839229,6,MK,length1,6
-2,1838683,1838647,36,MVKMLCLKSMLC,length1,36
-2,1838572,1838569,3,M,length1,3
-2,1838470,1838440,30,MSMVHTLQKP,length1,30
-2,1838365,1838338,27,MRKVRVIGY,length1,27
-2,1838323,1838269,54,MKVRLQNILQHYQPMLKM,length1,54
-2,1838134,1838068,66,MAHMKWINISALLQSNKISQLL,length1,66
-2,1838005,1837843,162,MINIYIALRLISNKVIWNQMVNMWIVMAMSLTIIKLALSFGENQVQTDNMRSIN,length1,162
-2,1837660,1837654,6,MM,length1,6
-2,1837549,1837522,27,MNTKSSYKV,length1,27
-2,1837402,1837396,6,MD,length1,6
-2,1837294,1837078,216,MRESRLSQYKQNKLIEIFLASVTALAAAKLVNINKLQLITFIVYHYLSLKAAYIWKCLKVKFKRMKAILVVL,length1,216
-2,1836922,1836799,123,MNFYRGYDILKLFLKEYEWRFNHSDLKNSNFYCKTINLGEF,length1,123
-2,1836328,1836304,24,MWNYRFSI,length1,24
-2,1836289,1836268,21,MEKSIAT,length1,21
-2,1836181,1836172,9,MNL,length1,9
-2,1835749,1835743,6,MF,length1,6
-2,1835740,1835698,42,MECSERGGTNSKFV,length1,42
-2,1835566,1835440,126,MLLVIAQKHLSLSRHQQYELGDQLQNCCQPFEQQRSLDHHLS,length1,126
-2,1835188,1835167,21,MRYKHHR,length1,21
-2,1835113,1835065,48,MPYLFFSYNILYIRRN,length1,48
-2,1835035,1834879,156,MFLVLPLSDTKTQAPTTKVESYLCTITTSSPFCWLPEQSFLRTVNFRFLPSI,length1,156
-2,1834792,1834666,126,MQVIIYSFLLNLKYFFYRIRMNLNASMIYCFIRKTYCNRWIW,length1,126
-2,1834528,1834435,93,MFPSLNWIFFIFRKWKFNNIHKLIGKFNWFF,length1,93
-2,1834315,1834270,45,MINFIVRQIYCHFFG,length1,45
-2,1834267,1834240,27,MLNFSFKYC,length1,27
-2,1832281,1832269,12,MSAI,length1,12
-2,1832218,1832170,48,MQIHIFRFVNLVTIFL,length1,48
-2,1831840,1831825,15,MFLLT,length1,15
-2,1831792,1831669,123,MKLFFDLLQCLSIAHSFNGHSRKRWIIRWCNRQTFNIKGTL,length1,123
-2,1831282,1831240,42,MTTGIPYCVAVESS,length1,42
-2,1830172,1830145,27,MITIGTESV,length1,27
-2,1829830,1829782,48,MSIFHIIQSKKNLSSH,length1,48
-2,1829734,1829725,9,MKI,length1,9
-2,1829686,1829623,63,MRQNAAFYKIVKILFFIQVFE,length1,63
-2,1829575,1829533,42,MKLPLLQNQLNLNK,length1,42
-2,1829287,1829230,57,MFPSSYLLKMPSLHQEQKV,length1,57
-2,1828990,1828951,39,MFLLRCFQMHLKH,length1,39
-2,1828927,1828891,36,MPLRLCKSSLKL,length1,36
-2,1828750,1828732,18,MPQKTP,length1,18
-2,1828684,1828660,24,MHQLVCTP,length1,24
-2,1828615,1828528,87,MRPNWKLASLHTSVLPLNLKYKQVSHEKL,length1,87
-2,1828447,1828429,18,MMPLII,length1,18
-2,1828246,1828204,42,MRCRFANRLTLMIQ,length1,42
-2,1828114,1828099,15,MMKNQ,length1,15
-2,1827823,1827796,27,MPTDFIKIL,length1,27
-2,1827565,1827559,6,MP,length1,6
-2,1827520,1827508,12,MKQN,length1,12
-2,1827358,1827280,78,MRLLMKMASIKLGRVKVAHHAQFKMR,length1,78
-2,1827136,1827124,12,MIKA,length1,12
-2,1827067,1827058,9,MNL,length1,9
-2,1826860,1826845,15,MVRLM,length1,15
-2,1826710,1826662,48,MNIRQIILFSLNICVC,length1,48
-2,1826563,1826551,12,MNAV,length1,12
-2,1826482,1826479,3,M,length1,3
-2,1826473,1826443,30,MWIILIMQKR,length1,30
-2,1826425,1826407,18,MWKKPC,length1,18
-2,1825102,1825069,33,MYCQNLSYILQ,length1,33
-2,1824838,1824784,54,MHFYQYLNAFPYVISGDK,length1,54
-2,1824700,1824568,132,MRSSTLNGSAPQKMNGLPFRPPLLRQFLLMILNLMLKQHGFLIS,length1,132
-2,1824553,1824532,21,MQTKSTT,length1,21
-2,1824385,1824367,18,MEKYQI,length1,18
-2,1824364,1824322,42,MNPQLKIEDNYTCG,length1,42
-2,1824274,1824271,3,M,length1,3
-2,1824247,1824244,3,M,length1,3
-2,1824226,1824193,33,MILVKLVTKDT,length1,33
-2,1824169,1824100,69,MLSFMEFLNHVSVSFFLVLKKMR,length1,69
-2,1824025,1824010,15,MEKKI,length1,15
-2,1823986,1823977,9,MHL,length1,9
-2,1823839,1823815,24,MVILNIVD,length1,24
-2,1823803,1823746,57,MEGNILTNYLKACSNVALL,length1,57
-2,1823677,1823617,60,MFLFQPVMPIKLLAMRYHVY,length1,60
-2,1823518,1823503,15,MNSRH,length1,15
-2,1823473,1823422,51,MMQKIGLHTIRNVVVLI,length1,51
-2,1823413,1823353,60,MYMRLFVIVLKILLSKTLLV,length1,60
-2,1823308,1823296,12,MVLK,length1,12
-2,1823161,1823140,21,MSRVYVI,length1,21
-2,1823056,1823038,18,MILSEN,length1,18
-2,1822957,1822951,6,MF,length1,6
-2,1822948,1822912,36,MILPLPKLDTGR,length1,36
-2,1822900,1822885,15,MSEIC,length1,15
-2,1822870,1822846,24,MLSSLKRS,length1,24
-2,1822825,1822804,21,MINSHYG,length1,21
-2,1822792,1822786,6,ME,length1,6
-2,1822765,1822735,30,MSFLQEGNKK,length1,30
-2,1822597,1822588,9,MIV,length1,9
-2,1822537,1822531,6,MK,length1,6
-2,1822504,1822471,33,MKKQFLMIKMM,length1,33
-2,1822036,1821991,45,MQYKSHYFLELPQDK,length1,45
-2,1821931,1821910,21,MQPMQLA,length1,21
-2,1821358,1821337,21,MHLAGFY,length1,21
-2,1820584,1820548,36,MDRRTIRFYHQK,length1,36
-2,1820365,1820338,27,MPNYSNQVR,length1,27
-2,1820272,1820266,6,MR,length1,6
-2,1819951,1819939,12,MYAD,length1,12
-2,1819750,1819675,75,MDTNSSRFLCQPCNQFFDLLTRYHH,length1,75
-2,1819408,1819321,87,MWNIIINRKFDDFRINHNKFHIFWLNTIK,length1,87
-2,1819255,1819240,15,MWHFC,length1,15
-2,1819123,1819036,87,MKIWGFNTNIRFTWNNLCHTNRTKHQCSC,length1,87
-2,1818766,1818715,51,MNQASAITFIIRLLIFV,length1,51
-2,1818622,1818577,45,MIIYHFSIQRFMTGS,length1,45
-2,1818283,1818280,3,M,length1,3
-2,1818196,1818184,12,MILI,length1,12
-2,1817812,1817788,24,MFNCFCFQ,length1,24
-2,1817749,1817623,126,MGDIAKKNKKKIDYPRSKCPHFINCVSIRAGCSPRIIKGRIT,length1,126
-2,1817431,1817308,123,MSSLAIFGIQPYLPHEFLINNQNRPIPNGILEFHLTLESPH,length1,123
-2,1817272,1817269,3,M,length1,3
-2,1817248,1817203,45,MAHPIILDLTARDTP,length1,45
-2,1817062,1817017,45,MLYFVFFPFSLFLCT,length1,45
-2,1816219,1816195,24,MATCRVFA,length1,24
-2,1815922,1815766,156,MTCNNNVLFPAPGCPPIKIALPDTIPPPNTRSNSLKPLEKRGVSCKLISERV,length1,156
-2,1815682,1815607,75,MVFHALQAEHCPCQRENSAPQSLHT,length1,75
-2,1815418,1815361,57,MLPLWGTSNYPNGVALRLA,length1,57
-2,1814566,1814509,57,MVNYILGDYAIHQQLCRWF,length1,57
-2,1814500,1814497,3,M,length1,3
-2,1813891,1813867,24,MNANDKVI,length1,24
-2,1813798,1813774,24,MLWLLCLN,length1,24
-2,1813549,1813432,117,MQLLTGNNSTLTKMKWCSFYKKATTLPYSTVLHLTKSPN,length1,117
-2,1813384,1813372,12,MVSQ,length1,12
-2,1813345,1813324,21,MALLLLR,length1,21
-2,1813180,1813171,9,MRV,length1,9
-2,1813159,1813108,51,MAVAFLYLQGKKSPSAI,length1,51
-2,1813066,1813051,15,MKQSI,length1,15
-2,1813018,1812967,51,MSVLPIFAIKVNFLPIL,length1,51
-2,1812700,1812646,54,MYQVKKKAGALLYGAILR,length1,54
-2,1812628,1812523,105,MPKVKISLKLVVLWRHQGIIYPSIAMQSSKQKSGY,length1,105
-2,1812511,1812508,3,M,length1,3
-2,1812415,1812403,12,MATP,length1,12
-2,1812361,1812349,12,MPNQ,length1,12
-2,1812238,1812208,30,MAISPPGVET,length1,30
-2,1812181,1812145,36,MFIKILRLVTEP,length1,36
-2,1812124,1812106,18,MSPLRA,length1,18
-2,1812013,1811935,78,MALAKGCSLLTKEVPKVISQTNLMEF,length1,78
-2,1811920,1811917,3,M,length1,3
-2,1811872,1811848,24,MAGALIGI,length1,24
-2,1811836,1811752,84,MSKRAAASNSPLIPGGMAEQSPLQDTLV,length1,84
-2,1811716,1811650,66,MSQVAQGLTLKSRHQLYTLNTA,length1,66
-2,1811584,1811551,33,MPHPVTVKPLA,length1,33
-2,1811527,1811506,21,MSQVGLN,length1,21
-2,1811296,1811227,69,MLPSSKTLTSLFAAHIMAIAEKL,length1,69
-2,1811182,1811164,18,MAPSLI,length1,18
-2,1811101,1811008,93,MYPAYLTIRVIQVFPLPEEGLALKTLITLRA,length1,93
-2,1810918,1810759,159,MVAILKSKLAAISRKNKAISRFLPIKSILPNRQQSRRALTERTLIHLRKVKPI,length1,159
-2,1810654,1810618,36,MGMIAVVLMLKK,length1,36
-2,1810606,1810567,39,MLKIQTSLLATTM,length1,39
-2,1810513,1810495,18,MVATLA,length1,18
-2,1810486,1810474,12,MQKM,length1,12
-2,1810399,1810369,30,MQPLMQPTAT,length1,30
-2,1810312,1810309,3,M,length1,3
-2,1810255,1810252,3,M,length1,3
-2,1810183,1810156,27,MQILQLAQV,length1,27
-2,1810150,1810120,30,MAKLNQLPVM,length1,30
-2,1810090,1810087,3,M,length1,3
-2,1810081,1810036,45,MFQAMLLPSLQMRAN,length1,45
-2,1809886,1809862,24,MRQKELQP,length1,24
-2,1809787,1809769,18,MQKMPN,length1,18
-2,1809766,1809739,27,MVLHQVTTQ,length1,27
-2,1809733,1809703,30,MQLTQVVLVA,length1,30
-2,1809649,1809643,6,MG,length1,6
-2,1809625,1809604,21,MVETLCA,length1,21
-2,1809436,1809382,54,MPLRLIHKTSLQPDHQVK,length1,54
-2,1809343,1809292,51,MAQQYVPMLLTMDSRSQ,length1,51
-2,1808269,1808245,24,MELLSPDI,length1,24
-2,1807804,1807798,6,MA,length1,6
-2,1807345,1807300,45,MPCAMAIQGISIQGI,length1,45
-2,1806739,1806655,84,MGRESTTLCFIVFCVAIFTFYWYRICVS,length1,84
-2,1806472,1806442,30,MARPLPLHLR,length1,30
-2,1805779,1805770,9,MVY,length1,9
-2,1805614,1805599,15,MQNGG,length1,15
-2,1805545,1805512,33,MADSRYSRNIH,length1,33
-2,1805509,1805491,18,MCFTFG,length1,18
-2,1805371,1805350,21,METKALE,length1,21
-2,1805110,1805047,63,MCFDTFLLLVKNSFGYFFNVF,length1,63
-2,1804822,1804747,75,MCIATCYAIFKIVAFTKLQLTNNMQ,length1,75
-2,1804717,1804675,42,MTHFIKLQIFPIWP,length1,42
-2,1804261,1804201,60,MTKQRRLKSKMAKNHRTDIF,length1,60
-2,1804180,1804138,42,MNLSQLFCIRRFLC,length1,42
-2,1804057,1804042,15,MLSLI,length1,15
-2,1804030,1804018,12,MQSA,length1,12
-2,1803988,1803931,57,MIRFIFTQTRGDFFTRLCL,length1,57
-2,1803856,1803805,51,MRRVGAFVNILRGKIVT,length1,51
-2,1803784,1803634,150,MAMLPPNAVKKCGSHDIKCRDNICIFHCKFEMFFFNLSHFVRIKKTGFCI,length1,150
-2,1803340,1803337,3,M,length1,3
-2,1802857,1802746,111,MQKLMQLHQTHYIQQDHLAHYHLGINLLVLTHPLSLK,length1,111
-2,1802629,1802611,18,MSQSQD,length1,18
-2,1802521,1802515,6,MS,length1,6
-2,1802455,1802449,6,MT,length1,6
-2,1802317,1802308,9,MKI,length1,9
-2,1802149,1802125,24,MEFLFWKF,length1,24
-2,1802014,1801900,114,MNKFVYYVILIFLKKNKNNALKLKKKRKNKRLKNVKKN,length1,114
-2,1801876,1801849,27,MKRKLAYMY,length1,27
-2,1801780,1801744,36,MSPNLKMKYYYV,length1,36
-2,1801714,1801684,30,MDLQPLNCLA,length1,30
-2,1801540,1801525,15,MFIDY,length1,15
-2,1801513,1801504,9,MSM,length1,9
-2,1801291,1801267,24,MKSQRVMI,length1,24
-2,1801231,1801216,15,MLNTV,length1,15
-2,1801078,1801033,45,MFTRQIFVIKILADL,length1,45
-2,1800829,1800253,576,MTHYILLIIGTALINNFVLVKFLGLCPFMGVSKKIETAVGMGLATMFVLTVASLCAYLVDHYILIPLNATFLRTLVFILVIAVVVQFTEMAINKTSPTLYRLLGIFLPLITTNCAVLGVALLNINLAHNLTESVVYGFGASLGFSLVLVLFAALRERLVAADIPATFRGSSIALITAGLMSLAFMGFTGLVK,length1,576
-2,1800163,1799584,579,MTFLFIVITLLALIFGAILGFASIKLKVEADPVVEKIDAILPQSQCGQCGYPGCKPYAEAICNGDEITKCIPGGQTTIVKIAEILGVDVPTMEGIEEPIEKVAFIDENMCIGCTKCIQACPVDAIIGTNKAMHTIIPDLCTGCELCVAPCPTDCILMIPVKKNIDNWDWKFDAKLVIPVMNVDGSEKKLVVGE,length1,579
-2,1799581,1797460,2121,MADVLSRFNSGKLWDFKGGIHPPEMKSQSNSQPLRYLPLGTDFYIPLKQHLGTTGNLLIKEGDYVLKGQALTKGDGLRMLPVHAPTSGTIKSIKPYVATHPSGLDEPTIHLQADGLDQWIERNPIDDFSTLSSEQLIHKIYQAGIAGLGGAVFPTAAKIQSAEQKVKLLIINGAECEPYITCDDRLMRERADEIIKGIRILRYILHPEKVVIAIEDNKPEAISAIRNALQGANDISVRVIPTKYPSGATKQLIYLLTGIEVPSGERSSSIGVLMQNVGTMFAIKRAVINDEPLIERVVTLTGNKIAEKGNYWVRLGTPISQILSDAGYQFDKHFPIFAGGPMMGLELPNLNAPVTKLVNCLLAPDYLEYAEPEAEQACIRCSSCSDACPVNLMPQQLYWFARSEDHKKSEEYALKDCIECGICAYVCPSHIPLIQYFRQEKAKIWQIKEKQKKSDEAKIRFEAKQARMEREEQERKARSQRAAQARREELAQTKGEDPVKAALERLKAKKANETESTQIKTLTSEKGEVLPDNTDLMAQRKARRLARQQAASQVENQEQQTQPTDAKKAVVAAAIARAKAKKLAQANSTSEAISNSQTAENEVEKTKSAVEKTEENSTALDAKKAAVAAAIARAKAKKLAQANSTSEAISNAQTAENEVEKTKSAVEKTQENSTALDPKKAAVAAAIARAKTKKLAKTQATLENNQE,length1,2121
-2,1796377,1795756,621,MGTVKITSRYGILLGFIALLCTIISTGIFFLTKDKIDAVIAAQQRELLLQVIPQDYFNNNLLESAVIPQDKNFVGIQKIYFAKKDGNISAYAYETTAPDGYSGDIRLLVGLDPKGEVLGVRVIEHHETPGLGDKIERRISNWILGFTNQSINEHNLSEWAVKKDGGKFDQFSGATITPRAVVNQTKRSALIMLNNQALLQQLSTQVK,length1,621
-2,1794493,1794481,12,MQSH,length1,12
-2,1794181,1794178,3,M,length1,3
-2,1794109,1794070,39,MVAVLTFYFSVSQ,length1,39
-2,1793998,1793938,60,MHSAIKFSTKEKAFLNIGKY,length1,60
-2,1793764,1793728,36,MKLYSTPSYLLS,length1,36
-2,1793221,1793215,6,MK,length1,6
-2,1792978,1792912,66,MKPKKNFLQQNIQLSSKFGLTT,length1,66
-2,1791988,1791940,48,MILGFPYPLKCGHLNG,length1,48
-2,1791892,1791790,102,MFCLSQTNRKWRLRLDLALVYSLARQVSRAVFSH,length1,102
-2,1791706,1791655,51,MIANKHKRAVCSSAAGV,length1,51
-2,1791607,1791331,276,MFDTKVMVAPNSPNDRAKPSTSPAKTPGKESGKVIVKNTRQAEAPSVCAACSNLISIFSKESRIARTTNGKATTAEESTAPFQLKPKDKPNH,length1,276
-2,1791313,1791277,36,MKPLRPIATSNR,length1,36
-2,1791175,1790992,183,MANGKLQSIELTATLRLKLIAEISIGVRLKNEKNWVSKMNPYLNSLSLNPLFMGISHIDER,length1,183
-2,1790692,1790674,18,MRHAHL,length1,18
-2,1790623,1790548,75,MLLLRIDQQVRVQDRQQINSYLLMH,length1,75
-2,1790230,1790179,51,MPQKKSLIPRLKVRLKF,length1,51
-2,1790026,1789261,765,MKNTEILLTIKLQQALFIDPKRVRLLKEIQQCGSINQAAKNAKVSYKSAWDHLEAMNKISPRPLLERNTGGKNGGGTVLTTYAERLLQLYDLLERTQEHAFHILQDESVPLDSLLTATARFSLQSSARNQFFGRVAQQRIIDSRCVVDVNVQGLPTPLQVSITTKSSARLKLITEKEVMLMFKAPWVKISEQPLVNQPNQFSVNIKSLNEEEAILQFAESNIEFCATVHQPNQWQIGQQVWIHIDQEQIILATLG,length1,765
-2,1789078,1789069,9,MQK,length1,9
-2,1788826,1788808,18,MPPSYD,length1,18
-2,1788745,1788691,54,MPQYHLHFYQIQQFVRQK,length1,54
-2,1788523,1788379,144,MAILFQILSQQILILALQLHQIPRQFHLLDEFVQQDFQNTPARIEDFP,length1,144
-2,1788319,1788238,81,MANFGEIKITKVIINCLMLFVFLKISK,length1,81
-2,1788208,1788196,12,MIWG,length1,12
-2,1788115,1788052,63,MAFCVLVVSVDTLERLVWKVQ,length1,63
-2,1787905,1787842,63,MPPILLANKIRSVEISWGSIG,length1,63
-2,1787779,1787644,135,MSGFCSITCSIFSDFSGIKRSSSSRKSNQSPFDARAPILRLSAAP,length1,135
-2,1787470,1787443,27,MLNIIPSFN,length1,27
-2,1787407,1787386,21,MDISLIF,length1,21
-2,1787242,1787215,27,MVYFEKFAG,length1,27
-2,1786492,1786483,9,MFH,length1,9
-2,1786306,1786282,24,MQCFSKIF,length1,24
-2,1786168,1786156,12,MPYR,length1,12
-2,1785946,1785937,9,MLP,length1,9
-2,1785931,1785919,12,MFYI,length1,12
-2,1785562,1785523,39,MNRNRIAILEYSF,length1,39
-2,1785481,1785469,12,MQQN,length1,12
-2,1785304,1785262,42,MRGFPLLYLTMVAQ,length1,42
-2,1785256,1785193,63,MRPRHLYHHLFYYPIKKLVQY,length1,63
-2,1785079,1785055,24,MCQALSIN,length1,24
-2,1785001,1784989,12,MKHD,length1,12
-2,1784968,1784962,6,MN,length1,6
-2,1784713,1784695,18,MVYNKE,length1,18
-2,1784323,1784320,3,M,length1,3
-2,1784122,1784119,3,M,length1,3
-2,1784068,1783999,69,MFKLIFFRCRTLSVKKIRKKPDD,length1,69
-2,1783396,1783345,51,MTNHYNETALHQGSYLC,length1,51
-2,1783162,1783138,24,MMILQPLR,length1,24
-2,1783135,1783102,33,MSINKLKPSSY,length1,33
-2,1783069,1783039,30,MQKRLLVHHN,length1,30
-2,1783024,1782985,39,MRHFYKRKRACLF,length1,39
-2,1782913,1782841,72,MCQHNGSKIKPVIRKKMPVSLKIF,length1,72
-2,1782751,1782679,72,MFFLLQRQAMAAKEIYLQNLLFLT,length1,72
-2,1782616,1782613,3,M,length1,3
-2,1782388,1782196,192,MTYANSARNFLVTSTITFNWSMVSVQPRVFKPQSGFTHKRSFGITFNALRNKCSTSAAVGTRGL,length1,192
-2,1782106,1782046,60,MVITSASNAAMAGKMSLNSE,length1,60
-2,1782040,1782037,3,M,length1,3
-2,1781923,1781905,18,MAGSSI,length1,18
-2,1781902,1781728,174,MTLMPAASKSNTSSDNATPICLHTVERGISLRTNDHCKIVTGPVSIPFITRFVRLCAY,length1,174
-2,1781584,1781560,24,MSLRSASP,length1,24
-2,1781407,1781329,78,MFVVGRSGKFNHAFCLTIRSANGDLR,length1,78
-2,1779601,1779595,6,MI,length1,6
-2,1779508,1779472,36,MIRCDDFIFHNR,length1,36
-2,1779469,1779403,66,MINLTQCPFSFIFRITRLVCMF,length1,66
-2,1779388,1779352,36,MLLIKGININIV,length1,36
-2,1779313,1779277,36,MMTIFRPHTIFN,length1,36
-2,1778413,1778350,63,MRKSGKAEVPSTRFVFFKFKT,length1,63
-2,1775944,1775929,15,MLNVR,length1,15
-2,1775845,1775806,39,MNYQFQSWLFLFK,length1,39
-2,1775671,1775668,3,M,length1,3
-2,1775035,1774993,42,MFLFISIGFKTELH,length1,42
-2,1774516,1774510,6,MK,length1,6
-2,1774492,1774450,42,MFCRTYCNVRKIMG,length1,42
-2,1774075,1774039,36,MNRLKIDLINIA,length1,36
-2,1774021,1773958,63,MEPLQRTAHRSAILKETFSRN,length1,63
-2,1773292,1773289,3,M,length1,3
-2,1773007,1772992,15,MNQPS,length1,15
-2,1772323,1772239,84,MDERDNTRSLFSINNSSNLYSRLVKEMG,length1,84
-2,1771012,1771000,12,MRAS,length1,12
-2,1770841,1770784,57,MPASWEIPSPFLRCTILNK,length1,57
-2,1770526,1770505,21,MQQPEIR,length1,21
-2,1770481,1770454,27,MIVIFISTC,length1,27
-2,1770385,1770343,42,MKLNGKRLGDIKNF,length1,42
-2,1770289,1770262,27,MPSPYVILE,length1,27
-2,1769179,1769059,120,MRGTEIALMLNSSNPIPSNNKVARSSPANSPHIPVHFPSV,length1,120
-2,1768867,1768531,336,MTPTCMLLSKTLPSSRNSAFNVSITAFNSRISSTEIIIGNITANLPKAEARNTARNCAFKISRRSNAMRIARHPKNGFISFGKSKYESSLSPPISIVRSTVKRPFIASTTCL,length1,336
-2,1768018,1767910,108,MCMPKIFLTKRLAISRISPARSFKYSSSISDNIVTC,length1,108
-2,1767595,1767562,33,MPEIIDTFRNN,length1,33
-2,1767517,1767508,9,MAK,length1,9
-2,1767472,1767409,63,MFNCLLLVFSISRNGKYCSLR,length1,63
-2,1766512,1766473,39,MRGVIPAISHTTR,length1,39
-2,1766134,1766089,45,MSFFLWRCNVFALFD,length1,45
-2,1765975,1765429,546,MPFDKQNLIWIDLEMTGLDPEKERIIEIATIVTDKNLNILAEGPVLAVHQSDELLNKMNDWCQKTHSENGLIERVKASKLTERAAELQTLDFLKKWVPKGASPICGNSIAQDKRFLVKYMPDLADYFHYRHLDVSTLKELAARWKPEILEGFKKENTHLALDDIRESIKELAYYREHFMKLD,length1,546
-2,1765342,1765339,3,M,length1,3
-2,1765096,1765063,33,MLKSAVNFLKK,length1,33
-2,1764961,1764952,9,MRN,length1,9
-2,1764790,1764778,12,MMNM,length1,12
-2,1764664,1764643,21,MPFSLRT,length1,21
-2,1764502,1764469,33,MRHIHLPISIH,length1,33
-2,1764304,1764271,33,MIKINIPKIDH,length1,33
-2,1764070,1764040,30,MTFTIVWFID,length1,30
-2,1763491,1763470,21,MIKLSKT,length1,21
-2,1763413,1763368,45,MVLTTLLNKCGWSWQ,length1,45
-2,1763113,1762993,120,MPCENCCSVNSYKEAKSERFQLFHKLPLVAQISATVKQVR,length1,120
-2,1762951,1762933,18,MTTSGS,length1,18
-2,1762705,1762624,81,MGCSCALSCDRKLSNFNITRNVCSSTV,length1,81
-2,1762588,1762507,81,MACHCGRYAVNTPYWCIGINARLIALG,length1,81
-2,1761490,1761451,39,MPCCSLNSISCQS,length1,39
-2,1761400,1761394,6,ME,length1,6
-2,1761004,1760956,48,MVNTIPGFKITPPSSA,length1,48
-2,1760611,1760581,30,MEIQVAFGKP,length1,30
-2,1760524,1760485,39,MRSSSPVVTPAFT,length1,39
-2,1760257,1759915,342,MIDDIAVPLTFTDAAANKVKSLISEEENTDLKLRVYITGGGCSGFQYGFTFDEKVNDGDLTIEKSGVQLVIDPMSLQYLIGGTVDYTEGLEGSRFTVNNPNATSTCGCGSSFSI,length1,342
-2,1759867,1759840,27,MFDGTHCPC,length1,27
-2,1757398,1757374,24,MGGDKSIR,length1,24
-2,1756969,1756945,24,MKSMINAC,length1,24
-2,1756912,1756903,9,MLF,length1,9
-2,1756900,1756870,30,MIPFHEKAKS,length1,30
-2,1756795,1756765,30,MMCYQKKKRI,length1,30
-2,1756540,1756507,33,MQNAKNLSELI,length1,33
-2,1756453,1756402,51,MHSLKGLLFVTQNLNLV,length1,51
-2,1756399,1756378,21,MKMARSL,length1,21
-2,1755745,1755640,105,MWCIPYFYRRHSLLQYNASWSRRNRHNACSSNERR,length1,105
-2,1754650,1754638,12,MTDI,length1,12
-2,1754626,1754599,27,MQILSQNIS,length1,27
-2,1754314,1754275,39,MVGQRVVKKETEV,length1,39
-2,1754086,1754038,48,MADTELRLTSAIAFSP,length1,48
-2,1754035,1753993,42,MPASNKRCAPAKVI,length1,42
-2,1753702,1753576,126,MLKASPPITISAARKYPAFGKTALEISCARLPDTITIRQILS,length1,126
-2,1753474,1753423,51,MADVAIKKAAPKTAFRL,length1,51
-2,1753378,1753333,45,MCLFGLCRYFDMIFF,length1,45
-2,1753297,1753279,18,MLIIAV,length1,18
-2,1753120,1753057,63,MSIGKNFRNRLQFFFLCDAQH,length1,63
-2,1752871,1752862,9,MCD,length1,9
-2,1752799,1752724,75,MCTNTHLIFFRKFDRTLHFLCAPSV,length1,75
-2,1752352,1752262,90,MSDLENDNPYDHCYFATSIHFATNNIGIFV,length1,90
-2,1752241,1752226,15,MAKHE,length1,15
-2,1752082,1751890,192,MLEAKQNHLEHINNHTFQFLHVSFLIFDLLALDNANKQKRAYHLTSFHKKHQSHKNSYLAEIAM,length1,192
-2,1751818,1751788,30,MLIYPLPHNG,length1,30
-2,1751386,1751365,21,MKFRYIR,length1,21
-2,1751320,1751272,48,MTPLKIRYFQLSPKLF,length1,48
-2,1750660,1750657,3,M,length1,3
-2,1750399,1750384,15,MINHI,length1,15
-2,1750132,1750117,15,MVCVL,length1,15
-2,1749907,1749865,42,MGFVPLNAGFGKLM,length1,42
-2,1749739,1749661,78,MRFGCDVACKIGFDITDKCGAGFIGD,length1,78
-2,1749418,1749382,36,MKCGQIFACFLI,length1,36
-2,1749370,1749304,66,MFCALHGIARLFVACQCDPPRG,length1,66
-2,1749235,1749226,9,MGF,length1,9
-2,1748656,1748608,48,MLNQSIKMPLSYPHLR,length1,48
-2,1748590,1748554,36,MQPFSQRWKAFF,length1,36
-2,1748536,1748407,129,MRLRCGLGLQRLHSHEYLLSLNQQPSRALQLQERLLLGTLRCS,length1,129
-2,1748365,1748302,63,MRHLDLSKDVPLVPLQQSCMR,length1,63
-2,1748224,1748209,15,MRLRE,length1,15
-2,1747705,1747636,69,MRVKQRLLKKYFYTAMQFKLQVL,length1,69
-2,1747294,1747288,6,MC,length1,6
-2,1747210,1747144,66,MKPIYINQGRVQPFRQCVLLKA,length1,66
-2,1747126,1747105,21,MLLLAMI,length1,21
-2,1747087,1746994,93,MNWNWCKAQVMNLSKMPLLRASLPLYFSGQH,length1,93
-2,1746964,1746958,6,MA,length1,6
-2,1746799,1746787,12,MKKG,length1,12
-2,1746757,1746736,21,MWLFLMR,length1,21
-2,1746433,1746415,18,MWWFRV,length1,18
-2,1746385,1746376,9,MKM,length1,9
-2,1746340,1746295,45,MEKNLKNLNVKTSKI,length1,45
-2,1746286,1746271,15,MAAII,length1,15
-2,1746214,1746070,144,MSFFTKLANIKMTKCGKILPHFSRKKALKFNSTLFFYLERFSCFNRQS,length1,144
-2,1745965,1745905,60,MRKYTIDLNKKDTATKKVAI,length1,60
-2,1745542,1745413,129,MGRLTGNTKNGNKRVNCTATIQIPMVMICSVNVILKIPILFLI,length1,129
-2,1745374,1745344,30,MLELKNILFL,length1,30
-2,1745326,1745260,66,MQSLNLRESFRGIFLLANFLQK,length1,66
-2,1744822,1744762,60,MLCQEIKILQSLVRCREKQP,length1,60
-2,1744705,1744651,54,MSINLKQKVRVKLRNFEI,length1,54
-2,1743514,1743469,45,MGKPHTTIGITAFHF,length1,45
-2,1742959,1742893,66,MRPLRSSRTRSSPNQSSNAHGR,length1,66
-2,1742698,1742665,33,MALPFRTTGSL,length1,33
-2,1742431,1742359,72,MTGVTASKAPTYPTHQNSMFSVKL,length1,72
-2,1742146,1742062,84,MTPSINLPAPGRHHTLYVHFRVCRVLCF,length1,84
-2,1741429,1741363,66,MPDSTFGLLEQPFMSLRAIPCC,length1,66
-2,1741333,1741246,87,MPQLRCYISAPLHLPRRPTRLVSYYAFFK,length1,87
-2,1741054,1741045,9,MDP,length1,9
-2,1740265,1740217,48,MFQFSRFASTSYEFTC,length1,48
-2,1739668,1739575,93,MISGGDKRDRTADLLRARQALSQLSYIPISS,length1,93
-2,1739215,1739209,6,MV,length1,6
-2,1739131,1739086,45,MESSCRLQSGLRRTL,length1,45
-2,1738798,1738759,39,MSRVGKVLRVASN,length1,39
-2,1738201,1738147,54,MAASGFPPLRNIPHCCLP,length1,54
-2,1738027,1737853,174,MACGLSVPHFHLPIIRGISDSFPSLSPSISQIPKHYSPVRHSSARKQAFSCYRSTCMC,length1,174
-2,1737823,1737787,36,MIKLFNSSSIAQ,length1,36
-2,1737340,1737316,24,MSSIFSTP,length1,24
-2,1737049,1736950,99,MPLMTIGPSQNSRIHSKSFHEIDGSKFSVSQPI,length1,99
-2,1736038,1736035,3,M,length1,3
-2,1736002,1735957,45,MCGAKHLIIFFILHL,length1,45
-2,1735756,1735723,33,MTTNFLLRNFD,length1,33
-2,1735654,1735627,27,MTLYCTLCS,length1,27
-2,1735615,1735594,21,MFCLCYF,length1,21
-2,1735372,1735360,12,MPIG,length1,12
-2,1734817,1734664,153,MTVVATNKSNSAFLKRIMTSCFSWGFMRPCTKPIFNIGNAFVKSSQIASAA,length1,153
-2,1733584,1733560,24,MGALSRTI,length1,24
-2,1733248,1733152,96,MPILASLLEMAAPTPERLVKGTASRSSRLIAH,length1,96
-2,1732531,1732522,9,MLH,length1,9
-2,1732420,1732390,30,MRLQDAHLDQ,length1,30
-2,1730962,1730899,63,MQQLLLPFLALSPFFGILVHP,length1,63
-2,1730860,1730806,54,MRLLLVCHYLLALMVHFD,length1,54
-2,1730500,1730476,24,MRNFTYRF,length1,24
-2,1730137,1730134,3,M,length1,3
-2,1729984,1729969,15,MQISL,length1,15
-2,1728241,1728238,3,M,length1,3
-2,1728064,1728058,6,MN,length1,6
-2,1727917,1727914,3,M,length1,3
-2,1727725,1727677,48,MQPCWIKFKKHQNFAK,length1,48
-2,1727443,1727437,6,MA,length1,6
-2,1727404,1727305,99,MISNLTQIQSAHSCQKRKLKLGKIMKSSCVAKW,length1,99
-2,1727251,1727242,9,MVS,length1,9
-2,1727230,1727173,57,MRESLTNKEIYLLPIVSKN,length1,57
-2,1727077,1727053,24,MRKNMCPH,length1,24
-2,1726993,1726984,9,MTV,length1,9
-2,1726933,1726897,36,MRCKKNWLTLSK,length1,36
-2,1726402,1726375,27,MISSASPII,length1,27
-2,1726042,1725985,57,MPFAVKRLITATVRGEMVC,length1,57
-2,1725361,1725313,48,MYKNEGNYTIINPPIP,length1,48
-2,1725292,1725265,27,MFTANLLYF,length1,27
-2,1724512,1724359,153,MPLYTKETGISTASMSSFCCKSAVNFSVFFVFLKKLIVCRIQHCIYYQSIS,length1,153
-2,1724356,1724353,3,M,length1,3
-2,1724323,1724317,6,MI,length1,6
-2,1724221,1724179,42,MIYTLESVILTKST,length1,42
-2,1723783,1723678,105,MSIVKAVLYILNIVRQVLINGNEFLGKMPLNVLLV,length1,105
-2,1723669,1723594,75,MTEMPTLLKKMQMEKRLIVGQRQEL,length1,75
-2,1723573,1723558,15,MKLRY,length1,15
-2,1723420,1723411,9,MPT,length1,9
-2,1723273,1723237,36,MRQFVLVLILRS,length1,36
-2,1723186,1723156,30,MLNTIPTHHS,length1,30
-2,1723150,1723117,33,MKVSNLKTVYL,length1,33
-2,1723060,1723033,27,MKMVTLNVI,length1,27
-2,1722865,1722859,6,MH,length1,6
-2,1722739,1722604,135,MFKVRQIWAYCQCLYQVICVCQTIKIPLTINTLTQLHQKISFQTK,length1,135
-2,1722541,1722460,81,MPLRKMAGDSISYQKQIAYMIRLLTLN,length1,81
-2,1722454,1722409,45,MKANYTVGFYKVLTY,length1,45
-2,1722406,1722370,36,MHYQIKIKRYLV,length1,36
-2,1722289,1722283,6,MM,length1,6
-2,1722142,1722055,87,MLIFFLCYAKKCTNFIKKRVVKALNLLKQ,length1,87
-2,1722043,1722010,33,MLNHTHQVRLN,length1,33
-2,1721971,1721953,18,MIQTVT,length1,18
-2,1721926,1721806,120,MDLHIYVMMVQQHQVTGYMLVNGLKKATKLLIVIIQIHRV,length1,120
-2,1721728,1721698,30,MVILGIKTAN,length1,30
-2,1721560,1721491,69,MAQCQNTMNQLKAQLIQTHFIQM,length1,69
-2,1721200,1721179,21,MDVSYTI,length1,21
-2,1721143,1721107,36,MAKVTVDSLLIP,length1,36
-2,1721020,1720084,936,MAGTAQGVQTQDVIKISATSGLTPAPQARDHKVEVAKLIDVSTCIGCKACQVGCSEWNDIRSDVNAQCVGVYDNPVDLDAKAWTVMRFNEVEENDRLEWLIRKDGCMHCAEPGCLKACPAPGAIIQYANGIVDFQSDKCIGCGYCIAGCPFNIPRMNPEDNRVYKCTLCVDRVSVGQEPACVKTCPTGAIRFGSKEEMKIYAEQRVADLKSRGYENAGLYDPPGVGGTHVMYVLHHADKPELYNGLPKDPQIDLSVTLWKDVLKPVAAVAMGGLALAEVAHYLTVGPNVEEDVEDHHHEFEENKPSKGENNE,length1,936
-2,1719478,1719469,9,MVS,length1,9
-2,1718674,1718671,3,M,length1,3
-2,1718662,1718629,33,MEFGTCTMHQL,length1,33
-2,1717984,1717912,72,MGLLLDFIQSLEITGFNLRNNRHN,length1,72
-2,1717546,1717477,69,MPISCKRRSRLFISEFLKTLLEK,length1,69
-2,1717444,1717423,21,MVRNFNQ,length1,21
-2,1717354,1717300,54,MVNRYYLLAVFLIIFLKH,length1,54
-2,1717252,1717195,57,MQERKVRSIFPLNFKVKPI,length1,57
-2,1717048,1717039,9,MVK,length1,9
-2,1716736,1716724,12,MRWR,length1,12
-2,1716664,1716649,15,MSFLI,length1,15
-2,1716607,1716577,30,MMALIPPIEQ,length1,30
-2,1716535,1716421,114,MENYVLSPMHFCLIPNYLDNISVITKCLLKQENLKCIQ,length1,114
-2,1716385,1716199,186,MGIFIMRINFTALYSSIYPKLRSARSSSAQPDFTFTQSSRWTLLSNNRSISALASIPIVLIF,length1,186
-2,1715896,1715893,3,M,length1,3
-2,1715830,1715644,186,MLSTLLIANTTGAFALRSLFSTISSSAFQCVPSTTKIIKSTSPIALLAARFIKRLIARFSSI,length1,186
-2,1715584,1715578,6,MR,length1,6
-2,1715263,1715194,69,MANVCLVNILVNAFSHLFDYRLV,length1,69
-2,1714327,1714288,39,MMRSPPFPIIRLI,length1,39
-2,1714138,1714105,33,MVFWKIGSFTP,length1,33
-2,1713286,1713160,126,MLILNGQRSLEQLRPLEFHKSVRSDYRDIPYWFARHVFQRKG,length1,126
-2,1712482,1712464,18,MLVMAH,length1,18
-2,1712197,1712128,69,MPLHKQQESETLHRKSPRVLGYR,length1,69
-2,1711828,1711732,96,MKRKSAVKFSNFLDKTKPRMTSGFLFSFKMKL,length1,96
-2,1711567,1711522,45,MLATFNFNSWCDVYW,length1,45
-2,1711144,1711120,24,MSVFVYNE,length1,24
-2,1710967,1710937,30,MHSNIPLLKM,length1,30
-2,1710781,1710772,9,MVI,length1,9
-2,1710646,1710556,90,MNIVKNWCFYFGAVTHKKKDKLLTALVTLF,length1,90
-2,1710466,1710460,6,ME,length1,6
-2,1709806,1709782,24,MDLYSNAV,length1,24
-2,1709398,1709290,108,METNAVGPSARGSGKRSNFSISGKLTSTTELLPPRI,length1,108
-2,1708486,1708474,12,MPYR,length1,12
-2,1708390,1708336,54,MQLDLVRLRSELLNHHKN,length1,54
-2,1708246,1708201,45,MHRLMRINNVQRHLR,length1,45
-2,1708057,1708024,33,MRLCFLRYRPR,length1,33
-2,1707931,1707910,21,MQLRITR,length1,21
-2,1707763,1707745,18,MQLRTI,length1,18
-2,1707706,1707688,18,MKELRH,length1,18
-2,1707394,1707379,15,MLNSK,length1,15
-2,1707376,1707370,6,MR,length1,6
-2,1707358,1707316,42,MLCQIYNHPTYCRL,length1,42
-2,1707130,1707124,6,MG,length1,6
-2,1707088,1707079,9,MPY,length1,9
-2,1707001,1706938,63,MQAVSNFINACVSAVLSVTRC,length1,63
-2,1706905,1706875,30,MKCNPAKPPR,length1,30
-2,1706764,1706668,96,MRLKPFSASPRTPVKPYFWNKRTPAVLGKCSG,length1,96
-2,1706404,1706251,153,MPLRTNCVKKGFKLIALCSKVCRFISLCEPLLMASTKPGFGDKRASCINAR,length1,153
-2,1705918,1705909,9,MFN,length1,9
-2,1705816,1705678,138,MQSKVCPYCVISCCCKIARSSRALSNASSEIFEPSVENVVKKCCKI,length1,138
-2,1705399,1705393,6,ML,length1,6
-2,1705354,1705294,60,MSVLLKASIKSGRLGFTATP,length1,60
-2,1705195,1705159,36,MIATCAEAAVSQ,length1,36
-2,1704730,1704634,96,MSNSRGLVVIRVAPPPIFFGSPTASTCTIKST,length1,96
-2,1704622,1704610,12,MLIG,length1,12
-2,1703563,1703542,21,MRYQLNV,length1,21
-2,1703503,1703476,27,MAIRWLLAF,length1,27
-2,1702804,1702753,51,MNKNVFKNDRTFVNNLT,length1,51
-2,1702429,1702414,15,MLHEK,length1,15
-2,1702321,1702303,18,MRLHRQ,length1,18
-2,1702273,1702240,33,MLAQLNNDDLR,length1,33
-2,1702237,1702150,87,MDSRSLQSSQFDYHPHAFSPIMSIVFVNA,length1,87
-2,1701835,1701826,9,MSE,length1,9
-2,1701091,1701007,84,MRPRKSGTKISILMLGLSSRTAFTHSEK,length1,84
-2,1700728,1700659,69,MLSILAELAGSLIFIHSGFFNNS,length1,69
-2,1700548,1700530,18,MPKLGI,length1,18
-2,1700335,1700206,129,MPTREKSNHDEYVIQENKSFFHPHKHLAHQALDSFQCHIQPKF,length1,129
-2,1699060,1699018,42,MPCLHSINIDSFIP,length1,42
-2,1698925,1698871,54,MRTNNCHITRGRILIWIV,length1,54
-2,1698865,1698766,99,MGRGEICIFQTKLLNIFIHCFYKVRYIARNMFS,length1,99
-2,1698613,1698595,18,MDFALF,length1,18
-2,1698154,1698145,9,MRG,length1,9
-2,1697827,1697824,3,M,length1,3
-2,1697782,1697761,21,MCCSKLF,length1,21
-2,1697713,1697698,15,MIITC,length1,15
-2,1697320,1697176,144,MAHPQQAKFRLPFQYSQIHKQRKLMLLHQQEYAQKKFEHLRQSLNLAQ,length1,144
-2,1696954,1696951,3,M,length1,3
-2,1696768,1696738,30,MLAVESLQSL,length1,30
-2,1696735,1696720,15,MFHLI,length1,15
-2,1696678,1696636,42,MAQQVLQFQRVENE,length1,42
-2,1696429,1696378,51,MHYITPAYHKPLLQEVR,length1,51
-2,1694713,1694710,3,M,length1,3
-2,1694659,1694614,45,MYKPKKVRFSANNLP,length1,45
-2,1694350,1694335,15,MYYSR,length1,15
-2,1693636,1693621,15,MYPCK,length1,15
-2,1693600,1693441,159,MIFHVHQNVQYLFPLTHLRFPSKIQLTPFCSHLAIKVRNSIIEYPLAQNPRKK,length1,159
-2,1692865,1692835,30,MPINTGNICT,length1,30
-2,1692808,1692793,15,MTEIA,length1,15
-2,1692664,1692586,78,MPKARIFLPNTFSFVTTTRSERISPL,length1,78
-2,1692028,1691965,63,MAKAFSFKPDFRKEEKKPGPT,length1,63
-2,1691857,1691725,132,MPPNSTPPMPSPTPRIFQCPIHKPITATRARRLIVIAISLILTP,length1,132
-2,1691530,1689754,1776,MDYSQEAITSLIWILQTLAITSVVFSFGIFLLVRFTQWGRQFWMFAGGYLSPKRSIKPILFFLLIVAMTLLSVRISLVHSEWYKNMYTSLQEFNEHVFWQQMGLFCVIAASSVSAALVSYYLEQRFVINWIEWLNEQLVDKWMAHRAYYKTQYLSENLDNPDQRIQQDVQSYVKTTLSLSTGVIDAVTSMISYTILLWGLAGPMMVLGVEIPHMMVFLVFGYVIFTTLIAFWLGRPLISLNFINELLNANYRYSLIRIKEYAESIAFYAGEKVEKNQLYQQFNAVIHNMWIIVFRTLKFSGFNLVVSQISVVFPLLIQVGRYFEKQIKLGDLMQTLQVFGQLHANLSFFRNTYDNFASYKATLDRLTGFCYAIEKANNKSQTQIHNHPTDVIFKNLSIQNPLGHTLIKHLNITLPQGTSLLIQGKSGAGKTTLLRTIAGLWSYAEGEINCPTHNQLFLSQKPYVPQGNLMSALAYPNNADNISHTQAVEILNKVQLGHLAEQLEKEQDWTRILSLGEQQRLAFARLILHKPAVAFLDEATASMDEGLEFSMYQLLQQELPQTTIISVGHRSTLKTLHQQQLILQDKGQWQVL,length1,1776
-2,1689622,1688569,1053,MLFKKIRGLFSNDLSIDLGTANTLIYVKRQGIVLDEPSVVAIRQDRVGTLKSIAAVGKEAKLMLGRTPKSIVAIRPMKDGVIADFFVTEKMLQYFIKQVHSGNFMRPSPRVLVCVPAGATQVERRAIKESAIGAGAREVYLIEEPMAAAIGAKLPVSTAVGSMVIDIGGGTTEVAVISLNGIVYSSSVRIGGDRFDEAIISYVRRTFGSVIGEPTAERIKQEIGSAYIQEGDEIKEMEVHGHNLAEGAPRSFTLTSRDVLEAIQQPLNGIVAAVRTALEECQPEHAADIFERGMVLTGGGALLRNIDILLSKESGVPVIIAEDPLTCVARGGGEALEMIDMHGGDIFSDEI,length1,1053
-2,1687432,1686946,486,MQTRFILQWFTILSFFVIAFVLELAPWPVGFQMLKPAWLVLVLLYWVLAIPNKVSIGWSFLLGLTWDLILGSTLGVHALVLSTSMYIIAKNYLILRNLSLWFQSLLVVLFVFIIRLLIFLVEFSLHTAFFHWQAILGAFASGLLWPWVFLLMRKIRRKVKLH,length1,486
-2,1686910,1686892,18,MNVSNT,length1,18
-2,1686040,1685992,48,MPTSTHRSANFWLIKI,length1,48
-2,1685620,1685491,129,MTVNKPNSVSRSAIIMRFCASSLSVGKPRRITLGSCLVNNATP,length1,129
-2,1685365,1685353,12,MASS,length1,12
-2,1684912,1684879,33,MHPLGISSYPR,length1,33
-2,1684840,1684711,129,MPDTFYVFYVQKKVVKIQPHFQHLTPELTNLKLLYLSDEPTIL,length1,129
-2,1684504,1684501,3,M,length1,3
-2,1684093,1684081,12,MTTE,length1,12
-2,1684078,1684045,33,MSNFLRRISFI,length1,33
-2,1683949,1683910,39,MNGKNIAIFYRTF,length1,39
-2,1683769,1683709,60,MLLIAIPNPLHGLCNRRQAK,length1,60
-2,1683589,1683544,45,MEFLLGLIVFFLYIN,length1,45
-2,1683541,1683403,138,MFKNLFFHCLFQKITPLNSGVIKSKFNHYSSLEKIESNLNKLKNKL,length1,138
-2,1683388,1683367,21,MFTVARM,length1,21
-2,1683322,1683163,159,MVIVENTTNNALIATDNAGIWKKKLATIPSNNTINNANIALDKNDISFFVVNT,length1,159
-2,1683064,1682974,90,MVYPINPVKAKAAKIPAGRSANLLVKKSKP,length1,90
-2,1682731,1682701,30,MVLMELISSK,length1,30
-2,1682173,1681957,216,MLLSHQSSTDFSLLQPFYPLNDEQHALYPLIPQNPKVETQYLFLKAQFHRTPLLALLVKIALIANCVPKLNY,length1,216
-2,1681786,1681777,9,MSK,length1,9
-2,1681723,1681717,6,MG,length1,6
-2,1681300,1681294,6,ML,length1,6
-2,1680727,1680595,132,MKCHLELHLFQPIHQSFHTKYGGNTHGECKIKNYVNQLAFQQID,length1,132
-2,1680367,1680211,156,MHKFDHQWNQSHYLHRVKQTFDYYCYVLHQYAFALPSDVYNIPKPTRLKLQY,length1,156
-2,1679281,1679233,48,MHRAILLTHQNVPLVC,length1,48
-2,1678948,1678933,15,MNLSN,length1,15
-2,1678888,1678807,81,MFLSFHLNQIDGTHYLLSLLDYSHQHH,length1,81
-2,1678603,1678576,27,MNIALRQPP,length1,27
-2,1678495,1678393,102,MRRCDFIYNRTFILNDDASNTIALLTTSFERFIS,length1,102
-2,1678225,1678222,3,M,length1,3
-2,1677916,1677847,69,MLNHIMCCRLITPIKERAFALSI,length1,69
-2,1677820,1677805,15,MLFIL,length1,15
-2,1677718,1677700,18,MNLNLF,length1,18
-2,1677469,1677373,96,MEQFLWIMLLSLILISLSLHTKLFPQAVLLIL,length1,96
-2,1677322,1677229,93,MLLTLVIRLEQKLIPQELNPLHIQQVIKIAL,length1,93
-2,1677124,1677091,33,MQQQTLPLMLF,length1,33
-2,1677055,1676983,72,MLSLYKQYLLCQHKLQQQLPLLLE,length1,72
-2,1676926,1676917,9,MLF,length1,9
-2,1676773,1676761,12,MLQQ,length1,12
-2,1676173,1676158,15,MKIYL,length1,15
-2,1676116,1676101,15,MHHKL,length1,15
-2,1675924,1675885,39,MQFQNQRSTSRQN,length1,39
-2,1675855,1675846,9,MLR,length1,9
-2,1675831,1675801,30,MLCLNTLLFS,length1,30
-2,1675600,1675591,9,MFS,length1,9
-2,1675438,1675402,36,MVTLDNIFLYFI,length1,36
-2,1674922,1674880,42,MICFIFNCFLKIFL,length1,42
-2,1674871,1674868,3,M,length1,3
-2,1674862,1674838,24,MYIRIIMS,length1,24
-2,1674628,1674622,6,MI,length1,6
-2,1674358,1674253,105,MSSSLCGFTICSIPKDFAYSRRCSNISTKIGIAPY,length1,105
-2,1674199,1674124,75,MCSPDFKVVLCKACKAIVKGSAKGN,length1,75
-2,1673533,1672786,747,MENIVNRTYTRIGQLLKQDISQGIYSIGDKLPTEREISEKFGVSRTIVREAMVMLEVEKLVEVKKGSGVYVVRTPESIHMEHSDLPDVGPFELLQARQLLESSIAEFAALQATKKDILNLKQILNREKELLTQNQDDYSADKDFHLALAEITQNDVLVKLQEQLWQYRFNSAMWTQLHSRILQNDYHHLWIEDHQTILSAIQKKNANEARKAMWQHLENVKVKLFELSDVEDPHFDGYLFNTNPVVVGI,length1,747
-2,1672756,1671574,1182,MEQAWRWYGPKDPVSLSDIRQAGATGIVTALHHIPNGEVWSIEEIKKRKTEIENAGLSWSVVESVPVHEEIKTQTGNYQKWINNYKQTLRNLAQCGIDTVCYNFMPVLDWTRTDLAYELPDGSKALRFDHIAFAAFELHILKRPDAEKAYNQEEQVAARTYYDKMSEQDITQLTRNIIAGLPGAEEGYTLDEFQTQLDRYKDISPEKFRTHLAYFLNEIVPVAQEVGIKMAIHPDDPPRPILGLPRIVSTIEDMQWFVETQPLPANGFTMCTGSYGVRSDNDLVKMTEQFADRIYFAHLRSTQREDNPLTFHEAAHLEGDVDMFNVVKALLNEEYRRLNQGETRLIPMRPDHGHQMLDDLRKKTNPGYSAIGRLKGLAEFRGLEMALKKVYFNK,length1,1182
-2,1671031,1671022,9,MVQ,length1,9
-2,1670758,1670749,9,MTL,length1,9
-2,1670470,1670464,6,MC,length1,6
-2,1670404,1670320,84,MISTSCPARRSTPFATPIKCGLFLSHFT,length1,84
-2,1670170,1670146,24,MPSILKRR,length1,24
-2,1669642,1669570,72,MDIISISSKRSLDTNCFSITERTA,length1,72
-2,1669075,1669063,12,MVSI,length1,12
-2,1668667,1668661,6,MT,length1,6
-2,1668505,1668460,45,MNFYRKTCHIDIKFC,length1,45
-2,1668328,1668160,168,MINRSHAHFRAKIFGNISHIFIIGGNNHSVRPRLQRFLKYMLNHWLTCNIGKRFSR,length1,168
-2,1667815,1667773,42,MLEFVLIESLTFLT,length1,42
-2,1667575,1667464,111,MGLQAIQNHFPMRAQRPLRQFPNHAVIYNAVNHRQKQ,length1,111
-2,1666915,1666819,96,MLYGCLAHEFLRDQSQEFHPHFQWLINDGRLR,length1,96
-2,1666789,1666744,45,MQIEWRVLIPYLVQM,length1,45
-2,1666297,1666255,42,MQVPLFPDMQNSHF,length1,42
-2,1666165,1666093,72,MLPFHVGIESLHSLRILMGASLPT,length1,72
-2,1666090,1666075,15,MKKLP,length1,15
-2,1666039,1666030,9,MAW,length1,9
-2,1665673,1665652,21,MLLLAQW,length1,21
-2,1665406,1665328,78,MNGLPCQNHRPTTVLTNKSSLNQPMH,length1,78
-2,1664350,1664227,123,MPKEHRKTLIRSVFSKGLLRFNVKNLGRLIFQVDDETSGSR,length1,123
-2,1663723,1663714,9,MGE,length1,9
-2,1663666,1663624,42,MARKVGTLKPAKYA,length1,42
-2,1662478,1662466,12,MKNI,length1,12
-2,1662463,1662364,99,MKSKFFISEKFLMLGTSKSWKKLLAPLHICRMK,length1,99
-2,1662235,1662184,51,MILVTAIVVVKKSAFAV,length1,51
-2,1661857,1660501,1356,MPKARAKKSEQTRRYDKNVIKAAQFDISPSDFSRNALNVVEKLQRQGFEAYIVGGCIRDLLLGKKPKDFDVATNARPEQIQNIFQRQCRLVGRRFRLAHIMFGRDIIEVATFRANHSDARNENQAKQSNEGMLLRDNVYGTIEQDAARRDFTVNALYYNPQDNTLRDYFEGIKDLKAGKLRLIGDPVTRYQEDPVRMLRSIRFMAKLDMFLEKPSEQPIRELAPLLKNIPPARLFDESLKLLQAGQGVKTYRLLRQYSLFEQLFPALSAYFTEKEDSFAERMIVTALSSTDERVADKLRINPAFLFAAFFWYPLREKVEILKNEGGLNNHDAYALAGNEVLDLFCRALAVPRRHTAVIRDIWFLQLQLLKRTGSAPMRTMEHPKFRAGFDLLAMRAEIEGGETIELAKWWHEYQFSNGEQREQLIHEQQRLHPKPKKKYYRPRRRKITRSAE,length1,1356
-2,1660432,1660414,18,MLRLKR,length1,18
-2,1660330,1660327,3,M,length1,3
-2,1660324,1660279,45,MPLQKLKPNLVRSSY,length1,45
-2,1660276,1660210,66,MNYNVLKTSKVECVYVAGANAR,length1,66
-2,1660183,1660159,24,MKLFKTNA,length1,24
-2,1660144,1660087,57,MICITVSLSLCRCLKSHRI,length1,57
-2,1659904,1659856,48,MNFLCFASAKNSQKFF,length1,48
-2,1659748,1659745,3,M,length1,3
-2,1659529,1659508,21,MMHEILN,length1,21
-2,1659448,1658152,1296,MKTKILFFLFFSTFSFSIFAAPITIAIDPGHGGKDPGAISRNLGIYEKNVTLSIAKELKALLDKDPHFRGVLTRKSDYYISVPERSEIARKFKANYLISIHADSSESPDRRGASVWVLSNRRANDEMGQWLEDDEKRSELLGGAGKVLSHNNDKYLDQTVLDLQFGHSQRTGYVLGEHILHHFAKITTLSRSTPQHASLGVLRSPDIPSVLVETGFLSNSEEEKKLNSQTYRRRIAYMIYEGLVAFRSGKTNTLVKDNLVQNIKQNDIKKSGKNNRTSEQNINEDNIKDSGIRHIVKKGESLGSLSNKYHVKVSDIIKLNQLKRKTLWLNESIKIPDNFEIKNKSLTIKENDFHKKQNSSVNNTNKDLKKEKNTQTNNQKNIIPLYHKVTKNQTLYAISREYNIPVNILLSLNPHLKNGKVITGQKIKLREK,length1,1296
-2,1658149,1656262,1887,MPIKILSPQLANQIAAGEVVERPASVVKELVENSLDAGANKIQIDIENGGANLIRIRDNGCGIPKEELSLALARHATSKIADLDDLEAILSLGFRGEALASISSVSRLTLTSRTEEQTEAWQIYAQGRDMETTIKPASHPVGTTVEVANLFFNTPARRKFLRTDKTEFAHIDEVIRRIALTKFNTAFTLTHNGKIIRQYRPAEAINQQLKRVAAICGDDFVKNALRIDWKHDDLHLSGWVATPNFSRTQNDLSYCYINGRMVRDKVISHAIRQAYAQYLPTDAYPAFVLFIDLNPHDVDVNVHPTKHEVRFHQQRLIHDFIYEGISYALNNQEQLNWHTDQSAVENHEENTVREPQPNYSIRPNRAAAGQNSFAPKYYEKPQQNQPHFSNTPVLPNHVSTGYRDYRSDAPSKTEQRLYAELLRTLPPTEQKDISDTAQQNISDTAKIISTEIIECSSHLRTLSLIENRALLLQQNQDFFLLSLEKLQRLQWQLALQQIQIEQQPLLIPIVFRLTEAQFQAWQQYSDNFKKIGFEFIENQAQLRLTLNKVPNVLRTQNLQKCLMAMLTRDENSSPFLTALCAQLECKTFDALADALNLLSDTERLLTQTNRTAFTQLLKPVNWQPLLDEI,length1,1887
-2,1655392,1655383,9,MAR,length1,9
-2,1655311,1652368,2943,MTALSALIEQKLQSLGTILCQSFPELSPEKIHEAIQQNSNHPELPVYQLGYAIAMSDFVEKVLQKYPHLVKQWWEKSPCFADCTAYIERLNRELANVHDETALYQTLRQFRNIEMAKLSFCQSLNLATVEEIFVQLSQLAESLIIAARDWLYHQACAEIGTPMDEQGNPQQLYILGMGKLGGFELNFSSDIDLIFTYPSQGETSIENTNARRSVDNGKFFTRLGQRLISALDEFTSDGFVYRTDMRLRPFGDSGALVLSFAAMEQYYQDQGRDWERYAMIKGRVLGVQTKDPNVSKLQKMLRPFVYRRYIDFSVIQSLREMKGKIEREVRRRGLKDNIKLGAGGIREVEFIVQVFQLIRGGREINLQQHSLLKILPEITKLGLITEQQFHDLRESYIFLRRVENILQAINDQQTQTLPTDEIDQIRLVKACKTFTCLNENNQTIEKHYPIENWDDFYRTLQQKQEKVRAVFTQLIGDEQDEPSQTDSQWQDFLEADFEDIEQTLLESGVSENNIDEVLEKLAQFKDGLNHRVIGSRGRDVLSHLMPTVLALIFEQENYRTLLPRILNIIEKISSRTTYLELLLENPRALQQVIELCAQSQLISEQLARYPILLDELLNTEALRHPLPFTQYPAELHQYLLRLPPDDEEQIIDALRQFKQATLLKVAAADILGALPVMKVSDHLTYLAESIIEVVVNLAWKQVSSRFGVPEHLQNNEKGFLVIGYGKLGGIELGYKSDLDLVFLYDAVENQTTGGKKVIDSNQFYLRLAQKIVSIFSINTSAGVLYEADMRLRPSGDAGLIGCSLSAFSHYQLNDAWTWEKQALVRARPVFGESSLKAKFEHIRQQVLSASRDIEQLKQDVVEMRKKMFAHLSHSKHSEFNLKTDRGGITDIEFIAQYLMLANAPKKPQLTKWSDNVRIFDDIAEAKIISQTDCDTLKQCYVDLRNAIHHLNLIGKSPVVDETEFVKERSFIQAFWDRLFVS,length1,2943
-2,1652362,1652317,45,MACGRFKNSLHHKSS,length1,45
-2,1652278,1652266,12,MNQI,length1,12
-2,1652116,1652089,27,MMAMTSNLW,length1,27
-2,1651558,1651540,18,MFTSKL,length1,18
-2,1651069,1651048,21,MSGKIIN,length1,21
-2,1650991,1650964,27,MNEILSNFF,length1,27
-2,1650430,1650367,63,MKQSEFMLAFLNMHHIIWGKR,length1,63
-2,1650322,1650262,60,MFSKTNRYFTIPINNKRARS,length1,60
-2,1650256,1650238,18,MWKHWH,length1,18
-2,1650088,1650037,51,MCNFGGMNNRFIYRIAG,length1,51
-2,1649770,1649758,12,MFKR,length1,12
-2,1649695,1649689,6,MK,length1,6
-2,1649611,1648909,702,MIHKMTALEFNIFVIISFFATPCPITINQFCFTEKKMSEQEQKIETPEVEKQEDSVVEETQQTESSQELDPLEEAIARVQELEELLKTQIEEAANKEQDILLRSRAEIENLRRRTEQDVEKAHKFAVEKFSKDILNTIDNLERALATPANKENESVKALFDGVELTLKELVSTVSRFGVEAVGVVGEAFNPDLHQAISMQPAEGFETNQISVVLQKGYTLSGRVIRPAMVMVAA,length1,702
-2,1648444,1648441,3,M,length1,3
-2,1648378,1648357,21,MLLAKYP,length1,21
-2,1648159,1648009,150,MQRLIHLNLAYQSSFLPLLNTHLFYHRLFFLKTYNPKSKHCDIDHKIKNI,length1,150
-2,1647808,1647697,111,MVLVRSLRFNVSLMPLKKPQVRSIFPMNFIATKLGKK,length1,111
-2,1647691,1647622,69,MKFSPVIKARLILIRFKKSLKIN,length1,69
-2,1647571,1647559,12,MIVI,length1,12
-2,1647484,1647457,27,MKTPIKTRK,length1,27
-2,1647409,1647376,33,MPSTIFFHAMW,length1,33
-2,1647253,1647208,45,MRKSNPLNLSAPQRQ,length1,45
-2,1647142,1647043,99,MKCFPLMCKSVTKNISNMPKNGTCLMLKVMPKH,length1,99
-2,1647022,1647007,15,MPSNP,length1,15
-2,1647001,1646956,45,MKLIHYILQMGKHHL,length1,45
-2,1646641,1646608,33,MKFTMGVIILA,length1,33
-2,1646539,1646509,30,MNVWLLRKKH,length1,30
-2,1646416,1646251,165,MKMWHKFSKMDEPLFRSAISVFMKPLMRYIKKGIFLMMNNYAKKALRLFATLARQ,length1,165
-2,1646224,1646167,57,MPSAFTPRQAKTYATASAV,length1,57
-2,1646095,1646092,3,M,length1,3
-2,1645966,1645786,180,MCGIIATIAYLTTAQTHRLTNVMNVVSLASLNVPAKVLFAQNVAITTAQKCLSLAASVAI,length1,180
-2,1645774,1645738,36,MPAHLMRENRKK,length1,36
-2,1645594,1644736,858,MSDILNNLIHLLKLEKIDDLIFRGESQDLGFRQVFGGQVVAQALSAAMQVAPEDRILHSCHAYFLAPGDSQYPIIYDVETLREGRNFSALRVKAIQHKNTICHVTTSFQVLEKGFEHQNSMPNVGAPEDFTDENVMLQKVAQTLPEPLNEKFAAERPFEVRTKYLNNPFNGTKLPAEQYSWFKTNGETPLDIKIQQCLLAYFSDFHCILTALHPHEKGFLQKGMKVATIDHSIWFHRPFDLNHWHLHAIESNNAFGGRGLARGQIFSQDGQLIATTQQEGLIRFNE,length1,858
-2,1644652,1644640,12,MMKK,length1,12
-2,1643428,1643419,9,MHV,length1,9
-2,1642723,1642702,21,MGLCGIW,length1,21
-2,1642534,1642531,3,M,length1,3
-2,1642090,1642081,9,MSF,length1,9
-2,1641655,1641643,12,MSFF,length1,12
-2,1641247,1641190,57,MEKCLPDFFLIHVTLLKLF,length1,57
-2,1641169,1641163,6,MA,length1,6
-2,1641136,1641121,15,MPLII,length1,15
-2,1641100,1641052,48,MAKLLITGCFHLVLKA,length1,48
-2,1641007,1640986,21,MFLALCA,length1,21
-2,1640827,1640614,213,MLEFSTPRAGELSSLLESEILRQKCILGLGVINPRSDEVETVTQIVQRAEKALNYLPPEQISKFQTKKLPH,length1,213
-2,1640518,1640482,36,MHQLELQQLDHF,length1,36
-2,1640470,1640398,72,MLGYYEHQIVLALLGCHPHSFSQF,length1,72
-2,1640149,1640146,3,M,length1,3
-2,1639987,1639975,12,MARR,length1,12
-2,1639762,1639696,66,MIVFWRCWAMKRNDMRFSIKLI,length1,66
-2,1639486,1639393,93,MNSTVQSHHQTDGMFRHRFRRISWNADDLDA,length1,93
-2,1639255,1639204,51,MLCQTHSALVQHKIKKF,length1,51
-2,1638982,1638937,45,MSLSGRISNKTFCAA,length1,45
-2,1638772,1638637,135,MAFHTQRKGLHTTNSQPRIKRRKHRPCTILNISNAITKFLPFRNN,length1,135
-2,1638616,1638568,48,MPSNIFSSAVNYHIRT,length1,48
-2,1638505,1638457,48,MFFRKFCNFNHITFFH,length1,48
-2,1638112,1638034,78,MTISRRKKNWCRNRARTLITAIASLS,length1,78
-2,1637653,1637599,54,MHWIANPCSSVRLRDTPP,length1,54
-2,1637254,1637251,3,M,length1,3
-2,1637170,1637152,18,MLSKTQ,length1,18
-2,1635979,1635937,42,MLLSLGITSGKNRP,length1,42
-2,1635574,1635538,36,MTSFIIIAARFS,length1,36
-2,1634683,1634644,39,MDTLHFPSLIFPT,length1,39
-2,1634032,1633999,33,MKESNTSKSDG,length1,33
-2,1633756,1633567,189,MALFCGTTAEIERSLDPCAIATMLMFACANAEKKRAAMPFACFIPSPTTEIMDKSLITSIDSN,length1,189
-2,1633441,1633207,234,MPAPDMAENTRDAMPTIPCIPGPDTLNIAKLSKLVIPLTCKLSDFTLPSIIEPGAEGFPVFLMTQGIFCGNNGPIVRG,length1,234
-2,1632775,1632739,36,MVALTASSTFPA,length1,36
-2,1632634,1632625,9,MML,length1,9
-2,1631860,1631830,30,MAFYRPITIE,length1,30
-2,1631620,1631581,39,MPTWLNGNTRTNR,length1,39
-2,1631449,1631380,69,MRFYNGTHWHCDFWCEKLFNITK,length1,69
-2,1631371,1631365,6,ME,length1,6
-2,1631320,1631290,30,MPVLSPHFER,length1,30
-2,1630810,1630678,132,MHHIHHRADYSHRTLLQCELVANVDLIVERQSSQYLLALLHQNR,length1,132
-2,1630561,1630552,9,MPI,length1,9
-2,1630066,1629976,90,MEERTMWHMIKYGRPCMNHCCTSKTANSKF,length1,90
-2,1629859,1629829,30,MFQTLNQYFF,length1,30
-2,1629436,1629337,99,MKSICCRNGIWVWRHNITSFTTANHGEQNCSFR,length1,99
-2,1627681,1627666,15,MKIKY,length1,15
-2,1627411,1627378,33,MPILPFSYLEI,length1,33
-2,1627045,1627012,33,MRKWRHSIFVH,length1,33
-2,1626958,1626943,15,MALEN,length1,15
-2,1626802,1626799,3,M,length1,3
-2,1626793,1626712,81,MFRIIKGFEHSFKLLTIFRFHRITDDF,length1,81
-2,1626532,1626493,39,MIIPHQHNIVSKQ,length1,39
-2,1626346,1626295,51,MNFFLQAICFNICLCFC,length1,51
-2,1626262,1626202,60,MTTKLFRQSNCSRPHITGNL,length1,60
-2,1626097,1626037,60,MPYFIFCHFYLLVINLVFIL,length1,60
-2,1626028,1626004,24,MITIKMID,length1,24
-2,1625953,1625881,72,MLFSIQFIPLKITKLTYRNALLNM,length1,72
-2,1625716,1625701,15,MNIKI,length1,15
-2,1625692,1625683,9,MIN,length1,9
-2,1625677,1625629,48,MKLMIALSCLMHFVMY,length1,48
-2,1625584,1625533,51,MVRLMYRFVFHLNINLN,length1,51
-2,1625440,1624444,996,MQFKHFKLATLAAALAFSANSFADITVYNGQHKEAATAVAKAFEQETGIKVTLNSGKSEQLAGQLKEEGDKTPADVFYTEQTATFADLSEAGLLAPISEQTIQQTAQKGVPLAPKKDWIALSGRSRVVVYDHTKLSEKDMEKSVLDYATPKWKGKIGYVSTSGAFLEQVVALSKMKGDKVALNWLKGLKENGKLYAKNSVALQAVENGEVPAALINNYYWYNLAKEKGVENLKSRLYFVRHQDPGALVSYSGAAVLKASKNQAEAQKFVDFLASKKGQEALVAARAEYPLRADVVSPFNLEPYEKLEAPVVSATTAQDKEHAIKLIEEAGLK,length1,996
-2,1624183,1622806,1377,MAELLSNTMLLMVCVTIGAISLGTLCAFLLERYRFFGKAFFEVAMTLPLCIPAFVSCFTWISLTFRVEGFWGTIGIMTLSSFPLAYLPVSAILKRLDRSLEEVSLSLGKSPVYTFWYVIFPQLKPAIGSSILLIALHMLIEFGAVSILNYQTFTTAIFQEYEMSFNNSTAALLSAVLMAICILIVFGEIFFRGKQTLYHSGKGVTRPYLVKTLSFGKQCLTFGFFSSIFILSIGVPVIMLIYWLIVGTSLESAGDFSEFLSAFSNSFIISGLGALLTVMCALPLVWAAVRYRSYLTIWIDRLPYLLHAVPGLVIALSLVYFSIHYANDLYQTFFVIIIAYFMLYLPMAQTTLRASLEQLSDQIEKVGQSLGRSPFYIFRTLTLPAILPGVAAAFALVFLNLMKELTATLLLTSNDIKTLSIAVWEHTSDAQYAAATPYALMLVLFSGIPVFLLKKYAFK,length1,1377
-2,1622029,1621999,30,MPIRQYSYKK,length1,30
-2,1621834,1621828,6,MD,length1,6
-2,1620943,1620934,9,MNG,length1,9
-2,1620514,1620496,18,MDWVFS,length1,18
-2,1620493,1620439,54,MRIGYVSLNTFNIEISCN,length1,54
-2,1620352,1620343,9,MRH,length1,9
-2,1620262,1620004,258,MIRICFYVFFCRHNHCCKGAFHIRRTTPIKHAINNLRRKRRRRPLIFIASRHNIRMTCKSNNWLARSVFCPQIQRVIKRHPFNLKT,length1,258
-2,1618792,1618771,21,MCRSKTQ,length1,21
-2,1618453,1618438,15,MFAIK,length1,15
-2,1618369,1618333,36,MRPSHRINKIMA,length1,36
-2,1618177,1618132,45,MVRIFTNNFTQTPFI,length1,45
-2,1618105,1618102,3,M,length1,3
-2,1617847,1617736,111,MIDDLLTSHTNAVIANCDSAFIRIKANTHTQVAIAFI,length1,111
-2,1617634,1617625,9,MNH,length1,9
-2,1616560,1616536,24,MVGERIWL,length1,24
-2,1616326,1613956,2370,MEHSVHNKLVSFIWSIADDCLRDVYVRGKYRDVILPMFVLRRLDTLLEPSKDAVLEEMRFQKEELAFTELDDLPLKKITGHVFYNTSKWTLKSLYQTASNTPQYMLANFEEYLDGFSTNIHEIINCFKLREQIRHMSHKNVLLSVLEKFVSPYINLTPKEQQDPEGNKLPALTNLGMGYVFEELIRKFNEENNEEAGEHFTPREVIELMTHLVFDPLKDQIPAIITIYDPACGSGGMLTESQNFIEQKYPLSESQGERSIFLFGKETNDETYAICKSDMMIKGDNPENIKVGSTLATDSFQGNHFDFMLSNPPYGKSWSKDQAYIKDGNEVIDSRFKVTLPDYWGNVETLDATPRSSDGQLLFLMEMVSKMKSPNDNKIGSRVASVHNGSSLFTGDAGSGESNIRRHIIEKDLLEAIVQLPNNLFYNTGITTYIWLLSNNKPEARKGKVQLIDASLLFRKLRKNLGDKNCEFVPEHIAEITQNYLDFTAKARETDSQNETVGLASQIFDNQDFGYYKVTIERPDRRSAQFTAENISPLRFDKALFEPMQYLYRQYGEQIYNAGFLAQTEQEITAWCEAQGIALNNKNKTKLLDVKTWEKAAALFQTASTLLEHFGEQQFDDFNQFKQAVECRLKAEKIPLSATEKKAVFNAVSWYDENSAKVIAKTLKLKPNELDALCQRYQCQADELADFGYYATGKAGEYILYETSSDLRDSESIPLKQNIHDYFKAEVQAHISEAWLNMESVKIGYEISFNKYFYRHKPLRSLAEVAQDILALEKQADGLISEILEA,length1,2370
-2,1613677,1613620,57,MLMAEFWLLVWQIMAKSKT,length1,57
-2,1613596,1613515,81,MIIGNWFSILLHRLVGLDWKKFWLMEN,length1,81
-2,1613458,1613437,21,MKMCSYV,length1,21
-2,1613383,1613350,33,MIKISVYLKMK,length1,33
-2,1613335,1613323,12,MKKI,length1,12
-2,1613140,1613119,21,MFVMKVQ,length1,21
-2,1613095,1613092,3,M,length1,3
-2,1612996,1612942,54,MSIRENLSKYRNILKKLG,length1,54
-2,1612927,1612774,153,MRFVIVLTMFKVMLFILNISTIVLKLVIVALSLLKSPLKILKRNDSLGIHV,length1,153
-2,1612747,1612645,102,MSVSLMKAFPVFMSQWKNHYWQSLNIENKTTMFI,length1,102
-2,1612618,1612495,123,MKKRYLQPLCCRLKKNGQTTTTPKKPFCFIYLQMVRRYCQN,length1,123
-2,1612447,1612408,39,MPLFSKVLLKDKV,length1,39
-2,1612390,1612330,60,MPNMLLEKIKQGLSLAKQGN,length1,60
-2,1612303,1612288,15,MIFIF,length1,15
-2,1612273,1612267,6,MK,length1,6
-2,1612021,1612012,9,MIK,length1,9
-2,1611937,1611931,6,MT,length1,6
-2,1611811,1611799,12,MLHI,length1,12
-2,1611760,1611691,69,MGIFQTVFWLFHLSPNNKKSRNS,length1,69
-2,1611598,1611592,6,MP,length1,6
-2,1611571,1611562,9,MCR,length1,9
-2,1611514,1611481,33,MCNVQNSFSRK,length1,33
-2,1611466,1611424,42,MRKTKLLLVLGMGK,length1,42
-2,1611385,1611379,6,MR,length1,6
-2,1611322,1611205,117,MLLQGQLVFLIQMVKQHQFIPFVCLMINKKSMSIFTLIT,length1,117
-2,1610968,1610962,6,MW,length1,6
-2,1610716,1610560,156,MVLNWHFHRILMRSLPSTHVCFGNSCKPAKRQNLPVFNNSTQTTGSVKFWSD,length1,156
-2,1610377,1610320,57,MKRWIWCCLPMACRLLPLS,length1,57
-2,1610287,1610257,30,MRKNNTSTVI,length1,30
-2,1610101,1610020,81,MDTARRIYGKRCSAKQALPTLFSILCA,length1,81
-2,1609954,1609939,15,MWSAV,length1,15
-2,1609930,1609897,33,MSVNMAWVNVI,length1,33
-2,1609816,1609765,51,MKRRQTVERQTARFLIR,length1,51
-2,1609588,1609573,15,MALLI,length1,15
-2,1609543,1609501,42,MRHTAHNQVRHTTI,length1,42
-2,1609468,1609447,21,MLKMCKI,length1,21
-2,1609408,1609303,105,MRRILLSPPHRKTALWKNSAKNRRMASLSRSTFIL,length1,105
-2,1609270,1609267,3,M,length1,3
-2,1609234,1609171,63,MRSLSRLKIIRSLIVKRLKAV,length1,63
-2,1609162,1609120,42,MWSVRNKRLILKRR,length1,42
-2,1608862,1608826,36,MNIVCWWSPINI,length1,36
-2,1608790,1608739,51,MWIRNSPACFACRLYLV,length1,51
-2,1608607,1608586,21,MSMSCMI,length1,21
-2,1608571,1608493,78,MKPACTNKRRSTILLKAILPIKTHSN,length1,78
-2,1608478,1608388,90,MWLSNVLMMNWNWIWIEMKKLILKSRQNSF,length1,90
-2,1608274,1608256,18,MNLMKF,length1,18
-2,1608253,1608241,12,MQWI,length1,12
-2,1608190,1608040,150,MMKKQSLTRKTPIRAVRMVKIKKKIRLMKLFVYLTKDGFKIGAQRRMSNG,length1,150
-2,1607926,1607923,3,M,length1,3
-2,1607902,1607896,6,MN,length1,6
-2,1607869,1607794,75,MPHLEPLGRKVCNGLWLDRKDCLKN,length1,75
-2,1607419,1607392,27,MQYDDGEIL,length1,27
-2,1607116,1607020,96,MKAHRPCPKYGKQHDQDGTAQVPPFSHPHPRI,length1,96
-2,1606927,1606918,9,MLH,length1,9
-2,1606843,1606825,18,MQHGLA,length1,18
-2,1606693,1606645,48,MEKNPRQRIEPRFQVA,length1,48
-2,1606321,1606291,30,MPYALRARFL,length1,30
-2,1605664,1605619,45,MAMLAWRLQRVCSLS,length1,45
-2,1605373,1605280,93,MNNIHKCCCLFWIWRQSLLMTLWFPATKSAV,length1,93
-2,1605271,1605112,159,MMIGELLCASSIMLHITAWCFTKAALMNKCLAFCACVKHSAYCLKKMNLPKKP,length1,159
-2,1605097,1605064,33,MKCISFLKARH,length1,33
-2,1605007,1604980,27,MNTAILKGL,length1,27
-2,1604890,1604881,9,MVQ,length1,9
-2,1604872,1604824,48,MAPLIYAISTKCLTGN,length1,48
-2,1604812,1604791,21,MLVLLMV,length1,21
-2,1604761,1604728,33,MKARFAKLMVC,length1,33
-2,1604398,1604353,45,MCAYGKCSCADDLIR,length1,45
-2,1604191,1604116,75,MVSCIHDWLILCSIRPFIWRRLDNL,length1,75
-2,1603825,1603738,87,MSWYCIRFKPITYYNLGALKCYQTSQYLS,length1,87
-2,1603726,1603684,42,MICYVLRFQRWALL,length1,42
-2,1603675,1603657,18,MCRPKP,length1,18
-2,1603624,1603555,69,MLHAHYYCILICLLYLLHSLPLV,length1,69
-2,1603459,1603444,15,MLIKQ,length1,15
-2,1603405,1603387,18,MLYLNR,length1,18
-2,1603135,1603042,93,MFGALDYSHNECIPQKVDPLLYDQKRIELID,length1,93
-2,1602922,1602916,6,MK,length1,6
-2,1602532,1602442,90,MLVPKPLVLLKCVVKISHHYWQKWMIWAIN,length1,90
-2,1602418,1602385,33,MRYLQKSIKLH,length1,33
-2,1602340,1602280,60,MTQKIKKSYVGVHRIHLILK,length1,60
-2,1602247,1602241,6,MA,length1,6
-2,1602106,1602094,12,MCLI,length1,12
-2,1602073,1602025,48,MVQGNYQNSGKIYSIL,length1,48
-2,1601953,1601950,3,M,length1,3
-2,1601941,1601923,18,MKQNYQ,length1,18
-2,1601764,1601740,24,MRKKYCNY,length1,24
-2,1601530,1601518,12,MVQA,length1,12
-2,1601473,1601419,54,MPMVQLPCQKSYVHIWAD,length1,54
-2,1601065,1600438,627,MKLYGLIGACSFVPHVALEWVKIRENADYEFEPVTRELIKSPEFLSLNPRGAVPVLVDGDLVLSQNQAILHYLDELYPNSKLFGSKTVRDKAKAARWLAFFNSDVHKSFVPLFRLPNYAKDNETLAHTIRQQAVEQILDQLAVANEHLESHIYFGEDISVADAYLYIMLNWCRAVGIDFSHLTQLSAFMQRVETDQAVENVRKSEELKV,length1,627
-2,1600261,1600252,9,MSE,length1,9
-2,1600222,1600150,72,MTCCLKRVLYLAIKNLHLTINLYK,length1,72
-2,1600075,1597840,2235,MNILINKRIFLLVTLVGIQLNVTAKQNSSNSNREELLPIIVNTNDDSNKLPGRSVLKQKNIEQQQADNAANLINILPGVNMAGGFRPGGQTLNINGMGDAEDVRVQLDGATKSFEKYQQGSIFIEPELLRRVTVDKGNYSPQYGNGGFAGTVKFETKAARDFLQENQKIGGFLKYGNNSNNNQKTYSTALVLQNEQKNIDLLLFGSVRNAGDYKRPDNSKILFSKNNQKTGLIKVNWQISPEHLLTLSSVYGIHKGWEPFAAKRDILPKPSSGDIMRYGADIAWKRKLVYRDQKDKNYTLKYNYLPENNPWINLSTQFSYSKTTQNDTRPEKAPPVFLGTLGNQSWITYSDLTFDINNTSTFNIKSTRHELLFGLQWLKNTRNTLMYDKSKVKKEDYNYGYFQPYYMPSGRQYTQALYLQDQITWKNIIFSTGVRYDHINNIGQKNFAPQYNDISVGQNYSQKNYNGWSYYLGLKYDVNHYLSLFTNFSRTWRAPVIDEQYETQYKQSSGPVTATSLNLEKEMINQTRVGGIITLNHLFQENDVFQFRTTYFYNRGKNEIFKTRGVNCVGNAADTNHVCPKIIGNYRNLPGYVIQGAELEAYYQSTYLFGEITYSYVKGKRDTSPRNPWGKTSTWIAEIPPRKATTALGFNIPKYNFTAGWRAEFVRRQDRSPLSGDPEAKYWSLPASRGYSLHNLFLSWSPAKIKGMNIKITVDNLFNRAYNPYLGELASGTGRNIKFSLSQKF,length1,2235
-2,1597771,1597753,18,MSIIQD,length1,18
-2,1597666,1597663,3,M,length1,3
-2,1597564,1597510,54,MSIKIIFYLYPITIHNRN,length1,54
-2,1597252,1597207,45,MYLYNIITMYPVINL,length1,45
-2,1596808,1596769,39,MVSGGSTALSPPG,length1,39
-2,1596382,1596310,72,MLSALISSAFSYPAMPLARQLEHQ,length1,72
-2,1596142,1595950,192,MSRHRGAKHRRRYELLGGISLLSPEYLLSVERWPFHSEPPDHYDLLSYLLDLSVSQLSLLIPLH,length1,192
-2,1594594,1594567,27,MMAASKPTS,length1,27
-2,1593400,1593355,45,MFSITLRFHFKVRSI,length1,45
-2,1592875,1592740,135,MNHTVVNALQKVKLSTSGTTHSHGVTGGVYKARERIHRDILIRDY,length1,135
-2,1592680,1592590,90,MRFAPPRSFASLCIRHCSTCVALLVRAMMT,length1,90
-2,1592344,1592239,105,MLHRLCGPPSIHLSFNLAAVLPRRSIYHVSYGRQS,length1,105
-2,1592032,1592017,15,MQFPG,length1,15
-2,1591870,1591861,9,MCY,length1,9
-2,1591615,1591567,48,MRPLSPALSSLDTTRY,length1,48
-2,1589998,1589995,3,M,length1,3
-2,1588825,1588768,57,MREARRDQSKVRYKVSSSA,length1,57
-2,1588486,1588447,39,MSPTSYQAAPPRV,length1,39
-2,1587517,1587511,6,MG,length1,6
-2,1587169,1586386,783,MGITVMARIDNYEQRFGGIGRLYTPDGLARLRQAHICVIGIGGVGSWVVEALARSGICELTLIDMDDICVTNINRQLPAMSGTIGKLKTEVMSERVKLINPECTVNIIDDFISPENQSDYLNRGYDYVIDAIDNVKTKASLIAYCKRNKINVITIGGAGGQTDPTQIQIADLSKTIQDPLLAKVRSVLRKDYNFSQNPKRKFSIDAVFSTQPLIFPQMTEGCSTSATMNCANGFGAATMITATFGFFAVSRVIDKLLKKKS,length1,783
-2,1586353,1586338,15,MCIFY,length1,15
-2,1586335,1586287,48,MKPIDFENEKFSLFLL,length1,48
-2,1586206,1585201,1005,MKKLLKISAVSAALLSAPMMANADVLASVKPLGFIVSSIADGVTGTQVLVPAGASPHDYNLKLSDIQKVKSADLVVWIGEDIDSFLDKPISQIERKKVITIADLADVKPLLSKAHHEHFHEDGDHDHKHEHKHDHKHDHDHDHDHKHEHKHDHEHHDHDHHEGLTTNWHVWYSPAISKIVAQKVADKLTAQFPDKKALIAQNLSDFNRTLAEQSEKITAQLANVKDKGFYVFHDAYGYFNDAYGLKQTGYFTINPLVAPGAKTLAHIKEEIDEHKVNCLFAEPQFTPKVIESLAKNTKVNVGQLDPIGDKVTLGKNSYATFLQSTADSYMECLAK,length1,1005
-2,1585183,1585135,48,MTAHKSAVIFFAKFDI,length1,48
-2,1584775,1584772,3,M,length1,3
-2,1584493,1584457,36,MPPKLPLDITKI,length1,36
-2,1584292,1584280,12,MSSL,length1,12
-2,1584145,1584052,93,MPLTSPFTSKRRLAFTKDPNALHASSIATPV,length1,93
-2,1583731,1583701,30,MLFTISVRGL,length1,30
-2,1583608,1583467,141,MPKLPAIPPIKKPGFKPFCSKIHVSIPVVVVFPCVPEIANTQRSRNK,length1,141
-2,1583137,1583119,18,MIKQLL,length1,18
-2,1582951,1582948,3,M,length1,3
-2,1581469,1580863,606,MTMVLVTRQAPDFTSSAVLSNGEIVDNFNFKKHIAGKAAVIFFYPLDFTFVCPSELIAFDHRYEEFKKRGVEVVGVSIDSQFTHNAWRNTPTENGGIGQVKYALAADVKHEIAQAYGIEHPEAGVALRASFLIDKNGVVRHQVVNDLPLGRNIDEMLRMVDALQFHEDHGEVCPAQWEKGKEGMKDNPEGVAKYLKQNADKL,length1,606
-2,1580596,1580563,33,METDHALWCIS,length1,33
-2,1580431,1580407,24,MDGRAWGT,length1,24
-2,1580377,1580326,51,MENHSANVSTRRIIMAL,length1,51
-2,1580266,1580218,48,MVNDPIFTSSKRKLAR,length1,48
-2,1580176,1580158,18,MITIYI,length1,18
-2,1579573,1579558,15,MGHFR,length1,15
-2,1579522,1579501,21,MELNLFN,length1,21
-2,1579198,1579132,66,MAATFWNFIYYIDNASIYIAWR,length1,66
-2,1578934,1578928,6,MM,length1,6
-2,1578661,1578604,57,MHQWQLVVQFLLLLLQHLA,length1,57
-2,1578235,1578232,3,M,length1,3
-2,1578097,1578013,84,MQRALFAQLQVKQTCLIKMVKLSMAVKP,length1,84
-2,1577806,1577794,12,MLVY,length1,12
-2,1577782,1577779,3,M,length1,3
-2,1577761,1577743,18,MISLVR,length1,18
-2,1577623,1577620,3,M,length1,3
-2,1577581,1577524,57,MQAVGRFSNRNKKRENPSP,length1,57
-2,1577242,1577236,6,MN,length1,6
-2,1577086,1577074,12,MAVQ,length1,12
-2,1577071,1577050,21,MCLFIAM,length1,21
-2,1576786,1576732,54,MRILSFLVVVKTVLQSIC,length1,54
-2,1575514,1575508,6,MR,length1,6
-2,1575082,1575067,15,MQCGY,length1,15
-2,1574920,1573714,1206,MSLYLKAAKIQSWRVLIMACAGFIFNTTEFVPVAMLSDIAQSFNMQTADTGLMMTVYAWTVLIMSLPAMLATGNMERKSLLIKLFIIFIVGHILSVIAWNFWILLLARMCIALAHSVFWSITASLVMRIAPKHKKTQALGMLAIGTALATILGLPIGRIVGQLVGWRVTFGIIAVLALSIMFLIIRLLPNLPSKNAGSIASLPLLAKRPLLLWLYVTTAIVISAHFTAYTYIEPFMIDVGHLDPNFATAVLLVFGFSGIAASLLFNRLYRFAPTKFIVVSMSLLMFSLLLLLFSTEAIIAMFSLVFIWGIGISCIGLSLQMRVLKLAPDATDVATAIYSGIFNAGIGAGALFGNLATTYLGLNEIGYTGAALGLIGFIIFITTHLKYRHTFLLQNNKKITAL,length1,1206
-2,1573228,1573201,27,MHPSKINKI,length1,27
-2,1572976,1572844,132,MHFTTLTHTSRINQGILLSITLHWNINTVTCRTWHIKNHYTIFA,length1,132
-2,1572526,1572457,69,MRIRINTIGFICHHHSNFVLTLA,length1,69
-2,1572277,1572247,30,MCVTIFSITS,length1,30
-2,1572112,1571995,117,MAAIISEVKGLVKNHFIKKRKSHRIQSYGFLNTVYLSTT,length1,117
-2,1571911,1571854,57,MIKLIILVVLLLLVSQTAY,length1,57
-2,1571452,1571383,69,MHIIIAKAFIPKAIISTFFIHHL,length1,69
-2,1571371,1571362,9,MCL,length1,9
-2,1571272,1571236,36,MDNFRLNRFFIE,length1,36
-2,1570882,1570798,84,MNFNRIRINRAIWLNINMEIITCVTTIY,length1,84
-2,1570756,1570717,39,MRAKLIHTCSFSI,length1,39
-2,1570627,1570165,462,MQKQIEIFTDGSCLGNPGAGGIGAVLRYKQHEKMLSKGYFKTTNNRMELRAVIEALNTLKEPCLITLYSDSQYMKNGITKWIFNWKKNNWKASSGKPVKNQDLWIALDESIQRHKINWQWVKGHAGHRENEICDELAKKGAENPTLEDMGYIEE,length1,462
-2,1570057,1570039,18,MRFQEN,length1,18
-2,1569997,1569994,3,M,length1,3
-2,1568725,1568698,27,MIKLKVYKY,length1,27
-2,1568455,1568359,96,MASARGISTYSTAFLMDSIIVIDAPAIVPFAS,length1,96
-2,1568230,1568215,15,MRTLP,length1,15
-2,1568188,1568179,9,MPV,length1,9
-2,1568020,1567993,27,MPAFTKSGV,length1,27
-2,1567987,1567855,132,MVGFSAAMVIFVITSPFSQRKSFISGVISRIYSGRCTPFFSMLR,length1,132
-2,1567594,1567519,75,MVLIPVSNSAWGITASIVSLSITTA,length1,75
-2,1567387,1567285,102,MIVCDYRANVIRPYIKMKNRSLFILIIRTSNRAF,length1,102
-2,1567213,1567198,15,MTVHL,length1,15
-2,1567177,1567117,60,MVNTAFNGSLHCQCFLMSCC,length1,60
-2,1566940,1566811,129,MSIYANPPHKQMNFAVGFNFFFITTAFCIMVIGIAVKNIDIFR,length1,129
-2,1566799,1566742,57,MIEKIVIHKAVVTFRVFLW,length1,57
-2,1566568,1566529,39,MLCSPTTDLLFCL,length1,39
-2,1566484,1566466,18,MILFIS,length1,18
-2,1565983,1565878,105,MTKISLSGLLLLQPVLLLLLMSLVHGNNLHPPLLI,length1,105
-2,1565695,1565599,96,MLPVASFHRNLPKLSGLDKLFSNVLISRNHLL,length1,96
-2,1565428,1565260,168,MASLQISSRSLILLHIYLIPPLLLSLRCPLEQLVRFDLLLHLLQCGRFLFSLPLKA,length1,168
-2,1565146,1565128,18,MTLIMH,length1,18
-2,1564834,1564810,24,MVCAVSAE,length1,24
-2,1564489,1564477,12,MLSS,length1,12
-2,1564411,1564339,72,MVRQKRTIVASPTSKCLAISERGH,length1,72
-2,1563799,1563721,78,MTNMPSNTTRTCLQNLVQHNPSANSC,length1,78
-2,1563613,1563568,45,MFCNTRFKWKFRQAT,length1,45
-2,1563421,1563349,72,MNLLTLLNFAIFYNRRSNFCPTNI,length1,72
-2,1562476,1562467,9,MPF,length1,9
-2,1562251,1561264,987,MMKLTKLFLATAISLGVSSAVLAADYDLKFGMNAGTSSNEYKAAEMFAKEVKEKSQGKIEISLYPSSQLGDDRAMLKQLKDGSLDFTFAESARFQLFYPEAAVFALPYVISNYNVAQKALFDTEFGKDLIKKMDKDLGVTLLSQAYNGTRQTTSNRAINSIADMKGLKLRVPNAATNLAYAKYVGASPTPMAFSEVYLALQTNAVDGQENPLAAVQAQKFYEVQKFLAMTNHILNDQLYLVSNETYKELPEDLQKVVKDAAENAAKYHTKLFVDGEKDLVTFFEKQGVKITHPDLVPFKASMKPYYAEFVKQTGQKGEAALKQIEAINP,length1,987
-2,1561171,1561078,93,MAGWHIIYCHFRYSYRSNSFTPSFSFSVNLE,length1,93
-2,1560919,1560880,39,MYFLIYSFRYSYF,length1,39
-2,1560832,1560757,75,MDFRSTACYRNINDVSLYPSANPKL,length1,75
-2,1559038,1559029,9,MWD,length1,9
-2,1558912,1558810,102,MENFMYSVVYKKMKKANFNSLMTLIAITQAIILG,length1,102
-2,1558708,1558594,114,MASSKTTLRQEKIKRKKMKSQQLTSINVQKIISLQQNY,length1,114
-2,1558588,1558363,225,MNPQPINGAMKDAFHSLVVLVQPLQFKVMISWLSMAKLNLDFAPLKPIKVNSLLKVCNGKTYLTYLHQKANHKMV,length1,225
-2,1558210,1558177,33,MVNGASLGNYQ,length1,33
-2,1558165,1558129,36,MVFLYLTTIKFY,length1,36
-2,1558111,1558096,15,MEVRL,length1,15
-2,1558072,1558057,15,MTVKN,length1,15
-2,1557925,1557811,114,MRYKELAFLLIRFSDVIYSTTTTLFIHCHSNVFFAKDC,length1,114
-2,1557724,1557721,3,M,length1,3
-2,1557124,1557055,69,MFTRHCITFCTHTLVNRRRDFIW,length1,69
-2,1556677,1556614,63,MQAWFIYNHFVISITLYFVKS,length1,63
-2,1555606,1555600,6,MV,length1,6
-2,1555252,1555213,39,MGHVYENIRLFRQ,length1,39
-2,1555087,1555069,18,MIDKSG,length1,18
-2,1554988,1554973,15,MTNIG,length1,15
-2,1554886,1554766,120,MMKPINFFFWCNMLHQRCKISYFRKFNINSHRTFFFFSNI,length1,120
-2,1554739,1554667,72,MANIKIYSLIKKIRSATFSTMNLR,length1,72
-2,1554616,1554553,63,MRKPTTLMTLKNTGAIRFNLI,length1,63
-2,1554247,1554238,9,MKK,length1,9
-2,1553890,1553791,99,MISDIEIAFPLPIVRISGIIAIATITTKASKNR,length1,99
-2,1553503,1553407,96,MANCDATEDAAIGRSGRILFFNATSPMIGIIV,length1,96
-2,1553317,1553134,183,MRSAICNINFKPPAASSTDAQVTTARMISITSIGAFPTGIRNTKTSIARPIPETTPNPIPP,length1,183
-2,1553065,1553035,30,MKNYANNTSF,length1,30
-2,1552753,1552711,42,MNLHLNLQQKKLQV,length1,42
-2,1552297,1552105,192,MSFASPKRPAGTLDKIPAFCSSVSTSVISVAIKPGATTFTVTPRAATSFAKDLEKPTTPAFAAQ,length1,192
-2,1552054,1552000,54,MIRPKRFFIIERNMALER,length1,54
-2,1550980,1550956,24,MACHHFWF,length1,24
-2,1549339,1549243,96,MYQPFFLNPHLCEYDSADSYRWIKFYYSYSIR,length1,96
-2,1548196,1547326,870,MMTSNSYWQRLKVAFQYVMPQIYLTQIAGWFAKQKWGKTTHFVIKAFAKKYNIDMSIAQKEQFSDYASFNEFFIRPLKENARPINQNPTTLCLPADGRISECGHIDDNLLLQAKGHFFSLEDLLAEDKELVETFKNGEFATTYLSPRDYHRVHMPCDATLRKMIYVPGDLFSVNPFLAQHVPNLFARNERVICVFDTEFGTMVQILVGATITASIGTTWAGVINPPRHNEVKTWTYEGESAVKLLKGQEMGWFQLGSTVINLFQANQVRLADHLSVNEPVRMGEILAYKK,length1,870
-2,1547179,1547077,102,MNCHRIVKISFCCAHFDCYCKSLNHFIYTETNTM,length1,102
-2,1547017,1546924,93,MLSYRSVHRCEKRFIYLNIFCAVLLNRLRFS,length1,93
-2,1546900,1546876,24,MAKYNGWN,length1,24
-2,1546537,1546534,3,M,length1,3
-2,1546459,1546447,12,MATH,length1,12
-2,1546441,1546426,15,MCFHA,length1,15
-2,1546261,1546153,108,MICGYLLFCTISKCYFNSMGIDKFSETINYINIIFR,length1,108
-2,1546132,1546090,42,MDTTNIGLATFNQF,length1,42
-2,1546018,1545904,114,MRAIKHYFFRYATYIYTSASKMFCFNDCTFFSIACCSI,length1,114
-2,1545856,1545802,54,MFSHSLILFELKNFPYFA,length1,54
-2,1545787,1545781,6,ML,length1,6
-2,1545760,1545718,42,MNIFYSFEQMISLK,length1,42
-2,1545697,1545694,3,M,length1,3
-2,1544866,1544746,120,MKAIYITLIEVLNHILNALLSAQTLKIFEKYNVISVFINY,length1,120
-2,1544671,1544608,63,MKLYRTQQNVQVLGVNFVIKM,length1,63
-2,1543954,1543927,27,MDGITYSSI,length1,27
-2,1543759,1543756,3,M,length1,3
-2,1543621,1543585,36,MAYQLSRCDRCR,length1,36
-2,1543072,1543045,27,MFFRLSRQI,length1,27
-2,1542988,1541755,1233,MGLKNLFEKMEPAFLPGGKYSKLYPIFESIYTLLYTPGTVTHKNTHVRDALDSKRMMITVFLALFPAIFYGMYNVGNQAIPALNQLGNLDQLIANDWHYALASSLGLDLTANATWGSKMALGAIFFLPIYLVVFTVCTIWELLFSVVRGHEVNEGMFVSTILFALIVPPTLPLWQAALGITFGIIVAKEIFGGVGRNFMNPALAGRAFLFFAYPAQISGDTVWTAADGFSGATALSQWSQGGQGALQHTVTGAPITWMDAFVGNLPGSMGEVSTLAILIGGAVIVFTRIAAWRIIAGVMIGMIATSTLFNLIGSETNPMFSMPWHWHFVLGGFALGMVFMATDPVSASFTNTGKWWYGALIGVMAVLIRTVNPAYPEGMMLAILFANLFAPIFDYIVVQANIKRRRARTNG,length1,1233
-2,1541026,1540402,624,MSGKTSYKDLLLAPIAKNNPIALQILGICSALAVTTKLETAFVMAIAVTLVTGLSNLFVSLIRNYIPNSIRIIVQLAIIASLVIVVDQILKAYAYGLSKQLSVFVGLIITNCIVMGRAEAFAMKSPPVESFVDGIGNGLGYGSMLIIVAFFRELIGSGKLFGMTIFETIQNGGWYQANGLFLLAPSAFFIIGFVIWGLRTWKPEQQEK,length1,624
-2,1540396,1539802,594,MEHYISLFVKAVFIENMALSFFLGMCTFLAVSKKVSTAFGLGIAVTFVLGIAVPVNQLIYANVLKENALIEGVDLSFLNFITFIGVIAGLVQILEMVLDKFMPSLYNALGIFLPLIAVNCAIFGGVSFMVQRDYNFPESIVYGFGSGLGWMLAIVALAGLTEKMKYADIPAGLKGLGITFISVGLMALGFMSFSGIQL,length1,594
-2,1539787,1538554,1233,MSDSVILALGIAAFTVIVLVLVAIILFAKSKLVDSGDITIGINDDPEKAITLPAGSKLLGALASKGIFVSSACGGGGSCGQCIVKVKNGGGEILPTELSHINKREAKEGYRLACQVNVKGNMEVELPEEIFGVKKWECTVISNDNKATFIKELKLAIPEGEEVPFRAGGYIQIEAEPHVVNYKDFDIPEEYHEDWDKYDLWRYVSKVDEHIIRAYSMASYPEEKGIIMLNVRIATPPPRQPDAPPGQMSSYIWSLKAGDKVTISGPFGEFFAKETDAEMVFIGGGAGMAPMRSHIFDQLKRLHSKRKMSFWYGARSKREIFYQEDFDQLQAENPNFVWHVALSDALPEDNWTGYTGFIHNVLYENYLKNHEAPEDCEYYMCGPPVMNAAVIKMLKDLGVEDENILLDDFGG,length1,1233
-2,1538485,1538455,30,MFLKIFYDYR,length1,30
-2,1538293,1538266,27,MLNTLIMVQ,length1,27
-2,1538242,1538221,21,MKKLKQS,length1,21
-2,1538215,1538212,3,M,length1,3
-2,1538059,1538056,3,M,length1,3
-2,1537627,1537567,60,MANALLMKLIRKQVIQFSII,length1,60
-2,1537525,1537480,45,MAYLQGYLCWGKTRR,length1,45
-2,1537426,1537387,39,MVLLPNHPLLSKN,length1,39
-2,1537030,1535839,1191,MTNVLRLNRSYGRTMLISNTYNQHFPQLTQEQLARNATKKVICGMSGGVDSSVSAFILQQQGYQVEGLFMKNWEEDDDTDYCTAAADLADAQAVCDKLGIKLHKINFAAEYWDNVFEHFLTEYKAGRTPNPDILCNKEIKFKAFLEYAAEDLGADYIATGHYVRRAGDNENAKLLRGLDANKDQSYFLYTLSHKQVGQSLFPVGEIEKPIVRAIAEDLGLITAKKKDSTGICFIGERKFKDFLARYLPAQPGNIRTVDDEIIGRHDGLMYHTLGQRKGLGIGGLKNAGDEAWYVVDKDVENNELIVAQGHDHPRLFSKGLIASQLHWVDREPIRESLRCTVKTRYRQQDIPCVIEPIDDETIRVIFDEPQSAVTPGQSAVFYLGEVCLGGGIIAERI,length1,1191
-2,1535713,1535683,30,MYSDFHHKFA,length1,30
-2,1535398,1535392,6,ML,length1,6
-2,1534927,1534837,90,MTACKAWRLKLRNTSIKSSLAFLGGRGRPP,length1,90
-2,1534612,1534447,165,MPEATASYSRVILRFCKSRTNLVCAGMVLATTIRPVVSLSNRCTIPALGTSDIGG,length1,165
-2,1534231,1534063,168,MRSLSFTRSASIHVFNREREYSGNNSASVWSKRCPICSGCTSAERVICGINSSQKF,length1,168
-2,1534042,1533988,54,MFYTIADNCILFIGFRKN,length1,54
-2,1533922,1533898,24,MFKWFKRC,length1,24
-2,1533088,1533064,24,MLHHSSHK,length1,24
-2,1532647,1532638,9,MLK,length1,9
-2,1531735,1531723,12,MFLH,length1,12
-2,1530961,1530958,3,M,length1,3
-2,1529851,1529734,117,MCFTVFSEDFFHFWIKFTTINFTRTFHHFDTTEWHNGTF,length1,117
-2,1529647,1529632,15,MFIKI,length1,15
-2,1529146,1529122,24,MQQTNQSA,length1,24
-2,1529110,1529098,12,MLCL,length1,12
-2,1528627,1528564,63,MDVYLLYKLLYFLHNPLLQQV,length1,63
-2,1528531,1528525,6,MP,length1,6
-2,1528084,1527967,117,MIKVRLRFCLILTALLYKGADYVLWFRYWWHENRACRTQ,length1,117
-2,1527907,1527901,6,MA,length1,6
-2,1527754,1527727,27,MRFVYAFGP,length1,27
-2,1527679,1527595,84,MGYGKSAIFDCTWFNSWDWFWWWLCLKR,length1,84
-2,1527514,1527508,6,MG,length1,6
-2,1527490,1527460,30,MRLRQQGLFG,length1,30
-2,1526929,1525486,1443,MIMEFEFSKMLEEVLTWIVAHLDGPLWDATIIILLGTGLFFTITTGFVQFRLFPASLREMWFGRSVEGSSLTPFQAFTTGLASRVGVGNIGGVATAIALGGEGAVFWMWVTAFIGMSSAFAESTLAQLFKIQDKDGSFRGGPAYYIVQGLKSRCMAVAFALALIFTFGFAFNSVQANSIVEATSNAWNWKGEYVGISLVILTALIIFGGVKRIAIISSNLVPMMALFYLIMAVIILGMHIDMIPSVIHRIVQSAFSFDAAAGGMFGALVSKAMMMGIKRGLFSNEAGMGSAPNSAAAAHVKHPVSQGLVQMLGVFVDTMIVCTCTAVIILLSNNYGSETLKSISLTQNALQYHIGEFGVHFLAFILLLFAYSSIIGNYAYAESNIRFIKNKPWFVLLFRLMVLFFVYFGSVRSGNVVWNFADTVMAVMAIINLIAILMLSPIVWKLMKDYQHQLKEGKTPEFKIDDHPELRKKIFDSRIWK,length1,1443
-2,1525462,1525414,48,MLCLSKGLDSYLKKYF,length1,48
-2,1525246,1525240,6,MK,length1,6
-2,1525081,1525030,51,MSDLASYCCHFSRSSPK,length1,51
-2,1524892,1524829,63,MERLPLVGKFASIRLGNSFKT,length1,63
-2,1524649,1524610,39,MKFCSVQVKPESQ,length1,39
-2,1524292,1524211,81,MHCLSTHGLLPIGTDALKFLVLHPLRR,length1,81
-2,1524172,1524109,63,MLDALRLRCLYIQRYGQCPIC,length1,63
-2,1523485,1523356,129,MHQYGTRPSEYCGLTLRLCEAFLRRFPQFVRVDLERMPPLHEI,length1,129
-2,1523026,1522798,228,MNLKDIKRFAECTIIGDDTIEERLSLFENQTENVKCQIAELKRYLDLLEYKLAFYQKAKALGSVEAVNLPQIPETS,length1,228
-2,1521016,1520962,54,MMNLIVNSMGALPPFLLY,length1,54
-2,1520902,1520857,45,MICSLLYIFIENIIT,length1,45
-2,1520758,1520740,18,MVARLN,length1,18
-2,1519171,1519123,48,MINITAFAVKIHVMRF,length1,48
-2,1519027,1518913,114,MIVMFCWSKLKNGFISLKIMTDYNMCFIKLIKHTINCG,length1,114
-2,1518856,1518832,24,MFIFMILH,length1,24
-2,1518340,1518181,159,MLQYLLCYFWQYHEYQLNHYLIVFGFVLRCFQCFQYHYHKKDQLLPFLFPFLY,length1,159
-2,1517335,1517323,12,MILP,length1,12
-2,1517233,1517119,114,MKNYTNILRAKPALLGKVLRIFYAVCLVYLCILQVLMI,length1,114
-2,1517059,1517056,3,M,length1,3
-2,1516678,1516654,24,MKCDHISR,length1,24
-2,1516366,1516363,3,M,length1,3
-2,1516177,1516174,3,M,length1,3
-2,1513078,1513063,15,MVVST,length1,15
-2,1512829,1512793,36,MVRFSHSSELFT,length1,36
-2,1512517,1512430,87,MVICRTFRWSWFWYARNFCKLCVGHYFAI,length1,87
-2,1510126,1510120,6,ME,length1,6
-2,1510033,1510015,18,MSNRWQ,length1,18
-2,1509763,1509742,21,MVRIALR,length1,21
-2,1509733,1508968,765,MDIGIDLLAILFCVGFVASFIDAIAGGGGLITIPALLMTGMPPAMALGTNKLQAMGGALSASLYFLRKRAVNLRDIWFILIWVFLGSALGTLLIQSIDVAIFKKMLPFLILAIGLYFLFTPKLGDEDRKQRLSYMLFGLLVSPFLGFYDGFFGPGTGSIMSLACVTLLGFNLPKATAHAKVMNFTSNLASFALFLLGGQILWKVGFVMMAGSILGANLGAKMVMTKGKTLIRPMVVIMSFMMTAKMIYDQGWFHF,length1,765
-2,1508857,1508767,90,MVVFKASILGDLAWYFLFIVVSICAFSSAR,length1,90
-2,1506754,1506736,18,MRLNAL,length1,18
-2,1506580,1506547,33,MLSASHGYELQ,length1,33
-2,1506532,1506490,42,MLANDVCYLQLPIL,length1,42
-2,1506070,1505752,318,MSLPAIPHQLERNRRLTILHQFQFESTVHQSLRNVHILKSISDFEQARLRRLDQVYVLVAKGKSPLRLLLPLLLQYESHPVKVAPSSAFLGHHHKGDRPQFYACRM,length1,318
-2,1505650,1505629,21,MKLPLST,length1,21
-2,1505254,1505245,9,MIS,length1,9
-2,1505164,1505137,27,MLSACSVDE,length1,27
-2,1505017,1504927,90,MLLFVLLLPSSQHDQKVKHLEQPSDLHAQD,length1,90
-2,1504816,1504804,12,MGVF,length1,12
-2,1503556,1503538,18,MITILI,length1,18
-2,1503508,1503346,162,MVSKPKWILVVFLLSMQNLTNCVKNTKIHWYCMQAMPLLVRFTSRCLVVLQMQL,length1,162
-2,1503304,1503274,30,MNLTQVMKGY,length1,30
-2,1503232,1503229,3,M,length1,3
-2,1503166,1503139,27,MEKKLPLSV,length1,27
-2,1503094,1503091,3,M,length1,3
-2,1503082,1503043,39,MMKLLLHKLWQMR,length1,39
-2,1502962,1502950,12,MILM,length1,12
-2,1502914,1502896,18,MMNYVV,length1,18
-2,1502878,1502830,48,MNIHLNLKIQMESLYL,length1,48
-2,1502668,1502641,27,MNVKKHLIL,length1,27
-2,1502614,1502554,60,MITMQKPISLLLNIKVKKIA,length1,60
-2,1502389,1502350,39,MLAVYAQIFYRAM,length1,39
-2,1502338,1502278,60,MLILSYLSGIRYIPIKWKVR,length1,60
-2,1502257,1502152,105,MRCNLLWLMALQAHSLMVQVFVMKRMKHQMRKVNV,length1,105
-2,1502101,1501963,138,MITNVILSEQMLMLQAVKTVIKPLVNYLTIQNMKALIPTCLMQKVS,length1,138
-2,1501915,1501912,3,M,length1,3
-2,1501903,1501861,42,MLQLMHYLKNKIEK,length1,42
-2,1501012,1500979,33,MWNCKSVAILF,length1,33
-2,1500955,1500919,36,MNVVTRLNVGIA,length1,36
-2,1500865,1500841,24,MRWKNVVA,length1,24
-2,1500832,1500787,45,MFYCQMAKNTKHLNL,length1,45
-2,1500751,1500712,39,MGEIPRLLHWAAA,length1,39
-2,1500703,1500658,45,MLLALWRQVISAVCV,length1,45
-2,1500589,1500583,6,MN,length1,6
-2,1500466,1500454,12,MVPF,length1,12
-2,1500415,1500259,156,MNLSLCILRRFNIVFLVVAKLKQMLLREMKQKKAIVHCLILDILLDMPLKLT,length1,156
-2,1500253,1500214,39,METGFMVKLFRRE,length1,39
-2,1500163,1500073,90,MCLALKNYLLVPICPPYHRIRCSQKTIYRI,length1,90
-2,1500004,1499971,33,MWRMIPIIPSC,length1,33
-2,1499935,1499077,858,MLRPKKQSLKPKLKHRPFLKWAGGKFRLTDEINKAFPNKKNCLIEPFVGAGAIFLNSNFERYILADINPDLINLFNIVKENVEGYIEDCKPIFFADDANTPDYYYAKRRQFNASTDPFERSIIFLYLNRFGFNGLCRYNSKNEFNVPFGAYKTHYFPEDELRYFAHKAQSAVFLCCDFQKTFEFADKDSVIYCDPPYAPLQQETNFTGYAGNEFGLVQQRALADLAKSIQKEKQISILISNHDTKFTREIYNGAKFKRVKVQRSISQNPEKRVKVKELIAIFGARK,length1,858
-2,1498780,1498753,27,MLYSLVYNK,length1,27
-2,1498597,1498531,66,MLIQCHPLIAIFLITQKANSAP,length1,66
-2,1498471,1498465,6,MD,length1,6
-2,1497922,1497862,60,MPVMSPPINLLGNACLIAHG,length1,60
-2,1497544,1497508,36,MLLPLFLPLELQ,length1,36
-2,1497307,1497265,42,MVQDKVITYIMTAF,length1,42
-2,1497025,1496914,111,MFNWRCASQLKMRLWVPTGDSIKTNSRRRSRSLNLSS,length1,111
-2,1496494,1496461,33,MAFLFKLYVME,length1,33
-2,1496038,1495927,111,MSSSLHFQINDQIPHFYSHFCYLGFLNRINLEMLQDH,length1,111
-2,1495771,1495726,45,MNHHNEYVISMDEFH,length1,45
-2,1495321,1495309,12,MRHY,length1,12
-2,1495240,1495126,114,MAMLYLIRCVKCGHFQQTILGIQQVTLFPILPSHFSDS,length1,114
-2,1495057,1495051,6,MQ,length1,6
-2,1494376,1494337,39,MMPIASERKPKIM,length1,39
-2,1494322,1494253,69,MFLIKKKMQTIITDFLDFSTLIL,length1,69
-2,1494205,1492162,2043,MSMSNPLLNIQALPPFSQIKPEHIQPAVEKLIQDCRNTIEQVLKQPHFTWENFILPLTETNDRLNRAWSPVSHLNSVKNSAELREAYQECLPLLSEYSTWVGQHKGLYNAYLALKNSAEFADYSIAQKKAIENSLRDFELSGIGLSEEKQQRYGEIVARLSELNSQFSNNVLDATMGWEKLIENEAELAGLPESALQAAQQSAESKGLKGYRFTLEIPSYLPVMTYCENRTLREEMYHAYATRASEQGPNAGKWDNSKVMEEILTLRVELAKLLGFNTYTELSLATKMAENPQQVLDFLDHLAERAKPQGEKELQELKNYCEKEFGVTELAPWDIGFYSEKQKQHLYAINDEELRPYFPENRVISGLFELIKRIFNIRAVERKGVDTWHKDVRFFDLIDENDQLRGSFYLDLYAREHKRGGAWMDDYIGRKRKLDGSIQTPVAYLTCNFNAPIGNKPALFTHNEVTTLFHEFGHGIHHMLTQIDVSDVAGINGVPWDAVELPSQFMENWCWEEEALAFISGHYETGEPLPKEKLTQLLKAKNFQAAMFILRQLEFGIFDFRLHHTFDAEKTNQILDTLKSVKSQVAVIKGVDWARAPHSFSHIFAGGYAAGYYSYLWAEVLSADAYSRFEEEGIFNPITGKSFLDEILTRGGSEEPMELFKRFRGREPQLDALLRHKGIMN,length1,2043
-2,1492141,1492033,108,MHNMPFLKYFPRHKNIVNFNRTLSRQNLQTRHYFYK,length1,108
-2,1491928,1490386,1542,MAAAIQQRAELQRRIWQIANDVRGSVDGWDFKQYVLGTLFYRFISENFANYIEAGDESVNYAQLPDEIITPDIKTDAIKTKGYFIYPSQLFKNVVATANTNPNLNTELKQIFSDIENSATGYPSEQDIKGLFADFDTTSNRLGNTVTDKNSRLAAVLKGVAELDFGDFEDNHIDLFGDAYEFLISNYAANAGKSGGEFFTPQCVSKLIARLALYGQDKVNKIYDPAAGSGSLLLQAKKQFDEHIIEEGFFGQEINHTTYNLARMNMFLHNINYDKFDIALGNTLMEPQFGDDKPFDAIVSNPPYSVKWAGSDDPTLINDERFAPAGVLAPKSKADFAFILHALSYLSAKGRAAIVSFPGIFYRGGAEQKIRQYLVDNNYVDAVIALAPNLFFGTSIAVNILVLSKHKPNTQTQFIDASGLFKSATNNNILEEEHIEQILKLFADKEDVPHLAKSISFEEIAQNDYNLAVSSYVEQKDTREVINIDELNAQIRKTVANIDRLRAEIDKIVAEIEG,length1,1542
-2,1490308,1490299,9,MVG,length1,9
-2,1490227,1490170,57,MGLRLSGRLLNPFVTIIFG,length1,57
-2,1490146,1490023,123,MIMELFHISLPKILKVEKLISKIQNISISMFIKNYLELGAL,length1,123
-2,1490017,1490008,9,MIF,length1,9
-2,1489945,1489918,27,MGKTCIFCD,length1,27
-2,1489663,1489639,24,MNTIGRNC,length1,24
-2,1489546,1489513,33,MKALTILAIKS,length1,33
-2,1489468,1489462,6,MT,length1,6
-2,1489408,1489399,9,MIF,length1,9
-2,1489369,1489366,3,M,length1,3
-2,1489228,1489219,9,MKY,length1,9
-2,1489045,1489021,24,MNITENYY,length1,24
-2,1488997,1487845,1152,MTKSLDKIAKQLRDSDKKVNLIYAFNGSGKTRLSKVFKNLIAPKENHDNEEDLTRRKILYFNAFTEDLFYWDNDLLNDTEPKLKIQPNSFIRWLIRDQGDEGKVIGKFHHYCDEKLMPKFDIENNQITFSFARGDDTPEENIKLSKGEESNFIWSIFHTLIEQVVAELNISEPSERTTNEFDELKYIFIDDPVSSLDENHLIQLAVDLAELVKDSPDTIKFIITTHNPLFYNVLYNELGAKNGYILRKDENKNEKERFDLEVKQGGSNKSFSYHLFLKNLLEEVEPKDIQKYHFMLLRNLYEKAANFLGYSGWSNLLPNDDARQSYYTRIINFTSHSTLSNEIIAEPTDAEKKIVKYLLEHLINNYGFYIEENIKDPQTDNITE,length1,1152
-2,1486750,1486648,102,MLVTKRKGALSVSLFVIYRLKAMSIYKGLIITMN,length1,102
-2,1486609,1486573,36,MLFSPMQNGNVF,length1,36
-2,1486513,1486456,57,MIIFMILCSITDAFRISIC,length1,57
-2,1486390,1486372,18,MIIVMM,length1,18
-2,1486357,1486330,27,MVYPLCILN,length1,27
-2,1486213,1486147,66,MARILAILLIRLNAIRIATTSQ,length1,66
-2,1486063,1486054,9,MCW,length1,9
-2,1486036,1486018,18,MFPTLY,length1,18
-2,1485751,1485688,63,MGRKVPLGLNAILKKMITKLS,length1,63
-2,1485604,1485562,42,MKHIAPNLAKHKKI,length1,42
-2,1485445,1485442,3,M,length1,3
-2,1485433,1485409,24,MLFVMTKY,length1,24
-2,1485385,1485361,24,MSAHNLKP,length1,24
-2,1485232,1485196,36,MPQVKALMQCLR,length1,36
-2,1485091,1485034,57,MKNKMQLAIFQMRPLNPLL,length1,57
-2,1484995,1484959,36,MITITTLARIMA,length1,36
-2,1484854,1484842,12,MPLR,length1,12
-2,1484767,1484659,108,MTQLKPLGISSLSAIWNKIPLMQSRYLAMTIPKIWF,length1,108
-2,1484632,1484605,27,MVMKINVVI,length1,27
-2,1484476,1484437,39,MSLQHCKPYKRSI,length1,39
-2,1484434,1484392,42,MIRLQWRNSSKYIM,length1,42
-2,1484389,1484365,24,MMNKLQKC,length1,24
-2,1484311,1484251,60,MIFAIGYAKEKKGMIKIIRR,length1,60
-2,1484239,1484215,24,MSYLKWIY,length1,24
-2,1484128,1484098,30,MKSAAQFVQV,length1,30
-2,1484041,1484017,24,MIFPIKRL,length1,24
-2,1483939,1483903,36,MSMQQNAISALH,length1,36
-2,1483891,1483867,24,MPVKTAQR,length1,24
-2,1483864,1483846,18,MKYCQK,length1,18
-2,1483675,1483663,12,MINI,length1,12
-2,1483417,1483408,9,MTA,length1,9
-2,1483390,1483336,54,MSVGLLLNLPLHSKYQLK,length1,54
-2,1483144,1483063,81,MGYLIQSGQFHLPHIDKLSNHRSMPLQ,length1,81
-2,1482988,1482982,6,MY,length1,6
-2,1482604,1482589,15,MPLRL,length1,15
-2,1482025,1482010,15,MVYFS,length1,15
-2,1481368,1481233,135,MACEIHGLLWQVRYFYHGYFFLTFPMLGIIFSEQQFARRPHFPID,length1,135
-2,1480870,1480861,9,MCA,length1,9
-2,1480855,1480819,36,MKNLIFINYLFD,length1,36
-2,1480588,1480555,33,MPSFCKTLTRW,length1,33
-2,1480213,1480192,21,MKNQNSK,length1,21
-2,1479601,1479562,39,MYHYTYTPDLSTS,length1,39
-2,1479526,1479394,132,MTHLLASFVLRCFQHLSLPHLATQQCLWRDNWNTSDASTPVLSY,length1,132
-2,1479301,1479256,45,MANSHTLGTYFSPRM,length1,45
-2,1479217,1479085,132,MNSWAVSACYPRSTFYPLSDGPSIQNHRITMTYFRTCSTCLSRS,length1,132
-2,1479052,1479037,15,MSDRD,length1,15
-2,1478716,1478656,60,MPFVQVGTYPTRNFATLGPL,length1,60
-2,1478002,1477909,93,MSAFALVIRPANLSINLHPLTQRSPTQQAYH,length1,93
-2,1477849,1477822,27,MPLRAILAC,length1,27
-2,1477792,1477705,87,MPQLRCYISAPLHLPRRPTRLVSYYAFFK,length1,87
-2,1477513,1477504,9,MDP,length1,9
-2,1476724,1476676,48,MFQFSRFASTSYEFTC,length1,48
-2,1476187,1476040,147,MGTSIKDTLFSFYLLTFIFQRCFRFVFNLVYNYQPICVSTRCLSSSVRR,length1,147
-2,1475920,1475914,6,MV,length1,6
-2,1475836,1475791,45,MESSCRLQSGLRRTL,length1,45
-2,1475503,1475464,39,MSRVGKVLRVASN,length1,39
-2,1474906,1474852,54,MAASGFPPLRNIPHCCLP,length1,54
-2,1474732,1474558,174,MACGLSVPHFHLPIIRGISDSFPSLSPSISQIPKHYSPVRHSSARKQAFSCYRSTCMC,length1,174
-2,1474528,1474492,36,MIKLFNSSSIAQ,length1,36
-2,1474174,1474141,33,MVKLLLLLFLT,length1,33
-2,1473925,1473907,18,MLYKFG,length1,18
-2,1473778,1473760,18,MISNFN,length1,18
-2,1473463,1473436,27,MDAIRKKCG,length1,27
-2,1473235,1473208,27,MANSMKIIA,length1,27
-2,1473118,1471654,1464,MSLRIKQEALTFDDVLLVPAHSTVLPNTANLSTQLTKEIRLNIPMLSAAMDTVTETKLAISLAQEGGIGFIHKNMTIERQADRVRKVKKFESGIVSEPVTVLPNLTLAELAEMVKKNGFAGYPVVDEENNLIGIITGRDTRFVKDLSKTVSQVMTKKEDLVTVKEGASREEILELMHQHRVEKVLVVNDSFKLKGMITVKDFQKAEQKPNACKDEFGRLRVGAAVGAGAGNEERIDALVKAGVDVLLIDSSHGHSEGVLQRVRETRAKYPNLPIVAGNVATAEGAIALADAGASAVKVGIGPGSICTTRIVTGVGVPQITAIADAAAALKDRGIPVIADGGIRFSGDIAKAIAAGASCVMVGSMFAGTEEAPGEIELYQGRAFKSYRGMGSLGAMAKGSSDRYFQSDNAADKLVPEGIEGRIPYKGYLKEIIHQQMGGLRSCMGLTGCATIDELRTKAEFVRISGAGIKESHVHDVAITKEAPNYRMG,length1,1464
-2,1470928,1470886,42,MDSRKHYRRCRCSH,length1,42
-2,1470559,1470532,27,MVSTRYDLP,length1,27
-2,1469875,1469839,36,MPITMRLNQIGT,length1,36
-2,1469773,1469761,12,MGSI,length1,12
-2,1469149,1469035,114,MVSIRHAKTSVPLSGWSHILNKYNMPNKHCEKMHNNTP,length1,114
-2,1468999,1468996,3,M,length1,3
-2,1467991,1467976,15,MLEII,length1,15
-2,1467907,1467892,15,MHTRL,length1,15
-2,1467112,1466944,168,MPYIVTKFTFLILRNRDFIYFVVECGPFIFRIKNYVFTQRYYYFRNDDLRLIFRCG,length1,168
-2,1466785,1466713,72,MGWHRFPRYTLFNHWLYLCNAPHH,length1,72
-2,1465861,1465858,3,M,length1,3
-2,1465321,1465315,6,MM,length1,6
-2,1465240,1465225,15,MATIL,length1,15
-2,1465090,1465006,84,MIPSRLNEIKPPITSSLLINPISSCSTE,length1,84
-2,1464622,1464610,12,MRVT,length1,12
-2,1462609,1462489,120,MWCVFSINGCRRSNQSCCCRYRNGFSERRREIRGAFRYLR,length1,120
-2,1461673,1461637,36,MCDLTPCRLCSV,length1,36
-2,1461457,1461364,93,MGTCSLRFYSSPCITAENGFCVQLLRALFIA,length1,93
-2,1461184,1461127,57,MAIFERTKIKTTRSPNKPC,length1,57
-2,1460590,1460584,6,MT,length1,6
-2,1460485,1460476,9,MMC,length1,9
-2,1460341,1460251,90,MLANNLLNMRMALELLPYMAGNVMTSNFVH,length1,90
-2,1460149,1460107,42,MKPMKCYVWVSLMM,length1,42
-2,1460008,1459993,15,MIHKK,length1,15
-2,1459969,1459897,72,MHQISTKVVGMCTACVKMKPFFVS,length1,72
-2,1459879,1459840,39,MRRLFLLALKLAR,length1,39
-2,1459813,1459780,33,MVSVPPHLMAI,length1,33
-2,1459708,1459663,45,MWLHAVLILNVSALW,length1,45
-2,1459642,1459528,114,MQNLMYTELGVLVVQVVLVVLYCSLNLASVVYFVILNT,length1,114
-2,1459510,1459417,93,MKWNCQIILCYKNAAAKNSLQKLRNNLSITI,length1,93
-2,1459267,1459147,120,MNAVIAVKIHVQLNVVANVKAMEIHNQWIYIVSKSVVQMV,length1,120
-2,1459069,1458991,78,MMITLPLNCHKVCRKNYCNNSVKHAY,length1,78
-2,1458928,1458763,165,MILTVNVKVVVAISVENTDVNVAMIIVEIVNLTKKVTALLAINHAVIVDHHSKNK,length1,165
-2,1458517,1458514,3,M,length1,3
-2,1458451,1458445,6,MN,length1,6
-2,1458370,1458343,27,MNLINTILI,length1,27
-2,1458310,1458292,18,MQNVSK,length1,18
-2,1458244,1458223,21,MKIVLKI,length1,21
-2,1457986,1457914,72,MKQTFTGIYPIAPTAIYKRLYSIL,length1,72
-2,1457908,1457887,21,MPKKRDF,length1,21
-2,1457482,1457470,12,MHAV,length1,12
-2,1457431,1457428,3,M,length1,3
-2,1457368,1457338,30,MQEAMKPINM,length1,30
-2,1457269,1457233,36,MIMPTTKVRLKI,length1,36
-2,1457200,1457050,150,MLKRKTFLKKKANLQQSSLSRNLRLRRLKHRKQQQFSRHSLQFVVQEICC,length1,150
-2,1455991,1455946,45,MLAFHGFLSNVGCDK,length1,45
-2,1455664,1455628,36,MPKNVSDNSYFR,length1,36
-2,1455517,1455487,30,MATQFTQKLS,length1,30
-2,1455250,1455223,27,MERNATANF,length1,27
-2,1454887,1454797,90,MGILGCILCHSFSHFSKGRNKCLTSRLNNL,length1,90
-2,1454647,1454635,12,MFTT,length1,12
-2,1454545,1454500,45,MNGRTTKEEQCHHDN,length1,45
-2,1453750,1453690,60,MSVFIFCKKFHHFPPKLIIF,length1,60
-2,1453657,1453642,15,MREFQ,length1,15
-2,1453507,1453486,21,MHRYNLH,length1,21
-2,1453192,1453123,69,MMGQLCVLQQFELVQLMRQISTR,length1,69
-2,1452799,1452769,30,MQQDALGDHI,length1,30
-2,1452511,1452502,9,MLQ,length1,9
-2,1452454,1452433,21,MLDVIGE,length1,21
-2,1452163,1452118,45,MRWCNYCQDVQQFYL,length1,45
-2,1451875,1451857,18,MDNGLT,length1,18
-2,1451821,1451803,18,MRGSGK,length1,18
-2,1451773,1451764,9,MNL,length1,9
-2,1451140,1451059,81,MRLPISVKISALKHSRPISNNGSSNAI,length1,81
-2,1450918,1450882,36,MEVCACGATLTN,length1,36
-2,1450753,1450744,9,MLN,length1,9
-2,1450399,1450393,6,MI,length1,6
-2,1450276,1450204,72,MAITCVTGWHYAVKHINATTHAFH,length1,72
-2,1449697,1449631,66,MPLHKIVQITVFTHHFLSWTKP,length1,66
-2,1449628,1449610,18,MEGVTQ,length1,18
-2,1449349,1449322,27,MLFEQRRIY,length1,27
-2,1448992,1448980,12,MVFL,length1,12
-2,1448449,1448383,66,MICNTSKRAVDLSLNSTSNNEL,length1,66
-2,1447825,1447798,27,MMLSLDLPF,length1,27
-2,1447663,1447612,51,MPSPTLTIAATGSWFSN,length1,51
-2,1447198,1447195,3,M,length1,3
-2,1446892,1446775,117,MERITCIHAIIYRFSMNFSALFFSHFTRTNSRTHVYTKL,length1,117
-2,1446682,1446649,33,MRENCPNSSIG,length1,33
-2,1446031,1446001,30,MQAEFAIILH,length1,30
-2,1445728,1445695,33,MFCRCWRCFRL,length1,33
-2,1445518,1445506,12,MAVF,length1,12
-2,1444978,1444945,33,MIIGMWSRTTT,length1,33
-2,1444879,1444864,15,MIVRI,length1,15
-2,1444702,1444693,9,MID,length1,9
-2,1444192,1444180,12,MQCR,length1,12
-2,1444012,1443967,45,MRKIADGNIFGLNLF,length1,45
-2,1443916,1443892,24,MPLTQYTI,length1,24
-2,1443661,1443622,39,MPTPCAHPHWILF,length1,39
-2,1443607,1443391,216,MSTRVSNHINWRNLCNKFSKTWMLVISREMVPFIFLIIVTLNNFVAVIMSVWIFSNCTKINILITHIVRHTH,length1,216
-2,1443388,1443373,15,MLIAH,length1,15
-2,1443193,1443163,30,MTCPRLRYYP,length1,30
-2,1442980,1442965,15,MSKTI,length1,15
-2,1442590,1442575,15,MQYFK,length1,15
-2,1442554,1442530,24,MQTSRRFI,length1,24
-2,1442320,1442290,30,MNCFAFITNF,length1,30
-2,1442224,1442083,141,MHFNFEYTVALTGFTASTSHVKAKTSWIITTSTRLWHSCKKFTNRGK,length1,141
-2,1442005,1441999,6,MF,length1,6
-2,1441663,1441555,108,MYASTRPNINNMVSRTNCVFIVFHDNYRITKITQMN,length1,108
-2,1440997,1440931,66,MLNFLWQRFIRGFNIKMIMFRQ,length1,66
-2,1440727,1440697,30,MRTSKICRKN,length1,30
-2,1440556,1440544,12,MFFL,length1,12
-2,1440448,1440412,36,MFAFSIFDNWRK,length1,36
-2,1440331,1440292,39,MIWTTRLPYSCKQ,length1,39
-2,1439998,1439827,171,MGSSPANIDIFHKITQKYEINVNFAIIIAYFNICANIQLKYIDLLKNFRQNNRTFFR,length1,171
-2,1439821,1439797,24,MRFFYGWN,length1,24
-2,1439653,1439554,99,MAPHCILSSSSRDLRRIFTQRLSSVCGGSFKNT,length1,99
-2,1439551,1439476,75,MARSKRSRSLHHRNSRRCNANAWWT,length1,75
-2,1439206,1439113,93,MIIDLVLNFIALVLGKINCYHLSSISHFIEE,length1,93
-2,1439032,1438993,39,MPPYLNFHRLRIL,length1,39
-2,1438018,1437964,54,MRLLYWLLVHLLEFYLER,length1,54
-2,1437958,1437952,6,MQ,length1,6
-2,1437784,1437778,6,ME,length1,6
-2,1437760,1437724,36,MLLLLMLKISAT,length1,36
-2,1437574,1437562,12,MREW,length1,12
-2,1437256,1437247,9,MII,length1,9
-2,1436710,1435816,894,MSAQNPLFSGSIVALVTPMNHYGEVDFSCLEKLVEHHIEAGSNALVSVGTTGESATLSIEENVKVIEKTVEFAKGRIPIIAGAGANATSEAITMTKLLRDSGVAGCLSVVPYYNKPTQEGMYQHFKAIAECTDLPQILYNVPSRTGSDMKPETVARLAEIENIVGIKEATGDVSRIVKIKQLAGKNFIVLSGDDATGLEAIKLGAEGVISVTNNIAAKDMADMCRYALAGDFNKAEEINARLMRLHHDLFIESNPIPVKWAAYRLGLIKSPHLRLPLTTLSEEIQPKVEEALKIAGLL,length1,894
-2,1435780,1435759,21,MYYRSVK,length1,21
-2,1435621,1435510,111,MIHFRNLRRAFPIFPLWLLEVYSYQRLIMPIRYLILK,length1,111
-2,1435432,1435417,15,MGNAR,length1,15
-2,1435327,1435315,12,MVRF,length1,12
-2,1435231,1435228,3,M,length1,3
-2,1435189,1435132,57,MVLFLHQIYQINNIILRNV,length1,57
-2,1434883,1434562,321,MTLNITSKQMDITPAIREHLEERLAKLGKWQTQLISPHFVLNKVPNGFSVEASIGTPLGNLLASATSDDMYKAINEVEEKLERQLNKLQHKSESRRANERLKDSFEI,length1,321
-2,1434028,1434013,15,MMVYQ,length1,15
-2,1433605,1433521,84,MLPNNSSLYLYSKVLEVKSLLMCPHQYK,length1,84
-2,1433386,1433296,90,MRLLNYLLWSYFPDLFSYQEYKNLFFQVCF,length1,90
-2,1433074,1432999,75,MPLLDEKFFSSQPFLIQQMCNLVLG,length1,75
-2,1432909,1432864,45,MDLLDVVKTRYSSQI,length1,45
-2,1432687,1432537,150,MHNVLLITHSQRKLSLFLLGFQCLNLFAQSLQSQNQIGHQPFLSLCLYCL,length1,150
-2,1432495,1432480,15,MISCR,length1,15
-2,1432282,1432270,12,MTNL,length1,12
-2,1432264,1432261,3,M,length1,3
-2,1432057,1431775,282,MKLSKTTGSFKSRKTITIFVQFTPKSTAIIMTQRTIYAKPIFRLQEISSASTFCTSYHSFLFLPKFRLEKLGCLLKSAVKIKDKILVILLELVH,length1,282
-2,1431763,1431730,33,MNRKWGHSTLK,length1,33
-2,1431493,1431454,39,MERRFIILETIKK,length1,39
-2,1431337,1431265,72,MAICKSSYYRSFFPSRIRWIYGFR,length1,72
-2,1431232,1431208,24,MGISYFRR,length1,24
-2,1430320,1428178,2142,MRFSKLSLAIATTLVTANVLAQSTELDSINVIATRDPSKFAYTPEKQSKDSLLSKQATSVAAALEDIPNVDIRGGSRSIAQKPNIRGLSDNRVVQVIDGVRQNFDLAHRGSYFLPMSLIQEIEVIKGPSSSLWGSGALGGVVAMRTPNALDLLKNNDKFGVKIRQGYQTANNLSERDASVFAANDKFDVLISAFYNNADNLRIGKGNKLNNTAYKQFGGLAKFGWQINDANRVELSHRETRFKQTAPSNNEVENELTNEQIKKQIGEFHGSNNSLPQRKPSASETSAFYSKVKTRFGSVSYLSDQQIPDQSTVFNYYLTPDNPYLNTHIALYNNKTIEKEQRKVSGVKDQTKLTTRGINLRNSSELSHISFVYGVDYMRDKISTERGTNSSDAQFRAEPYNANSNTTGVYLIAHIPLFGEKLLLSPSVRYDHYDTSSKTVKYKDKHLSPATKLTWKVTNWLDFSAKYNEAFRAPSMQERFVSGSHFGANILGKDEINRFVANPNLRPETAKNKEITANLHFDSLFKQGDKFKIEATYFRNDVKDLINLKIFNNPNAPNANGALLPTNSQYQNIANARLSGIELQAQYQTERLTLFTNYGSTKGRDKDSGEALSNIAASKIGVGADYALVKDKFTVGATVTHYAAQHRVPKDHAVTYPSYILTDLRATYAPLKGEWKNLRLDFALENLFDRKYQPAFSLMEGTGRNAKISAVYSF,length1,2142
-2,1428094,1426402,1692,MKMRPRYFVIASAVSLGFVLSKSVMALVPNAGSLNRELEQRQIQPEAKPSGELFNQAAKSPYTAQYKQELKFPLTQVQILDRNNQEVAADELAHILKNYVGKEVSLSDLSNLANEISEFYRHNNYLVAKAILPPQEIEQGTVKILLLKGNVGEIRLQNHSALSNKFVSRLSNTTVNTSEFILKDELEKFALTINDVPGVNAGLQLSAGKKVGEANLLIKINDAKRFSGYVSVDNQGNKYTGRYRLAAGTKVNNLTGWGDELKLDLLSSNQANLKNARIDYSSLIDGYSTRFGVTANYLHYKLGGNFKSLQSQGHSHNLGAYLLHPTIRTPNFRLSTKVSFNHQNLTDAQQAVTVKQKRKINSLTVGIDGSWNLIKDGTTYFSLSTLFGNLANQTDEKKHNAVENFQPQSHFTVYNYRLSHEQILPKSFAFNIGINGQFADKTLESSQKMLLGGLSGVRGHQAGAASVDEGHLIQTEFKHYLPVFSQSVLVSSLFYDYGLGKYYKNSQFLAKGVKNSVKLQSVGAGLSFSDAGSYAINVSVAKPLDNNINNADKHQFWLSMIKTF,length1,1692
-2,1426393,1426378,15,MLCIN,length1,15
-2,1426375,1426372,3,M,length1,3
-2,1426330,1426261,69,MPLHGIFHKITQLFLGLSLLLQL,length1,69
-2,1426123,1426099,24,MLVKFKGN,length1,24
-2,1426063,1426027,36,MGLLLPKGQKLM,length1,36
-2,1425979,1425925,54,MAMAIAINLPVKQKMVRS,length1,54
-2,1425904,1425760,144,MKGKLRRKISWYLMAMKLSIKRKLTLQMAKYIYPQAIILHLPYYQIAV,length1,144
-2,1425739,1425682,57,MQYGVLLKMKGLLKQRTLR,length1,57
-2,1425679,1425655,24,MQKGVKKH,length1,24
-2,1425634,1425625,9,MVC,length1,9
-2,1425574,1425562,12,MKLS,length1,12
-2,1425559,1425481,78,MIKVILKGIWLVLWLMLPQIRNLKTI,length1,78
-2,1425406,1425349,57,MVTLGVTIVKHTITMSIKH,length1,57
-2,1425316,1425241,75,MKIFVLRILKMKIKIVRVHLYKQMR,length1,75
-2,1425220,1425211,9,MEK,length1,9
-2,1425100,1425064,36,MRIFIQKVVYFL,length1,36
-2,1425049,1425004,45,MRKILNQILPLLTAK,length1,45
-2,1424962,1424893,69,MKATTITNIRKRKDHNAKSLMLR,length1,69
-2,1424866,1424860,6,MM,length1,6
-2,1424785,1424725,60,MGGYPVIEQMVSLGNMNTVC,length1,60
-2,1424659,1424653,6,MI,length1,6
-2,1424530,1424494,36,MDLCIYWQKKLN,length1,36
-2,1424413,1424398,15,MVKCQ,length1,15
-2,1424368,1424320,48,MRKVVYLQLGLMLRCF,length1,48
-2,1424248,1424206,42,MAIQKLQVKTAKRT,length1,42
-2,1424152,1424041,111,MGRWVQLIMMLISPIWHLLLVIQRIPKQPLKMPTSLP,length1,111
-2,1424002,1423999,3,M,length1,3
-2,1423873,1423825,48,MTKLTVCEPATCLLSN,length1,48
-2,1423822,1423783,39,MLRTQAKKSLIQI,length1,39
-2,1423768,1423678,90,MLKNLFLLQFVMQVKVAKNNNSAIKVIILK,length1,90
-2,1423588,1423531,57,MPVRFINSHCCYIILNIHV,length1,57
-2,1423165,1423111,54,MLSILGRITNSFSCWSAK,length1,54
-2,1423006,1422922,84,MAHTTLGRQMCCALEIVSLPWRCLFLIC,length1,84
-2,1422652,1422595,57,MCGGLNLNLLFLLHWYVAY,length1,57
-2,1422031,1421869,162,MDFRRFSIRFCDVVNFADGVLCDLVHKPRSCETFAFNDKSQYASANASIQSYST,length1,162
-2,1420480,1420471,9,MVY,length1,9
-2,1420303,1420300,3,M,length1,3
-2,1419949,1419946,3,M,length1,3
-2,1419607,1418764,843,MDKETQMMLVPQGSIEGYIRAANEYPMLTAEEEKELAERLYYHEDLDAAKKLILSHLRFVIHVARGYSGYGLPQADLIQEGNIGLMKAVKRFNPEVGVRLVSFAVHWIKAEIHEYVLRNWRIVKVATTKAQRKLFFNLRKTKQRLGWFNENEVDMVANELGVSKEDVIEMESRMSGADVGFDLPTDDAETETYSPALYLEDKSSNFAAELENENFESQATEQLGAALQSLDARSQDIIKARWLDDNKATLHDLAAKYNVSAERIRQLETNALKKLKSAVNF,length1,843
-2,1418596,1418461,135,MVKTAVIFIFDISIFLQDFLNLIPRHSGCCPSNCTRTGVPEEVKP,length1,135
-2,1418020,1417981,39,MHLVDIADKNRLE,length1,39
-2,1417390,1417279,111,MLFIMMIKIYFSSFIRQIRHDKHAFLANGYCIEDLVR,length1,111
-2,1417054,1417000,54,MGYQLNCRPLRDLSLLCD,length1,54
-2,1416601,1416442,159,MAKWLAFCSALHLNHSTIFHHHNIHIGFRCRIFHIFQITNSLTINNPYRNCRN,length1,159
-2,1416181,1416175,6,MC,length1,6
-2,1416037,1415953,84,MLGVVTGNFNLAGLIIFSIIWTHNYSLI,length1,84
-2,1415941,1415938,3,M,length1,3
-2,1415692,1415674,18,MRLLSD,length1,18
-2,1415653,1415593,60,MNKINSALNTHKYAISADTD,length1,60
-2,1415470,1415467,3,M,length1,3
-2,1415395,1415338,57,MFFRCGFIKGFKLFKEVAA,length1,57
-2,1415236,1415200,36,MPFKMFSHIFWR,length1,36
-2,1415185,1415167,18,MLIQPL,length1,18
-2,1415071,1415059,12,MSPA,length1,12
-2,1414984,1414900,84,MSFREFLTIIAINHRNVCIGWNWGTNRF,length1,84
-2,1414867,1414657,210,MIFATYNMCDTHVPVIYNYTEVISWRTVCAANNKIIKLTVADFNTATYGIIKYYRAFSWIFKTYNMGFIR,length1,210
-2,1414654,1414639,15,MVVIV,length1,15
-2,1414591,1414576,15,MTKFF,length1,15
-2,1414471,1414453,18,MLPRKI,length1,18
-2,1414357,1414345,12,MFCV,length1,12
-2,1414309,1414306,3,M,length1,3
-2,1414075,1414048,27,MPTHNIKGD,length1,27
-2,1413958,1413817,141,MLLSLTKRAISSVGRAPPLQGGGHWFETGIAHHFSKVSFPLKLSLYI,length1,141
-2,1413139,1413106,33,MRFLVLMMPSL,length1,33
-2,1412992,1412971,21,MMVVMCF,length1,21
-2,1412920,1412890,30,MAIAKILLKK,length1,30
-2,1412746,1412671,75,MIQYLLRRCVYILLLVRRGNQNLLF,length1,75
-2,1412521,1412485,36,MRNLLMIISVLI,length1,36
-2,1412359,1412356,3,M,length1,3
-2,1412335,1412329,6,MY,length1,6
-2,1412314,1412260,54,MVHTNWEWKIHLIFKCLI,length1,54
-2,1412233,1412206,27,MTILNVLSH,length1,27
-2,1412203,1412185,18,MMRLKE,length1,18
-2,1412170,1412146,24,MNVKSLLF,length1,24
-2,1412110,1412065,45,MLSHRRKGIMHNLIM,length1,45
-2,1411972,1411969,3,M,length1,3
-2,1411951,1411939,12,MMNL,length1,12
-2,1411906,1411897,9,MAN,length1,9
-2,1411867,1411708,159,MIIAIIYTKHWRLPDNFLRSSIIARSARQFHPRLKLIAHQLAPQANLFESTIT,length1,159
-2,1411639,1411621,18,MLVYQE,length1,18
-2,1411600,1411579,21,MHRKLNV,length1,21
-2,1411483,1411450,33,MINVPIAQTLF,length1,33
-2,1411327,1411309,18,MFGRCY,length1,18
-2,1411201,1411189,12,MVQN,length1,12
-2,1411072,1411054,18,MRQLLD,length1,18
-2,1411003,1410994,9,MKS,length1,9
-2,1410976,1410925,51,MFKFFTRITDTRLFHCR,length1,51
-2,1410859,1410778,81,MDLLTLFALKNRFKFHRTLSFCKAFCF,length1,81
-2,1410598,1410529,69,MKFATTICVMMTRLTWTIFRKCG,length1,69
-2,1410190,1410175,15,MVEPI,length1,15
-2,1409638,1408861,777,MIIRRFIMSDVFHLNLTKAQLKGATLAIVPGDPARSERIAKQLDNPEFLASTREFTSWLGYVNGQPIVVCSTGIGGPSTSICVEELAQLGVRTFLRIGTTGAIQPHINVGDVLITTASVRLDGASCHFAPLEYPAVANFECTTALYNAAKAKGIEPYVGITASSDTFYPGQERYDTYSGKVYRDYQGLLKQWQDLNVMNYEMESSTLFTMCSALGLRAGMVAGVIVNRTQQEIPNEATIKQTEEKAVSVVIAAAQALLS,length1,777
-2,1408201,1408141,60,MALINNKPVKVFAGIPKPSA,length1,60
-2,1408081,1408078,3,M,length1,3
-2,1408039,1407841,198,MIIGFKCLVNTTLTGAFNFLPFCSASTNTWLSCKVKRTYKPTATNKMEETNGIRHAHSTSALCPSK,length1,198
-2,1407196,1407193,3,M,length1,3
-2,1407187,1407163,24,MPSTGNCH,length1,24
-2,1407124,1407082,42,MISFATKIKKWQRT,length1,42
-2,1406956,1406923,33,MRKHRLLIPII,length1,33
-2,1406488,1406479,9,MAD,length1,9
-2,1406305,1406248,57,MSVFKIEHCRNLRKIAIMR,length1,57
-2,1405783,1405738,45,MRTQPMMCFSIKSCQ,length1,45
-2,1405735,1405720,15,MMVRI,length1,15
-2,1405423,1405402,21,MIPIFMH,length1,21
-2,1405321,1405213,108,MGIYSLISCIIKWLGKWHINMNNATLLFLLEGSLFK,length1,108
-2,1404916,1404898,18,MRITSD,length1,18
-2,1404649,1404619,30,MPAPANTRIR,length1,30
-2,1403266,1403227,39,MTFVGQCIKKHYA,length1,39
-2,1403155,1403146,9,MKF,length1,9
-2,1403023,1402903,120,MMCILVTAYLSLSQWQCKHYLMMAMKSSCRCLIIRFGLQR,length1,120
-2,1402864,1402855,9,MKK,length1,9
-2,1402834,1402816,18,MILKRK,length1,18
-2,1402813,1402705,108,MLKLKPLLSSTRITQRVLYIAKNYYKKLWKSLAKII,length1,108
-2,1402663,1402618,45,MAQCIITLPHLLLIY,length1,45
-2,1402603,1402555,48,MGYQKLIELQVSAKVG,length1,48
-2,1402531,1402333,198,MRKVILRDWICWHQCVYVPTYQCNMQFKPHLVAIKVLMNLFYRAADYLSNAIKPTISSLKFQALLA,length1,198
-2,1402294,1402291,3,M,length1,3
-2,1402267,1402156,111,MKKWCWIYSAKKKYYLCTVKDLIGIRQITSVLLLFLM,length1,111
-2,1401874,1401796,78,MVYRFNSCFNLYLVLYDNLRINDPRS,length1,78
-2,1401547,1401418,129,MAFNQSSGSFHNRVNCRDGGCFFPFYYWFIKLCKNSSFIQFRC,length1,129
-2,1401244,1401223,21,MAARCTR,length1,21
-2,1400665,1400662,3,M,length1,3
-2,1400575,1400461,114,MFRDTWRSYLYLFRTLFQSLYLSLLLDWWCGVKPYAMH,length1,114
-2,1400167,1400158,9,MAR,length1,9
-2,1399948,1399864,84,MGRVKYPLCEYRVQYKPASFSRHSLDEH,length1,84
-2,1399843,1399699,144,MRFHFPTSQWKALSRYHYNVSKYLRHFCKDKALGLCFFLLCQNGLHRQ,length1,144
-2,1399288,1399270,18,MVQFPL,length1,18
-2,1399087,1398973,114,MNKIIAMIGPPRDSIKPKILGLIIATPHKVNKKKSAVA,length1,114
-2,1398571,1398490,81,MVSHKVVKKPPVVGNSYNTALFHSGIK,length1,81
-2,1398367,1398337,30,MTRFGDAIPS,length1,30
-2,1398328,1398292,36,MKESTVFVIPLP,length1,36
-2,1397896,1397884,12,MLCQ,length1,12
-2,1397785,1397755,30,MTTPIAYKNK,length1,30
-2,1397638,1397623,15,MPRIL,length1,15
-2,1397338,1397317,21,MPSCFAM,length1,21
-2,1397248,1397113,135,MACKLSFFKVSVSANAPMGSSFMDTATMLAICQISSKFLGKIKPQ,length1,135
-2,1397062,1397056,6,MP,length1,6
-2,1396750,1396687,63,MAAGVANPKAQGQAITSTDTA,length1,63
-2,1396570,1396498,72,MGAFEPCASDNAFIISPSKVWLPS,length1,72
-2,1396363,1396336,27,MPSAAIRSP,length1,27
-2,1396324,1396120,204,MISPILTWSRAISVHFSLRKTVTFFGVSCKSILKLFKLCFLVRSSRNFPRLTKPITITEASKYTCPIA,length1,204
-2,1396099,1396087,12,MKAE,length1,12
-2,1395994,1395931,63,MANQSCTMLANANCQIGGNIK,length1,63
-2,1395868,1395805,63,MINRQGIDVFSSIGNSLACLI,length1,63
-2,1395661,1395622,39,MRLAQDWQVIPPI,length1,39
-2,1395436,1395418,18,MYAFYV,length1,18
-2,1395373,1395325,48,MNAIGTRLAGHPTNLN,length1,48
-2,1395124,1395121,3,M,length1,3
-2,1394992,1394881,111,MTSISCAILTRFSSKVIFDLPSNCTSADCTPSNSVKT,length1,111
-2,1394848,1394803,45,MPFMFNVIVFIFTPC,length1,45
-2,1394785,1394746,39,MRLAQDWQVIPPI,length1,39
-2,1394560,1394542,18,MYAFYV,length1,18
-2,1394497,1394485,12,MVKL,length1,12
-2,1394092,1394047,45,MFNFEWLERISEKCG,length1,45
-2,1393822,1393765,57,MGMDTVIFFTCSLFLPCSA,length1,57
-2,1393597,1393504,93,MLIKARQRRVLVVIYAPFKGCKPTIRIINSY,length1,93
-2,1393483,1392223,1260,MHLTELKNTPVSDLVKLGEEQMGLENLARLRKQDIVFAILKQHAKSGEDIFGGGVLEILPDGFGFLRSADSSYLAGPDDIYVSPSQIRRFNLQTGDKIEGKIRPPKEGERYFALLKVDQVNDDKPEVSRSKILFENLTPLHANSRLRMERGNGSTEDLTARILDLASPIGKGQRGLIVAPPKAGKTMLLQNIAQSITHNYPDVELIVLLIDERPEEVTEMQRSVKGEVIASTFDEPATRHVQVAEMVIEKAKRSVEHKKDVVILLDSITRLARAYNTVTPASGKILSGGVDANALHRPKRFFGAARNVEEGGSLTIIATALVDTGSKMDEVIFEEFKGTGNMELHLSRKIAERRVFPAIDFKRSGTRKEDLLTTSDELQKMWILRKILNPMDEVDAMEFLIDKLMMAKTNEEFFEVMKRS,length1,1260
-2,1392181,1392166,15,MFSPF,length1,15
-2,1392139,1392079,60,MMTADKFIKGAKGKNSFFFL,length1,60
-2,1391887,1391794,93,MLSDNVSNEKLLSVPNNPRVSNHKQGVVEIS,length1,93
-2,1391509,1391482,27,MPPNKNIVK,length1,27
-2,1391389,1391350,39,MVLAFVRVSQFDD,length1,39
-2,1390792,1390741,51,MRVSIIEKFPIPLRDIT,length1,51
-2,1390582,1390534,48,MLSQIQWIEAVVQAIC,length1,48
-2,1390462,1390447,15,MSLID,length1,15
-2,1390297,1390264,33,MRYYLDNKRVF,length1,33
-2,1390141,1390138,3,M,length1,3
-2,1390099,1390078,21,MAITRIY,length1,21
-2,1390000,1389976,24,MLLNTELL,length1,24
-2,1389943,1389940,3,M,length1,3
-2,1389922,1389901,21,MSRLSGT,length1,21
-2,1389727,1389709,18,MFIRRI,length1,18
-2,1389517,1389508,9,MGW,length1,9
-2,1389292,1389268,24,MNIRGIFL,length1,24
-2,1389205,1389136,69,MGFLMLIEFNLFFHLHLARSKLL,length1,69
-2,1388890,1388884,6,MK,length1,6
-2,1388719,1388686,33,MPPDCVFTEAT,length1,33
-2,1388389,1388380,9,MAL,length1,9
-2,1388236,1388200,36,MNAQIYKIFHFW,length1,36
-2,1388155,1388128,27,MWMIFFKGN,length1,27
-2,1388053,1387879,174,MGESRNMSILMIALGTQAYRIFKDEKNVMILPLELSWRGVMNSLLPTLNIFHCKNLPM,length1,174
-2,1387702,1387687,15,MRSLF,length1,15
-2,1387552,1387480,72,MVKRSFVNKTILKIVFFYRTLLHF,length1,72
-2,1387477,1387474,3,M,length1,3
-2,1387342,1387327,15,MLSTI,length1,15
-2,1387222,1387162,60,MCGYFLLIFLFSRFAIFSKI,length1,60
-2,1386106,1386004,102,MFLYSVYFMSLKILKNPPHFYPLSCGRWDFSALE,length1,102
-2,1385992,1385959,33,MSAFINLVVRL,length1,33
-2,1385752,1385728,24,MALPLFLA,length1,24
-2,1385629,1385617,12,MLCY,length1,12
-2,1385386,1385359,27,MRLRHFLRD,length1,27
-2,1385185,1385176,9,MFR,length1,9
-2,1385053,1385017,36,MKLFSASKCDKI,length1,36
-2,1384981,1384915,66,MMRGLEILLDLGNIYRWQECAL,length1,66
-2,1384858,1384840,18,MRKVRY,length1,18
-2,1384741,1384705,36,MLCLYCFYSCTV,length1,36
-2,1384618,1383883,735,MRIPRIYHPISLENQTQYLLSEDAANHVARVLRMTEGEQLELFDGSNHIYPAKIIESNKKSVKVEILGRELADKESHLKIHLGQVISRGERMEFTIQKSVELGVNVITPLWSERCGVKLDAERMDRKIQQWQKIAIAACEQCGRNSVPEIRPLMKLQDWCAENDGALKLNLHPRAHYSIKTLPTIPSEGVRLLIGSEGGLSAQEIAQTEQQGFTEILLGKRVLRTETASLAAISALQICFGDLGE,length1,735
-2,1383796,1383772,24,MNRVQWVW,length1,24
-2,1383706,1383577,129,MTALLVMKWWLRVGLCIQKEGLFYIRIRLMLFNILTKSQRNFQ,length1,129
-2,1383562,1383547,15,MWWKR,length1,15
-2,1383457,1383346,111,MRGWWCHLTIKFYLICPMKIVMLQPISYLVFILIILR,length1,111
-2,1383184,1383094,90,MFERMETRCCHCWSSFKYGRNRTRSHSTCS,length1,90
-2,1382872,1382542,330,MIKARFYNLAFSPPNSSNKFSVSLAKIPVISTKSASKRCAKSSFRISSFFSRTVSANFKRLIVQSSLKTKVKVSSHSKANLLTTFLPSCRRARISSFSKGCFLQRITLSS,length1,330
-2,1382089,1382005,84,MGLTSQIYFDLEHRRDGIDNLLVEFVVV,length1,84
-2,1381918,1381858,60,MYNFIIKSIIYLLQNTIYNS,length1,60
-2,1381744,1381732,12,MSYG,length1,12
-2,1381399,1381378,21,METKKSF,length1,21
-2,1381348,1381306,42,MENARKICISIFRR,length1,42
-2,1381153,1381129,24,MHQCIKGF,length1,24
-2,1380970,1380964,6,ME,length1,6
-2,1380940,1380925,15,MEYPC,length1,15
-2,1380547,1380286,261,MYEKKYLKIKGINTDSLYLPNLSSITLPFLSVALFHYLFALLACSTNLLFLPIIADNVITIILAFQSQSIEISHCLPEMTNQNENSH,length1,261
-2,1380151,1380088,63,MTYSFFQPFLLVTNALFHVVF,length1,63
-2,1379905,1379566,339,MKALSIVALIFAAISIFIPVIGLYIAILCSLLALISFYSQPTLSGITIGINILSTIFLSPSLALQAGMAEGNASGGGSQILGFYIGIHVICLVAGFLLIILRKIFSKKKTITK,length1,339
-2,1379551,1379533,18,MRIKYD,length1,18
-2,1379431,1379425,6,MW,length1,6
-2,1379383,1379353,30,MYDHWAFKNI,length1,30
-2,1379341,1379329,12,MYYS,length1,12
-2,1379302,1379299,3,M,length1,3
-2,1379029,1378840,189,MIKKFPNFKPHSDTETEELISLLFRKLDIDELIFLLHVLQRDICAKYTLTKIIKKNINLKLDS,length1,189
-2,1378789,1378639,150,MKIQDNVGYYFTIQDLQDRLRVSRSTILRLIESKKLISIKFGRQVRIPES,length1,150
-2,1378468,1378381,87,MLFSHIYFLSHFLISPIRILLPNDSMNLH,length1,87
-2,1378243,1378201,42,MIQKIFPRSNEMNF,length1,42
-2,1378177,1378117,60,MVMVDYDSDLITLMKIINTD,length1,60
-2,1377922,1377892,30,MFSKNLSLDF,length1,30
-2,1377607,1377595,12,MQHL,length1,12
-2,1377517,1377481,36,MYMLIPYLPRDI,length1,36
-2,1377043,1377031,12,MKED,length1,12
-2,1376812,1376707,105,MIQMKKKEHFLPILAWQLQKIMWKVQSKLRLCCLR,length1,105
-2,1376686,1376671,15,MFVCH,length1,15
-2,1376437,1376374,63,MMKLKCTQSPLLQEVAQPISF,length1,63
-2,1376329,1376308,21,MKKQHVN,length1,21
-2,1376230,1376194,36,MLPRKVALLRQR,length1,36
-2,1376014,1375912,102,MVKITTIWGGNDWFGYRQCLYFPICGRIIFFIAD,length1,102
-2,1373380,1373278,102,MVSRSSPIAAARLSSPTGPPSKRSITADNNFLSK,length1,102
-2,1372933,1372891,42,MERAAGPSPIIISN,length1,42
-2,1372624,1372582,42,MKISICSRTCGCPT,length1,42
-2,1372306,1372243,63,MRTFYKEITLFYAFKFTFEFN,length1,63
-2,1372018,1372009,9,MGE,length1,9
-2,1371574,1371412,162,MPTTVCFTKRAAYSKTGKSLFTAATIAVPRACPSFNAESAFFAINTCSIANILG,length1,162
-2,1371400,1371379,21,MISVTPA,length1,21
-2,1371376,1371343,33,MRFKRVGKSST,length1,33
-2,1371241,1371214,27,MLIISIKNR,length1,27
-2,1370458,1370347,111,MTCHFISFYLSLRIYFLIASALLEDFVIWIACSGETH,length1,111
-2,1370218,1370032,186,MLSLQSKSAVEFSEISNRTSSHSSRIAVFFGVSPLSMVPVTDCQKSGSSWRWSIKTRFVFLA,length1,186
-2,1369819,1369618,201,MFSVPVKSMVKRSKPNAKPACGGVPNFNASNKKPNFSRCCSSSIPRIRNTVCCIFGSKIRTEPPPTS,length1,201
-2,1369609,1369597,12,MTIS,length1,12
-2,1369468,1369207,261,MTQSGCHSSKRVKPRSQPNFKRNAPIASVVVCHLSAPKNKISPVCAFTRSANAFHTSSFKNFAIGLCTPSRPALISFTFAQAKPFAP,length1,261
-2,1369204,1368868,336,MPTNCVYSSICLRVISAPFGTRMTATRPFGLFAGSLNTLNSTSLTISATSTISNGLRKSGLSEPKRRIASCQVITGNLPKSTPMVSSHKSCTIRSIISRTSGAVRKEVSTSI,length1,336
-2,1368478,1368385,93,MRNSFANTSTSPVAIFLLIWFSGRAITSPLI,length1,93
-2,1368307,1368250,57,MPSRSRISIKIKPPKSRRR,length1,57
-2,1368088,1367968,120,MLTNQSKKQRKVINVQNKGFFVPYHQIFCYIMRLVEIKLR,length1,120
-2,1367206,1367200,6,MI,length1,6
-2,1367014,1366927,87,MPQWSFSTSPCNFYRLKIAWHCSRRFMKD,length1,87
-2,1366918,1366909,9,MAY,length1,9
-2,1366825,1366810,15,MVIAN,length1,15
-2,1366777,1366774,3,M,length1,3
-2,1366615,1366588,27,MISIYLLNK,length1,27
-2,1366333,1365931,402,MIYMLDTNIIIYLMKNRPKIIAERVSQLLPNDRLVMSFITYAELIKGAFGSQNYEQSIRAIELLTERVNVLYPNEQICLHYGKWANTLKKQGRPIGNNDLWIACHALSLNAVLITHNVKEFQRITDLQWQDWTK,length1,402
-2,1365862,1365457,405,MQILHTMLRVGDLDRSIKFYQDVLGMRLLRTSENPEYKYTLAFLGYEDGESAAEIELTYNWGVDKYEHGTAYGHIAIGVDDIYATCEAVRASGGNVTREAGPVKGGSTVIAFVEDPDGYKIEFIENKSTKSGLGN,length1,405
-2,1365202,1365178,24,MPFSYQAF,length1,24
-2,1364617,1364575,42,MNIIRRHHHHHSTE,length1,42
-2,1364191,1364137,54,MQYLERSPLLFLNQELLI,length1,54
-2,1363801,1363798,3,M,length1,3
-2,1363693,1363618,75,MLKRQQLKILKLTLLILNQNKLLQV,length1,75
-2,1363426,1363423,3,M,length1,3
-2,1363417,1363402,15,MPPLA,length1,15
-2,1363183,1363153,30,MQVRPHQTQH,length1,30
-2,1363126,1362895,231,MANTITFGILLYLPLFTIIFHYWYSAGLQQCTFNDYNPPLGGFFYDCSTTYPTLRSKSSTTLSSSFIQTRRKNLRQI,length1,231
-2,1362754,1362706,48,MFRSFGSFSSQKYSSN,length1,48
-2,1362490,1362448,42,MPRCNRSFRRIFGV,length1,42
-2,1362409,1362376,33,MIRNKKLILPN,length1,33
-2,1362124,1361956,168,MNFSAFYYYNISQKLTALLSSKQLFYARDVFARAGINSDNFADLDEKRHFYNCACA,length1,168
-2,1361470,1361422,48,MRDGLKSAYFTPRTRH,length1,48
-2,1360327,1359043,1284,MDKNQQSSQNELDLGLNQEPITPKKTIQPSSSILGKAKGLFAKKNHVQTNFQQRKEPTFGDSSTQENDPLIPSENLKKVQKPVLQTSSTEENISAVDEEISAENNADEPVEKAEKPILAQPEKWKILQVLPAKHRRLFMAIFVLVILLIIFFALKPSSDTVESFTQSNSNEVPVQFQSLDQSQPLETTILDNPPAQNQMAVEQANQSEFAPKAEEAANNTTAQNPLVENAPMQQNVVQSPSQMPNEMAAASVMPMQPAQAEQPKATVPVQPMKKAVEPQVAHKDTVKKEVKVAENAQAPSKATEQNVAKTAGNAPIVEAKPVQVKKEKKVQIVDAKPVSKSAASRLSAKTLTVPKGVSLMQVFRDNQLNISDVNAMSKAAGAGNVLSSFKSGDKVTVSVNNQGRVNEMRLSNGARFVRQSDGSYQYKK,length1,1284
-2,1358836,1358827,9,MSR,length1,9
-2,1358617,1358599,18,MCLTNK,length1,18
-2,1358155,1357867,288,MLGYGVDFLHCAGSGEPVDFSMTYRYREEKGFVASLVKDNLTFYGRDLLAFEALDFSDDAVRQAAKRFTRIALKPYLGDKPLKSRELFTQNILLLK,length1,288
-2,1357828,1357795,33,MFKPLRLIFLI,length1,33
-2,1357762,1357654,108,MVKLGLLKMRFRTKKWNVVFWKINANMGMLRQKNGE,length1,108
-2,1357480,1357450,30,MLGRIVVVCV,length1,30
-2,1357252,1357165,87,MASQCCYVTRKTLRKLTALYCSNLLNKKN,length1,87
-2,1357123,1357087,36,MAMRLIINFLMA,length1,36
-2,1357036,1357027,9,MNV,length1,9
-2,1356868,1356730,138,MPQETKSKILNFSKPILTNPLLNNLGLISRSIKFCLILHAVAQLSR,length1,138
-2,1356727,1356712,15,MLCAS,length1,15
-2,1356691,1356667,24,MCLVILQH,length1,24
-2,1356658,1356610,48,MRKFYVILATRLKKVR,length1,48
-2,1356415,1356346,69,MVHWLKTSRTNRKKFDRCVVLRT,length1,69
-2,1355935,1355842,93,MFLYLCPSCQSSWNWSAEMGVRGLLLPLSPS,length1,93
-2,1354225,1353871,354,MYKTTGLTHLINSTKYSLQGLKSAFKNEMAFRHECFLACILIPLTFFLGETKIEIILMISSVLLVMALELLNSAVEAVVDRIGTERHELSGRAKDQGSASVFIALCIVGIVWGGILFF,length1,354
-2,1353148,1353109,39,MCEKVFQILVFQV,length1,39
-2,1352992,1352845,147,MNLWINVLKRLLKRHKQAKSVTAKFLFITLSERSAFARAKKTRMRFSAK,length1,147
-2,1351936,1351762,174,MAAWNSGNATVCSFDDGIKNCLGVQSQYSEICLSIRRCRRFQIDFRDKSAVNFHRIFL,length1,174
-2,1351654,1351645,9,MLQ,length1,9
-2,1351510,1351489,21,MSSLCFE,length1,21
-2,1351453,1351447,6,MA,length1,6
-2,1351384,1351363,21,MIRIMCL,length1,21
-2,1351216,1351150,66,MMSFREHLCANQNLAFALLNIF,length1,66
-2,1351087,1351078,9,MRK,length1,9
-2,1351024,1350850,174,MGRTAIATLARNSFLCATMMTTQYILMLMIGIRFFTMRALCDPTTFMAKQYGCKATTI,length1,174
-2,1350817,1350787,30,MGFHSFQQGF,length1,30
-2,1350742,1350709,33,MTKCGRIPRSF,length1,33
-2,1350697,1350658,39,MLVFAVLYIINTF,length1,39
-2,1350583,1350415,168,MVTPTVLLFVRRILFFVQNNCTKIRKLREQCRSRANHNGTLSRAGAIPYIKPLRIG,length1,168
-2,1350406,1350346,60,MQYINFYVETCFETLHRLRC,length1,60
-2,1350217,1350193,24,MKEQLAKR,length1,24
-2,1349815,1349776,39,MKPIPINGRKNWG,length1,39
-2,1349488,1348750,738,MTQTFADQKRKTVETAEFTEDGRYKRKIRSFVLRTGRLSEFQRNMMNDNWGTLGLDYQTEPFDFAKIYGNDNPVVLEIGFGMGKSLVDMAFANPDKNYLGIEVHTPGVGACIAYAVEKGVTNLRVICHDATEILRDSIADGALGGLQLFFPDPWHKAKHHKRRIVQPHFVTQVIQKLSENGFIHMATDWENYAEQMLEVLSANTDLANTSKNGDYIPRPDFRPLTKFEARGHKLGHGVWDLYFVKK,length1,738
-2,1348663,1348321,342,MSKSYNQRQRKKLHLAEFQELGFLVNFQFVEGTAIETVDEIVDRFINEVIQPNGLAYEGSGYLHWEGLVCLEKIGKCDESHRETVKKWLETNGLQQIEVSELFDIWWEYPAKAK,length1,342
-2,1347973,1347940,33,MYALWRLSFCL,length1,33
-2,1347877,1347844,33,MHFLWEMCRCL,length1,33
-2,1347754,1347736,18,MPNLPR,length1,18
-2,1347562,1347535,27,MRGIGTLLD,length1,27
-2,1347451,1347424,27,MKSLGNLWW,length1,27
-2,1347352,1347175,177,MYRWCITSKMNKINNFKIKRLTWGKRDEFKSSRLYESQCGYGSRNGSGTNHPSQKCGCG,length1,177
-2,1347160,1347154,6,MG,length1,6
-2,1347145,1347103,42,MSFLWYWLCSISWY,length1,42
-2,1345852,1345840,12,MANV,length1,12
-2,1345603,1345564,39,MAINGVCKILHDG,length1,39
-2,1345279,1345267,12,MALP,length1,12
-2,1345138,1345114,24,MVINRSCS,length1,24
-2,1345042,1344994,48,MDAPIRCTSTWFTSWR,length1,48
-2,1344820,1344781,39,MCGKSGKGCVKTM,length1,39
-2,1344505,1344484,21,MCSSLSL,length1,21
-2,1344139,1344127,12,MWKM,length1,12
-2,1343896,1343035,861,MANAPKFAGKEAREKWGWWYANRFLFWRRLSQLSILAMFLSGPYFGVWILKGNYSGSLLLDTIPLSDPLITAESLAARHLPDALTLIGAAVIVLFYAVLGSKVFCGWVCPLNVVTDCAAWLRRKLGIRQTAKISRSLRYGILVLILLGSSVSGMLLWEWVNPVAALGRAFVFGFGATGWLLLVIFLFDLLIAEHGWCGHLCPIGAAYGVIGAKSLIRIKVIDRAKCDNCMDCYNVCPEAQVLRSPLHGKKDESLLVLSKDCISCGRCIDVCAEKVFKFSTRFDHSGE,length1,861
-2,1342954,1342930,24,MHQQWEKI,length1,24
-2,1342855,1342852,3,M,length1,3
-2,1342798,1342795,3,M,length1,3
-2,1342708,1342699,9,MEK,length1,9
-2,1342618,1342603,15,MILNR,length1,15
-2,1342528,1342522,6,MV,length1,6
-2,1342177,1342159,18,MGAYES,length1,18
-2,1342144,1342138,6,MS,length1,6
-2,1341694,1341688,6,MG,length1,6
-2,1341316,1341310,6,ML,length1,6
-2,1340767,1340764,3,M,length1,3
-2,1340683,1340674,9,MHD,length1,9
-2,1340446,1340413,33,MESKTLDRTAD,length1,33
-2,1340071,1339945,126,MPLVKAASSYDDALKNSGNNDPIMVPTKILTHKATSHPLLHQ,length1,126
-2,1339882,1339867,15,MANQN,length1,15
-2,1339708,1339552,156,MFSILLPKKEKQILENINLYTLLDYFSASSTCLASFFQDHVLPPNQALLPLN,length1,156
-2,1339498,1339489,9,MQL,length1,9
-2,1339096,1339051,45,MYHKGWLYRRPHNPL,length1,45
-2,1339012,1339006,6,MN,length1,6
-2,1338751,1338643,108,MNCKDYLIPPPLCQHLIILQLCENRYNQRHPSLKWP,length1,108
-2,1337596,1337581,15,MTDFD,length1,15
-2,1336966,1336900,66,MGELIGQFRRGKIDTFATTGGH,length1,66
-2,1336375,1335595,780,MGVAATIIAGIRGRTMKIRLLKPLLIVGVLLMIWQMVATLGSFPHYIFPSPQAVGQQLFTHAELLWQHTQVTLLEICLGLLLGFLFGLISALLLSFSRQISAVLLPILVISQAIPVFAIAPLLVLWFGYGMASKIVMSVLIIYFPVTAACYDGLRNTPQAWLDLAKTFNISPLRLLLKVRLPAALPAFASGLRIAVSVAPIGAVVGEWVGSSEGLGYLMIHANARMQVDLMFAALLILVSISLCLYFSIDWLLHRFIWSV,length1,780
-2,1335571,1334629,942,MKIIIRYFSFVIGLMLTLPSFAKEKISVMLDWYVNPDHAAIIVAQQKGFFEKNNLEVEIIEPADPALPPKLAAAEKVDLAVSYQPQLYQQVAEGLPLVRVGSLISNPLNSVVVLKKSNLKTLADLKGKKVGYSVSGFEDGLLDTMLHSIGLSNKDVELVNVNWSLSPSLLTGQVDAVIGAFRNFELNQLALEKQEGIAFFPEQYGVPAYDELILVANKNSVTDKKTSAFLTALEQATSYLQAHPNEAWQAFVSYKPNELNTPLNQLAWKDTLPFLANKPRQLDAKRYQQMAEFMQQKGLIPKALALKEYAVEIE,length1,942
-2,1334617,1333972,645,MIEQLIQQAQPYWQQYIEHEFVQQLAKGTLPKACFQHYLKQDYLYLFHYSRAFALGVFKAKNFAEMEIPRQTLEVICQEVQLHLDYCREWGISEQEIFTTQESAACIAYTRYLLDCGMMGSLAELYAAVTPCALGYAQVARYITQHYPRLPNNPYQTWIDTYASEEFQQAAQETVDFLTALCNPLNPSQLAEIQQIFTTATRMEIAFWQMGLDLA,length1,645
-2,1333780,1333756,24,MIAQYYAN,length1,24
-2,1333585,1333582,3,M,length1,3
-2,1333450,1333411,39,MTYTQHITKQNMG,length1,39
-2,1333408,1333249,159,MLFCLNFGKHNKTNGKHSRKYNAHCGIFFYTAIFFQISHTKRTKNTREKCTNG,length1,159
-2,1332982,1332931,51,MFAMSQSHRLWHHLNNS,length1,51
-2,1332847,1332829,18,MLSHLG,length1,18
-2,1332760,1332757,3,M,length1,3
-2,1332733,1332715,18,MEKDRL,length1,18
-2,1332526,1332511,15,MQRKY,length1,15
-2,1332421,1332325,96,MHQVRKATQKHRQLQHRVRQNGKVHHQLETSL,length1,96
-2,1332313,1332259,54,MKTKKHKCHPLRYSKSSP,length1,54
-2,1331437,1331395,42,MWTCHFHSRQLTHK,length1,42
-2,1331308,1331263,45,MSRKSPLFSESFNNS,length1,45
-2,1330405,1330372,33,MSLFKKDRLNA,length1,33
-2,1330162,1330084,78,MTEQTKTTDQEKVTIEQPAHQLKNAR,length1,78
-2,1330057,1330015,42,MFMNIILIISELAY,length1,42
-2,1329943,1329910,33,MPCSRIFLICF,length1,33
-2,1329655,1329637,18,MNIWRA,length1,18
-2,1328785,1328761,24,MDLSFWRR,length1,24
-2,1328644,1328614,30,MGNASGRAAS,length1,30
-2,1328470,1328458,12,MASL,length1,12
-2,1327729,1327681,48,MFSYKLKHIKYFDCPC,length1,48
-2,1327333,1327330,3,M,length1,3
-2,1327057,1326148,909,MNPTTEQVLSPGEIFRQTREALNLSLEDVAKEITLRPSILEQLENNEFIQKSTPSIFVKGYVRSYAKFLRLPDSVWENIVFAETEKNDLGKNARSTRAVNQYSSHNRWIGRLTAIVFVMVIGMTGLWWWQSYQQNTQERDDLVQSYVASTENNQPTTALVTTEETNKSAPETAAPVSQPVEITNNLLPEIAQENSVSQPKNDEKSVSDIQSAVENPSISPTLPIAKGDLVIEILANSSWISVKDNARHVLAQKEYKQGEILTFNGNEFSLIVGAPSNVRITYKGENYPLKVDGRVAKFKLSQP,length1,909
-2,1326088,1326037,51,MWEMYQLVGMHRLPCNQ,length1,51
-2,1326016,1325983,33,MWKRQLLKLNH,length1,33
-2,1325935,1325899,36,MLRKHLNKLNNK,length1,36
-2,1325896,1325884,12,MSRS,length1,12
-2,1325836,1325728,108,MEWIVYVSILATLVVKIASVPLLIVRKTKIFRFVLV,length1,108
-2,1325725,1325713,12,MQAL,length1,12
-2,1325689,1325662,27,MANQRQKPC,length1,27
-2,1325644,1325641,3,M,length1,3
-2,1325584,1325575,9,MYS,length1,9
-2,1325299,1325296,3,M,length1,3
-2,1325281,1325275,6,MR,length1,6
-2,1325239,1325218,21,MYLLSVV,length1,21
-2,1325212,1325176,36,MVLARHSSPISA,length1,36
-2,1324930,1324924,6,MY,length1,6
-2,1324915,1324885,30,MAIRKCVCQL,length1,30
-2,1324840,1324792,48,MLSQKKCTPFGITMNN,length1,48
-2,1324723,1324642,81,MNNAYGISGQCSVTNVHKKGVTVNSIK,length1,81
-2,1324603,1324594,9,MPN,length1,9
-2,1324546,1324513,33,MLHFNLTQLVL,length1,33
-2,1324444,1324426,18,MKKKSV,length1,18
-2,1324336,1324294,42,MMKAVRILNNYVHY,length1,42
-2,1324291,1324243,48,MLLVFNMKLILNSFVV,length1,48
-2,1324162,1324153,9,MTV,length1,9
-2,1324060,1324000,60,MFLRKVRWIFMLFIKAKAQH,length1,60
-2,1323619,1323550,69,MALLAIAPSRTNRSSFCTIRYFN,length1,69
-2,1322965,1322962,3,M,length1,3
-2,1322479,1322314,165,MSDRFLPVKALLIDAFIRRAANSWVAVSKALIPCAIASRSEPCFTSINCFNTVSI,length1,165
-2,1321822,1321747,75,MPKESGTTSSNNISESVLFPTKISA,length1,75
-2,1321237,1321210,27,MPSCPLSNP,length1,27
-2,1321051,1321048,3,M,length1,3
-2,1319791,1319722,69,MLSPIVEISNSQKVRSIMIEFLV,length1,69
-2,1319698,1319578,120,MLFHLAGFQHLLIVRAIVIVALKTPHLACFFVQDLTAHQY,length1,120
-2,1319113,1319026,87,MFSHLNVIQYLYHDYPKRLSLAELLFLLM,length1,87
-2,1318993,1318921,72,MRSKLTALFHMISLVLLYNQQLLL,length1,72
-2,1318792,1318786,6,MN,length1,6
-2,1318783,1318753,30,MQSQNHSRKF,length1,30
-2,1318636,1318576,60,MIPHYVDFHNDQLLFRYKPF,length1,60
-2,1318549,1318525,24,MPLSDNGN,length1,24
-2,1318189,1318180,9,MFH,length1,9
-2,1318045,1318036,9,MNR,length1,9
-2,1317997,1317982,15,MNNRL,length1,15
-2,1317919,1317901,18,MARHRH,length1,18
-2,1317838,1317784,54,MENCFICTTKFANSFNIL,length1,54
-2,1317616,1317496,120,MFSFTGNNVFTFSLIEMRRTFNCEVVRFCRTRSKDNFTRI,length1,120
-2,1317427,1317424,3,M,length1,3
-2,1317289,1317262,27,MLNITALFY,length1,27
-2,1317205,1317163,42,MRLTFYITLIYQLC,length1,42
-2,1316893,1316842,51,MLAFRNIRKAYRPAICI,length1,51
-2,1316272,1316185,87,MYFVNDVSEHLFQLPKSNHRRLHQNYRQP,length1,87
-2,1315705,1315687,18,MITHLL,length1,18
-2,1315633,1315567,66,MKTKQNPIKNGSCFSSIRNTKN,length1,66
-2,1315402,1315303,99,MLYSGVPRSSVLPSTNTLAAGVAFKYAACASKI,length1,99
-2,1315285,1315261,24,MSYLSKPK,length1,24
-2,1315069,1315048,21,METKLEI,length1,21
-2,1314904,1314898,6,MY,length1,6
-2,1314721,1314718,3,M,length1,3
-2,1314526,1314412,114,MPLLYVRQNLNPVQQVVIFYFQTIHKPNAGRLETKLET,length1,114
-2,1314169,1314139,30,MHQPYQLIDK,length1,30
-2,1314118,1314010,108,MEPLVQLQLRQFQYSTKPQDLPLLLKLGVEAFETPQ,length1,108
-2,1313935,1313920,15,MARQQ,length1,15
-2,1313863,1313788,75,MHCFQQQVQSQIRSLNVLIISFCYL,length1,75
-2,1312831,1312630,201,MLNLFLIRLRWFFFHNRFWAFLFIRLPFFLLLNTPPFLSSRTSINNHCPYYISFTFSTTHNFNGVIK,length1,201
-2,1312477,1312471,6,MK,length1,6
-2,1311814,1311808,6,MP,length1,6
-2,1311751,1311664,87,MPLWLKMELDFPSFQSHGSSQDSLHALCL,length1,87
-2,1311112,1311001,111,MASVLTTNASCCSSSKVCCVKFNVRKHSVLARSKKCK,length1,111
-2,1310764,1310749,15,MTNHF,length1,15
-2,1310689,1310686,3,M,length1,3
-2,1310605,1310596,9,MFY,length1,9
-2,1310593,1308673,1920,MDYENQIANIFSLNGELSQNIKGFRPRAEQLEMAHAVGKAIQNKSSLVVEAGTGTGKTFAYLAPTLVFGKKTIISTGSKNLQDQLFNRDLPAIKKALNFTGKIALLKGRANYLCLERLDQVIAQGVLGDKSVLAELSKVRKWNNSTKTGDFTECIELAEDSPIIPQLTSTAESCLGTDCPNYSECYVASARKKALNADLVVVNHHLFFADMAVKESGFGELIPNAEVIIFDEAHQLPDIASQYFGQSLTSRQLFDLCKDINIVYRTELKDMQQLGTTSDTLLKVVQDFRLLLGNGSNVRGNWRELYRQSAVKKAFELLQEKIDFLSEVIKLALGRSQTLDSIFERVESIKIQLKRLSETNIVGYCYWYEGNGRQFGLHITPLTVADKFGAQLEAKEAAWIFTSATLEVGGTFNHFCQRLGIENATQKILYSPFNYPEQSLLCVPRYLPNTNQVNTLNSLGEMLLPVIEANKGRCFVLCTSYSMMRGLAEYFRETSHLSILLQGETSKGKLLEQFIKETHSVLVATSSFWEGVDVRGDALSLVIIDKLPFTAPDEPLLKARIEDCRLQGGDPFNDIQIPEAVITLKQGVGRLIRDITDRGVVIICDNRLVMRNYGETFLKSLPNSSRTRDLNKVIQFLQNK,length1,1920
-2,1308658,1307950,708,MQNLTLLALDTSTEACSVALLYRGEKTHINELAQRTHTKRILPMIDEILANSGLGLNQVDALAFGRGPGSFTGVRVGAGIAQGLAFGADLPVIPISNLTAMAQAAFELHQAENVVAAIDARMNEVYFSQVVREKVRSDFGEFFQWREIISEQVCSPEQAINQLQNDNAFRVGTGWAAYSQFTEKNLTGSDIALPNALYMLELAQVEYLQKHTISALEIEPIYLRNEVTWKKLPGRE,length1,708
-2,1307923,1307374,549,MKGKITLFFTALCFGLTGCIAPPKGLEKERFSINSYREISPQDLTCHCKTVRLGGKIVNTTVLANQTKIEVLSLPVSSISAKPFVELQSDGRFIVYFNGFVEPENLKERYITVGGQLAGTEKGKIEQADYTYPVVQADKYRIWTLSTTYDYPTDDWDEDDDWGFFRWRYRPWYVQPEIRYYLN,length1,549
-2,1307266,1307170,96,MNLFWICSTKQRANIQIAPLTLIWGKYLLSVN,length1,96
-2,1307131,1307095,36,MNLNFNVVIAWH,length1,36
-2,1307023,1306993,30,MSILFIHREN,length1,30
-2,1306903,1306843,60,MLNTLFLPEWAINFLLVNVL,length1,60
-2,1306822,1306819,3,M,length1,3
-2,1306738,1306708,30,MFVQKYRVRI,length1,30
-2,1306630,1306561,69,MSSKQNGLQSHLLAIILALVQLF,length1,69
-2,1306393,1306384,9,MRC,length1,9
-2,1306378,1306345,33,MKISKKLIFLR,length1,33
-2,1306255,1306249,6,ME,length1,6
-2,1306210,1306204,6,ML,length1,6
-2,1306195,1306159,36,MALLVCQCQIQI,length1,36
-2,1306144,1306099,45,MMALMQKLAKLANYG,length1,45
-2,1305997,1305973,24,MNHIAYAL,length1,24
-2,1305934,1305898,36,MSIQMKLKMSLC,length1,36
-2,1305811,1305802,9,MIV,length1,9
-2,1305793,1305703,90,MNFATIVVNISLAIKYQKKLSSETNCQKPM,length1,90
-2,1305673,1305628,45,MKRSQNVQNINVKMG,length1,45
-2,1305586,1304446,1140,MIKECQNPPHFRVIADNATLLEVCNLAQQKSAVALDTEFMRVSTYFPKLGLIQLYDGERISLIDPLAITDFSPFIALLANPKVLKILHSCSEDLLVFLQEFDQLPRPMIDTQIMARFIGLGTSAGLAKLAQQYLNVEIDKGATRTNWIKRPLSDIQLQYAAGDVWYLLPLYHILEKELAKTPWEQAVRDDCELALAKTHKLQERDSEKAYLDIPNAWKLNPFELSRLRILAQWRQNVAIERDLALSYIVKSDNLWKVAKNNPRNTSEMLEMGLTENEVRVRGKKILQLLAQARRVSPNDYPKPIERISEDPRYKKTIRLLQEKVNSLTPAGLTPEILASKRTLDELIKWVWKYDCSQDKLPELLIGWRKPIAEKLVDILK,length1,1140
-2,1304200,1304149,51,MNNFVTRINIAHTMNWR,length1,51
-2,1303774,1303771,3,M,length1,3
-2,1303765,1303753,12,MRIA,length1,12
-2,1303729,1303705,24,MIFIRNRN,length1,24
-2,1303447,1303441,6,MV,length1,6
-2,1303354,1303345,9,MNN,length1,9
-2,1303165,1303135,30,MINCQQRSYK,length1,30
-2,1303090,1303042,48,MQYFFVKISWNKRGGK,length1,48
-2,1302916,1302913,3,M,length1,3
-2,1302583,1302568,15,MINND,length1,15
-2,1302469,1302427,42,MSQKCGNFLCVFIR,length1,42
-2,1301995,1301917,78,MDYFQNHLHLRLRYTLLVLTLRSCNS,length1,78
-2,1301503,1301452,51,MRLNVDLALARHPYLVR,length1,51
-2,1301443,1301413,30,MDSLRLQCQL,length1,30
-2,1301140,1301113,27,MTRMPNANT,length1,27
-2,1301056,1301002,54,MPTMSTALFEFRCASRQI,length1,54
-2,1300702,1300696,6,MM,length1,6
-2,1300576,1300561,15,MAKIF,length1,15
-2,1300234,1299022,1212,MTALSSVDFCLPEHITPEIFLRDYWQKKPLVIRNGLPEIVGQFEPQDIIELAQNEDVTARLVKTFSDDDWKVFFSPLSEKDFQQLPEKWSVLVQNLEQWSPELGQLWNKFGFIPQWQRDDIMVSYAPKGGSVGKHYDEYDVFLVQGYGHRRWQVGKWCDASTEFKPNQSIRIFDDMGELVIDEVMNPGDILYIPARMAHYGVAEDDCLTFSFGLRYPNLSNLIDGISKGFCHQDPDLNLSEFDLPLRLSQSEQRTGKLADENIQAMKQLLLDKLANSKAFDTLFKQAVASAVSSRRYELLVSDEMCDPDEVRSILEEDGAFLSQDNNCKLLYTENPLRIYANGEWLDELNIIESEVLKRLSDGESLDWVFLSDLANKTEDPETSMDLLLDSICNWVDDGWALIE,length1,1212
-2,1297864,1297789,75,MRKTGWLKPIKSLGERLFHCGKSAR,length1,75
-2,1297615,1297546,69,MAFCFFVTHFKLSTKSGNLLFFL,length1,69
-2,1297531,1297480,51,MILRTVLEKTDVRNSTF,length1,51
-2,1296970,1296949,21,MDVRGEN,length1,21
-2,1296229,1296181,48,MEWLSSDGNASDLYSI,length1,48
-2,1295380,1295338,42,MRQRFNWRKFLLQV,length1,42
-2,1295326,1295269,57,MQVKRRLQIMLQWWQLTQL,length1,57
-2,1295200,1295191,9,MVM,length1,9
-2,1295125,1295077,48,MLFPVLLCQIFISLRQ,length1,48
-2,1295074,1295047,27,MINSHWVQE,length1,27
-2,1295044,1295029,15,MSISV,length1,15
-2,1295017,1294972,45,MTIVMMLVYLVEKLT,length1,45
-2,1294900,1294828,72,MRFMLKPKLNGMLVLLRIVFRIKQ,length1,72
-2,1294711,1294702,9,MQV,length1,9
-2,1294687,1294666,21,MKVTELV,length1,21
-2,1294459,1294402,57,MVKKRLIKNYNTVITLVLH,length1,57
-2,1294381,1294372,9,MKN,length1,9
-2,1294231,1294222,9,MLT,length1,9
-2,1294126,1294108,18,MQIFTV,length1,18
-2,1294009,1293472,537,MTALYYTYYPSPVGRLLILSDGESITHIDFEKEQYAPNPKWHKQDELPVFQKVRLAFERYFNGEVECFSDIPLKPEGTAFQQAIWQALREIAYGELSTYGELALRINNPKAVRAVGGAVGSNPISIIIPCHRILGKDRTLTGFGGGLEAKRFLLQLEKIPYIDKGTENTRPRFFKKYHE,length1,537
-2,1293397,1293367,30,MNCIFLSRLI,length1,30
-2,1293247,1293214,33,MRRVILLKPPL,length1,33
-2,1293163,1293037,126,MFVINFLVYFGCLLKAAVIFHYVNAISVRQFSGSQPLSKNVN,length1,126
-2,1292899,1292887,12,MAKL,length1,12
-2,1292818,1292815,3,M,length1,3
-2,1291966,1291867,99,MHFVVALRLSLVAHCHVLGLRKMFLFDRLDDAL,length1,99
-2,1291756,1291717,39,MEFEIDRTSFGSV,length1,39
-2,1291204,1291159,45,MCATQRFLHNAVDKI,length1,45
-2,1290730,1290700,30,MTDNHHWTTI,length1,30
-2,1290619,1290604,15,MFDII,length1,15
-2,1290583,1290568,15,MTRHT,length1,15
-2,1290094,1290091,3,M,length1,3
-2,1290082,1290025,57,MHRQISYSRQSSMRLISLK,length1,57
-2,1289935,1289881,54,MLKAQLLRQSRYKLNPYN,length1,54
-2,1289656,1289569,87,MLHRARQNEKGCRQNKPFYATPQIRQVAR,length1,87
-2,1289494,1289485,9,MHC,length1,9
-2,1289446,1289389,57,MMIVMMGIKADILCDLISP,length1,57
-2,1289332,1289284,48,MLVNTQYFFTIRHHNM,length1,48
-2,1289233,1289227,6,MN,length1,6
-2,1289077,1289074,3,M,length1,3
-2,1288981,1288900,81,MIQMDFLWYITNANIFTINDFARSGHL,length1,81
-2,1288687,1288660,27,MVGENNAFL,length1,27
-2,1288609,1288597,12,MLFP,length1,12
-2,1288537,1287112,1425,MPVQHVKLARDRRKKRTYIKVGVFFVAILLILTGILLTIKDKSEENPIFSTSDSGEYHELNTSPNKNSTALQPDEDATSYDDELQAKDDEVDEVKLSSDDLGTLPQHAQDALNGLLDAADQAIRITDQFSYTVTEGDTLKDVLVLSGLDDSSVQPLIKLDPELAHLKAGQQFYWILNKNDNLEYLNWLVSEKEERIYERLEDGKFKRQVIEKKSIWRKEVLKGEIQNSLNSSLREQGLDTRQISQLSNALQWQVSLRKLKKGTQFAILVSREYLGDKLTGQGNVEALRISSGGKNYYAVQAANGRYYNQQGETLGKGFARYPLQRQARVSSPFNPNRRHPVTGRVRPHKGVDFSVSQGTPVIAPADGTVEKVAYQAGGAGRYVMLRHGREYQTVYMHLSKSLVKAGQTVKKGERIALSGNTGISTGPHLHYEFRINGRAVNPLTVKLPGTSSGMTSAERKQFLVRVREAEKMLKP,length1,1425
-2,1287088,1287061,27,MVAFLPYVK,length1,27
-2,1286995,1286041,954,MTISKFNPQKPFECFIVQSEAMKSAVENAKRFAMFDVPLLIQGETGTGKDLLAKACHYQSLRRDKKFIAVNCAGLPDEDAESEMFGRKVGDSETIGFFEYANEGTVLLDGIAELSLGLQAKLLRFLTDGSFRRVGEEKEHYANVRVICTSQVPLHLLVEQGKVRADLFHRLNVLTLNVPPLRERMTDIEPLAQGFLQEISEELKIAKPTFDKDFLLYLQKYDWKGNVRELYNTLYRACSLVQDNHLTIESLNLAPPQSAVISLDEFGNKTLDEIIGSYEAQVLKLFYAEYPSTRKLAQRLGVSHTAIANKLKQYGIGK,length1,954
-2,1285726,1285699,27,MRSRRSAFK,length1,27
-2,1285642,1285537,105,MKFVDRNELSPCASVAINRNIVYLLSRNFCKIAFI,length1,105
-2,1285288,1285198,90,MLKRVSDGFPCSLTRTIRSPLDNSFFKRGA,length1,90
-2,1285072,1285045,27,MPDVSRSKR,length1,27
-2,1284826,1284739,87,MRTTSPVCSLYSGLILPLFTRTSPLRTMR,length1,87
-2,1284634,1284550,84,MIFSFCFVIFFPFENRCKSYHKGTINVI,length1,84
-2,1284304,1284223,81,MHPATYSREIDWREKHEVDNETKCGLF,length1,81
-2,1284187,1281382,2805,MKRMLINATQKEELRVALVDGQRLFDLDIESPGHEQKKANIYKGTITRVEPSLEAAFVDYGAERHGFLPLKEIAREYFPDDYVFQGRPNIRDILTEGQEVIVQVNKEERGNKGAALTTFVSLAGSYLVLMPNNPRAGGISRRIEGDERTELKEALSSLDVPEGVGLIVRTAGVGKSPEELQWDLKVLLHHWEAIKQASQSRPAPFLIHQESDVIVRAIRDYLRRDIGEILIDSPKIFEKAKEHIKLVRPDFINRVKLYQGEVPLFSHYQIESQIESAFQREVRLPSGGSIVIDVTEALTAIDINSARSTRGGDIEETALNTNLEAADEIARQLRLRDLGGLVVIDFIDMTPIRHQREVENRIRDAVRPDRARIQISRISRFGLLEMSRQRLSPSLGESSHHICPRCQGTGKVRDNESLSLSILRLLEEEALKENTKQVHTIVPVQIASYLLNEKRKAISNIEKRHNVDIIVAPNEAMETPHFSVFRLRDGEEVNELSYNLAKIHCAQDENTEESLLSRNVETTAVIEQPAVESAVVALSISEAAPTPVERKSNEPSLLAKIIAKIKGLFATKSEENKPKNNRTSRNPNRNQRRSQDRRSSRRPRSENNETERTEEQVRNVRERNQRRPRRNLVEESIAESAVNSTPVFEAKEERTEPVTQRRQRRDLRKRVRVEDNETVVENNFSTTEKMPEVDVITVQNNDEKPVHQNQRSERQERQRRTPRHLRAANNQRRRRNQEPKSPMPLFAAVVSPELASGKAWIDYSTVNLPKENHFLSVDELLEQEKTKKGFITPAMGIVVEEKSPDVKPALDFITQPANESVQKKVQESLDRLSSYKPQEVVESIDPAINVDEPETLEKVSKFVRTYEFNGRLGTISSVPHTKAEMTLAKANDEMPEAFPIRAWQDSRYYFYGKGAAGHHCAISHVYSEPTRAKSE,length1,2805
-2,1281265,1281259,6,ML,length1,6
-2,1281148,1280938,210,MPIGGDVKADQETSGSRSIKRIGFGFIGGIGYDITPNITLDLDYRYNDWGRLENVRFKTHEASFGVRYRF,length1,210
-2,1280794,1280758,36,MIPVNLKQLALT,length1,36
-2,1280746,1280668,78,MPHIQPFSITILSCLFFQFSTFYYIR,length1,78
-2,1280518,1280503,15,MACWH,length1,15
-2,1280365,1280347,18,MRLEFL,length1,18
-2,1280251,1280200,51,MQVNWLPLQARRGRQKV,length1,51
-2,1280197,1280173,24,MQGKAKWI,length1,24
-2,1280140,1280125,15,MAVRC,length1,15
-2,1280095,1280023,72,MAHKLRPFTTARHCSRKLRLRAVY,length1,72
-2,1279822,1279015,807,MSNVKQVLTIAGSDSGGGAGIQADLKTFQMRGVFGTSVITAVTAQNTLGVFDIHPIPLKTIQAQLEAVKNDFQIASCKIGMLGNAEIIECVADFLADKPFGTLVLDPVMIAKGGAPLLQQQAVSALSQKLLPLADVITPNIPEAEALTGIAIVDDISIQQAAKALQKQGAKNVIIKGGHSLNSQSELCQDWVLLADGRHFTLQSPRFNTPHTHGTGCTFSACLTAELAKGEPLQSAVKTAKDFITAAISHPLNIGQGHGPTNHWAYSRL,length1,807
-2,1278214,1278169,45,MPQIHFQGRLRHFPL,length1,45
-2,1278028,1277962,66,MTASVFGRQFCSVYAVLGKVSV,length1,66
-2,1277920,1277833,87,MLQKVNEVGMVLSHNWEPRLACCWQMAYS,length1,87
-2,1277737,1277728,9,MFA,length1,9
-2,1277596,1277578,18,MCCSTL,length1,18
-2,1277272,1277263,9,MDH,length1,9
-2,1277143,1277128,15,MLTTA,length1,15
-2,1276804,1276714,90,MRLLMVQMRFMQANLVIAYVYAIMNLITPI,length1,90
-2,1276699,1276666,33,MKPIPLAKNSM,length1,33
-2,1276585,1276579,6,ML,length1,6
-2,1276498,1276492,6,MR,length1,6
-2,1276417,1276225,192,MKLLKFANKCQILNSKFSYMVRCAWRILAVAYFLAISTNAIQIKALAPMLAVGNTKWKKARRMK,length1,192
-2,1276174,1276171,3,M,length1,3
-2,1276153,1276144,9,MAQ,length1,9
-2,1276078,1276057,21,MNTAPTL,length1,21
-2,1276027,1276015,12,MWKN,length1,12
-2,1275919,1275883,36,MMQPQANHLMKA,length1,36
-2,1275814,1275715,99,MNTKTTNMAILFLIVSNLSVNLRANVTNKVWLK,length1,99
-2,1275682,1275679,3,M,length1,3
-2,1275616,1275595,21,MKRLMQH,length1,21
-2,1275589,1275571,18,MGILYS,length1,18
-2,1275568,1275547,21,MYHKILT,length1,21
-2,1275337,1275229,108,MRAFCFLLTDFTSPSFGGLVRGSKPAKMRAFKISSV,length1,108
-2,1275004,1274989,15,MALLR,length1,15
-2,1274950,1274815,135,MPRLRNVSETSRASSRRRTNTIPRVTFSVSIKRASNLILCSLLSA,length1,135
-2,1274554,1274512,42,MYCNKRPGVATTKS,length1,42
-2,1274236,1274224,12,MASI,length1,12
-2,1273996,1273984,12,MAFC,length1,12
-2,1273969,1273966,3,M,length1,3
-2,1273690,1273648,42,MKNENWLVIPSKAT,length1,42
-2,1273609,1273600,9,MGK,length1,9
-2,1273582,1273537,45,MMQAKRSQNPPHFFA,length1,45
-2,1273525,1273510,15,MSSLK,length1,15
-2,1273432,1273393,39,MMRIINTLKRLLN,length1,39
-2,1273288,1273129,159,MFKPDLIGLASVKRTCVSSGVAKLSVELSLSTKTTLFFNRTLSNGSPCLLCDT,length1,159
-2,1272829,1272820,9,MPP,length1,9
-2,1272259,1272247,12,MAVF,length1,12
-2,1272139,1272121,18,MDYVNQ,length1,18
-2,1271077,1271071,6,MA,length1,6
-2,1270984,1270864,120,MAFGCRKWLINLRSTTTAFSPSGKRAKPNSPTYKSIKTLL,length1,120
-2,1270105,1269976,129,MANYCPKEKHLAKYSLQYIPLLKLLDFGLLKCRYCFALQLKIR,length1,129
-2,1269961,1269892,69,MQFYKKITWFLLSFKGGYITMFA,length1,69
-2,1269631,1269589,42,MPNTSKQKLWQTLK,length1,42
-2,1269529,1269430,99,MYLLNYLSKFVLKLHFLLPFVLVLLFYRLFSML,length1,99
-2,1269388,1269352,36,MVCITKLHQAII,length1,36
-2,1269346,1269292,54,MRLIFQTIEKLLNNSTKS,length1,54
-2,1269253,1269244,9,MRV,length1,9
-2,1269064,1269019,45,MARNYQTKCGKSYQT,length1,45
-2,1268851,1268770,81,MNILSVKPFRNLYPLLHCSLYSFLLLQ,length1,81
-2,1268680,1268608,72,MACFLLFLIMYLLQRFILMKLKLH,length1,72
-2,1268602,1268596,6,ME,length1,6
-2,1268518,1268491,27,MGKLLSYSY,length1,27
-2,1268455,1268356,99,MAEWFIWLYLTRLYFQSLVYWLLNLFYQLPQFG,length1,99
-2,1268215,1268170,45,MEWAYNLVCSVFMNV,length1,45
-2,1267921,1267894,27,MKANGHYLV,length1,27
-2,1267855,1267831,24,MWLFSHYC,length1,24
-2,1267633,1267627,6,MV,length1,6
-2,1267585,1267525,60,MIFIPSLGVNPASLSANTYN,length1,60
-2,1267498,1267390,108,MFDFTFSNNSLFGATTITGISASINANGPCFNSPAA,length1,108
-2,1267000,1266997,3,M,length1,3
-2,1266760,1266715,45,MPFAPLPIESTITFS,length1,45
-2,1265401,1265344,57,MIYKNCDKSHVIDEILYQC,length1,57
-2,1265167,1265101,66,MPLLFPTKLGLFPPLFLRFRPQ,length1,66
-2,1264732,1264696,36,MFRFTKFKRHMN,length1,36
-2,1264624,1264507,117,MNFTFLQCYFSAFIISQKTDHLRIWKCPRLATEITKIFY,length1,117
-2,1264399,1264378,21,MSLMICQ,length1,21
-2,1264261,1264198,63,MTALSTKFMGFQKMINFHTSA,length1,63
-2,1264192,1264171,21,MEFILWQ,length1,21
-2,1264102,1264069,33,MIFPFSNLHCL,length1,33
-2,1263871,1263829,42,MFATLMLSYIFCTF,length1,42
-2,1263337,1263268,69,MRLCGIRNSDLLGCLFHNYVLNT,length1,69
-2,1262890,1262884,6,MI,length1,6
-2,1262845,1262812,33,MRSFSITHRKI,length1,33
-2,1262728,1262596,132,MPNNDHLIPTWFLFKTITTMLRIILQFRTTMTAIRKRFNLFLAT,length1,132
-2,1262572,1262476,96,MKIATTVDTAKIKKIHRLKKLFFPRTFLFQRL,length1,96
-2,1262452,1262392,60,MRRDENHELTFLMSFTFFAK,length1,60
-2,1262158,1262026,132,MWRHFQTKYCLTKFHRLRIVTSITHDVRNFCPLFNARTFLIGSE,length1,132
-2,1261558,1261534,24,MKFYRVAD,length1,24
-2,1261435,1261411,24,MLTFCDYF,length1,24
-2,1260760,1260733,27,MFHFVSLSS,length1,27
-2,1260727,1260613,114,MISVCNGLSSGLINCKRLTESCDELAKSAVKNVFVFSK,length1,114
-2,1260196,1260064,132,MYLVQVEPDLISHWENVSLKIDESVQILFDLARYLPNLSYWHLV,length1,132
-2,1259983,1259929,54,MSKLHQLSPHCVTDQFAW,length1,54
-2,1259893,1259845,48,MFAALANFVSVVQSNC,length1,48
-2,1259629,1259563,66,MVYDLREFDKQKLVQVVLQNVR,length1,66
-2,1259413,1259401,12,MHAK,length1,12
-2,1259365,1259314,51,MAENLANKFEQYFYELQ,length1,51
-2,1258834,1256242,2592,MRIAKLILNTLLTLCILGLVAGGMLYFHLKSELPSVETLRTVELQKPMQIYTADGKLIGEVGEQRRIPVKLADVPQRLIDAFLATEDNRFYDHHGLDPIGIARALFVAVSNGGASQGASTITQQLARNFFLTPEKTIIRKAREAVLAVEIENTLNKQEILELYLNKIFLGYRSYGVAAAAQTYFGKALNELTLSEMAIIAGLPKAPSTMNPLYSLKRSEERRNVVLSRMLDEKYISKEEYDAALKEPIVASYHGAKFEFRADYVTEMVRQEMVRRFGEENAYTSGYKVFTTVLSKDQAEAQKAVRNNLIDYDMRHGYRSGAPLWQKNEAAWDNDRIVGFLRKLPDSEPFIPAAVIEIAKGGADILLASGEKMTLSTNAMRWTGRSNPVKVGEQIWIRQRANGEWQLGQIPAANSALVSLNSDNGAIEAVVGGFSYEQSKFNRATQSLVQVGSSIKPFIYAAALEKGLTLSSVLQDSPISIQKPGQKMWQPKNSPDRYDGPMRLRVGLGQSKNMIAIRAIQTAGIDFTAEFLQRFGFKRDQYFASEALALGAASFTPLEMARAYAVFDNGGFLIEPYIIEKIQDNTGKDLFIANPKIACIECNDIPVIYGETKDKINGFANIPLGESALKPTDDSTNGEELDQQPETVPELPELQSNFTALKEDAIDLMAAAKNASSKIEYAPRVISGELAFLIRSALNTAIYGEQGLDWKGTSWRIAQSIKRSDIGGKTGTTNSSKVAWYAGFGANLVTTTYVGFDDNKRVLGRGEAGAKTAMPAWITYMKMALSDKPERKLPLPPKIVEKNIDTLTGLLSPNGGRKEYFIVGTEPTRTYLSEMQERGYYVPTELQQRLNNEGNTPATQPQELF,length1,2592
-2,1256167,1255324,843,MLSYRHSFHAGNHADVLKHIVLMLILENLKLKEKGFFYLDTHSGVGRYRLSSNESKKTGEYKEGIGRLWDQTDLPEDVARYVKMIKKLNYGGKELRYYAGSPLIAAELLRPQDRALLTELHPSDYPILRNNFSDDKNVTVKCDNGFQQVKATLPPKERRGLVLIDPPYELKDDYDLVVKAIEEGYKRFATGTYAIWYPVVLRQQTKRIFKGLEATGIRKILRIELAVRPDSDQRGMTASGMVVINPPWTLETQMKEILPYLTKTLVPEGTGSWTVEWITPE,length1,843
-2,1255189,1254826,363,MHAIFDLIKDNIMFGKGGLGGLMKQAQQMQEKMQKMQEEIAQLEVTGESGAGLVKITINGAHNCRRIDIDPSLMEDDKEMLEDLIAAAFNDAVRRAEELQKEKMASVTAGMPLPPGMKFPF,length1,363
-2,1254517,1254475,42,MSRLYGRRHLQHLQ,length1,42
-2,1253983,1253974,9,MWR,length1,9
-2,1253896,1253866,30,MAFRTSPYHS,length1,30
-2,1253860,1253779,81,MATFTAKRSKKTTFCGRKTNPSSGYTC,length1,81
-2,1253332,1253323,9,MAT,length1,9
-2,1253104,1253089,15,MPTPV,length1,15
-2,1251328,1251169,159,MAYLTNPLSDAQIKKAKLKEKDCSYFYKRFTNTSITKRTKPCRLQSLVLDFIV,length1,159
-2,1251097,1251091,6,MA,length1,6
-2,1251019,1250737,282,MTNNPPCGACKVIFNPIEIAPATAPPITELIMTRIGSAATNGNAPSEIKHKPRTNDAFPASRWLTVNLLRAIQVATVIPIGGTIPAAIAAAIGV,length1,282
-2,1250560,1250554,6,MR,length1,6
-2,1249666,1249504,162,MAIASPIIKTFLPTNAGLFGNTEPNTRTRSASAGVSTIETFAFCAAARKTSCNK,length1,162
-2,1249099,1249057,42,MTNPSLKFSMIGFY,length1,42
-2,1248982,1248970,12,MKLI,length1,12
-2,1248403,1248379,24,MLQFSSNF,length1,24
-2,1248103,1248001,102,MIQLLVLHLPPLPQNVNDVLVLHQAQQSSSNFLR,length1,102
-2,1247833,1247791,42,MNPKVRSKFLLNFH,length1,42
-2,1247656,1247563,93,MLRHFSHFLRQSPLPITLCQVVMPHYLSLQK,length1,93
-2,1247449,1247188,261,MDQLSRPLKSRKIQPHQLFLLILLQYLHRSIHGLVGVIRTNAHQIAPQYQSRHKQYFLRPILCLEEIETLARPFSLPSNEYPRCHEE,length1,261
-2,1247095,1247050,45,MRTLPFRSLVVYQLH,length1,45
-2,1246975,1246855,120,MKQIDQQLIEKQLFRCTGFQQRFTTLHNIFIIFSARFAFL,length1,120
-2,1246750,1246747,3,M,length1,3
-2,1246711,1246666,45,MAASVKFILNLFHWN,length1,45
-2,1246486,1246471,15,MVSNR,length1,15
-2,1246180,1246111,69,MLVYKLPCVLTKPNFAKTAPMSV,length1,69
-2,1245961,1245958,3,M,length1,3
-2,1245268,1245250,18,MGFDIT,length1,18
-2,1245208,1245154,54,MRITRKRIHHFLARKSAV,length1,54
-2,1245073,1245058,15,MLLSF,length1,15
-2,1244638,1244629,9,MLL,length1,9
-2,1244488,1244482,6,MK,length1,6
-2,1244089,1244086,3,M,length1,3
-2,1243069,1243057,12,MPKA,length1,12
-2,1242730,1242544,186,MANVGDRTPKIDVRSFYAVQSALVVKFLMLKADAQDSSQVRSKFPDFQPHFLISTNQQPFVH,length1,186
-2,1242436,1242331,105,MFSITHWQRLPLNVPLLAHTLLYCHFVVRAAQQFH,length1,105
-2,1241761,1241752,9,MRV,length1,9
-2,1241584,1241566,18,MFDEIA,length1,18
-2,1241500,1241449,51,MQDSHNRLMSRAFSRTF,length1,51
-2,1240798,1240795,3,M,length1,3
-2,1240249,1240243,6,ML,length1,6
-2,1240192,1240165,27,MLFVCRLLL,length1,27
-2,1240105,1239988,117,MVQKSHLVYFSRRFAQTVVHKFLGTHNLNYRHSHPINNL,length1,117
-2,1239976,1239943,33,MRHQQKLFYLQ,length1,33
-2,1239889,1239883,6,MD,length1,6
-2,1239691,1239625,66,MYLMKCLDNLTHPKIDHKLSHF,length1,66
-2,1239004,1238938,66,MNHYKLAFYLPDQPKLNHLDKR,length1,66
-2,1238605,1237816,789,MHYSIQDFIQLIAQLRNPNGGCPWDLKQNYESMIPCLTEETYEVIEAIEKKDIPNLREELGDLLLQVVFFSQLATEDKYFTFDDVLQDIAEKIVRRHPHVFGDAKAGDETEALSRWNEMKAKEKQGKSEETSILDNVPRALPSLTRAAKLQKRCSKVGFDWEEISPVFDKVREELEEVQAEINRTSIEQNKVEEEIGDLLFATVNLARHLKCDPEDALRKANLKFERRFRAVEQAVQQQGKQVNNVPLIELDLLWDEVKKQEN,length1,789
-2,1237453,1237444,9,MLS,length1,9
-2,1235809,1235776,33,MDDPSALASTF,length1,33
-2,1234168,1233019,1149,MLKLPPLSLYIHIPWCVQKCPYCDFNSHAQKGDIPEQDYIYHLLQDLQADLQRFKDSIQQRKLHSIFIGGGTPSLFSAESIAYLLKEIKKQIDFEDNIEITLEANPGTVEAERFKGYVSAGIMRISMGIQSFNDDKLQRLGRIHNAAEAKSAVNLAKVSGLKSFNLDLMHGLPNQTLEEALDDLRQAIELSPPHISWYQLTIEPNTMFAYRPPKLPDDDALWDIFEQGHQLLTMAGYQQYETSAYAKAGFQCKHNLNYWRFGDYLAIGCGAHGKLTFPTGEITRFSKTKHPKGYLRGEYLYEEKNVPEIDRPFEFFMNRFRLLEAVPKQEFEDYTGLSQSAVKNQIDFAIQQNYIVENADSWQITEHGKLFLNELLELFLTEE,length1,1149
-2,1232194,1230964,1230,MTNKVSLDKSKIKFVLFEGVHQSALDTLHAAGYSNIDYYKKALDGDELKEAIKDAHFIGLRSRTHLTAEMIEAAPKLIAVGCFCIGTNQVDLNAAKARGIPVFNAPFSNTRSVAELVLGEILLLMRNVPQANAEVHRGVWNKSATGSYEVRGKKLGIIGYGHIGSQLSIIAESLGMDVYFYDIENKLPLGNAKQVRSLEELLSSCDVVSLHVPELPSTKNLMNATRIAQLKQGAILINAARGTVVDIDALAQALKDGKLQGAAIDVFPVEPASINEEFVSPLREFDNVILTPHIGGSTAEAQENIGFEVAGKFVKYSDNGSTLSSVNFPKVSLPEHEGTKRLLHIHENRPGILNKLNQIFVEANLNIAAQYLQTDPKIGYVVVDVETNDASPLLTKLKEIDGTIRARVLY,length1,1230
-2,1228942,1228906,36,MNFICTYHHHHT,length1,36
-2,1228882,1228870,12,MFGR,length1,12
-2,1228663,1228648,15,MWREN,length1,15
-2,1227796,1227757,39,MVGYHPFYGYKGK,length1,39
-2,1227751,1226470,1281,MQTIIWNHLSETEKRKVIMRPVQQNGENIQQAVNAIRENVAYNGDRALFELCEKFDGVKLDKLIVSADEIQAASSRISVKLRNAIEQAKTNIEAFHKAQQNQEIDLEIQEGVRCQVVTRPISCVGLYIPGGSAPLFSTVLMLAIPAKIAGCKKIVLCSPPPISDEILYTAHLCGVETIYAIGGAQAVFAMAQGTESVAKVDKIFGPGNAFVTEAKRQVAQNSTAIDMPAGPSEVLVIADESADPEFVASDLLSQAEHGADSQVILVATCETLAKETALAIERQLALLPRAETARKALNHSRIFIAESLEQAVEISNEYAPEHLIVQTKNARKLLPYLDNAGSIFLGAYSPESMGDYASGTNHVLPTYGYTKTYSSLGLADFSKRMTVQELTPKGFKNLAETVEVMAEAEQLAAHKMAVSVRLAKLNI,length1,1281
-2,1226395,1226356,39,MITIRTFYNGRKQ,length1,39
-2,1226278,1226263,15,MVRFG,length1,15
-2,1226260,1226209,51,MQMNIQPRLNFSFRVRI,length1,51
-2,1226164,1226095,69,MRIMRAFQLKMYSLLVAVMKALN,length1,69
-2,1226062,1226020,42,MPFYSVLRLTECMQ,length1,42
-2,1225930,1225924,6,MM,length1,6
-2,1225486,1225462,24,MKVKLIIC,length1,24
-2,1225339,1225303,36,MSVRKLLKQLRR,length1,36
-2,1225228,1225204,24,MINLIPFI,length1,24
-2,1225141,1225108,33,MNQKLISKLTV,length1,33
-2,1225021,1224967,54,MGLVRMLFRKQILISPTM,length1,54
-2,1224928,1224781,147,MKYSFARISPKKIVYVANQKLSCLITIFVKIYSILTALLSLVTERPMCN,length1,147
-2,1224604,1224592,12,MKLV,length1,12
-2,1224589,1224517,72,MKSKLALVFLTICSIKSPHTVGLE,length1,72
-2,1224319,1224220,99,MPALNAIKWAILVRNSLNISFNLWHFQCLPRFI,length1,99
-2,1224217,1224187,30,MSRVITIIIK,length1,30
-2,1224127,1224094,33,MKCQVQKEFYS,length1,33
-2,1223680,1223641,39,MESRAICKKLSVI,length1,39
-2,1223395,1222648,747,MKQSIIIPALDLINGQVVRLHQGDYAKQTTYSDNPIKQFDNYVRQGAKQLHLVDLTGAKNPQSRQTALIGKIVEATQCKVQVGGGIRTEQDVADLLAVGANRVVIGSTAVTHRSMVKNWFIKYGAEKFVLALDVNINASGQKIVAISGWQEESGVLLETLIEDFQTVGLQQVLCTDISRDGTLTGSNIGLYQEICEKYPPIQFQSSGGIGSLADIEALKGTGVSGVIVGRALLEGKFTLSEAIKCWQNG,length1,747
-2,1222633,1222612,21,MYVMDRW,length1,21
-2,1222549,1222468,81,MRKKELMNWYFMILRLHQTVVPWIKVG,length1,81
-2,1222402,1222318,84,MRKNCLHLGRIKFRLIPLLSLIQRSFLA,length1,84
-2,1222222,1222186,36,MKHVPDKLIGSC,length1,36
-2,1222120,1222096,24,MVYETGTI,length1,24
-2,1222012,1221991,21,MLLLKQK,length1,21
-2,1221988,1221979,9,MGH,length1,9
-2,1221718,1221655,63,MDKRRNLGQFFKCGRNELRLR,length1,63
-2,1221130,1221124,6,MY,length1,6
-2,1220959,1219759,1200,MNKTVGSTLLVAGTMIGAGMLAMPLTSAGIGFGFTLVLLLGLWALLTFSALLFVELYQTAESDAGIGTLAEQYFGKTGRIIATAVLIIFLYALIAAYISGGGSLLKDLLPESFGDKVSVLLFTVIFGSFIVIGTHSVDKINRVLFFVMLAAFAVVLSLMLPEIKFDNLMATPIDKALIISASPVFFTAFGFHGSIPSLNKYLDGNVKALRFSILVGSAITLCAYILWQLSTHGLLTQNEFLQILKEDATLNGLVKATFAITGSNVIASAVKLFSTLALITSFLGVGLGLLECIEDLLKRSFNVTAGRISLGLLTFIPPLVFALFYPEGFILALGYAGQMFAFYAVVLPVSLVWKARRAHANLPYKVWGGNLTLIIVLVLGVIITSIPFAIRAGYLPFVVG,length1,1200
-2,1218991,1218964,27,MSRIYLVNL,length1,27
-2,1218943,1218853,90,MVVIRNVQFYVHVLPLVYLLQIIHPYQELR,length1,90
-2,1218742,1218604,138,MDQLQGKYLKMRFDDLIQQLSLNVRKLLLEMGQLSHPLVRTPLAQK,length1,138
-2,1218544,1218409,135,MSVGNLPRMAYDLITQILPYQQGYNDRYYPQRIIHLDLHHGIFQP,length1,135
-2,1218394,1218322,72,MQHVNGYLVARSFDHKPKILYLIR,length1,72
-2,1218148,1218124,24,MDKLSRSL,length1,24
-2,1217908,1217767,141,MYPMQYNELLRHLIVVAPQVLNLIQLLMHRKLLAPHLVEIQHQSPHR,length1,141
-2,1215799,1215784,15,MINSR,length1,15
-2,1215763,1215745,18,MESTAL,length1,18
-2,1215418,1215349,69,MRIIPSLTETIVPVLRASLTTSN,length1,69
-2,1215343,1215046,297,MRFLINSLISVEFSCILYSSYNCNSFARRVSCPRLLPSITKSSVRTITPAISALSTLQFNFTLRANLFSIAAAIFSICVAFNGCADVTSTSAIAWCSST,length1,297
-2,1214809,1214782,27,MAKSNAAFA,length1,27
-2,1214710,1214617,93,MSLFAASSIERPTIFSAPATANEATLRRNSS,length1,93
-2,1214491,1214485,6,MS,length1,6
-2,1214332,1214296,36,MQNHTKSANAIS,length1,36
-2,1213783,1213765,18,MLQWPY,length1,18
-2,1213618,1213597,21,MDEAYIL,length1,21
-2,1213390,1213333,57,MQVAQLRYVDHENFLSRFH,length1,57
-2,1213138,1213120,18,MLFVQT,length1,18
-2,1213039,1213009,30,MPIKNQQKTQ,length1,30
-2,1212871,1212832,39,MYKKAKRHLKNRS,length1,39
-2,1212565,1212535,30,MSFAYKFRNR,length1,30
-2,1212430,1212403,27,MMAPICHIF,length1,27
-2,1212130,1212121,9,MFN,length1,9
-2,1211875,1211857,18,MSSFTP,length1,18
-2,1211743,1211731,12,MALT,length1,12
-2,1211368,1211344,24,MVKKFVRM,length1,24
-2,1211311,1211302,9,MKD,length1,9
-2,1211287,1211278,9,MEL,length1,9
-2,1211257,1211152,105,MRRLGQWWERNLAMNLIFKLCITSAGRRFELSRGK,length1,105
-2,1211113,1211002,111,MCWLQNVSCLINLFRLNQSYCQPLKLLNPSIRKSRLL,length1,111
-2,1210933,1210909,24,MQLSVQMM,length1,24
-2,1210822,1210813,9,MRI,length1,9
-2,1210780,1210717,63,MCLMFAHEKLFRQDNGYFFIF,length1,63
-2,1210687,1210639,48,MLYVYQRVFECNSITR,length1,48
-2,1210498,1210339,159,MDAKIRSQKLPHFMGNKSATALWGDCFTFELAACSWRFILCHSWLVKIKFCNE,length1,159
-2,1210090,1210057,33,MWGNNLRNQFY,length1,33
-2,1209934,1209433,501,MPLLDSFKVDHTKMNAPAVRIAKTMRTPKGDNITVFDLRFCIPNKEILSPKGIHTLEHLFAGFMRDHLNGDSIEIIDISPMGCRTGFYMSLIGTPNEQEVSEAWLASMQDVLGVQDQASIPELNIYQCGSYTEHSLEDAHEIAKNVIARGIGVNKNEDLSLDNSLLK,length1,501
-2,1209382,1209364,18,MIYPKS,length1,18
-2,1209103,1209007,96,MGNFLQNPHTYILALPIQALLVNGYKPLKNKV,length1,96
-2,1208620,1208575,45,MSIFIITTMITFRGN,length1,45
-2,1208554,1208536,18,MTELSP,length1,18
-2,1207666,1207654,12,MSEE,length1,12
-2,1207567,1207042,525,MTTIVSVRRNGQVVVGGDGQVSLGNTVMKGNARKVRRLYNGKVLAGFAGGTADAFTLFELFERKLEMHQGHLLKSAVELAKDWRTDRALRKLEAMLIVADEKESLIITGIGDVVQPEEDQILAIGSGGNYALSAARALVENTELSAREIVEKSLRIAGDICVFTNTNFTIEELPN,length1,525
-2,1205488,1205464,24,MFSPHYLA,length1,24
-2,1205305,1205209,96,MDFLSVLNKLNHSKSYQLQLRLVRKGLQENQS,length1,96
-2,1205110,1205074,36,MLRGTLHAHHWS,length1,36
-2,1204960,1204915,45,MNIYFLGRILCLINV,length1,45
-2,1204828,1204789,39,METPNHSQNPYSE,length1,39
-2,1204432,1203139,1293,MLNFAYQEHVRSYYFDSRNQDFQFPPLTQIEYADVCVIGAGFFGLSAALELAEKGKKVIVLEGARVGFGASGRSGGQAINGFEEGIDEYVKQVGEDKAHKLWNMSLETIDIIDERIEKYGIQCDWKKGYATLALNERRMDDLIEMEKESHKNFGYQNMQLWDKTKLKQHLGSDIYVGGLFDSNSGHLHPLNYCLGLAKACVDLGVQIFEQSPVVDMVEKNGCVEVKTAKSAVISQDVILATNAYIDALPKSIHHGINRKILPVESFIIATEPLSQAVADSVINNGMSVCDNNLLLDYYRLSADNRLLFGSDSSSEKDMVAIMRKNMLCVFPQLENVKIDYGWAGPIDMTLNSTPHFGRISPHIYFAHGYSGHGVALTGLAGRIVAEAILGDDERLSIFEGLKVPSVYGGRIIKDLATKIGVQYYKFLDKYR,length1,1293
-2,1203127,1203118,9,MFF,length1,9
-2,1202824,1202743,81,MNLVALKTSLNNKQLKYRLKIKDCNIV,length1,81
-2,1202731,1202692,39,MNKYIISRKNDKI,length1,39
-2,1202536,1202416,120,MKKVDHLVNQIKRHWKPCSSLSVSKLKVSKNASMKFTPNP,length1,120
-2,1202407,1202362,45,MQAWKRKLKKCWKLV,length1,45
-2,1202242,1202173,69,MYITALKRILKMNKVDEIILILC,length1,69
-2,1202161,1202149,12,MKNT,length1,12
-2,1202092,1202068,24,MILNESVY,length1,24
-2,1201900,1201888,12,MNAM,length1,12
-2,1201813,1201741,72,MLKPKKLLKKRAKSITKFAWWQSV,length1,72
-2,1201600,1201588,12,MWTY,length1,12
-2,1201558,1201552,6,MS,length1,6
-2,1201513,1201510,3,M,length1,3
-2,1200997,1200886,111,MFTLCQCDFIFWRAILIRVKLWKLYSKLVVLISHFQV,length1,111
-2,1200871,1200841,30,MPVYLFTLDA,length1,30
-2,1200820,1200799,21,MGRVNRL,length1,21
-2,1200766,1200673,93,MQAQLSILIDQLISMDLKPHRKLALVLFTKN,length1,93
-2,1200439,1200388,51,MNQPMRSQIRRPKPYSM,length1,51
-2,1200310,1200304,6,MM,length1,6
-2,1200289,1200238,51,MVNLSVNALWQRLQKMI,length1,51
-2,1200208,1200157,51,MNNIRIYHKKKANVYWM,length1,51
-2,1200151,1200148,3,M,length1,3
-2,1200130,1200079,51,MMFPSNCMPVKLLVSRA,length1,51
-2,1199968,1199908,60,MVWIMVLYIFLKIVKVMAWF,length1,60
-2,1199812,1199800,12,MTLF,length1,12
-2,1199695,1199689,6,MC,length1,6
-2,1199680,1199662,18,MNQLVA,length1,18
-2,1199659,1199629,30,MLARRKKFIS,length1,30
-2,1199431,1199410,21,MKHLIFK,length1,21
-2,1199281,1199260,21,MRLLQWV,length1,21
-2,1199011,1198939,72,MVVLLRQVFRIMLIYLLALVQAMF,length1,72
-2,1198849,1198843,6,ML,length1,6
-2,1198834,1198771,63,MRQRPNFLVLTSIKSKYLFLR,length1,63
-2,1198690,1198684,6,MN,length1,6
-2,1198681,1198663,18,MQLPPW,length1,18
-2,1198579,1198573,6,MH,length1,6
-2,1198450,1197574,876,MKKLTALTSAVLLGLAVSGSASAQDTIALAVSTLDNPFFVTLKDGAQKKADELGYKLVVLDSQNDPAKELANVEDLTVRGAKILLINPTDSEAVGNAVAIANRKHIPVITLDRGAAKGNVVSHIASDNIAGGKMAGDFIAQKLGDNAKVIQLEGIAGTSAARERGEGFKQAIDAHKFNVLASQPADFDRTKGLNVTENLLASKGDVQAIFAQNDEMALGALRAVKAANKKVLIVGFDGTDDGVKAVKSGKMAATIAQQPELIGSLGVVTADKILKGEKVEAKIPVDLKVISE,length1,876
-2,1197538,1197481,57,MGQIIFVPLCRKKKYNNTG,length1,57
-2,1195264,1195249,15,MGVSD,length1,15
-2,1195093,1195057,36,MDEPRKCHRVES,length1,36
-2,1194793,1194775,18,MIRRLE,length1,18
-2,1194511,1194481,30,MPSQPLSTAS,length1,30
-2,1194430,1194340,90,MTSTRPSPFSSNTSAINPLLSKHFTVVTLP,length1,90
-2,1194199,1194190,9,MPI,length1,9
-2,1193815,1193797,18,MWLAIL,length1,18
-2,1193686,1193623,63,MAATIAKIPSPAKANKSERFS,length1,63
-2,1193524,1193479,45,MPRNGPIRSSVSEPF,length1,45
-2,1193212,1192495,717,MNDLTLSPIAIIHTPYKEKFSVPRQPKLVEDGVGIVELLPPYNSPEAVRGLEQFSHLWLIFQFDQIQQGKWQPTVRPPRLGGNQRIGVFASRATHRPNPLGLSKVELRQVECINGNIFLHLGAVDLVDGTPIFDIKPYIAYADSEPNAQSSFAQEKPPVKLTVEFTEQAKSAVKKREEKRPHLSRFIRQVLEQDPRPAYQQGKPSDRIYGTSLYEFNVKWRIKAGTVNCVEVIEIEKDK,length1,717
-2,1192492,1192489,3,M,length1,3
-2,1192279,1192255,24,MRMSISQC,length1,24
-2,1192069,1192030,39,MKYVNVVIIQVQK,length1,39
-2,1191970,1191949,21,MLMNLRW,length1,21
-2,1191859,1191766,93,MLRKVIDQSFQSKLKLQQLKDSNDKEYRLPT,length1,93
-2,1191748,1191742,6,MQ,length1,6
-2,1191403,1191160,243,MKKHTCCSGIKPLPIFIKIKNPNFHSGFLIQGINYSASSAMLSISAKFALASSAVITNSSAIAASSSSDNFATTSSTKRCL,length1,243
-2,1191010,1190860,150,MKDSVARDALVIPNNSRSNSTGGLPSASRWRLTIFTRATSTCSPSRNSES,length1,150
-2,1190749,1190635,114,MYSVTARTPRKRKMSCGVSAPSEITSPRCTISPSNTLS,length1,114
-2,1190173,1190080,93,MSTNFTKPDTSETTGIVCGSQFAIVSPAVTS,length1,93
-2,1189519,1189438,81,MTKPSCVPQSSSTITKSCATSTKRRVK,length1,81
-2,1189318,1189270,48,MIEPSGRAIKPRIPAN,length1,48
-2,1189174,1189162,12,MTSS,length1,12
-2,1188856,1188820,36,MAFLPNVWLNNE,length1,36
-2,1188814,1188589,225,MPFGAIIHKIARPIVVSVSVVFASNSPASFFTYSVIRTFTRECNSASPVRYAFSASRGSCNNIPSPLPFTFSRVI,length1,225
-2,1187488,1187473,15,MYISK,length1,15
-2,1187185,1187023,162,MVSGFFTSPNDQERIISGEANPILITSKSSLVFDCAFKNLTKSFTNVLLSELKV,length1,162
-2,1186720,1186651,69,MLVATYDIFIHLRTTIHIIGFHS,length1,69
-2,1185859,1185811,48,MFKLFTKFFVLLSKLF,length1,48
-2,1185274,1185229,45,MDGSETVLLNNTFRN,length1,45
-2,1184797,1184779,18,MLKEWN,length1,18
-2,1184731,1184710,21,MNIFRFI,length1,21
-2,1184428,1184389,39,MYVTHFKACALTR,length1,39
-2,1184116,1184035,81,MVNIVYFATTITDVDQFTHYRNNIFIA,length1,81
-2,1183594,1183513,81,MTCGNTTTTFNINFAICFNIKRSCFTT,length1,81
-2,1183270,1183222,48,MGFTFVRIEEYAWTTV,length1,48
-2,1182493,1182490,3,M,length1,3
-2,1182451,1182445,6,MK,length1,6
-2,1182343,1182271,72,MLTFLMKIPFAVVGFALFKAANNA,length1,72
-2,1182214,1182190,24,MIPFLSLR,length1,24
-2,1181185,1181035,150,MSRKRLIMGADYIKSAVVFQALLKSTIRNYCASPINTESNAISIISLNVN,length1,150
-2,1180906,1180861,45,MPYFSITSNISTSGV,length1,45
-2,1180639,1180597,42,MIFFTPYSVINSFA,length1,42
-2,1180465,1180372,93,MYFARSGSPGIKTTSANAPSGALICGVIIFP,length1,93
-2,1180360,1180345,15,MNKNE,length1,15
-2,1179946,1179934,12,MLMA,length1,12
-2,1179850,1179754,96,MQLNQQMRLTLRLRLELIAYLRLHRPPLLQVR,length1,96
-2,1179649,1179580,69,MTQRLSMSMARPFLRNPPLLNPR,length1,69
-2,1179505,1179406,99,MELQFDRRRYSPPLTLILLLTYPMLFAMHHLIL,length1,99
-2,1179307,1179268,39,MVYLDLPIRRKRN,length1,39
-2,1179211,1179181,30,MLVYLQAHIK,length1,30
-2,1178866,1178860,6,MR,length1,6
-2,1178827,1178809,18,MHADNF,length1,18
-2,1178758,1178734,24,MFSIKKVL,length1,24
-2,1178644,1178632,12,MQTF,length1,12
-2,1178416,1178266,150,MNSGFSTRNRYTANKWNCLHNLFIQILQTDQFRTFRITRYSFRIMAIQAI,length1,150
-2,1178194,1178191,3,M,length1,3
-2,1177957,1177954,3,M,length1,3
-2,1177438,1177330,108,MVERAHFATRGNNSFSISSALLQVRAIVPRRKRVKV,length1,108
-2,1177012,1177009,3,M,length1,3
-2,1176988,1176952,36,MNGSSNTSRRPT,length1,36
-2,1176934,1176916,18,MDGTRE,length1,18
-2,1176589,1176565,24,MVSYCTQW,length1,24
-2,1176481,1176469,12,MFLI,length1,12
-2,1176466,1176460,6,MN,length1,6
-2,1176424,1176325,99,MIKRNIKGNKYEEKSTRYTSHILGCHIIMDRAI,length1,99
-2,1176148,1175881,267,METSQITPWAWDIIKYYRYCSISRDHNKNTDAANRTFFTNDLLSDRYITLWFWNCVISHLSLRCRPSRRINGWYLPTFSFKHQRGTLKP,length1,267
-2,1175662,1175638,24,MQDAYRHH,length1,24
-2,1175551,1175542,9,MAQ,length1,9
-2,1174891,1174786,105,MDKFPLKAQCNSAQVRLILALDLRLSTLQKQAMLA,length1,105
-2,1174456,1174435,21,MFILIAP,length1,21
-2,1174126,1173925,201,MPISISRVIPILSIRARYSRQIAIFSSIDSSDKSIICEEKSGRPVSAKCFSPASNKPSIQGNNFFAA,length1,201
-2,1173505,1173499,6,ML,length1,6
-2,1173415,1173358,57,MHHHPLKCKKSYQQYQINR,length1,57
-2,1173322,1173292,30,MHRCLQWREK,length1,30
-2,1172851,1172623,228,MLYLMHLIQRLIMGLHKRSVQILQRRKLMLARGALYQRHPLQIHRKVRHIFYLILDHFSFRLCLCVRFLKQRFRHL,length1,228
-2,1172128,1172092,36,MLLHPTKKFIST,length1,36
-2,1171897,1171891,6,MI,length1,6
-2,1171852,1171741,111,MYNPTKSAVISTLILRGIRQLIAIFFTLNITKSRRPR,length1,111
-2,1171693,1171528,165,MIIAHNHIIVCKNIWIFYRTFFNIRPLCLKLRLEFRFKFRLRYFCLLRLLNYGRG,length1,165
-2,1171522,1171480,42,MFSFGCIGKILPNC,length1,42
-2,1171273,1171261,12,MRFM,length1,12
-2,1170664,1170649,15,MIAFE,length1,15
-2,1170553,1170520,33,MRTCNFTCCIH,length1,33
-2,1170487,1170466,21,MHKFTLT,length1,21
-2,1170457,1170448,9,MSC,length1,9
-2,1169725,1169674,51,MLCLKTNLNLTALFFIV,length1,51
-2,1169368,1169350,18,MHFFFF,length1,18
-2,1168846,1168810,36,MARVSTTASWKA,length1,36
-2,1168102,1168027,75,MPKIFIDFLNLLPKMLRDFTLFKRF,length1,75
-2,1167709,1167634,75,MQHLQNVTQNATLAKTRAIPVYTNL,length1,75
-2,1167505,1165726,1779,MKGSIPRPFIDDLLTKSDIVDVINTRVKLKKAGRDYQACCPFHHEKTPSFTVSQKKQFYHCFGCGAHGNAISFLMDYDKLEFIEAIEELAAMAGLEIPYEKRANHSGKPQANYQTKRNLYELMQEIATFYQNQLPLNTQAQEYLQQRGLSPEIIERFQIGFVPNAMDTVLRKFGVNREEQQKLIELGMLSRNDRGNIYDKFRNRIMFPIRDKRGRTVAFGGRVLTDEKPKYLNSPETITYHKGKELYGLYEALQTNDEPKQLLVVEGYMDVVALAQFGVDYAVASLGTSTTSEQIQLIFRSTEQVVCCYDGDRAGRDAAWRALENALPYLEDGRQLKFIFLPDGEDPDTYIRQYGKEKFEEYIESAQSLSEFMFAHLSPQVDFSTKEGRGKLVALAAPLIHQIPGEMLRLSLRNMLAQKLGIFDQTQLENLIPKQLEQANTQQKVTHNKIKKTPMRMVISLLLQNPELVKRMSESGVQALRAEAGFEILEKLTALCRQREGITTGQILEYFRNTSYSNPLEILATWDHLLDESDIINAFSQNYRRLNIQAIERDIEMLIAKERTEGLTNEEKTVLVHLLAGKEQQKKQLVNPL,length1,1779
-2,1165666,1163785,1881,MSIKMEKNQQSTAEQYSEQIEQLMELGRTQGYLTFAEINDLLPEDAIDPEYYDKLLQTLQNDAGIPVLDEAPESDDMMLSDTIPDEDAVEEATQILSNVESEIGRTTDPVRMYMREMGTVDLLTREDEISIAKRIEGGIDEVQTSIAAYPEALNGLLKNYDDVEKGNFRLTDLITGFVDPNAEIEEHNGLDEDFSDEDDEEESSNADVEDNESESTSDSSDSDNSIDPEVAREKFQQLREQHSKTLAVIEKHGRSGKRAQDQIALLGEIFKQFRLVPKQFDLLVLSMKEMMKRVRYQERQLQKILVDIAGMPKDDFEKIITTNGSNSEWVAKALKSSKPWAKRLIKYEDRIYEALNNLAITEENTKLTITQMRDICDAVARGEQKARRAKKEMVEANLRLVISIAKKYTNRGLQFLDLIQEGNIGLMKAVDKFEYRRGYKFSTYATWWIRQAITRSIADQARTIRIPVHMIETINKLNRISRQLLQEMGREATPEELAERMGMPEDKIRKVLKIAKEPISMETPIGDDDDSHLGDFIEDSTLELPLDSATAQSLKVATHEVLEGLTPREAKVLRMRFGIDMNTDHTLEEVGKQFDVTRERIRQIEAKALRKLRHPSRSETLRSFLDE,length1,1881
-2,1162429,1162342,87,MTNFFKGKISNHFISIHIDRRTCTTLIYI,length1,87
-2,1162135,1162090,45,MNPPVCFCRHITFAK,length1,45
-2,1161973,1161862,111,MLSRHIFIFRISFFREKCSIYQSYTDFNSLPIFSNNF,length1,111
-2,1161799,1161706,93,MPISRSFSSVLCCCKACTCCLISALFFAKFR,length1,93
-2,1161034,1161031,3,M,length1,3
-2,1161001,1160917,84,MQVLPHSSTTHIFRSNRSRHPDFLFSSG,length1,84
-2,1160842,1160821,21,MEQDQFC,length1,21
-2,1160296,1160251,45,MFKGKCDLPLQVKSQ,length1,45
-2,1159540,1159444,96,MFVPMSISVMMIAMMIMRMAMRMSMPLCRICS,length1,96
-2,1159408,1159360,48,MKSRSLQPFKHRLIVR,length1,48
-2,1159324,1159246,78,MFVADFITSSSHFRQGFRRQHNHVTR,length1,78
-2,1158832,1158805,27,MVRYPLVHR,length1,27
-2,1158283,1158274,9,MYE,length1,9
-2,1157800,1157614,186,MHPLQFAHAEDLGLNSCLYQKIRRLQARLLPLETYVPYTMRQGYKWLRAYHQQGQSHRQLTW,length1,186
-2,1157146,1157125,21,MPFCPTL,length1,21
-2,1157104,1157065,39,METINDLVTTKSN,length1,39
-2,1156945,1156909,36,MVMRANLNWAVA,length1,36
-2,1155937,1155928,9,MHA,length1,9
-2,1155907,1155901,6,MY,length1,6
-2,1155895,1155889,6,MQ,length1,6
-2,1155859,1155856,3,M,length1,3
-2,1155814,1155784,30,MVCLLLVKSN,length1,30
-2,1155724,1155670,54,MMLQVTVQLLQLYLRKLS,length1,54
-2,1155667,1155658,9,MKA,length1,9
-2,1155433,1155409,24,MVRVLKMN,length1,24
-2,1155406,1155325,81,MWLKACNSTVVTFLHISSTNQKLQRLN,length1,81
-2,1155211,1155184,27,MWKAKRLQP,length1,27
-2,1154968,1154854,114,MVSAMKHKSKVVWLKFVSKSKNQLLTTTKKNSKNALLN,length1,114
-2,1154779,1154713,66,MTHYMQLVLRLKKVSLPVVALH,length1,66
-2,1154656,1154503,153,MWVSNLHYVRWKHLYVKSSLTQAKKHLLWQVRLKMEKETLVITQVQNNTAI,length1,153
-2,1154386,1154371,15,MIKPI,length1,15
-2,1154206,1154179,27,MIKIKKPSF,length1,27
-2,1153828,1153750,78,MLALVAITALPCGIKKLRAKPDLTFT,length1,78
-2,1153675,1153654,21,MIVSVWK,length1,21
-2,1153414,1153411,3,M,length1,3
-2,1153378,1153375,3,M,length1,3
-2,1153234,1153228,6,MF,length1,6
-2,1153213,1153189,24,MLNSTRAF,length1,24
-2,1152352,1152229,123,MQSSFAIVSSKNNRFFIRTLGGKVKKNGRIIAVFSFLRKKK,length1,123
-2,1152127,1151266,861,MNSKKHLGHTARKRFGQNFLHDTSVIQGIVAAIYPQPNQFLVEIGPGLGALTEPVGELVDHLTVVELDRDLAERLRHHPFLHQKLTVIETDAMQFDFGALYTKENLAEKEQKLRVFGNLPYNISTPLMFHLFKYHDVIQDMHFMLQKEVVKRLCAAPNSKAYGRLTIMAQYFCQVMPVLEVPPSAFKPAPKVDSAVVRLIPHKELPHPVKDLYWLNRVCSQAFNQRRKTLRNALSTLFSPENLTALGIDLNARAENLAIADYARLANWLADNPPADINKDEILDSEE,length1,861
-2,1150534,1150522,12,MEFD,length1,12
-2,1150342,1150309,33,MTIFSIALIFK,length1,33
-2,1150198,1149373,825,MATYFVGDLQGCYDELQLLLERVDFNPTQDKLYLVGDLVARGDKSLECLRFVKSLGDSAQTVLGNHDLHLIATALGIKKVKPRDRVDAIFNAPDFDELIHWLRHQPLLVHNEKLNFLMAHAGISPDWNLETAKSCAAEVEQILQHGDFYYLIENMYSEQPDRWSSDLQGLDRHRYIINAFTRMRFCYLDHRLDFACKSPLKYAPTELTPWFNLGNPLYKQIPIVFGHWASLVDEPTPKGVYALDTGCVWNNRMTMLRWEDKQIFTQSAVKNYSDF,length1,825
-2,1149361,1148740,621,MLSLTAESCELFNIPFYQFAQMKKSCPEDIPAIKADYKLHWDNWKAIIQSVSAQLGTPFAKPHIESWTNGWQVRAHFFAYFKYEFNQNSAAIFSVLLNRRRLRVCLDWHYYRADRSQINVQQYNQWLDQFDFKQFADFDIWREDESEYDDFRQVKVISEKNLILRSDEDFWCIGKSIEKAELHQIDPVSFITQTIQQLQSLYDRCHQ,length1,621
-2,1148701,1148683,18,MQSSIF,length1,18
-2,1148593,1148440,153,MLYYRHDQSSWCGKTRHVVYLCVHKYEHRSSRVVLAISLLVNVLKYSHLRK,length1,153
-2,1148365,1148344,21,MRFLKCL,length1,21
-2,1148137,1148086,51,MPYVPLQSILFCRLQLV,length1,51
-2,1147993,1147969,24,MEYQNLTH,length1,24
-2,1147765,1147648,117,MLRKLTAYRHIQYHCEPFSQNDQHLRRRPSHNKVRLVLF,length1,117
-2,1147423,1147414,9,MRQ,length1,9
-2,1147327,1147318,9,MHR,length1,9
-2,1147084,1147078,6,MM,length1,6
-2,1146634,1146583,51,MICPNRHSLFLQQMVMK,length1,51
-2,1146469,1146466,3,M,length1,3
-2,1146364,1146358,6,MS,length1,6
-2,1146193,1146145,48,MRLACSMSLAVLEMRI,length1,48
-2,1146121,1146088,33,MTARFSSSKLV,length1,33
-2,1146049,1145923,126,MPKIIQSKTPFGMTALNSSSKRFSSKCGSFSPRIRWIFSIGI,length1,126
-2,1145614,1145572,42,MLDSKIGGLKPTLH,length1,42
-2,1145038,1145035,3,M,length1,3
-2,1144705,1144642,63,MKLRFQSGSNQPFEKRNTSKF,length1,63
-2,1144147,1144135,12,MSLR,length1,12
-2,1144108,1144054,54,MTIQLLSVCIIIPYSASE,length1,54
-2,1143886,1143877,9,MAP,length1,9
-2,1143553,1143502,51,MLNTGLFLRTKVINTEN,length1,51
-2,1142674,1142383,291,MPTINTIKPNHSPIVSQFSRFKDNGASEPPVVTEAAIMNAKMTPIKLSPTIKPAEKSVPKRSALADTSLLPSFAIWRAIIHARNAPTITGVLIDGGK,length1,291
-2,1142272,1142269,3,M,length1,3
-2,1142230,1142140,90,MAVINVACGADKACEGSISGRGNAPLKPYA,length1,90
-2,1141747,1141708,39,MESSGEIGAAAIK,length1,39
-2,1141525,1141501,24,MPIVPTPI,length1,24
-2,1140913,1140679,234,MLESLKNLSTAIEMTAAGIDDANVTPTFRPRYTLDAVKITVINAPRIIPRTVNSFKFSLCINCSLSLKKENRSTLSKI,length1,234
-2,1140088,1140046,42,MFLRFNISQNWILH,length1,42
-2,1139983,1139980,3,M,length1,3
-2,1139476,1138486,990,MKKTFILQQQEISFVKNTFTQNLIEQLGIIEVQGPILSQVGNGMQDNLSGIEKAVQVNVKCIPNAVFEVVHSLAKWKRHTLARFNFKEDEGLFVHMKALRPDEDSLDPTHSVYVDQWDWEKVIPEGRRNFAYLKETVNSIYRAIRLTELAVEARFDIPSILPKQITFVHSEDLVKRYPDLSSKERENAICKEYGAVFLIGIGGKLSDGKPHDGRAPDYDDWTTESENGYKGLNGDILVWNDQLGKAFELSSMGIRVDESALRLQVGLTGDEDHLKMDWHQDLLNGKLPLTIGGGIGQSRLAMLLLRKKHIGEVQSSVWPKEMLEEFSNIL,length1,990
-2,1138069,1138042,27,MPFGRRLNL,length1,27
-2,1137727,1137721,6,MV,length1,6
-2,1137700,1137661,39,MKRRTNYLLFLKT,length1,39
-2,1137385,1137355,30,MLHFMANGQM,length1,30
-2,1137313,1137256,57,MSLKLVRILECTQFLLQRQ,length1,57
-2,1137154,1137112,42,MFMPIIWGLVKMNS,length1,42
-2,1137088,1137055,33,MILLGIMEVFH,length1,33
-2,1136995,1136983,12,MLFL,length1,12
-2,1136929,1136911,18,MLKDLS,length1,18
-2,1136908,1136902,6,MF,length1,6
-2,1136899,1136881,18,MVQRIS,length1,18
-2,1136830,1136824,6,MS,length1,6
-2,1136356,1136332,24,MFSQDSTI,length1,24
-2,1136269,1136221,48,MRLMAFFSGSSLSSLI,length1,48
-2,1135972,1135867,105,MVYGESVLLCHFFQTVSTMSRLRRWKEYCKNEPLL,length1,105
-2,1135426,1135384,42,MLPTQVEHVLWVYW,length1,42
-2,1134982,1134976,6,MR,length1,6
-2,1134772,1134760,12,MLLE,length1,12
-2,1134334,1134325,9,MGR,length1,9
-2,1134289,1134265,24,MSAFSLLT,length1,24
-2,1134235,1134229,6,MK,length1,6
-2,1134199,1134184,15,MPFQS,length1,15
-2,1133383,1133380,3,M,length1,3
-2,1133332,1133329,3,M,length1,3
-2,1133263,1133260,3,M,length1,3
-2,1133227,1133221,6,MI,length1,6
-2,1132858,1132633,225,MIFASAGFSNKYSCIFSFIADSTALLTSEETSLSFVCDENFGSGTLTEIIATKPSRASSPEVATFSFFSIPSFSI,length1,225
-2,1132564,1132471,93,MLLVKQYTFSFTPSFHCNATSTPMPSFSAVK,length1,93
-2,1132150,1132075,75,MVNCNLSESAFTTDTPTPCKPPDTL,length1,75
-2,1131892,1131763,129,MALSTTSNTIWCKPVPSSVSPIYIPGRLRTASRPFNTLMLDAP,length1,129
-2,1131448,1131409,39,MQCVYAAHPLLTL,length1,39
-2,1131346,1131286,60,MMKYALNHLDEHQYPQMRQN,length1,60
-2,1130812,1130545,267,MARMRYLNLRLPRLRSLPLLHQVYAQVEFGLHRVDIAQHQWLSVRFSLILPMDLVNDAQLIPHHVKIHLNSGIHLRQIQKLNKRTRQLH,length1,267
-2,1129969,1129867,102,MHDEKAHFSIILGGQNNLGILRLPFLCLRSLLIR,length1,102
-2,1129675,1129528,147,MAQDQLQWQFALWYDVLVCTVNINPLIRFCFVSHGFYCAVHQSISLALQ,length1,147
-2,1129405,1129327,78,MEWCCHHLIIEWQQEFVGVERLILPQ,length1,78
-2,1129099,1129087,12,MQQH,length1,12
-2,1129069,1129009,60,MPNIFMVNVAYVKLIAACVF,length1,60
-2,1128919,1128820,99,MKKVKLSNTVSSVVMNLPLRKIGYPLIPQLLEL,length1,99
-2,1128757,1128754,3,M,length1,3
-2,1128739,1128709,30,MRITRKNKRW,length1,30
-2,1128328,1128307,21,MYPQKQK,length1,21
-2,1128103,1128028,75,MLHPLKRDESFLFEQHEHQPLFQPI,length1,75
-2,1127791,1127752,39,MGIFFCTSSEAII,length1,39
-2,1127731,1127713,18,MTIIKH,length1,18
-2,1127656,1127647,9,MML,length1,9
-2,1127527,1127497,30,MRLRFIKKHF,length1,30
-2,1127188,1127173,15,MFIFR,length1,15
-2,1126945,1126942,3,M,length1,3
-2,1126783,1126771,12,MILS,length1,12
-2,1126750,1126681,69,MKNLKTSLSFQMVMVNLPKAWVC,length1,69
-2,1126555,1126540,15,MLTLC,length1,15
-2,1126402,1126390,12,MQQS,length1,12
-2,1126192,1126135,57,MGRWRFFRLTCNVRRLKVF,length1,57
-2,1125154,1125076,78,MDKFNSARSLTRAFYYKKRAEFLPHF,length1,78
-2,1125064,1124401,663,MTLNDKYPFTDEDQAIINSYKAVVDGVSALIGEHCEIVLHSLENIEHSAICIANGHNTNRQVGSPITDLALRSLRNMQSESVSKPYFTRAKGSVLMKSVTIAIRNKTQRIIGLLCININLDVPMSQFLQCFMPTEHTNETSSVNFANSVEDLVAQTIEKTIEEVNTDRAVANNTKNRQIVLSLYEKGIFDIKDAINLVAERLDISRHTVYLYIRQIKQEQE,length1,663
-2,1124392,1124344,48,MLSPSKALFTENKGHF,length1,48
-2,1124326,1124320,6,MP,length1,6
-2,1124275,1124269,6,ME,length1,6
-2,1124257,1124251,6,MH,length1,6
-2,1124236,1124128,108,MMKLIYKNIGKCFPSPTMFLCIYVLRHLKDEVLLIT,length1,108
-2,1123654,1123369,285,MLYTFSQSDYPKTELDDYFSYITEKDAVVLWQDGVLLAIKYPDYFAKCKGNCMILKQDILARNLTALLPQSSKIKLISIEELVGITENYLPQLSL,length1,285
-2,1123312,1123231,81,MRRIFSALFFLLLLSFIFKTFKSSSII,length1,81
-2,1123018,1122949,69,MEYDDHLHLLIIRILLIQNQCVV,length1,69
-2,1122883,1122814,69,MHRYFHLHDLRQVIYGTFQHLLQ,length1,69
-2,1122586,1122445,141,MLVMLNHVRLEYRHPGSHIEIEVHALPFLLILITLRHLPYRICLRIR,length1,141
-2,1122439,1122388,51,MVHLLGDLIRCVHEFVA,length1,51
-2,1122190,1122148,42,MHALHHRNVLLIRL,length1,42
-2,1121752,1121662,90,MVEGEGFEPSKAEPTDLQSAPFGRSGTPPH,length1,90
-2,1121659,1121650,9,MNT,length1,9
-2,1121638,1121602,36,MVPTIGIELMTY,length1,36
-2,1121422,1121407,15,MKNEC,length1,15
-2,1119613,1119604,9,MAI,length1,9
-2,1119562,1119469,93,MSITKRIHICGSSLHKGNFIIEIIQCLCHFI,length1,93
-2,1119175,1119148,27,MYLYLAHYS,length1,27
-2,1119124,1119088,36,MARFAILESQVN,length1,36
-2,1118812,1118707,105,MNAKTLVILRLLIKHLSSQFRLVLHPYRLKAALFA,length1,105
-2,1118329,1118275,54,MYRKHFRHEKIQLSDKLL,length1,54
-2,1117840,1117807,33,MLQIKRHYDFI,length1,33
-2,1117567,1117510,57,MTLIIIKIAKAIIIKSITF,length1,57
-2,1117267,1117207,60,MFPFKNYIKRMTIIINHSEK,length1,60
-2,1116964,1116904,60,MASAMPCRNVATFFTSPLRT,length1,60
-2,1116427,1116307,120,MVEPCGRIGLPLRKIDIIRQSICGICSRNAESAYPTKGPP,length1,120
-2,1115836,1115782,54,MIIFIITLLYDARLSNFA,length1,54
-2,1115749,1115743,6,MN,length1,6
-2,1114987,1114966,21,MISRQFG,length1,21
-2,1114726,1114678,48,MRVLPLSGLSTRRLII,length1,48
-2,1114453,1114435,18,MQAPYQ,length1,18
-2,1114027,1113913,114,MEQALPVCYKDSLKFQSVKYHNRLYVTYRLYLNLHPFA,length1,114
-2,1113352,1113346,6,MR,length1,6
-2,1113169,1113097,72,MDKHPSSIPVSPSEAKISGLIKTN,length1,72
-2,1112830,1112803,27,MCRKAPNGA,length1,27
-2,1112713,1112644,69,MELITYQNSFLANPFNKEISDSP,length1,69
-2,1112485,1112473,12,MIKN,length1,12
-2,1112068,1112056,12,MRVN,length1,12
-2,1111855,1111726,129,MYLLTWRCPTLTWGNPTLPSALQRFTSEFGMVSGGSTALSPPG,length1,129
-2,1111339,1111267,72,MLSALISSAFSYPAMPLARQLEHQ,length1,72
-2,1111099,1110907,192,MSRHRGAKHRRRYELLGGISLLSPEYLLSVERWPFHSEPPDHYDLLSYLLDLSVSQLSLLIPLH,length1,192
-2,1109167,1109128,39,MARSPGFGSIPCN,length1,39
-2,1108918,1108801,117,MGLPLLVRTRFQVLFHSPHRGSFRLSFTVLVHYRSIRSI,length1,117
-2,1108789,1108732,57,MVPPSSNRISRVPPYFSLA,length1,57
-2,1108720,1108612,108,MVFRYGIITLFDCASQHILLTILLSLTGSFAFARRY,length1,108
-2,1108537,1108384,153,MNSLVDSRFFIYWVSPFGYLGLNASYRLIQAFRRLARPSSPLIAKASTLYA,length1,153
-2,1108312,1108285,27,MRIFIQLNT,length1,27
-2,1108054,1108048,6,MS,length1,6
-2,1107409,1107340,69,MQHLSLSSRRHKLISELFLGCQE,length1,69
-2,1107115,1106995,120,MSVSTFPRGCLRLRYSSTSLRISPLHVEFYPSLKYSSYPV,length1,120
-2,1105804,1105792,12,MFNR,length1,12
-2,1105426,1105264,162,MLILYIHIKPPMNNYFKRVSRSTSDFIYIMKFLLHLNINVRFVSQIVNLKFIFI,length1,162
-2,1104925,1104922,3,M,length1,3
-2,1104889,1104847,42,MLRLGLVVCLWVEL,length1,42
-2,1104751,1104706,45,MQNTHLILFMQQNLV,length1,45
-2,1104703,1104700,3,M,length1,3
-2,1104670,1104637,33,MGNRHLKSVMH,length1,33
-2,1104616,1104613,3,M,length1,3
-2,1104481,1104469,12,MQTV,length1,12
-2,1104394,1104388,6,MH,length1,6
-2,1104334,1104301,33,MAKILLEMKLA,length1,33
-2,1104241,1104208,33,MEKAFQKQENY,length1,33
-2,1104151,1104115,36,MAKKLVKERLIQ,length1,36
-2,1104082,1104076,6,MN,length1,6
-2,1103779,1103713,66,MKLYLDAKQKIGKVIVVFQKII,length1,66
-2,1103689,1103683,6,MV,length1,6
-2,1103626,1103617,9,MKF,length1,9
-2,1103593,1103527,66,MKWQKTCYVKNSQITTNSKRLK,length1,66
-2,1103479,1103464,15,MNLLI,length1,15
-2,1103392,1103383,9,MLS,length1,9
-2,1103284,1103257,27,MWLAILKNR,length1,27
-2,1103098,1103068,30,MTHLILHHNL,length1,30
-2,1103059,1103041,18,MPALII,length1,18
-2,1102834,1102828,6,MF,length1,6
-2,1102663,1102504,159,MMFGKINYVIIKSRFFMELTHCRNIFISKPAFILIAIHTYFGSIKWRFVKLEN,length1,159
-2,1102378,1102333,45,MITSCCQNNIYAFLL,length1,45
-2,1102294,1102282,12,MFRC,length1,12
-2,1101871,1101808,63,MFIPQCIVKTQGDYYGFQYEK,length1,63
-2,1100305,1100296,9,MVA,length1,9
-2,1100191,1100164,27,MFSFTCRKS,length1,27
-2,1099777,1098250,1527,MDASKKKKTFNFPSAFTILFAILILAVGLTWVIPSGSYSKLTYNSTDNVFVVKAYGVDDKTYPATTDTLDNLNIKIKLSNFTEGVIKKPIAIPGTYQRVEQHHKGIEDITKSMVEGTIEAVDVMVFIFVLGGMIGVINRTGSFNAGLMALVKKTKGNEFFIVFCVSVLMVLGGTTCGIEEEAVAFYPILVPVFLALGYDAIVCVGAIFLAASMGTAFSTINPFSVVIASNAAGIQFTEGIGFRALGLVLGATCVIAYLYWYCKKIKADPSFSYTYDDREEFRQRYMKNFDPNTTIPFSARRKLILTLFCISFPIMIWGVMVGGWWFPQMAASFLAITIIIMFISGLSEKDVVESFTEGASELVGVSLIIGLARGVNLVLEQGMISDTILDYMSNVVSGMPGSVFILGQLVVFIFLGLIVPSSSGLAVLSMPIMAPLADSVGIPRDIVVSAYNWGQYAMLFLAPTGLVLVTLQMLHIPFDRWVKFVMPMIGCLLLIGSILLVVQVSLYSV,length1,1527
-2,1098085,1098082,3,M,length1,3
-2,1097668,1097653,15,MLLNN,length1,15
-2,1097641,1097581,60,MYLALPKILIRKLRQKLPKL,length1,60
-2,1097452,1097155,297,MKIVLQLRLMALLKQKHYLPKVLKTCLKDMVILITRVMELKLKLYLMPKLPKVQILSCLVVVHWVAPSSIKLKMQEIFCLTKTTRLNIKLVLPARMMKD,length1,297
-2,1097116,1097041,75,MYLLSALGVMVMKSKIMITNLQTTF,length1,75
-2,1096936,1096906,30,MIEDGLKIKV,length1,30
-2,1096885,1096849,36,MDARNMFVMIMK,length1,36
-2,1096831,1096801,30,MMKALEPVNL,length1,30
-2,1096699,1096666,33,MVNGVLGYKTP,length1,33
-2,1096564,1096516,48,MNLSLIDTVTLKKKFL,length1,48
-2,1096483,1096405,78,MVENIILTRLAALKITVMLITRGCVD,length1,78
-2,1096396,1096393,3,M,length1,3
-2,1096351,1096345,6,MI,length1,6
-2,1096285,1096216,69,MELTVIKVQFKVSKLMERLRIYQ,length1,69
-2,1096156,1096117,39,MATILAQRKHLVF,length1,39
-2,1096000,1095982,18,MIYLMV,length1,18
-2,1095820,1095787,33,MVLSILKMNLE,length1,33
-2,1095784,1095769,15,MIVLA,length1,15
-2,1095751,1095712,39,MTKSNTKPIINRV,length1,39
-2,1095694,1095685,9,MIC,length1,9
-2,1095628,1095535,93,MIQMKLIDEKMQKLILIIFLNPKNLMRVLML,length1,93
-2,1095457,1095400,57,MNYTSHSSTQNLLFFQALN,length1,57
-2,1095355,1095280,75,MMMKSVLFLVDISSQIIIILLILVI,length1,75
-2,1095244,1095220,24,MNYINLLI,length1,24
-2,1095214,1095205,9,MLK,length1,9
-2,1095145,1095124,21,MLILVTN,length1,21
-2,1095082,1095067,15,MLFSQ,length1,15
-2,1094998,1094881,117,MFPKKKRVTHITFIQKMLQQEIKNMFKINILNGVVKLTQ,length1,117
-2,1094710,1094656,54,MLQAKTIECQFSLNSNLL,length1,54
-2,1094593,1094557,36,MLIFYCDLSDEV,length1,36
-2,1094194,1094101,93,MIFPSVAFLPNSSTFSLNLGLCLSICLCLIP,length1,93
-2,1093984,1093945,39,MLSLILSEVLFFT,length1,39
-2,1093660,1093609,51,MLDFVFSLGIIAITFHP,length1,51
-2,1093468,1093459,9,MLG,length1,9
-2,1093444,1093405,39,MNMKKLCKMHFPI,length1,39
-2,1093378,1093303,75,MVNSIGILLNKQMSSLLAVEIHFVC,length1,75
-2,1093291,1093279,12,MNTI,length1,12
-2,1093213,1093210,3,M,length1,3
-2,1093183,1092859,324,MICRLLILLHFKHYNFFLIKLIRTLFQVKCKATMVKAEKNVWQNFYSLIQPHLYMHYLKVLRFIYKMKWQLYWAKILFCASVKIWNVAHLISIQLFLINLKGTYNGII,length1,324
-2,1092637,1092634,3,M,length1,3
-2,1092103,1092097,6,MD,length1,6
-2,1091503,1091041,462,MNLDLNQLVKWRREFHRFPEIGWSEFWTTSRIADYLEDLDCFEIFLGKQIINPDFVRGRKQAVVDKGLANAKAYGANEKWLEKMEGYTGCVALFDSGKPGKTIALRFDIDCVNVTETRSPEHIPNKEGFASINDGFMHACGHDSHITIGLGVVL,length1,462
-2,1090711,1090234,477,MTRINVGVLKAGEGRNVIPSSAELQLEVRGENKAINEYMTEQVMQIAKGISISFDVAYETEIVGEAVDMNNDVELIKLIEEISLEQPQINNVNSDYAFNASEDATILGRRVQEHGGKAIYFILGADRTAGHHEAEFDFDENQLLTGVNIYTSLVQKLLA,length1,477
-2,1090138,1088167,1971,MMNRRHFIQIGATSILALSANRFAMAKGKSDVDLRIVATTDVHSFLTDFDYYKDAPTDKFGFTRAASLIRQARAEVKNSVLVDNGDLIQGNPIADYQAAQGYKEGKSNPAVDCLNAMNYEVGTLGNHEFNYGLNYLADAIKQAKFPIVNANVVKAGTEEPYFTPYVIQEKSVVDNQGKTHKLKIGYIGFVPPQIMVWDKANLQGKVETRDIVKTAQKYVPEMKKKGADIVVALAHTGPSDEPYQEGAENSAFYLADVPHIDAVIFGHSHRLFPNKEFAKSPNADIVNGTVKGVPESMAGYWANNISVVDLGLTEHKGKWIVTSGKAVLRPIYDIETKKALAKNDPEITALLKPVHEATRKYVSQPIGKATDNMYSYLALVQDDPTIQIVNQAQKAYVEKVAPSVAAMAGLPILSAGAPFKAGGRKNDPTGYTEVNKGELTFRNAADLYLYPNTLVVVKATGEQLKEWLECSAGMFKQIDPTSDKPQSLIDWEGFRTYNFDVIDGVNYEYDLTKPARYDGECKLINPESHRVVNLTYQGKPVDPKAEFLIATNNYRAYGNKFPGTGDQHIVYASPDESRQILADYIKATSEKEGSVNPNADKNWRFVPITGNDKLDVRFETSPSEQAAKFIAEKAQYPMKQVGTDEIGFAVYQIDLSK,length1,1971
-2,1087213,1087180,33,MIAFSQDFWIL,length1,33
-2,1085770,1085755,15,MVSTP,length1,15
-2,1084411,1084387,24,MGFGYPED,length1,24
-2,1084366,1083898,468,MPRRRSIEARKILPDPKFGSELLAKFINVIMVDGKKSVAESIVYGALETLAQRTGKEPLEAFEVALENVRPTVEVKSRRVGGSTYQVPVEVRPVRRNALGMRWIVEAARKRGDKSMALRLANELSDASDNKGAAVKKREDVHRMAEANKAFAHYRW,length1,468
-2,1083754,1083517,237,MRVKPLLLSVSYSILVLATKSVKCTMVQQRWTGWNKNKSVVSPLPLRQQLHSGLVCHNNSHNIVSMLSILRDTWTLLLK,length1,237
-2,1083493,1083484,9,MAQ,length1,9
-2,1083415,1083391,24,MKFHVLRS,length1,24
-2,1083319,1083268,51,MLFLFNSLLVQKKTSQV,length1,51
-2,1083232,1083214,18,MKQTKV,length1,18
-2,1083202,1083115,87,MKKCLLICKQTVKNGVKTLLKRQLKRQKN,length1,87
-2,1083037,1083022,15,MKLFW,length1,15
-2,1082974,1082860,114,MQLLNTYQHQLIFLLLKVSIQMKLKVSVTQVMKNHSLH,length1,114
-2,1082650,1082647,3,M,length1,3
-2,1082617,1082575,42,MRQLSLSVWNSQSQ,length1,42
-2,1082470,1082422,48,MRNLVKPLFLVWVSCT,length1,48
-2,1082323,1082317,6,MM,length1,6
-2,1082275,1082245,30,MVTLLLTYIH,length1,30
-2,1082224,1082215,9,MNL,length1,9
-2,1082074,1082053,21,MMWIHLS,length1,21
-2,1081945,1081933,12,MLVM,length1,12
-2,1081861,1081771,90,MLKFHFLRCSVMQQIYVHKLKVVHHTQWNR,length1,90
-2,1081765,1081732,33,MLKLQQVWQLQ,length1,33
-2,1081684,1081660,24,MIVLYRTS,length1,24
-2,1081645,1080463,1182,MSKEKFERTKPHVNVGTIGHVDHGKTTLTAAITTVLAKHYGGAARAFDQIDNAPEEKARGITINTSHVEYDTPTRHYAHVDCPGHADYVKNMITGAAQMDGAILVVAATDGPMPQTREHILLGRQVGVPYIIVFLNKCDMVDDEELLELVEMEVRELLSQYDFPGDDTPIVRGSALQALNGVAEWEEKILELANHLDTYIPEPERAIDQPFLLPIEDVFSISGRGTVVTGRVERGIIRTGDEVEIVGIKDTAKTTVTGVEMFRKLLDEGRAGENIGALLRGTKREEIERGQVLAKPGSITPHTDFESEVYVLSKDEGGRHTPFFKGYRPQFYFRTTDVTGTIELPEGVEMVMPGDNIKMTVSLIHPIAMDQGLRFAIREGGRTVGAGVVAKIIK,length1,1182
-2,1080457,1080448,9,MNS,length1,9
-2,1080445,1080439,6,MS,length1,6
-2,1080274,1080262,12,MTLL,length1,12
-2,1080076,1080049,27,MLEEVVFHK,length1,27
-2,1079188,1079179,9,MPF,length1,9
-2,1079026,1079023,3,M,length1,3
-2,1078585,1078567,18,MATLFK,length1,18
-2,1078012,1077997,15,METFL,length1,15
-2,1077949,1077874,75,MSVHFTFKFFFKISNWLIRNHRKNI,length1,75
-2,1077268,1077265,3,M,length1,3
-2,1076851,1076824,27,MFLVAKFVI,length1,27
-2,1076710,1076695,15,MPNKH,length1,15
-2,1076365,1074997,1368,MQLSTLTALSPLDGRYQDKVTPLRAIFSEFGLMKFRVVVEVRWLQKLASTADITEVPPFSTQANAFLDGIVANFNEADAARIKEIERTTNHDVKAVEYFLKEKIQNEVELVNVSEFIHFACTSEDINNLSHALMLSTARDEVILPEWQKLIDEITRLAEEYKTIPLLSRTHGQPASPSTVGKEMANVVYRLKRQFKQLQNAEILGKINGAVGNYNAHLSAYPNIDWHKFSEEFVTSLGIQWNPYTTQIEPHDYIAEFFDAVVRFNTIIIDFDRDLWGYIALNHFKQRTIAGEIGSSTMPHKVNPIDFENSEGNLGLANAVMTHLGQKLPISRWQRDLTDSTVLRNLGVGLGYCLIAYASTRKGMSKLEVNQPHLLEELNQNWEVLAEPIQTVMRRYGIEKPYEKLKELTRGKRVTEQAMREFIDKLDIPQEEKLRLQKLTPATYIGAAVELVEKLS,length1,1368
-2,1074835,1074769,66,MVNRIRIFLASGRRSHPNLRIR,length1,66
-2,1074514,1074469,45,MLKRYVCRSNTYRVL,length1,45
-2,1073647,1072279,1368,MTKKALSAVILAAGKGTRMYSDLPKVLHTIAGKPMVKHVIDIAHQLGSENIHLIYGHGGDLMRTHLANEQVNWVLQTEQLGTAHAVQQAAPFFKDNENIVVLYGDAPLITKETLEKLIEAKPENGIALLTVNLDNPTGYGRIIRENGNVVAIVEQKDANAEQLNIKEVNTGVMVSDGASFKKWLARVGNNNAQGEYYLTDLIALANQDNCQVVAVQATDVMEVEGANNRLQLAALERYFQNKQASKLLLEGVMIYDPARFDLRGTLEHGKDVEIDVNVIIEGNVKLGDCVKIGAGCVLKNVVIGNDVEIKPYSVLEDSIVGEKAAIGPFSRLRPGAELAAETHVGNFVEIKKSTVGKGSKVNHLTYVGDSEIGSNCNIGAGVITCNYDGANKFKTIIGDDVFVGSDTQLVAPVKVANGATIGAGTTITRDVGENELVITRVAQRHIQGWQRPIKKK,length1,1368
-2,1072186,1072162,24,MLIIYLLV,length1,24
-2,1072039,1072033,6,ML,length1,6
-2,1072021,1072000,21,MPLDTII,length1,21
-2,1071967,1071961,6,MD,length1,6
-2,1071856,1071841,15,MKVTM,length1,15
-2,1071754,1071745,9,MML,length1,9
-2,1070953,1070929,24,MGCFKRIP,length1,24
-2,1070899,1070896,3,M,length1,3
-2,1070794,1070770,24,MIFAISST,length1,24
-2,1070269,1070179,90,MYLLLSLALIHVMWFLCHLELLLPIHYVMQ,length1,90
-2,1070158,1070137,21,MVSLFSI,length1,21
-2,1070107,1070011,96,MHRYAHINHQQELDCRLNLKFCWFLHNLSILL,length1,96
-2,1069954,1069879,75,MPRQSYLLGSYQHAFLPSLYVQYLK,length1,75
-2,1069876,1069720,156,MKQGLLIHLKLLVLINPFVKVIHAYFLRQHLKPLGKLPQKSIPPNLFQIDRR,length1,156
-2,1069462,1069393,69,MHFSGRLHPCHQKQVLFDLLVKL,length1,69
-2,1068418,1068406,12,MNFP,length1,12
-2,1068136,1067560,576,MADGTLLPYLDIPLQHASPKILKAMKRPGSIDRTLERIKQWREICPDLTLRSTFIVGFPGETEEDFQLLLDFLKEAQLDRVGCFKFSPVEGAPATDMADQVPEDVKEERFHRFMQLQQEISANRLKQKIGKTLDVLVDEIDEDGIIGRSKADAPEVDGLVYVDNLSGINVKVGDVIKVTITNSDEYDLWGSC,length1,576
-2,1067362,1067278,84,MHIQNIHAFAFKEIAFASKGFNRCIPSQ,length1,84
-2,1067131,1066933,198,MHPPARHLPNHGIHPQEFFDFSFNVITSINYSFFDIVSKCGQNFFRFFVKRMVQLAVRMTKRLTAV,length1,198
-2,1066888,1066816,72,MGLPLCLFTLIFKSLFVCHVISRL,length1,72
-2,1066378,1066333,45,MLVWWGKMPSSIPIK,length1,45
-2,1065952,1065946,6,MR,length1,6
-2,1065907,1065895,12,MCFS,length1,12
-2,1065562,1065448,114,MTSNFSPVPMVEKSFLSNTCSLLSIKILAQCKIRWVER,length1,114
-2,1064890,1064872,18,MSKPSV,length1,18
-2,1064830,1064635,195,MECATRSFISRAALFVKVTAAICFGEYPHFSIKWAILLMITRVLPEPAPASTRQGPVTYSTACCC,length1,195
-2,1064569,1064470,99,MREANLRLAIPIVAPFQDHKQPLHRRYIFLLDR,length1,99
-2,1064344,1064341,3,M,length1,3
-2,1064113,1064065,48,MCNRLTNKLHAFLQRK,length1,48
-2,1063984,1063918,66,MTVRNRIKSTRINHARHTLRSK,length1,66
-2,1063612,1063519,93,MPYINISSPILSPKITWVFSFGNSFVERRIN,length1,93
-2,1063402,1063246,156,MISSSPLCVLAAIHIGRSCFQSVRNESILRNSSSFVLRSYLILPVIFNFSFG,length1,156
-2,1063216,1063147,69,MLSCAAIKLICDHIVCKCAFIFP,length1,69
-2,1062898,1062883,15,MDKCG,length1,15
-2,1061854,1061836,18,MGARSA,length1,18
-2,1061800,1061722,78,MIVHQPHRLHKRIARGFANKDETTFF,length1,78
-2,1061641,1061629,12,MIHK,length1,12
-2,1061539,1061530,9,MAN,length1,9
-2,1061458,1061368,90,MKGCTVRFTFFQNRNPRKSRLLPFQTNFFK,length1,90
-2,1061326,1061257,69,MIININRLFANPRASGYLLHIKT,length1,69
-2,1061143,1061035,108,MFQSFLIKIFPQYFSSTFTIKFLFKDLKGSIWLITI,length1,108
-2,1061029,1061005,24,MSPDRSCH,length1,24
-2,1060825,1060801,24,MLFTNKFV,length1,24
-2,1060786,1060777,9,MFE,length1,9
-2,1060771,1060681,90,MIRVCCFILWRFSLINHTGSKNKISIFNNR,length1,90
-2,1060603,1060465,138,MLMQYHHIMTKIIKFYLLYLWNNIISIMVFIKNTECKYKHRIVFIN,length1,138
-2,1060015,1060006,9,MFC,length1,9
-2,1059682,1059667,15,MYSIV,length1,15
-2,1059346,1059256,90,MLSNFPVRKCEVVDLAGTIQVVGRSYLPCR,length1,90
-2,1058305,1058185,120,MFASSEENLFIFSSNCVIFLRNGAVCWRNSASRRFCSLRF,length1,120
-2,1056271,1056241,30,MNELNEQNPK,length1,30
-2,1055809,1055746,63,MIVYHLDSLLKTFVPLYILSQ,length1,63
-2,1055683,1055680,3,M,length1,3
-2,1055401,1055395,6,ME,length1,6
-2,1055296,1055278,18,MINNQL,length1,18
-2,1055221,1055188,33,MKIQDQLEGKG,length1,33
-2,1055074,1055032,42,MSYHIVDYVQHAKF,length1,42
-2,1054885,1054774,111,MFCHLFLFFQVQLLSIFHHSHKACYLEKLGFLYLFHN,length1,111
-2,1054483,1054444,39,MYPKMAFERNFHS,length1,39
-2,1054357,1054300,57,MYRINLAHENDVHINQLQG,length1,57
-2,1054258,1054201,57,MYCLAQFCMGLLFLFFYLE,length1,57
-2,1054087,1054069,18,MIDYFL,length1,18
-2,1053841,1053811,30,MFQLDVIHQY,length1,30
-2,1053064,1053019,45,MRTSFYFRSNHYDDR,length1,45
-2,1052983,1052827,156,MDWCHSVVELGGFSSCRVGFSPPSNNRKIFWWAKAHPMLSTHNSFYAYFFLF,length1,156
-2,1052332,1052278,54,MNCVALSIVNWLLCRLTK,length1,54
-2,1052026,1052017,9,MWG,length1,9
-2,1051960,1051900,60,MMLTKRKRWIKRLSISAKLP,length1,60
-2,1051846,1051822,24,MVAQLSGF,length1,24
-2,1051798,1051780,18,MHNSAC,length1,18
-2,1051708,1051699,9,MWR,length1,9
-2,1051696,1051540,156,MAKRLQIRSLHYLIHQWKPNKVRWILKPKITFKWKLKICIFLIVKKNQQLQV,length1,156
-2,1051417,1051363,54,MDKTPSILTALLSIKKYH,length1,54
-2,1051345,1051315,30,MCLKAHCVKI,length1,30
-2,1051297,1051267,30,MLQTSKFMRV,length1,30
-2,1051231,1051222,9,MAD,length1,9
-2,1051138,1051033,105,MPSFIFLMKRPVTLMWKAKKLFCSSFNNLNNKKPL,length1,105
-2,1051009,1051003,6,MR,length1,6
-2,1051000,1050964,36,MPTVLTYLTKAN,length1,36
-2,1050916,1050886,30,MLKCSNNKKI,length1,30
-2,1050862,1049206,1656,MRKNGFVVMGHLLKLVTPLAHIMAFTITMGTLGFLAAIFIMVFGAMGLVNLLNFDTHLSFSGILTALIVLAVARGALRYLEQMSGHYIAFKLLALLRDKVFSSLRRLAFVKLQDKQAGQLVSLVTNDIELLEVFYAHTIAPIMIAFFTSAILLLVFAQLSSWFVLVALAAYLTVGVILPIITTKLAREDGRRYRELVGEMNDFFLDSVRGMKEIQLFGYAQQRLAEIQQRSQKIDMAFERIKDQEAKVRVYTEVAVSVFNIIMLFTGLILFSLDKIDFAAFLIGVILLMSSYGPVIALSNLSSNLLQTLASGERVLSLLAEEPELKDVESAVDLKEVSRIDVENLNFAYGEEQILSGVSLSVKKGEILGIHGRSGSGKSTLLKLLMRFYDPKSGSIKINGETLPNINTRSLRDNMAYITQQTYIFNETIEENIRLARRDATLEEIMEAAKKASIHDFILSLPQGYQTKMTELGGNLSDGEKQRIGIARAFLHNAPIILLDEPTSNLDSLNEAMILKSLLNVKAEKLIILVSHRQSTMAICDQVIGIENGRMS,length1,1656
-2,1048843,1048819,24,MARQVVLN,length1,24
-2,1048738,1048687,51,MKNCVSEDHYFLINKRK,length1,51
-2,1048120,1048060,60,MALIKYDKNSLFFLLNLHCT,length1,60
-2,1048000,1047979,21,MKCIFVF,length1,21
-2,1047928,1047829,99,MKRALLNRKAERERYSLIIGVVRKMKTMMIFSK,length1,99
-2,1047544,1047532,12,MTDF,length1,12
-2,1047364,1047355,9,MTF,length1,9
-2,1047187,1047031,156,MVSVLAKLPLREIPLSKSPLVMPVAVNTRLSSRTRSSSFNTSFTFMPSAAQR,length1,156
-2,1046932,1046887,45,MAAAAATPSGAPPIP,length1,45
-2,1046707,1046470,237,MRRRFCSSGKFKSMMPFTFEPTTNFSIYISGAFKKVFLPPAAKTEIALDCPIAVIRVPSIGSTAIETNSPKPEPTFSPI,length1,237
-2,1046290,1046164,126,MANARFIIILLLLIFQDYGKNSIILSLSNRLHNKFLFNALKR,length1,126
-2,1045792,1045354,438,MHICILSGSTLGGAEYVAEHLNDVLETQGFSTALFHGPNLSDIENEKIWLIVTSTHGAGELPDNLKPLFDELANSQKDFSDVRFAVVGLGSSDYDTFCYAADKVEQTLQAKSAVKICETLKIDVLNVDDQESYAEEWLPSFIEGLK,length1,438
-2,1045315,1045312,3,M,length1,3
-2,1045186,1045171,15,MKMTR,length1,15
-2,1045162,1045114,48,MFNKRRGNYLSFRNLH,length1,48
-2,1045048,1044967,81,MNYMNTLSKSAQRNYLFQQGNLQRICK,length1,81
-2,1044955,1044943,12,MMGL,length1,12
-2,1044928,1044910,18,MYNKKI,length1,18
-2,1044868,1044862,6,MV,length1,6
-2,1044856,1044841,15,MEYSR,length1,15
-2,1044436,1044223,213,MMVISTLPILYPFSCTWRNASRSKPRLSAFLYCISVSGKSFPISPKAAAPKIASVNACNATSPSECAIKPV,length1,213
-2,1044106,1044043,63,MLNLLDESLLNYRYVQPLSAV,length1,63
-2,1044019,1043869,150,MLHLLYSHLVEFLWKAHLLIYLLGKTAVSLLAKAGYDLLFLQYIADCPLV,length1,150
-2,1043443,1043416,27,MIEHFIFFH,length1,27
-2,1043410,1043365,45,MLHSCAFFDRFKTFC,length1,45
-2,1042537,1042513,24,MAFYAIIS,length1,24
-2,1042450,1042402,48,MEMVRSNLCNPSSFSL,length1,48
-2,1042177,1042144,33,MGESTRYHIRS,length1,33
-2,1041190,1041157,33,MWSFKRTLSKH,length1,33
-2,1040740,1040731,9,MAR,length1,9
-2,1040560,1040440,120,MLFKSKPCNSDKRKPELYINSKIARSRISIGSLLSLASNC,length1,120
-2,1040383,1040218,165,MPVAGFTFNSPCCTKKLRNRRNADKRKAKLFSFKPCFLLSAKIKRTTLGVTCVQE,length1,165
-2,1040191,1040176,15,MVASS,length1,15
-2,1040092,1040050,42,MTNSIQINVLLGSI,length1,42
-2,1039090,1039081,9,MYW,length1,9
-2,1039039,1039024,15,MCASN,length1,15
-2,1038307,1038256,51,MTFINFLLRVVCKRHQP,length1,51
-2,1038181,1038163,18,MIRIAS,length1,18
-2,1037929,1037917,12,MLFG,length1,12
-2,1037908,1037887,21,MRCNLNR,length1,21
-2,1037830,1037821,9,MLQ,length1,9
-2,1037800,1037782,18,MLKCVL,length1,18
-2,1037716,1037578,138,MNCHYSVPKEKATFENPLIIRKVNMTMLSAVVFECVLNVQLKLLFV,length1,138
-2,1037572,1037569,3,M,length1,3
-2,1037446,1037428,18,MKREYL,length1,18
-2,1036591,1036360,231,MWFWVAVLAKFFVSLRWMNICRSVNSIISSFILFNFGFRRWRPTFSLLMQSKSRQKENTPCFALFPEKLKTCLTEIF,length1,231
-2,1035364,1035352,12,MPGY,length1,12
-2,1035124,1035118,6,ML,length1,6
-2,1034842,1034836,6,MA,length1,6
-2,1034350,1034341,9,MLN,length1,9
-2,1034272,1034215,57,MHVNYNVHFSYLSIHRHTK,length1,57
-2,1034203,1034182,21,MNTSYVR,length1,21
-2,1033849,1033813,36,MDMRTDFGVVDT,length1,36
-2,1033807,1033789,18,MMVFVA,length1,18
-2,1033024,1032868,156,MAFRRIKGLFCTINESLNIIIHIIPLISLRFHLPLPRQLQQPHPNHNQAQGH,length1,156
-2,1032538,1032511,27,MLHSMHCRH,length1,27
-2,1032445,1032406,39,MMVAVLVIQIMQV,length1,39
-2,1031815,1031743,72,MSLMAYGLINLKSQMQNQWPLDRC,length1,72
-2,1031200,1031191,9,MTF,length1,9
-2,1030816,1030711,105,MRLDVVPITQIVSPGTRISASAGLRQRLITSLLMR,length1,105
-2,1030228,1030177,51,MRFSLIHSSADSWSFTA,length1,51
-2,1030093,1029991,102,MPRSAQSRTIPAPVAPPPIMITSVLSDERSPTSL,length1,102
-2,1029751,1029718,33,MIRKSLTVSKG,length1,33
-2,1029709,1029697,12,MTHN,length1,12
-2,1029676,1028236,1440,MFGPFKPAPHIAELPAEKIDSTYKRLRWQVFAGIFFGYAAYYFVRANFDLAQPGLIQAGLYSKAELGVIGSAAGLAYGLSKFVMAGMSDRSNPRVFLPFGLLLSGLCMTLMGLFPWATSGIAIMWVMIFLNGWFQGMGWPPCGRTMVHWWSKSERGTIVSIWNTAHNIGGMVPGAMVLLASAIFFSTHGIEAQAKDVWQQSLYFPGIAAMIFAIPVYFVMRDTPQSCGLPSIEKWRNDYPDDYNEKTYENDLTAKEIFVTYVLKNKLLWYIAIANVFVYLIRYGVLKWSPVYLSEVKHFNIKGTAWAYTIYELAAVPGTLLCGWVSDKVFKGKRGLTGFIFMILTTAAVVAYWMNPATPEAELANYSAWYENPYQLTDFVLMTLIGFLIYGPVMLIGLHALELAPKKAAGTAAGFTGLFGYLGGTVSASAVIGWAAQHYGWDGGFYVMIGGGVLAVLLLLIVMVEEGKHKAKLGDTYGTK,length1,1440
-2,1026643,1026613,30,MQQRVYLAHI,length1,30
-2,1026568,1026556,12,MAKK,length1,12
-2,1026499,1026427,72,MPYTAMFLSIMKQSTILFVVHKKV,length1,72
-2,1026307,1026268,39,METEYLVVRLPHY,length1,39
-2,1025725,1025650,75,MGKINRYTCLQRDRLAMPPYCRHYR,length1,75
-2,1025563,1025551,12,MDFG,length1,12
-2,1025479,1025413,66,MEIDSRPSARNRLYQRISYHVI,length1,66
-2,1025395,1025389,6,MG,length1,6
-2,1025047,1025038,9,MAP,length1,9
-2,1024504,1024489,15,MGKRR,length1,15
-2,1024156,1024144,12,MKNL,length1,12
-2,1024126,1024048,78,MIVITCDTNGFNMTKTQFTSQYSRWK,length1,78
-2,1023973,1023913,60,MHLKHIPSYHIFFAHNCTLV,length1,60
-2,1023862,1023772,90,MYDALLNKSGVTGVFTDFPDTCVEFLKGIK,length1,90
-2,1023661,1023643,18,MNRNII,length1,18
-2,1023460,1023391,69,MRQKLHLITQKWQKVRKKRLWLI,length1,69
-2,1023388,1023376,12,MKLC,length1,12
-2,1023361,1023301,60,MLAGKFKITNHSMVKIGLVG,length1,60
-2,1023250,1023247,3,M,length1,3
-2,1023175,1023169,6,MI,length1,6
-2,1023151,1023124,27,MAWKNLHFI,length1,27
-2,1023067,1023049,18,MKSYFM,length1,18
-2,1023034,1023004,30,MTSVIPYMAN,length1,30
-2,1022848,1022797,51,MQYKLGMANNFPLKRSI,length1,51
-2,1022641,1021960,681,MKKNFSAGKLPSKGKSAVNFHRTFKPKSKPKTLSLDETKAVLFNKPFDVLTQFTDEQGRATLKDFISIPNVYAAGRLDRDSEGLLILTNNGELQHRLADPKFKTEKTYWVQVEGIPEETDLAQLRKGVELKDGMTKQAQVRLISEPNLWERNPPIRERKNIPTSWLEIKISEGRNRQVRRMTAHIGFPTLRLVRVSMGSLSINGLENGSFRLLSLDEIKALFQTVKL,length1,681
-2,1021762,1021654,108,MHRQNSAFVEYEKPQTLHLKSLNRVQKHPHGLGLNR,length1,108
-2,1021522,1021459,63,MSRAQIANLICDIQSLNLRFY,length1,63
-2,1021246,1021204,42,MVLASVCPLIILMG,length1,42
-2,1019860,1019827,33,MFNIRPVCTSS,length1,33
-2,1019491,1019470,21,MQIDVCF,length1,21
-2,1019374,1019260,114,MIAIYFCAKLEWFIRKPSHITLRLQVSFEAILFDKFIH,length1,114
-2,1019158,1019059,99,MCGNIGLCLFVIVRHRNSLVRFYIANRSFKFYL,length1,99
-2,1019020,1019005,15,MAVNL,length1,15
-2,1018921,1018855,66,MEFNIFAIMKLFCFNIQFSTRE,length1,66
-2,1018840,1018816,24,MTFYACFG,length1,24
-2,1018798,1018795,3,M,length1,3
-2,1018654,1018645,9,MII,length1,9
-2,1018459,1018456,3,M,length1,3
-2,1017928,1017919,9,MGF,length1,9
-2,1017703,1017700,3,M,length1,3
-2,1017238,1017199,39,MCLNPSGLITNIL,length1,39
-2,1017022,1016998,24,MFFIRFLR,length1,24
-2,1016539,1016476,63,MIFCISTNPRARCLHFYKRRF,length1,63
-2,1016098,1015936,162,MSTAINPRFCPAYLSVNAAISGKANTQFHRIFFTWIKNNLHIHSFAFMINIRLN,length1,162
-2,1015810,1015762,48,MAKSNIAIMITDTTIK,length1,48
-2,1015741,1015720,21,MGFRADF,length1,21
-2,1015507,1015495,12,MSNQ,length1,12
-2,1015396,1015255,141,MLIAFGAIHFFFINQINIEICITHSTETTNALNFNINSLFSKCGKAT,length1,141
-2,1015027,1014919,108,MFVIMFVMMTTTATTVTFFVIIVAVCTVNVAVSNFF,length1,108
-2,1014880,1014877,3,M,length1,3
-2,1014856,1014778,78,MVSINYNFIAIDFSNHHWNWANVSIR,length1,78
-2,1014298,1014151,147,MPLCFSNNGRICFCCASIISAFNSTSLMMSKQKIGLPSSSLNSSASETS,length1,147
-2,1014091,1014088,3,M,length1,3
-2,1014076,1014073,3,M,length1,3
-2,1013776,1013695,81,MKCRAMESLLHCMYEKQIATPYLLAKN,length1,81
-2,1013656,1013647,9,MQG,length1,9
-2,1013560,1013554,6,MA,length1,6
-2,1013455,1013437,18,MSLKCG,length1,18
-2,1013215,1013200,15,MILCN,length1,15
-2,1013170,1013155,15,MKKKT,length1,15
-2,1013062,1013053,9,MKS,length1,9
-2,1012906,1012894,12,MPRH,length1,12
-2,1012831,1012795,36,MMMVFMRKAFKF,length1,36
-2,1012678,1012663,15,MAIIV,length1,15
-2,1012660,1012633,27,MAHLQIVYI,length1,27
-2,1012624,1012603,21,MDFYLAK,length1,21
-2,1012579,1012534,45,MRVVIWAMIRFIQAH,length1,45
-2,1012477,1012405,72,MVVSIMKQQHEWYVISFQNYIINY,length1,72
-2,1012378,1012351,27,MCLICFLKN,length1,27
-2,1012276,1012204,72,MKPFIGLALQHYPKMKAKEQIFMP,length1,72
-2,1012198,1012123,75,MVMCLSHQFKRILPHIIHCFLCKIG,length1,75
-2,1012054,1011784,270,MVKTSFCCFLALFCKFYRGDIFSYSARCDADPNVYVKAKKCGEICILYGNCVCNRRNYRLCYWFLCNGLGGKHCATMGICCALGKSRQLV,length1,270
-2,1011778,1011745,33,MGRISCVCGGF,length1,33
-2,1011619,1011610,9,MGR,length1,9
-2,1011505,1011322,183,MNKLSLVLVAGFLLVGCASEPVKDPDALPNGIMQPVEGTGAVAGGSFMPEIQKNTIPTQMK,length1,183
-2,1010425,1010410,15,MADFR,length1,15
-2,1009966,1009939,27,MTMLNFILF,length1,27
-2,1009489,1009453,36,MKPIVAVAVIMR,length1,36
-2,1009264,1009183,81,MGQRFAMFISKRHLIQQQNIHLRVISI,length1,81
-2,1009141,1009072,69,MYLTLYVPLLVTLRVVSQFLLQT,length1,69
-2,1009060,1008910,150,MKLRVNTIFQSSWIQLVLQKTPILFNNVKKLIKTGLLNKLLTKAIAMLMV,length1,150
-2,1008889,1008862,27,MRWCQWGVF,length1,27
-2,1008781,1008772,9,MVV,length1,9
-2,1008733,1008667,66,MMVCAKNGWLIVLRKLNIWLQA,length1,66
-2,1008613,1008529,84,MRVNYYHIFQPTNSQHKHFLANFIKLQV,length1,84
-2,1008367,1008346,21,MQRILRV,length1,21
-2,1008334,1008298,36,MNQKFSATLRHV,length1,36
-2,1008205,1008154,51,MFYEKTTFHLWWCVYYC,length1,51
-2,1008091,1008028,63,MVSISNLLNNDSHDIVRLVIT,length1,63
-2,1007737,1007713,24,MHGFYFYF,length1,24
-2,1007239,1007110,129,MGCDFPTSTNYVNFISIGFLKSYWVCWCGSYDLDKYNSCSSCL,length1,129
-2,1006825,1004242,2583,MISEENFQQHTPMMQQYLKLKAENPDILLFYRMGDFYELFYDDAKKAAALLDISLTKRGQSAGQPIPMAGMPYHAVEGYLAKLVQLGESVAICEQIGDPSTSKGPVERQIVRIVTPGTVSDEALLPERQDNLIAAVYQEKEKFGLATLDMTSGRFQLCEPADKETLRAELQRIVPVELLYCEEFNEMAAIEHCKGLRRRPIWEFELSTAITLLNRQFGTKDLRAFGVEKSPLGLSAAGCLLQYAKETQRTALPHIQSISLIQNQDCIQLDAATRRNLELTQNLSGGTENTLASVLDKCVTPMGSRLLKRWIHQPIRDVEKLKQRQQAIAEILNFDLVDELQPYLQLVGDMERILARVALRSARPRDLTRLRTALEQIPALRTIVQQKTSPFLTALFSQIADFSEQWDLLQRALIETPPLLIRDGGVIAEGYHAELDEWRMLSDGATQYLENLEKRERESTGIDTLKIGFNAVHGYYIQISQGQAHKAPIHYVRRQTLKNAERYIIPELKEYEDKVLKSKGAALALEKQLYDELFDLLLPHLGSLQLASLALSELDVLVNLAECADTLNYVMPTFCDEVSVKIENGRHPVVEQVLKDPFIANPVELNHNRHLLIITGPNMGGKSTYMRQTALITLLAYIGSFVPADSARIGPIDRIFTRIGASDDLASGRSTFMVEMTEMANILHQATEQSLVLIDEIGRGTSTYDGLSLAWACAEWLAKKIRSLTLFATHYFELTALPEQLEGIANIHLDALEHNNTIAFMHAVQDGAASKSYGLAVAALAGLPQSVIKLAKQKLTQLEKNSSYSAEQQIQALREANHNQGELLFEQETDALREAIEKLDPDDLSPKQALAYLYQLKKMVG,length1,2583
-2,1003930,1003873,57,MSRIINPSSSIYKKKQSTS,length1,57
-2,1003624,1003606,18,MQTHRC,length1,18
-2,1003456,1003429,27,MLFSGSGHH,length1,27
-2,1003108,1003057,51,MDRTITSPSSQACITLR,length1,51
-2,1002652,1000795,1857,MIIVTSGHVDHGKTVLLKALTGTSTAHLPEEKKRGMTIDLGYAYLPLENKVLGFIDVPGHEKFLSNMLAGLGGVHYAMLIVAADEGVATQTKEHLAILRQLQFHEIIVIITKADRANSAQIESLIQEIKQNYSFLRGANYFVTSAETGQGINELRHYLANLPELSDTQKPFRYAIDRVFNVKGAGTVVTGTAFSGTVKVNDELYLSTGQKVRVKAIHAQNTSSEQGIAGQRLALNLNADLDRTSMKRGDWLLQNEPLPPTDRISVQILAEVPLNESQPVHIYHGASRTTGKLTLLQGKNAAKNDRSLAEIILDSPLFLAFGDKLILRSGDTKTLIAGARVLEINSPKRHKRTEVRLNFLANLALAENASQRIALTLKHNATTARQLMWTEQLTSLQLDKALVERDAVRYQDWCFNTNYIQEKTQQILTALNTYHEQHNDQLGVSKARLYRMTALNQPENLINHFIDEMLEEGRLQQTRGWLHLPEHKIQFSQEEQKYWSSVLDEFEKAQGQAIWVRDMANALAIDESIMRNFMYKAGKLGYLTPIVKDRFFLTETIYAYARLIKQIAEEQGKVSVNEVRDKLNFGRKLTVQLMEYFDRMGFLRRKGNSHILRDKNVFDL,length1,1857
-2,1000774,999922,852,MKKTLVAALISSAILLTGCQDKDTEAKIKQLNQTVAQLSAENTKLKDQIEKTIPAIFVENDEIFNQSEIIKHPKSKEDYQPEETKIEYSISTIKTNIDWLNDLLWKKLTENEETKTISREQFVARYQTAFEEDKKEAKETPSFGISHSIWTNFIGQKEKLATFAISFYDYEGGAHGIEGNRYFTIDLTTRHILTLNDLFNEKDLPKVKTLLWEQYNNSNKEYEPIIEADSFNLSNNIYLDSKGVHFIYDVYEIAPYAAGEQDLMLHFGQLEELFKPEFRQGNDI,length1,852
-2,999823,999820,3,M,length1,3
-2,999721,999646,75,MDLPHHKYSICFWLKLPRLALSLLI,length1,75
-2,999604,999598,6,MN,length1,6
-2,999517,999445,72,MVVNNVRREAIKSELFKTICKRFN,length1,72
-2,999037,998989,48,MTNRASRVPSEIFFIG,length1,48
-2,998632,998587,45,MFSFIQIQKFFIFWI,length1,45
-2,998536,998524,12,MESL,length1,12
-2,998440,998383,57,MERISDSRAFFNRTWSYFY,length1,57
-2,998242,998146,96,MFKCHINFIRGWCTKTIGVFKLYTKPICGIKI,length1,96
-2,998128,998104,24,MMFIVSFA,length1,24
-2,997783,997777,6,MK,length1,6
-2,997642,997624,18,MIHHTF,length1,18
-2,997579,997555,24,MPKAKFFI,length1,24
-2,997099,997096,3,M,length1,3
-2,997057,997015,42,MTIFIRACFIGDFL,length1,42
-2,996994,996832,162,MIPKRRLGEIFITKLNIFSFRLIVNNTLTVFFTFFACRLTIWSKSVRQIYTLCF,length1,162
-2,996799,996766,33,MVFIRLKAQFY,length1,33
-2,995380,995371,9,MCA,length1,9
-2,995368,995293,75,MVSVKVMCLPISLNNVLVRQFVKMY,length1,75
-2,995263,995185,78,MLLLQKKLILQVVQLLLLKLLKKVKT,length1,78
-2,995068,995020,48,MCYVNNKLLGLKVKML,length1,48
-2,995011,994978,33,MIVSLLILLAL,length1,33
-2,994975,994912,63,MAKNLKVVKLLTSYYLWVKVV,length1,63
-2,994852,994849,3,M,length1,3
-2,994744,994660,84,MNLLLNLVLILSLLLICVQKSVKIWNVN,length1,84
-2,994654,994648,6,MR,length1,6
-2,994618,994612,6,MV,length1,6
-2,994591,994573,18,MCQLLQ,length1,18
-2,994558,994453,105,MYYAIKQLNVLAVMHNKLHSYHVNYLKLKQLVVFK,length1,105
-2,994420,994414,6,MN,length1,6
-2,994405,994384,21,MKNALKQ,length1,21
-2,994294,994291,3,M,length1,3
-2,994267,994243,24,MQYLQKHK,length1,24
-2,994219,994210,9,MKL,length1,9
-2,993379,993373,6,MY,length1,6
-2,991819,991804,15,MANPC,length1,15
-2,991645,991609,36,MYYKRFLALKVV,length1,36
-2,991519,991516,3,M,length1,3
-2,991471,991462,9,MYL,length1,9
-2,991447,991429,18,MMKLGI,length1,18
-2,991297,991267,30,MNIIRERKFV,length1,30
-2,991240,991231,9,MVQ,length1,9
-2,991216,991201,15,MKKVA,length1,15
-2,990880,990826,54,MIPLKTSIEQCGNLTIML,length1,54
-2,990817,990811,6,MC,length1,6
-2,990781,990712,69,MCLSRFLLVLLASQIILMSQSVS,length1,69
-2,990541,990487,54,MLALILCYRFIMQQHHAN,length1,54
-2,990469,990418,51,MRLICIHSGNGLVVRGH,length1,51
-2,990409,990289,120,MVCKQWMPVRKISIMQNCYVKLKIHISRSEKLITKIYNLK,length1,120
-2,990283,990274,9,MGN,length1,9
-2,990247,990238,9,MTY,length1,9
-2,989608,988759,849,MMRILLFLATNMAVMLVLGIILSVTGIAGNSTGGILIMALLFGFAGSLISLFLSKTMALRSVDGEVITQPRNQTERWLIDTVSRQAQKAGIPMPDVAIYHSPDVNAFATGATKSNSLVAVSTGLLNNMTEAEAEAVLAHEISHISNGDMVTMALLQGVLNTFVIFLSRVIATAVASSRNNNGEETRSSGIYFLVSMVLEMLFGVLASIIAMWFSRYREFRADAGSASLVGKEKMIMALQRLQQLHEPQNLEGSLNAFMINGKRSELFMSHPPLEKRIEALRNL,length1,849
-2,988729,988651,78,MRSMFYFPLFTQYLNGGFSTSLCSNV,length1,78
-2,988540,988399,141,MTGSGQRNPKVFRVCVTEISDIFFFLLKNRAISYRTYGKISTNPSHQ,length1,141
-2,988360,987742,618,MAEYLVPKSAVVFEEEIKKSRFITYLQHTEGLEDARAFWAKIKQEHPNARHHCWAAVAGKPTDSLQLGFSDDGEPAGTAGKPMLSALQGSQLGEISAVVVRYYGGILLGTGGLVRAYGNGVQQALKLIESEIKVERTPFKLDCDYGQLRLVQQLCEKYQVEILSQGFQANIHLILGISEKTIEAFSSELTEKSSGRLVIQLLEIGE,length1,618
-2,987646,987604,42,MVMGAARHLCRLLC,length1,42
-2,987535,987526,9,MVF,length1,9
-2,987172,987163,9,MLH,length1,9
-2,987112,986998,114,MPLGIVFQQFQMADFQRTMQVLAILIKLPFIGLQQFLC,length1,114
-2,986848,986836,12,MVMV,length1,12
-2,986455,986428,27,MRWEPYSPH,length1,27
-2,986422,986359,63,MQDRDLVLFTKVLLVFQKVLN,length1,63
-2,986227,986161,66,MFIFPSKDHFFKYFYKKYLQGI,length1,66
-2,985795,985765,30,MLGNLAYGGG,length1,30
-2,985723,985708,15,MKVRD,length1,15
-2,985687,985666,21,MSPSGIR,length1,21
-2,985651,985528,123,MPTKPAISSWSERMTSHTGTETRSRLLREAAVGNIAQWGEP,length1,123
-2,985507,985486,21,MKKAFGL,length1,21
-2,985219,985126,93,MRRDVEEYRRRRQPLGNVLTLMCESVGSKQD,length1,93
-2,984901,984826,75,MSLCLRELRDRCCMAVVSSCCEMLG,length1,75
-2,984001,983989,12,MKLF,length1,12
-2,983917,983866,51,MITEKFYQLFFKKLETS,length1,51
-2,983572,983563,9,MSR,length1,9
-2,983518,983479,39,MKNLLSTSEFIAC,length1,39
-2,983356,983293,63,MCWEAQSKRVIIPYLKTILWY,length1,63
-2,983083,983065,18,MKSNRT,length1,18
-2,983059,983005,54,MVRGAKRVKPPKRSSGIK,length1,54
-2,982858,982837,21,MGRLKVG,length1,21
-2,982495,982486,9,MLA,length1,9
-2,982423,982420,3,M,length1,3
-2,982228,982180,48,MKVNREVSWTYHKCEC,length1,48
-2,982060,982000,60,MGNRLIFLYLVKLRCGDGVG,length1,60
-2,981979,981970,9,MCV,length1,9
-2,981232,981103,129,MTKRGLGQCLVGSLTGAVSSQSVTEEHEGLLITVGHREVSAMV,length1,129
-2,980890,980851,39,MAVRHLKWYASWV,length1,39
-2,980710,980698,12,MRKR,length1,12
-2,980659,980647,12,MSHP,length1,12
-2,980230,980200,30,MPMVVWGFPM,length1,30
-2,980074,980068,6,ML,length1,6
-2,979741,979738,3,M,length1,3
-2,979714,979711,3,M,length1,3
-2,979546,979540,6,MY,length1,6
-2,979423,979402,21,MMLLNKQ,length1,21
-2,979315,979288,27,MLGSLRCCV,length1,27
-2,979273,979231,42,MKARWIPSYLQAQF,length1,42
-2,979042,979033,9,MTS,length1,9
-2,978307,978241,66,MRVRAISTSKLSEPANSVASIK,length1,66
-2,978187,978121,66,MRFSTGSAECLAFLPINFSALA,length1,66
-2,978007,977989,18,MPHSKA,length1,18
-2,977968,977902,66,MKKITKVVMDISIIRFAVSMRT,length1,66
-2,977395,977389,6,MI,length1,6
-2,976210,976192,18,MHSNTF,length1,18
-2,976141,976018,123,MLFTPPLALRISLLLIIKKNGSPMNTVFTMPIISHQHSKVR,length1,123
-2,975979,975976,3,M,length1,3
-2,975907,975901,6,MA,length1,6
-2,975892,975811,81,MNIHFLLKKPSGLVNGQCNLMWKLIFI,length1,81
-2,975787,975766,21,MNIMLTH,length1,21
-2,975721,975619,102,MSSIAPPYAWLVNLYFGCIYGWKMKKTMKNRWRV,length1,102
-2,975592,975568,24,MIGWISAV,length1,24
-2,975280,975277,3,M,length1,3
-2,974887,974830,57,MVGTLSINQYTILCSPKNG,length1,57
-2,974734,974731,3,M,length1,3
-2,974437,974419,18,MPFCLH,length1,18
-2,974176,973987,189,MNRSVMTLKVRWILTKFYKHQLKMARQTKKVVAIHQKWMPSQVKDSYNSFLKIILITASMFIF,length1,189
-2,973984,973774,210,MNLIISKSIATAMVKKMKKCGRLINFIKTPNRKAIKILTISFNIILTTLNFINYKMEKMAYPSCRLNSAK,length1,210
-2,973690,972685,1005,MITSQTPITVLGAGSYGTALAITFSRNGSPTHLWGHNPVHIAQMQTERQNYRFLPDVIFPEDLHLESNLAQAMEYSQDILIVVPSHAFGEILIKIKPHLKAHHRLIWATKGLERNTGRLLQTVVEEQLGTQYPLAVLSGPTFAKELAQGLPSAITLAANNEQFAREFQSRIHCSKGFRVYINSDMTGVQLGGAIKNVIAIGAGISDGMGFGANARTALITRGIAEITRLGISLGANTNTFMGMSGLGDLVLTCTDNQSRNRRFGLMLGKGLDAQMAMENIGQVVEGFYNTKEAYLLAQRQGVEMPITEQIYQMLFCGKNAQDVAISLLGRACKGE,length1,1005
-2,972319,972304,15,MESKS,length1,15
-2,970900,969517,1383,MGEMASLRSHKNGIIFILDIVLFFVLLNVLPFEPKANSGLALLAFIAVLWLSEALHVTITALLVPLLAVALGLVSTKQALVGFADPTIFLFFGGFSLATALHIQKLDKLIANKIMALARGNLFIAVIYLFLITAFLSMWMSNTATAAMMLPLAMGILSQLDREKDHNTYVFVLLGIAYSASIGGMGTLVGSPPNAIVASNLNLTFSDWLWYGLPIMIILLPLMIGILYIIFKPKLHLNFEQTFENIEMNPMRILTFIIFSVIALTWIFSGKINPFISGLLGLQKNIASFDSIVALLAALVICSTGVASWKQIQSNTDWGVLMLFGGGLTLSAVLKDSGASKILADSIVFMIDGQHFYLIGLLVAAFIIFLTEFTSNTASAALLVPIFISIAQSLGMPEIGLALIIGIGASCAFMLPVATPPNAIVFGSGQVKQSEMVKVGFLLNLVCVVVIATMGYMFWLK,length1,1383
-2,969490,969439,51,MMIEDHKFKRKKYNKAI,length1,51
-2,969418,969409,9,MKL,length1,9
-2,969292,969289,3,M,length1,3
-2,968545,968470,75,MIFAAIELSLILCDEKESVCYFNEQ,length1,75
-2,968077,968056,21,MLIICII,length1,21
-2,967942,967933,9,MVG,length1,9
-2,967858,967843,15,MRRLQ,length1,15
-2,967816,967771,45,MSIPLLSHRGQYHKW,length1,45
-2,967624,967615,9,MPC,length1,9
-2,967516,967504,12,MSNT,length1,12
-2,967153,967126,27,MIVRNLNVE,length1,27
-2,966988,966907,81,MHLLHKEQAPEESPLCSYSDWQIMPQE,length1,81
-2,966865,966805,60,MPLLRLEFPLLFEIPQPSDW,length1,60
-2,966490,966481,9,MVC,length1,9
-2,966391,966328,63,MICAAYGYHVMNCRNRFFENG,length1,63
-2,966307,966238,69,MIVDNGICFRASMINTQVKLPFA,length1,69
-2,965491,965392,99,MPTPAKVNIAAPSTVLSEMSTTSIGKFKVFARI,length1,99
-2,965239,965128,111,MESPLILPCPFWLKIPSKLTALFPALKAFSPSLIIVV,length1,111
-2,965074,964999,75,MTPEPTHCTAGLKQLDCASNSVVKP,length1,75
-2,964861,964789,72,MTGTGFNPHFWANGVRNFPTFSPA,length1,72
-2,964540,964528,12,MPLR,length1,12
-2,964477,964444,33,MVRGHFHEIIG,length1,33
-2,964360,964342,18,MPCCIN,length1,18
-2,964195,964090,105,MVRKFVAPQSKINAIAIKTLLSAVKNPYVFDRTFL,length1,105
-2,963946,963904,42,MRNIEARVIRSAPT,length1,42
-2,963862,963778,84,MTEYTSVNAPFPVKRGTNHVVGQVSLVR,length1,84
-2,963667,963646,21,MPPLVRN,length1,21
-2,963463,963415,48,MNPLSGRHPVTRSTES,length1,48
-2,963196,963187,9,MAL,length1,9
-2,963115,963061,54,MVIFTTFSQSSARSSALR,length1,54
-2,962866,962842,24,METDPIDK,length1,24
-2,962764,962743,21,MFVSSAS,length1,21
-2,962725,962701,24,MEKAGSPN,length1,24
-2,962620,962617,3,M,length1,3
-2,962602,962587,15,MVSEP,length1,15
-2,962563,962452,111,MVNPTFSRLNLSAQAAASVTPPIVLSATTHSTKVPSV,length1,111
-2,962248,962230,18,MVFSLN,length1,18
-2,962191,962140,51,MKFCCKTAKQITKIDYI,length1,51
-2,961810,961807,3,M,length1,3
-2,961561,961516,45,MSFSCCINMFSSLEK,length1,45
-2,961402,961351,51,MLCKFYYAGFSLLIYPL,length1,51
-2,961183,961147,36,MQATIRSQVLSM,length1,36
-2,961126,958357,2769,MPFAIGQRWLSESENALGLGVITALDQRTVTIYFPAADETRIYAIAQAPLSRIVFSKGETLSHQAGWQGEILDVQNMNGLLFYLVKNPQDEDVIVQERDISPIISFSQAKDRLFSAQIDRSTHFALRYRTLCHQQAQFKSPLRGLRGTRASLIPHQLHIAAEVGNRVNPRVLLADEVGLGKTIEAGMILQNQLFAEKVQRVLIIVPETLQHQWLVEMLRRFNLHFALFDEERCNDFDLDAVNPFTTESLIICSLNWLETHPNRVEQALDAQFDCLIVDEAHHLVWSETSPSAAYLFVEQLARIIPSVLLLTATPEQLGQESHFARLRLLDPERFFDYQTFVKEQEHYQPVVNAVESLLANKALSAVEKNHISDLLLEQDVEPLFKAIASNNDEEQQRARQELIQALIDRHGTGRMLFRNTRQGVKGFPHRVYHQITLSEENDKIDWLIDFLKLHRDEKIFVICQTAATAIQLEQILREREAIRAAVFHEKMSIIERDRAAAYFADLENGAQVLLSSSIGSEGRNFQFAANLVLFDLPTNPDLLEQCIGRLDRIGQKRDVQIYMPCAKDSPQSRLARWYNEGLNAFEQTCPMGMALFSQFADELEKVRSNSTALSENEFSGLLKQTKTAREKLKIELEKGRDRLLELNSHGGEQAQALADQIADEDNSPELVNFALKLFDIIGVEQEDLGANSIVISPTGTMLVPDFPGLKEEGVTVTFDRELALAREEMEFLTWDHPMIRQGIDLVASGDIGKAAMALLVNKQLPAGTLLIELIYVVESQSPKGLQLNRFLPPTPIRLLLDNKGNNMGEQVAFETLHSKLKPLGKNIANQMVKMARSNIESLITRGDQLVKSLAEPIIAEAKNQADQQLSAEINRLQALRAVNKNIRQSEIDILEQQRTQSLDELSKANWRLDCLRVIVTNKE,length1,2769
-2,958030,958021,9,MAR,length1,9
-2,957712,957685,27,MRSQIFKFP,length1,27
-2,957058,956293,765,MKQSLRHQKIIKLVEQSGYLSTEELVAALDVSPQTIRRDLNILAELDLIRRHHGGAASPSSAENSDYVDRKQFFSLQKNNIAQEVAKLIPNGASLFIDIGTTPEAVANALLGHEKLRIVTNNLNAAHLLRQNESFDIVMAGGSLRMDGGIIGEATVNFISQFRLDFGILGISAIDADGSLLDYDYHEVQVKRAIIESSRQTLLVADHSKFTRQAIVRLGELSDVEYLFTGDVPEGIVNYLKEQKTKLVLCNGKVR,length1,765
-2,956011,956005,6,MG,length1,6
-2,955852,955717,135,MANLYLLQIHRHLEHLSLLDPHKYCLLQLNQRRLMRVPQQKYLLQ,length1,135
-2,955615,955588,27,MHDHGLLDR,length1,27
-2,955519,955492,27,MDRRKYYPR,length1,27
-2,955387,955375,12,MRSH,length1,12
-2,955207,955195,12,MRLQ,length1,12
-2,955123,955069,54,MIHFSSQCIAEFLANHNE,length1,54
-2,954634,954616,18,MSAVVL,length1,18
-2,954274,954235,39,MLEKVTVHRLSDP,length1,39
-2,953923,953890,33,MRSLLHHIIRL,length1,33
-2,953725,953686,39,MPRFQIRCENLVN,length1,39
-2,953551,953434,117,MYFFLHQMHQLRHRFDLFRYSTKHYQAQSIFCSVAQKFS,length1,117
-2,953365,953296,69,MSRLLCQYVRLSFLDRLVMTYIC,length1,69
-2,953209,953200,9,MAR,length1,9
-2,953188,953122,66,MVMYTKLITLNLLMVRLMHCEN,length1,66
-2,952999,952879,120,MWIWMAFTIVHIILRERANIKKIVIVGSLNRECYCKRSKN,length1,120
-2,952738,952732,6,MC,length1,6
-2,952222,952192,30,MLGNLAYGGG,length1,30
-2,952150,952135,15,MKVRD,length1,15
-2,952114,952093,21,MSPSGIR,length1,21
-2,952078,951955,123,MPTKPAISSWSERMTSHTGTETRSRLLREAAVGNIAQWGEP,length1,123
-2,951934,951913,21,MKKAFGL,length1,21
-2,951646,951553,93,MRRDVEEYRRRRQPLGNVLTLMCESVGSKQD,length1,93
-2,951328,951253,75,MSLCLRELRDRCCMAVVSSCCEMLG,length1,75
-2,950428,950416,12,MKLF,length1,12
-2,950344,950293,51,MITEKFYQLFFKKLETS,length1,51
-2,949999,949990,9,MSR,length1,9
-2,949945,949906,39,MKNLLSTSEFIAC,length1,39
-2,949783,949720,63,MCWEAQSKRVIIPYLKTILWY,length1,63
-2,949510,949492,18,MKSNRT,length1,18
-2,949486,949432,54,MVRGAKRVKPPKRSSGIK,length1,54
-2,949285,949264,21,MGRLKVG,length1,21
-2,948922,948913,9,MLA,length1,9
-2,948850,948847,3,M,length1,3
-2,948655,948607,48,MKVNREVSWTYHKCEC,length1,48
-2,948487,948427,60,MGNRLIFLYLVKLRCGDGVG,length1,60
-2,948406,948397,9,MCV,length1,9
-2,947659,947530,129,MTKRGLGQCLVGSLTGAVSSQSVTEEHEGLLITVGHREVSAMV,length1,129
-2,947317,947278,39,MAVRHLKWYASWV,length1,39
-2,947137,947125,12,MRKR,length1,12
-2,947086,947074,12,MSHP,length1,12
-2,946657,946627,30,MPMVVWGFPM,length1,30
-2,945982,945964,18,MLRSNF,length1,18
-2,945685,945682,3,M,length1,3
-2,945115,945046,69,MTSPCAMRLIWSSNVSGSVSFNK,length1,69
-2,944914,944704,210,MLRSKMITSGDVCNATEIPSVPLLTSATTSKLSSNSTSCLMPRRINGWSSINKTFSLSCIISPLVVRSPL,length1,210
-2,944602,944569,33,MDKNRKSAVEK,length1,33
-2,944035,944002,33,MRWCFIRISHA,length1,33
-2,943981,943975,6,MF,length1,6
-2,943753,943726,27,MSINIWIYT,length1,27
-2,943402,943393,9,MTF,length1,9
-2,943306,943267,39,MFILEEIHVVCLF,length1,39
-2,943162,943096,66,MQIALSTKIDSSFFIFLSLTYR,length1,66
-2,943021,942718,303,MNIAEFHQNIEQVWQKIEEELENQGADVDCETQGSVFTITFDNRTQIVINKQEPLLELWIASKLGGFHFAFKNGDWVSNDGQRFWDCFVEACAAHGENVQF,length1,303
-2,942247,942238,9,MGA,length1,9
-2,941518,941515,3,M,length1,3
-2,941422,941362,60,MFWCTLCDCGVAWHAQSENY,length1,60
-2,940534,940498,36,MGRVWSLGSIWP,length1,36
-2,938968,938953,15,MFNPN,length1,15
-2,938950,938803,147,MLEYKVVFLFLTSLEYRFDGHCCLTPLILRLCQCYYHKQFHYVFGFGGL,length1,147
-2,938524,938440,84,MYSLMMLNWYEYQIDSYHANTIYYLFSN,length1,84
-2,938431,938338,93,MPKQMMKLVFYSQGFHQYENYLSNKFDLQIN,length1,93
-2,938272,938170,102,MKFDLNHYNGDHGIANSNLAVLMLNRNQIPNNHY,length1,102
-2,937876,937819,57,MQLASIYCHYQNELLVNVI,length1,57
-2,937303,937207,96,MFPRLESINQNDDDLQWVIVSKGYKRREHHVF,length1,96
-2,937114,937108,6,MT,length1,6
-2,936322,936265,57,MFSLAFHHKFGTLNSKSNR,length1,57
-2,935359,935332,27,MIIKFGKAT,length1,27
-2,934849,934837,12,MHPF,length1,12
-2,934126,934108,18,MMSNLH,length1,18
-2,933955,933835,120,MIKKSYFVMAIRFVLMMRLTNNFAVECIKNGCNVCFCACH,length1,120
-2,933754,933751,3,M,length1,3
-2,933712,933709,3,M,length1,3
-2,933595,933451,144,MKAENLVLLKIRSAVKQKLVILLNDTRIILIHKIVPKSWWISPTFRYR,length1,144
-2,933364,933304,60,MIIIIIAPVVILFSFSFINR,length1,60
-2,932029,932005,24,MTVPNGII,length1,24
-2,931558,930979,579,MTGAQLIMACLKAHHVTTLFGYPGGAIMPTYDALYDAGLDHLLCRNEQGTAMAAIGYARSTGKVGVCIAASGSGATNLVIGLGDAMMDSIPVVTIEPWREQIRNFKAKLDFTYVENQGNRPIDPWALLNSLSNRKPNNAIICTDVGQHQMWSVQHILRVARHCGFTVTTMEMTLIETQVRLKITVKSDRTLDY,length1,579
-2,930952,930946,6,MF,length1,6
-2,930829,930802,27,MACNRNERK,length1,27
-2,929593,929584,9,MYR,length1,9
-2,929371,929245,126,MRFINGWSLLWRYIRLVYWTCFTRSCFWRCNRLSTRWRYYQH,length1,126
-2,928924,928879,45,MPLLNLVRAYMKLHK,length1,45
-2,928702,928669,33,MHKAWHYQRNN,length1,33
-2,928615,928519,96,MQCVVLVVRCCCTVLISMKPKQKPSSFQKKKI,length1,96
-2,928426,928396,30,MCLYKSVVVA,length1,30
-2,928270,928240,30,MLDYLPMALP,length1,30
-2,928192,928150,42,MIWYWSIVTKYAQQ,length1,42
-2,928075,928015,60,MRNKTILRAKIWRQFCLART,length1,60
-2,927994,927949,45,MYLNVVKLVKIERLY,length1,45
-2,927901,927895,6,MY,length1,6
-2,927859,927823,36,MQMINVLACLLG,length1,36
-2,927811,927709,102,MSKKKQILLQTSRKMVLMLRICLMMILRKRMFAI,length1,102
-2,927688,927634,54,MITNVYIPSNSQSKKVPY,length1,54
-2,927562,927469,93,MEISLLGSKLKNANKQNLNRHLPNSIMFLKM,length1,93
-2,927184,927130,54,MLRKTNSQGFDITRTCLI,length1,54
-2,926839,926797,42,MRKFFQITANRMAT,length1,42
-2,926707,926587,120,MGFSQHTEHIRLSHCFIFRMLIGSSKCIFQILRKCGAMWA,length1,120
-2,926380,926341,39,MVFSDINIWWRHF,length1,39
-2,926245,926134,111,MSFKPKSLVRHQGISSGVRFIKTIASKFFHQVENLHR,length1,111
-2,925924,925843,81,MLIFCVRVRYFFSPVFTVDKVIYHTRL,length1,81
-2,925522,925519,3,M,length1,3
-2,925447,925357,90,MFTCITCHTFQLARHVNQCSHFFIAIVGSL,length1,90
-2,925267,925198,69,MPQHSPYISNNRFRRHCAKGNNL,length1,69
-2,924409,924310,99,MIGKKFLVKSDRTFNFGYVFFQQFFTHIALRSP,length1,99
-2,924286,924277,9,MFN,length1,9
-2,923941,923920,21,MDEARLE,length1,21
-2,923842,923803,39,MLMLQIVFPNWLG,length1,39
-2,921562,921427,135,MFNTTSYKSSPTWVVSVLKSKPSFGFHSCWKICGRFGASKDTSFT,length1,135
-2,921337,921325,12,MFFN,length1,12
-2,921184,921175,9,MRL,length1,9
-2,921115,921085,30,MSTLKFFKTT,length1,30
-2,920941,920914,27,MFLSKLCCH,length1,27
-2,919639,919483,156,MGICFCAICTFSISKQPRCNSSDIVPSWYRIRYPCTCINRCICCCKWLLLHP,length1,156
-2,919180,919165,15,MLSLH,length1,15
-2,919123,917791,1332,MKNVVIVGGGAGGIELATFLGNKLGRQKQAKVTLVDRNATHLWKPLLHEIATGVMDDGVDSLSYRAHGKNHFFSFEQGSIIRINREQKYVELAPVYGQEGDMLVIARRIPYDYLVIAIGSKSNDFNTKGVADNCIFLDSSKQALRFQHKLLELFLKFSENRALDDIGEEEFKQKLVDENKVNIAIVGGGATGVELTAELYHAAEDLSSYGYGKIDSSCLQVTLVEAGTRLLPALPENLSAAVLDELKEMGTNVQLNTMITEAQPNTLITKDGGEIKADLIVWAAGVRASTVTQQFDGLEINRINQLVVKDTLQTTVDDSIFAIGDCAALIQSNGKLVPPRAQAAHQMAKACAKNIFALFENKPLKSFKYNDKGTLVSLSNFTALGSLTNKFGKNPLTVQGKFAQFAYVSLYRMHQHALHGCIKIGLIILVDKLNRYLKPRLKLH,length1,1332
-2,917767,917746,21,MRSKSFI,length1,21
-2,917707,917551,156,MKKDLRIFQLFLSPLSKFLLKSNGKALKLILLFYQEQYNQIHQSNVALSSLQ,length1,156
-2,917134,916954,180,MVIRIDAEYYYDNKSLVQQMNVLSVQFRQNYLFQLTHLYDLKLIRVLTLLAVSHLVALRP,length1,180
-2,916870,916834,36,MKVVLYPQGSLN,length1,36
-2,916501,916426,75,MLEVSLTSYLFLVPVNDLYENDRPQ,length1,75
-2,916324,916294,30,MPPNYETFYL,length1,30
-2,916021,915994,27,MLLFVLFQY,length1,27
-2,915793,915703,90,MKPLEKNAQKYHVQTKLLQMFFVYHLINAN,length1,90
-2,915421,915397,24,MYKAKHKQ,length1,24
-2,915331,915289,42,MQTAASSIIGDTYL,length1,42
-2,915022,914401,621,MRPLTARQQEVLDLLKRHLETTGMPPTRAEISRELGFKSANAAEEHLKALSRKGAIEIIPGASRGIRILDNSSNDEFDGLPLVGRVAAGEPILAEQHIEATYRVDADMFKPQADFLLKVYGLSMKNVGILDGDLLAVHSTKDVRNGQIVVARIEDEVTVKRLEKKGSIIYLHAENEEFDPIVVNLEEQKNFEIEGIAVGIIRNNAWM,length1,621
-2,914314,914227,87,MIFAALYNAKILNLYKGWKNAVFQNARIR,length1,87
-2,914041,913987,54,MRKWCSLFCSVCDIKRAN,length1,54
-2,913810,913762,48,MWCSFNGESSLCCTSR,length1,48
-2,913507,913453,54,MEWCWSSTLYDRRGDPYL,length1,54
-2,912760,912730,30,MSANFNRVSC,length1,30
-2,912565,912535,30,MCVTPIQLNP,length1,30
-2,912187,912046,141,MFEHKSYCFILNANVCFVRYNTSVFLFFFYTELQYDCQNLSWLACSF,length1,141
-2,912016,911959,57,MPAISIAYYVSLCRVFAFC,length1,57
-2,908674,908671,3,M,length1,3
-2,908182,908083,99,MELNAKKVRWKSNRFSLCALLLKRNLRICKMNR,length1,99
-2,907747,907705,42,MERLCLLHLSSLLI,length1,42
-2,907615,907549,66,MLFMANQIRITHCFNVTMKISG,length1,66
-2,907546,907528,18,MQRGIL,length1,18
-2,907504,907471,33,MRAIILCGRNV,length1,33
-2,907333,907240,93,MENGGDWRKMVENWVLFCIKVGGELLGFKHF,length1,93
-2,906982,906925,57,MRHYLAVFERNTGFLAFVL,length1,57
-2,906901,906856,45,MRFLWMLPTLMSVTY,length1,45
-2,906727,906703,24,MRFISIDP,length1,24
-2,906643,906514,129,MSSPSFSVSSMLSPHTLYFPQSSAFNPLARSHSRSILVFFTSR,length1,129
-2,906502,906493,9,MPP,length1,9
-2,906175,906076,99,MDELFLNLTLITLKNSYEKFNFFKVELKVIYFK,length1,99
-2,906049,906037,12,MVNF,length1,12
-2,905836,905812,24,MVIATVAH,length1,24
-2,905719,905620,99,MSNVTIKNTLIDSFEVIYEKRQPKKTLLSQGTT,length1,99
-2,905173,905158,15,MGVGL,length1,15
-2,904996,904942,54,MGCTFCRRAVTFRNETEY,length1,54
-2,904321,904309,12,MGSG,length1,12
-2,903673,902794,879,MKAQELKAFMDAHKMSQKQVATLFDVSITTVSQYLNGKYPTDTKWLDEKVDELLARHKAKVVEAKYNNAFVPTQTAKRGMEIMHFAHAEGEINVIYGAAGLGKTQMLKQYAKEHSSAILIEVDPSCTPKVLLRKIAENVGSTSRGVNNDVLSGIVEKLNGAERLLMIDEAELLSTRSLEFIRRIHDLTNCGVILAGMPRLLVNLKGKNNELAQLYSRVGFACDLGNALPDDDLAMLAESALNTSEFNAPLLEACKGNARRLSKLMRGVVRSAEINETEISAEMIEQYSKMLIS,length1,879
-2,902476,902287,189,MATRRQIYAVYRGEENLGDGTAEELAKKLNVSEKTIYSSATVARCKRDKGKRLVVIKLDKEEL,length1,189
-2,902284,901669,615,MKQMIEGKEYWRDARGNLTPAELVKDIDKARDVLVREWVEKGVSLNKEMRNFKDGIFGDIQAFIELSAEKYNAKVGGSKGNITLYSYDGKYKIQRAINDHLQFDERIQAAKVLIDECLNEWSEGSRPELKALIERAFNVDKEGNLNTSRILGLRRVDIQDERWQNAMQAISESVQVVSSKAYVRLYERVGETDQYVPIALDVAGA,length1,615
-2,901666,901588,78,MSESGIVVICLFALYAWVAYLMFKNL,length1,78
-2,901525,901501,24,MRGIHNRF,length1,24
-2,901417,901249,168,MGTSRKCLGKSGNGGSLSRKSRMGGKSSFILCTLCALSREKTGGQSWLSLWRAFIV,length1,168
-2,901219,901192,27,MSKCWNCVI,length1,27
-2,901189,901177,12,MYVM,length1,12
-2,901144,901114,30,MMWLRWRKYE,length1,30
-2,900925,900886,39,MGKRRCNRANAER,length1,39
-2,900883,900799,84,METSRMTEQEKVRLDEILQQAASSNAAC,length1,84
-2,900694,900631,63,MKVLDEHILEYIWDETLDRIA,length1,63
-2,900499,900484,15,MRIKR,length1,15
-2,900457,900445,12,MAKR,length1,12
-2,900388,900373,15,MLERK,length1,15
-2,900103,900088,15,MRCCK,length1,15
-2,900016,899992,24,MFNRNKTK,length1,24
-2,899869,899824,45,MVPFSKTSESRSRKA,length1,45
-2,899632,899617,15,MCFIN,length1,15
-2,899464,899458,6,MA,length1,6
-2,899404,899392,12,MGCC,length1,12
-2,899368,898822,546,MKLCRCPICHSDIHLDALLEDDAGREMLGLISNLGGRNARSLVSYIGLFRPERSALSNGRALRLMKDVLEMYQPSPLLAHALNETVQAVMKNRRETRNIQALANHNYLKKVYEGAKPLFAVVRSEGKAEMQSVAAQEEDQRMAAIQYIERYAAIGQLQFVENMPEFAVWKAWKAEQEKGYVA,length1,546
-2,898375,897454,921,MIKFLSKLFQRFTSNFNSKPKPKPKPKPEVITEYELHNSTTNLELPRFTVSIEIDNRPKPEDPQEKRRFKEAFEQITHDIKFINIDKDDVYELLWTHRIGGFYQLGKALKTRDILMNWSWFDEWLERFQNISIYPYMWNSWLVKGKLYPTDLDEATKKLTVKNMKDILGRKGYQEYPKLRAELEVFFKQNIAYEDLQPELRDRMIEKGWKENDEYQELKIELLCHSVIMRSYALRDFERYTPEYLSFLDDKFIKKPKLSFVGDDEEERIVQSFIISPIKNNQVIQIPPFFPGGRANIRYFYRENHNV,length1,921
-2,897346,897181,165,MWLNYCLKQCSRWWIWWDLLRWKKLLQILVGLPFDLLMGCIIFQNSKHSLVWKVR,length1,165
-2,897085,897064,21,MIILPSI,length1,21
-2,896857,896353,504,MSTLTFLDIFNRLIGYEGGYVNDPRDPGGETNWGITKRTALANGYQGNMRVMTHEQAFKIYYSAFWLRYQCDKMPEAVAFQFFDAAVNHGLGNASRMLQRAVNVADDGIIGNMTIAAIKKMAISDVIMHLNAERLEFYCKLSTFATFGKGWVCRVAGNLKYGAIDNEV,length1,504
-2,896260,896245,15,MELCI,length1,15
-2,896203,895909,294,MPMNKFFELFTNSDGRASTTGFIQFFGFLVMAGVLIYAVYLDRSTVSDLFFYFACFCGGSAATKGAVMAFQAKQTKLEEQITGETYVEPEQTDRPRGI,length1,294
-2,895852,895849,3,M,length1,3
-2,895831,895804,27,MHTVRLSNY,length1,27
-2,895795,895753,42,MPSCKRKKPWLKLK,length1,42
-2,895726,895525,201,MKKTLVTLAVMMSLTACSNQAISVINPSCSGFGIITASRQDTTETLRQIAVHNATYREICTKSKESK,length1,201
-2,895429,895408,21,MSMRLKP,length1,21
-2,894994,894943,51,MMKKPRQMCAVIMCLIA,length1,51
-2,894838,894811,27,MRTRWQVAK,length1,27
-2,894805,894787,18,MWHAAC,length1,18
-2,894751,894721,30,MRLSARKHCL,length1,30
-2,894559,894520,39,MSLRTYWKDLEKP,length1,39
-2,894415,894379,36,MVFIYCFLCICF,length1,36
-2,893992,892723,1269,MDSIDQAYPMLEAIKVELEFNQRLRIDFPEIAGQGRVWQAATIITKANQKVQVAGSGKKLRGLRHGAYRPDLVVLDDIENDEQVRSPEQRDKLHDWLKKTVLPLGAAGDKLDVVYIGTILHYDSVLNRTLSSKAWKTAKFKALIRQPDDMSLWDKWEDFYLNEGEAVADAFYTQNQAAMDKGAVVSWAARPILTLMKIRARDGHATFDSEYQNDPLSSDDAMFANSLTYWTELPANLIYFGALDPSLGKAGASRDPSAILVGGYHRETGKLYVVEAQVKKRLPDLIIEDVIRMQKQYHCQRWFVETVQFQEFLKDELVKRSAQRGIPVPATATKPNTDKMLRIESLQPHMANSLILLHSSQATLISQLRHFPKADHDDGPDALEMLWRNAVGSSAAIEWIGLDQLDTFDVEDEDDDLYSFWRD,length1,1269
-2,892612,892600,12,MKQS,length1,12
-2,892588,892576,12,MKRK,length1,12
-2,892552,892516,36,MITPLQKLRLQN,length1,36
-2,892498,892417,81,MPKTVIFRRSINFSWILKSKIAALPPI,length1,81
-2,892360,892273,87,MRHQRKKNCKQKLMSYFINIPILKTCLSI,length1,87
-2,892267,892054,213,MPWDTVFPHWKFNGLRWMANGFQKALNLVRSLGLNWIKRIVYYYAHQLIKWASLYVLLAGWYIAINLVRHS,length1,213
-2,892045,891973,72,MAYIEHWHGFICISIILCVILPSF,length1,72
-2,891964,891745,219,MACRFALVNMVPVPLMRRNARYCVRWQKLGIMRQALCLNRCRLNCIMSLMRGQHRVIIHFYKWLIGARNLSLG,length1,219
-2,891712,891688,24,MVKAPPMR,length1,24
-2,891682,891655,27,MCIMKFVVI,length1,27
-2,891643,891436,207,MRNRLRKQLLNKSFCRICKLMLIRILRHIVSLILSLTQKNMKIYRSLQKPSLNLPALGCRFLKVGCGIN,length1,207
-2,891286,891259,27,MVKRTNKMN,length1,27
-2,891244,891199,45,MMHWQMRILINSLIL,length1,45
-2,891157,891136,21,MMKHRKN,length1,21
-2,891046,889747,1299,MPSAPKFAIGVEPKQAIEFLRQKKMLASKVLVKEMQDSALARATTIARLTSLDMTKDIYQSLETAMREGKGFHAWKKELVSEFERKGWIFGKDPSIRGIDGHLLADPKTGEYFGTPRRLNTIYRVNMQSAYSAARYQRLRDNVDNRPYWQYSAVGDARTRPAHLALSGKVYRYDDPFWATFYPPNGFNCRCTVIALGDRDLKRRGIDKPDDSSEFLVEVERPADKQGHREKTVGFKLPDGTVRVTDKGFDYNVGRLNYKPNLDLYPEKLAHAFAKVEMKGGEFKHDFEFLAKHVTEMKQTLSPEGKKLTADQMLQVRDSLTKNFKFAAGVLSAESKDLLKSKTGTVWLSDDTLIKQFNSRDGQDFGIDEYEALPDIINAPDKIVVDELGYQFYKDVKGKKLLAVLKVLSKEPEIFVQSFRLVSDKQWRKAFKE,length1,1299
-2,889609,889195,414,MIDIEINNAQEVTALLERLAQATAHRAPLMRSIAGTMESAVTQNFEVGGRPEWKKLKLRQGTPLVDTENLMESITSEYNNNEAIVGTNEPYAAIHQFGGKAGRGRKVDIPARPFLALTPQDEADILEDVQDYFQRLIK,length1,414
-2,889039,889036,3,M,length1,3
-2,888862,888784,78,MVVSNFYLMANFVPQTADQPMWRHGM,length1,78
-2,888772,888691,81,MARMWWRWQIINAIPFLLTMNTKLFTP,length1,81
-2,888616,888499,117,MCVGLIKPRTISKMANIVISRLCLLTTQRAMFARSFMLH,length1,117
-2,888478,888445,33,MVWRKQWWQPA,length1,33
-2,888367,888337,30,MQVRLTLRRK,length1,30
-2,888289,888274,15,MFTQN,length1,15
-2,888166,888148,18,MRLKHL,length1,18
-2,887782,887689,93,MVRNCYENCKFYRNQYLRLVRAFPKIARMGG,length1,93
-2,886579,886555,24,MSDALRQC,length1,24
-2,886138,886129,9,MLL,length1,9
-2,886063,886024,39,MMKVLEHHVCRCV,length1,39
-2,885835,885823,12,MRKP,length1,12
-2,885769,885745,24,MPLLKVGR,length1,24
-2,885736,885703,33,MRLSMTQSMRI,length1,33
-2,885688,885670,18,MAVILK,length1,18
-2,885625,885595,30,MVSYRHQIRC,length1,30
-2,885571,885562,9,MTQ,length1,9
-2,885523,885343,180,MKVKAAIGIKVPMEHQPYTYIEQVPVEVEPSIYYQRRINDGDLIVITETRSRKEQEKDNG,length1,180
-2,884830,884827,3,M,length1,3
-2,883552,883213,339,MRLLLGISYEDKRYFDFDVRLLTLGGECAALEKVAELGLDEKENLTKAEQMLVDLAYLSEQLDIIGIAQDKLTPQFLLDNLATDDYVLITQAIAELRKKHIDAGENPSKAETE,length1,339
-2,883189,882970,219,MPRRITEVRSFYWLNLGLLLKKYEQCVMPKLLHGWQVGNIRKVLKLSQKKATRCITTLCVVKLRGRKPLFLWI,length1,219
-2,882943,880666,2277,MAELNLALKLKAQDQASRVFRRAQSQITQSTRAMAQARERLGVRSEHKIQQEINHTIAAYNRLKRSGTATSRELARAAEATRSKIAGLNAEMGKTSWGQRLGNVGTAIASVGAGMAAGAMVMAQPMKKEMDYDRRLAMVSNTAFSDRDVAGRIAGKKELHDAVKSAVETGGGTKEEALGALDKLLASGTVKAETAMKLLPTLQKGAVATGASTEDLSAIAISAMQQFGIREDQIGAVLDKAVAAGQAGNFELSDMARWLPQQMAAAKSAGLSGMDGFEALLVANQQARVTAGTSDEAGNNLVNLLAKLTSKETADRFSKLEIKGKDGKTHGIDFIKSMENEKKQGKNSIEAFGSIMDMVVGEDKRYQALKAKLKTAKKEEQQALIEQMTNLVEGTAIGQIISDRQALMALLGIRNNVELGKQVKEEVTNSEGATDKSHKVVMSTNSAKVEQAKNAVEFAQMEGMKSFNNALGDAATKLAEYAKVYPNLTSTLTTAGTVITALSTAAIAASGALALLGVKRGGIGLSDVADVAGNLGKGKNGLKIKGGGKLGSILSAGALFTSGLMIAGEQRTTEEAKAEEKAEAKTAQEKQLENQFYANAYGGNKPTTTHYAPQGFGYNKNSVWGTAGRSGEVAEIARKDEVATLRLERGTLTQAQYDERTRQSAVKIAEIRNQGKGYSGLSVAANDTDSALSRTLGDLSSLANYQADFQHFGQTISDGLKTAIESQNFTIQNEIKVDLDGRIVAEQTSQYQYQDLKRG,length1,2277
-2,880660,879325,1335,MAGWTMPVQRASFRGVRFDVLSVDDDVYRSTIEHAYPFVNGADVEDLGLNPLTVRMQAVFYGPGYYTDFKKFLSVLQKSGAATLVHPIRGRLQNMICTGASFHHEAEMIDYVALDLTFIESTPAKPIFVFNYSLLAKIDALLTELENVVDDVMALYGEFMEIVAFAANTKSHLLGVYGALFGCFEQVRGLFDFDKTKYGVSPVVTQDNFKAKSSRAVRDLVTMIDSGLRQIAARKDLTLRAKFDEVLRTIRQIKHIPADLVSGKNIKSAKEQAALKSLTTSFSKDDTESVHLMMQLASSVALLRIATELVEDDDLLPQDIEYITTQVRSQIMDNLQLLRKQADDEHRGENITVLTTPNTSFYTAAHNTAEQLRNKAHKFTQLALAAINRKPPLMVREVPFSGTVQQIAHAFYQDYKRADELLRLNPQIRYPNFVERGEWLNSYVK,length1,1335
-2,878629,878611,18,MGLSRS,length1,18
-2,878542,878404,138,MGEKIHCGQYARRFYPYYRCTRSQNARRYIMATRATCACHLRGICY,length1,138
-2,877129,876067,1062,MFIVPSLEDIRQAILRDVQSLEPSADVSIDSDYYARASSLAAVAEGIYAHQKWIIKQFFPDTADTDFLEKHAGLRGIRRRNATYASGRGATVTGTPDAVLKAGLQIKTDDNRFYEITESAVISVSGSAVVAVRSLATGASQNIKTATKANFMAAPLGVQSDVVLNDVIGATDAESDASLLERLLEIIRRPPAGGNRYDYRTWALSVDGVDAAYVYPLRRGLGTVDIAITSNNDVPSDETIRRCQEYIDDVRPVTARESKVVKPDVTKVNFNIQVKISGVTLPEIKAAISTALADYFNTLIPGDDLIVSQCEAVVNNLVGVVDRKFTAPITNLKADVRTKIEWFRLGQITVTEMA,length1,1062
-2,876004,875989,15,MESVF,length1,15
-2,875971,875863,108,MVMPLTDYKKVRWIYCKLLNLLPPIPCCPIGNVYAA,length1,108
-2,875803,875653,150,MRLGAYPFPILNVLRKVLDIASKLKSFLPLRMTYQRREIWLNFAMKRVIT,length1,150
-2,875623,875566,57,MGMTILCIFAQVVPLQVII,length1,57
-2,875437,875383,54,MMAFFTMVIQQQANKALE,length1,54
-2,875320,875254,66,MCCKKRNLPRRQKHKRSYIKRL,length1,66
-2,875242,875218,24,MITERRQV,length1,24
-2,875128,875116,12,MTKQ,length1,12
-2,875095,875080,15,MKRLV,length1,15
-2,875077,874969,108,MVTKALMARKPLKIVLWQKGISVFQTTRIMLHMETI,length1,108
-2,874951,874765,186,MAIAGSNINQATERLAHFVCTLTAILPTNVIKSTTRGQNRNLIRILKTSLIHLQAMVLGISK,length1,186
-2,874747,874711,36,MLMAIKPMAIIT,length1,36
-2,874684,874663,21,MGNGILK,length1,21
-2,874642,874501,141,MRCVKLHVKRMTTKSKHAFLMAQIGQNGKMQAATACLLVLWCHSLAQ,length1,141
-2,874471,874396,75,MVQHSANKPFPIYTALWETTTNSQI,length1,75
-2,874384,874375,9,MWG,length1,9
-2,874324,874270,54,MRLPPKLPNNVTPSYIVT,length1,54
-2,874258,874231,27,MAPLNACLK,length1,27
-2,874210,874165,45,MRGIACLWDKRKKMS,length1,45
-2,874156,874138,18,MCIEYR,length1,18
-2,874033,873943,90,MTMQMAIMVLCPQKTPLKWQQVAMKLALNH,length1,90
-2,873904,873868,36,MMWSFGLNPTAR,length1,36
-2,873862,873835,27,MLVRLMQGD,length1,27
-2,873793,873787,6,MP,length1,6
-2,873679,873673,6,MG,length1,6
-2,873640,873526,114,MVLYPTNNALLHSQSLFLIRYFLLGLQNLRMCGRIAQQ,length1,114
-2,873490,873487,3,M,length1,3
-2,873472,873451,21,MTVCILH,length1,21
-2,873403,873394,9,MGS,length1,9
-2,873346,873325,21,MSIISNC,length1,21
-2,873145,872974,171,MSTRQKFTALGRGLNLSTVNAKLLQKPLKQQIMGASAVDISQTLRNEQDWITRPPQT,length1,171
-2,872905,872827,78,MNLKPLISRLSNCNQSMMTLSSRWIT,length1,78
-2,872809,872323,486,MAKVYLAMYKHKRDWGKEPVKAIADRITQFCTKGKYSHCEIAIERIEFGNGHHYEHATVYDCYSSSVQDGGVRCKQIDVSDNTKWDLIPLDGVTEEQIKAYFDRTSGKKYDWWGALGIVLGIKQKRSKYFCSEWCFNAICGSERGWRFSPNQLAAIFNKEKS,length1,486
-2,872062,872041,21,MPSLQNR,length1,21
-2,871969,871126,843,MANQNTFKQAPLPFIGQKRMFLKHFETVLNENIKGEGEGWTIIDTFGGSGLLSHTAKRLKPKARVIYNDFDGYAERLAHIDDINQLRAELYSVVGNATSKNKRMTKDCKAECIRIIQNFKGYKDLNCLASWLLFSGQQVATLDDLFQHNFWHCIRQSDYPKADGYLDGVEIVKESFHTLLPKFSDDPKALFVLDPPYLCTKQESYKQAKYFDLIDFLRLVNITRPPYVFFSSTKSEFIRFVNYMLEDKVDNWQAFENAERITVNAKLNYQVAYEDNLVYKF,length1,843
-2,870616,870598,18,MLCGFI,length1,18
-2,870571,870562,9,MMI,length1,9
-2,869848,869833,15,MAWAE,length1,15
-2,869617,869434,183,MNARLVLLLFSQLQIFLLFDYLKRINVFLEVRSLNKSLIGDLPLLHSPYDCSYRWHHAQYF,length1,183
-2,868759,868750,9,MQN,length1,9
-2,868465,868339,126,MLLLCFLQCLLLFFLCGKLISVILLLRENRLFLYCNLCLRCF,length1,126
-2,868303,868222,81,MLIINFHSLCFCWILGKHSFNQRWINA,length1,81
-2,867649,867616,33,MECKKFIHGLA,length1,33
-2,867463,867430,33,MDSASEKLAFK,length1,33
-2,866728,866695,33,MNTLFHRKTSK,length1,33
-2,866599,866530,69,MQINKLYFRVKSSAFLTALFFLC,length1,69
-2,866512,866488,24,MRHLPNLF,length1,24
-2,866428,866407,21,MVYGFLK,length1,21
-2,866320,866281,39,MFHKMKCYIYGRV,length1,39
-2,866272,866131,141,MHERVIYIKPLKKCGMNLMEISQQILSKFGRYLEWDVQLLVPFYLLF,length1,141
-2,866107,866041,66,MVMLNVCWRVILLLRDGVARKK,length1,66
-2,865882,865813,69,MQTGKNFQLKNLKKRCQKKLPIF,length1,69
-2,865798,865699,99,MAKYVWNSEKTQDYGADYFVFHNLKINPRCFIF,length1,99
-2,865612,865585,27,MLKWRALYA,length1,27
-2,865498,865456,42,MIHKILNRSGWLSL,length1,42
-2,865420,865150,270,MARTVFCEYLKKEAEGLDFQLYPGELGKRIFDSVSKQAWGEWIKKQTMLVNEKKLNMMNAEHRKLLEQEMVNFLFEGKDVHIEGYVPPSN,length1,270
-2,865093,865024,69,MLVVIHRIKVLTMMKPLLKTRKG,length1,69
-2,864970,864961,9,MNC,length1,9
-2,864940,864937,3,M,length1,3
-2,864904,864901,3,M,length1,3
-2,864892,864856,36,MKVISLLKPSKI,length1,36
-2,864841,864820,21,MLLFIPC,length1,21
-2,864808,864733,75,MQKVLIYLHLVMCRLALVHFFWGRL,length1,75
-2,864637,864604,33,MGIPCNLFLFL,length1,33
-2,864535,864517,18,MALMKV,length1,18
-2,864475,864445,30,MRLATQMLLD,length1,30
-2,864412,864400,12,MYLQ,length1,12
-2,864361,864298,63,MILRIILMLVCLIYGFCKINI,length1,63
-2,864295,864259,36,MELRIQPQNVSP,length1,36
-2,864208,864145,63,MIRIRRFTKSIKCIQNKFIAF,length1,63
-2,863938,863866,72,MINYSNEMFFPFFLNLVIDRKPKK,length1,72
-2,863539,863479,60,MSESLLIFDVTSDLSRLRLT,length1,60
-2,863467,863362,105,MNRLLFWNRFIFHDRRWFVANNFPLHQQDCGNLHS,length1,105
-2,863179,863098,81,MEKLTCGDAKAHRLAKSSPVGYIGNNE,length1,81
-2,862462,862234,228,MSFSFILNAERLRGNEIRINKCNFMRMAHGIINVSLMTKRHLRIVRILHRLLVATELFKYKFTPVFPRRSGIKYGG,length1,228
-2,861988,861973,15,MFFMK,length1,15
-2,861904,861802,102,MMNKNLIFLIFENLLHPTQTILHGWHAFHFTIVK,length1,102
-2,861718,861655,63,MACVYRIKFPENDTDFFLFCF,length1,63
-2,861601,861580,21,MKIFFTF,length1,21
-2,861382,861307,75,MKENKTSWVPKSFILFAFLSPDSGI,length1,75
-2,861223,861187,36,MQLMPLKMELAY,length1,36
-2,861178,861148,30,MMKIVKMKAI,length1,30
-2,861094,861025,69,MVVALFVYALLMNVANNSIYRQW,length1,69
-2,860902,860797,105,MQFQQIYIVQAMSSHFVQQMVAYLLVADTQKLPLI,length1,105
-2,860746,860710,36,MMMAQWRAPPRL,length1,36
-2,860161,859771,390,MFFKQPKSVKCDRNIYPMTVKQSGCAGYTVTAKGAKYLLELVKNKPLDVAVDSLVFEDFLHFKDYKIVQLSPGICVQDFVLHPENPFESSLKEGRARVHGNQRKFSILEKIKNEFGRVKRKMFGKQVPFK,length1,390
-2,859495,859438,57,MSWTAFCCKCKKAFGFFAF,length1,57
-2,859054,858997,57,MKGWIQKHDIKVRLILWLF,length1,57
-2,858592,857353,1239,MNDIFIGLQLREHFMAEENKKGGFWASLFGRNKKQDEPKIEPIIEEEKITDIEPSIEKFEANDLVEEEKIQEISTALEPIEEIIEAKKLEDELQPVAEIETREKPSEGGFFSRLVKGLLKTKQNIGAGFRSFFLGKKIDDELFEELEEQLLIADIGVPTTSKIIKNLTEHASRKELQDAELLYQQLKVEMADILEPVAQPLEIDSTKKPYVILMVGVNGVGKTTTIGKLARKFQAEGKSVMLAAGDTFRAAAVEQLQVWGERNHIPVVAQSTGSDSASVIFDAMQSAAARNIDILIADTAGRLQNKNNLMDELKKIVRVMKKYDETAPHEIMLTLDAGTGQNAISQAKLFNEAVGLTGISLTKLDGTAKGGVIFAIADQFKLPIRYIGVGEKIEDLREFNAKEFIEALFIHEE,length1,1239
-2,857242,856678,564,MTYLVGHSGAGKSTLLKLIMGMEKANAGQIWFNGHDITRLSKYEIPFLRRQIGMVHQDYRLLTDRTVVENVALPLIIAGMHPKDANTRAMASLDRVGLRNKAHYLPPQISGGEQQRVDIARAIVHKPQLLLADEPTGNLDDELSVGIFNLFEEFNRLGMTVLIATHDINLIQQKPKPCLVLEQGYLRY,length1,564
-2,856666,855736,930,MSRSTDASVFVQTAYTLRAVWADLWQRKFGTLLTILVIAVSLTIPTVSYLMWKNLHLATTQFYPESELTIYLHKNLSEENANLVVEKIRQQKGVESLNYVSRQESLKEFKSWSGFGEELEILDDNPLPAVVIVKPTSEFNVSEKRDELRTNLNKIKGVQEVRLDNDWMEKLTALSWLIAHVAIFCTVLMTIAVFLVIGNSIRSDVYSSRSSIDVMKLLGATDQFILRPYLYTGMIYALLGGLVAAIFSSFIISYFTSAVKYVTDIFAVQFSLNGLGVGEFVFLLVCCLIMGYVGAWIAATRHIAMMERKE,length1,930
-2,855358,855322,36,MLFALLELDLIP,length1,36
-2,855316,855286,30,MDLPHRWHSF,length1,30
-2,855019,854971,48,MLRFVNVMRVHLVLGG,length1,48
-2,854875,854872,3,M,length1,3
-2,854746,854710,36,MRHFLDQIHILY,length1,36
-2,854668,854614,54,MLLDGLDFALVLLVIRSP,length1,54
-2,854596,854572,24,MHFQCWHV,length1,24
-2,854518,854509,9,MHH,length1,9
-2,854086,854074,12,MLHH,length1,12
-2,853978,853957,21,MKHNSCD,length1,21
-2,853612,853582,30,MSNWVAWCCG,length1,30
-2,853048,853003,45,MKSASVLALIVSKST,length1,45
-2,852967,852751,216,MKLNTANSVTTMATFLLAVSGNVHFFRIFEEPDLAQCSMPIITFFAPVTKSIAPPIPGTILPGTIQLARFAS,length1,216
-2,852433,852415,18,MAFSLF,length1,18
-2,852232,852208,24,MDNGNISF,length1,24
-2,851998,851986,12,MGCN,length1,12
-2,851815,851812,3,M,length1,3
-2,851782,851668,114,MFLCHRDLLITRLKERISTNKYLIFQMDMFLVMILDRQ,length1,114
-2,850960,850954,6,MG,length1,6
-2,850699,850666,33,MSSKKNGLHTP,length1,33
-2,850543,850540,3,M,length1,3
-2,850498,850468,30,MFPIWRLYNR,length1,30
-2,850378,850069,309,MQNQRIRIRLKAFDHRLIDQSTAEIVETAKRTGAQVRGPIPLPTRKERFTVLISPHVNKDARDQYEIRTHKRLVDIVEPTEKTVDALMRLDLAAGVDVQISLG,length1,309
-2,849814,849799,15,MGISY,length1,15
-2,848809,848512,297,MSQERLLSVLRAPHISEKATNNAEKSNTVVLKVALDANKAEIAAAVAQLFEVKVDSVRTVVVKGKTKRRGNKMGRRSDWKKAYVTLAEGQNLDFVDSAE,length1,297
-2,848356,848302,54,MVVLLLVTLVAVTNNTTV,length1,54
-2,848245,848215,30,MIQTVLLTLL,length1,30
-2,848200,848179,21,MVNAVIF,length1,21
-2,848011,847978,33,MYKSSHVKATM,length1,33
-2,847645,847372,273,MPRSLKKGPFLDLHLLKKVEKAVESGDKKPIKTWSRRSMIIPSMIGLTIAVHNGRQHVPVYVSDEMIGHKLGEFAPTRTYRGHAADKKAKK,length1,273
-2,847189,847114,75,MQSTMTVQILMILKLLKSSLMKVLA,length1,75
-2,846511,846502,9,MVS,length1,9
-2,845980,845953,27,MKWMVCLKK,length1,27
-2,845686,845431,255,MTDKIRSVQGKVVSDKMEKSFVVAIERKVKHPLYGKFIRRTTKLHVHDENNEAKVGDTVEIRECRPLSKTKSWTLVRVVEKAVIA,length1,255
-2,845347,845311,36,MNFNRTFSFRCY,length1,36
-2,845221,845188,33,MSGILVIWDID,length1,33
-2,845107,845038,69,MIQILLGIFLMKIGIGGVIYLIQ,length1,69
-2,845020,844912,108,MIFLIKKRRLASQSFMMKMIWIQKQIYMIERLLESY,length1,108
-2,844903,844900,3,M,length1,3
-2,844879,844867,12,MILL,length1,12
-2,844831,844765,66,MFIVQIYLLFIMLQSIFWVLKI,length1,66
-2,844627,844585,42,MIAMWSKISSILIK,length1,42
-2,844135,843766,369,MIQEQTMLDVADNSGARSVMCIKVLGGSHRRYAAIGDIIKITVKEAIPRGKVKKGDVLKAVVVRTKKGVRRPDGSVIRFDGNACVILNNNTEQPIGTRIFGPVTRELRSEKFMKIISLAPEVL,length1,369
-2,843424,842887,537,MAKLHDYYRDQVVSELKNKFGYKSVMQVPRIEKITLNMGVGEALTDKKLLDNAVADLAAISGQKPLVTKARKSVAGFKIRQGYPIGCKVTLRGERMWEFFERLITIAVPRIRDFRGLSAKSFDGRGNYSMGVREQIIFPEIDYDKVDRVRGLDITITTTAKNDEEGQALLAAFNFPFRK,length1,537
-2,842845,842842,3,M,length1,3
-2,842776,842737,39,MSMPLMKIVGMQC,length1,39
-2,842662,842638,24,MAFYVSLV,length1,24
-2,842263,842236,27,MNYQKLWAV,length1,27
-2,842149,842146,3,M,length1,3
-2,842035,841996,39,MASYLAKFMNQLK,length1,39
-2,841939,841912,27,MLNRVLHVH,length1,27
-2,841906,841864,42,MQWLSVLLKVSLKN,length1,42
-2,841627,841588,39,MKWYVSKRLRRNN,length1,39
-2,841576,841225,351,MDKKSARIRRAARARHMMREQGVTRLVIHRTPRHIYAQVIAPNGSEVLAAASTVEKAIREQVKYTGNKDAAAAVGKAVAERALAKGVQAVAFDRSGFKYHGRVQTLADAAREAGLQF,length1,351
-2,841087,841072,15,MVMAE,length1,15
-2,841060,840997,63,MVKLAKFQQRSKKRWKKHVAI,length1,63
-2,840991,840982,9,MSL,length1,9
-2,840979,840778,201,MKVHYNIQLKVFILVHVYLCSQQVKVQVSSLVVQCVRYWKLQVYVTFFLKRMVLPTRLTLFVQLLMH,length1,201
-2,840724,840703,21,MKSWGNE,length1,21
-2,840280,840274,6,MN,length1,6
-2,840256,840253,3,M,length1,3
-2,840076,838753,1323,MAKQPGYQARSTNSGKGELKSRLLFVLGALIVYRIGSFIPVPGIDATVLAQLVEQQKGTIIDMFNMFSGGALSRASILALGIMPYISASIVIQLLATVSPALAELKKEGAAGQRKISKYTRYATVVFATIQAVAISTGLPNMLSGLVPNVGFSFYFTSVVSLVTGTMFLMWLGEQITERGIGNGISILVFGGIVAGLPSAILQTIEQARQGQMHPLVLLLIAAIVFAVTYFVVFVERGQRRIRVEYAKRQQGRQILGGHSTHLPLKVNMANVMPAIFASSIILFPATLTQWFGQNDKFEWLNNLSMLLNPGQPLYLLVYAVAIIFFSFFYTAMQYNPRDTADNLKKSGAFIPGIRPGEQTSRYIDKVMTRLTLIGGLYVTFVCLVPYIMTSAWDVKFYFGGTSLLIVVVVIMDFIVQVQSHLMSSQYESALKKANLKGFGQ,length1,1323
-2,838345,838252,93,MLRSENCLKSRLTNCVTKLVNLPLKVTYVVK,length1,93
-2,838156,838102,54,MRVPVRVHVSRSKNSRGK,length1,54
-2,838045,838039,6,MA,length1,6
-2,837979,837973,6,ML,length1,6
-2,837763,837760,3,M,length1,3
-2,837529,837478,51,MVVSYVKNKKFVVSMVF,length1,51
-2,837304,837265,39,MVVLLIFHLSKFL,length1,39
-2,837262,837256,6,MM,length1,6
-2,837028,836044,984,MQGSVTEFLKPRLVDIEQISSTHAKVILEPLERGFGHTLGNALRRILLSSMPGCAVTEVEIDGVLHEYSSKEGVQEDILEVLLNLKGLAVKVQNKDDVILTLNKSGIGPVVAADITHDGDVEIVNPDHVICHLTDENASISMRIRVQRGRGYVPASSRTHTQEERPIGRLLVDACYSPVERIAYNVEAARVEQRTDLDKLVIELETNGALEPEEAIRRAATILAEQLDAFVDLRDVRQPEIKEEKPEFDPILLRPVDDLELTVRSANCLKAETIHYIGDLVQRTEVELLKTPNLGKKSLTEIKDVLASRGLSLGMRLENWPPASIAED,length1,984
-2,835705,835684,21,MWFPCRR,length1,21
-2,835129,835120,9,MFH,length1,9
-2,835069,835000,69,MFLCHFPDYDTDQLALVLKNKIL,length1,69
-2,834901,834898,3,M,length1,3
-2,834817,834808,9,MKM,length1,9
-2,834082,834034,48,MNSYLRILLILFIIAE,length1,48
-2,834019,833977,42,MIAIISCAYALTSK,length1,42
-2,833971,833962,9,MIK,length1,9
-2,833338,833326,12,MISA,length1,12
-2,833308,833305,3,M,length1,3
-2,832690,832681,9,MNN,length1,9
-2,832672,832609,63,MNNDFHFFRTCIEKPASLNVF,length1,63
-2,832378,832360,18,MFTIYW,length1,18
-2,832138,832126,12,MMRN,length1,12
-2,832006,831955,51,MIFLRVIFDNRKGTLTD,length1,51
-2,831808,831751,57,MIRNPLILFLYPLILHLLF,length1,57
-2,831670,831664,6,ML,length1,6
-2,831559,831262,297,MAEAEHGLWYPLKMGLNLNLRLKLLFLPQRLKNDQKQLRLKYAHLLPLRLLIGEVGSPHRNIQLELHQVNSVEHDQYEFLKYDLLMLQGFFPYDLEHLF,length1,297
-2,831226,831208,18,MKVRTP,length1,18
-2,830848,830782,66,MIPRVSLIEIRLPVPFQPVFTK,length1,66
-2,830503,830491,12,MLSM,length1,12
-2,830341,830329,12,MVFA,length1,12
-2,830068,829561,507,MRSVKLKATKFSEFKPCSFQFGLVTLEPFITTKSGSKFLSCSSVGRINIFFTKCACHATSVTIRTAIRSCSLAPQKPSTTNKRLRESWLVTKSFKLCHVAWFIGLLSFFAVSDVHQTVSFVFSSNTIYLSFGERPVKIPVSTATAPVVVKVPFSKPSKPGLVSSSNNCS,length1,507
-2,829525,829468,57,MPRASSSFTTLFKSVISHL,length1,57
-2,829426,829417,9,MSI,length1,9
-2,829213,829204,9,MFG,length1,9
-2,829006,828961,45,MLKIFWCTRTIRHNL,length1,45
-2,828760,828682,78,MQTHIFSDVAIHSSKGADLLLIITIY,length1,78
-2,828550,828541,9,MGI,length1,9
-2,828487,828424,63,MLEKITVKFVIVLSIVLLIGH,length1,63
-2,828064,828028,36,MMGISERYAFRD,length1,36
-2,827650,827620,30,MCHTKRGDRK,length1,30
-2,827608,827584,24,MIAIRDAI,length1,24
-2,827407,827377,30,MGKSDWLSSL,length1,30
-2,827374,827323,51,MGVARHYCLLCVFCGLN,length1,51
-2,827218,827215,3,M,length1,3
-2,827161,827137,24,MNIFSIIL,length1,24
-2,827074,827056,18,MLFFNS,length1,18
-2,826819,826714,105,MDKIFHFVHFICISAIYSVFAKFLIKDLNSLPNFS,length1,105
-2,826612,826519,93,MSISIASVNWISSPTPIGVFSNKSQIAAEKT,length1,93
-2,826423,826399,24,MPPQSATP,length1,24
-2,826171,826126,45,MVTFFGQIERTSSRS,length1,45
-2,826021,825988,33,MPAATHSFTTY,length1,33
-2,825382,825286,96,MQMQLRLIRVDFLNHRPLRVMILFLYHLIVVQ,length1,96
-2,824809,824779,30,MFQFHSIALW,length1,30
-2,824647,824629,18,MCCGDV,length1,18
-2,824458,824440,18,MAYFLK,length1,18
-2,824182,824155,27,MGNHKYHKV,length1,27
-2,824152,823906,246,MQLHLKECHLSLEKVLHLISSSHALEYEQIVLLLDVIVFQHLFVLLLHLFQLQPLLQLELARVYRKRILWHLIDDRDELRGE,length1,246
-2,823870,823864,6,MG,length1,6
-2,823843,823816,27,MHKNEYGQQ,length1,27
-2,823753,823747,6,MF,length1,6
-2,823465,823429,36,MRKVSLYCHQCE,length1,36
-2,823000,822931,69,MIVLFLLLFSLKRILVTHNKNRN,length1,69
-2,822649,822589,60,MASLKTCPKSPLPLNFSEIG,length1,60
-2,822463,822325,138,MIESFASWRLAIPTAFLSKTGLSSERSTATKTCLYIIDSLTDWFGF,length1,138
-2,822313,822301,12,MLTF,length1,12
-2,821695,821602,93,MGDHFLCSAKYRRYFLLQQWNCKKEILRNGD,length1,93
-2,821395,821320,75,MYHPKYEFLAHGKVRSNFSVFLAVR,length1,75
-2,821053,821044,9,MLN,length1,9
-2,820948,820945,3,M,length1,3
-2,820909,820897,12,MRIE,length1,12
-2,820417,820387,30,MRNEHNRFPE,length1,30
-2,820384,820381,3,M,length1,3
-2,820258,820243,15,MTFLL,length1,15
-2,820237,820207,30,MVYLNLNSVH,length1,30
-2,820114,820060,54,MPEKSAYNSPFLVGVPAR,length1,54
-2,819889,819802,87,MGLAIRKSKLVFTTCFNGELGIPSLSTGR,length1,87
-2,818206,818158,48,MAVPKLIAQGITKPSL,length1,48
-2,818140,818116,24,MIFTRPGA,length1,24
-2,817948,817927,21,MNFTQGS,length1,21
-2,817816,817807,9,MSM,length1,9
-2,817798,817753,45,MFVIFAIKRCRMKSH,length1,45
-2,817642,817630,12,MSFW,length1,12
-2,817576,817507,69,MFSFNDNTFFQRQFSFHIINQHY,length1,69
-2,817501,817495,6,MF,length1,6
-2,817420,817285,135,MWMWVRTPHCCPFVFKNLHPLVFRTKLTKLFLPYFNHFFNLKCGQ,length1,135
-2,817267,817171,96,MIGRETNDSTFPTSLRTLEKRIGGFFRGWRIF,length1,96
-2,817003,816991,12,MWRN,length1,12
-2,816955,816895,60,MWVFCRFKKCGHFDSCFLSM,length1,60
-2,816811,816805,6,MI,length1,6
-2,816793,816766,27,MKVTAFNLS,length1,27
-2,816712,815716,996,MSTIRDVAKLANVSVATVSRVLNHSLSVSENTRLAVEQAIAQLAYQPNANAQALAVQNTDTIGVVVTDVTDAFFAILVKAVDKVAEAHQKTILIGIGYHHAEKEREAINTLLRKRCSSLVVHSKALSDDELSHYLNTVQGMVIINRVIKGYEHRCVSLDNQKGTYLATEMLIRYGHQHIAYIGSNHAIFDEVERRNGYLAALKDHNYPIIEQAITLNSPDFEGGEKAMIDLLSYNKNLTAVVAYNDSMAAGAISVLNENNISVPSQFSIIGFDDMPIARYLIPKLTTIRYPIDLMATYAAKLALSLTDEKIITPPVVQFNPTLVRRFSVESR,length1,996
-2,815680,815677,3,M,length1,3
-2,815623,814576,1047,MMYTTLSIHINLPNRSVIMKKTAVLSTVAFAIALGSASASFAADNRIGVTIYKYDDNFMSLMRKEIDKEAKVVGGIKLLMNDSQNAQSIQNDQVDILLSKGVKALAINLVDPAAAPTIIGKAKSDNIPVVFFNKDPGAKAIGSYEQAYYVGTDPKESGLIQGDLIAKQWKANPALDLNKDGKIQFVLLKGEPGHPDAEVRTKYVVEELNAKGIQTEQLFIDTGMWDAAMAKDKVDAWLSSSKANDIEVIISNNDGMALGALEATKAHGKKLPIFGVDALPEALQLISKGELAGTVLNDSVNQGKAVVQLSNNLAQGKSATEGTKWELKDRVVRIPYVGVDKDNLGDFLK,length1,1047
-2,814456,814432,24,MSASPFRA,length1,24
-2,814384,814378,6,MP,length1,6
-2,814366,814342,24,MARANLHY,length1,24
-2,814321,814291,30,MPKMKAKFFS,length1,30
-2,814246,814195,51,MVFQWCTKNSISCAKLA,length1,51
-2,814105,814087,18,MNWILM,length1,18
-2,813988,813925,63,MNQHPRFLKKKLSICLKLSTN,length1,63
-2,813880,813817,63,MKSSRSVMKLLFYATVNGSTR,length1,63
-2,813496,813442,54,MALHWLLKSVVQRGFILI,length1,54
-2,813328,813244,84,MLKHHHTELQLVLFLVVTNKKSLLVVGF,length1,84
-2,813217,813127,90,MSRLVVSILGQNLKFTNLFKNSLKKIKALL,length1,90
-2,812971,811963,1008,MSALEKNKSFDLLKQNAIYFVLLILLGIIIAQDPTFLNLVNFSNILTQSSVRLIIALGVAGLLITQGTDLSAGRQVGLSAVISATMLQSMENINRVFPEMGQIPIPVVILAVCAIGAVIGLVNGLVIAYLNVTPFIATMGTMIIIYGFNSLYYDAVGGSPIAGFSENFSTFAQGFFRVGSFKLSYITIYAAIAALLVWIMWNKTRFGKNVFAIGGNPEAAKVSGVNVARNLVAIYMIAGMFYAFGGMLEAGRIGSATNNLGFMYELDAIAACVVGGVSFAGGVGTVIGVITGVIIFTVINYGLTYIGVNPYWQYIIKGSIIILAVAIDSLKYAKKK,length1,1008
-2,811939,811888,51,MNEKWANLSTFVLSIQF,length1,51
-2,811075,810520,555,MKQLLDFIPLILFFITYKLGGVREAAIVLVVATILQIVILKWKYGIVEKQQKIMASAVVFFGLLTAYFNEIRYLQWKVTIINGLFAIVLLVAQFQFKTPLIKKLLGKELQLPEKAWNTLNLGWALFFIICMLVNIYISHNMSEEAWVDFKSFGIIGMTVIATIISGVYIYRYLPKDGSNSKDGEK,length1,555
-2,810493,810370,123,MVANQKEFFYYELWRCLLTPMLTEIFLVAGLCLKWIWAARF,length1,123
-2,810289,810229,60,MLFVATVNVSKLGVLPLKLK,length1,60
-2,810169,810094,75,MRYLLLLQLIIMVALARFPVKITKS,length1,75
-2,810037,809743,294,MYYVIFAQDIPNTLEKRLAVREQHLARLKQLQAENRLLTAGPNPAIDDENPSEAGFTGSTVIAQFENLQAAKDWAAQDPYVEAGVYADVIVKPFKKVF,length1,294
-2,809725,807946,1779,MKKVALISLCIFTALSAFADSPNTATASINLEQEKQNWASIQHQDYLKRLKQREVFLQVEGLLKSAVKKQQFSEAIQNITKTLIDSLQGYPLQYDLLARFWETKIAFLQNDDIQGKQQAINEVNALVQQNYPFVTPAFQALLQKLSTLNEQQTSATSDNAKENNRVQKEQNQVENPKQLAEIVRKSDPNTLDKTVLIDAFPRYLKTLPEQMNNLSFESYQKWANTWQLSEDEIKQWKIAFLNRFFDNENTDFQKWRDEQIRQLQTDNLTERRLRMAIWQKTELTSWLNLLSAESKSKQEWRYWEAKQDILKNTKKLTALSKERGFYPMLAATQLKQAYQLNVPIASSFTQAEQLPFKQVFAMITELRELGRNGLAKQRWRILLDNVDFTTQLKLSEYAKNQQWFELAVDASIVAKAWGYLSLRLPNAYSEYFNAALQNLNISKTFAMAIARQESAWNPMAQSSANARGLMQLLPSTAKLTAENNQLPYQGEQDLFKPLNNILLGTAHLNELNGKYPNNRILIAAAYNAGANRVEKWLSRASGKLALDEFVASIPFYETRGYVQNVVAYDFYYQILQNKENPQIFSQEELNRLY,length1,1779
-2,807943,807937,6,MH,length1,6
-2,807880,807844,36,MECISSNAKNRL,length1,36
-2,807640,807622,18,MDETTS,length1,18
-2,807016,807001,15,MKPHF,length1,15
-2,806530,806434,96,MIRITTGRKIALTVPPAPNINHTGGSPERFGF,length1,96
-2,806311,806266,45,MIFITFGVIKKYVTV,length1,45
-2,806188,806143,45,MPKPGIGLLARQRTP,length1,45
-2,805906,805888,18,MFWTNF,length1,18
-2,805813,805759,54,MVTVIKIITVSHRNSCRA,length1,54
-2,805621,805606,15,MWFTI,length1,15
-2,805483,805465,18,MAAVIT,length1,18
-2,805288,805255,33,MWLLIDFRIVA,length1,33
-2,804577,804547,30,MRILLQQINL,length1,30
-2,804421,804142,279,MADAHVNIFHQDDVNLNAPHLRLSQFLRYYLFSILARMLEKPYHEGQVPYIYFAVCQLAFQDLDRNLEDSDSHLYSLRYRLRHDNLRSLKYPY,length1,279
-2,804079,804073,6,MP,length1,6
-2,804025,803998,27,MHDNHHQLQ,length1,27
-2,803530,803515,15,MQFLS,length1,15
-2,802870,802834,36,MVSTALSYASFN,length1,36
-2,802411,802408,3,M,length1,3
-2,802192,802141,51,MAILYSLIARLIFLFDN,length1,51
-2,802120,802111,9,MGE,length1,9
-2,802063,802012,51,MKKRKPKHKKCLDSELI,length1,51
-2,801889,801766,123,MCISRERSNGVSGFSITSKLNSSRLTTFPLDLSNKQRILNS,length1,123
-2,801547,801430,117,MSSPLAVSIITGTLETLRISFNVSIPFNFGIITSSKTSL,length1,117
-2,800869,800839,30,MLKRLRLKVF,length1,30
-2,800152,800140,12,MLID,length1,12
-2,800131,800089,42,MTAIKQCNKQIICR,length1,42
-2,799954,799831,123,MLCKYRLFLKHAKSLSFILIALMQLQHHLFYFWCNGQQLVA,length1,123
-2,799780,799735,45,MQNNLINGNTHFCHL,length1,45
-2,799597,799588,9,MLN,length1,9
-2,799423,799417,6,MR,length1,6
-2,799402,797647,1755,MKWIKKGTFSGKQYRDDVSRKISWGHWFAFFNIIVAILIGARYAFIIDWPDTLAGKLYFFVSLLGHFSFNVFALYLLVVFPLSFIVKNHRTFRGLTVIFSTICTTLLLFDTAVFNRFNLHLSSVVWNLLVNPENGEMSRDWQIFFAPMPIILLAQMLFSRWSWEKLRSLERQKWLKGTGIFLTTTFIATHLIYAWADAYLYRPITMQRSNFPLSYPMTARSFLEKHGFLDGEEYTQKLAQEGRLDALKIDYPKKELTYAPITHKPNILLVTVSGLRHDAISNEKMPKLAKFATSSTEFTNHYSTGNSNNAGLIGLFYGLNANYTDSILSNHTQSVLIEKLRAENYQLGLFSATNFKDSIFRQALFREIKLSSNKTNKPNNESAVKNLNDFIKAQKTDSPWFAYLDLALDAKNPSDYDRTLQDIDSLLTKALESTPLENTLVIITSEHGLTFNEMNQKERENYFGRDEIQVPLLVYWKDLPVGKQNGLSNHADIFSALMQTVFRVENPLMDYSQGRNLFDLKGDDWVLASNFRWNVVIQPDGTQYHIDRKGNYKKFDKDYIEQSSDRPPLGIFLEAFQLQNFFFEK,length1,1755
-2,797527,797494,33,MLLAVLTVPFN,length1,33
-2,797437,797380,57,MFVVLKPIFAMKLSKKAGG,length1,57
-2,797377,797344,33,MPMLMLTALLR,length1,33
-2,797281,797275,6,MK,length1,6
-2,797254,797218,36,MIITHVFANLLN,length1,36
-2,797110,797098,12,MTLF,length1,12
-2,796990,796966,24,MNWIMDVA,length1,24
-2,796912,796903,9,MYM,length1,9
-2,796810,796738,72,MVFPLAHIQKNIATNFTKKCVKPK,length1,72
-2,796669,796645,24,MHSRQQMK,length1,24
-2,796516,796474,42,MKWSISQVLTVVKC,length1,42
-2,796312,796183,129,MTVFFKSSSVLKFSKLPSSCVNFTEIPPFSFINCKRRRSPDAK,length1,129
-2,795979,795961,18,MPLNGP,length1,18
-2,795673,795409,264,MKCKRLNEVLELLQFYWSKDSDLSLMEILQKIANESGFQKPLNELTDEVIIYQLKMDGTDKYEPIPGLKKDYEEDFKTALLRARGIIK,length1,264
-2,794737,794698,39,MKEERILWLQVLA,length1,39
-2,794605,794584,21,MVKRSKH,length1,21
-2,794428,794425,3,M,length1,3
-2,794254,794191,63,MNTNFYAITDFSIQRTATKKT,length1,63
-2,793855,793840,15,MGKCG,length1,15
-2,793645,793636,9,MGN,length1,9
-2,793372,793369,3,M,length1,3
-2,793165,792394,771,MAHSQVGIQLISESTEKTLAELIALCAEHNIIHNEKSPLALVQTDDRLELRKLDEPKLGAVYVDFVGGTMAHRRKFGGGRGEAVAKAVGIKGSALPTVIDATAGLGRDAFVLAAIGCQVRLVERHPVVFLLLQDGLNRAYQDEEIGEMLQQNLHLLNVQHINELDPNSDYADVVYLDPMYPHKQKSALVKKEMRVFQHLVGADLDADELLLPALQLAKKRVVVKRPDYAEFLCGKQPHFSRETKNHRFDIYMGASQC,length1,771
-2,792367,792346,21,MKMALPK,length1,21
-2,792241,792229,12,MWKH,length1,12
-2,792151,792136,15,MLYRF,length1,15
-2,792091,792070,21,MKFCVPF,length1,21
-2,791824,791779,45,MPVILYGEQPLFLKG,length1,45
-2,791734,791698,36,MGRKFRQLVEGK,length1,36
-2,791542,791029,513,MNNQIPLLGITGYSGSGKTTLLEKLIPELIARHIRVSVIKHSHHNMQVDKEGKDSWRMKEAGSSQVIVANDERWAIMTETPKPVSLDYLAQQFDRTLTDLVLVEGFKQEPIPKILLHRQEMTKPLPEIDEYVLAVATNYSLEIDRTLLDINRIPQIADFIENWLHHFHGAR,length1,513
-2,791014,790999,15,MPIAV,length1,15
-2,790957,790945,12,MRPF,length1,12
-2,790630,790618,12,MLGI,length1,12
-2,790300,790237,63,MLKTMKMPFYLYPFSELVHSD,length1,63
-2,789943,789895,48,MGLVCRSFLLQLIRWL,length1,48
-2,789670,789619,51,MMAIIYEKCLRLICYNP,length1,51
-2,788221,788215,6,MG,length1,6
-2,787642,787573,69,MIIIKMIWLPFVKNLVAKRKSQM,length1,69
-2,787561,787558,3,M,length1,3
-2,787528,787447,81,MVAKHYVWNFHNKLTQVQLSKLSSIFV,length1,81
-2,787399,787357,42,MNFVKSLKAVCFLL,length1,42
-2,787348,787255,93,MAYRWRLMHQLFSLMENIIFISVPLQSIMRI,length1,93
-2,787213,787114,99,MKTKRSQLLCVLAYVIKQVHVLFLVKIQLLKKS,length1,99
-2,787090,787084,6,MM,length1,6
-2,786979,786901,78,MLMGKFLILVSKAIHMKKKVINNIVS,length1,78
-2,786730,786724,6,MQ,length1,6
-2,786247,786235,12,MSGS,length1,12
-2,785992,785926,66,MYFFASGREISSWRESPNADIP,length1,66
-2,785767,785752,15,MRSSI,length1,15
-2,785248,785233,15,MREST,length1,15
-2,785056,785032,24,MLSNAIVS,length1,24
-2,784930,784924,6,MP,length1,6
-2,784912,784876,36,MLSSNLIFCPIL,length1,36
-2,784873,784798,75,MSGFSKMGLIAASAVDFSSVFGASK,length1,75
-2,784687,784639,48,MSFAVLSFSIQRVKSA,length1,48
-2,784513,784465,48,MESAPFITSLSQRLNS,length1,48
-2,784447,784441,6,MS,length1,6
-2,784375,784360,15,MVANV,length1,15
-2,784252,784156,96,MLPMPCSKPSAVFSPTPATPGMLSALSPISAR,length1,96
-2,784147,783898,249,MSSGGIPYFSITPSRSNRLLFMVLMSIILSSTNCAISLSPVLMSTFLPKLDACSARVPITSSASIPSTTKSGMPNARIISCKG,length1,249
-2,783769,783688,81,MRRFNIFNTPYIAFVGSPAALVKEGKA,length1,81
-2,783559,783544,15,MAGLM,length1,15
-2,783517,783511,6,MA,length1,6
-2,783472,783172,300,MSLKLVEILVLGQVLRLNVPIEQEELLRQAARNLDILVSEMKEKTGLIQLDRVLSIVALNLSFELSQEKNKTAKIEEVLRTGIQQLDHSLENIRVTKEPH,length1,300
-2,783106,783079,27,MLVNTENLG,length1,27
-2,783034,782815,219,MSLSRYFKSYKLVSYRWCVGLTFDSFIGLRNLKTVSTDFLEPSGSRTTARSGTLGPIFSFHFYEYSKTPANPR,length1,219
-2,782353,782326,27,MSASRKSSH,length1,27
-2,781990,781966,24,MWLYCVMN,length1,24
-2,781927,781810,117,MVEMYNFHASLLIYLIYAINSHSKTKINLFRANCFCLQL,length1,117
-2,781699,781654,45,MQKKADKLLKNIRLI,length1,45
-2,781606,781546,60,MKKFVEPFKYYNVVPKITLC,length1,60
-2,781366,781339,27,MNFLKKKVA,length1,27
-2,781324,781261,63,MKFILWSARVKPMVRWMRVTY,length1,63
-2,781180,781129,51,MPHLSAVSKKYLWTNQV,length1,51
-2,781087,780979,108,MKFIITWILLTLRLSLPQRFHIVIFPIVNCRIKPLI,length1,108
-2,780973,780943,30,MKRRLAFVWK,length1,30
-2,780649,780586,63,MDASLLLKSNSSKLKPAKEKK,length1,63
-2,780559,780505,54,MKKSQKCFLKPQVFLYPK,length1,54
-2,780466,780448,18,MNYINE,length1,18
-2,780424,780418,6,MR,length1,6
-2,780277,780220,57,MRWCALICQSLWKSTVSLV,length1,57
-2,780199,780172,27,MSAMKKAVI,length1,27
-2,780127,780061,66,MKLKKPMRMYSISYYKYWMMVV,length1,66
-2,779788,779782,6,MN,length1,6
-2,779737,779710,27,MTQFMVHVH,length1,27
-2,779437,779425,12,MFTR,length1,12
-2,779311,779299,12,MVLL,length1,12
-2,779008,778927,81,MNLTIGFFIKCLSINKLHTNSQGIKLI,length1,81
-2,778858,778852,6,MG,length1,6
-2,778735,778678,57,MLSSKHLSFLPHFFVSGMF,length1,57
-2,778381,778375,6,MK,length1,6
-2,778051,778027,24,MNVATLFE,length1,24
-2,777910,777844,66,MLIFLCSGWHEYDITQALYVFP,length1,66
-2,776260,776239,21,MTFYRYF,length1,21
-2,776233,776179,54,MKSAVKILCRNAFCYEHL,length1,54
-2,775861,775855,6,MR,length1,6
-2,775369,774682,687,MILQPLFYLRFSSNLKGEKMELHNIRDEYTKRVLSQHDCHKNPISQFEQWQKEAIHAQVNEPTAMNIATVDEQGRPNSRMVLLKEVNEQGFVFFTNYLSRKGSCIERNPYVALTFFWPELERQVRIEGKAVKIPAEQSDKYFATRPYTSRIGAWASEQSAVISNYKSLLAKAALVAAKHPLNVPRPDYWGGYLVVPETVEFWQGRPSRLHDRIRYRKESDNWIRERLSP,length1,687
-2,774589,774535,54,MRASTCCCTICTFTIVFR,length1,54
-2,774340,774289,51,MNTDNLTFINFYVCINH,length1,51
-2,773992,773866,126,MLFFHIDSHLFVWLLFFAINITINYFWARNGKLITFTTHIFD,length1,126
-2,773854,773851,3,M,length1,3
-2,773530,773395,135,MSKYLTDTTLTSFSFTIDDSNWLVWFNRTTLNTTNADNTYIVVVV,length1,135
-2,772804,772693,111,MVYVRNNGDVTEFFNINFVFHYLMLRVGCNFARYMIL,length1,111
-2,772177,772165,12,MPVK,length1,12
-2,771733,771718,15,MTGFD,length1,15
-2,771556,771547,9,MKV,length1,9
-2,771484,771460,24,MPLLPCLN,length1,24
-2,771448,771274,174,MILGLYCFVLLTLKVKNMVFLSQLALLMKICLKTARCLMAPLLKVGKPLIKPICCLCQ,length1,174
-2,771208,771052,156,MNQRQCKAMIAIRALLQFVQKIICVQQVLLIKLFLVQSLNSSYLMMCVLMYQ,length1,156
-2,771028,771022,6,MI,length1,6
-2,770992,770962,30,MKKAITLIAH,length1,30
-2,770851,770800,51,MKWLLQGKTKLRLNSIR,length1,51
-2,770785,770662,123,MKLKSINMWCKMWHWSMVKRRVLCQNQLLEIMVRVCTVICR,length1,123
-2,770623,770560,63,MQAFLKPHFTTSAVSLSTLKP,length1,63
-2,770557,770518,39,MRSLIQVLIHINV,length1,39
-2,770506,770440,66,MKHQYCWLTLQAIVQPQFVFLL,length1,66
-2,770344,770335,9,MAW,length1,9
-2,770314,770272,42,MRWIKIFTIFLQKN,length1,42
-2,770209,770200,9,MNF,length1,9
-2,770164,770125,39,MRLSVSNVKKWNV,length1,39
-2,770086,770023,63,MRNVIDVIIFKSAVEFTALFV,length1,63
-2,768973,768955,18,MVSKSE,length1,18
-2,768886,768877,9,MGE,length1,9
-2,768841,768814,27,MMLGEKMLF,length1,27
-2,768772,768751,21,MKKLTAL,length1,21
-2,768706,768676,30,MWNCSVKNGI,length1,30
-2,768598,768577,21,MIYKMNY,length1,21
-2,768535,768517,18,MSQHKA,length1,18
-2,768454,768439,15,MKKVR,length1,15
-2,768310,768298,12,MRQC,length1,12
-2,768235,768229,6,ME,length1,6
-2,768100,768088,12,MPLN,length1,12
-2,768064,768058,6,MA,length1,6
-2,768034,768001,33,MRKGVWCWLMD,length1,33
-2,767920,767881,39,MTIIRYYLWMMIS,length1,39
-2,767848,767710,138,MNLSGVYHLKIFIAHKLIHLLQILLILVLFQLGRGQVQQRHFYRIL,length1,138
-2,767524,767518,6,MR,length1,6
-2,767473,767458,15,MALKS,length1,15
-2,767410,767374,36,MQSIKAKNFLRL,length1,36
-2,767320,767314,6,MQ,length1,6
-2,767191,767134,57,MQIVKLLISLLIVKFLRVN,length1,57
-2,767053,766987,66,MNSIPSSSSSVQSSSQSSSSSN,length1,66
-2,766891,766825,66,MIKSIISRQSGGTFFPVAAEIR,length1,66
-2,765535,765457,78,MAQPKYIISKICCELNLRNINFCAIP,length1,78
-2,765421,765403,18,MTPVEY,length1,18
-2,765280,765256,24,MSIPKEDK,length1,24
-2,765226,765223,3,M,length1,3
-2,765076,764929,147,MKRYHTIVCAFITDKTCFKAIGNDPQAIAVISAKVKPSKGCCFIAFSLM,length1,147
-2,764881,764875,6,ME,length1,6
-2,764713,764569,144,MLPANTDSPPKRLTPRRLASESRPLRVEPPAFLVAIYLISSEIMLESQ,length1,144
-2,764179,764161,18,MARIYL,length1,18
-2,764062,763075,987,MKKQDLMSIDEIQKLADPDMQKVNQNILAQLNSDVPLIGQLGFYIVQGGGKRIRPLIAVLAARSLGFEGSNSITCATFVEFIHTASLLHDDVVDESDMRRGRATANAEFGNAASVLVGDFIYTRAFQLVAQLESLKILSIMADATNVLAEGEVQQLMNVNDPETSEANYMRVIYSKTARLFEVAGQAAAIVAGGTEAQEKALQDYGRYLGTAFQLVDDVLDYSANAQALGKNVGDDLAEGKPTLPLLHAMRHGNAQQAALIREAIEQGGKREAIDEVLAIMTEHKSLDYAMNRAKEEAQKAVDAIEILPESEYKQALISLAYLSVDRNY,length1,987
-2,762898,762844,54,MDTISSFCILVVRLALAK,length1,54
-2,762706,762526,180,MLITIVKIGLIVLRVWNGSLKEVFAAQCVLICALKKLLNMLMNMVSLYLLVAWEFLAGKI,length1,180
-2,762514,762427,87,MAVDIVRRKNMMMLFIGIITGEKKVARNA,length1,87
-2,762199,762187,12,MINF,length1,12
-2,761368,761305,63,MGNRIDLWECADPEKGHHHTK,length1,63
-2,760798,760780,18,MEKKVP,length1,18
-2,760657,760609,48,MDLSKGSSSNSPCHRT,length1,48
-2,760408,760387,21,MIFGVFG,length1,21
-2,759187,759160,27,MYRRFLLSA,length1,27
-2,759031,758902,129,MDNFWFLCIRIGTGFYALRIANVTVAFCYCYRSATTSKYDASV,length1,129
-2,758692,758482,210,MEPKTNLGCFWRCLCDGNDCWAGGIALHICATFWCFTLCGTKWRFIYRRSNPLFARTWYGRAANVNHIVW,length1,210
-2,758371,758305,66,MGATLMGWISDSIFYLVCVADV,length1,66
-2,757240,757207,33,MPEIYRIFTAL,length1,33
-2,756976,756964,12,MLYL,length1,12
-2,756889,756808,81,MAGFLVVVVQMMPSCSNMPLKALIWWW,length1,81
-2,756754,756748,6,MR,length1,6
-2,756688,756676,12,MWRS,length1,12
-2,756664,756646,18,MISTQF,length1,18
-2,756559,756550,9,MIL,length1,9
-2,756487,756457,30,MRSAVNSHGL,length1,30
-2,756400,756379,21,MRHFMLI,length1,21
-2,756376,756373,3,M,length1,3
-2,756298,756280,18,MQHLNA,length1,18
-2,756241,756217,24,MPIHVAWR,length1,24
-2,756109,756079,30,MKLWNANSLK,length1,30
-2,756022,755959,63,MCVCLNVVNGLLVPNVWISNV,length1,63
-2,755935,755926,9,MRI,length1,9
-2,755908,755902,6,MI,length1,6
-2,755815,755761,54,MPLFTPKTIKLSALVQVK,length1,54
-2,755716,755707,9,MKA,length1,9
-2,755677,755617,60,MRSSHSVMALMLQRKWEFNV,length1,60
-2,755575,755551,24,MRRMNIIW,length1,24
-2,754477,754474,3,M,length1,3
-2,754444,754372,72,MGSTSFFRYRIGCRGISKGLSQRR,length1,72
-2,754195,754105,90,MVWAFLSSRHWLQGCGTRTSKIVRNLVEFN,length1,90
-2,753991,752404,1587,MRLYQLMRQFVIVVLYSAILLSLEVIYRKLFNISSIERYTESYLSVCLFVCLFVFSKYRITRILVGALFAISIVVNNVHYAVYQSWIGPVNYSLAFKEINEITNAGLTMIDKFIYPLLFGLFEVAVFLSLSFIKRKVYKLSWIFDFIFYAVMMYVFVRAYTTKSHERFISPNTVYSRLKSNYLSLGYFIGRIVPYEIFSLSNIPLYHKSKPMKSGSPKIKNIILIMGESATSSHFSAFGYGRKTSPFLDSLKYKSGALVGKTYSGGKLTAISLPMFFNAIPYPNGIQQIAKGDTNLFNLAKEQGFQTYFYSAQARDDMHMINFLGGAWIDDIRFPDNEGYSLRDSMPDNKLLPAFKNINLDNGYHFVVLHHRGSHIPYGALLDEKEKVFGKNNATDNYDNTILNTDNFISEVYHYLSNKSSKDWIIAYTSDHGQYVKGDTYKQGTFDEDNYIVPLVLYSPNEEIQKLVLDNFESCKISFHNQLSSFIINIMGYNYSVSTCDKGVVNGNILTGDAGYLKIESNGKQEYVH,length1,1587
-2,752218,752152,66,MKIVVKKNISNSLHLKTMRVHV,length1,66
-2,752116,752050,66,MRKAIQVNVITVVVSMRTLWNS,length1,66
-2,752005,751954,51,MFNRTLDHKRMLRCMVH,length1,51
-2,751948,751930,18,MQAILF,length1,18
-2,751846,751825,21,MELLRMA,length1,21
-2,751816,751792,24,MKMFVKKH,length1,24
-2,751708,751669,39,MKLVRIYLWIWRM,length1,39
-2,751624,751612,12,MHML,length1,12
-2,751546,751486,60,MKKSTKNYNHPYSLQIKVVH,length1,60
-2,751411,751408,3,M,length1,3
-2,751399,751321,78,MRKQWLRYLNNVVMTLCQMALKTTCS,length1,78
-2,751279,751270,9,MRH,length1,9
-2,751240,751189,51,MLYQTIRKNHSSLLASV,length1,51
-2,751156,751135,21,MKMMCVN,length1,21
-2,751117,751111,6,MF,length1,6
-2,751108,751102,6,ML,length1,6
-2,751090,751078,12,MKNK,length1,12
-2,750991,750976,15,MFSGD,length1,15
-2,750955,750325,630,MGNYMTYIVGLTGGIGSGKTTIANLFTDLGVPLVDADVVAREVVAKDSPLLSKIVEHFGAQILTEQGELNRAALRERVFNHDEDKLWLNNLLHPAIRERMKQKLAEQTAPYTLFVVPLLIENKLTALCDRILVVDVSPQTQLARSSQRDNNNFEQIQRIMNSQVSQQERLKWADDVINNDSELAQNLPHLQQKVLELHQFYLQQAENKNA,length1,630
-2,750211,750202,9,MGG,length1,9
-2,750139,750130,9,MEH,length1,9
-2,749455,749401,54,MPRSASAFNDVIFSDAFL,length1,54
-2,749248,749242,6,MA,length1,6
-2,748573,748495,78,MNVHSFLSNYCSLFYSRILCDKLKLI,length1,78
-2,748405,748402,3,M,length1,3
-2,748363,748204,159,MSCLNNLHIECFQCLWQHLKKILMNLSLFSNSIDKCGKIFGISYKKIPPFYPI,length1,159
-2,748195,748102,93,MNLCLISRIFVKTLKIVVGIYFVTKPKKLAY,length1,93
-2,748036,747997,39,MQNLSISILSLKF,length1,39
-2,747922,746728,1194,MSQTQHQRPKRSHIFLMKIILVVFVLIFVGVIGFNIIKGVMISRAIAEMPESSSPVTALEVQPREWTPVINTTGLVRPNQGALLSTQNAGTISQVLVQNGQNVKKGEVLVELDSSVERANLQAAQAQLSALRQTYQRYVGLLNSNAVSRQEMDNAKAAYDAQLANIESLKAAIERRKIVAPFDGKAGIVKVNVGQYVNVGTEIVRVEDTSSMKVDFALSQNDLDKLHIGQRVTATTDARLGKTFSARITAIEPAINSSTGLVDVQATFDPEDGHKLLSGMFSRLRIALPTETNQVVVPQVAISYNMYGEIAYLLEPLSEEEKGKMSGNEKLDRLYRAKQITVFTKDRQGVYAQLQGNEVKAGDKIITGGQQGIGNGSLVEWIKKDIVGAVEPAHKTPL,length1,1194
-2,746722,746707,15,MRKSE,length1,15
-2,746545,746536,9,MRI,length1,9
-2,746389,746383,6,MC,length1,6
-2,746371,746365,6,MQ,length1,6
-2,746347,746269,78,MVLKILVYPLLQVGAVLCISVSDLKN,length1,78
-2,746167,746149,18,MHYVFG,length1,18
-2,746080,746041,39,MYKRLRGTIMAIM,length1,39
-2,745969,745957,12,MAMI,length1,12
-2,745888,745867,21,MAQSPLC,length1,21
-2,745804,745795,9,MKV,length1,9
-2,745753,745711,42,MTALLPLIVLFTRS,length1,42
-2,745513,745402,111,MMLLWCWRILIVILKREKLHSERRLLVRVKLQSLLFL,length1,111
-2,745237,745207,30,MLNQHGWKNA,length1,30
-2,745057,745009,48,MKIKAHLLQLVTRHLA,length1,48
-2,745006,744970,36,MWITFKMQCNHI,length1,36
-2,744964,744961,3,M,length1,3
-2,744835,744730,105,MKLMKKQNQFQKCQYQHLTFLKLIQGNKALQSLLY,length1,105
-2,744625,744610,15,MTRRK,length1,15
-2,744574,744541,33,MASRCNKSVIL,length1,33
-2,744502,744466,36,MWMDALIKSFRR,length1,36
-2,744457,744418,39,MIAYRQKVSKIII,length1,39
-2,744406,744388,18,MVNQCH,length1,18
-2,744274,744190,84,MPLLGFNNMQQTIYRKAIRLILNLKHVN,length1,84
-2,743902,743842,60,MVKLVLRQSLTRQKCVCVQF,length1,60
-2,743797,743755,42,MQQVQERYLALVLG,length1,42
-2,743686,743626,60,MSQLNTNHYRFLMKIKQPTN,length1,60
-2,743485,743470,15,MLVFI,length1,15
-2,742819,742789,30,MRCFQKSSAS,length1,30
-2,742726,742699,27,MEPCSCSKF,length1,27
-2,742498,742399,99,MLFVEQGKLKFAYHLNQIDSFDGKNFGKLGYKD,length1,99
-2,742345,742297,48,MWSKMFLQNPLKFSRS,length1,48
-2,742171,742114,57,MSLMARKLPLANKMLLHIQ,length1,57
-2,741514,741421,93,MPMPFRVFLVDNYLIINFEKEGSPGLRQHLE,length1,93
-2,741403,741286,117,MLQGYPQSHRAKKRQRIKKLRLKITALRQNVLLTNPLLE,length1,117
-2,741229,741208,21,MRQDRPQ,length1,21
-2,740947,740887,60,MNLKFLLLPLQKDQFSMAFL,length1,60
-2,740794,740671,123,MHCQSPFQYHLSRHQILYFYRINQNGFLLADQCAYSLIGFL,length1,123
-2,740473,740446,27,MERYSIKPD,length1,27
-2,740092,739996,96,MTPSLDYRPHKHLLFLQNPSRRKTNTKHKQYQ,length1,96
-2,739924,739897,27,MEFQLQFSS,length1,27
-2,739873,739762,111,MFKNGIFKTIKNKMKGHYETLKRGTQGEIIISLFLLD,length1,111
-2,739756,739750,6,MF,length1,6
-2,739366,739342,24,MTGLPVVF,length1,24
-2,739141,738037,1104,MNKKTIVVKFGTSTLTQGSPKLNSPHMMEIVRQIAQLHNDGFRIVIVTSGAIAAGRHYLNHPQLPPTIASKQLLAAVGQSQLIQAWEKLFAIYDIHIGQLLLTRADIEDRERFLNARDTLHALLDNHIIPVINENDAVATAEIKVGDNDNLSALVAILVQAEQLYLLTDQQGLFDSDPRKNSEAKLIPVVEQITDHIRSIAGGSGTNLGTGGMMTKIIAADVATRSGIETIIAPGNRPNVIADLAYEQNIGTKFIAHQSDRLESRKQWLFAAPSAGIITIDNGAQNAILEQNKSLLPAGIINVEGRFSRGEVVKIRTQSGKDIALGMPRYNSDALQLIKGRKSADIENVLGYEYGAVAMHRDDMIILS,length1,1104
-2,737941,737914,27,MATVQMWVL,length1,27
-2,737833,737575,258,MIMKVPSKRCIANYTRKLVYNLKMCVCYMFLNIGYAINCQSVYCVMIASRCVLGRNNAGFCYSLLAMKKTSICKQLNRQNLTGGVG,length1,258
-2,737530,737515,15,MFIER,length1,15
-2,736561,735757,804,MNSNYLLLPHFDPSIFTLGDSNIGLRWYGLMYLLGFVFARWLAVRRANRPNSGWTVDQVDTLLFNGFMGVFIGGRVGDVFFYNLDHFLQEPLYLFRVWEGGMSFHGGLIGVIVAMIWTSYSQKRNFWQTADFVAPLIPFGLGLGRIGNFINLELWGRETNVPWAMIFPNDPLLLPRHPSQLYEAFLEGLVLFAILNIFIKKPRPMASVAGLFLIGYGVFRFIVEYVREPEVENFFGIITRGQALCLPMIIGGAFIMAWAYSRKSAVIK,length1,804
-2,735745,734896,849,MKQYLDLCRRIVSEGEWVANERTGKHCLTVINADLEYDVANNQFPLITTRKSYWKAAIAEFLGYIRGYDNAADFRALGTKTWDANANVNAAWLANPHRRGVDDMGRVYGVQGRAWRKPNGETIDQLRKIVNNLTKGIDDRGEILTFFNPGEFDLGCLRPCMHTHTFSLVGDTLHLTSYQRSCDVPLGLNFNQIQVFTFLALMAQITGKKAGKAYHKIVNAHIYEDQLELMRDVQLKREPFPLPKLEINPDIKTLEDLETWVTMDDFKVVGYQSHEPIKYPFSV,length1,849
-2,734890,734854,36,MQQKCGQNLTRK,length1,36
-2,734779,734656,123,MTLEILLEKVGISPLFKAILPHMLKLSLCVMARKIFKIIAY,length1,123
-2,734641,734638,3,M,length1,3
-2,734518,734506,12,MITR,length1,12
-2,734200,734176,24,MLPIRNLP,length1,24
-2,734158,734143,15,MRLNF,length1,15
-2,734128,734056,72,MARPFLIILAKGDCSSTSIILTAF,length1,72
-2,733960,733651,309,MRRMISGTVKPNFWSRLLLSIIAIFALPNAQSFENQNNTENYSSSVSIQQALETVKVAREVQRQAIPQPSISRQTEKQPKIQPHFLADVLNLSAPIRAGPLLI,length1,309
-2,733585,733579,6,MK,length1,6
-2,731431,731422,9,MGY,length1,9
-2,730819,730765,54,MNNQSAVIFYRTFFIPLH,length1,54
-2,730711,730690,21,MNLVRSI,length1,21
-2,730627,730600,27,MREKPQNRL,length1,27
-2,730558,730489,69,MQNFMNVFNLNIQQKSFLFSFIW,length1,69
-2,730486,730384,102,MNGLANLLGERGKKVFGLSSAHWMQDSFPPQMQN,length1,102
-2,730366,730330,36,MKLTISYKINVV,length1,36
-2,730306,730291,15,MIYHI,length1,15
-2,729163,729133,30,MKNKRHSLLQ,length1,30
-2,729043,729031,12,MKMI,length1,12
-2,728866,728848,18,MAMAFD,length1,18
-2,728845,728800,45,MFYEPQELKRRNVSY,length1,45
-2,728713,728689,24,MTEKQQLV,length1,24
-2,728677,728674,3,M,length1,3
-2,728539,728506,33,MKKFYTVFRMK,length1,33
-2,728392,728362,30,MIIHKIIFYL,length1,30
-2,728278,727516,762,MNNKISVYDKDNFFELYQKLRANPISLNEIIEKPTMLSLLPNLKGKKLLDLGCGTGGHLQLYLERGAAKVIGTDLSEKMLEQAEKDLQKCGQFSGRFSLYHLPIEKLAELPESHFDVITSSFAFHYIENFPTLLSTIHDKLSSNGTLIFSQEHPITTCHKEGERWEKNDKKQQVAYRLNHYREEGERNRNWFKQPFQTYHRTTATIINNLIHARFQIEQMEEPMLADQPQWHNEFKDLSHRPPLLFIKARKVEK,length1,762
-2,727483,727477,6,MV,length1,6
-2,727336,726616,720,MAQVSMRDMINAGVHFGHQTRYWNPQMKPFIFGARNGVHIINLEKTLPLFNEALAELTRIASNNGKVLFVGTKRAASEAVQAAALDCQQYYVNHRWLGGMLTNWKTVRQSIKRLKDLETQSQDGTFDKLTKKEALMRSREMEKLELSLGGIKDMGGLPDALFVIGADHEHIAVKEANNLGIPVFAIVDTNSTPAGVDFVIPGNDDATRAIQLYVSAAAAAVKEGRGNEAQVAEELAADAE,length1,720
-2,726415,726412,3,M,length1,3
-2,725611,725542,69,MYACKPNLKLGLFIFKRISAYFC,length1,69
-2,725404,725329,75,MLELPFYATLYSFAMEYQRNIRQVL,length1,75
-2,725101,725023,78,MRLYQYKYSHQSQRYYQLLLALLVGF,length1,78
-2,724585,724567,18,MHEILR,length1,18
-2,722923,722917,6,MT,length1,6
-2,722200,722197,3,M,length1,3
-2,721564,721528,36,MRFHIIESTTYE,length1,36
-2,721291,721207,84,MQTPLSLITVLRQFDNRCFAPAQKQVFL,length1,84
-2,721156,721141,15,MEINS,length1,15
-2,721117,721111,6,MP,length1,6
-2,721075,721054,21,MRQHLLQ,length1,21
-2,721027,721012,15,MTNRQ,length1,15
-2,720820,720793,27,MFLHYVQFL,length1,27
-2,720619,720574,45,MPQKHFLFQDRISNL,length1,45
-2,720277,720025,252,MTVVIRFYCQMLVIFAQQELLHYVHQAFLHSRLKESLKPQILYHICQCVSKLLFQNQWKNDGLLYRTFSLPKSDHIRERILIQQ,length1,252
-2,719992,719950,42,MTFKILITQRNRNS,length1,42
-2,719716,719710,6,ML,length1,6
-2,719506,719494,12,MEST,length1,12
-2,719068,719029,39,MTLLITCNRAIKF,length1,39
-2,718888,718858,30,MMLKSRVINI,length1,30
-2,718651,718648,3,M,length1,3
-2,717946,717919,27,MSFLVINAC,length1,27
-2,717886,717802,84,MLSAYQQKVLQSKTKLRLLNGRTKTLPT,length1,84
-2,717643,717517,126,MMKQCSQTSKYTKVVAGVVIHRWNKKKSHNGLSKLLTMQSNY,length1,126
-2,717421,717358,63,MLQIPTKKWRFTPRVQIPFTA,length1,63
-2,717031,717016,15,MKKLI,length1,15
-2,716962,716917,45,MVKTLMAHSTALQIN,length1,45
-2,716809,716785,24,MAMLCLHR,length1,24
-2,716755,716749,6,MW,length1,6
-2,716743,716737,6,MA,length1,6
-2,716596,716464,132,MACLMRKKQTIGYQWINISVVLNMQQCTCSTSVSSTNCYAMQDL,length1,132
-2,716410,716368,42,MLSTTPAQPTSVFG,length1,42
-2,716338,716290,48,MKKAELLKPPILKGVN,length1,48
-2,716215,716188,27,MVPILFVSL,length1,27
-2,715984,715939,45,MILVVVKHLILRLQQ,length1,45
-2,715792,715762,30,MKVLLIPQNG,length1,30
-2,715747,715738,9,MQW,length1,9
-2,715669,715621,48,MQMKKQSKRLLSRMKM,length1,48
-2,715579,715561,18,MSQVNY,length1,18
-2,715345,715327,18,MANISP,length1,18
-2,714940,713908,1032,MNRIFPEQLNYNLAQGLARVYLSHGQDPLLLSETEDTICQVANQQGFDEKNSIQVDSQTDWVQLIESCQSMGLFFSKQILSLNLPENFTALLQKNLQELISVLNKDVLLILQVAKLTKAIEKQAWFIALNQYEPNVILINCQTPTVENLPRWVKNRTKAMGLDADNEAIQQLCYSYENNLFALKQALQLLDLLYPDHKLNYNRVISAVEQSSIFTPFQWIDALLVGKANRAKRILKGLQAEDVQPVILLRTLQRELFTLLELTKPQQRIMTTEKLPTQQIKAEFDRLKIWQNRRPLFLSAIQRLTYQKLYEIIQELANIERLAKQEFSDEVWIKLADLSVKICL,length1,1032
-2,713794,713779,15,MSRLL,length1,15
-2,713371,713245,126,MLLTRLFAAANASAESKVRKCETARTRASKSAGRVGRRANTA,length1,126
-2,713227,713215,12,MPSS,length1,12
-2,713188,713116,72,MKSTTSSRIFCFGTKSSPRVKNET,length1,72
-2,713011,712759,252,MSFRSRGKFFLTIIRNAPNAARRNANGSALPFGAWPMPKIPVKVSNLSAKATALATKDLGNSSPAKRGIYCSFNATATSSSSPS,length1,252
-2,712705,712375,330,MLVIKSHFDSKPARFAFASSAPICFAISPASCSMRSVLSFNVPSCCWNNTVSKRGKRSTSFCFKSVLKKNSASVKRGRTTFSLPSMIAVGSSGLMFDTKIKCGNNLPSLP,length1,330
-2,712345,712339,6,MV,length1,6
-2,711853,711487,366,MSHSPLSVAMRSACSTVMPQPRAQPSAALVGLPSASKAADTAGPRFSISLLGCCVAKLNTFTAKRRGAANHSILSNDKPAWFNSTSTLSAKEVANALRAFGGSSSVPISTRKFWVVIFCLYH,length1,366
-2,711463,711454,9,MFC,length1,9
-2,711355,711343,12,MFHC,length1,12
-2,711301,711277,24,MQIISSKY,length1,24
-2,710911,710890,21,MRYQMFS,length1,21
-2,710845,710839,6,MR,length1,6
-2,710515,710491,24,MKFSGFTT,length1,24
-2,709912,709906,6,MP,length1,6
-2,709609,709600,9,MPK,length1,9
-2,709549,709501,48,MNCLRLGNEVIISTSS,length1,48
-2,709429,709405,24,MGLLILLS,length1,24
-2,709051,709021,30,MENIAISGFA,length1,30
-2,708688,708682,6,ML,length1,6
-2,708247,708220,27,MIRKKFIST,length1,27
-2,708175,708133,42,MSFLALSCNKLNNG,length1,42
-2,708058,708052,6,MA,length1,6
-2,707395,707290,105,MDIICTNYARSRCGKSALPPVRPNQSVAEKRLSVN,length1,105
-2,706993,706969,24,MATTTRLC,length1,24
-2,706621,706585,36,MNLHPKVRLRFN,length1,36
-2,706561,706549,12,MKYY,length1,12
-2,706465,706444,21,MVNIVFK,length1,21
-2,706426,706405,21,MAQNNEV,length1,21
-2,706159,706111,48,MVFSPTSINLLVIQKA,length1,48
-2,705619,705490,129,MLVYRRYIQTFLGCCHHSQNQSVHINKDLDYAKRFQQAVFATP,length1,129
-2,703315,703282,33,MFATVNDVHHW,length1,33
-2,702916,702883,33,MNFSFNSWITA,length1,33
-2,702490,702382,108,MNKIHQIFYPHFADVSANFILHNALFNPKFDQFFRQ,length1,108
-2,702343,702298,45,MLFCLINFLFHIVVR,length1,45
-2,702220,702148,72,MSKQKLVVKRFSAQCRDSDRQANT,length1,72
-2,701719,701680,39,MRILRKIMSWRNL,length1,39
-2,700954,700930,24,MSKVKSTK,length1,24
-2,700363,700237,126,MLQFLAKIPFAKFLYPINQNGDNESHHFHPQDKFLAHHPRLI,length1,126
-2,700042,700033,9,MAV,length1,9
-2,700003,699988,15,MDHVN,length1,15
-2,699748,699745,3,M,length1,3
-2,699406,699400,6,MR,length1,6
-2,699277,699271,6,MA,length1,6
-2,698455,698446,9,MEN,length1,9
-2,698215,698176,39,MSSPSGSHFKKCR,length1,39
-2,698161,698098,63,MCRYIFKGEIIHRKRISKQTN,length1,63
-2,697828,697810,18,MIKFST,length1,18
-2,696853,696838,15,MVKVR,length1,15
-2,696739,696721,18,MANRFT,length1,18
-2,696598,696571,27,MVLNGTSKK,length1,27
-2,696307,695590,717,MMKTLLKGQTLLALMISLALSSLLLLSISHFYVQIQTQNQQMLLHLKLQAELQRILQLIGKDLRRLGFRALNAKLTESNLFLFELDEQGTAIFISQEDNAPPNSCVLFFYDLNKNGCIGKGSPKTCMKNGKNTSKSSTEELFGYKVSNKMIKTKLTYQSVIPTNCTAETCKRAFQQTACNAGGGWADLLDNNEYEITRLQFNWLIEGKGLEIKLKGNLKQTPNISYETSLVVALWNQKQ,length1,717
-2,695512,695500,12,MIAI,length1,12
-2,695461,695431,30,MWKEHYNYKE,length1,30
-2,695383,695371,12,MMKV,length1,12
-2,695347,695302,45,MVPQIQFNIFFGVKE,length1,45
-2,695122,695101,21,MARCLPY,length1,21
-2,695020,695014,6,MA,length1,6
-2,695002,694978,24,MGKRRWSL,length1,24
-2,694924,694630,294,MFRMNKGMSLITLLFSLALFSVLFLVFNQWTAEQRKSAVKIYQDFQATQIAENQAQRQFLGLACEQLIQQNGLTFRIRCENERIIVRYPTSEILIKTQ,length1,294
-2,694459,691219,3240,MAQWLQIELAKETGISANLKFPMPASFIWQLYAQNLPATALENPFDKDSMMWRLIRLIPTFLEKENFLPLRNYLASSPHSEQYKLYQLSSKIADLFDQYLVYRAEWIFAWEKGEDEQITAQIRKQQPNLNDTLFEQIQGNIKWQGELWRALVVDVKSDVDDATHRAALHNQFLALLADKKAPKKLPSRIFIFGIPALPTAYLNILQAISSEVDIHLFFNNPCQEYWGDISDLRLDYLRSRQRYQFNKQNENQPLFSEEQLSQLENAQFDVTYQNENLQVGNPLLAAWGKMGRDFLYTLVRDEEHIPTYPVNAYQEIKSNSLLGQLQSQILHLENKPLNIAKNDRTLTLHSCHSAMREVEVLHDYLLDLFNQDPNLTPKDVVVMVADINQYTPYIQAVFGQKNRNAPQIPFSLSDNKLSESDVLVSSYLTLLRLKESNFSAEDVLALLDIPATRERFNISLADLPLVREWVADSGIRFGLQKNQDGINFNSWQAGLERMILGYAMREEQGIWQDSLGLNSSYGLKGELAGNLSYFFTALSLLHETLQQAHSIEKWQEILTALLSDFFVQNEDTSDTIFYIQEKINELAEHLKMLHFTEKLQADVIADVITMKLEDAPNSLKFLAGKVNFCTLLPMRSVPFKVVCLLGMNDADYPRTQTPNSFDLMQYHYQKGDRVRRDDDRYLFLEALLAARDYCYISYVGRSITDNQPKEPSVLVSQLLDYINQGQKENVLTVIEHPMTAFSPDNFKYNEKFTRSFATKWLPIAQFDTAASNSEFAVTMTENPEKIEEVELDSLVSFVENPVKFFFEKQLGVYFRDKDERIADSENFTLSGLDNYSLNNDLIYLDEQNFADYFRQAEVKGVLPRAEFGKVYAENIRDNVLEFKEKIADLGEPKQASIDFNIAVDWQNENQKIRLFGYMDALFGDDSQVIHWHFAKYKDRYCIRPWIYYLIQCVTQENAIPAKLITQDQVIELPPIEREVALAQLQIYVKDYLQSQIEIQLVPTVRNISDFIVSDENSVSEKLRELTESNGFGPKADPYWSRVLAQTSRFKQPENLAKLLKQTKAWFGLLFAQKKTRKAQS,length1,3240
-2,691162,690715,447,MRCPFCDTEETKVIDSRLVSDGYQVRRRRECGHCHERFTTFEMAELIIPKIIKTDGTREPFNEDKLRSGIQHALEKRPVSADDVEKAINHIILQLRATGEREVPSKLVGKLAMNELKKLDKVAYIRFASVYLSFDDIDQFTIEIEKLKD,length1,447
-2,690595,690529,66,MVKLWGKAFILRQDNLMLNVLP,length1,66
-2,690490,690439,51,MLRLSLVLTMGEHRLVH,length1,51
-2,690346,690325,21,MLVSKVR,length1,21
-2,690223,690085,138,MDELQWQVEKVNGLRAQMLVRTYKKCEQNHPHFYLLPQQSLQMIQA,length1,138
-2,690070,690001,69,MNFLKILKQNIKKKIFASLSELF,length1,69
-2,689773,689764,9,MRN,length1,9
-2,689758,689752,6,MN,length1,6
-2,689716,689686,30,MLVVYANYRI,length1,30
-2,689671,689644,27,MHHYGNSMN,length1,27
-2,689467,689440,27,MPCVLPLQQ,length1,27
-2,689434,689377,57,MFITALFLPPALMIMISYK,length1,57
-2,689341,689329,12,MAIF,length1,12
-2,689305,689290,15,MQIKL,length1,15
-2,689239,689140,99,MISLISLFLKFVQIIFQLFHKIQRVKLTLAMWY,length1,99
-2,689071,689065,6,MR,length1,6
-2,689026,688990,36,MLQLIAETQAVP,length1,36
-2,688930,688912,18,MKSQKD,length1,18
-2,688882,688846,36,MMYYVKLCVMDV,length1,36
-2,688729,688726,3,M,length1,3
-2,688225,688108,117,MNATNKQTFIRINISNTNNHSVIHQESFKCGRFLTRFFE,length1,117
-2,688051,688039,12,MKVI,length1,12
-2,687955,687802,153,MIMFIYCAILWHNSHRTGHAQMPDDIAFFRVNNQIFCSTSEIDNFYIFKGY,length1,153
-2,687562,687460,102,MDKIYISRLIYVKRFLFYRITACFQIQAVIFCVN,length1,102
-2,687442,687430,12,MGGV,length1,12
-2,687415,687379,36,MSSLIRFASVST,length1,36
-2,687202,687175,27,MTRNNTDAN,length1,27
-2,687136,687100,36,MYCSTSLVSFTP,length1,36
-2,686854,686821,33,MESVNSIPSKK,length1,33
-2,686566,686380,186,MPIIAIFFCTEKCAFSEQITFTFCIASAGIPSRCTDHSEPSSFFQWFAIAQSRANNTPIKLD,length1,186
-2,685969,685873,96,MASLSLQNKACLCCLRFDIIIPRYELHPIFCT,length1,96
-2,685807,685705,102,MSSYMNIIFANQFPLFREFSFNIAEMSCMLWLVI,length1,102
-2,685096,685075,21,MRLQQIV,length1,21
-2,684808,684748,60,MRWLSIHHALGHFVRGFHHA,length1,60
-2,684697,684649,48,MYLYVLQVAKHQILYE,length1,48
-2,684634,684598,36,MVSCHQLLLTSQ,length1,36
-2,684319,684289,30,MGSGIRVDMA,length1,30
-2,684223,684181,42,MLLGSYRENRLRKR,length1,42
-2,684073,684055,18,MTIILH,length1,18
-2,683950,683893,57,MQGFLRLLKSRGIHYLQHQ,length1,57
-2,682825,682813,12,MRFS,length1,12
-2,682810,682807,3,M,length1,3
-2,682168,682021,147,MLLLRMPAIFPVALIHHCFPYIYKRKIRKILTALFRFDEQVIQNLRCIS,length1,147
-2,681706,681700,6,MG,length1,6
-2,680695,680242,453,MKKIDVKILDSRIGNEFPLPTYATEGSAGLDLRALIDESFEIQPGETKLIPTGLSIYIADPNLAAVILPRSGLGHKHGIVLGNLVGLIDSDYQGPLMVSMWNRGNEPFKIEVGDRIAQLVFVPVVQAEFNIVEDFQQTERGEGGFGHSGKQ,length1,453
-2,680236,679582,654,MVEEQLSLSGVEEIAPKIETPKIEKRTVKERRQQVLTVLIHMLHSERGMERMTTARLAKEVGVSEAALYRYFPSKTKMFEALIEHIESTLLSRITASMRNETQTMNRIHDILQTILDFARKNPGLTRVLTGHALMFEEAQLQARVAQFFDRLEMQFVNILQMRKLREGRAFNVDERIIASHLVTLCEGQFMRYVRTNFRLNSSQSFEQQWRFIEPLFA,length1,654
-2,679558,679309,249,MIIPWQELEAETLDNIVESVILREGTDYGIEELSLNQKKQLLLTQIRNGIALIVWSELHESIDIKNKTEFLKQECKEQECQMN,length1,249
-2,679297,679288,9,MKL,length1,9
-2,679186,679153,33,MLGKMRPRCIM,length1,33
-2,679120,679102,18,MMKAKR,length1,18
-2,679048,679021,27,MKVQNDQLG,length1,27
-2,678796,678763,33,MVCKSKLHAKK,length1,33
-2,678682,678637,45,MEKQSLYMAQDNFSS,length1,45
-2,678442,678388,54,MLQKLEHRDAFFNLWWTG,length1,54
-2,678181,678175,6,ML,length1,6
-2,677989,677983,6,MF,length1,6
-2,677962,677917,45,MTGCQNSRGRNFNSC,length1,45
-2,677872,677869,3,M,length1,3
-2,677401,677341,60,MCRIKRTITQINRTLWIIIF,length1,60
-2,677203,677185,18,MILFFS,length1,18
-2,676537,676507,30,MPYLLDAYHQ,length1,30
-2,676468,676351,117,MKNCDRQSLDIHAPNPTQEQNSSQYPRQSFLLPFANLLL,length1,117
-2,675664,675655,9,MHM,length1,9
-2,675652,675610,42,MEYFLPTMFITIHN,length1,42
-2,675472,675430,42,MCFSLRGNITKCSD,length1,42
-2,674266,674212,54,MTSCGVTMLPIDFDILRP,length1,54
-2,673690,673642,48,MPINHCGVARKIIGVL,length1,48
-2,673135,673048,87,MMADNLPCPLPCAENLASISTALSAGKRT,length1,87
-2,672607,672529,78,MLPFAYGGPSCRIKDFLPLLALRIFW,length1,78
-2,672232,672223,9,MDF,length1,9
-2,672100,672058,42,MQTNIGRWKSYCSA,length1,42
-2,672046,672007,39,MNHTPENTIRFTE,length1,39
-2,671806,671803,3,M,length1,3
-2,671800,671671,129,MINKRLFNKNISWLFSKSAVKFRHNYDIDLSLFEIINFVTQTH,length1,129
-2,671569,671545,24,MAEDCLMP,length1,24
-2,671542,671515,27,MHTIKVADR,length1,27
-2,671482,671467,15,MKPTN,length1,15
-2,670483,670435,48,MEFGIRTVIIRQEKSR,length1,48
-2,670300,670288,12,MPQK,length1,12
-2,669493,669310,183,MMRTYIKKVYAQVAAGEKSAAESAFVEMQKVVDRMASKGLIHANKAANHKSKLAAQIKKLA,length1,183
-2,669172,669106,66,MPSEFFGVPSSFFCTSTIPFLY,length1,66
-2,668524,667669,855,MQNPKDDVLYAPVEWVDHSEGYSDIRYHKSTDGIAKITINRPEVRNAFRPQTVKEMITAFSDARFDENIGVIVLTGEGEKAFCSGGDQKVRGNYGGYKDDSGVHHLNVLDFQRDIRSCPKPVVAMVAGYAIGGGHVLHMLCDLTIAAENAIFGQTGPKVGSFDGGWGASYMARLVGQKKAREIWFLCRQYNAQEALDMGLVNTVVPYADLEKETVRWCREMLRNSPIAIRCLKAALNADCDGQAGLQELAGNATMLFYMTEEGQEGRNAFNEKRAPDFSKFRRNP,length1,855
-2,667300,667270,30,MANDMVQCKL,length1,30
-2,666844,666838,6,MG,length1,6
-2,666451,666004,447,MSQTHRILLLNGPNLNMLGAREPKHYGSISLASIEEKIQTLATQHNVKVECFQANSEEKLINKIHESFQQVDFILINPAAYTHTSVALRDALLAVSIPFVEIHLSNVHKREPFRHHSYFSDVAEGVICGLGAKGYEFAFLFAIDYLAKK,length1,447
-2,665848,665383,465,MDIRKIKKLIELVEESGITELEVQEEEGTVRISRATPVVAPAAVQYAAAPVVAPTPAAAPAQAPAAATPAPAASDELSGHLVRSPMVGTFYRSPSPEAKAFVEVGQSVKVGDALCIVEAMKMMNRIEADKAGVVKAILINDGDAVEFDEPLIVIE,length1,465
-2,665068,665023,45,MKPFVSVQHLPQKVI,length1,45
-2,664978,664870,108,MQFIQDMVFYLKMLILLNKLNVQVSLSLAQQQMSSV,length1,108
-2,664801,664792,9,MAL,length1,9
-2,664786,664672,114,MILLKIKKSPNVLAIQSSSKHLAVVVAEVCVLYVAKTH,length1,114
-2,664621,664594,27,MIWSIWKNT,length1,27
-2,664543,664411,132,MQFIWLNVTAQCSVVTKKWWKKHQLQVLQKKYAVILAHAVQKLA,length1,132
-2,664369,664339,30,MKMVNSISLK,length1,30
-2,664033,663964,69,MAIRVKLQSVVCKMPYLKQLLMV,length1,69
-2,663943,663937,6,MN,length1,6
-2,663925,663874,51,MKISKKAEQTSTIWRKN,length1,51
-2,663865,663856,9,MNN,length1,9
-2,663583,663580,3,M,length1,3
-2,663139,663115,24,MVSIRCVG,length1,24
-2,662623,662611,12,MYGI,length1,12
-2,661489,661420,69,MVSLAIRRNGIYWRCNFNQWWKK,length1,69
-2,661150,661144,6,MA,length1,6
-2,660883,660865,18,MKKQNK,length1,18
-2,660754,660751,3,M,length1,3
-2,660736,660700,36,MQKQIWQKSSAY,length1,36
-2,660559,660514,45,MCLIKMPSMLCLTQA,length1,45
-2,660319,660301,18,MPSKMV,length1,18
-2,660271,660253,18,MKNPLI,length1,18
-2,660244,660142,102,MSWWQIFLLAHSKNFTQSLANLLNLMVILVYRAF,length1,102
-2,660115,660091,24,MPIRKHLR,length1,24
-2,659647,659641,6,MI,length1,6
-2,659632,659551,81,MPCKLQVVIHSRWHKLRLLTWNMARKS,length1,81
-2,659434,659425,9,MCQ,length1,9
-2,659233,659167,66,MAILILLGKQNSFLIILERMPL,length1,66
-2,659023,658903,120,MANKKAIALRVNTWLGIYREFNLIPFLNRLLMQLVILKSS,length1,120
-2,658429,658318,111,MRSFVTFHSRSLISSRLSCCFLPLAKPILTFAHALFQ,length1,111
-2,658300,658180,120,MVKPSRFALPNRDANSRLFNNNLRVRVGSQTICVDATFNG,length1,120
-2,658177,658132,45,MLAPNKKASPFLKIT,length1,45
-2,657772,657766,6,MN,length1,6
-2,657652,657601,51,MNELFILDTYAIAAFAL,length1,51
-2,657520,657514,6,MP,length1,6
-2,657457,657445,12,MNIS,length1,12
-2,657289,657250,39,MATHNFNDRNTLV,length1,39
-2,656611,656530,81,MYFCKCCCTLSTDKCLECVGCCIFCEY,length1,81
-2,656443,656386,57,MTYPFNSFGLVEFSGIVSK,length1,57
-2,656356,656311,45,MRSLNAIRSLIERSD,length1,45
-2,656230,656197,33,MVPKSWLPVST,length1,33
-2,655987,655963,24,MLNKITAH,length1,24
-2,655642,655594,48,MRLRKNDILFRKGISI,length1,48
-2,655309,655285,24,MKKRMGVS,length1,24
-2,655237,655204,33,MIRSCSSRSSN,length1,33
-2,655153,655138,15,MLTGV,length1,15
-2,654991,654943,48,MSFAFSTNIAPCLIRR,length1,48
-2,654766,654694,72,MGAWFGKNSETNAPLFSMICADNL,length1,72
-2,654574,654517,57,MVKPANESSVAKCFAQYSP,length1,57
-2,654295,654256,39,MAPHPICRKATSS,length1,39
-2,654211,654163,48,MPTPPSLGTCIKRSNV,length1,48
-2,654157,654121,36,MSFIFFPFYLKI,length1,36
-2,654070,654040,30,MQIAKILFNE,length1,30
-2,653926,653914,12,MYIL,length1,12
-2,653725,653722,3,M,length1,3
-2,653563,653548,15,MGNRR,length1,15
-2,653482,653479,3,M,length1,3
-2,653359,653341,18,MPHTKH,length1,18
-2,653257,653248,9,MMW,length1,9
-2,653203,653011,192,MMLSSLAKMRGVRVLTISVVLLKPQSMQVQLRLIFQIPLVFAYQMNTAILLLKCVIACRISTKL,length1,192
-2,652990,652984,6,MT,length1,6
-2,652945,652861,84,MVRVKLNVPLMELANVRAILPLKKWLWQ,length1,84
-2,652732,652690,42,MLLPILLVSIKMVC,length1,42
-2,652552,652522,30,MIWINCMTRS,length1,30
-2,652486,652426,60,MTWKPWHLSICNKGMKIVWY,length1,60
-2,652360,652348,12,MAKN,length1,12
-2,652312,652291,21,MRFITPS,length1,21
-2,652120,652006,114,MRLMRFIERIKWQILRIINITNPIPLFSKEGLGEIWQK,length1,114
-2,651892,650818,1074,MQSYNIAVLAGDGIGPEVMAEAIKVLNKAQEKFGFKLNFNEFFVGGAAIDHCGCPLPAETLKGCDEADAILFGSVGGPKWTNLPPDQQPERGALLPLRKHFKLFCNLRPATLYKGLEKFCPLRADIAEKGFDMVVVRELTGGIYFGQPKGREGEGVQTKAFDTEVYYKYEIERIARAAFDAAMKRNKKVTSVDKANVLQSSILWRETVTEMAKEYPEVTLEHIYIDNATMQLIKAPESFDVLLCSNIFGDIISDEAAMITGSMGMLPSASLNEEGFGLYEPAGGSAPDIAGKGIANPIAQILSAAMMLRYSFNLNEAADAIENAVQKVLASGHRTADLADDSTPVSTAEMGTLIAQAI,length1,1074
-2,649537,649531,6,MA,length1,6
-2,649480,649450,30,MGTLCFHFKP,length1,30
-2,649309,648709,600,MAGFKQLSGLVVPLDAANVDTDAIIPKQFLQAITRVGFGKHLFHEWRYLDVDGTKPNPEFVLNYPQYQGATILLARKNLGCGSSREHAPWALADYGFKVMIAPSFADIFYNNSLNNHMLPIRVSEEEVEEIFQWVWANDGKQIHVDLEAMTVTVGDKVYHFELDEFRRHCLLNGLDNIGLTLQHEDKISAYEKNIPAFLR,length1,600
-2,648697,648691,6,MS,length1,6
-2,648370,648352,18,MENSPK,length1,18
-2,648289,648280,9,MRS,length1,9
-2,648097,648082,15,MPKYQ,length1,15
-2,645469,645445,24,MLSTLRPE,length1,24
-2,645106,644983,123,MYSIVFFLASSGFLPIYNQVSLLTLLLYGRSEVALAPFLNA,length1,123
-2,643876,643861,15,MFISL,length1,15
-2,643813,643807,6,MS,length1,6
-2,642916,642853,63,MMPLWTENIFLFSTCISFSCL,length1,63
-2,642847,642781,66,MAVTNTCEPLCCNRSANKARLY,length1,66
-2,642373,642364,9,MGE,length1,9
-2,642034,641995,39,MMRFVTALLNERP,length1,39
-2,641980,641848,132,MASNKLVFPLPLLPIKKLKQGSKSRSTAVKLRNFSTSKREIAIL,length1,132
-2,641428,641419,9,MDT,length1,9
-2,641323,641314,9,MIL,length1,9
-2,641275,641248,27,MTICCHRSQ,length1,27
-2,640096,640075,21,MFFRLFQ,length1,21
-2,639913,639856,57,MEEFFLSFFFFSEKLNIIH,length1,57
-2,639784,639727,57,MLHKVICVNIKHSRIRFIG,length1,57
-2,639547,639529,18,MRFKFY,length1,18
-2,639361,639319,42,MGFHPTFHKHIRSI,length1,42
-2,639130,639112,18,MCEKIF,length1,18
-2,638932,638869,63,MLIDRSLCCLTHRFPSDIAIV,length1,63
-2,638797,638770,27,MPCPSKFSC,length1,27
-2,638659,638647,12,MIIA,length1,12
-2,638440,638320,120,MISIIALSSSSIFTKFFSKGDKISISITKMTDLNITKIPF,length1,120
-2,637801,637717,84,MLKCGSKVIKTKIEGNLMSKPILLNFFL,length1,84
-2,637696,637657,39,MFFFINISIRMIV,length1,39
-2,637597,637546,51,MRMLHITVKYDVLLIST,length1,51
-2,637471,637348,123,MVFIEIKPTCIFNASAILNTLICTIIFHWIKRATAKIPFFC,length1,123
-2,637255,637240,15,MIPSS,length1,15
-2,637000,636922,78,MDLGFLRISLSVNGDPFKSPLFSSYS,length1,78
-2,636916,636892,24,MGKAFIFA,length1,24
-2,635917,635911,6,MF,length1,6
-2,635596,635557,39,MVLTTYEITSIFR,length1,39
-2,635242,635056,186,MICRCGVFIFRNNFTPESITINMGLYIIEFFLFIVLIISFSFGVKQFSFQFFSPKICTKFTY,length1,186
-2,634690,634636,54,MYALFFFNFFNILFNRRK,length1,54
-2,634303,634180,123,MSTYNFLSSWIKYEKWRKTTFSLIINRLIINECSLGRSCTS,length1,123
-2,633688,633655,33,MDMASRIKFFK,length1,33
-2,633541,633517,24,MAVGRSFF,length1,24
-2,632950,632884,66,MASKYTFYGANTQIIVGLSKIH,length1,66
-2,632698,632665,33,MTRIALYFIHS,length1,33
-2,632566,632551,15,MAVKF,length1,15
-2,632437,632356,81,MFSNSHSELVLPKLQSLLEKIILNIRV,length1,81
-2,632248,632233,15,MILFL,length1,15
-2,632224,632134,90,MVLENSTIAHLHKYSKNYGRDTFAWHKNLN,length1,90
-2,631984,631933,51,MPSFKRRWIRSCSTKNQ,length1,51
-2,631912,630289,1623,MDSRRSLLVLALIFISFLVYQQWQLDKNPPVQTEQTTSITATSDVPASSPSNSQAIADSQTRGRIITLENDVFRLKIDTLGGDVISSELLKYDAELNSKTPFELLKDTKEHIYIAQSGLIGKNGIDTRSGRAQYQIEGDNFKLAEGQESLSVPLLFEKDGVTYQKIFVLKRGSYDLGVDYKIDNQSGQAIEVEPYGQLKHSIVESSGNVAMPTYTGGAYSSSDTNYKKYSFADMQDNNLSIDTKAGWVAVLQHYFVSAWIPNQDVNNQLYTITDSKNNVASIGYRGPVVTIPSGSQETITSSLWTGPKLQNQMATVANNLDLTVDYGWAWFIAKPLFWLLTFIQGIVSNWGLAIICVTIVVKAILYPLTKAQYTSMAKMRILQPKMQEMRERFGDDRQRMSQEMMKLYKEEKVNPLGGCLPILLQMPIFIALYWTFLEAVELRHAPFFGWIQDLSAQDPYYILPILMGISMFLLQKMSPTPVTDPTQQKVMNFMPLVFMFFFLWFPAGLVLYWLVSNLITIAQQQLIYRGLEKKGLHSRKK,length1,1623
-2,630034,630016,18,MLMALF,length1,18
-2,629962,629923,39,MCWNCKVTVGRLY,length1,39
-2,629839,629797,42,MINWILLKQRPLQI,length1,42
-2,629791,629758,33,MQHQNKRHAQH,length1,33
-2,629722,629704,18,MNWLIL,length1,18
-2,629686,629683,3,M,length1,3
-2,629659,629593,66,MKKLISWQMEKLKQIYAVLLIS,length1,66
-2,629587,629542,45,MFVPKLNKVLFYVKV,length1,45
-2,629515,629290,225,MQVNRVCLMHLLVAKRLSSRILQVQPVMYCVSIFILTVCHCILLIPQVFEMQPMKWSELGSLVLGQRLNKPIVLF,length1,225
-2,629173,629077,96,MANKQVKAKRVVIKLLVFPLKRMMVYNFYVSI,length1,96
-2,629011,628936,75,MHLRKPQSIYKSVWFNLLNFTRGNF,length1,75
-2,628873,628765,108,MIYSAVFLVLSALENRKDKVRSFSWAKIQIKSGNIW,length1,108
-2,626758,626749,9,MII,length1,9
-2,626641,626575,66,MVLFFIVSLFHIYQYGIRQCIK,length1,66
-2,626080,626050,30,MGYSIFYAKI,length1,30
-2,625081,625054,27,MSGIFLKGK,length1,27
-2,625021,624994,27,MVKYGRFRG,length1,27
-2,624538,623596,942,MKIILANPRGFCAGVDRAISIVELALEIHGAPIYVRHEVVHNRFVVNGLRDRGAIFVEELSEVPDGAIVIFSAHGVSQAVRQEAKDRNLKVFDATCPLVTKVHMQVARASRKGTKAILIGHKGHPEVEGTMGQYSNEDGGIFLIEKVEDIARLPMQDNDDLTFMTQTTLSLDDTAETIAALKEKYPAIQGPHKNDICYATTNRQEAVRELAKLSDLVLVVGSKNSSNSNRLAELASRMGIKSQLLDDPSDIQDDWFNDVKTIGITAGASAPEELVQSIISRLKEFGADTIEELQGLEENMFFEVPKELRIKEVN,length1,942
-2,623473,623437,36,MCVLIVDQRFIL,length1,36
-2,623062,623011,51,MNALFYRAFLFFTHRIH,length1,51
-2,622720,622687,33,MGCWAKSKTRF,length1,33
-2,622669,622660,9,MHY,length1,9
-2,622483,622474,9,MDK,length1,9
-2,622048,622039,9,MCG,length1,9
-2,621784,621730,54,MRAGLLSLVSLFFFMVVP,length1,54
-2,621706,621658,48,MNCNGELGLLMITYSI,length1,48
-2,621478,621460,18,MVQAVG,length1,18
-2,621013,621007,6,MA,length1,6
-2,620953,620941,12,MFLF,length1,12
-2,620704,620692,12,MQEW,length1,12
-2,620587,620581,6,MR,length1,6
-2,620431,620419,12,MLLL,length1,12
-2,620305,620296,9,MPL,length1,9
-2,620233,619582,651,MLMIYLNNVILNDKTLPMCFNLNVKAGERVAIIGESGAGKSTLLNLIAGFEFPAQGEIWLNDKNHTRSAPYERPVSMLFQENNLFPHLTVQQNLALGIKPSLKLTALEQEKIEQAACSVGLGDYLERLPNSLSGGQKQRVALARCLLRDKPILLLDEPFSALDQKLRVEMLALIAKLCDEKDLTLLLVTHQPSELIGSIDQVLVVENGQISQLQKGV,length1,651
-2,619273,619258,15,MPRRL,length1,15
-2,618013,617971,42,MKINSGVPSQSFNT,length1,42
-2,617851,617725,126,MADSTWSHGRHVSRFGIKRSEAVCSTGWCVGPSSPKPMESWV,length1,126
-2,617632,617569,63,MKPPCKAMPFIMADIPNSRTP,length1,63
-2,617563,617560,3,M,length1,3
-2,617437,617296,141,MAFCDALRLAILAGFACNFSMNALDSAAQFVGNSPETRRLNSAANSG,length1,141
-2,617083,617038,45,MMVLQIINVGFSFSA,length1,45
-2,616909,616888,21,MEILLSS,length1,21
-2,616150,616126,24,MIRTAIMT,length1,24
-2,615952,615898,54,MFRKYYTKISTISYRTFG,length1,54
-2,615739,615730,9,MVF,length1,9
-2,615049,615031,18,MPSKCQ,length1,18
-2,615001,614512,489,MPSFDIVSEITLHEVRNAVENANRVLSTRYDFRGVEAVIELNEKNETIKITTESDFQLEQLIEILIGSCIKRGIEHSSLDIPAESEHHGKLYSKEIKLKQGIETEMAKKITKLVKDSKIKVQTQIQGEQVRVTGKSRDDLQAVIQLVKSAELGQPFQFNNFRD,length1,489
-2,613840,613828,12,MQFL,length1,12
-2,613276,612724,552,MVMMELSQTALFIGSIINLYALVVILRAWLQFARVDYYSPVSTFAVKMTDPILKPLRKIAPTVKNIDTSALLLVFIIGMLKGIIYFGLSVNVLLVLGVLTVLKSIGLAIFYVLFIGAVLSWFNRGNNSISYAFYQLSEPLLKPIRRLLPTLGMIDFSPMVVMFILLFLNNFMLDLLGGLWIIAG,length1,552
-2,612274,612271,3,M,length1,3
-2,612256,612070,186,MCNHPLAIRKNEIKRTVLSKFFCYFLNCFKNFHFTWFFAESIFKIFSHITESSFRICRTYWL,length1,186
-2,612064,612046,18,MICHIW,length1,18
-2,612025,611803,222,MRKNPVLSPNFTNERMGVFNIDFALCCFTNMRNNIKRFNIILFYTICDGGKTGCLIITKNTYTTSFKKRDSKAI,length1,222
-2,611800,611788,12,MAIC,length1,12
-2,611677,611674,3,M,length1,3
-2,611629,611611,18,MNFYVV,length1,18
-2,611602,611539,63,MIEILFNLLFFKNRDLTVFFD,length1,63
-2,611398,611326,72,MRLKNAIKTGNVIPNTHKKIKYGN,length1,72
-2,611278,610078,1200,MSKTMISRENYLQQLIQFKDTDFIKVISGVRRSGKSVLLMQYRDYLQQQGISPENILYLNFESFEYQWVKDAQDFQQLIQEKMPSSQEKIYFLIDEIQFVEGWQKIVNALRVSFNTDIVITGSNANLLSGELATLLSGRYVEIKIYPLSFKEFLHAKNVDSQSRLVDKLYSEYEKYGGFPSVVMADEPLKETILSGIFDSIVLNDIAHRAGVKDTHILKSVILFLADNVGQLVNPSKISNTLTSERVPTSNHTISKYLDLLENAFLFYKAKQYDIRGKGYLKTNAKYFIVDNGLRRHAIGKKGANYANRLENIVFIELLRRGYTVDVGKLDSKEIDFIARKADEILYVQVAFEIPENTHETDNLLHIKDNYKKILITGKYYEQTEIDGIEVIYVVDWLLQ,length1,1200
-2,610033,610009,24,MFMLARVS,length1,24
-2,609385,609370,15,MQYQQ,length1,15
-2,609343,609319,24,MIVFLYYY,length1,24
-2,609307,609301,6,MN,length1,6
-2,608737,608716,21,MLWNEYI,length1,21
-2,608464,608455,9,MDG,length1,9
-2,608278,608266,12,MKNI,length1,12
-2,608185,608155,30,MNPFLLFPFR,length1,30
-2,606550,606508,42,MLEGKCGGKLRFFI,length1,42
-2,606334,606316,18,MYPLEN,length1,18
-2,605980,605977,3,M,length1,3
-2,605881,605866,15,MIRPS,length1,15
-2,605782,605731,51,MIFWFILLCLKCDLMLL,length1,51
-2,605362,605350,12,MRVG,length1,12
-2,605260,605257,3,M,length1,3
-2,604993,604957,36,MLKLIFTLFIRD,length1,36
-2,604861,604831,30,MVNLIHYIHK,length1,30
-2,604642,604612,30,MHNGSNKSNT,length1,30
-2,604582,604546,36,MNISATFCIFLI,length1,36
-2,604336,604243,93,MEACVPYFARSSSIGAKSNARSGQASTQIGF,length1,93
-2,603793,603766,27,MLRITFRKR,length1,27
-2,603727,603682,45,MIDTIFIWCIPSPLA,length1,45
-2,603499,603469,30,MGSCFVVKTT,length1,30
-2,603430,603403,27,MLKTLGVNW,length1,27
-2,603397,603376,21,MNYFIFC,length1,21
-2,603301,603199,102,MGFWIITEIFVCNFKAIRINLFKNTLLSKFFKSR,length1,102
-2,603163,603157,6,MA,length1,6
-2,602923,602878,45,MIINSNDHFTLGIIL,length1,45
-2,602848,602791,57,MLINQTVTCVIPNYFNGGR,length1,57
-2,602383,602356,27,MTIFRGVSG,length1,27
-2,601972,601966,6,MV,length1,6
-2,601669,601591,78,MIKIICFCPRIIGFHISDSVIFYVHS,length1,78
-2,601147,600040,1107,MKKLIAVAVFSACGSLAHANTIIPNYNTDAHLYEFTQTYDLVVPKGSQGQTNLWVPLPFNGEYQQVKSIHFEGNYMNAYVTENNKYGAKTLFATWDKDAQKRDLKVTMVIETKDREPMVKGALENYTPPKDIQYSVDVQEYLKATPHIKTDGIVKEFADKILGKETNPLKKAELIHHWIVKNMERDNSVLGCGDGDVEKILTTGVLKGKCTDINSVFVALARAAGIPAREIFGIRLGTAEKMGKYSKGAFGSANEQGIVNVSGGQHCRAEFYLAGFGWVPVDSADVAKMRLAEKKSVEDKDTQAVAKYLFGNWEANWVGFNHARDFDLYPQPELAPINNFGYPYAEVGGDPLNSFDPKEFKYDYVSKKL,length1,1107
-2,599872,599818,54,MCLCLWILAVDVFQKNHL,length1,54
-2,599692,599416,276,MKKLCTALLLSLFAISFAHANETKQIVLKVKEMNCQLCAYLVNKELRNIDGVISTKASIKDGLVTVVEDPKVTNQQLFDAIHKLKYTAEVVN,length1,276
-2,599050,598903,147,MHLWLHLTIELVRLLTLHEQWQFSDADHQKVLPRVLPHGHHSLFYLENH,length1,147
-2,598897,598891,6,MG,length1,6
-2,598579,598552,27,MVLSDRKQR,length1,27
-2,598378,598318,60,MPWPLPLLLHPRQLDHFSIK,length1,60
-2,598252,598216,36,MLLSAFGRVLLP,length1,36
-2,598015,597967,48,MVIRTKNLMPLALRQR,length1,48
-2,597664,597634,30,MCLTNLQAFP,length1,30
-2,596845,596839,6,MP,length1,6
-2,595963,595933,30,MLPCFVKAVF,length1,30
-2,595858,595771,87,MISKKRQTDQTIMRCIFLQDLILPIFHCD,length1,87
-2,595729,595642,87,MFAFGFNENLVMQKVVHTIGRRFLFIFQQ,length1,87
-2,595567,595528,39,MNVIFRFQIAQTL,length1,39
-2,595192,595162,30,MLSLLCKRSK,length1,30
-2,595111,595078,33,MCRSISLIFMV,length1,33
-2,594703,594646,57,MSLSNLRLFGCLSSNANGK,length1,57
-2,594484,594364,120,MARIGLSAASKLFSNFSVSLSVFSVLVLLLSELVIITLCF,length1,120
-2,594100,593992,108,MPYFNAIRCRYQANNKACNTRSFLPSVLDTKLISLV,length1,108
-2,593953,593872,81,MILSAYFCCTSAFSGSVAVNSNSTFWL,length1,81
-2,593626,593464,162,MLVNLISMPSECGLNVSTLRIGITVSPCKIFSVNKNFACVGSVKLFSVLSTILF,length1,162
-2,592654,592624,30,MSDGGGCATA,length1,30
-2,592621,592612,9,MVV,length1,9
-2,592462,592411,51,MKSLIIIVIISFSPRIL,length1,51
-2,592261,592210,51,MCFHNLGKFITFLKCFF,length1,51
-2,592054,592042,12,MSIF,length1,12
-2,591952,591907,45,MNGCNKIFTTKNFVH,length1,45
-2,591790,591571,219,MIKFVVVFETVIARVIWRININQLDFAFKLLGKRMQGYQIIAFDNEIFGWRAVKMAFDFANGLLAICGIAREF,length1,219
-2,591166,591157,9,MAF,length1,9
-2,590965,590881,84,MCYYKGIAECLGIFIDRTGLITLLTCFL,length1,84
-2,590086,590041,45,MAIFYRTFIIRKISR,length1,45
-2,589783,589774,9,MQV,length1,9
-2,589441,589093,348,MGRFGNFMDTILTPCPYRGAHVMNGFNSVSFELEFYIQIKIRRINADVNIRFFLQHSLNDIFTNFQQTRKMFQDFSQTHNRKLFHIDERFTAFSQHSCACNTNKASIRIMCFELAN,length1,348
-2,588646,588637,9,MNR,length1,9
-2,588463,588100,363,MNCHVFTNSVAITNNGFCSFAFIFQILVYFANARKLIDFVIFANHGIATYHNVRFQYSASFDFNTALNNTERPNKNVFANYRPFFNEGSWMNFCTWVDHIYPLINDEHTLVLLHKRFRHLR,length1,363
-2,588085,588079,6,MK,length1,6
-2,587776,587749,27,MGSDVAIKS,length1,27
-2,587626,587614,12,MLRV,length1,12
-2,587401,587392,9,MKF,length1,9
-2,586942,586903,39,MKRAYRIYRSSLD,length1,39
-2,586627,586537,90,MLIFPSYQIERFVLVFALHLQFLMWNLLFL,length1,90
-2,586498,586483,15,MSPRQ,length1,15
-2,586480,586414,66,MFYYDKILCQISPHFCTEEKSK,length1,66
-2,586123,586000,123,MRHKSLQKVRAKFGLFFSCSSLSSLKRKCHYYPPFTQNFHI,length1,123
-2,585868,585811,57,MVLVSILRFSIVWLLKLKN,length1,57
-2,585682,585643,39,MVWQCVILYSVLM,length1,39
-2,585610,585550,60,MVFAILITGLKQSKCYAKNA,length1,60
-2,585466,585457,9,MLC,length1,9
-2,585439,585382,57,MVCMIVILRKILMQNFIKI,length1,57
-2,585376,585367,9,MQK,length1,9
-2,585310,585256,54,MACRLECSIWVNLERYVK,length1,54
-2,585109,585085,24,MKVFVNSV,length1,24
-2,585010,584992,18,MQINFL,length1,18
-2,584773,584770,3,M,length1,3
-2,584740,584737,3,M,length1,3
-2,584044,584023,21,MKWNWII,length1,21
-2,583987,583984,3,M,length1,3
-2,583696,583615,81,MPVSLSIKDAPVGQTATQGAFVQCWQD,length1,81
-2,583378,583261,117,MPETKFRREQTVIVYPFVWLVYLVQLYVFVVYHGNLRKV,length1,117
-2,582760,582715,45,MRQMPHLTLTLLQIC,length1,45
-2,582277,582256,21,MLLPFLL,length1,21
-2,582094,581932,162,MHRMDFGFGGQYKLYRLRLVLSAYGNLHKLPHFYRAYLKTKFQSQGVVLLTLVL,length1,162
-2,581650,581623,27,MLVCLLQNL,length1,27
-2,581491,581476,15,MSNMP,length1,15
-2,581185,581161,24,MAYIQAQQ,length1,24
-2,581101,581089,12,MRSR,length1,12
-2,580957,580891,66,MLKFELDQAYLLKYSKRGILLF,length1,66
-2,580201,580183,18,MKIFNW,length1,18
-2,579997,579931,66,MQPALLNAIICHSRNTFLHTIF,length1,66
-2,579847,579763,84,MAWNLFPIPMFRFYGDASHTTQFINQRI,length1,84
-2,579574,579514,60,MYCHAVRIGTWFKLISQFEF,length1,60
-2,579502,579442,60,MPEIREIQLAHLFRIIIDQK,length1,60
-2,579379,579058,321,MFLRDNFCANTLIVKFKQCAIIHQNIAAAAFVFQFFYFLNEPLIFFEEFMLGIPTPFHQGRLNKNLTAYRWINSSVIHWSRSHNRHTVKRDFLICNHSATGFRPTRF,length1,321
-2,579037,578962,75,MLGKWLNPFWLDFCHHAPPKFGGFH,length1,75
-2,578896,578851,45,MGITCAKILLFLRFF,length1,45
-2,578842,578824,18,MRKQTA,length1,18
-2,578812,578773,39,MNLLIFCFFGINR,length1,39
-2,578740,578710,30,MINILPFTNA,length1,30
-2,578578,578518,60,MFFIRSLLFFLWSFARILNG,length1,60
-2,578320,578236,84,MAFIWRINKWERFNIIQTQCRHLQNNGG,length1,84
-2,577948,577900,48,MENFILFLRRQACKER,length1,48
-2,577666,577615,51,MFRKAFHINGCRSDNKF,length1,51
-2,577327,577312,15,MTNHA,length1,15
-2,577225,577120,105,MFRNQFLNFDFALANGQTLWKNNRILYRTFPLFYT,length1,105
-2,577039,577024,15,MNAGG,length1,15
-2,576709,576694,15,MVWNI,length1,15
-2,576292,576238,54,MVKIMIPILTPYFSSKGI,length1,54
-2,576214,576094,120,MISNTAAEMVIALLLLNTPRIRSITSNRAMVLSCNVIKCG,length1,120
-2,575659,575656,3,M,length1,3
-2,575410,575368,42,MIDSASNYITIFRI,length1,42
-2,575146,575128,18,MEWNAL,length1,18
-2,574870,574810,60,MGSNSVDHNTAFHFFFTYYR,length1,60
-2,574594,574582,12,MNAR,length1,12
-2,574561,574498,63,MENHKSPVLKLEADTPTGKIS,length1,63
-2,574447,574390,57,MAIQGNGKPHKRTFNNNGI,length1,57
-2,573727,573697,30,MAKTKNAPVT,length1,30
-2,573184,573178,6,MK,length1,6
-2,573085,573064,21,MINKAMP,length1,21
-2,572908,572887,21,MLYRSHF,length1,21
-2,572470,570835,1635,MATNYIFVTGGVVSSLGKGIAAASLAAILEARGLNVTIMKLDPYINVDPGTMSPTQHGEVFVTQDGAETDLDLGHYERFIRTKMTKRNNFTTGKIYSEVLRKERRGDYLGATIQVIPHITNEIKDRVIAGAQGHDVVIVEVGGTVGDIESLPFLEALRQLAVQVGREHTLFMHLTLVPYIPTAGEVKTKPTQHSVKELLSIGIQPDVLICRSDRMIPPNERAKIALFCNVAERAVISLKDVNSIYQIPALLKSQGLDDFVCERFRLTCPEADLTEWEQVLYKQANPVGEVTIGMVGKYTELPDAYKSVNEALKHAGLTNRLSVSIKYIDSQDVETKGVEVLKGVDGILVPGGFGYRGVEGKIRTAQYARENKIPYLGICLGMQIALIEYARNVAGLTKANSSEFDKDCEQPVVALITEWQDAEGNTEVRTDESDLGGTMRLGAQQCHLVSGSHARELYGKETIEERHRHRYEVNNTLLPQIEKAGLKVTGLSADKKLVEIIEVPNHPWFVACQFHPEFTSTPRDGHPLFAGFVKAAYENHKKSVK,length1,1635
-2,569944,569941,3,M,length1,3
-2,569575,569566,9,MPM,length1,9
-2,569479,569455,24,MEINPLYF,length1,24
-2,568876,568855,21,MKCLSLY,length1,21
-2,568834,568804,30,MVLKYVKPVA,length1,30
-2,568789,568738,51,MLVDNSYLSHKRPPTAL,length1,51
-2,568675,568669,6,MQ,length1,6
-2,568450,568417,33,MAMCIKLLLPT,length1,33
-2,568369,568345,24,MEDSPTNY,length1,24
-2,567523,567484,39,MKKKDYLFMVYKF,length1,39
-2,567358,567349,9,MPF,length1,9
-2,567169,567070,99,MVSPVAIQPASTKLIEARKSVAITSVPDNCSTP,length1,99
-2,566971,566932,39,MLVPSATIFNKVN,length1,39
-2,566845,566761,84,MLFSVTSTCAPASRSLSITASKVSALVF,length1,84
-2,566704,566641,63,MRSGTILCSQPVKRSTPSIVM,length1,63
-2,566413,566329,84,MSAPNFSKPLMWRSTGLAPIEQPPGNET,length1,84
-2,565813,565774,39,MCIFTLCIDFYDI,length1,39
-2,563875,563677,198,MEITPAQKRGAITRRKGSTAIISRLESCSVAFIKPISAVNAEPARPANKSAVTTGPNSRKRESATN,length1,198
-2,563584,563374,210,MSNDWTPKTCICFTSKGKCLRICGLPINAPNNIKPARPNARKKSITCFPKAEIKLTIIQTIPSYNLALGT,length1,210
-2,563296,563281,15,MFLLR,length1,15
-2,563125,563110,15,MAHQT,length1,15
-2,563074,562915,159,MQLDEPYHRKVLKASMRQHLATQPPPISSTRFDELNFQANAYVHELERRHYQK,length1,159
-2,562498,562489,9,MWS,length1,9
-2,562222,562132,90,MFIILHSYSVLFFVQNVLQRNPSLPHSRIL,length1,90
-2,562024,561910,114,MGYLGLLLIQRLIYLQRLILTMPNLNRNELLLLFQTLL,length1,114
-2,561907,561850,57,MHLQNRNRVQSHLLMRLVK,length1,57
-2,561784,561748,36,MLHVFLQEFYQG,length1,36
-2,561694,561568,126,MQHLHCLRKLGGVYYDGFPLFAHQNVVLTHCRHSLIQGECKT,length1,126
-2,561388,561355,33,MCLSCENFIKY,length1,33
-2,561319,560683,636,MFEQHKLSLQNLSCQRGERVLFRALTCDFNSGDFVQIEGHNGIGKTSLLRILAGLAQPLEGEVRWDAEAISKQREQYHQNLLYLGHLLGVKPELTAWENLQFYQRISQAEQNTDMLWDLLEKVGLLGREDLPAAQLSAGQQKRIALGRLWLSQAPLWILDEPFTAIDKKGVEILTALFDEHAQRGGIVLLTSHQEVPSSHLQKLNLAAYKAE,length1,636
-2,560602,560548,54,MVLFACDYFVSACYWARA,length1,54
-2,560515,560479,36,MGSCITFSIAFF,length1,36
-2,559927,559888,39,MQNLKLNIVSAVN,length1,39
-2,559777,559705,72,MYMCRQRFGQWVCTVQWRLQLWLL,length1,72
-2,559573,559564,9,MLA,length1,9
-2,559255,559228,27,MQNVLGLKH,length1,27
-2,559099,559093,6,MQ,length1,6
-2,559027,558952,75,MYCVSNNAKNVYNKQIRGTHYESKT,length1,75
-2,558448,556504,1944,MIAELGNYALALSLAVSLMLAIFPLWGAEKGNAQLMALARPMTYGLFASLSIAFAALFYLFAVNDFSVQYIVNNSNTTLPIYYRLSAVWGSHEGSLLLWIWLLAVWSFAVALLSKHLPQEAVARVLGIMGIISVGFVLFVLFTSNPFTRTFPDFPVDGKELNPMLQDVGLIFHPPLLYMGYVGFSVAFAFAIASLMTGKLDSAWARWSRPWTLAAWVFLTLGIVLGSWWAYYELGWGGWWFWDPVENSSFMPWLAGTALIHSLSVTEKRGSFKAWTVLLAILAFSLCLLGTFLVRSGILVSVHAFASDPTRGLYILAYLVVVIGGSLALYAYKGSQIRSRDNAERYSRESMLLLNNILLMTALCVVFLGTLLPLVHKQLGLGSISIGAPFFDQMFLIIMTPFALLLGIGPLVKWRRDQFSAIRTPVVISVFVMLIAGFALPYFLQDKITVSSVLGSMMTVIIVLLVLYELQQRATHRESFFVGVRKLSRSHWGMMLAHLGVAMTVWGIAFSQNFSVERDVRMKVGENAQIGRYDFKFAGVTDENGPNYIGGKAQIDISKDGQPEASLFAEKRFYTVSRMSMTEAAIAGGLTRDLYVALGEKLEDNSWALRLYYKPFIRWIWIGGLFMALGGLLCMFDRRYRFNVLLKK,length1,1944
-2,556474,556465,9,MAN,length1,9
-2,556141,556084,57,MGDLVSDLLCRTSIFKQTC,length1,57
-2,555814,555355,459,MKKTWLFLTAFLFSSVAFSAIDALNFSSPQQESDYHQLTQSLRCPQCQNNNIADSNATIAVDMRGKVFELLQEGKSKNDVVDYMVARYGNFVTYDPPITASTLVLWIAPLLLVLLGVVFLLRRKPKTQSAVKSQEVLTDEDNARLAELLNKDK,length1,459
-2,555352,554437,915,MNFTLIFILTTLVVALICFYPLLRQFKAKHGQKRDDLNKALYFSRLEEIEQDNSQGLVENVEQLKQELQKTLLDDVPSKVQENVDYSGKSYGKIWFVSGVLALGIIAGSSYFMVGSWQAESMLEQTYAKLPYFFDRMKDEDKNPFSDAEMQQFSTALRIDLQKNPTDAKKWWMLGQIGMNLGDARLAFDSYQKANKLEPDNVQYKLGYARILMFSEDATDKLKGGNLLREVIRQEHTNIEALSLLAFRYFETEDYKMAAVTWAMMLRLMPKDDERVPLIEKSIRTARDALEAQNEEKSKSITPEK,length1,915
-2,553765,553702,63,MFISTRTNWWRCLRYENCARI,length1,63
-2,553048,552904,144,MPKAKIKRSSVVLFAFSRLLSAFSADFAPILSKRVSVVKSSLNKSAGV,length1,144
-2,552706,552436,270,MIGLALSGRRSCNTPIICGITSPARRITTVSPIAIFKRSISSPLCKVALLTVTPATNTGSNLATGVIAPVRPTWNSTSFNRVNSSWAGNL,length1,270
-2,551788,551719,69,MRFTKALNSASEKALSKESIGIS,length1,69
-2,551212,551188,24,MVLNSAKL,length1,24
-2,550867,550846,21,MPLKPTF,length1,21
-2,550699,550669,30,MSSTLLSLWR,length1,30
-2,549550,549514,36,MWCDADVGGKLS,length1,36
-2,549328,548380,948,MTIYADNSYSIGNTPLVRLKHFGHNGNVVVKIEGRNPSYSVKCRIGANMVWQAEKDGTLTKGKEIVDATSGNTGIALAYVAAARGYKITLTMPETMSLERKRLLCGLGVNLVLTEGAKGMKGAIAKAEEIVASDPSRYVMLKQFENPANPQIHRETTGPEIWKDTDGKVDVVVAGVGTGGSITGISRAIKLDFGKQITSVAVEPVESPVISQTLAGEEVKPGPHKIQGIGAGFIPKNLDLSIIDRVETVDSDTALATARRLMAEEGILAGISSGAAVAAADRLAKLPEFADKLIVVILPSASERYLSTALFEGIEG,length1,948
-2,548161,548029,132,MLPASNKRTHHDKQSKQLWLESLNWLCRRLCNGRFRSSHFRFHA,length1,132
-2,547855,547786,69,MCDCTRLLGFTDLSHNCWYWLRR,length1,69
-2,547750,547567,183,MACTPPSESSILCCIGLASWCVRCCVAYTIIAPAYWLAWNVLSGYLPCICRLVLTFSSART,length1,183
-2,546766,546751,15,MPFLA,length1,15
-2,546604,546490,114,MDDLLLPQYALNHCHWSRPPYNLQLNPLLHLSWFFLLN,length1,114
-2,545983,545773,210,MPYLNDNAFPIQRLRALMAFQSPYALLAYAQAKAYTNSVPSHQYCSLDIEFSVAGTNCATSSYRQPKMGQ,length1,210
-2,545713,545701,12,MAQS,length1,12
-2,545608,545575,33,MDSRKSQQFLE,length1,33
-2,545362,545347,15,MIDNL,length1,15
-2,544888,544759,129,MQTVTVLSPVNEIKPFQPMPYYLLLHKESADKNQLVYKIHQLL,length1,129
-2,544615,544555,60,MPEYIVQYPPPPADHILCLH,length1,60
-2,544309,544252,57,MLQHLMCLPYMHLRQSMAK,length1,57
-2,544030,543916,114,MHRSIVIHLQMIMHRNKLIVFPSLSSFHHDSTNDLNQS,length1,114
-2,543808,543784,24,MLIITSLE,length1,24
-2,543601,543463,138,MVMLYKVSELYAHINLRQQLRMQYWLYQIMAIIYLQNTHQRPQHLP,length1,138
-2,543421,543364,57,MPHRQSLLTPKRFQYKWKQ,length1,57
-2,543118,543058,60,MALLANQIKHTQALTVIASQ,length1,60
-2,543037,542998,39,MLLAFLCDEWFSY,length1,39
-2,542698,542683,15,MYSFR,length1,15
-2,542404,542323,81,MINTLCFLAKFIILIRTSLFQIVPVGL,length1,81
-2,541201,541177,24,MGNCKLFY,length1,24
-2,541054,541042,12,MGWT,length1,12
-2,540292,538759,1533,MKQKCGCISPHFFILGDIMYIGIDCGTQGTKAIVLDSVQKKVIGVGYAKHELITQSNGRREQQPNWWIEALQQALQIALKQAKNSPHFSPNLVKGIGISGQQHGLVMLDKNDRPLYKAKLWCDTETATENDILIEKLGGQTAVFEKLGIICQTGYTASKLSWFRQNYPDKFANIRKIMLPHDYLNYWLTGKFCTEFGDASGSGYFDVVKREWKREVFKYLAPELNMDEVLPKLLSAEQKIGVIKPEIATLFGFNENVIVSTGGGDNMMGAIGTGNIREGIATMSLGTSGTLYAYTQKPLLNLPPMIANFCSSNNGWLPLVCVMNITSSNKQLMNLLNIDIEELNQLAQQAPIGANGITILPFFNGERVPPLPNAKASILGLDSSNFTRENLCRAMMESATFTLRYGLDLFRQAGLETSQIRLIGGGAKSSFWRQMIADVMNSEVVCLQEEEAAALGGAIQAMWANGEGELEFLCETFIHLDENSKAYPNLSQVKNYQSAYERYLIHLSQLY,length1,1533
-2,538744,538639,105,MPISYRGFTTLIIYFLFNHAIYSVTPSATVLNGLS,length1,105
-2,538561,538474,87,MVSISPFPWNFTTASATARKLSAFPVPRL,length1,87
-2,538237,538222,15,MLRTY,length1,15
-2,538045,537928,117,MYLPSHSVVAEHAPSWNTASISPNSSPAIIEAMKSSLSQ,length1,117
-2,537919,537760,159,MSKSTKFANFVPSFKLSTTKISLRPKSFNALTILLPIKPAPPVTIIIILSSLK,length1,159
-2,537550,537541,9,MLT,length1,9
-2,537055,536941,114,MNKIFRHSVMKRLNMDFILYVSILVIFHSLKKNLLAQM,length1,114
-2,536848,536833,15,MRLIW,length1,15
-2,536827,536824,3,M,length1,3
-2,536797,536791,6,MQ,length1,6
-2,536764,536743,21,MLVMARH,length1,21
-2,536707,536701,6,MK,length1,6
-2,536611,536602,9,MLH,length1,9
-2,536305,536278,27,MVRETFKIR,length1,27
-2,535567,535387,180,MVFPVPGGPRKSKLCCPAAAMVNARLACCCPIISVKSNVFLPEKFTALSFTISVARGNFS,length1,180
-2,534940,534898,42,MVTSGACTPIEARL,length1,42
-2,534880,534859,21,MIILKVR,length1,21
-2,534232,534169,63,MPVSSGMERIFGALVKKWVLW,length1,63
-2,534088,534064,24,MSKFSLKL,length1,24
-2,534019,534007,12,MASI,length1,12
-2,533728,533692,36,MGKTSKFWRSHS,length1,36
-2,533626,533620,6,MA,length1,6
-2,533494,533461,33,MPRFTPCLFNG,length1,33
-2,532516,532504,12,MAQQ,length1,12
-2,532006,532000,6,MQ,length1,6
-2,531910,531766,144,MGWMIENLFRCAVFHGSSSIHHHDLIADTSHYPKIMGNHNNRSIKFVF,length1,144
-2,529963,529957,6,MF,length1,6
-2,529900,529897,3,M,length1,3
-2,529456,529333,123,MILRFDISHDFWRISAFRSEGAARGKTHQKERKSNQNKQRR,length1,123
-2,528862,528859,3,M,length1,3
-2,528742,528712,30,MLNFNGFALL,length1,30
-2,528688,528649,39,MASSLRCAIGSFE,length1,39
-2,528634,528628,6,MR,length1,6
-2,528616,528613,3,M,length1,3
-2,528379,528358,21,MSKSPAR,length1,21
-2,528328,528280,48,MARNVALLITVSLSFQ,length1,48
-2,528244,528205,39,MMWLASLYAPLPT,length1,39
-2,528022,527995,27,MSCAFSTCK,length1,27
-2,527698,527635,63,MTICCFSSNCVPSGTITACTE,length1,63
-2,527431,527425,6,MI,length1,6
-2,527230,527182,48,MQSKNTNHKMQQQTHL,length1,48
-2,527137,527065,72,MKRLLMQKLKAMIKHSNLLMQKIN,length1,72
-2,527002,526951,51,MRVFLTTHKQRLKKRVN,length1,51
-2,526936,526906,30,MQQASQMIVF,length1,30
-2,526711,526630,81,MRQQKIQALFLSPKSTITTKNMATIQL,length1,81
-2,526609,526606,3,M,length1,3
-2,526432,526411,21,MLWLLKN,length1,21
-2,525649,525427,222,MQNQIMWSFVLLRLTSSLCKRRASNLCLYISRSFCLKEKPQLGQFSAFSLIFFLHSGHLVKDIFAFIPIQLLIY,length1,222
-2,525265,523681,1584,MLWFFFCVAVLIIGYFIYGKIIEKIFVINPKRQTPAYQVNDGVDYMPMSKTKIWLIQLLNIAGTGPIFGPILGALYGPVAMLWIVIGCIFAGAVHDYFCGMLSIRHGGATMPYLAGKFLGRPVKVFINTLALVLLLLVGVVFVASPAQLMGTITMDVFGASQSALVLGDAEAVHHSVEAGGIKVWGMDKATVVALWTAIIFAYYILATLLPVDKIIGRIYPLFGALLLFMSVGMVYGLVVSHFSATDPIEFFRTINADGEGLTWAKFTQNFQVKGDVPIWPLLFLTISCGALSGFHATQTPLMARCTENESEGRFIFYGAMITEGVIALVWCMVGLAFYENPQALQDAISAGSPSKVVYDSSLHFLGFIGGIFAILGVIVLPITSGDTAFRAARLQIAEIFNVDQRSLPKRLLIAVPLFVLGYFISTIDFSVLWRYFTWANQMTAMVMLWTAAGYLYRYHKFHWVASLPAWFITTVCATYLFYNKIGFGLDYQLSVYLGLATTIVCIVLFFTMLKPLGTRDEEAYINN,length1,1584
-2,523477,523024,453,MFRGATAVNLDSKGRVAIPTRYRAEILEKNQGQMVCTVDIRQSCLLLYPLDEWEKIEQKLLALSNFDPTQRRLQRVMLGHATECEMDAQGRILLSGPLRQHAKLEKGLMLVGQLNKFEIWSDVEWHTQIAEDIEIGSSADFAADALNDFSL,length1,453
-2,523015,523012,3,M,length1,3
-2,522991,522028,963,MNSENSFSSSEHITVLLHEAVNGLALKENGIYIDGTFGRGGHSRFILSQLSSNGRLIAVDRDPRAIAEAHKIQDSRFQIEHNSFSHIPEICDKLNLVGKIDGILLDLGVSSPQLDEAERGFSFMKDGPLDMRMDTTQGLSAEEWLKQVSIEDLTWVLKTFGEERFAKRIATAIVDFNKSTVKNGTEFLSRTSQLAELISQAVPFKDKHKHPATRSFQAIRIFINSELDELESLLNSALDMLAPEGRLSIISFHSLEDRMVKHFMKKQSKGEDIPKGLPLREDQIQRNQKLRIIGKAIQPSDAEIQANPRSRSAILRVAERI,length1,963
-2,521863,521854,9,MEC,length1,9
-2,521827,521773,54,MNTVIYKCRKLRKGIARV,length1,54
-2,521578,521485,93,MLYAWTLYAFYGSYFTWPVCFSRTSSLCSIY,length1,93
-2,519469,519421,48,MGGIIGASCGCDGNHW,length1,48
-2,519112,519103,9,MAN,length1,9
-2,519043,519010,33,MDESNKYPLSF,length1,33
-2,518842,518809,33,MWKNGNDSISK,length1,33
-2,518719,518689,30,MVHLWLWRRP,length1,30
-2,518308,518236,72,MKMCKLKKLIRILEKAYQIAYFLL,length1,72
-2,518218,518140,78,MLINILIKRCHRVRLRLLFSKKTRLF,length1,78
-2,517954,517933,21,MVTSITI,length1,21
-2,517855,517831,24,MKSITPQN,length1,24
-2,517819,517810,9,MPH,length1,9
-2,517714,517678,36,MVWRLSMLNIIT,length1,36
-2,517606,517570,36,MFKVTNKVQPLR,length1,36
-2,517516,517513,3,M,length1,3
-2,517507,517501,6,ML,length1,6
-2,517477,517441,36,MLVLRLPMSKLD,length1,36
-2,517372,517321,51,MILITQIKILSVRLLMS,length1,51
-2,517312,517279,33,MMLSLFYVSQI,length1,33
-2,517228,517216,12,MLIW,length1,12
-2,517192,517114,78,MAMKVRLFLRLFWVSILRIKLKWWIS,length1,78
-2,517030,517027,3,M,length1,3
-2,516733,516718,15,MGKSC,length1,15
-2,516238,516232,6,MV,length1,6
-2,516004,515998,6,MA,length1,6
-2,515623,515614,9,MVT,length1,9
-2,514435,514360,75,MNGHASHIKVCCMIAHYFGYLLFCF,length1,75
-2,514303,514099,204,MILFTLQNATLFMCYFLCSLVIFHYKFLLRNGKNGTLKFFYFLSYYYCLSLLSVHRLMAQNVGFHWGS,length1,204
-2,514027,513937,90,MMKCGRDMLVFLNRLLLCLYWVVFFYCNLI,length1,90
-2,513757,513739,18,MALVSN,length1,18
-2,513394,513313,81,MVVRVLSLCPPLLVFYCELITKIVYFV,length1,81
-2,513292,513265,27,MIRDKKDEK,length1,27
-2,513181,513151,30,MGYLLVRYER,length1,30
-2,512485,512482,3,M,length1,3
-2,512080,510655,1425,MKHSHEEIRKIIPEMRRVQQIHFIGIGGAGMSGIAEILLNEGYQISGSDIADGVVTQRLAQAGAKIYIGHAEEHIKGASVVVVSSAIKDDNPELVASKQKRIPVIQRAQMLAEIMRFRHGIAVAGTHGKTTTTAMISMIYTQAKLDPTFVNGGLVKSAGKNAHLGASRYLIAEADESDASFLHLQPMVSVVTNMEPDHMDTYEGDFEKMKATYVKFLHNLPFYGLAVMCADDPVLMELVPKVGRQVITYGFSEQADYRIEDYEQTGFQGHYTVICPNNERINVLLNVPGKHNALNATAALAVAKEEGIANEAILEALADFQGAGRRFDQLGEFIRPNGKVRLVDDYGHHPTEVDVTIKAAREGWGDKRIVMIFQPHRYSRTRDLFDDFVQVLSLVDALIMLDVYAAGEAPIVGADSKSLCRSIRNLGKVDPILVSDTSQLGDVLDQIIQDGDLILAQGAGSVSKISRGLAESWKN,length1,1425
-2,510646,510640,6,MD,length1,6
-2,510466,510346,120,MHILLILKNIMLQILKRMALIEHLIFCTVVVEKMAQCKVY,length1,120
-2,510076,510049,27,MRLNLIIPF,length1,27
-2,510025,510019,6,MN,length1,6
-2,509953,509896,57,MIMKRSIFLIIRNISAQQV,length1,57
-2,509848,509809,39,MMHWDVVVGVVLM,length1,39
-2,509800,509752,48,MQKVISVWLRLILILE,length1,48
-2,507838,507772,66,MCFKCFPLSGAYCESIKYYWFD,length1,66
-2,507517,506254,1263,MLYPEYPEYDNFNESGALIKVVGVGGGGGNAVNHMVMNMVKQEMGGTFVGESSLTSEEHGRIVFYAVNTDAQALRKSQVQQTVQIGGETTKGLGAGANPNIGRKAAEDDQDEIRKMLEGADMVFIAAGMGGGTGTGAAPVVAKIAKELGILTVAVVTKPFAFEGKKRMQFAELGIKDLSQYVDSMIIIPNQQIQKVLPKNAKLIDAFAAANDVLRNSVMGISDMITSPGLINVDFADVRTVMSVQGQAMIGFGSAVGEPGAGRAEEAARLAVRNDLLEKIDLSNAQGILVNITAGMDLVFDEFNIIGETIGSFASEEATVVVGTSLVPEMSDEIRVTIVATGLGEIAGNEPIQVVRQGLSTQNIEGEGRVNIVPELHRRESVEVSRSASEEYQRPLDKPITDRLEAFKKNNFFNPAQREEN,length1,1263
-2,506227,506212,15,MKVVE,length1,15
-2,506011,505975,36,MIKVFAFLPLSI,length1,36
-2,505972,505867,105,MQLWQGLVLIISLLKLMPLKFLLWMAVLVRLSICC,length1,105
-2,505864,505750,114,MRELKNKMQRKNLFALKNMYELKMAINGLNLNLIMVSV,length1,114
-2,505708,505690,18,MYVTMK,length1,18
-2,505573,505543,30,MRLFLMIIES,length1,30
-2,505540,505492,48,MKMAYALKMNLFVIKC,length1,48
-2,505324,505321,3,M,length1,3
-2,505219,505213,6,MY,length1,6
-2,505075,505072,3,M,length1,3
-2,505033,505030,3,M,length1,3
-2,504982,504913,69,MKIISLKHNISLQFSKKSLKTRY,length1,69
-2,504880,504844,36,MNNVIKIYILLF,length1,36
-2,504802,504775,27,MLLVIKNNL,length1,27
-2,504670,504631,39,MKFMIYFSILIYH,length1,39
-2,504586,504571,15,MIKQI,length1,15
-2,504409,504373,36,MKMVENCMDLVY,length1,36
-2,504232,504202,30,MLYWCLKSIK,length1,30
-2,503980,503773,207,MTALFIFFCSVLKIYVEFVPFFLWLENIRLTAGQYKRSDVFPQYIQWQSSNSYGYFFLTLATKYQCNDE,length1,207
-2,503692,503671,21,MLDPNGG,length1,21
-2,503485,503380,105,MAQDSDILHLLQLQEIDLLMKAGANGVNRYIGESG,length1,105
-2,503170,503128,42,MLVRLQIFLHQNAH,length1,42
-2,502687,502669,18,MRNRLK,length1,18
-2,502249,502156,93,MLNSSINSSAFSQRCCGVKSLRISNTAIKFS,length1,93
-2,502108,502039,69,MPRCARLCIGSKLMSSPSITILP,length1,69
-2,501535,501463,72,MMIDPCVITTLSVNVTTLFSISKD,length1,72
-2,500965,500947,18,MLNFIG,length1,18
-2,500653,500500,153,MVYFVPVLFVQNESDCVVADDRHQDNHLVNQLKPHHLFPPIHRTLFRFCAT,length1,153
-2,500113,500086,27,MLKIFNRKK,length1,27
-2,499900,499834,66,MMVHWGFLFIWGNKKAMPRLPI,length1,66
-2,499813,499738,75,MQWKPHLLLQNTPRLMIAQGWLIKI,length1,75
-2,499726,499714,12,MRLI,length1,12
-2,499702,499639,63,MLLMWMLIKQQNLHFRLKRRL,length1,63
-2,499630,499618,12,MNVL,length1,12
-2,499609,499579,30,MAQVLIHIQA,length1,30
-2,499570,499495,75,MVIVTVCCKVIYQAVILYLVRLLVA,length1,75
-2,499477,499384,93,MITNIQFLVNSTNSNRQFGSEKIVQRKSFLV,length1,93
-2,499336,499294,42,MMLQLVLFLTLPLQ,length1,42
-2,499054,499015,39,MLEAFTTGLLSQI,length1,39
-2,498958,498955,3,M,length1,3
-2,498886,498826,60,MVKFSIQWLKLPLQGNYKIC,length1,60
-2,498802,498796,6,MI,length1,6
-2,497923,497911,12,MGWF,length1,12
-2,497779,497770,9,MNF,length1,9
-2,497494,496174,1320,MLLVNLAIFIAFLLLLAQLYRKTEKLGQTVFIGLLLGLLFGAVLQSAFEKPLLDKTLDWINVVGNGYVRLLQMIVMPLVFVSILSAIARINQTRSLGKVSVGVLSTLLITTAISAAIGIAMVHLFDVSAAGLILGDRELAAQGKVLDKAGQVSNLTVPAMLVSFIPKNPFADLTGANPTSIISVVIFSALLGVAALSLGKEDQALGERIAQGVETLNKLVMRLVRFVIRLTPYGVFALMIKMAATSKWADIVNLGNFIVASYAAIALMFVVHGILLFFVKVNPVDYYKKVLPTLSFAFTSRSSAATIPLNIETQTAKLGNNNVIANFAATFGATIGQNGCGGIYPAMLAVMVAPMVGIDPFSFSYILTLISVVAISSFGIAGVGGGATFAAIVVLSTLGLPLELVGLLISIEPIIDMGRTALNVNGAMVAGTITDRLLNK,length1,1320
-2,496057,496024,33,MNNLVCGTSPN,length1,33
-2,495838,495820,18,MKWITT,length1,18
-2,495586,495550,36,MWLKFSPNSPHF,length1,36
-2,494833,494803,30,MGFSANKSSP,length1,30
-2,494575,494539,36,MISVTRSAAAIT,length1,36
-2,494506,494458,48,MMISKAASAAKVKSAI,length1,48
-2,494071,494020,51,MAMITNTAVKNGASKRK,length1,51
-2,493930,493852,78,MIFSNTCTRNLDKMRNVASCVTIFSK,length1,78
-2,493846,493801,45,MTVRPIAKPRTLAEG,length1,45
-2,493768,493561,207,MAVAAKNQPETVSKPILEPKPRIISTKPKISGNLANLNKRINGSNVRIIGYPVVVERVVQQRNLDVVIR,length1,207
-2,493441,493267,174,MLVKQDFLIAHLGLRLAHRAEVNRLCVTMPEQWQGVALVPQKCLIHHLLFRDEVQVYR,length1,174
-2,493162,493090,72,MDFVLPTQYVCASQLDYFREVLAH,length1,72
-2,493039,492730,309,MKFFPRHFVLQAQHYDLLEFGSLTAWLMLNPVSKAPLNFRQKFQPHFLKKLFFHFDVQLNNQILKNQQWHPLHQYLLHGRGNRCLDRVRVDKIQVQELNKRNL,length1,309
-2,491971,491959,12,MKKA,length1,12
-2,491446,491359,87,MKNDFSFFHFFVQTVDKDFFRTEAIATVD,length1,87
-2,491356,491332,24,MHCTCNIG,length1,24
-2,491089,491032,57,MIEDDFCFKFFCMLQHTLH,length1,57
-2,490438,490342,96,MEFDLKFLVLVLFFSLQYRFLRRVGQHHCFSY,length1,96
-2,490330,490234,96,MRLSTMAMQLRNFLLARNLMLVGILNLPLSVK,length1,96
-2,490213,490162,51,MTLYQACLKMHLMPVLL,length1,51
-2,490141,490078,63,MLGCGIVRQSFALFHNLLFQE,length1,63
-2,489187,489148,39,MDCRTSWQFLLEH,length1,39
-2,489118,489016,102,MRLFVVVKWQVKANLVLSRLLDNFWRYVLNAMVK,length1,102
-2,488710,488665,45,MIGVNIQSHRSFAFF,length1,45
-2,488605,488479,126,MQYTKRLHSTIIHRHCRFNPILAKSRNFNAKMANCTVGAKLI,length1,126
-2,488410,488203,207,MPAQGALTPHVHNVLPDCGKNNQLLNKSADLFHAVFCARIHRRFLGSFFDFALHVQIHQPYRNILLFLH,length1,207
-2,487819,487801,18,MATKLV,length1,18
-2,487741,487720,21,MCKDLAQ,length1,21
-2,487588,487564,24,MFFPLMFA,length1,24
-2,487141,487132,9,MDT,length1,9
-2,486250,486226,24,MPHQKNDI,length1,24
-2,486163,486139,24,MRENLQNQ,length1,24
-2,485884,485869,15,MPKRD,length1,15
-2,485848,485821,27,MSLAPRHPY,length1,27
-2,485098,485071,27,MRQIQTLVK,length1,27
-2,484426,484408,18,MANSRR,length1,18
-2,483784,483721,63,MLTSFIYRKHYGNLRQDQKAN,length1,63
-2,483535,483529,6,MG,length1,6
-2,483265,483259,6,MP,length1,6
-2,483181,483151,30,MVIKFPLEGI,length1,30
-2,482956,482935,21,MRKPAKP,length1,21
-2,482734,482731,3,M,length1,3
-2,482728,482617,111,MSFVLSESAVKNPCKSCPQFLAGISFAIAFIALVTKG,length1,111
-2,482590,482560,30,MISLPSVAKV,length1,30
-2,482269,482224,45,MLMYCIVLFVNIDMG,length1,45
-2,482122,482086,36,MSASTPFCDIAL,length1,36
-2,481978,481927,51,MKVTFIVERFSFATTLR,length1,51
-2,481012,480952,60,MLFTEIKKILSIIHKIEGKF,length1,60
-2,480886,480544,342,MEIVNKQSFQEVLEYVRMYRLKNRIKRDMEDNNRKIRDNQKRILLLDNLNQYIRDDMTIAEVRGIIESMRDDYESRVDDYTIRNAELSKQRREASTKMKEQKKAHAELLKNAEK,length1,342
-2,479863,479842,21,MVIPPPL,length1,21
-2,479767,479749,18,MPKIPV,length1,18
-2,479563,479551,12,MRSI,length1,12
-2,479530,479479,51,MCSATMDKSLRIKSTIV,length1,51
-2,479401,479395,6,MG,length1,6
-2,479089,478996,93,MPCCAEFSRGQIKGFSFSKSIRKKNGVRCLP,length1,93
-2,478939,478933,6,MT,length1,6
-2,478657,478654,3,M,length1,3
-2,478303,478237,66,MRIIAVYTSIHPNLKEEERKYV,length1,66
-2,477766,477724,42,MVTPRCEKPSHVKI,length1,42
-2,477598,477589,9,MAF,length1,9
-2,476770,476296,474,MQVQRKLNQSLLLAEAYFKRKFTMPEVNYELRGIKAGVAYLQKNEIKFNRTLLQENTDEFIRQVVPHELAHLIVYQMFGCVKPHGKEWQLVMNEIFKLPADTCHQFDIKNVQGKTFEYRCACQTHFLTIRRHNKIMKENIEYLCKKCKGKLVFVDDEE,length1,474
-2,476185,476083,102,MRIFMLRAISVYLKLKQTVVTIQELNLAYPWVIK,length1,102
-2,476047,476014,33,MEKLMAQKFKV,length1,33
-2,475996,475948,48,MILTRILKCNLMLVLV,length1,48
-2,475873,475864,9,MGL,length1,9
-2,475840,475798,42,MATGTQMVELSTIV,length1,42
-2,475765,475726,39,MVQKLVWGTGSNF,length1,39
-2,475276,475270,6,MA,length1,6
-2,474493,474418,75,MPLSKRVKRSSNFRIPTWLINVTAK,length1,75
-2,474232,474223,9,MNV,length1,9
-2,474172,474166,6,MA,length1,6
-2,474124,474034,90,MRESANTPQPNAPNSMYSPVSISTNSVEPK,length1,90
-2,473608,473557,51,MSIRPLFKSKMAFCKLA,length1,51
-2,473137,473074,63,MAVNNVFFIVSSLFSSEKDSV,length1,63
-2,472783,472561,222,MESDRQVVLNVNVLTIPLHQFSLHFHSHHALSLVLQLGFQLPLSAAKDDIVEKPFLHLDVIVGLLWDLPLHWIN,length1,222
-2,472504,472426,78,MCELMYFCLHHLGLATQRYRPLPLQG,length1,78
-2,472405,472387,18,MNRKRN,length1,18
-2,472351,472207,144,MLYKMKKYYIFMHNYASAINKKSQKIWDFKNSIEINRTLGLFCHFKLN,length1,144
-2,472192,472117,75,MNNFDMDFLNTICITKMGYTNFNIR,length1,75
-2,471913,471901,12,MACI,length1,12
-2,471835,471760,75,MHRITVRTAITTRKHFASLFEAIRN,length1,75
-2,471553,470641,912,MIFCDLDRKNKFEWLDIFQDMFILRKLISPLIFKNTMKFYRTLLLFFASSFAFANSDLMLLHTYNNQPIEGWVMSEKLDGVRGYWNGKQLLTRQGQPLSPPAYFIKDFPPFAIDGELFSERNHFEEISSITKSFKGDGWAKLKLYVFDVPDAEGNLFERLAKLKAYLLEYPTTYIEIIEQIPVKDKTHLYQFLAQVENLQGEGVVVRNPNAPYERKRSSQILKLKTARDEECTVIAHHKGKGQFENVMGALTCKNHRGEFKIGSGFNLNERENPPPIGSVITYKYRGITNSGKPRFATYWREKK,length1,912
-2,470506,470485,21,MHSLLAD,length1,21
-2,470197,470008,189,MQKQAHRQRQHRDLTLNHERWQYVGVVRLRTCGDNDHKIQRASPLFPSSIKLFLAVLWRKVLY,length1,189
-2,469999,469489,510,MVLPKLNQSFCVDLTMRKDFEKLFEFFYDVVLLFQNHFLKNYALCNKVRLWLVLQSLSINDLALIFHNLIHPRLLKFYLVQAEKRHHPTLLLAVVLQTSLFLQGNIFLSQWHLIMAYFLLLHSSLLSSLIFNWIALLVQRSMAFYFMRTDMMQLRFNLATIFGGIRAARI,length1,510
-2,469087,469036,51,MGININPRFRIRNTDQF,length1,51
-2,468808,468799,9,MIN,length1,9
-2,467599,467524,75,MASIIHFPIPGQEKIVSVRTAPESN,length1,75
-2,467416,467413,3,M,length1,3
-2,467362,467140,222,MARGTVPRTIAGRIKDFTAFSKAPGIPESQLSISINPVGVSIQNSLSKRPPCGKPSCGETYKIKIKPHQKIGIE,length1,222
-2,466774,466660,114,MAIKVGITIKIRLNTNLNIPSLVDNKSAVKIHRTFQRN,length1,114
-2,466441,466408,33,MNRLLLGSSHA,length1,33
-2,466345,466267,78,MANGVLLWHIIDGFPHKRWSVFSAHE,length1,78
-2,465577,465544,33,MEFDNELKLLQ,length1,33
-2,465073,464974,99,MVFSQIIHRPELIIQQNRPTLRDRKCLDRSDKF,length1,99
-2,464221,464188,33,MQGFSFFQKYP,length1,33
-2,464170,464143,27,MLFNDLINT,length1,27
-2,464122,464113,9,MIL,length1,9
-2,464017,463984,33,MLFIINTNKKE,length1,33
-2,463978,463894,84,MVQNFKKWLAQRNGRSVLSKFHYDHSLK,length1,84
-2,463660,463573,87,MMAYYCPLQYVLHLQMECNAFHTYEHKGS,length1,87
-2,463411,463369,42,MTALFLEFVIQTSV,length1,42
-2,463183,463117,66,MKLGFPINEWMIWTVVHHVLND,length1,66
-2,462868,462802,66,MCVHVNFDISHHVHLINVPCQS,length1,66
-2,462694,462685,9,MPS,length1,9
-2,462466,462448,18,MPWPFA,length1,18
-2,462295,462247,48,MPRSCTMARAFSNSIA,length1,48
-2,462223,462031,192,MASMFSLPYSAIAWNKQVVESCPPEKMTIALRSWFGLKIFIFYLVFYCRRFANYGGYSSGEVLF,length1,192
-2,461938,461890,48,MVVDYRRRVDYFSLRK,length1,48
-2,461821,461791,30,MGIESIKKCG,length1,30
-2,461491,461488,3,M,length1,3
-2,460843,460840,3,M,length1,3
-2,460636,460615,21,MMQFLAN,length1,21
-2,460603,460576,27,MKFWKQGRK,length1,27
-2,460549,460516,33,MKKTPLNESSV,length1,33
-2,460246,459355,891,MYKRLPPLNSLKSFESAARYLSFTKAADELCVTQAAVSHQIKLLEEFLGIELFKRKNRSLELTELGKAYFVDINKILRRLNEATERLLTLKTDPHLNISVPQTFGIQWLVPHLSEFNQLYPQIEVRLTGVDQDEGLLNKEIDLAIYYGLGNWQNLQVDRLCEENLLILASPELLAENPIIQPEDLKKHTLIHIHTCDNWQAMANHLQLDDLNIQQGPLFSHTFMALQAAIHGQGIVLANRLLALQEIENGSLQAVLPTNLPDPKSFYVVNHLDRLDDQKIQAFRQWIINSIKQEENE,length1,891
-2,459226,459214,12,MLST,length1,12
-2,458467,458356,111,MVVEWLVPRNHLQFKITHEKTLSRSDIMFRKLGCYVG,length1,111
-2,458233,457066,1167,MNLHEYQAKQLFEHYGLPVKNGAVCQSVEDVDLVLAQLSGDKWAAKCQVHAGGRGKAGGVKLVQDVEEARAFAEKWLGQRLVTFQTDKLGQPVNQIYFEETCDIDKEFYLSAVVDRASQKVMFIASPAGGMNIEEVAQNSLHLLHKVEIDPLFGGLPYQGRELAFKLGLSGTQNKQFTDIFMGLSRLFLEKDLSLVEVNPLVLTKQGYLVCLDAKISVDDNALFRHKDLLALQDLTQNDAREAEAEKFQLNYVALEGDIGCMVNGAGLAMGTMDIVKLYGGKPANFLDVGGGATKERVAEAFKIILTDPSVKVILVNIFGGIVRCDLIAEGVIAAVNEVGVRVPVVVRLEGTNAEMGRQILAQSDVNILTAQSLQQAAELAVNAAKGEH,length1,1167
-2,456850,456820,30,MCQHHFVKMP,length1,30
-2,456805,456790,15,MQGFS,length1,15
-2,456727,456715,12,MKRA,length1,12
-2,456673,456595,78,MNVKSALCPLTYIKKVKWGLFLVLEL,length1,78
-2,456589,456580,9,MKR,length1,9
-2,456565,456451,114,MKALDNRLVWVSGEILFQVLVLLIFLKDFNKIPKQKPL,length1,114
-2,456391,456286,105,MLLNQWLRILRVSLRQKENGWGMREPLLAAEKVLQ,length1,105
-2,455950,455935,15,MPWAV,length1,15
-2,455830,455821,9,MQR,length1,9
-2,455617,455551,66,MKNILRNPILKKFVIVWNIKWI,length1,66
-2,455542,455530,12,MVDI,length1,12
-2,454627,454621,6,MV,length1,6
-2,454255,454189,66,MSQKRQMHFTHHSRVSVNKFAY,length1,66
-2,454183,454177,6,MN,length1,6
-2,454153,454141,12,MANI,length1,12
-2,454054,453976,78,MNILGQITVYYVLRRQILRHVICCQA,length1,78
-2,453946,453943,3,M,length1,3
-2,453901,453895,6,ML,length1,6
-2,453841,453835,6,MI,length1,6
-2,453631,453595,36,MLMLLKLMCAWV,length1,36
-2,453553,453538,15,MRILC,length1,15
-2,453532,453505,27,MQAICSAQV,length1,27
-2,453325,453313,12,MKCG,length1,12
-2,453064,453052,12,MART,length1,12
-2,453031,452935,96,MEFFRHIGEIFFIHIRWIGHDKIVFLSQNIFK,length1,96
-2,452908,452902,6,ML,length1,6
-2,452896,452890,6,MA,length1,6
-2,452764,452749,15,MIWFL,length1,15
-2,452521,452518,3,M,length1,3
-2,452347,452344,3,M,length1,3
-2,452257,452248,9,MRM,length1,9
-2,452236,452221,15,MIRKI,length1,15
-2,452212,452098,114,MRKKCKTNLIYSARKPKALSQLNKILLLPPAKNVIRKK,length1,114
-2,452047,452008,39,MNMSHYLMTMMVL,length1,39
-2,451993,451972,21,MGKIPIY,length1,21
-2,451861,451852,9,MSM,length1,9
-2,451825,451810,15,MAPLH,length1,15
-2,450289,450271,18,MLNHIW,length1,18
-2,450196,450187,9,MFD,length1,9
-2,450082,450067,15,MIVLE,length1,15
-2,449347,449329,18,MRNHQS,length1,18
-2,449248,449203,45,MLIHERALSFRQYHQ,length1,45
-2,449200,449095,105,MQSHLSDHRPTQPYKHQCISLNDSYKHLKRVLLLV,length1,105
-2,449092,448990,102,MHYRSYLQHNGSRWLLQLNLKDQIFSLKSLRFVP,length1,102
-2,448705,448672,33,MEGHKGMLLQT,length1,33
-2,448660,448609,51,MLYQKLPRFYLLSVGMR,length1,51
-2,448606,448534,72,MLREYQLSELDCEVAQIVQHLQYL,length1,72
-2,448423,448417,6,MQ,length1,6
-2,448318,448237,81,MLRLSQIIFLPLLLDQELQILVKNYRS,length1,81
-2,447697,447658,39,MVLRYLRTLKTTK,length1,39
-2,447466,446977,489,MIDYIIIGIIAFSILVSLLRGFVREVLSLGSWVVAFIVASQFYPYLATYLTQIESMYVRNGTAIAILFVLTLIVGAIVNYVISQLVDKTGLSGTDRVLGAAFGLVRGALIVAALLFFMDTFTNFEQTDWWKESQLIPHFGFIIEWFFQQLQSSSSFLNPTLNQ,length1,489
-2,446239,446203,36,MYRKCGVKSLYF,length1,36
-2,446098,446089,9,MGG,length1,9
-2,445252,444934,318,MKCNIHFGIVAKAGRFNIPAKVRLNLCCFMGFGAVKLNDPWHSEWSSKNKMPFTISSKAIQGKYCSPLPSLPPSPHLYKGNILASAPPFVEKTMPVRIKQTLALAC,length1,318
-2,444787,444772,15,MNSTS,length1,15
-2,444682,444442,240,MMASNCSCKSSSESAVINLMFFCFERVCGELERVKIVTCSLRKQSCSTSALPISPVPPVNKIFITMRFQINVGYFAIIQQ,length1,240
-2,444265,444172,93,MDYWYWEHLIHLVSNRPFPFLYYECEPHQIC,length1,93
-2,443884,443842,42,MNILKSVCFKLTNT,length1,42
-2,443830,442897,933,MKVAVLGAAGGIGQALALLLKLQLPAGTDLALYDIAPVTPGVAVDVSHIPTAVNVKGFSGEDPTPALEGADVVLISAGVARKPGMDRSDLFNINAGIVRGLIEKVAITCPKACVGIITNPVNTTVAIAAEVLKKAGVYDKRKLFGVTTLDVLRSETFVAELKGLNVSRTSVPVIGGHSGVTILPLLSQVQYAKWNEDEIEPLAKRIQNAGTEVVNAKAGGGSATLSMAQAAARFARSLVKGLSGETVVECTYVEGDGKYARFFSQPVRLGKEGVEEILPIGPLSNFEQQALENMLPTLRADIELGEKFING,length1,933
-2,442405,442147,258,MLPKPQDFCTSIPKRSAVAFARSKSYKSSFTIPLSAPYLTVASCNVIRSNGLPKSNSYSPYFTIVVPRISIANLRSSSSVLSIKSW,length1,258
-2,441883,441799,84,MKYSRIPATTLERIIKVRRDSSLEIKSK,length1,84
-2,441700,441613,87,MVNSLVLVLKSVPFTPMISPKSQLPTSSA,length1,87
-2,441088,441067,21,MRESSNT,length1,21
-2,441040,440947,93,MSDLLSSIACLSAFFFCNSSSYNFAFNCFIA,length1,93
-2,440683,440515,168,MPVSVRNQPKAYSPLTLMVADFNPATSPSETSISSVLKPLLSAQRRYIRSNISVQS,length1,168
-2,440353,440131,222,MASSNNPSTSSKPCSKFLMVFTTCSKETRSLPSAWALSGSFQTSGCSNSALTSSKRSTLASKSKIPPKHRSAVR,length1,222
-2,439957,439270,687,MKKIFTALLCVAAANAMADDAAIKRKLQSFNVSNIAIKSSPISGIRTAVTDQGILYVSEDGKYLFEGKLYELTNNGPVDVAGKILVDKLNSYKNEMIVYPAKNEKHVVTVFMDITCHYCHLLHQQLKEYNDLGITVRYLAFPRAGMNNQTAKQMEAIWTAKDPVFALNEAEKGNLPKEVKTPNIVKKHYELGIQFGVRGTPSIVTSTGELIGGYLKPADLLRALEETAQ,length1,687
-2,439165,439159,6,MI,length1,6
-2,438829,438811,18,MALSKL,length1,18
-2,438751,438724,27,MLTVQPAQH,length1,27
-2,438688,438643,45,MWITLCQIDLNKVMA,length1,45
-2,438478,438457,21,MPLLILI,length1,21
-2,438292,438244,48,MLFLWIKIIVSLLIKV,length1,48
-2,438178,438175,3,M,length1,3
-2,438124,438109,15,MQQGV,length1,15
-2,437932,437890,42,MVLRFINLIGIKAY,length1,42
-2,437770,437764,6,MF,length1,6
-2,437671,437605,66,MISNIFLIKPLPIGLMKNIYKA,length1,66
-2,437593,437584,9,MAN,length1,9
-2,437575,437548,27,MNLILKRQS,length1,27
-2,437497,437479,18,MANLKF,length1,18
-2,437401,437338,63,MRLRLILIQDCILIFQLNRLV,length1,63
-2,437260,436555,705,MSDRMKLKGILAFCLLFLSSFVLAEVNQKEFSVQNSPHLPSRDTISFEDGRDYFSYKEPIEQASRTDKKIRIQFFFDYDCRVCSSAQDILELYSQIRTYKVVLEQYPIATADSQFSARIFYTLQALSAGELSNVLLFETSEKSRYTELSTSNKIQQWAEKQGLDKQLFIQTENSQSVKEQIQNAIELTEEYGVFTYPYVVIGGKYVLTASTLYNDDYSVAVLDFLVNKIEQEQKQ,length1,705
-2,436432,436363,69,MLHYYNQALAKWQLPLARRRYCN,length1,69
-2,436279,436252,27,MKHAITMRM,length1,27
-2,436237,436183,54,MKKGSCLLILLHFYRTKN,length1,54
-2,436057,436054,3,M,length1,3
-2,436009,435919,90,MRLMCLLWWFVLFLMAAMAKLVYLLKSFYH,length1,90
-2,435625,435580,45,MDQHNVYLIDFVLPL,length1,45
-2,434911,434830,81,MPCLPLHQTLERKTSLEYSAFCVCVNK,length1,81
-2,434824,434818,6,MA,length1,6
-2,434791,434788,3,M,length1,3
-2,434773,434698,75,MPFYALIYAKSVPQVLYCYIQHTHH,length1,75
-2,434434,434356,78,MWFLNRFLLATRKYGCYLYQQYLPHF,length1,78
-2,433999,433918,81,MDFFALYKVFLKCPFFLYLCKFWGIYY,length1,81
-2,433909,433783,126,MSCQLSRGRDDYKTNGFCLNQESIAQLGLKHNLHCGNRLLFL,length1,126
-2,433762,433639,123,MMLIVLRHRYDNLVKLHVGYNHTPRLHSHHYQAIFCLQLSS,length1,123
-2,433585,433570,15,MVCHQ,length1,15
-2,433549,433543,6,MF,length1,6
-2,433288,433267,21,MPQECSE,length1,21
-2,433147,433123,24,MFLRLELV,length1,24
-2,432793,432763,30,MTAKVRSFLA,length1,30
-2,432379,432364,15,MFATH,length1,15
-2,432049,432031,18,MNTSHN,length1,18
-2,431572,431563,9,MKT,length1,9
-2,431281,431266,15,MNTHN,length1,15
-2,431131,431086,45,MWLFYGFICKSIYLF,length1,45
-2,430885,430807,78,MGMIITVDGPSGAGKGTLCYALLCVG,length1,78
-2,430513,430462,51,MPPFNKLRWKSATSEPI,length1,51
-2,430360,430354,6,ME,length1,6
-2,429676,429631,45,MADYQNEIFITKISH,length1,45
-2,429463,429418,45,MVGRDKKKSAVYKKN,length1,45
-2,429391,429346,45,MKKLKYFVLAERILA,length1,45
-2,429310,429244,66,MRFVQRRLGLLVRMLIYLMTLQ,length1,66
-2,429223,429139,84,MMNSMRDFLQQHAVTVIFFIVINYALRF,length1,84
-2,429103,428992,111,MRKKCIRQGNVYLANRIFPLSVRRNVSLIRLGVMCII,length1,111
-2,428989,428902,87,MCLVSENILLLIFRRTLLCIIWCAILWEV,length1,87
-2,428806,428731,75,MDCIWWMWFIHKSLIFLNAQLALYF,length1,75
-2,428725,428716,9,MVY,length1,9
-2,428275,428242,33,MVQASSLGAFW,length1,33
-2,428104,428095,9,MDK,length1,9
-2,427408,427360,48,MFNYTEILPYINIRNT,length1,48
-2,427210,427111,99,MLNIEICVIRIKPNKREGLKDFFITLCFCPICR,length1,99
-2,427027,426994,33,MFSSRLGILIL,length1,33
-2,426055,425929,126,MSCFPIFRLGSRQDKGFWKIMDISLPTNFRRLLGLSLSNSTS,length1,126
-2,425875,425758,117,MTLAIKLFPEPDSPTNPLISPSLRERLTPSTIFIRPLEV,length1,117
-2,425734,425707,27,MSKSAIGYS,length1,27
-2,425695,425602,93,MALVKPLLKIMLNKIVKIIAKPGSNTVQGAR,length1,93
-2,425416,425389,27,MPSSFNIST,length1,27
-2,425365,425359,6,MA,length1,6
-2,425344,425113,231,MKYGNIAKSVANIAFHKLGSINVEITMAINRIGNDKKASKICPTKRALIPFSSPAIIPSAPPIIATEKTTSKAEPKV,length1,231
-2,425083,424978,105,MSRPKSSVPKKKAIFPLSTQEGGINSCPINCRLSA,length1,105
-2,424906,424897,9,MVF,length1,9
-2,424564,424546,18,MENFPF,length1,18
-2,424483,424429,54,MNNADNFHCWQNTQYQCW,length1,54
-2,424420,424285,135,MLQYVLYDFCTIRYFHKPHINNRKSRNGFNFVKQIILSNSGNFPM,length1,135
-2,424012,423955,57,MEIADINVLCNKIRIKRIA,length1,57
-2,423895,423877,18,MAKNRP,length1,18
-2,423751,423712,39,MGNSRKTSSWASL,length1,39
-2,423676,423658,18,MARSIN,length1,18
-2,423262,423235,27,MLFATVAVL,length1,27
-2,423229,423223,6,ML,length1,6
-2,423178,423100,78,MVRSCINGFSKLKARYAKFIPSVDCI,length1,78
-2,422800,422734,66,MAYWLARCDKMEESGSNNSIFT,length1,66
-2,422686,422674,12,MLSK,length1,12
-2,422443,422437,6,ME,length1,6
-2,422155,422119,36,MCQIVRHISKNG,length1,36
-2,421921,421846,75,MVRSWQSNEYPNKISACRVLIMKVI,length1,75
-2,421843,421795,48,MICHKIRLNGFNLLVA,length1,48
-2,421546,421534,12,MKMF,length1,12
-2,421153,421102,51,MAAEIFFIVCFLRKLID,length1,51
-2,421006,420940,66,MWNLKELTRNIPPLRLFVPQSK,length1,66
-2,420736,420715,21,MRFYNFY,length1,21
-2,420268,420211,57,MNNIAFALFNNLTNSCTSP,length1,57
-2,419794,419746,48,MCWRTATTNCATTSVE,length1,48
-2,419509,419485,24,MIWHASFF,length1,24
-2,419476,419467,9,MNG,length1,9
-2,418936,418891,45,MFAVFITKFIATFHH,length1,45
-2,418579,418561,18,MPCFSD,length1,18
-2,418510,418501,9,MMF,length1,9
-2,418465,418459,6,MN,length1,6
-2,418432,418408,24,MCGQNKLN,length1,24
-2,418387,418372,15,MHLFH,length1,15
-2,418303,418255,48,MFTGNGLILFCYVSEV,length1,48
-2,417691,417679,12,MNGG,length1,12
-2,417352,417322,30,MTALNEVFGC,length1,30
-2,417301,417232,69,MIINHIGIGIWTPIHYNHWNGGK,length1,69
-2,417145,417100,45,MIFDFFRIILCVTQK,length1,45
-2,417076,416986,90,MFFNRMDYFGKIRCFTGCHNHTNGFGGIDF,length1,90
-2,416710,416689,21,MSALFFL,length1,21
-2,416509,416473,36,MVKLMPFYSQHI,length1,36
-2,416392,416362,30,MQKRVRQLKK,length1,30
-2,416083,416080,3,M,length1,3
-2,415870,415711,159,MVVLFQWAYSLVNQPKFMIVKQAKFITAVYQQVLWWYQVAFHQNVENIAYIVP,length1,159
-2,415693,415681,12,MQKL,length1,12
-2,415663,415606,57,MNYYVLLKNSKKYKKRPHF,length1,57
-2,415405,415273,132,MFHKLVLHLPNLSPLTVHIQRFRHLAFCKQHRFLLHQNHLIRLV,length1,132
-2,415114,415081,33,MGHHLHEYSKP,length1,33
-2,414517,414418,99,MLQAKPQRHYQLSKLRLDVTYQMELNVIRFFRH,length1,99
-2,414106,414091,15,MFTLY,length1,15
-2,413992,413974,18,MQIIAN,length1,18
-2,413794,413752,42,MGHKILLDVVFFLE,length1,42
-2,413500,413482,18,MVKQIK,length1,18
-2,413440,413410,30,MLGSQVRISL,length1,30
-2,412897,412870,27,MGDVALLVL,length1,27
-2,412657,412624,33,MPFLCSLEIKC,length1,33
-2,412432,411829,603,MEFLIGFFTEYGYWAVLFVLIICGFGVPIPEDITLVSGGVIAGLYPENVNSHLMLLVSMIGVLAGDSCMYWLGRIYGTKILRFRPIRRIVTLQRLRIVREKFSQYGNRVLFVARFLPGLRAPIYMVSGITRRVSYVRFVLIDFCAAIISVPIWIYLGELGAKNLDWLHTQIQKGQIVIYIFVGLLVLFFFWKWKKSKKSTQ,length1,603
-2,411733,411712,21,MHHPNNL,length1,21
-2,410785,410713,72,MGAHVFIIRMVFALFDDLSFFEFV,length1,72
-2,410683,410626,57,MVCDLFCCRRDFCDSRVNL,length1,57
-2,410536,410530,6,ME,length1,6
-2,410329,410242,87,MCADFCGFATIYFSISFCAWISASGLSAH,length1,87
-2,410008,409927,81,MELCFRYHVSDGVRGKHHCSKQSRYVI,length1,81
-2,409678,409660,18,MAEKSS,length1,18
-2,409567,409558,9,MLQ,length1,9
-2,409489,409441,48,MGEFVNPCCHLFNVFI,length1,48
-2,409174,409168,6,MT,length1,6
-2,409033,408994,39,MFGLSLLHRKMNT,length1,39
-2,408979,408928,51,MNKLKPIQNLNLNLSKP,length1,51
-2,408925,408910,15,MRKAN,length1,15
-2,408883,408850,33,MAKPILCLNQI,length1,33
-2,408829,408721,108,MVYGQNYQAVNTLKKQNVKNQQQNLVLILLNLVKRF,length1,108
-2,408712,408673,39,MLNLSNLINKHTN,length1,39
-2,408616,408583,33,MVNQFKALKWV,length1,33
-2,408574,408559,15,MHRSI,length1,15
-2,408553,408481,72,MKKVSLNLPQLKASTKYGQSLRKK,length1,72
-2,408472,408436,36,MQITIVELWNIC,length1,36
-2,408415,408403,12,MDLG,length1,12
-2,408352,408274,78,MLMPTRFMCLPNMMGKHFLANPIILI,length1,78
-2,408166,408148,18,MYHIQP,length1,18
-2,408127,408061,66,MKDTVRPLLLLIRLPKIKAVQI,length1,66
-2,408010,408001,9,MIF,length1,9
-2,407950,407908,42,MRVKLNKDVFNAFI,length1,42
-2,407299,406669,630,MKIHRLFQPHFRLIYLFIWGLIISGLSDLTWLISLNVLAVSLFFISLQLSQKSFLPYLKRWFALVIFIALMWAALSWQIGENGIELNFQGIELAEKLSLRTHLLLISLWLFLWNINDAVLVQAIGKLPLPEKLIQLFVLTVRYIALLGELRQKMDIAMRARGFRPGLNRRTLYVTAQSVALLLIHALLKAETAQMALKCRGFQFGKKREK,length1,630
-2,406042,406012,30,MNHCREFVND,length1,30
-2,405916,405901,15,MLSHK,length1,15
-2,405841,405721,120,MANSSFKRSTCSPVNPLKENIPFCSMIKLKSCSAPYSFNN,length1,120
-2,405148,405091,57,MALWFGQVGVLIQTFCALV,length1,57
-2,405067,404962,105,MRNAPVPPKLCTVLARLDLMTSESLPKSNAFVCSL,length1,105
-2,404500,404389,111,MRKIDMPNLTPSPHFFTVPMKLCKRYIKPFWIMVCAD,length1,111
-2,404320,404317,3,M,length1,3
-2,404278,404239,39,MSTVMYARRKFVN,length1,39
-2,404071,403966,105,MRNGIKTLFAIFKSCAYNRNFIIKRNKFFCDHFTK,length1,105
-2,403744,403711,33,MLINEVFMIAE,length1,33
-2,403165,403039,126,MCRTASPSNNYFIAIFLCIFSKFKKFIRRTMSRDDFHMIRYF,length1,126
-2,402718,402712,6,MN,length1,6
-2,402685,402655,30,MKSEKWQALE,length1,30
-2,402016,401992,24,MMKRLLYV,length1,24
-2,401953,401911,42,MASHFLLINKMARV,length1,42
-2,401737,401644,93,MYWRAIQPKLRRTKANIHSYFLMAIALQVAN,length1,93
-2,401638,401578,60,MVVIGWNGMTHSQNQAIYLL,length1,60
-2,401503,401455,48,MWIAVILTVQLGQWKV,length1,48
-2,401434,401416,18,MKIALI,length1,18
-2,401290,401263,27,MRIILLLKV,length1,27
-2,401113,401110,3,M,length1,3
-2,401077,401038,39,MQAQCHTQFALKK,length1,39
-2,401002,400984,18,MKKGQK,length1,18
-2,400912,400846,66,MMAKRQPVKILFLRWNVQITSI,length1,66
-2,400789,400756,33,MLMTKKRILIV,length1,33
-2,400675,400627,48,MMRMARNKCYNIMANC,length1,48
-2,400621,400615,6,MY,length1,6
-2,400612,400525,87,MSLKKTKSLNFTAFMVAQFQHYYVISPRQ,length1,87
-2,400513,400489,24,MITKRSSY,length1,24
-2,400447,400378,69,MRLRCYLRKNYVVMLCVSNKASH,length1,69
-2,400342,400336,6,MF,length1,6
-2,400327,400300,27,MRKILNWQH,length1,27
-2,400240,400189,51,MVFQPQEHLCKRKLQNL,length1,51
-2,400183,400090,93,MISCVFIPIFVLMSIKLRNKTSPCVQCVIFA,length1,93
-2,400033,400021,12,MRII,length1,12
-2,399964,399955,9,MRY,length1,9
-2,399925,399919,6,MD,length1,6
-2,399877,399847,30,MKMCWKLFSY,length1,30
-2,399721,399715,6,MC,length1,6
-2,399703,399673,30,MKVIHKWLRV,length1,30
-2,399640,399622,18,MLNAKR,length1,18
-2,398971,398914,57,MRQFPDLYAFQVVILPLVF,length1,57
-2,398566,398506,60,MVQANAIALPIKFAKAFGLC,length1,60
-2,398401,398371,30,MRCCGDCQPI,length1,30
-2,398344,398299,45,MMVLLKLSLRWSLPF,length1,45
-2,398257,398197,60,MENLAYLLLVRWAVVLQQLL,length1,60
-2,398152,398134,18,MLKNVH,length1,18
-2,397864,397831,33,MRRKLAMPHYY,length1,33
-2,397780,397759,21,MKLPLFS,length1,21
-2,397753,397636,117,MKLSSQWRQIYYYLPHFINFQIPFKWWLVAFYVAIKIPK,length1,117
-2,397543,397480,63,MRKVSGLLLWSHSLLRRSYFL,length1,63
-2,396118,396049,69,MVKQTWYRRYDSSCKQLYGCAYA,length1,69
-2,394999,394915,84,MLLPLYKAYRQYQSYHQPKYNHGLQYHR,length1,84
-2,394531,394456,75,MRDVTHLPSQPIPSSYHWLAHKLIG,length1,75
-2,393940,393874,66,MTAVDIESSGFNITNHFSAGSQ,length1,66
-2,393772,393748,24,MDKLACHK,length1,24
-2,393532,393481,51,MSNQSPKSKNWKSVCNS,length1,51
-2,393193,393091,102,MHQVNGWYPLDNPRSLLVGLSTNKLNVLMAHPCQ,length1,102
-2,392776,392737,39,MCKRLESQWQKVR,length1,39
-2,392332,392260,72,MRVKFTSQFCKFLKITWNLQAFAQ,length1,72
-2,392230,392140,90,MPIMMRKNILRCKSLAKIMTNSRKTNRTFI,length1,90
-2,392086,392011,75,MNKTIHFGMMFYWIWHPMKGIDFRK,length1,75
-2,391987,391984,3,M,length1,3
-2,391906,391900,6,ML,length1,6
-2,391831,391801,30,MITGCKACHA,length1,30
-2,391762,391756,6,MA,length1,6
-2,390673,390484,189,MAKNAPAGNVTIQELMMFRITVKFSAAIPRAKPIPKIAPTSVCVVEMGKPVPDATTTVIAVAN,length1,189
-2,390118,390010,108,MASEMIKVSLFERFKPTCFKPFFIVTIQSTNTVIPI,length1,108
-2,389911,389464,447,MTGVINQLPTMLPIFDQSTELGPIVIQANPIIAPIIVCIPETGQPILVTINNQAPDANKVESIPKAKISGVSTNCIGSITPLFMVCVTSPPAKYAPADSKINAIIIACLAVTVPDPTDVPIEFETSFAPIPNAIKKPKAAVIHTNQEPY,length1,447
-2,389398,389311,87,MREPTRCAWSAKTPTHSIILYKNITSIGL,length1,87
-2,389299,389293,6,MV,length1,6
-2,388432,388333,99,MDKIGSLKYKIVFLFHLILFQLILIGTLQWDQN,length1,99
-2,388210,388192,18,MVINYH,length1,18
-2,388186,388180,6,MW,length1,6
-2,387916,387889,27,MCQNESRRR,length1,27
-2,387871,387859,12,MRCR,length1,12
-2,387835,387823,12,MWRG,length1,12
-2,387820,387793,27,MWCEQTESC,length1,27
-2,387784,387772,12,MWRR,length1,12
-2,387769,387760,9,MRF,length1,9
-2,387742,387733,9,MLV,length1,9
-2,387724,387649,75,MPAFIKKGVNYEITRCWIRLSSEFS,length1,75
-2,387394,387391,3,M,length1,3
-2,386938,386875,63,MGFTRICLSTTTYDSPNIIGT,length1,63
-2,386734,386722,12,MLFG,length1,12
-2,386716,386704,12,MQIL,length1,12
-2,386701,386680,21,MVMLQTV,length1,21
-2,386650,386461,189,MLLVLLIVVLLKHHYILSQSIGKMLKKILYKMVMRILLISKILQENFSCFVKKKRYLMQIYWH,length1,189
-2,386341,386230,111,MTLIFYQVTLNNLMTRQFKLLYGVIVILVFSNKSFQS,length1,111
-2,386179,386134,45,MFCLHLIQWLKTVPQ,length1,45
-2,385903,385861,42,MFFGLFFYLKVAIF,length1,42
-2,385789,385747,42,MRRIWGKWGRNEKG,length1,42
-2,385744,385726,18,MKRSYT,length1,18
-2,385459,385219,240,MTYVISSKPKVLTCPLIFGNNCQRSSEIRPLYGLLMLLALTIVSTMQVVGVILVVVMLIASRITALTLTNLLIKCYGLLL,length1,240
-2,385168,385117,51,MPQQVLVLFFCKPHFLL,length1,51
-2,384934,384907,27,MRCNSVYFS,length1,27
-2,384466,384439,27,MVDWLRYSS,length1,27
-2,384187,384184,3,M,length1,3
-2,384178,384172,6,MP,length1,6
-2,383917,383896,21,MDVYHTT,length1,21
-2,383329,383317,12,MVFC,length1,12
-2,383227,383128,99,MLMNFIPCFTYTNQTQCNHINYAVSITERKRIE,length1,99
-2,383074,383053,21,MCSGIVT,length1,21
-2,382987,382939,48,MKMYFDFSFISDFLQC,length1,48
-2,382723,382492,231,MRSGRMTQGYSLNRGKPSVAHKNRGNIHANAWHIEHCGLESFALFTDKKQSLHYIIATDFKELVKHFSTYVINALMA,length1,231
-2,382444,382366,78,MRAINRMSRIKMFKQYHHHRLAVLFT,length1,78
-2,382324,382303,21,MLADKFV,length1,21
-2,382240,382213,27,MKDICRQFI,length1,27
-2,382156,382126,30,MKRRCGTNKT,length1,30
-2,381988,381871,117,MKATFGIWVDIIFIENMVCVNVGGRGKNQRQPALQANHL,length1,117
-2,381472,381454,18,MAWSIL,length1,18
-2,380878,380845,33,MPTLSKLLTQP,length1,33
-2,380755,380746,9,MMS,length1,9
-2,380620,380602,18,MAVVVA,length1,18
-2,380326,380317,9,MSS,length1,9
-2,380164,379990,174,MYTGNLKRVFFCHIKFTQIEPLATIFIHFSLFQRWQATSDIFFTITLARLIKNLAFCG,length1,174
-2,379540,379426,114,MKSTLSITDYGCPSSATLVHTAAPLPLEKHALPSEIVT,length1,114
-2,379381,378781,600,MALFGSTKRTALTPSLASVSLSSSDKSFTFSRTRFASITSSTLATPGWIYFTSISLPLKRTVFLPSFEMIFNPFTVFKSPVIFTLLEVFAVTLPEPLALVAFTTVWLPDAAPSNLASFALIVKMPLAALMLESAAVVKVPFVAVKVAAPLVASIFAAPSTVKLPVFAITFTALPEIVPPIVPVALVTLASPVFASIFEPD,length1,600
-2,378487,378430,57,MVVPALVVTFSDAVIFTVL,length1,57
-2,378130,377911,219,MVRLAVTSGTELSPSIPFLIVICWVILILSEEIVRLPCFCEILPPIWISVSRPLFVIFKLPFLLIISPRIMLF,length1,219
-2,377887,377839,48,MFKLPSLVTLPSFTTP,length1,48
-2,377791,377626,165,MFKLSWVSPLNLAFSLTERLPLIFALAPTRLNSPPTDKLPRVIFLGPALALPASL,length1,165
-2,377527,377515,12,MVRL,length1,12
-2,377503,377473,30,MAFLGYMLLY,length1,30
-2,377428,377395,33,MVRSLLISKAL,length1,33
-2,377260,377086,174,MLALNRIGNTFLSVLSFGFNLNRTFAPCAILNDMLLSRPLKITPAKLRLSFPVPELLL,length1,174
-2,376909,376705,204,MMFIPLSVPFKDTLLSLNSVFSPVIFIVPWAVIVASVAWRFLSFPDFSKATEPLEVIFKKPLPSVILL,length1,204
-2,376642,376606,36,MSALISIPSLWV,length1,36
-2,376324,376264,60,MNKSCPDVSTKPPVLAISLP,length1,60
-2,376255,376144,111,MLPLINAISPHTIARPPFSLPDTLIVEPFSKEVFFAN,length1,111
-2,376141,376102,39,MPFLPSPRSSPPR,length1,39
-2,375943,375799,144,MLPLLSLLTESAESLPLLRILAARTLILPPLAKISPKLIASFSGAAML,length1,144
-2,375793,375646,147,MVGFIISLMVIFCPASKEMLPPFTLITPSFFTLPPIRFTLPSLPTVIKP,length1,147
-2,375583,375028,555,MFSLEMSSVEAVKPLVLIIASLPIVIPFGLIKKTCPLESKIPFNWEIWSDVTRLNTAELLLSCKNCTISFWSMLNCFQLIIALTLLRMVVLLPSTCMVAVPCTTLIPCKPLAKTDCGIDTIPKDSNMAESGFNAKWRTFVRTGFSLTFSVEWSQPRVNSDTATKAFRRLLNLRRYILFIFSPKVS,length1,555
-2,374941,374938,3,M,length1,3
-2,374932,374917,15,MKDER,length1,15
-2,374911,374896,15,MKDER,length1,15
-2,374890,374875,15,MKDER,length1,15
-2,374869,374854,15,MKDER,length1,15
-2,374848,374731,117,MKDDTILYGGFILFFKIFAYRLQGRCCNCCLSYFIVGLY,length1,117
-2,374581,374572,9,MGQ,length1,9
-2,374551,374380,171,MFVVTSFLLSNNIDELVIIAPYFSLILGNLGRYQTQRIFPELVKSYQTFHGKHLCRH,length1,171
-2,373471,373390,81,MLLAQDYLDRLHAQQLYLEHNLHGVRA,length1,81
-2,372949,372940,9,MKN,length1,9
-2,372916,372904,12,MSNI,length1,12
-2,372874,372823,51,MIAPILRAELVRQSLVY,length1,51
-2,372583,372517,66,MGGPSRVRVGCLSGRVICRLEE,length1,66
-2,371971,371968,3,M,length1,3
-2,371626,371620,6,MI,length1,6
-2,371155,371119,36,MVINPKLTNQVS,length1,36
-2,370987,370972,15,MAFVN,length1,15
-2,370936,370828,108,MWLIGSKQGLRLLTLVLIALIRKCSIKLQVSINLMT,length1,108
-2,370750,370717,33,MIKNLNNFSLG,length1,33
-2,370600,370516,84,MVGHYSINLTLMVLLKYSRILIMQAKLA,length1,84
-2,370504,370471,33,MRRISAQVAIV,length1,33
-2,370255,370198,57,MNGNIHLRSFVAYLKHLIF,length1,57
-2,370177,369697,480,MTTFTHINSQGEANMVDVSAKAETVREAHAEAIVTMSKETLAMIVEGKHHKGDVFATARIAGIQAAKRTWELIPLCHPLLLSKVEVNLEPLLETNQVRIQSLCKLTGKTGVEMEALTAASVAALTIYDMCKAVQKDIVIEKVRLLEKCGGKSGHFIAEEK,length1,480
-2,369388,369379,9,MAF,length1,9
-2,369001,368779,222,MVIAYLHPNSLRCRLNIFIYVILITHHFPKFALLQGGLFEARNVCWAVLAVGFLFLLVWRKKSHLLATAEHYPY,length1,222
-2,368737,368686,51,MRSKILCFVEQDGYISA,length1,51
-2,367894,367864,30,MFGYVRLLLA,length1,30
-2,366406,366400,6,MR,length1,6
-2,366193,366043,150,MISPRVTSDIIKANTNKSSIDQRPTKCTRCNKRICHLIECCHLKCTQASK,length1,150
-2,365902,365767,135,MPDIGNKFAGKSIIIPAIKVAQVACNFSLSDVLRGDWQRGQQIFC,length1,135
-2,365545,365521,24,MVTPSATK,length1,24
-2,365494,365491,3,M,length1,3
-2,365335,365275,60,MPSQIEASILMPNKCKLNKG,length1,60
-2,365128,364999,129,MQASHSVHFKILNGGEVSFVLGTLVVFLYKSKTCHSIVVLTYL,length1,129
-2,364876,364240,636,MTDTQLSSQVTDVQTEVQKLTNAKAIITYLAEKFPLCFVLEGEAKPLKIGLFQDLAEALQDDERVSKTQLRQALRQYTSNWRYLYGCREGAVRVDLQGNPAGVLDAEHVAHAAQQLAEAKARFAEKRKAEAAAKKAQQKKHPRKPANKNLKKESKLSLSAVDFSQISVGSVVKVKAGDNAKKATVVEVLKDSARVELENGLIMNVAADRLFA,length1,636
-2,364216,362131,2085,MVMKFKMSKNVICYAWLSVCLSSAIPAFAVQPTLKPSDISIPAISEESQLATKRATTRLTQSHYRKIKLDDDFSEKIFDRYIKNLDFSHNTFLQSDIDELRQKYGTKLDEQLSQGDLSAAFDIYDVMMKRRYERYTYALSLLDKEPDLNGQDQIEIDREKAAAPQTEADANKLWDARVKNDIINLKLKDKKWSEIKAKLTKRYNLAIRRLTQTKADDIVQIYLNAFAREIDPHTSYLSPRTAKSFNESINLSLEGIGTTLQSEDDEISIKSLVPGAPAERSKKLHPGDKIIGVGQATGDIEDVVGWRLEDLVEKIKGKKGTKVRLEIEPAKGGKSRIITLVRDKVRIEDQAAKLTFEKVSGKNIAVIKIPSFYIGLTEDVKKLLVKLENQKAEALIVDLRENGGGALTEAVALSGLFIADGPVVQVRDAYQRIRVHEDDDATQQYKGLLFVMINRYSASASEIFAAAMQDYRRGIIIGQNTFGKGTVQQSRSLNFIYDLDQSPLGVLQYTIQKFYRINGGSTQLKGVAADINFPEIIDSKEYGEDKEDNALAWDKIPSASYMEVGNIDYIDNAVNILNEKHLARIAKDPEFVALNEELKVRNERRDRKFLSLNYKMRKAENDKDDARRLKDLNERFKREGKKALKDIDDLPKDYEAPDFFLKEAEKIAADFVIFNSDQKINQANGLSEAKTESKK,length1,2085
-2,361744,361738,6,MD,length1,6
-2,360541,360466,75,MVIAGRYCVRNIYFTKFCISNGFNT,length1,75
-2,360004,360001,3,M,length1,3
-2,359731,359725,6,MD,length1,6
-2,359593,359560,33,MGFTVKFAYCT,length1,33
-2,359419,359410,9,MEP,length1,9
-2,358375,358351,24,MKIIKQAK,length1,24
-2,358093,358063,30,MKCGFLLFEI,length1,30
-2,357994,357982,12,MYNA,length1,12
-2,357976,355126,2850,MERKYCFKYHNKEVIMQQNKAFDDWLASTALGGANQSYIEELYESYLSDPQSVEESWRKTFDSLPKTTALEHPHTPVRDYFRRLARENHNEAVTVIDPAAGAKLVKVLQFINAYRFRGHLEANLDPLNYYRWKVSSVPELDYRHHGFTEQDLNETFNINHYVYKRDTIKLGELAQMLKETYCGSIGLEFMHVQDMEQKMWLQSKMESLLDKPLFTSEERVNFLRELTAADGLERYLGAKFPGAKRFSLEGSDAFIPLMKEIIRHSSRQGVNDVVMGMAHRGRLNMLVNVLGKKPENLFDEFAGKHSSERTGDVKYHQGFSSDFAVDDKRVHLTLAFNPSHLEIVSPVVIGSVRSRQTRMNDTEHSKVLAITVHGDSAVAGQGVVQETLNMSNARGYSVGGTIRIVINNQIGFTTSNPNDTRSTEYCTDIAKMIQAPIIHVNGDDPEAVAFAARMAVEYRNLFKRDIFIDLISYRRHGHNEADEPLATQPMMYSIIKKHPTPRKVYADRLVSEGVMTEEQVTEMANDYRDALDNGDRVVSEWREMDTAKMDWLQYLNYDWTAPYESKFSQERFLTLAKRVCEYPESLRAHPRVEKIYNDRKAMYQGEKLLDWGMAETMAYATLLDEGVNVRLSGEDAGRGTFFHRHAVVHNQNDGTGYVPLTHLHANQGRFEVWDSVLSEESVLAFEYGYATTDPKTLTIWEAQFGDFANGAQIVIDQFISSGEQKWGRMCGLVMLLPHGYEGQGPEHSSARLERYLQLCAEQNMQVCVPSTPAQVYHMLRRQSLRKMRRPLIAISPKSLLRHPLAVSSLDELINGTFQTVIGEIDELDPKDVKRVVMCSGKVYYDLLEQRRANNQKDVAIIRIEQLYPFPHEDVKKALEPYAHVTDYVWCQEEPLNQGAWYCSKHNFESAIPESVKLKYAGRPASASPAVGYMSLHTKQQKQLVEDALSF,length1,2850
-2,355021,353794,1227,MTIEILVPDLPESVADATVATWHKKLGDTVKRDEVIVEIETDKVVLEVPALSDGVLAEVVQAEGETVVSKQLLGKISTAQEGDVSSATLKATNEPTPSDRQNAAIENSHNHNADQSPAIRRLLAEHDLQADQIQGSGVGGRLTREDIEREIAKRQAQQVKQEVATEQNTISTVAYSARSEKRVPMTRLRKRIAERLLEAKNSTAMLTTFNEVDMQPIMTLRKTYGEKFEKQHSVRLGFMSFYIKAVVEALKRYPEVNASIDGDDVVYHNYFDISIAVSTPRGLVTPVLRDCDKLSMAEIEKQIKALAEKGRDGKLTVEDLTGGNFTITNGGVFGSLMSTPIINPPQSAILGMHAIKERPIALNGQVVIRPMMYLALSYDHRLIDGRESVGFLVAIKELLEDPTRLLLEI,length1,1227
-2,352987,352912,75,MISSLVTMSSNTIEGSFTILRIICV,length1,75
-2,352897,352807,90,MVSENVQVSIQVSNSGIDTKGNNATFGLRP,length1,90
-2,352768,352732,36,MKMCFSCSGNAA,length1,36
-2,352666,352636,30,MSFSKVSYFC,length1,30
-2,351919,351916,3,M,length1,3
-2,351127,351088,39,MTNTVVFYTTVIF,length1,39
-2,350956,350923,33,MECFSTTNFAT,length1,33
-2,350542,350491,51,MIDEAVHCVPFFTSIII,length1,51
-2,350419,350398,21,MTIGFFT,length1,21
-2,350395,350383,12,MENR,length1,12
-2,350269,350266,3,M,length1,3
-2,350200,350146,54,MDFIKIDLFLRTVTLCNH,length1,54
-2,350071,350026,45,MKTMHKIMCLRKDRK,length1,45
-2,349819,349798,21,MSAAALA,length1,21
-2,348712,348652,60,MLQFEFEYFRYKYLLLFVTL,length1,60
-2,348361,348199,162,MLSLLILKKGELDAQSSPLADVLKKTLVCNWYNCTILILIPSHIAFNITVGIST,length1,162
-2,347599,347584,15,MWCGI,length1,15
-2,347260,347230,30,MIWISIFPTL,length1,30
-2,346228,346213,15,MRGRH,length1,15
-2,345997,345976,21,MNPLTVF,length1,21
-2,345778,345757,21,MKFRRKR,length1,21
-2,345688,345652,36,MVIRRMLCINLD,length1,36
-2,345262,345196,66,MCGGGKGNCASQTGEFDFAIRF,length1,66
-2,344650,344635,15,MYDCG,length1,15
-2,343912,343897,15,MHHER,length1,15
-2,343873,343858,15,MMIFN,length1,15
-2,343744,343609,135,MNGLALAIVWAVRLNVVLIVQHLCKLLFLKFLVLNCLVLRLNSVI,length1,135
-2,343468,343345,123,MKNIGLEPTLNRVVLCNEEENRTLSSVFLISLLINDLTPKS,length1,123
-2,343186,343162,24,MPFSLSMC,length1,24
-2,342937,342919,18,MFFYCA,length1,18
-2,342877,342844,33,MVDFAFSSPAF,length1,33
-2,342823,342814,9,MLL,length1,9
-2,342622,342586,36,MQSNSKKTPIKA,length1,36
-2,342568,342550,18,MGIILL,length1,18
-2,342514,340822,1692,MSVQQLISRLTDIVGSRYIITDPTKTEAYRSGYRFGTGNALAVVRPATLLEFWNIVKVCVEHDVIVINQAANTGLTGGSTPDGNDYDRDIVVINTMRIDGIQLINNASQVICLPGSTLNELENQLKPFGREPHSVIGSSCIGASVIGGICNNSGGALVQRGPAYTEMALYAQLNEKGELELKNHLGIDLGETPEEILTNLQEKRYQVKDIRQDCGHGHDHYYCNYVRQVDEGSPARFNADPARHYEASGCAGKLAVFAVRLDTFPLEKETAVFYIGTNQTSVLSDIRRHMLVNFEVLPISGEYIHRDAFDIAAKYGKDTFWVIKKFGTHWLPKLFSLKSNVDRIGKKFFFLPQHLSDKFMQTVSKFIPEHLPQSLWDYRNKYEHHLIIKMGGKGIQEAREYLESYIADGSKGGYFECNAIETQAAMLHRFAVASAAIRYRAIHEKEVEEIVALDVALRRNDQDWFEVLPPEIDNRIISKLYYGHFMCHVFHQDYIVKKGYDYEELEYEMLKLLDKRGAQYPAEHNVGHLYEAKPTLRKFYKELDPTNSFNPGIGKTTKKKYWAE,length1,1692
-2,340810,340762,48,MQTRCQMWPLVYISSS,length1,48
-2,340654,340651,3,M,length1,3
-2,340270,340249,21,MLLYIYR,length1,21
-2,340204,340138,66,MMLPAYSFLGLQRFYYLPLQEY,length1,66
-2,338707,338638,69,MSSVLNFSFLYKRSVERQKDCPI,length1,69
-2,338437,338416,21,MEASNNL,length1,21
-2,337624,337591,33,MDFNVDVINLN,length1,33
-2,336532,336529,3,M,length1,3
-2,335899,335881,18,MSSLIC,length1,18
-2,335803,335521,282,MTKSELMEKLSAKQPTLSAKEIENMVKDILEFISQSLENGDRVEVRGFGSFSLHHRQPRLGRNPKTGDSVNLSAKSVPYFKAGKELKARVDVQA,length1,282
-2,335449,335443,6,MK,length1,6
-2,335185,335179,6,MN,length1,6
-2,334660,334636,24,MEKSSQYC,length1,24
-2,334585,334576,9,MLL,length1,9
-2,334003,333991,12,MGKY,length1,12
-2,333937,333247,690,MTSKIIVALDYEKEAEALALVDQIDPSLCRLKVGKEMFTTLGINFVKQLHQRNFDVFLDLKYHDIPNTVARAVRSAADLGVWMVDLHASGGLRMMEEAKKILEPYGKDAPLLIAVTVLTSMEDLDLLQIGINASPMEQVLRLAHLTQRAGLDGVVCSPQEVEILRNTCGKEFKLVTPGIRPIGTDFGDQRRVMTPTAAIRAGSDYLVIGRPITQADNPAEVLRSINVSIG,length1,690
-2,333238,332920,318,MSDFVLVYSTDVGRIKEEKASVVRPKGDGVVRIQKQTSGRKGAGVSVITGLDLSDEDLKKLAAELKKRCGCGGSVKNGIIEIQGEKRDLLKQLLEQKGFKVKLSGG,length1,318
-2,332833,332770,63,MMLYLVDQVLQIKYAYLVLVV,length1,63
-2,332680,332590,90,MNLIDKFRPKSSESLNQVILQKVRKAIYLH,length1,90
-2,332374,332368,6,ML,length1,6
-2,332302,332230,72,MNFCVKNQAIKDYYRRKSFLMWHH,length1,72
-2,330091,330055,36,MVELNKNILMVL,length1,36
-2,329623,329509,114,MIFKRNSGVISFKIACFISEGRTPVSALASSGLLHSQR,length1,114
-2,329383,329326,57,MCLGFGSVISRTGSAVIFL,length1,57
-2,329299,329296,3,M,length1,3
-2,329176,329152,24,MLVLFGFA,length1,24
-2,328831,328819,12,MSAI,length1,12
-2,328621,328615,6,MA,length1,6
-2,327844,327757,87,MQRVLPLHLNVALILLSLQLCHQLLINHQ,length1,87
-2,327388,327283,105,MLKSAVKKRNVFRLAFYHKKIEREENKNPQLGIFI,length1,105
-2,327127,327058,69,MRYLLHHNPFQLPNQFRLIIPHH,length1,69
-2,326977,326941,36,MQSRGLMQPKGI,length1,36
-2,326854,326842,12,MELL,length1,12
-2,326182,326167,15,MCENR,length1,15
-2,325966,325909,57,MEYNLRLNTPHLRLNNAQQ,length1,57
-2,325876,325825,51,MRLNNRQDLHQVQRLGF,length1,51
-2,325054,325051,3,M,length1,3
-2,322801,322651,150,MFLSFNKMFNARVNAIVVEIPRGCSSNNALNSSNAGTLYSTSNLVRRAGT,length1,150
-2,322585,322510,75,MYSNFSTCSSVNGNSKKSRKPLRLS,length1,75
-2,321880,321775,105,MAFTGPKPIETVENCQNSGINLGCGYEDKPSVKAS,length1,105
-2,321505,321499,6,MA,length1,6
-2,321301,321265,36,MSFFKISDIGFP,length1,36
-2,320251,320224,27,MLRFCPCLR,length1,27
-2,320134,320101,33,MKSQFLCSHQN,length1,33
-2,320014,319987,27,MPLCLFHQK,length1,27
-2,319912,319906,6,MF,length1,6
-2,319843,319822,21,MRCHQYG,length1,21
-2,319600,319549,51,MAILCFATSLVRQDLLF,length1,51
-2,319543,319519,24,MKRLKLHD,length1,24
-2,319501,319414,87,MYRQIAHSYLVYFGLNQYLIRHLTNQNLS,length1,87
-2,319387,319309,78,MQVLIPHYRLMNNSLRNSVVTVSLIL,length1,78
-2,319297,319174,123,MPELLHFFLTMFGLKKWLERNSVLPHDQAAKARDKVLMIKE,length1,123
-2,319066,319051,15,MPQFW,length1,15
-2,318985,318952,33,MHLHTKRQQEK,length1,33
-2,318652,316747,1905,MGKIIGIDLGTTNSCVAVMDGDKARVIENAEGARTTPSIIAYTDNETLVGQPAKRQAITNPKNTLFAIKRLIGRRFESEEVQRDIKIMPFEITRADNGDAWVNVKGDKLAPPQISAEVLKKMKKTAEDFLGESVTEAVITVPAYFNDAQRQATIDAGKIAGLDVKRIINEPTAAALAFGLGSSKENQVIAVYDLGGGTFDISIIEIDNFDGEQTFEVLATGGNTHLGGEDFDNRVIDYIIDEFKKEQNIDLRNDAMALQRVKEAAEKAKIELSSAQSTEVNLPYITADATGPKHLALNITRAKLEALVEDLVASSIESLKAVLKDADKGVSEIHDIILVGGQTRMPLVQQKVAEFFGKEARKDVNPDEAVAIGAAVQGGVLKGDVKDVLLLDVTPLSLGIETMGGVMTTLIEKNTTIPTKKSQVFSTAEDNQSAVTIHVLQGERKRAADNKSLGQFNLEGINPAPRGMPQIEVTFDIDANGVINVSAKDKNTGKEQQIRIQASSGLSDEEIQQMVRDAEANADADRKFEEVVQARNQADGIAHATRKQIAEAGDALSVADKEKIEAAVAELETAAKGEDKAEIEAKIEAVIKASEPLMQAVQAKAQQAGGEQPQQSSAKDDGVVDAEFEEVKDNK,length1,1905
-2,316507,316489,18,MKLMKY,length1,18
-2,316453,316291,162,MATQPLNKVVALVASVAALAVLILVICSVIFLAIFSVVDVVVSALFVAKTYVMT,length1,162
-2,316051,316012,39,MEKDEFIRKKIFQ,length1,39
-2,315943,315913,30,MAHQLEIYML,length1,30
-2,315877,315799,78,MALIFTVKYRLALLLQPLAVKLKCRP,length1,78
-2,315796,315787,9,MAE,length1,9
-2,315703,315691,12,MRAI,length1,12
-2,314707,314536,171,MACTANFGKPACSKAFCTTSIKILLENCVSLPPRKITALPVLRQRLATSMVTFGRAS,length1,171
-2,314524,314233,291,MTPSGVRTRSILSPLSNVPPSMIFPTGSAREITWRTSLAMLCKRSCVSSKRSIKASDNPFCLASSISFAFSAKISGACCWSCSAIMDNAQFFSAVVS,length1,291
-2,314122,314119,3,M,length1,3
-2,313996,313882,114,MRNKSAWQIAQCWHRVLFGTREEFDCIAYRVEPRQRHQ,length1,114
-2,313738,313720,18,MVQHIR,length1,18
-2,313606,313600,6,MR,length1,6
-2,313495,313456,39,MYLSAVKIGFILL,length1,39
-2,313447,313438,9,MNF,length1,9
-2,312817,312787,30,MLWQCFYFYF,length1,30
-2,312784,312715,69,MVWKVRLILTVFLPTSFILFAIL,length1,69
-2,311935,311896,39,MGFWNDEKDQCSG,length1,39
-2,311860,311812,48,MPMEKFNDVTPNNWRN,length1,48
-2,311335,311155,180,MGGIRLLLRIHPTLHHQFSSDVIQRLYSQVRQTYVLLDDNDLQKWSDSHCNHLKFLILLV,length1,180
-2,311077,311035,42,MLPNRFFHNDVLAK,length1,42
-2,310267,310165,102,MHKMNFKIGKFSHWITFFCLYECERLSTVEIHIL,length1,102
-2,310093,310090,3,M,length1,3
-2,309772,309757,15,MEHLL,length1,15
-2,309544,309505,39,MAQRYLGLAILAH,length1,39
-2,309424,309382,42,MSMIPINLWILLPR,length1,42
-2,309280,309217,63,MMTNMARRSSVLLRSSILFVL,length1,63
-2,309199,309190,9,MYA,length1,9
-2,309070,308977,93,MTKWIKPKKIMQLKIMAGVNLVMRFQMQIFS,length1,93
-2,308848,308806,42,MRLYVQAAPITQTK,length1,42
-2,308761,308731,30,MWAQPLLMKK,length1,30
-2,308713,308692,21,MPLLTLH,length1,21
-2,308626,308623,3,M,length1,3
-2,308518,308419,99,MLMLKNSLSSFTKRACLCVLFSAKQNRQNNALF,length1,99
-2,308389,308374,15,MPPKK,length1,15
-2,308257,308143,114,MKIIHAMKNVGNTITNLLNVKALHLQSQNVSCVLTLPY,length1,114
-2,308116,308104,12,MQTL,length1,12
-2,307765,307744,21,MVKCVEI,length1,21
-2,307735,307714,21,MKHTEKN,length1,21
-2,307516,307507,9,MQQ,length1,9
-2,307411,307360,51,MCLHLRLSKTMRKFTAL,length1,51
-2,307171,307045,126,MAIRACIRRRWLVAIIFARRTNGCCGTLLFIWRTSIAHNIVP,length1,126
-2,307012,306997,15,MANLW,length1,15
-2,305047,304978,69,MLVAQCRVLHCILFVFHDDDWFR,length1,69
-2,304396,304291,105,MRTANGNHIRLRFLYVNGHHDTSHQFEAQLHEIHQ,length1,105
-2,304255,304141,114,MLVVVRPHFCPINSESSFQFPSNSPIHSSFQYQIGFVG,length1,114
-2,303844,303781,63,MLDHFGYIAIPLTSLKFGVDR,length1,63
-2,303604,303427,177,MYHCLAHRLLADNNHSKTQNIPPHFLEKKLSFLHKAEQQGFYSVQVTSRGDLIERLHWR,length1,177
-2,303295,303283,12,MVLC,length1,12
-2,302914,302902,12,MKFF,length1,12
-2,302677,302452,225,MLMGFIFNFKIGFCFRQLRWLCRITNSGQKIALFHLRLVSRCFRFFLSYFLNYTNALSGLRYFVHNVQFLRRLTA,length1,225
-2,302353,302305,48,MGACQLLESREIVILN,length1,48
-2,302053,302014,39,MKDLALQQAMLLL,length1,39
-2,301777,301639,138,MQQYVRKTKGKKSQVRRVQSLITRAQFYIFSFLLTLNYYFLREHYA,length1,138
-2,301429,301393,36,MGEWHIKIILKL,length1,36
-2,301306,301183,123,MFTDDISHDIIKKFLFLCFSSSLFHIINNRRRTWFIQRPFH,length1,123
-2,300754,300667,87,MLLCMLSIIDKEKIIWLQLAFEYLMKPKI,length1,87
-2,300643,300607,36,MVFPQLKHLICF,length1,36
-2,300499,300454,45,MGMNTKHWRNFIKLC,length1,45
-2,300355,300178,177,MYCLLNSLPLPVKYKDHALTGNWKGWRDCHIKNDLVLIYKIVGDEIRLARLNTHSEIFG,length1,177
-2,299257,299197,60,MGSSKSKRSPSKKQGAYGSF,length1,60
-2,298273,298252,21,MVKIGVR,length1,21
-2,298003,296035,1968,MPFRHLQILISKTLPLVPDNVLIIGESGIAFSKATNLLGQEFEHILFDGRNGIHLEALAIAAGTLKMGGTLCLVLSNWENLSQQPDQDSLRWNGNQSAIATPNFIHHFKQCIERYHFPILREESAVEFPAVFYSNEHHKNATLVQQQIIENISQADQDIYFLTAKRGRGKSALLGMLANQIQAPVYLTAPNKSAVHSVIEFSEREIEFIALDELTIRLQHESEFSQSAWLLVDETAMIPLPLLQEYSQYFQHIVFSTTIHSYEGTGRGFELKFKRKIHRTFQHFELKQPLRWQENDLLEHFIDDLLLLNAEDDFQHFDYSDITYNIEENAKNLSFPCLRGKVPVGRKGDLDIASPPQPSVAPLTSKGSQGEYSHQFFFRDFYGLMTIAHYRTSPLDLRRLLDGENQRFYFAEYQQNLLGAIWALEEGNMADDELIIQIQQGKRRPKGNLVPQALCFHENLSQACKLRSLRISRIAVQPNWQQKGIGQNLMKFMENSEVDFLSVSFGYTDELAKFWQKCGFVLVHLGEHQEASSGCYSAIALKGLSKEGLALVDTAHKQFQRNIPLSFHPFAINFEQNQFDWQLDEFDWLSLKNFANFHRTLFSSVPAMRRLLKLAGKENFPLISAYLTKKQLPINKKKGVECLRLEIKQYLARGTL,length1,1968
-2,295981,295954,27,MTTSLKNGG,length1,27
-2,295909,295894,15,MKMVI,length1,15
-2,295777,295765,12,MHYL,length1,12
-2,295723,295708,15,MIIKF,length1,15
-2,295702,295642,60,MSYKVLMHWRLVKLQSKIKI,length1,60
-2,295567,295489,78,MYAYFLIGKRCLMIPFLPIKKLFLLV,length1,78
-2,295465,295426,39,MRKKAFSYCRFRH,length1,39
-2,295387,295378,9,MCF,length1,9
-2,295207,295003,204,MMKLIPFELLMWIRNVLLMKSTQLTFYQRTNFQRMIKGLNFSVHNFVKPLGRSVEIPNIFISKSVKVP,length1,204
-2,294871,294772,99,MPNSVMNNVKWIRCVRFYRLKNYGLMLMKLIAD,length1,99
-2,294505,294487,18,MKNLAC,length1,18
-2,294298,294265,33,MVWGVMAVWSP,length1,33
-2,294223,294193,30,MPMNQNFMCQ,length1,30
-2,294166,294070,96,MLVVLMKVRHYINWVTRLGRNHAKKQRRKFVM,length1,96
-2,294052,293926,126,MFMHNVKRQKALPLNMIVKNFNNSLQLFLLKKPTIRKWQLMR,length1,126
-2,293875,293824,51,MWVLVKLKWQCALPFWL,length1,51
-2,293764,293728,36,MRILKIVLRTCL,length1,36
-2,293611,293584,27,MSNLAILAC,length1,27
-2,293575,293554,21,MKSTVLV,length1,21
-2,293458,293410,48,MAFVIFPLFLRLLRAD,length1,48
-2,293383,293275,108,MTILLCEKRFCVKFSVVDRFIISTMMLQALKIQQKN,length1,108
-2,293134,293083,51,MYQRQIPLLLNERIILD,length1,51
-2,293029,292999,30,MRICLRHRQK,length1,30
-2,292987,292927,60,MPNAVLMHWKILIILGLVLF,length1,60
-2,292918,292912,6,MI,length1,6
-2,292822,292804,18,MRRLKR,length1,18
-2,292720,292711,9,MII,length1,9
-2,292705,292702,3,M,length1,3
-2,292597,292555,42,MRQKIYCKLQNCVC,length1,42
-2,292525,292477,48,MLERKAVLLSFQQKHK,length1,48
-2,292420,292411,9,MAH,length1,9
-2,290605,290593,12,MYCL,length1,12
-2,290539,290518,21,MWSSYAY,length1,21
-2,290212,290119,93,MFLCKWRCTYARSLVFFNANGKNQCCACSNA,length1,93
-2,289660,289657,3,M,length1,3
-2,289636,289609,27,MVKARLVAC,length1,27
-2,289504,289450,54,MKHIPPLLLLLMKTKQNR,length1,54
-2,289390,289384,6,MW,length1,6
-2,289351,289318,33,MRPILWIAILL,length1,33
-2,289201,289183,18,MCRKQC,length1,18
-2,289141,289078,63,MWIGYLSKMLKIGNGKIKKCG,length1,63
-2,289042,288961,81,MPQRLWLPFNIYLLIFQNRLCENLCKR,length1,81
-2,288859,288856,3,M,length1,3
-2,288748,288724,24,MQMGYLSI,length1,24
-2,288709,288694,15,MNGIV,length1,15
-2,288661,288655,6,MN,length1,6
-2,288592,288562,30,MVCVQHSKVR,length1,30
-2,288556,288544,12,MMWF,length1,12
-2,288490,288397,93,MYHQSKGLIFKISPYFLEYYFQEYFTPTVPW,length1,93
-2,288199,287992,207,MWCCLAMAEVPLKNKAQHLISSQKPLLCGQKLLLFVWKNVILAVLPQSKWHQYYVLGQLIARVRNEIFD,length1,207
-2,287980,287947,33,MFSLGKFYRRG,length1,33
-2,287719,287668,51,MCQAQGRRGERGVHQYL,length1,51
-2,287605,287566,39,MQRLRRVVREKVR,length1,39
-2,287467,287446,21,MCDNLAV,length1,21
-2,287353,287350,3,M,length1,3
-2,287290,287236,54,MSRIKLMAHSMPKKIMRY,length1,54
-2,287227,287221,6,ML,length1,6
-2,287212,287149,63,MLSLISMMVEMAGGRILWEQV,length1,63
-2,287044,286960,84,MAANFLILLCKILLKYKKPCLNILVLAI,length1,84
-2,286825,286807,18,MLCVKR,length1,18
-2,286801,286726,75,MIPILTAAIIMRGHRQIKGYLLRVC,length1,75
-2,286660,286594,66,MAAFGAITFKWNPIFLTKAKNS,length1,66
-2,286582,286465,117,MPIVICICYVRWICMIQVWGMRMSKRHYHVLKHAIRWFL,length1,117
-2,286381,286345,36,MNSHQITDTMRF,length1,36
-2,286336,286288,48,MISLKNEFEMVWQVIN,length1,48
-2,286108,286030,78,MLTSLTRVRTSVPASVINIIWSVSST,length1,78
-2,285598,285502,96,MIPFERGRLNSVKAIFFTIPPAVAMTTNLSSS,length1,96
-2,285352,285343,9,MVS,length1,9
-2,285316,285253,63,MKSSSFIFVADLPLPPRRCAS,length1,63
-2,284989,284929,60,MPVKRCKRSSRIAFTCAGDK,length1,60
-2,284728,284614,114,MCVRSRALRSSKIERRVTTSRRCKTKDSMISLRLNKRG,length1,114
-2,284458,284293,165,MPSIFFSRINSAIFSTNFALFTWYGNSDTIICSRPFSLVSTVARARTYTLPRPVR,length1,165
-2,284209,284185,24,MVISLLSI,length1,24
-2,284140,284041,99,MLVAIPTAIPEEPFAKSAGIRVGNTSGIINSPS,length1,99
-2,283861,283828,33,MVSYTAESPCG,length1,33
-2,283537,283357,180,MWFLISGFRLMATYFLLLVQKKVSKEKYPPVKSLIFALFQFSLRQFSKLATRLLRQTKIA,length1,180
-2,283327,283279,48,MGPEFIGGSFKKCGWF,length1,48
-2,283264,283177,87,MSFYLLVELNGFPSFPPLFHRICRKFSSV,length1,87
-2,282772,282742,30,MRGNNSQVLW,length1,30
-2,282697,282661,36,MPVLIRLMQGGA,length1,36
-2,282103,282043,60,MPLGNLDVHQKRQSKYRYSD,length1,60
-2,281992,281941,51,MHKLGNLLPLILQWKPE,length1,51
-2,281938,281896,42,MDSDPSQILEFLAD,length1,42
-2,281356,281341,15,MPLQY,length1,15
-2,281290,281269,21,MQHLCRE,length1,21
-2,281005,280996,9,MFI,length1,9
-2,280876,280846,30,MRLFVMRSAN,length1,30
-2,280759,280747,12,MSKA,length1,12
-2,280717,280657,60,MPLATTKSKLKASPHTKKNL,length1,60
-2,280528,280522,6,ML,length1,6
-2,280483,280462,21,MKKRLPF,length1,21
-2,280402,279589,813,MTIYDINFAELYQQHLIACHHYNLPPTKWDKKAVKMAENLVGKPSAYNQQLLQAMNVQTDETVLDIGCGPGTFAVPLAQQGSTVYALDYSNGMLDCLAQFKQKLGLHNLTTFHKSWTDNWDDVPQADVVLASHSTLVDDLDDLDDMIEKLCAKAKKRVFLTSVTQRHFLDEGVFEAIGREDIGFPTYIYLLNRLYQKGIQANLNFIETESGCFQGEIYEDLLASVEFSLGELSEKEKQGLKAFYDRKQANNELIFHGQKKWALIWWNVDRI,length1,813
-2,279535,278836,699,MLFALPALNDNYIWLYQRENLPLIIVDLPETDKLFAWLDKQNATIEAVLLTHEHDDHTQGVSAFKKRYPTVPIYGPQECEKKGATQIMNEGTILTAHYQIDVIPTGGHTKQHVSFLVDNHLFCGDALFSAGCGRVFTGNYAQMFDGLQRLNTLPDETIVCPAHEYTLGNLAFAETVLVEKSAVEKQRIFVETQRAENKPSLPTTLKLEREINPFLQAKTLEEFTALRKAKDMF,length1,699
-2,278764,278668,96,MVANFILMRLPFSSVLCNSPIFSLYSKNSQSL,length1,96
-2,278596,278476,120,MAATIKLYPPTLVCSCIFLMIDGTRSRFKNINTTVETIKS,length1,120
-2,278464,278443,21,MLAALMS,length1,21
-2,278386,278371,15,MLFSL,length1,15
-2,278245,278215,30,MAVMLYFLLK,length1,30
-2,277837,277828,9,MLP,length1,9
-2,277315,277093,222,MVDEYYPNVIQLVRRLLHVLLVLEEQVLSKTSIRGKAQYPLNIRLAILPLCLLLLQLPKGLFHQYIYWLYPLMP,length1,222
-2,277009,276958,51,MIRLPVYPQVCLQSVSQ,length1,51
-2,276778,276739,39,MCREILTSSPHPP,length1,39
-2,276556,276313,243,MKPYNRLAHLTKHKRIYLLRLEFQNRNKAHRVKYPIVVNRSQTILAFCWQFQVEVSQNESILLTCLQMQASQRKSVQILLR,length1,243
-2,275362,275332,30,MGGGLSNRHT,length1,30
-2,274978,274972,6,MG,length1,6
-2,274273,274228,45,MPRAEAPVSIFARAI,length1,45
-2,273766,273745,21,MWCHIKD,length1,21
-2,273280,273277,3,M,length1,3
-2,272932,272779,153,MTKYNFFSSNKSLSFIFKIVKIVDSPAGIFNLPAEHCDIGLINLIILESMA,length1,153
-2,272659,272605,54,MIFCLLGTMIISSKFAFT,length1,54
-2,272464,272431,33,MRTIGRKIELK,length1,33
-2,272269,272266,3,M,length1,3
-2,272215,272200,15,MGLSH,length1,15
-2,272038,272032,6,ME,length1,6
-2,271846,271762,84,MWHFHLKKQIEVRPNILAHHKSLDSHRD,length1,84
-2,271186,271138,48,MINRRGLHLPNGPKHK,length1,48
-2,270778,270760,18,MLHGRQ,length1,18
-2,270718,270640,78,MDVDKMAYNRAILPNYPLGKVVSPKT,length1,78
-2,270310,270283,27,MPLFASHQI,length1,27
-2,269692,269572,120,MPIQPDQQAQYRPIFLCLSNWQLLRLEYLTGVKFQRFYNH,length1,120
-2,269449,269425,24,MLVFPLAL,length1,24
-2,269329,268516,813,MAKKSKWVVVATEGATTDGRTIQRNWISEMAANYDPKKYGARVNLEHIKWRYMWNDDPHSKCYGDVIGLKTEENAEGKLQLLAQIDPTDDLIKLNKDRQKIYTSIECDPNFADTGEAYLVGLAVTDNPASLGTEMLVFSAGASANPLNNRKEKADNIFTAAVETELEFVEETQSIFEKIKGLFAKKEKSDDERFSDQTQAIELLAEQTKETLEKLTALSDDLAKQKAEIEEMKASNAEIQATFAELQKPVEPENPRPLVYGEQPETDGRFF,length1,813
-2,268426,268366,60,MLLLSQMVVSLPLSQLFNKN,length1,60
-2,268360,268333,27,MLCLKVLIS,length1,27
-2,268321,268318,3,M,length1,3
-2,268048,267991,57,MAQVQQQPQTVPQIHYCKM,length1,57
-2,267874,267856,18,MPLSLH,length1,18
-2,267583,267526,57,MCQNAIMWKIIYRQMKPML,length1,57
-2,267235,267229,6,MD,length1,6
-2,267178,267160,18,MVRVGD,length1,18
-2,266770,266686,84,MPRLNRLTDLAFLGKFFLFERSELKIFR,length1,84
-2,265981,265774,207,MQVYAQQNDNLDAILYRHFGRSEGLLEITCELNPHLMDKPIIPIGTVVNLPEADTEKISVANDTIQLWS,length1,207
-2,265489,265450,39,MEMTFEHPKKACY,length1,39
-2,265441,265426,15,MQKVV,length1,15
-2,265399,265393,6,MF,length1,6
-2,265369,265306,63,MLLKKLTAIKFTAYKKLPNYT,length1,63
-2,265267,265225,42,MPTGKPCHKVHLMP,length1,42
-2,265207,265189,18,MWDVAN,length1,18
-2,265111,265093,18,MPQENR,length1,18
-2,264913,264895,18,MAKLLH,length1,18
-2,264640,264631,9,MAN,length1,9
-2,264313,264247,66,MPWVSIPKVNCNGSPKGKYYKR,length1,66
-2,263809,263752,57,MGRTNPSKSLFGKLGFANF,length1,57
-2,263734,263278,456,MATVEEIQAKLIALIANLSPQARRQLGRKIGQALRKSQSNRIARQQNPDGSAFEPRKPRKEFGKKKGRIKRKAMFAKLRTARHLKVRSNGNEVSVGFNGSSAAIVAVHQYGLHSSPSKNKDFKVQYAQRELLGFSESDVELIENLIIEQLSL,length1,456
-2,263101,263050,51,MQLHQNQLQAQVSQQTE,length1,51
-2,263044,262993,51,MKVLQSYFPLLLTRLLS,length1,51
-2,262924,262855,69,MPLIKFLLQFAVHLKALMSYRQN,length1,69
-2,262783,262762,21,MLLLSTH,length1,21
-2,262699,262687,12,MLNI,length1,12
-2,262597,262561,36,MQQINYSKHAKN,length1,36
-2,262285,262249,36,MLWRGLLAKFQG,length1,36
-2,262213,262102,111,MNGKTRLNSFQLNYLLPQIKLVTWLLLQREWIFRKMN,length1,111
-2,262057,262036,21,MQKTPMN,length1,21
-2,261985,261973,12,MPKS,length1,12
-2,261949,261907,42,MIMPFQRGQILLIS,length1,42
-2,261682,261667,15,MPKAH,length1,15
-2,261328,261313,15,MNILN,length1,15
-2,260851,260788,63,MLQSVQGKDSEMEWRKRLSLF,length1,63
-2,260764,260497,267,MVSSGFLKICQVGRELKIVYLVHGKEQKTLRATLGNQQKKRQEVLGNHLRISLALVQMAKNYRVKIGQAATLETVANMNPWALSTVANT,length1,267
-2,260296,260146,150,MPHKAWTNEPLHNKWQNKYNALKTNAKPEQEVQCGTEHNKRAKALFCCLL,length1,150
-2,260104,259939,165,MNENAPFIREIIDRTSQIKGERVKGDNAKEIKANVQTILKAQLRATQLNARTQTY,length1,165
-2,259831,259810,21,MAATRIC,length1,21
-2,259249,259219,30,MKINRSINKT,length1,30
-2,259087,259078,9,MMI,length1,9
-2,258955,258949,6,MK,length1,6
-2,258916,258862,54,MQGTPTNHHILLMILKKQ,length1,54
-2,258625,258598,27,MALSLRPLQ,length1,27
-2,258451,258427,24,MGHSKPNH,length1,24
-2,257887,257884,3,M,length1,3
-2,257743,257374,369,MANEPLTQRHSMNRYTGETLKNESDHIKQSIADILLTPVGSRIQRREYGSLIPMLIDRPISHTLLLQLAACAVTAINRWEPRVQITQFKPELVEGGIVASYVARSRKDNQEMHNEKLFLGHKQ,length1,369
-2,257344,257329,15,MHQKC,length1,15
-2,257260,257233,27,MKGHFGKHD,length1,27
-2,257152,257131,21,MRQKPQC,length1,21
-2,257125,257107,18,MPAVQI,length1,18
-2,257104,257101,3,M,length1,3
-2,257083,257080,3,M,length1,3
-2,257047,257020,27,MLRLKSPKF,length1,27
-2,257014,257002,12,MTPH,length1,12
-2,256912,256855,57,MLQMCLWYHHSQPMSPSRF,length1,57
-2,256846,256816,30,MDKVKQTKTF,length1,30
-2,256813,256810,3,M,length1,3
-2,256792,256741,51,MMMTFALLATALLSKVR,length1,51
-2,256594,256561,33,MPHYTWKVYNE,length1,33
-2,256471,255937,534,MITNHLLPIGATPLEKRAAEILKSAVENPIVIADLINPERCPTELLPYLAWAFSVDKWDENWTEEVKRIAIKQSYFVHKHKGTIGAVKRVVEPIGYLIELKEWFQTNPQGTPGTFSLTVEVSESGLNEQTYNELVRLINDVKPVSRHLNQLAIALSPTGSLCAFVGQQWGEIITVYPQ,length1,534
-2,255820,255697,123,MAMGKRSHQRRTQQLSYIKRTLHLSVPSLSTLAIINKSSLN,length1,123
-2,255439,255406,33,MDLMKADTATK,length1,33
-2,255274,255229,45,MSRKITSKTAKNPLQ,length1,45
-2,255175,255163,12,MTKQ,length1,12
-2,255142,255127,15,MERLV,length1,15
-2,255124,255016,108,MVTKALMARNPLKIVLWQKEISVFQTASIMLHAETI,length1,108
-2,254998,254923,75,MAIAGSNINQATERLARFVCTLTAI,length1,75
-2,254833,254812,21,MVLGILK,length1,21
-2,254794,254758,36,MPMAIKPMAIIT,length1,36
-2,254731,254710,21,MGNGILK,length1,21
-2,254689,254548,141,MRCVKLHVKRMITKSKHAFLMVQVGQNGKMQAATACLLVQLYHSLVR,length1,141
-2,254518,254443,75,MVQHSANKPFPIYTALWATATNSLI,length1,75
-2,254431,254422,9,MWG,length1,9
-2,254305,254242,63,MVLFQMCHLRKTDLLEIQGMG,length1,63
-2,254149,254128,21,MTKRKLL,length1,21
-2,254095,254056,39,MIISVIMDLCIRF,length1,39
-2,254029,253990,39,MKLALNRLFSNFV,length1,39
-2,253969,253915,54,MTCNFGLKHSALLRTQEF,length1,54
-2,253912,253855,57,MRVHLCKICKRYLRGLTKK,length1,57
-2,253816,253801,15,MQKLI,length1,15
-2,253729,253726,3,M,length1,3
-2,253639,253603,36,MIITILKLSVLK,length1,36
-2,253507,253504,3,M,length1,3
-2,253213,253186,27,MERKQLDCR,length1,27
-2,253099,253075,24,MDKVCRRV,length1,24
-2,252793,252292,501,MIGTKIYLALYKGKKTGKNPNALLARLSDWLTRKLTKGVYSHCEIAVMKEVFVSGHHYETEVMYECYSSSIRDGGVRCKQIDVYDREKWDLIPLDGVTEAQIKAYFDRTLGCKYDWWGAVGIVLGIKQKRSKYFCSEWCFNCIKNSNEGWRFSPNQLAVAFTTVSNN,length1,501
-2,252208,252202,6,MR,length1,6
-2,252121,252106,15,MSLIY,length1,15
-2,251989,251914,75,MRQYQLQAKIRKMRLRKNKLAYKLI,length1,75
-2,251692,251686,6,MR,length1,6
-2,251674,251596,78,MHKWRRTLLVNPLISPCKSPITLMRK,length1,78
-2,251398,251032,366,MAFWDGAWDAISGAGKWLGETAGSAMDWMDNHKAASNIIGNVIAGAGGYFAQKQAGKDLINQQRELLNLQDQMKSKYSAVPDADWSYKSLTVDDSPGLANGGILTEMKKRSETKGANNGRVA,length1,366
-2,250903,250897,6,ME,length1,6
-2,250606,250555,51,MVKRSPIFIRSRTGGHQ,length1,51
-2,250261,250255,6,MD,length1,6
-2,249328,249268,60,MGWNFRCDDTRIGNWYCQKC,length1,60
-2,248320,248281,39,MLFDSSYTTSLEK,length1,39
-2,248173,248122,51,MILPHALFLPRNLILRE,length1,51
-2,247768,247600,168,MQVIKLLKRIVRRLRLFFCGLFTRPTAPRRAPWASLIPSNPESAPKLRVSLAKKES,length1,168
-2,247468,247438,30,MDGRLDNGVN,length1,30
-2,247408,247387,21,MIGAIDL,length1,21
-2,247381,247351,30,MAKLKIFTNS,length1,30
-2,247330,247324,6,ML,length1,6
-2,247225,247222,3,M,length1,3
-2,247033,247021,12,MPEI,length1,12
-2,246868,246862,6,MR,length1,6
-2,246760,246745,15,MIVLM,length1,15
-2,246517,246499,18,MIKNKF,length1,18
-2,246472,244951,1521,MLLQNFKRRKREMSKEILLAAEAVSNEKLLPREKIFEALESAIAISTKKKFEYETDIRVSINPKTGEFDTFRRWLVVDEVKVPTKEITLEAAQFDDPNLQLGEYVEDQIESIAFDRIAMQTARQVISTKIREAERAKVVEQFREEEGKIVTGTVKKVSRDSIILDLGNKAEAMIAREDMLPRENFRPGDRVRGVLYKVNPEGKTAQLFVTRSKPEMLIELFRIEVPEIGEEMIEIRGAARDAGSRAKIAVKSNDKRIDPVGACVGMRGARVQAITNELGGERVDIVLWDDNPAQFVINAMAPADVSSIIVDEDNHSMDIAVEADNLAQAIGRNGQNVRLATQLTGWTLNVMTTDELNAKHQAEDNKVLNLFINALELDEEFAQILVEEGFTSLEEIAYVPMNELTAIDGLEDEDLVEELQTRAKNAITAAAVAEEEALKKANVEDRLLNLEGMNRHVAIKLAEKQITTLEELAEQGVDDLTDIEELTAEQAADLIMAARNICWFGEE,length1,1521
-2,244927,244900,27,MLRLMRQKN,length1,27
-2,244663,244603,60,MKNQKLKKRKQKPLSQQKVR,length1,60
-2,244462,244402,60,MLKQMIQTMNLLQKTILITI,length1,60
-2,244390,244324,66,MHLKQKMKKIVVMKIVVEVKIK,length1,66
-2,244294,244162,132,MKIAKTRKTSANLIVKIKKMLSLVKVKMEKKAPHFNKPLLNQFK,length1,132
-2,244150,244144,6,ML,length1,6
-2,243970,243943,27,MKMSLKKRY,length1,27
-2,243931,243928,3,M,length1,3
-2,243769,243757,12,MMAK,length1,12
-2,243658,243649,9,MMV,length1,9
-2,243523,243439,84,MMSFLRNSVVMCNSFQYRRRKVLGLMIY,length1,84
-2,243436,243403,33,MQSYFNLKCLN,length1,33
-2,243265,243187,78,MAVRAQCVMKTGKKWMKQVLQFQLNY,length1,78
-2,243157,243082,75,MKQPLYVMRKKHVKWHYIVKVNSVK,length1,75
-2,243019,243007,12,MWLN,length1,12
-2,242986,242971,15,MYKAL,length1,15
-2,242947,242926,21,MNFLPMK,length1,21
-2,242878,242869,9,MQL,length1,9
-2,242854,242749,105,MPSLLALMFERMQQLVVSLKLKTLIYVTTQSSMNC,length1,105
-2,242746,242728,18,MKLKQQ,length1,18
-2,242668,242623,45,MYSVIRNLVQSQAVW,length1,45
-2,242524,242479,45,MMYLKFVTVWNVVSA,length1,45
-2,242464,242461,3,M,length1,3
-2,241207,241198,9,MPT,length1,9
-2,241135,240970,165,MACIRLCPFIGLSRYIVLQHGASKPVSHISRTITTFSGSFGSLKRRSNVCFSCLL,length1,165
-2,240865,240859,6,MI,length1,6
-2,240559,240550,9,MDT,length1,9
-2,240139,240094,45,MVGFFNSGCASSLPA,length1,45
-2,240040,239977,63,MRLSPCSLVAKIVDSTASFTP,length1,63
-2,239947,239908,39,MVLPTESRSNKTK,length1,39
-2,239746,239716,30,MPSEIIRAWL,length1,30
-2,239176,239137,39,MSFSLSILLFSII,length1,39
-2,239104,239062,42,MIAIIPNWKNIGFC,length1,42
-2,238999,238990,9,MSR,length1,9
-2,238789,238780,9,MYL,length1,9
-2,238204,238156,48,MSEKTVSADNNFAFRV,length1,48
-2,238006,237940,66,MFYLLIIRHLALCILQQINAHV,length1,66
-2,237838,237829,9,MRL,length1,9
-2,237646,237571,75,MVRHLQGGIFAMLNHSDNLQFHLRL,length1,75
-2,237175,237172,3,M,length1,3
-2,237073,236986,87,MLYLKGKNLFQYIVHHQYFRFFQLQLQVL,length1,87
-2,236866,236710,156,MEFYSYPNPPKFFLISASNSALFANCSFKRAVRFCIFSANGTPSSSCSAVPT,length1,156
-2,236581,236539,42,MSSAVKSRNTRSFI,length1,42
-2,236395,236299,96,MMALRISPSLLVWLLMEPLASNNAILPLGERW,length1,96
-2,236293,236104,189,MCCSQAKLALPLGGVPYAQRGSSARDSLHQSLILNGGFAIMKSIFLSMCCGWVKLSALCLPKS,length1,189
-2,236098,236035,63,MPRIAIFMAASFHVVGLNSCP,length1,63
-2,236032,236008,24,MDTLLMLP,length1,24
-2,235897,235825,72,MDFGVKYCPPRLPSAWAKRPRKYS,length1,72
-2,235810,235774,36,MSFAPKCTGSPL,length1,36
-2,235693,235504,189,MRWRTPLSFSLSFSMASKASSISFATPENLPPQGNSAPVLRIETSCKACQRAEAGTQNTLSAV,length1,189
-2,235357,235318,39,MYFKKMRPRTICL,length1,39
-2,234637,233587,1050,MSRPRKRWRDVDGVFLLDKPQGMSSNDIMQKVKRLFQANKAGHTGALDPLATGMLPICLGEATKFSQFLLDADKRYLVTAKLGERTDTSDAEGQVVETREVNLETPQILTALEQFRGDILQVPTMFSALKHNGKPLYEYARQGITVEREARPITIFELNFIEYHAPFLTLEVHCSKGTYIRTLVDDLGEVLGCGAHVTMLRRTAVADYPVAEMMPINELQLLAENFPLSELDRLLLPTDTAVSKLPALHLDAEQSKAIGFGQRVKFANEQQLSELDRLLLPTDTAVSKLPALHLDAEQSKAIGFGQRVKFANEQQLSGQVRLFSAENLFLGVALIDGNIIRPQRLITQSA,length1,1050
-2,232825,232816,9,MVT,length1,9
-2,232165,232135,30,MLTERYNVTQ,length1,30
-2,232096,232045,51,MQGAPVWLIGNEAVRFQ,length1,51
-2,232042,232033,9,MAD,length1,9
-2,231925,231886,39,MLNFLSIINCHWI,length1,39
-2,231484,231355,129,MLNNNFAFPCLRGKVARSVRRGLRLYHSNRELRHRLKLQKIPR,length1,129
-2,231319,231292,27,MKGIKNRIF,length1,27
-2,231136,231103,33,MIGNFCQRLLF,length1,33
-2,230971,230950,21,MNRRATL,length1,21
-2,230947,230893,54,MGCVKHLPSWRCIFSRLI,length1,54
-2,230521,230392,129,MPSSLKNTVISNVFNSSAVLPLILLNKIQSKPFIILASLNPLN,length1,129
-2,230179,230044,135,MSLHLFAYYKAQKKDAMWCVRLSVLNKAGHNVRLLGAQYFVRSKV,length1,135
-2,229666,229627,39,MRESLHLNLVNQF,length1,39
-2,229054,229018,36,MLDGTFDNQKPY,length1,36
-2,228682,228523,159,MDLLPLVRQVSVSPSLILTTRHVFFSREQAESTVKISNKLVNSIFRFIILQSF,length1,159
-2,228493,228463,30,MAQVRKKSVK,length1,30
-2,228448,228421,27,MKIVEKGCI,length1,27
-2,227998,227947,51,MLGKFICSSTLFIFIHF,length1,51
-2,227824,227776,48,MMIIWQEMHLLIIYLA,length1,48
-2,227746,227689,57,MNNFAKLPNNGKLFFQRWL,length1,57
-2,226288,226228,60,MASGTFRIETNSFSLVARKY,length1,60
-2,225136,225103,33,MAGKFLTGFPR,length1,33
-2,224911,224872,39,MDSPRYQGSPHKK,length1,39
-2,224197,224179,18,MLFIRR,length1,18
-2,222427,222412,15,MKARS,length1,15
-2,222349,222322,27,MVRFHNLHR,length1,27
-2,222316,222286,30,MMKPQHHLMK,length1,30
-2,222247,222232,15,MLKEG,length1,15
-2,222079,222061,18,MKYPQP,length1,18
-2,222055,222013,42,MQVKILPLQYLETS,length1,42
-2,221905,221899,6,MQ,length1,6
-2,221731,221701,30,MHYVVNDSLF,length1,30
-2,221131,221092,39,MNFTHHKSKWITY,length1,39
-2,220816,220813,3,M,length1,3
-2,220702,220675,27,MSFLYKCGQ,length1,27
-2,220255,220195,60,MQIKTHQVTTLLVYLLRHER,length1,60
-2,219715,219703,12,MIWY,length1,12
-2,219448,218212,1236,MISQIDKAELLERFLHYVSFHTQSKPNAKHSPSSVGQMKLAMQLQKELIQLGLENVEVSKYAVVTAFLPANDPNLTKTIGLVAHLDTSPQCSGKNVRPEVIEEYRGGDIALGIGEEFISPVYYSFMQKLVGQTLIVTDGTTLLGADNKAGIAEIMTALSILQKENIPHCNIRVAFTPDEEIGLGIHYFPMEKFSCDWAYTIDGGEVGELEYENFNAATAKVRFFGRNIHTGYAKGKMLNALTLACEFQQVFPVDEVPEKTDGKAGFYHLEDFSGDIEQVELTYLIRDFDEQNFAQRKAFIKNQVEKFNAKKGLKKPIELEIQDSYQNMYDVVKNVPQSIELADRAMKAVGIKPNHKPIRGGTDGAFLASKGLACPNIFTGGYNFHSKHELVSLQGMENTVQVIIEMLKCKDL,length1,1236
-2,218092,218077,15,MPLII,length1,15
-2,217558,217540,18,MQYLHH,length1,18
-2,217495,217429,66,MFLDLVMCLINILVPHLLQYLL,length1,66
-2,217300,217279,21,MQRSLRL,length1,21
-2,217168,217156,12,MFLT,length1,12
-2,217120,217108,12,MPSL,length1,12
-2,216973,216964,9,MNI,length1,9
-2,216001,215989,12,MKRE,length1,12
-2,215830,215827,3,M,length1,3
-2,215671,215521,150,MFLIPIHHLLPIDFSIGLNDLMGIYDDRVRPLKIQCQMPLMVAFAQYQVG,length1,150
-2,214255,214234,21,MRLPEIA,length1,21
-2,213397,213373,24,MKFKKLGI,length1,24
-2,213133,213124,9,MCR,length1,9
-2,212791,212785,6,MA,length1,6
-2,212275,212272,3,M,length1,3
-2,212164,212158,6,MR,length1,6
-2,212155,212116,39,MSNLSWTWSGENC,length1,39
-2,211474,209803,1671,MMSHTETSLGAENTRTHNFITQIIDEDLASGKHKSVHTRFPPEPNGYLHIGHAKSICLNFGLAKEYQGLCNLRFDDTNPVKEDVEYVDSIKADVEWLGFKWEGEPRYASDYFDALYGYAAELIKKGLAYVDELSPDEMREYRGTLTEPGKNSPYRDRTIEENLALFEKMKNGEFAEGKASLRAKIDMASPFMVMRDPVIYRIKFASHHQTGDKWCIYPMYDFTHCISDAIERITHSICTLEFQDNRRLYDWVLENISIERPLPHQYEFSRLNLEGTLTSKRKLLKLVNDEIVDGWNDPRMPTISGLRRRGYTPASLREFCRRIGVTKQDNVVEYSALEACIREDLNENAPRAMAVIDPVRVVIENFESEAVLTAPNHPNRPELGERQLPFTKELYIDRADFREEANKQYKRLVLGKEVRLRNAYVIKAERVEKDANGEITTIFCTYDPETLGKNPADGRKVKGVIHWVSAVNNHPAEFRLYDRLFTVPNPGAEDDIESVLNPNSLVIKQGFVEQSLANAEAEKGYQFEREGYFCADSKDSRPEHLVFNLTVSLKEGF,length1,1671
-2,209647,209557,90,MAAANAVIANIFKGEVNAKNSITPELLVIF,length1,90
-2,209554,209368,186,MWKQESAVIIQSVLTLKPIAPNSPKRIYLIFIGCLILAPIVCFMKEKHYLNGIRLFLALPIL,length1,186
-2,209362,209350,12,MRIF,length1,12
-2,209341,209320,21,MVSTNAM,length1,21
-2,209200,207112,2088,MQISDSLKQKAEKCGIALSHYDIDGHLIFADEKTVLTFVELLQPPPKAKGQFDDVLAAFENEPIDYRLNRLDLPPSAEYRYQLIDESNAILLEKILSNLSALSLPPLPFGYYQLSIFSDTEQYRVRLLISPKTAFQPSVLKNKKVWGVNVQLYSLRSEQNWGIGDFGDLAALIEQSAKQGADYVGINPLHLPYPAVPNWASPYSSSSRRWLNFLYLDIPDLPEFKRCRSVQNWFKREDIKAKIAALRESDCVDYSSILALKLTALESLFYFFQRSQSVEIVTRRKIFADYLKSKGEPLLLQGLFNVLDLQEHADHQAEENTIGWLGWRKEWQHLSAAKRKALLKIHHEQIQFFAWLQWLTEEQLSALQNLCKQSGMKLGIYGDLAVNSSRGSADVWSDPDLYCVNASIGAPPDPLGPVGQNWNLPPYNPTVLKARGFTPFIDMLRANMQYFGVLRIDHVMGLFRLWWIPKGKTAADGAYVHYPFDELMAILAIESVRNECLIIGEDLGTVPDEVRWKLNEFQIFSYFVLYFAQRNGEFPRISDYPRNAYATIGTHDVPSLQSFWHCRDLELFNQLGILNGEVLKQKYDQRVMDKQALLNSLHRDNYLPPHYEGDALSMAMHDYLNRMIHYYLAESNSRLIGVQLENLLSQEISSNLPGTSNEYPNWCKKLAQPLAFIFSNEALKTFFVQINQGRNV,length1,2088
-2,207100,204910,2190,MTTAVTQATIDGFFDASNGDPFATLGMHETEQGIEIRTLLPDANRMVVIERESGKEITELDCVDERGFFVGVIPNCRQFFAYQLQVFWGNEAQIIEDPYRFHPMIDDLEQWLLSEGSMLRPYEVLGAHFMECDGVSGVNFRLWAPNARRVSIVGDFNYWDGRRHPMRFHPKSGVWELFLPKASLGQLYKFELIDCYGNLRLKADPYAFSSQLRPDTASQISALPNVVEMTEQRRQANQANQPISIYEVHLGSWRRNLENNFWLDYDQIADELIPYVKEMGFTHIEFLPLSEFPFDGSWGYQPLGLYSPTSRFGSPEAFRRLVKRAHEAGINVILDWVPGHFPSDTHGLVAFDGTALYEHEDPREGYHQDWNTLIYNYGRNEVKNFLSSNALYWLERFGVDGIRMDAVASMIYRDYSRAEGEWIPNQYGGRENLEAIEFLKHTNWKIHSEMAGAISIAEESTSFAGVTHPSEDGGLGFNFKWNMGWMNDTLAYMKLDPIYRQYHHNKMTFGMVYQYSENFVLPLSHDEVVHGKYSLLGKMPGDTWQKFANLRAYYGYMWGYPGKKLLFMGNEFAQGREWNYEESLDWFLLDENIGGGWHKGVLKLVKDLNQIYQKNRPLFELDNSPEGFDWLVVDDAANSVFAFERRSSNGERIIVVSNFTPVPRHNYRIGVNVAGKYEEILNTDSMYYEGSNVGNFGCVASEKIESHGRENSISVSIPPLATVYLRLKAK,length1,2190
-2,204841,204703,138,MSFAPTKAIKICSKSTTTAILFQWDTHKRSKTTCKLPISPCFPLRQ,length1,138
-2,204634,204616,18,MCGIWR,length1,18
-2,204589,204547,42,MDFVFTANLPTRIN,length1,42
-2,204532,204520,12,MRKP,length1,12
-2,204517,204502,15,MVNLI,length1,15
-2,204397,204325,72,MILYPIRLGLKPLCMNYTLKGLAS,length1,72
-2,204199,204145,54,MNRTYRHEAYKIIGDTIP,length1,54
-2,204118,204097,21,MRQQIIH,length1,21
-2,204061,204040,21,MRVLKLS,length1,21
-2,204037,203884,153,MWCLTILQNQSKLTQHSASVVLMIKLTIGATIKGVISIGQAAAICSIYPLM,length1,153
-2,203827,203809,18,MVSVLI,length1,18
-2,203740,203713,27,MSQVYKILN,length1,27
-2,203623,203467,156,MISAVSGYGKVAKSVHLQNVLQALSIYLRKMTACHILHLILLPLTMVLRLKI,length1,156
-2,203443,203380,63,MKRTAKKITTAETKITVTTTE,length1,63
-2,203278,203185,93,MAHLCFWRAMSSATLNMVTIMLIAKITRLLG,length1,93
-2,203083,203044,39,MRMCNGLTLQANR,length1,39
-2,202966,202894,72,MPKPKVRCFTCLMGNGSPKSAHIM,length1,72
-2,202843,201511,1332,MTNNNKTMEILMKSGDLNKYDLVKNTLVLVLTGGRGSRLHELTDKRAKPALYFGGNRRIIDFALSNCINSGLNRIGVVTQYAAHSLLRHLQTGWSFLPQERGEFVDMLPARQQIDDSTWYRGTADAVYQNMAIIKNHYRPKYILILAGDHIYKQDYSVMLMDHVNSGAKCTIGCIEVPRSEAHEFGVMAVNENLKVKAFVEKPKDPPAMVGKPDVSLTSMGIYVFDADYLYKMLDREVGTPNTSHDFGKDVLPKCLEEGALYAHPFSRSCMGRNTEGEIYWRDVGTLDSFWQSNIDLVSENPQLDIYDQSWPIRGNPVQAYPSKFFYKHSNVHPVDNSLIGGGCVITDASISNSVLFDRIKIDSFSKVDHCVVLPQVKIGKNCVLKNCIIDRECEIPDGMQIGVDMEEDKNRFRISSTGKVILVTPKMLKILEGHEIGEEGHLD,length1,1332
-2,201340,201334,6,MF,length1,6
-2,201295,201259,36,MLAFYCLLIPQL,length1,36
-2,201190,201160,30,MENIMVSGSI,length1,30
-2,201112,201043,69,MPITTTTATTTNVLLCSVGWGQN,length1,69
-2,200995,200845,150,MIGTQVCVQHICSTKVALRNRCSPFTTWHIKGSFLIIICMKSACRQGCST,length1,150
-2,200785,200698,87,MQARQLAQLMQKKSRHQNLPTVCKACFLA,length1,87
-2,200665,200515,150,MVWTKIFGIRTWINTFRTITSSNIWQAKRKTKPNCKPISICHKMNLPWHL,length1,150
-2,200335,200317,18,MKPFRI,length1,18
-2,200299,200296,3,M,length1,3
-2,200248,200200,48,MVCNMAHCHLFVKQVV,length1,48
-2,200041,199951,90,MQWNKTSAGVRLQSNIEHFMNACSFIRKLS,length1,90
-2,199582,199555,27,MQHFTLCVI,length1,27
-2,199450,199444,6,MQ,length1,6
-2,199426,199420,6,MD,length1,6
-2,199393,199384,9,MWI,length1,9
-2,199342,199333,9,MVV,length1,9
-2,199258,199141,117,MNMVCSAKKLKMVSKSSVLMHGLKKEHLGNLFVHLNALP,length1,117
-2,198895,198844,51,MILLGMVANCVYVKSIS,length1,51
-2,198751,198733,18,MIPTQR,length1,18
-2,198697,198664,33,MKVSSGKKRGR,length1,33
-2,198526,198511,15,MSALM,length1,15
-2,198001,197950,51,MKCLPALKKIGNRAYLF,length1,51
-2,197923,197899,24,MLRNKRSI,length1,24
-2,197893,197857,36,MMLLMSSIMMSV,length1,36
-2,197713,197704,9,MEH,length1,9
-2,197560,197422,138,MLNYAQSWIKLLRVNSHPKILNVIINYYKACNTTIIIKLLLISVVM,length1,138
-2,197401,197347,54,MKNTNNATNGLKALFKIS,length1,54
-2,197305,197269,36,MRREFGKLSLFN,length1,36
-2,197266,197131,135,MINNKIKNTTSFLLVVFFYGKCGKFLRCFYVGFFVIPITISCKTT,length1,135
-2,195370,195328,42,MKLLKQVVGSVLLV,length1,42
-2,195133,195112,21,MVYTMRH,length1,21
-2,195094,195070,24,MQQHKPHL,length1,24
-2,195037,195022,15,MSKYF,length1,15
-2,194698,194623,75,MICSSLQVRLLVLLVQFFLTLCVKR,length1,75
-2,194578,194506,72,MFKFLQAKNKANTVKLQRKKWLNC,length1,72
-2,194500,194488,12,MQVL,length1,12
-2,194470,194401,69,MVWLLHKHNIQSLILRQNCVNVV,length1,69
-2,194314,194251,63,MLYLKWMKSMMISLIPMWYWL,length1,63
-2,194158,194155,3,M,length1,3
-2,194065,194038,27,MQKIALKIS,length1,27
-2,193291,193252,39,MLESASSKSSKMP,length1,39
-2,193084,193003,81,MTLQKIEIALSLSIYRPFLKKCLILPT,length1,81
-2,191731,191707,24,MSNAASTI,length1,24
-2,191137,191125,12,MPNL,length1,12
-2,191077,191029,48,MLGLCIAAKRAVQNND,length1,48
-2,190942,190900,42,MWNGNGQLCNRCTS,length1,42
-2,190795,190732,63,MRCGYAFKTWSFWQVYGMYKL,length1,63
-2,190654,190642,12,MRKI,length1,12
-2,190390,190381,9,MDC,length1,9
-2,190363,190357,6,MG,length1,6
-2,190186,190174,12,MPCA,length1,12
-2,190153,189985,168,MPIKPKIDFIYCVTRFSSSYNPPNAHNTMAFLPFNKPSEPFAVYWKVTRGRAIKSK,length1,168
-2,189781,189751,30,MLLPCNFSIT,length1,30
-2,189712,189622,90,MLDFNTNTLLIFIPCYLVKSAVILVFIFKR,length1,90
-2,189397,187468,1929,MPIITLPDGSQRQFDRPVSVLEVAQDIGAGLAKATIAGRVNGERRDACDVIEQDATLEIITAKDEDGLEIIRHSCAHLLGHAIKQLFPDVKMAIGPTIENGFYYDVDLDRSLTQEDIDAIEKRMLELAKTNYDVVKKRVTWQEARDTFEKRGEPYKMAILDENIERTATPALYHHLEYIDMCRGPHVPNMRFCQHFKLQKVAGAYWRGDSKNKMLQRIYGTAWADKKQLAEYLTRLEEAAKRDHRKIGKALDLYHMQEEAPGMVFWHNDGWTIFRELETFVRTKLKQYDYQEVKGPFMMDRVLWEKTGHWQNYADLMFTTQSENREYAIKPMNCPGHVQIFNQGLKSYRDLPIRMAEFGSCHRNEPSGSLHGLMRVRGFTQDDAHIFCTEDQIESEVTSCIKMVYDIYSTFGFTNIAVKLSTRPENRIGSDEMWDRAEAGLAAALAHNGLEYEIQEGEGAFYGPKIEFALRDCLGREWQCGTVQLDFALPGRLDATYVAEDNSRKTPVMIHRAILGSIERFIGIITEEYAGFFPAWLAPTQAVVMNITDSQADYVQKVAKQLSDVGLRVKTDLRNEKVGFKIREHTLRRVPYMLVCGDKEIAEGKVAVRTRKGADLGTFTVEEFAEILKNQVRSRELTLLNEE,length1,1929
-2,186799,186778,21,MIELVYE,length1,21
-2,186607,186532,75,MLIAVLVFDYRQFQYLESVVLKRLA,length1,75
-2,186424,186400,24,MSVNFPNL,length1,24
-2,186340,186316,24,MDHAKKFD,length1,24
-2,186073,185941,132,MLSAVIFRVVFFHPIDVVAFSLHCSNEFLFLLHQKARLFVAKVE,length1,132
-2,185878,185875,3,M,length1,3
-2,185458,185386,72,MYWFQLYFQKNLIQYLELLCLVQK,length1,72
-2,185332,185323,9,MLF,length1,9
-2,184822,184756,66,MPYVQLNGQCLFDHHLRALSLH,length1,66
-2,184585,184534,51,MRLFFSLFLPRKKKTLR,length1,51
-2,184309,184261,48,MVGCQRMLLSHCVCLP,length1,48
-2,183835,183811,24,MIRFLLSR,length1,24
-2,183535,183481,54,MRMPGRNSNLRHLIKSSA,length1,54
-2,182611,182485,126,MLSVPLYCFVLAITAPPINPPKLAEILLSCTSTLESIVASKK,length1,126
-2,182002,181915,87,MIIIIFLKFMNTRGIRLKIGIKEIKKPHF,length1,87
-2,181885,181843,42,MEEIILPQPLQKLL,length1,42
-2,181831,181798,33,MLLYQLLSLIL,length1,33
-2,181357,181345,12,MGIC,length1,12
-2,181132,181108,24,MRYRLQSH,length1,24
-2,181045,181042,3,M,length1,3
-2,180265,180244,21,MKGAHYT,length1,21
-2,180136,178804,1332,MIETSQTIPELVSWAKDREFSLNLPTERLVFLLAIAIYNNERLDGEMLEADLVDIFRHTMNAFEQSTDAIATRANNAINELVKQRLLNRFSSEFTEGLAIYRLTPLGVGVSDYYIRQREFSALRLSVQLSIVADEIQRASDSAEEGVENNESEHFWRRNVFAPLKYSVAEIFDSIDLSQRIMDENQQSIKDEIAELLTKDWQAAISSCERLLDETSGNLRELQDTLNAAGDKLQAQLLRIQDCVIGRDDLYFIDQLITDLQSKLDRIISWGQQAIDLWIGYDRHVHKFIRTAIDMDKNRVFSQRLRNSIHHYFDHPWFLWTAQAERLVDLRDEEMVLREDDALGELPEELQYESLSDLHDQIVEHMQGLLIAYRENNRPIDLSLVLKEQLENYPLSRHFDVARIIVDQAVRLGMANDDLSGIYPDWQAINKRCAEVQAHVIDKY,length1,1332
-2,178789,177835,954,MKEYKTIDLFAGIGGIRLGFEAFGCKNVFSSEWDKYAQSMYEVNFGEKPFGDINDISPSDIPDHDILLAGFPCQPFSIAGKGLGFADTRGTLFFNIEAILKAKKPKAFLLENVKRLTTHDNGNTFKVINDKLNKLGYTVYHKVLNTLDFGLPQKRERIYIVGFLDKLHFEFPKPIGKYEELSNILESDDVVPNNYFLSDELKRKRLSSITKDVPYPSIWHENISGNVSALPYSCALRAGGSYNYLVVNGVRRLTGREMLRLQGFPDTFEINIPYSQVRKVAGNSVSIPVIRAIAGSMINSLNMATPKINQAIQLSLLD,length1,954
-2,177658,177637,21,MLFVSVF,length1,21
-2,177589,177562,27,MITLCLPNI,length1,27
-2,177529,177520,9,MVE,length1,9
-2,177361,177355,6,MK,length1,6
-2,177346,177328,18,MRCFHL,length1,18
-2,177199,177175,24,MQKLIELV,length1,24
-2,177169,177115,54,MLQIGVWICGLILVWQFK,length1,54
-2,176869,176863,6,MK,length1,6
-2,176812,176788,24,MNVNTIKH,length1,24
-2,176749,176746,3,M,length1,3
-2,176617,176611,6,MN,length1,6
-2,176410,176398,12,MMNY,length1,12
-2,176386,176371,15,MKENY,length1,15
-2,176185,176176,9,MIH,length1,9
-2,176149,176098,51,MGKRQHLNPYRWKNKHN,length1,51
-2,176071,176029,42,MKLTKNLTENKNNV,length1,42
-2,174469,174406,63,MQNCRRNSTLERVGKCERIIT,length1,63
-2,174103,174046,57,MADSSSCIRTFRATKWRDV,length1,57
-2,173482,173395,87,MPTFTRTFQPICWVAFVTCVPAKSRSVNV,length1,87
-2,173221,173188,33,MSRAIRYCRAR,length1,33
-2,171001,170992,9,MGS,length1,9
-2,169909,169855,54,MDIIKCNWRHRFRCIEFL,length1,54
-2,169426,169423,3,M,length1,3
-2,168724,168703,21,MSYFSTS,length1,21
-2,168652,168643,9,MLG,length1,9
-2,168361,168340,21,MAKIPTE,length1,21
-2,167896,167863,33,MYIMLNCKNAK,length1,33
-2,167764,167698,66,MMFIYSVRFMGVKVLQHLKIYA,length1,66
-2,167563,167488,75,MCYLLPCQLILATRIIIEFLYYFLI,length1,75
-2,166867,166846,21,MEYVARD,length1,21
-2,166435,166390,45,MFLIVIKRIYYLALN,length1,45
-2,166180,166159,21,MFTLKRS,length1,21
-2,166096,166081,15,MPNTI,length1,15
-2,166033,166030,3,M,length1,3
-2,165307,165274,33,MSYYNHSIILF,length1,33
-2,165121,165118,3,M,length1,3
-2,164749,164725,24,MKILIVEI,length1,24
-2,164665,164635,30,MLKEESSENV,length1,30
-2,164239,164227,12,MLDF,length1,12
-2,163726,163696,30,MQIFVIHLLH,length1,30
-2,163675,163663,12,MRLR,length1,12
-2,163588,163543,45,MLFPILASHSQQALF,length1,45
-2,163432,163426,6,MQ,length1,6
-2,163285,163249,36,MERKQTTPTFRK,length1,36
-2,163153,163135,18,MKWVLR,length1,18
-2,163129,163114,15,MRYPP,length1,15
-2,163054,163021,33,MFLIENSHQNV,length1,33
-2,162946,162940,6,MP,length1,6
-2,162925,162904,21,MIQSMFD,length1,21
-2,162835,162796,39,MLSARFCIKCGIK,length1,39
-2,162751,162718,33,MVDTTSAGIGT,length1,33
-2,162508,162469,39,MKLSLEGCTNCPA,length1,39
-2,162406,162382,24,MLYFIWRT,length1,24
-2,162223,161935,288,MFLFGKGSVGFNATKSGSFHFLILPRKISANSLPDNFNLPGLISGKLTTGTIPPITAGNWTSWCCCNNSDFIGSSEAPKSTVFAIICCCPPPEPMD,length1,288
-2,161845,161833,12,MLLA,length1,12
-2,161677,161617,60,MDNQKKVVIRKVQVNLTVFF,length1,60
-2,161545,161533,12,MFTR,length1,12
-2,161425,161422,3,M,length1,3
-2,161419,161389,30,MIIIVFYFSF,length1,30
-2,161323,160777,546,MIAANYALLHFINQNGKELVMLNQIIINKLNDQINLEFYSSNVYLQMSAWCSKHGYEGAATFLLRHADEELEHMQKLFNYVSETSGMPILGKIDAPKHDYSSLREVFEITLEHEKLVTSKINELVEVTFESKDYSTFNFLQWYVAEQHEEEKLFSGIIDRFNLVGEDGKGLFFIDRELATLE,length1,546
-2,160759,160264,495,MLSENVVKLLNDQMNLEFYSSNLYLQMSAWCDQQGFEGTAKFLSVHAAEEMQHMRKLFTYLNETGSLAVISAIEAPAHEYKSLKEVIEATYEHEKLITSKINELVGKTFEEKDYSAFNFLQWYVEEQHEEEKLFSSILDKLNFLGEDGKGLFLIDKDLGNLSTKA,length1,495
-2,160120,160069,51,MNQPTNQPTNQPTNQPK,length1,51
-2,159982,159979,3,M,length1,3
-2,159151,157597,1554,MNIQTQAFIAVTAQSIPYYADTTAIFNTLCQPNSNSLLLDSAEIGSKNSLQSLILVNAAVKITCLGHNVTFKALNKNGKQVLKEIHPKLTALGKISAVNFEDEFSVQFSPLDNQLDEDNKLQSATIFDGLRVVSTLYQHSQTPIFLGGLFAYDLVANFIPMDGITLKNDGINCPDYSFYLAEHLITIDHQNQQATLKSFCFAQEEQVNIAKTSLSIAQKLKNIDHVLSIKSASDEVKTNFDDPEFTGIVKALKHHINIGDVFQIVPSRRFSLACPNTLASYAQLKQNNPSPYMFYMNDEDFILFGASPESALKYAPENRQLEIYPIAGSRPRGFNAHGNIDPELDARLELELRLDHKEQAEHLMLVDLARNDIARVCQSGTRKVAELMQVDRYSHIMHLVSRVVGKLRPELDALHAYQACMNMGTLTGAPKIKAMQLIYQFEQQKRHSYGGAVGYLTSDGHFDTCIVIRSAFVQNGIAHVQAGCGEVLDSDPQMEADETRHKAAAVLKAIRQVNTQAK,length1,1554
-2,157582,157003,579,MANILFLDNFDSFTYNLVDQFRVLGHNVTIYRNDCDLEKLVETALNTPDTILALSPGPGTPSEAGILLPLIERLKNQVPIIGICLGHQALIQAFGGKVVHAGEVLHGKVSRISHDNEAMFKDLANPMPVARYHSLMGQDLPKEFIVNAEYNGIIMAIRHRDLPICAFQFHPESILTVQGSQLSQQSIEWLLNR,length1,579
-2,156952,156568,384,MITVFGLKSKLAPRREKLAEVIYNNLHLGLDIPKGKHAIRFLCLEKEDFYYPFDRSDDYTVIEINLMAGRMEGTKKRLIKMLFSELEYKLGIRAHDVEITIKEQPAHCWGFRGMTGDEARDLDYDIYV,length1,384
-2,155320,155311,9,MMR,length1,9
-2,155206,155170,36,MSINIMPLLYLF,length1,36
-2,155164,155125,39,MKNTSKAILSSCR,length1,39
-2,155035,155023,12,MRFY,length1,12
-2,155002,154948,54,MRLIVCWQSLRILLVWVY,length1,54
-2,154933,154858,75,MKMNLNVPLRLVRKLLVLIIVTCTI,length1,75
-2,154795,154717,78,MYVLLANQAFTITSKFINYKRWHMVS,length1,78
-2,154678,154663,15,MRFAR,length1,15
-2,154618,154576,42,MSKSFTKTGHFTAD,length1,42
-2,154432,154294,138,MRCNYMVQKLRHLLPHFANNYQKTRKSGKRFQSISKPKVRSILQMI,length1,138
-2,154291,154216,75,MWIVIFLIAKHRTSKVARGKLLIGH,length1,75
-2,154159,154129,30,MWNKPFNKIA,length1,30
-2,153814,153709,105,MNVIDEDEAKKTQEALITMSQLEHEVGDFLGLNQK,length1,105
-2,153694,153631,63,MPTFYVLLQRLNRFILLLDFF,length1,63
-2,153070,153064,6,MR,length1,6
-2,151705,151582,123,MTFTHFVVVEIVCWGDFHDTCTEFTIHIFIGNNRNFTISQW,length1,123
-2,151534,151477,57,MHCNSRIAQHGFWTGGCHH,length1,57
-2,151423,151384,39,MPKGAFALFVFYF,length1,39
-2,151039,151012,27,MPFHTVKTD,length1,27
-2,150973,150970,3,M,length1,3
-2,150877,150769,108,MLIKGLFYRRRIKTVCHFEFLCHLFFLFLLRGNLIH,length1,108
-2,149740,149668,72,MTTTFYSCLNPCKIYFNAINTNII,length1,72
-2,149665,149617,48,MYIETIFFSVLYSLNN,length1,48
-2,149578,149575,3,M,length1,3
-2,149482,149434,48,MIRINHNLHSILVKRT,length1,48
-2,149347,149275,72,MLDYLAISFLKDNHLVIHFLFHPN,length1,72
-2,149014,148978,36,MAKIWDFLLQID,length1,36
-2,148891,148840,51,MRNKFIGISLPQKFINF,length1,51
-2,148564,148522,42,MRIDIKCKASIFFV,length1,42
-2,148501,148441,60,MGCLSSKFSYGFHTCIRRWQ,length1,60
-2,147697,147688,9,MGY,length1,9
-2,147634,147616,18,MGTSIL,length1,18
-2,147565,147553,12,MARK,length1,12
-2,147400,147388,12,MDGT,length1,12
-2,147184,147169,15,MSKCG,length1,15
-2,145990,145951,39,MRSDDNGLCTSIW,length1,39
-2,145621,145594,27,MGSPRRYGG,length1,27
-2,145375,145288,87,MPNTLGGRSMFIPLVCFLKLALIKKMNVH,length1,87
-2,145270,145210,60,MKNPLKEKILRLRSLKKSKP,length1,60
-2,145201,145129,72,MMAILKAGLKKCKRPFLISHQTIF,length1,72
-2,145087,145075,12,MIQF,length1,12
-2,145060,145003,57,MLNLIKHLSAFGLHRIVLL,length1,57
-2,144961,144874,87,MKRQSFISNLKLNPLMNKILHLNYRQIIY,length1,87
-2,144496,144484,12,MDAQ,length1,12
-2,144412,144382,30,MPIFLALNSV,length1,30
-2,144217,144106,111,MLFDFAKVRSFLDEFYRSLILQYGSLALPNLSKFLLQ,length1,111
-2,144031,143905,126,MPTRSRLAHKHDALIRLDSTLHLMRCCGNVNRIFLPLFNIFY,length1,126
-2,143758,143755,3,M,length1,3
-2,143728,143707,21,MLQRLST,length1,21
-2,143620,143590,30,MTNQRIRNLH,length1,30
-2,143029,143014,15,MNKRF,length1,15
-2,142957,142915,42,MSLFSIHLENAVTE,length1,42
-2,142165,142138,27,MLFQYVSDA,length1,27
-2,141874,141775,99,MTRVTSIGRRIGIFEYLPIFFRMAFSHTLITRC,length1,99
-2,141742,141727,15,MSRLR,length1,15
-2,141433,141349,84,MVLCITTTNEAIGDIFSLRSAVRFFVLF,length1,84
-2,140944,140758,186,MVKTQTTSHQVAHQIIHCIVMYQALQAQDAILFLAIDEWIRGSFEYPHLHLPIPKQIAQTKW,length1,186
-2,140230,140221,9,MAK,length1,9
-2,140146,140113,33,MSHAVLICARA,length1,33
-2,139993,139960,33,MLRFALSHRLS,length1,33
-2,139942,139900,42,MSGLVCCLTLTQVI,length1,42
-2,139834,139744,90,MTKASAIFGEGMPRFFISFLLSTFTRPLLS,length1,90
-2,139582,139564,18,MFENIS,length1,18
-2,139342,139321,21,MSSTTEP,length1,21
-2,139189,139153,36,MAKSESATGSPS,length1,36
-2,138949,138790,159,MVGINISQLSFETFSPSSTQTTSMPVIDLIDVMLVFSPANVKREPFCPIICVF,length1,159
-2,138718,138673,45,MDFWISRQHKTRTGD,length1,45
-2,138454,138277,177,MLPKQFKGFICTCRFKNETFGINALCRSFLSIFYHSGNSKWLSSHTNITILLQVRNDII,length1,177
-2,138265,138226,39,MALSVLLLKHINP,length1,39
-2,137968,137908,60,MKKSSLPIHLRQVFQKRLPN,length1,60
-2,137671,137623,48,MIYLACALISLCGYLN,length1,48
-2,137344,137335,9,MIC,length1,9
-2,137251,137200,51,MHQSKPRQHPLTPCKCT,length1,51
-2,137149,137083,66,MPFSPPLILRVTFSTELSSANS,length1,66
-2,136498,136489,9,MPK,length1,9
-2,136486,136429,57,MRTNWHCNTRNGCTHSRIN,length1,57
-2,136126,136111,15,MKCGN,length1,15
-2,135733,135292,441,MLECDDATHESEPQPNKLLKFILGKFKTEFLFGFWQGELLRLKLIFSCFTNLRKNFFKYPRFKWFSFWFTRFDDQTVKIWFIDKDRFLSTAWIADIAFCYTSFFTMFFHCIRRIYITENIAHICATEPNFTIRIGNRANWGIFEIKY,length1,441
-2,135253,135151,102,MEAPDKSGVRQLKTGQESSGLIPFRYCISRTVEH,length1,102
-2,134977,134956,21,MLYLNII,length1,21
-2,134923,133948,975,MEQHMVSTSLTAEKRKERAEKAALARWEHKKALEELPLAIHEGVLSIGDKSLDVAVLQNDLRIISSASVFEALDRPNRGSRGGAITENEELIKLPAFMDANNLKPFINQDVIDVIKGVKYRTKDGKIKEGYDATILPVVCDIYLRAREEGALVGKQQNTAQKAEILIRSLAKVGIVALVDEVTGYQDARAKDALAKIFEAFVAKELQPWVKTFPLDYYKELCRLYGVQFPPKNNNQFPQFFGHITNNAVYARLAPELLPELKKSASKQAKKVKLHQFLTEDVGHPKLREHLSSIVTLLKLSKDKDNFYEMLDKIHPKLTLQEGQE,length1,975
-2,133921,133909,12,MRSK,length1,12
-2,133843,133819,24,MFLPFSID,length1,24
-2,133498,133453,45,MLNHRLAILNLSLFQ,length1,45
-2,133369,133342,27,MLFLCSTHL,length1,27
-2,133216,133174,42,MCDFSLRYKLGKLV,length1,42
-2,132133,132094,39,MYSIRLASRFTLI,length1,39
-2,131980,131923,57,MSRFLPLNSHCLLISLSSA,length1,57
-2,131812,131806,6,MR,length1,6
-2,130858,130636,222,MKFIPADQPVCVSSNLGLLRCDCPKCGEFGRSFSSRQSHDALNPCQLRSMQISTASQIEIPALSACFCRRLSCV,length1,222
-2,130630,130495,135,MTPFLALRCAIKSFASCPVIPNCSSNISASLFCVVFLGSLTGSKE,length1,135
-2,130408,130342,66,MEPSLFLRSFLLTNPILIKYSM,length1,66
-2,130300,130294,6,MY,length1,6
-2,129976,129886,90,MHAQAFLKSSPSHEMIYSSLLPHSDQQKRL,length1,90
-2,129487,129481,6,MN,length1,6
-2,129388,129355,33,MLDVFCLLLSK,length1,33
-2,129325,129277,48,MQQITSLVRKARAVVN,length1,48
-2,128665,127969,696,MTDLASRLNELMAKQGKNIVDLQKAVGVTYEMARRYTLGTATPRDNKIEAIAKYFGVTPAHLKYGTVDSLENQVTSNVKDVGSFDLWDRNTPLNSDEYAVPFYQDIRLAAGNGFADDIADYNNFKLRFSKSTLRKQGVQYENAVCVIADGNSMEPAIPDGTTVGIDLGNKTIRDGKIYAINHGGLLRIKLLYNMPNEQVKIRSYNTEEHPDEIAELQDISVLGKVFWYSVLL,length1,696
-2,127915,126838,1077,MDIRLWRSIVRQRTLRALTSKEKKIRQRGGKPKYKHLAHKSFNLFEVIAPYKIILAKEIGYEFVAFKEELEEKAKLAARSRSRLKLNFRDTDIIDAAACSVLIAVLDTIKSQYRTLKFQIVRPKSKPADHRKHIPYDVDAIFCHIGLYKSLGFNYTSSSSQENVKCWHYVYSDSADGEITKPLLDELKSMGVKGIYPSYIEAIANAVEHAYAQNIYSEREFPIKRWWMLLAILEGKLSLFVCDLGHGIPNTLEKTQKANVLSAIWNRLKQLGKPTKDCLYIKASTLIKETRTGLGHRGKGGSDIRAFIDKTPGSRLIIRSNRGMYVYNGKDKPDLTKESRYSINGTVVQWNIPLQEIKE,length1,1077
-2,126820,126817,3,M,length1,3
-2,126775,126724,51,MVKLVERNLEILFLSQQ,length1,51
-2,126691,126607,84,MTQKDMALHFLKKLLEEQLEKVFLQRLF,length1,84
-2,126580,126541,39,MTTMILLTKLKVM,length1,39
-2,126253,126241,12,MSGN,length1,12
-2,126073,126034,39,MTPKPPSWRFSFS,length1,39
-2,125809,125791,18,MLFKNL,length1,18
-2,125707,125677,30,MQCRQFCLVV,length1,30
-2,125659,125650,9,MVS,length1,9
-2,125203,125191,12,MQSQ,length1,12
-2,125140,124993,147,MWIFQNTFASTETQRHVKPLRMIDEVCFEMADIKQTRFKYGRKTRKKPI,length1,147
-2,124903,124882,21,MFGSDVY,length1,21
-2,124846,124750,96,MLSSIDSCNLDDNVETNLAISSATYSLTSRKY,length1,96
-2,124684,124654,30,MMLPYFLCCG,length1,30
-2,124249,124207,42,MQDRVRFEMADKRS,length1,42
-2,124198,124189,9,MRA,length1,9
-2,124087,124081,6,ML,length1,6
-2,124015,123997,18,MSGWAK,length1,18
-2,123907,123883,24,MQNIFLFN,length1,24
-2,123829,123817,12,MNMM,length1,12
-2,123718,123685,33,MLLLQIYPKQN,length1,33
-2,123505,123463,42,MNSPHKIILLKLRH,length1,42
-2,123418,123400,18,MKILKV,length1,18
-2,122908,122902,6,ME,length1,6
-2,122875,122857,18,MVLKER,length1,18
-2,122854,122827,27,MTFQRKQKN,length1,27
-2,122821,122710,111,MMNNSLPQILSAFYLTPPSLRIKITTLSTESRECRSF,length1,111
-2,122473,122224,249,MTHLNLIPVFNGLIQNQPVQLCNARELHAFVESKQQYTDWIKNRINEYGFIQNEDYLVITERTNGRPRKEYHITLDMGKELRN,length1,249
-2,121984,121906,78,MPNRHNNINKPPLLWAVFYWRKYGTN,length1,78
-2,121276,121186,90,MYQVAILALAILFSFPLPHPISCCIGVILA,length1,90
-2,121180,121165,15,MHKNT,length1,15
-2,121159,121099,60,MAIFEVGIGDEFIADMNVTY,length1,60
-2,120919,120916,3,M,length1,3
-2,120832,120826,6,MQ,length1,6
-2,120556,120544,12,MNKN,length1,12
-2,120454,120433,21,MLFVLAQ,length1,21
-2,120355,120313,42,MPLLKCNTLVLHKL,length1,42
-2,120271,120223,48,MIWQEKCQNYASKFYV,length1,48
-2,120166,120082,84,MQKNVWLLLFIIFLNAILLEVFQQENFV,length1,84
-2,119959,119953,6,MI,length1,6
-2,119950,119944,6,MV,length1,6
-2,119773,118846,927,MKFKNILVVLNPSNEKQYALARAVRLVEEQKNETKVKITALLSVYDLSYEMSALLSSEERSEMHQQVIEKHRHVVQYYLDKYANPEIELQSHIVWNSNEADAINEEVENNNYDLVVKYTKDEEKLTSLIFTPIDWQLLRKCPIPVLMVRDGDWKHQRRILVAVNVSGEQEYQDEFNQELVETGISLAENLNRGNVHLVAAYPSAPINMAIDLPEFNTSGYENGIRGQHLINMKALRQKFGIDEDHTHVREGFPEEVIPEVAKEIEAELVILGTVGRTGLSAALLGNTAEHVISKLSCNLLGIKPSKKDD,length1,927
-2,118591,118561,30,MKFGFKHRRN,length1,30
-2,118525,118507,18,MGITLM,length1,18
-2,118447,118429,18,MEKNKP,length1,18
-2,118378,118363,15,MVLIG,length1,15
-2,118327,118300,27,MLKVGKWII,length1,27
-2,118216,118201,15,MQKWQ,length1,15
-2,117958,117874,84,MVFGKLKLFIKHHLQINKFVSNLQAIAH,length1,84
-2,117679,117664,15,MPNYL,length1,15
-2,116947,116887,60,MQERFQPLFLVMKLPYLRHS,length1,60
-2,116137,116110,27,MRRNHPIRP,length1,27
-2,115819,115063,756,MRTTTALVTGATAGFGLAICKKLIEAGYKVIGTGRRADRLAEIHSQLGNNFLPLAFDIRDEQVTINALNTLPEGWQAVDLLVNNAGLALGLEPAHKADLQDWYQMIDTNIKGLVTITRLVLPNMVARNHGQIINLSSIAGTYPYAGSNVYGGTKAFVTQFSLNLRADLAGTKIRVSNVEPGLCGGTEFSNVRFHGDDERAAKVYENVQSVQPEDIANIVLWLHQQPEHVNINRIEVMPTAQSFAGMSVSKEK,length1,756
-2,113851,113047,804,MSRFETQFATLNAKNEGAFVPFVTLCDPTFDCSFEIICTLVDNGADALELGFPFSDPLLDGPVIQAANNRALTAGHSSEDSFKLLEKVRSKYPEIPISLLLCANLIFAKGLDAFYQRCAEVGVDAVLVADIPLLAKEDYVQAAKKHGIQPVFICPPNADEKTIQGVAKNSEGYTYLVSRAGVTSAENQAHAANLDTLVEQLKAHYAPPILQGFGIAQPAQVKEALALGAAGAISGSATVKIIERNLDNHEQCLAELAEFVQTMKAATK,length1,804
-2,112321,112153,168,MLRCLNSSNCDSFTVGTTTGTSESALQTPNISMTIQPCSAACAIWATCSSFPAKKT,length1,168
-2,111889,111415,474,MTPAIDLLKKQKIPFILHTYDHDPNNQHFGDEAAEKLGIDPNRSFKTLLVAENGDQKKLACFVLATANMLNLKKAAKSIGVKKVEMADKDAAQKSAGYLVGGISPLGQKKRVKTVINSTALEFETIYVSGGKRGLSVEIAPQDLAKVLGAEFTDIVDE,length1,474
-2,111409,111400,9,MDL,length1,9
-2,111145,111043,102,MCKNIGIYTFCGNETKSFCIIEPFYNTNFHKRPL,length1,102
-2,109900,109882,18,MPACVE,length1,18
-2,109705,109675,30,MNVFCKYTHI,length1,30
-2,109537,109528,9,MCT,length1,9
-2,109348,109333,15,MPFFF,length1,15
-2,108955,108952,3,M,length1,3
-2,108928,108820,108,MISHLFNANFMGCTAKIKETIMNSGTTTNQHITRYA,length1,108
-2,108655,108646,9,MLI,length1,9
-2,108601,108511,90,MFTLTFYSNAKGFALKLLRDIRKRQFKNMM,length1,90
-2,108475,108451,24,MMNTRNTL,length1,24
-2,108013,107998,15,MAIYR,length1,15
-2,107875,107824,51,MIIKGMIMKGMLNGSLF,length1,51
-2,106906,105031,1875,MTNNMNNYPLLSLINSPEDLRLLNKDQLPQLCQELRAYLLESVSQTSGHLASGLGTVELTVALHYVYKTPFDQLIWDVGHQAYPHKILTGRREQMSTIRQKDGIHPFPWREESEFDVLSVGHSSTSISAGLGIAVAAERENAGRKTVCVIGDGAITAGMAFEALNHAGALHTDMLVILNDNEMSISENVGALNNHLARIFSGSLYSTLRDGSKKILDKVPPIKNFMKKTEEHMKGVMFSPESTLFEELGFNYIGPVDGHNIDELVAMLTNMRNLKGPQFLHIKTKKGKGYAPAEKDPIGFHGVPKFDPISGELPKNNSKPTYSKIFGDWLCEMAEKDAKIIGITPAMREGSGMVEFSQRFPKQYFDVAIAEQHAVTFATGLAIGGYKPVVAIYSTFLQRAYDQLIHDVAIQNLPVLFAIDRAGIVGADGATHQGAFDISFMRCIPNMIIMTPSDENECRQMLYTGYQCGKPAAVRYPRGNAVGVKLTPLEMLPIGKSRLIRKGQKIAILNFGTLLPSALELSEKLNATVVDMRFVKPIDIEMINVLAQTHDYLVTLEENAIQGGAGSAVAEVLNSSGKSTALLQLGLPDYFIPQATRQEALADLGLDTKGIEEKILNFIAKQGNL,length1,1875
-2,104881,104866,15,MLSSS,length1,15
-2,104746,104644,102,MKSFVSCKLPVALADKFNTICPSFTYSTGTFTPK,length1,102
-2,104392,104350,42,MVQHSNQPNQILHS,length1,42
-2,104287,104194,93,MLKFFLFLCHFLLLQGLDTNLVQYVTLKVDL,length1,93
-2,104164,104125,39,MEDVENAHQDIPL,length1,39
-2,104068,103846,222,MDLIPLNLLVELANQPLRFHKAHLFLPKQFLPDGNKYHLYLKKGSLLNVYLMCWTFIPPKIQKYSRFLRGNILP,length1,222
-2,103609,103579,30,MFHRIPSMHE,length1,30
-2,103483,103420,63,MADVLPYVLFRDQSKHLIHVD,length1,63
-2,103048,103042,6,MM,length1,6
-2,102844,102703,141,MNTTINLNHHPFECDLDKIMYDGNSHIYRVGVLYSFFHKMLIFCTKK,length1,141
-2,102358,102286,72,MSLLNFFLLKTKKWKPFYGIPFIV,length1,72
-2,102151,102133,18,MPHLKN,length1,18
-2,102037,101983,54,MRQILLNYSVLSLILIFL,length1,54
-2,101908,101890,18,MQVQIT,length1,18
-2,101746,101743,3,M,length1,3
-2,101713,101674,39,MMVWMMIQLHVIL,length1,39
-2,101620,101599,21,MTSTFIR,length1,21
-2,101578,101560,18,MLSVIC,length1,18
-2,100843,100834,9,MGL,length1,9
-2,100513,100492,21,MLYAQAD,length1,21
-2,100228,100225,3,M,length1,3
-2,100123,100051,72,MPSKVARLSVLEPVDVEQKTRQFD,length1,72
-2,99592,99583,9,MVK,length1,9
-2,99562,99436,126,MNKSLEIKYRLILLNKDFLCLHWIKLARKCSNRFPSQLKLKA,length1,126
-2,99379,99310,69,MFPLSIIQQWMAMLYVYRIYNNL,length1,69
-2,99199,99193,6,MQ,length1,6
-2,99166,99094,72,MKTAPSLLVNYLNQIKTSVVLAKM,length1,72
-2,99082,99073,9,MWY,length1,9
-2,98962,98896,66,MNLWKSASHYKVDKSMIPTVSL,length1,66
-2,98455,98389,66,MNKVKLKYNQWDFKALISLVLL,length1,66
-2,98347,98326,21,MFLRAKQ,length1,21
-2,98053,98044,9,MLA,length1,9
-2,97969,97960,9,MLS,length1,9
-2,97897,97843,54,MWKSVINWIANVIMQKFH,length1,54
-2,97792,97735,57,MNRIRLLIVISVNYLDKMY,length1,57
-2,97609,97597,12,MVFR,length1,12
-2,97567,97477,90,MWNKTLKKRKILTALFINHNLYDKHYDNRN,length1,90
-2,97162,97159,3,M,length1,3
-2,96982,96955,27,MYNLMLLRL,length1,27
-2,96793,96772,21,MKRLNLE,length1,21
-2,96751,96742,9,MPK,length1,9
-2,96490,96466,24,MAILPVNN,length1,24
-2,96274,96247,27,MPRYFDSVF,length1,27
-2,95626,95578,48,MPTFLHTQVCLYIGLK,length1,48
-2,95506,95413,93,MPLEILIIVFSLLFSFYKFLLLRLCFTKNYS,length1,93
-2,95251,95164,87,MHRKVQSLHRLIKLTRKPESGQYKVSNQD,length1,87
-2,95143,95071,72,MPQVRLIFLMFLFPPISCVPTNQF,length1,72
-2,94954,94951,3,M,length1,3
-2,94636,94615,21,MGIARTT,length1,21
-2,94570,94519,51,MHYIFNDRFRKAWPATT,length1,51
-2,94411,94030,381,MFILSNGILQRCQFRFEFCITRFRIIFFVNHRFICFGNINMAITIWIFLQIILMIFFCYDVIFNRLHLNLYWFFIFGLKLGESLFDHCFICPILIINPCAILSTTVVTLFVYTRWINHFKIIFKQFI,length1,381
-2,93964,93799,165,MITGFPRITIGIARNRIFHTVNTLHICFHTPETTTSKINFSDVLRIFHYHFLFSR,length1,165
-2,93580,92680,900,MPNLPLFSKVKIYMQSHSIPSLYHKAISFMVSAYFSITLMNVFVKTASQTIPASETLFSRFLIGLLFLLPFVIKDRDFKVDTRQWKFLILRNAAGVSNMLINFYVVKFLPLSIAVLLMNTSALFIPILLLFFHQKTPLNVLLCSLIGFLGVSIILLTNHNGNVDPIYVLIGLSGAVLAGMAFIGLQELNKYNTPKNIVFYFHLIGTFMLPVFFINQWKIPNLYELGLLLLVGGFGLIFQLLLTRAFKYAPANIITPFAFTGVVFSSVFDWLFWHHTPNLYFWLGAVIIVGAVSLLAKLKK,length1,900
-2,92659,92647,12,MPYG,length1,12
-2,92461,92410,51,MNVRAIRKSFEWLGDNA,length1,51
-2,92344,92341,3,M,length1,3
-2,92323,92296,27,MRFLTNFFR,length1,27
-2,92161,92125,36,MFWFPIPLFIKK,length1,36
-2,92005,91972,33,MLKIIKIFECT,length1,33
-2,91174,91006,168,MYLSVPSLPKETSFSLVVSELYPTAIELLYLAFALLPRAIAFSTLLVPVSFLASLS,length1,168
-2,90988,90925,63,MNLQPYLTPPILYYIYHLCKS,length1,63
-2,90745,90730,15,MKRKD,length1,15
-2,90469,89107,1362,MFKMKNITLALLMSSALVGCANIGDSYQASLEDYKQYEEITKQYNVKENWWSLYDDAQLNRVVEQALINNKDLAKAAVAVNRALYSANLVGANLVPAFNGSTSSAAQRRVDISTNSAISHKGSLNVSYTLDLWQRLANTVDAAEWSHKATAEDMESARLSLINSVVTTYYQIAYLNDAISTTNETIKYYTDIGNIMQTRLAQGVADAASVDQAQQAILTARNNKLNFETQRKTAEQTLRNLLNLKPNEALNITFPHIMNVKTAGVNLNVPVSVIANRPDVKAAQFRLSSAFKNAKATQKSWFPEVNLGASLSSTASTVGTALHNPVAAGTVGISLPFLNWNTVKWNVKISEADYETARLNYEQRITTALNNVDTNYFAFTQAQSTLSNLQQTHSYNQRITQYYRNRYNAGVSELREWLVAANTEKSSQLAILNAKYQVLQSENAVYSSMAGYYL,length1,1362
-2,87796,87676,120,MFILLSLFKNKNKPHFTKCGQKLINFFHGFCNFFCTLLCK,length1,120
-2,87457,87430,27,MLCHCRQYS,length1,27
-2,87379,87373,6,MT,length1,6
-2,87148,87106,42,MIDHHNAVTIAIIS,length1,42
-2,86701,86698,3,M,length1,3
-2,86314,86266,48,MLLQHRVHVKFLHLFA,length1,48
-2,85309,85300,9,MAV,length1,9
-2,84973,84907,66,MHLLRYFLRRKSNLLLNALHTR,length1,66
-2,84844,84814,30,MSHPRHVLEE,length1,30
-2,84196,84151,45,MRQHLQTFLRNQSQK,length1,45
-2,84142,83947,195,MELLPLPQSHEQVKFYQYLEALPSKYLLEFYRPNFGIYSDHARNQRFRPLLLLLHRNQPHPQKSP,length1,195
-2,83785,83698,87,MACLPLSLFCLINHQAIFYLQVVALRLNI,length1,87
-2,83581,83575,6,MN,length1,6
-2,83563,83551,12,MLSS,length1,12
-2,83365,83335,30,MLQAYALSPH,length1,30
-2,83188,83176,12,MAFH,length1,12
-2,83122,82936,186,MLIKHSKHFHHGNHLVENQRLQWDPFPKYHKQSHDLCHQFGLLRIVTNRLVLRRDRPRSFPV,length1,186
-2,81757,81706,51,MIYSISFGAYYCSSKKK,length1,51
-2,80971,80953,18,MFSPSI,length1,18
-2,79915,79882,33,MKWQGLYRRCP,length1,33
-2,79624,79621,3,M,length1,3
-2,79618,79609,9,MAF,length1,9
-2,79144,79114,30,MTKSLHSNDE,length1,30
-2,79105,79090,15,MQDKD,length1,15
-2,78973,78871,102,MPDNAKIKNIFFIIFYLSIKFQINDKSQLSLSLQ,length1,102
-2,78769,78754,15,MLLFE,length1,15
-2,77662,77473,189,MKWQPKNGNSGLISSSASMYPLPKAPVSSFISIIRSIINIVGAGNCGPSLPNNSPRPDASKSS,length1,189
-2,77278,77260,18,MLAFLY,length1,18
-2,77011,76924,87,MITPCFPVKPRRWQIVKKPSILSFTPPTE,length1,87
-2,75562,75505,57,MAKSGCNACQFKDCSIACC,length1,57
-2,75268,75226,42,MKNAVCKKLKRKNY,length1,42
-2,75112,75028,84,MGKNNIPRKNQLIWNMLFGYVFLNILEK,length1,84
-2,74890,74878,12,MEII,length1,12
-2,73981,73951,30,MRLVHDYKVE,length1,30
-2,73813,73747,66,MFHRQLTHLIAKGYGCYSACNH,length1,66
-2,73486,73477,9,MDF,length1,9
-2,73243,73153,90,MPYARTTHFANLPQLNNQSFHEFQLNSLLL,length1,90
-2,72790,72772,18,MRHNAL,length1,18
-2,72763,72760,3,M,length1,3
-2,72622,72610,12,MAEN,length1,12
-2,72547,72439,108,MMMGFQCAIKLFNIKMFPNSQIKWHFFNAIFICQIS,length1,108
-2,72421,72403,18,MRKWRM,length1,18
-2,72283,72244,39,MAMQCSPDLFTSW,length1,39
-2,72106,72091,15,MTLFN,length1,15
-2,71857,71854,3,M,length1,3
-2,71590,71551,39,MDCHYFYQLAFTF,length1,39
-2,71437,71434,3,M,length1,3
-2,71356,71353,3,M,length1,3
-2,71257,71239,18,MNIRCI,length1,18
-2,70957,70894,63,MLNRNSTYFCHFSFIHFVTFS,length1,63
-2,70843,70771,72,MIITRINSSKFNILINKWRLRKIE,length1,72
-2,70747,70738,9,MLL,length1,9
-2,70423,70417,6,MI,length1,6
-2,70375,70354,21,MIKSEFA,length1,21
-2,69814,69781,33,MLSPKFISKTN,length1,33
-2,69742,69649,93,MNARMESILHQHTATKTVNGINRRQIHILFS,length1,93
-2,69637,69616,21,MNCLKNI,length1,21
-2,69274,69181,93,MRTNGIILQNLKSQMQKKDAFQRPNSSLSKL,length1,93
-2,69145,69061,84,MQQTLLCRIQRYQQESYGRFQQMLFSSR,length1,84
-2,68959,68941,18,MRIDQL,length1,18
-2,68695,68689,6,MT,length1,6
-2,68686,68644,42,MTFTFSCFFSQNMT,length1,42
-2,68218,68161,57,MSHFTTAETHGNFRFVTVF,length1,57
-2,67684,67645,39,MQQNLAFKRNFHA,length1,39
-2,67618,67600,18,MNACSF,length1,18
-2,67513,67474,39,MMMQCNCTIETFI,length1,39
-2,67309,67306,3,M,length1,3
-2,67276,67264,12,MGKS,length1,12
-2,67261,67213,48,MTFVCKYHSNFRFDNI,length1,48
-2,67177,67171,6,MG,length1,6
-2,67159,67153,6,MA,length1,6
-2,66913,66877,36,MLNKMKFWCQCF,length1,36
-2,66541,66433,108,MPRKLTKYTFSLVILVLAHNRKNALPFKTFWHFLIG,length1,108
-2,65527,65521,6,MY,length1,6
-2,65473,65461,12,MTAL,length1,12
-2,64855,64702,153,MVVSQIHQNLRFRPNLNNHAHYRGDNRDQSGHKHRVYCLSLRQIESDFSAV,length1,153
-2,64408,64378,30,MHWQFHHFAS,length1,30
-2,64081,64063,18,MFSKPE,length1,18
-2,63268,63202,66,MPNLIKRILVGSIFSNIVFPYF,length1,66
-2,62041,62023,18,MWFFTG,length1,18
-2,61924,61816,108,MHFINAPFFKLRFLKMPIDIACKNKITIRFAFCPTF,length1,108
-2,61798,61771,27,MWACCAILR,length1,27
-2,61765,61744,21,MPVKPIS,length1,21
-2,61735,61624,111,MSFISQWCRNILEIDITAFKHWVGIPKPADTSKIRQT,length1,111
-2,61276,61210,66,MAKLYERKRQLVSFANIESGYF,length1,66
-2,61171,61120,51,MHIYLVIYTCKLLRKII,length1,51
-2,61081,61060,21,MAQRKWK,length1,21
-2,61048,60913,135,MTPFGFPKRRWLCYLVKIFAPSMSTLPIYLMTKNLRKNQLSGNSG,length1,135
-2,60865,60859,6,MI,length1,6
-2,60727,60715,12,MLTN,length1,12
-2,60592,60514,78,MMKVYLPNHKHSKAVHYRLMQRLVLH,length1,78
-2,60445,60427,18,MAYLRF,length1,18
-2,60322,60202,120,MVINVVAHFYLWISYIEMDVCWSIMDTQLLMIRGLQHSLY,length1,120
-2,59803,59800,3,M,length1,3
-2,59629,59614,15,MILTS,length1,15
-2,59413,59269,144,MPAPVNTTQIGLFFSVIFQAPFISKLFCTKMNMFTLKFTSSIFSAIIN,length1,144
-2,59242,59233,9,MMG,length1,9
-2,59185,59056,129,MLNPFYFITPSGWIMPRRSRKHINMIFFHQFMHSRNRIRHWLH,length1,129
-2,58897,58789,108,MIKDEATIYVVRHFRLNKCGQFLGNLHQNGLSTIPT,length1,108
-2,58717,58681,36,MVFLLKSHQYLY,length1,36
-2,58474,58468,6,MA,length1,6
-2,57493,57463,30,MAMAIIGSPI,length1,30
-2,57352,57283,69,MKSAVEIHRTFCCLLFSVFYTST,length1,69
-2,56809,56734,75,MLRLIPLLVRYPRRLKLNHDGLLGI,length1,75
-2,56632,56614,18,MDELHQ,length1,18
-2,56560,56482,78,MHQIVLQQNELYYRLLLKKVLILNRL,length1,78
-2,56068,55942,126,MAHCLECCYNHKYAPLLQLNLLRFQYQNASLQKLPSKYHLHK,length1,126
-2,55765,55447,318,MRLLVPLLYGLIQNPHHVQNDAIHQYVNHIVLHGLQSLMERKMRILKSHLSFHYSRHFQHHQRSLPLLKAHFGRQLITYLIEVLRLSHLIILILPPLSLSELEQVV,length1,318
-2,55318,55303,15,MVLLH,length1,15
-2,54994,54955,39,MNKASLLMADHVI,length1,39
-2,54754,54706,48,MYPQRFPRHLLLSQAW,length1,48
-2,54361,54274,87,MGNKMDGNALVNLLQRKRVRNRAINLSIR,length1,87
-2,53527,53488,39,MRKIIGLSKIKME,length1,39
-2,53011,52969,42,MRAGFSSKNFTVLL,length1,42
-2,52627,52453,174,MKQVYLIISRKIIFITNINAVVAIVVLVALRSKKARCLIKKCLLPLFNLMRFYYVAVT,length1,174
-2,51619,51550,69,MLLPFLLMNYFVDAVINKRTTKK,length1,69
-2,51172,51169,3,M,length1,3
-2,50995,50983,12,MHND,length1,12
-2,50899,50866,33,MPKPFSSFSSK,length1,33
-2,50224,50080,144,MMKEVMQSVQLQHYIDFVQEYALNQILAHRKDQWQHEQYQLTPAQVQF,length1,144
-2,49849,49846,3,M,length1,3
-2,49804,49630,174,MLKSNFRLHLAKLMPVKPILAVPPLQQDHLNLLQPPYKPSPQVKWLVKNAYFPPLYRS,length1,174
-2,49417,49387,30,MLVRFYQVRH,length1,30
-2,49315,49255,60,MAHLTRSTIHKRPNVKLPFQ,length1,60
-2,48991,48970,21,MPHQFVE,length1,21
-2,48754,48670,84,MPQSHQIFYFQLNDEQLMATHTRLGYAR,length1,84
-2,48631,48598,33,MHQLRLLINFH,length1,33
-2,48496,48424,72,MILARDFNIKSRIFNINEALPYFI,length1,72
-2,48325,48322,3,M,length1,3
-2,48268,48175,93,MYYKGKWRLVKPSLCVVGFVPVAILKQAYLS,length1,93
-2,48166,48088,78,MTVLALIQFKQLLITILKITKAKFYV,length1,78
-2,47833,47800,33,MSKVSTGWQPH,length1,33
-2,47716,47668,48,MEKWISAKISSVKNHF,length1,48
-2,47635,47623,12,MLVH,length1,12
-2,47419,47416,3,M,length1,3
-2,47407,47392,15,MLLLV,length1,15
-2,47347,47329,18,MPLMCY,length1,18
-2,47179,47143,36,MMMEKLWRQWTC,length1,36
-2,47047,46969,78,MIIGGIAIFVNTAVFHILVLVLVLNV,length1,78
-2,46960,46957,3,M,length1,3
-2,46933,46930,3,M,length1,3
-2,46903,46882,21,MRISNSI,length1,21
-2,46621,46606,15,MLLTK,length1,15
-2,46567,46477,90,MPSMCLKLNILLSVVTPTAGEFTLLWQIKI,length1,90
-2,46273,46267,6,MM,length1,6
-2,46264,46252,12,MMDF,length1,12
-2,46168,46153,15,MKKIF,length1,15
-2,45439,45400,39,MLALALHFLYGEP,length1,39
-2,44791,44671,120,METIYKISYSQALFAQDPDTYREMVLEFEQIEYERLMDTL,length1,120
-2,44644,44629,15,MPNFP,length1,15
-2,44197,43981,216,MTYKIKIIKNERYCISDRAFNTSNQAYLKNTKLILIHETVDNHLVIFHFPLYFVVFYDKQVAPNLSLNLSII,length1,216
-2,43780,43738,42,MPNQPIPPYGFQDY,length1,42
-2,43387,43369,18,MRLLIR,length1,18
-2,43282,43207,75,MSCLFQNALPKVRLIQYQKLILNPS,length1,75
-2,43138,43039,99,MSHHDSVQNQFPLDRSTQAHSLCVQFESFSEHL,length1,99
-2,42859,42757,102,MQQNYNQFFVFLIRGKVQNQFHLVQSIPLTERIH,length1,102
-2,42376,42304,72,MSSLSYFAPYWSWSRLAVFTFKSG,length1,72
-2,42142,42130,12,MVKS,length1,12
-2,41329,41293,36,MKPLPVLPQKLK,length1,36
-2,41254,41203,51,MVAVCLWILILRKAFLA,length1,51
-2,41179,41107,72,MLVVNSPIKIMNLREVYTVWGFLW,length1,72
-2,41104,41023,81,MRFLNAWIFKSNAMAKSIKLPLKTAVK,length1,81
-2,40819,40783,36,MKMGFPITLSKQ,length1,36
-2,40780,40678,102,MALKPFRKNHLLANLKEQMKRLAGHYFGCQKVVN,length1,102
-2,40627,40600,27,MLMVYVKVY,length1,27
-2,40597,40549,48,MPFENFANLEIYYHAG,length1,48
-2,40534,40414,120,MIFGIVVLTFFPLKCRMRNSQGKQRNAYHHAKVRCLSAVF,length1,120
-2,40408,40390,18,MRSAYG,length1,18
-2,40381,40360,21,MYKMLKN,length1,21
-2,40039,39871,168,MIYHNFAMVKSVFSRMLTPMVCILPPYSAPCSYVIFRNWYKTVTFTSQCHHFIALT,length1,168
-2,39844,39820,24,MKMKKRRF,length1,24
-2,39787,39766,21,MFNALKV,length1,21
-2,39691,39685,6,MI,length1,6
-2,39481,39373,108,MKALSKCLYAPSLKRLISTILCMSSWIVRCLLSVMV,length1,108
-2,39346,39325,21,MRCLNLA,length1,21
-2,39322,39223,99,MPRQNTKNLPVPSVMYLVNSIHMVTALVMKRWC,length1,99
-2,39184,39088,96,MVKVTGGRQMIQNPSQPCVIRNLVYLKSLKSC,length1,96
-2,39085,39064,21,MNSDKEL,length1,21
-2,39043,39034,9,MEP,length1,9
-2,38917,38908,9,MQQ,length1,9
-2,38875,38770,105,MIYLKLFKAQIFQQKRKLFRQNQKFVKFMSKAVAQ,length1,105
-2,38626,38590,36,MKPITKTQFALC,length1,36
-2,38560,38554,6,MP,length1,6
-2,38443,38389,54,MNGSLSVAQRSLVAFNIA,length1,54
-2,38326,38260,66,MKLSKLYATKMIQKQSLWHALI,length1,66
-2,38254,38233,21,MNKPMPF,length1,21
-2,38173,38152,21,MNLKKSG,length1,21
-2,38083,38023,60,MRKNMPVHVCLNWSNVKKPK,length1,60
-2,37828,37729,99,MHSIRFHCLPLAPKANHLQVNSIYPLVRPLNML,length1,99
-2,37690,37654,36,MRDMVLFVNLKI,length1,36
-2,37606,37594,12,MPKC,length1,12
-2,37453,37429,24,MQKIVANY,length1,24
-2,36526,36379,147,MFINWSIFRCTNKRYCTPITNFRMVFIHWCYCPQYFNQHFPFPSSRIRY,length1,147
-2,35965,35953,12,MPLS,length1,12
-2,35716,35596,120,MTIRSKLTILPNSLHRCYHLITHHKTTNIRIARFFDEILL,length1,120
-2,35470,35431,39,MRYRRLSLYFTTT,length1,39
-2,35311,35305,6,ML,length1,6
-2,35131,35104,27,MPLMFSRFF,length1,27
-2,34936,34675,261,MFVVIFGRPGCPYCVRAKNLAEKLKGEVADFDYRYVDIHAEGITKEDLSKSVGKPVETVPQIFIDEKPIGGCTDFEALMKEQFGIVA,length1,261
-2,34276,34111,165,MYVDVINWGIDSCHCLFHTTLCTFTTWCNHIVTIRSCAITYNFSVDFCTTSKCMF,length1,165
-2,33898,33820,78,MTNTMCRGCTSRTHRIIHTTNFIRCC,length1,78
-2,33715,33685,30,MCRARTCTNH,length1,30
-2,33526,33478,48,MATHIHFYKLRHNFNT,length1,48
-2,32791,32782,9,MVW,length1,9
-2,32533,32359,174,MFKWAKNTIKIYRTFHTLVSCSACENGKTRCRYYRRWYCFSLCSHFLSKTRGKSHYLL,length1,174
-2,32173,32086,87,MCLQRKKCGQISKDFSAWFAERNLPNAEC,length1,87
-2,30250,30178,72,MDKSKRRTRREFWRLCIKTLRRSI,length1,72
-2,30154,29278,876,MRGYLFGILSAVFWALSGLLYNELPLSEYDALGKIISLLFLIDFCSLLVIGITLWQKSAVDFQGVFWQPALSGVLGGPIGMSAYLLSIHYLTIYYAAPLSSLFPVFAALMSYWILKEKISRTAQFGFGLAVIASALLAIEVGQKANFNTSGLIFLAICILGWSSEIVISSYTMRSLSGLQVYFLRLCGSTIGYLLILFILSLKNFSLDILSFNYVQIAGVIIFGALSYCCYYQAIYLLKPIKAMALNITYSVWAIGLGYLLYKQPIKPITLLLTLLLSAGVIVTLYYKGEQK,length1,876
-2,29275,29263,12,MRLF,length1,12
-2,29080,29068,12,MTAP,length1,12
-2,28990,28972,18,MLLMRM,length1,18
-2,28894,28876,18,MNGYRF,length1,18
-2,28867,28858,9,MGK,length1,9
-2,28654,28600,54,MIYLKWITLMTITTFYKN,length1,54
-2,28510,28507,3,M,length1,3
-2,28126,28081,45,MVKIKRKYFAKNDTW,length1,45
-2,28006,27979,27,MRLYWSCII,length1,27
-2,27082,26848,234,MTGFPIFCKFSVSCRIISEAKALPPGELTRRITAFTELSSWALRRIRAMVSPPAFSSSLSPSIIVPSTFTTAILFGTL,length1,234
-2,26632,26587,45,MRSFLILRFSLTDKT,length1,45
-2,26182,26074,108,MANTTSNVEIFLGTCSPFNSLNASCQRSVSSRLSAK,length1,108
-2,25939,25834,105,MKHSTFQQNFNTRNIQITFKKFVLAYHKALSKTML,length1,105
-2,25798,25246,552,MDALTLLTTRKSNKKLTVPAPNAEQLERIFEAAMRVPDHGKLHPYHFIVMENESLNKLETLLKAAVVEFDLGEEKLMKAENLAHRAPMVIGVVAKIDPTIAKVPDWEQMLSAGCATYGLQLAAQAQGFDNVWISGKWVNGTALREAFGCREQDRVIALVMIGTSMEKAERECRIIDTKDFVTYL,length1,552
-2,25138,25003,135,MHDKKAKLLAFQLELKTSLHKAVKKFQRILVEPLKNPNYLQAKKQ,length1,135
-2,24739,24679,60,MRQRVLYLLENDKKDYRIID,length1,60
-2,24673,24661,12,MKNY,length1,12
-2,24550,24535,15,MNISK,length1,15
-2,24478,24391,87,MIKRFIHTKFFILINITANRNKLLHLLIF,length1,87
-2,24244,24181,63,MLLLNIFWNNTFVSILQFFMR,length1,63
-2,23911,23869,42,MLRFYVLLPYILPQ,length1,42
-2,23851,23809,42,MSLMLFRLSLVKYR,length1,42
-2,23749,23659,90,MLMGLIIMNRPLRQMHHKHKVLQQYLIKAH,length1,90
-2,23563,23557,6,ME,length1,6
-2,23467,23389,78,MQLPHFRVHKSTLMGKDYDGFSNKLK,length1,78
-2,23317,23248,69,MRLNLYQIRFQPLNRIHQMVQKK,length1,69
-2,23182,23152,30,MHDVKPNLNR,length1,30
-2,23146,23131,15,MLIHQ,length1,15
-2,23104,23080,24,MDYLPRLR,length1,24
-2,22972,22882,90,MQLRMCLKGKAQLFLSYCFSYQFYGLQGQP,length1,90
-2,22774,22690,84,MVLKSMQQQYQEPSQRQFVLPNYPEITD,length1,84
-2,22678,22588,90,MCSYFYLSFSKFNFRLLPIHLGGIKDSVKF,length1,90
-2,22384,21946,438,MNNQTLATQYEMDFSYNPLPFFSDIEDNLKFNKKLDLNLYCIKRPKQTCFIHITNPNMLAWGIESGDMLVVEKNDDLYSGDLVVLEENNEFHVYEFMTHSGNYLFMALDSTTQNINTKDWSNLPIVGTVTNTIHQMKRRNKMKWAA,length1,438
-2,21721,21505,216,MAFHHYAKDLFRTKCNLITYVLANIHLLFILFTAVCMAKINHNVWNTPCFFNISTNFFYIFSTIVRTFISTS,length1,216
-2,21496,21436,60,MAIFIPFCRNNCRMTKFSDR,length1,60
-2,21322,21313,9,MNL,length1,9
-2,20998,20971,27,MNRARPNHD,length1,27
-2,20950,20911,39,MNNIMCLMTSLLH,length1,39
-2,20764,20719,45,MLCFHYVANLHLFLY,length1,45
-2,20338,20119,219,MPNTIPIKQPFIPACKPYQIKIRLINALFAPSVRIMAISPCLSFTAIISVETILKHATPITSTIAIYITVLIS,length1,219
-2,19546,19351,195,MVGSVALGADKISAWGTTARIRWLSSRSKPFIALKPTIKTATPNAIPIAENFAINATKGFFCLPR,length1,195
-2,19336,19240,96,MKKGVFIMHLPSKCRLASLNGVIIFPQAPYRE,length1,96
-2,19126,19051,75,MDYSLKHAQSPHADVPHQKAQKDDG,length1,75
-2,18862,18838,24,MLFARIVH,length1,24
-2,18376,18214,162,MCGLYYLIFPMSLKSKGNCLTGYNLTSSPLRNKAPLIHQHPPIVHNHIFLPKVR,length1,162
-2,17473,17353,120,MRSRLSQIVAKKGNVRHRRNKNQRIAAIFQPVGSAHRTNH,length1,120
-2,17314,17224,90,MNSTYQTRNQAPKHYLVTHLVNSLANVSLT,length1,90
-2,17128,17119,9,MIP,length1,9
-2,17083,16888,195,MLTLYFLNCTTGCPILVLISWRKNFIARTNPCICPVNKIGAFILLNHRKKCGEFLMNFVKRTGWK,length1,195
-2,16591,16522,69,MICWQNQMSYSIKRCPPASKINY,length1,69
-2,16519,16471,48,MLTLMIIKFCFHIISL,length1,48
-2,16216,16201,15,MRSFF,length1,15
-2,16171,16135,36,MSPSHIKGRKCG,length1,36
-2,15796,15751,45,MFIIIMTITKELTLA,length1,45
-2,15724,15718,6,MH,length1,6
-2,15406,15400,6,MN,length1,6
-2,15289,15271,18,MPSVNF,length1,18
-2,14899,14878,21,MVADKVK,length1,21
-2,14833,14719,114,MPACSAANNFPVRPNPVAISSKISKTPYCLQSACAFTK,length1,114
-2,14611,14569,42,MAQSFQDSLNGMLG,length1,42
-2,13918,13903,15,MTKII,length1,15
-2,13762,13726,36,MNTERTWDFVKP,length1,36
-2,13261,13213,48,MTSLNSPLGKISLNLV,length1,48
-2,13018,12991,27,MEDSTCCFW,length1,27
-2,12958,12868,90,MINAITPSTIPRLARLVTNLPKRSALFARQ,length1,90
-2,12772,12730,42,MLSLHYRSPKQYAG,length1,42
-2,12562,12526,36,MHLFSFWIRFLH,length1,36
-2,12499,12424,75,MGNATSQYPLVLILHQRAYNLHGKQ,length1,75
-2,11692,11683,9,MCF,length1,9
-2,11575,11500,75,MGYIKNNRATLRGFFHYTKAKHIHN,length1,75
-2,11170,11161,9,MNR,length1,9
-2,9991,9979,12,MLIQ,length1,12
-2,9937,9862,75,MQKEVQNAHRLDANVHLAHQYKADC,length1,75
-2,9766,9748,18,MPQHRA,length1,18
-2,9589,9484,105,MLFPLNFPYLVLESMCLLRHLMAMTKILFRQEYRR,length1,105
-2,9100,9076,24,MIIKYTQA,length1,24
-2,8764,8734,30,MPPTDPLDIP,length1,30
-2,8626,8437,189,MYEFYQNDRPNLISYGAYLFVLRLGVLALLEQYVTLILTLLSLYFCAVNAHPDIPQQCLLEYV,length1,189
-2,8386,8350,36,MSDKYQYVNLLD,length1,36
-2,7264,7177,87,MSLLRRFAKPLHRFGIILSYTTPFSISQT,length1,87
-2,6847,6838,9,MNG,length1,9
-2,6799,6730,69,MMRNLQTINPMKGLGVSHLNTPT,length1,69
-2,6100,6055,45,MDNLLFLFTKIGFEP,length1,45
-2,5812,5797,15,MRIPT,length1,15
-2,4000,3946,54,MGSSPPLTKRVLYSSSKH,length1,54
-2,3907,3829,78,MVSTPKKPQDYITRGSFVLVYFLRVN,length1,78
-2,3187,3076,111,MLCQQLKIVLKLPTFHLNLRKRMRQFFRIKIQIRLVV,length1,111
-2,2830,2758,72,MPVSLGMASANTDKSSYSFVSNSK,length1,72
-2,2701,2692,9,MIC,length1,9
-2,2620,2608,12,MRTE,length1,12
-2,2383,2125,258,MLPIGSPLKPSQIDLLMLHGRLQLNDYRWICCENDEVFIKEEKIPLAQAFGWGQIITRLCFIAFCHIRCVISILQNTEISMARYFG,length1,258
-2,2071,2068,3,M,length1,3
-2,1954,1948,6,ML,length1,6
-2,1906,1843,63,MSIFSNWQKGGALFKIDIIPS,length1,63
-2,1750,1732,18,MFDIIT,length1,18
-2,1705,1648,57,MFIISTSSWRWCFWFLKIF,length1,57
-2,1456,1162,294,MRSSRFPCLVTVTSFRYLSISSSNVISGISLYFPDSSCFSSISAHFLRLLESKKVADLLTPNLRTCACQRLPFLIIVAIVYSIKMCAIHVCKNMCNGV,length1,294
-2,1087,1081,6,MF,length1,6
-2,754,613,141,MAGGLRFLGPMSGIASLPFILGSAWYGVNRIKFPVEINDRFVFSHHV,length1,141
-2,340,322,18,MTNSRP,length1,18
-2,124,112,12,MNLL,length1,12
-1,1887569,1887329,240,MLTSPVKFASLNARATDSRSLYSSANRVHFALILAAVSSMLSTSLLMSSRLISVCFSSSITQLFPFHMCNSVGCLSTRMY,length1,240
-1,1887092,1887086,6,MS,length1,6
-1,1887065,1886969,96,MNHYGEILVLDEHQANELRLLFYLQFLHPLQN,length1,96
-1,1886924,1886762,162,MIEDIKLTFYRSTSLIYQFAQNPRYLARLFLMCQFEINSLLPAKIADLYQLLHW,length1,162
-1,1886639,1886582,57,MPSPRIARHQMCFLLLYKV,length1,57
-1,1886414,1886393,21,MNQPSVF,length1,21
-1,1886075,1886003,72,MLNHQHVKNQRDWLPHGEMTLRHQ,length1,72
-1,1885511,1885478,33,MDSSVLLLAGH,length1,33
-1,1885457,1885442,15,MIKSH,length1,15
-1,1884437,1884431,6,MT,length1,6
-1,1883792,1883783,9,MRI,length1,9
-1,1883537,1883492,45,MSSFPFSICSNLEGL,length1,45
-1,1883447,1883432,15,MEITR,length1,15
-1,1883288,1883087,201,MLIVDSFVISTSASRMIRLTVEPSLTRPPRLSPERWTSDTCITSPGMGMAPSCPQENVITSLSYCSV,length1,201
-1,1883012,1882913,99,MYPILTIASESSMYSTDCLKYFFGSFHVTNTTL,length1,99
-1,1882448,1882427,21,MIPTRWY,length1,21
-1,1882241,1882226,15,MFAII,length1,15
-1,1882103,1882097,6,MT,length1,6
-1,1881266,1881221,45,MKFGLSAIPHLKFIR,length1,45
-1,1881080,1881056,24,MDFTKAFA,length1,24
-1,1879961,1879847,114,MPFNFAKTNVIAPPKLENVILGLTGFNPSTANPSALTG,length1,114
-1,1879259,1879160,99,MAIKLNEITNFVHKKTAMLSGADFRFWFKVSTP,length1,99
-1,1878947,1878923,24,MYKQLRIG,length1,24
-1,1878920,1878911,9,MSQ,length1,9
-1,1878692,1878596,96,MLQLAHLQHNQSTHQGCNNPPLCLRKIPIYLA,length1,96
-1,1878533,1878524,9,MRL,length1,9
-1,1878152,1878149,3,M,length1,3
-1,1877945,1877894,51,MRANSALSAPLPSKLFV,length1,51
-1,1877666,1877573,93,MLANFCAGVTAVGSFIAFMTAACRLSIDCAI,length1,93
-1,1877081,1876937,144,MRSWWANVIFCNSSAYAISKRAKSFVLEDDLTALFLSSLFWSSANSLL,length1,144
-1,1876586,1876574,12,MPSP,length1,12
-1,1876469,1876103,366,MTFVSHKNASANLFIEALYKSVIPVEVANASFSSSVACPKVSNAPATVSLAAASPAPPTRFCSSCKIISCAFAFSPLSTKDWIRSFCVSVSSMPLRFNRDTASAGDSKARPRLRASLDTSVL,length1,366
-1,1876073,1876037,36,MAVLNVSPVTLR,length1,36
-1,1876028,1875887,141,MTDIALLTPSTLARVFMASDPAKSLSSSDVNPTAAPVAFNCASVRAK,length1,141
-1,1875572,1875569,3,M,length1,3
-1,1874846,1874810,36,MTPKRNTHHVRR,length1,36
-1,1874756,1874711,45,MLVGRYHQVTKQALM,length1,45
-1,1874357,1874309,48,MFSVSVVKEDSTMPDS,length1,48
-1,1874087,1874048,39,MTACLILEWIFIF,length1,39
-1,1873961,1873952,9,MIR,length1,9
-1,1873850,1873760,90,MLEGKDDSRSLTAPYFRHGAQIALRPLLNG,length1,90
-1,1873727,1873721,6,MH,length1,6
-1,1873646,1873628,18,MSQSQI,length1,18
-1,1873172,1873151,21,MQYLSVC,length1,21
-1,1872896,1872887,9,MIL,length1,9
-1,1872710,1872674,36,MAYQCRQGKKLQ,length1,36
-1,1872473,1872455,18,MVHHEY,length1,18
-1,1872404,1872308,96,MRHRLKCFCEMRQITLCRLVQSRYRLITQTLI,length1,96
-1,1872191,1872182,9,MQR,length1,9
-1,1872071,1872056,15,MCHVR,length1,15
-1,1871954,1871912,42,MPNQPCSLHFDSIH,length1,42
-1,1871894,1871843,51,MMHEQAHAMSSHCRRCL,length1,51
-1,1871480,1871456,24,MRQRCLVA,length1,24
-1,1870631,1870568,63,MRSFHACASFVGSIHGITGPL,length1,63
-1,1870466,1870433,33,MCATKVSCKTE,length1,33
-1,1870367,1870358,9,MLE,length1,9
-1,1870265,1870187,78,MSSPGFKSSMIAPGAISKSRSGLSAL,length1,78
-1,1870145,1870091,54,MYIVKAAAIRAATRSLSS,length1,54
-1,1869935,1869932,3,M,length1,3
-1,1869545,1869527,18,MPITIS,length1,18
-1,1868978,1868957,21,MILCGSR,length1,21
-1,1868927,1868900,27,MGHCPHRPT,length1,27
-1,1868843,1868729,114,MPHCYLCLVCATYRLVLAPHRSIHQKTIRQATTENGYS,length1,114
-1,1868312,1868306,6,MI,length1,6
-1,1867994,1867793,201,MFDKRRQGLPAKMMQYESFFPRHGLHRLYLSFVLLLAICRQCLMRVSCQDLREIDNAGIVNERFRLP,length1,201
-1,1867748,1867643,105,MAQTILYNVDIANRICVYRHGYIVTKYLLLAVPRE,length1,105
-1,1867565,1867562,3,M,length1,3
-1,1867484,1867448,36,MQRIYNLMMTIR,length1,36
-1,1867130,1867106,24,MQQYLYPI,length1,24
-1,1866989,1866980,9,MQT,length1,9
-1,1866944,1866941,3,M,length1,3
-1,1866566,1866524,42,MHSDQFGDLIYIEF,length1,42
-1,1866467,1866323,144,MMMTRNLKNCRKPRARNPVERGIPSGVPFAVTILYKNHSIYFCFIHKT,length1,144
-1,1866269,1866146,123,MCLYIPIKKDRTLIGGLGLVNPLIKMIYLACTLISLCGYLN,length1,123
-1,1865879,1865858,21,MQGLMIC,length1,21
-1,1865027,1864931,96,MNTLPRTHQSQTKKYFGFLHLLTFLHSTHLQG,length1,96
-1,1864490,1864484,6,MC,length1,6
-1,1863929,1863866,63,MKSAAYATSRVIHHFHCQKNY,length1,63
-1,1863479,1863275,204,MQNETINLAIQECGTQKKLANACGVTQGAVALWLKGGGINGKYIPLIAKASNGKVTETDILRSLTKSQ,length1,204
-1,1863104,1863047,57,MRKQSSQLYRSPRSHRNHQ,length1,57
-1,1862984,1862888,96,MRQLLRRCRARLFRHYHQCRENWRTNQKRSPS,length1,96
-1,1862354,1862315,39,MRLKSLLLITMWK,length1,39
-1,1862078,1862066,12,MLRS,length1,12
-1,1861922,1861904,18,MRDDPT,length1,18
-1,1861316,1860677,639,MANSITQNQINTLPPERTQRAEETINWLFQELKSIFPGWRAAFETEADYLSAKKTWLRVLVREKITRPQLENGICEAEKSLDKFLPSVGLFVYWCKAYDYHALGLPNEAELYQRYNTFLGYARFNRDEFQYRSKVEFWLLKNLYEKCKKKSEEDTLKAIPKLLTKAAEKVRSNFPFEDIPKMIPEKPSFYDKAKADKARDSLMAMMKGKGALQ,length1,639
-1,1860593,1860563,30,MTIVFAVMVT,length1,30
-1,1860425,1860419,6,MM,length1,6
-1,1860251,1860119,132,MWQIRRNLWGVSSQWSSGKCCLFRVTQSPQIKKWMLCQVLRGNL,length1,132
-1,1860059,1860056,3,M,length1,3
-1,1860035,1860029,6,MA,length1,6
-1,1859987,1859972,15,MMTRF,length1,15
-1,1859891,1859852,39,MQNVRKLLYKNRF,length1,39
-1,1859825,1859816,9,MCH,length1,9
-1,1859639,1859588,51,MYLLRHALSGRAARWRV,length1,51
-1,1859516,1859513,3,M,length1,3
-1,1859507,1859486,21,MQPLLWR,length1,21
-1,1859273,1859096,177,MANGRVKAWELTIPQFSLFYAKPHPITASRCWMMKPQCAFTTQHLLCATSHQSYIKCLC,length1,177
-1,1859090,1859063,27,MLAIYRKVM,length1,27
-1,1858871,1858781,90,MPNFANKTSATKQCSTITRKCSALSLIALR,length1,90
-1,1858706,1858694,12,MSMY,length1,12
-1,1858685,1858655,30,MITSLALGIN,length1,30
-1,1858583,1858550,33,MFTRKPHSYPQ,length1,33
-1,1858466,1858421,45,MRKMHFHTSLIPISN,length1,45
-1,1858169,1858091,78,MVASSLQKSVSLRENILKTKPLPQKT,length1,78
-1,1857992,1857899,93,MTAHPLISKSNSLSQKKAKLPHVIKTSRLRR,length1,93
-1,1857746,1857704,42,MMIGTMKLRKNQLM,length1,42
-1,1857671,1857644,27,MKNWLMSSY,length1,27
-1,1857527,1857494,33,MAFNPLVLVLD,length1,33
-1,1857107,1857089,18,MKISEI,length1,18
-1,1857080,1857068,12,MKLK,length1,12
-1,1856828,1856804,24,MRNLNAWG,length1,24
-1,1856759,1856741,18,MQPKSI,length1,18
-1,1856651,1856342,309,MATIIVKRDAGSRKFTEKGEILQRGKAGRLERMFDKQRRINAAFEKMVVKESAADRAIKFAANRQKEQFIDIANYHCCKGKPAGTNTVHAVQKRRLGVRELIR,length1,309
-1,1855835,1855823,12,MQSQ,length1,12
-1,1855772,1855499,273,MWIFQNTFASTETQRHVKPLRMIDEVCFEMVTIKQTRLKMEEKQENSLSDNDKELIKQAVLESAAKNTNFPPDKLAKSICDAIYLIDSYKH,length1,273
-1,1855466,1855379,87,MLQSVLITSQQNQHRLIALLQLQLERAVF,length1,87
-1,1855304,1855295,9,MKT,length1,9
-1,1855289,1855196,93,MKNLIEKLNVPMPYQALRQILSQAMRFRLKQ,length1,93
-1,1855124,1854095,1029,MTSNAERFKFTDEHIAFIRLHWDKKPSDLIKLFQQQFDLLINRNVFYKLKKKHNIPSLKHANRYSKEELAFIKANCTLNERILAQKMEVYFNKPFNPHALKVLRVKRQWLTGRSGRFEKGENLKPIGFERYCKNAKCWLIKASIKRYERKSHYLWRKAGRKIPRGHIIDYKDGNSRNCTLENLELISRVEMAWRKKLQYHQLNDEIKPTFSAFVKLKEGINQRKKEKDMEENQSPNIATQEPTTFTFEFTEHELQTMAWAWFALLRGTELCQVLHPALKQIGSHYAASVYDIAYEYRSTLRHAHNVLTRITEQFECEQGNNWRVLKYLRAYDPKKTGFQLEIL,length1,1029
-1,1854002,1853267,735,MKTELFNDHFQNYKRYHIPKAQLVIADIPYNLGNNAYASNPEWYVNGDNKNGESDKANSSFFDTDKDFRIAEFMHFCSKMLIKEPKERGKAPCMIVFCAFQQISMVIDYAKQHGFKNHIPLVFIKSSSPQVLKANMKVVGATEYALILYRDKLPKFNNNGKMIKNWFEWEKDNRKEIPKLHPTQKPIAVLKRLIEIFTDEGDVVIDPVAGSASTLRAARELNRPSYGFEIKKDSCKIAKEKMLNI,length1,735
-1,1853180,1853117,63,MAKQNLLFSRRLDYCHDCGWD,length1,63
-1,1853042,1853039,3,M,length1,3
-1,1853006,1852994,12,MFTA,length1,12
-1,1852910,1852619,291,MKPYADHYAQLDAAHQRKVDWQAGYEIALDEVATEIDNDLKQGDQTHYHELTEMLCDNDNFWLAIGSGASYEPYRQEAIKKIAERELHARMNDYDPD,length1,291
-1,1852604,1851659,945,MVEIANIFSTEIKENEQHNGMIDTQSARESQEVQAMMVIAKRFPRDPIDAMDRILKSCTRKTLAQSAVYSYPRGGQSVEGPSIRLAETLAQEWGNIQFGIRELSQSNGESTVEAFAWDIQTNTRQVKVFQVPHVRYTKKGKQILTDPRDIYEVVANNGSRRLRACILGVIPGDVIEAAVKQCSVTLKANEDVSPEGLKKMAGIFFDNFGVTQDMIGKRYQCKFESLRPAQVVQLRTIYQSLRDGMSHPKDWFDFEPEKPIINSSVDSNTFERCKQSIANGETTLQELCDSGAYEFSQEQIAELEAIENGNVPTQS,length1,945
-1,1851656,1851641,15,MLWLG,length1,15
-1,1851365,1851329,36,MFLGYWLTPFFC,length1,36
-1,1851263,1851254,9,MGL,length1,9
-1,1851032,1850600,432,MARNTNTVILVGHLGSDPEIRQFQNGGQIATFNLAIGDDYRDKQGNTVKRTHWIPIVVHGNSADVARQYLQKGSKICVTGKLVQESWQDQNGNNRTALKVATQSFEMLDSKANNETQQPTKDKEKPDPLNAAAEQDGFNDDVPF,length1,432
-1,1850225,1850213,12,MDKR,length1,12
-1,1849328,1849226,102,MVVMVRKLAITLWIMMGSWLKNITTKMMLKICRY,length1,102
-1,1849190,1848296,894,MYWFKNAIIYQLTKKIDFENIEKQLKECEFTPCGSADVSHFGWSAPLVTSENLAHQANGKILLVAKREEKILPVEVVNRELNKRITALEEKEQRKLKKVERSSLKDDVIATLLPQAFSRIKMTALYIDTLKQLIFVDTASSKTAEDVLALLRKSLGSLPVVPLAFNCAPCEVMTRWVTDTAPDWLILRKEVEIREKEDLGVIHCKQKDVEDEEIIELVQNGLISKLALEWENNLKFVLIEDGTLKRLKFDDNITEQNDDIVKEDVTARFDVDFVLMASVLGKTVDSLIKEFGGIRDRL,length1,894
-1,1848209,1848203,6,MN,length1,6
-1,1848134,1848104,30,MRRLKLSLEQ,length1,30
-1,1847489,1847429,60,MCLLVVLLVKHFLSLVCETR,length1,60
-1,1847426,1847402,24,MTSAEISR,length1,24
-1,1847369,1846967,402,MLDTKTVSSRAFCCGKTFRVYYPQKTTHSDTFWLDWFKSVSHCNQQGLNGQTLVMCIRPELSRGESSMLNTSDSPNDASACSLWQVLEKEASPKYFLSAKACKGILNRAEKRNKVLPATLREALERIANPYWGG,length1,402
-1,1846913,1846733,180,MVRKTRLFPHQLPTAWGAIMGRKMFCSIFQIDAMLCAYKRTALRQHLPQEWGQVGITFHA,length1,180
-1,1846628,1846547,81,MIALIVRAIKLSAIVWLYRLLSGSGKE,length1,81
-1,1846487,1846463,24,MEIENERI,length1,24
-1,1846163,1846154,9,MRW,length1,9
-1,1846070,1846061,9,MAR,length1,9
-1,1846046,1845989,57,MVFCKRLRTKIQHNHCYTA,length1,57
-1,1845893,1845572,321,MSNEITTKVHMTIEVEMDDYQRDQLEISKSTQVLGGNIVRLDWEGGVFNEVDGYRKLFNAVDSNLMGIAFDNMEDEDFIDELQLAIKRVVTPIIKAKRKAILEDENE,length1,321
-1,1845560,1845554,6,MD,length1,6
-1,1845551,1845521,30,MHREFTRTRH,length1,30
-1,1845491,1845458,33,MCKHELSYERC,length1,33
-1,1845455,1845440,15,MVCWL,length1,15
-1,1845308,1845278,30,MRSIKFVRLS,length1,30
-1,1845245,1845218,27,MVCVSTEYL,length1,27
-1,1844855,1844783,72,MCQAHLNNLTVKFGLIHSCAKNRS,length1,72
-1,1844777,1844648,129,MCGQNIPITDPSKCFVWRLFRYRLSWIFFARENKLTIATIQFL,length1,129
-1,1844267,1844237,30,MQCIQFSCSF,length1,30
-1,1844183,1844153,30,MPQHFKQVTF,length1,30
-1,1843526,1843520,6,MD,length1,6
-1,1843190,1841756,1434,MSRRLRRTKIVCTMGPSTDRDNNLEKIIAAGANVVRMNFSHGTPDDHIGRAERVRSIAKKLGKTVAILGDLQGPKIRVSTFKDGKIFLNVGDKFILDAELPKGEGTQESVGLDYKTLPQDVVPGDILLLDDGRVQLKVLSTDGAKVFTEVTVGGPLSNNKGINKLGGGLSADALTEKDKADIITAARIGVDFLAVSFPRSSADLNYARELAQQAGLNAKIVAKVERAETVANDEAMDDIILASDVIMVARGDLGVEIGDPELVGVQKKLIRRSRQLNRAVITATQMMESMISNPMPTRAEVMDVANAVLDGTDAVMLSAETAAGQYPSETVAAMASVCLGAEKMPSINVSRHRMDKEFETIEESVAMSAMYAANHMKGVAAIVTLTSTGRTPLLMSRISSGLPIFALSRNQETLNLCALYRGVTPIYHGEESRTEAGAKAALQSLKEKGYLSTGDLVLVTQGGQGATQTNVCRTLIVE,length1,1434
-1,1841612,1840208,1404,MASQPQIKSSDKKTAQVSIPPHSIEAEQAVLGGIMLSNQHWDGIAERVIADDFYTFQHRLIFTEMEHLMRNQSPIDLITLDQALRSRGVSDEVGGFAYLAELSNNTPNAINILAYADIVREKAILRELISVGNRIAENSYSPKGQDIKLILDEAEREVFAIAEKRTTSSEGPQNVINVLESTIEKIDILSKLENHSGVTGVTTGFTDLDKKTAGLQPSDLIIVAARPSMGKTTFAMNLCENAAMASEKPVLVFSLEMPAEQIMMRMIASLARVDQTKIRTGQNLDEIEWNKIASVVGMFKQKNNLFIDDSSGLTPTDVRSRARRVYRENGGLSMIMVDYLQLMRAPAFSDNRTLEIAEISRSLKALAKELQVPVVALSQLNRTLEQRADKRPVNSDLRESGSIEQDADLIMFIYRDEVYNDNSEDKGVAEIIIGKQRNGPIGRVRLKFNGQFSRFDNLAEQREYRDDY,length1,1404
-1,1840196,1839116,1080,MNVKPATAKISSHALKQNLEIIKQKAPNSKIIAVVKANAYGHGVVFVASTLEQNVDCFGVARLEEALALRSNGITKPILLLEGFFNEQDLPILAVNNIETVVHNHEQLEALKRSNLPSPIKVWLKIDTGMHRLGVALDEVDYFYQELKKLPQIQPHLGFVSHFSRADELESDYTQLQINRFLSATKDKQGERTIAASGGILFWPKSHLECIRPGIIMYGISPTDTIGKEFGLTPVMNLTSSLIAVRHHKQGDPVGYGGIWTSPRDTKIGVVAMGYGDGYPRDVPEGTPVYLNGRLVPIVGRVSMDMLTVDLGADSQDLVGDEVILWGKELPIETVAKFTGILSYELITKLTPRVITEYVD,length1,1080
-1,1839032,1837370,1662,MKGNTMKNINPTHTQAWKSLEAHKAELSNTTIQDLFKQEKNRFDDYSLTFNNQILVDFSKNNINQTTLSHLRQLAQECALDSAKEAMFTGEKINRTENRAVLHTALRNRTNTPVLVDGKDVMPEVNAVLAKMKDFCQRIISGEWKGYTGKAITDVVNIGIGGSDLGPYMVTEALRPYKNHLNMHFVSNVDGTHIAETLKKVNPETTLFLVASKTFTTQETMTNAQSARDWLLKAAKDESAVAKHFAALSTNAKDVEKFGIDTNNMFEFWDWVGGRYSLWSAIGLSIALSIGFENFEALLNGAHEMDKHFRSAPIEQNIPTTLALVGLWNTNFLGAQTEAILPYDQYLHRFAAYFQQGNMESNGKYVDRDGNVINNYQTGPIIWGEPGTNGQHAFYQLIHQGTTLIPCDFIAPAQTHNPLADHHNKLLSNFFAQTEALAFGKTKEEVEAEFIKAGKSLDDVKNIVPFKVFTGNKPTNSILVQKITPFTLGALIAMYEHKIFVQGVIFNIFSFDQWGVELGKQLANRILPELTDSEKVASHDSSTNGLINQFKAWR,length1,1662
-1,1837133,1837037,96,MEMFESEIQANESYFGGALKGKLGQGEARKTS,length1,96
-1,1837016,1836989,27,MAKYTPWWL,length1,27
-1,1836869,1836860,9,MAF,length1,9
-1,1836656,1836614,42,MKAFHPLLIRVMKI,length1,42
-1,1836596,1836578,18,MMVQQI,length1,18
-1,1836440,1836428,12,MLMI,length1,12
-1,1836380,1836350,30,MIILQQWDHT,length1,30
-1,1836266,1836215,51,MRFVKLCFSIIRYITIL,length1,51
-1,1836155,1836107,48,MQKIISFGQRLVGLVV,length1,48
-1,1836068,1836023,45,METKHHQFIIISKMR,length1,45
-1,1835924,1835900,24,MWIKVIKC,length1,24
-1,1835885,1835873,12,MICI,length1,12
-1,1835759,1835684,75,MLCYVLDGVFRKGRNKFQICLRTKF,length1,75
-1,1835633,1835588,45,MNLIIKNQCLTKLRH,length1,45
-1,1834967,1834904,63,MHNNNLLSFLLVTRTIIFTNS,length1,63
-1,1834676,1834646,30,MDLVIFPHPL,length1,30
-1,1834547,1834493,54,MALQSQYVPIPQLDIFYF,length1,54
-1,1834322,1834133,189,MQDDQFHSETDLLSFLWLNAEFFFQILLNLLKVRLNFPVNLSFCPFEKYTKNGIITDYFYYSI,length1,189
-1,1834043,1833965,78,MRLFVNQENHNLAIIKPMVLWLRQKN,length1,78
-1,1833698,1833692,6,ML,length1,6
-1,1833662,1833641,21,MSSALTT,length1,21
-1,1833584,1833473,111,MNTPVKWNYKILKPFIAKPKNITMKMKYSQKKHVIML,length1,111
-1,1833455,1833425,30,MNIVERCGNV,length1,30
-1,1833356,1833353,3,M,length1,3
-1,1833275,1833251,24,MMVHWLFI,length1,24
-1,1833248,1833212,36,MNLKIKKATQWA,length1,36
-1,1833143,1833134,9,MKH,length1,9
-1,1833047,1833026,21,MYQTVSL,length1,21
-1,1832990,1832954,36,MANHLKPVLAAR,length1,36
-1,1832933,1832906,27,MKPLNAPLY,length1,27
-1,1832900,1832858,42,MKKIPIYLMMKKKL,length1,42
-1,1832825,1832768,57,MPISPKTVLLITFLIGIIC,length1,57
-1,1832732,1832690,42,MPTLEFVRSLIKQI,length1,42
-1,1832648,1832498,150,MIKKERLQSSFYNLKKPCKLSEKKAHHTCFVLIYMNLLASSRHSTNIVQF,length1,150
-1,1832495,1832477,18,MLKMNL,length1,18
-1,1832027,1832024,3,M,length1,3
-1,1832009,1832000,9,MQK,length1,9
-1,1831886,1831820,66,MTPLLLLSLKQFLVLYVPAHLN,length1,66
-1,1831766,1831682,84,MPEHRPQLQWSFEKALDHPLVQPSNFQY,length1,84
-1,1831352,1831178,174,MATRINQILPLFYHSQEMIIQTNNDNRNTILRCGRKLLNIHLNTTIASNANNSSFRMS,length1,174
-1,1831112,1831085,27,MTRFIEWIM,length1,27
-1,1830782,1830749,33,MNHFCIWAIFF,length1,33
-1,1830659,1830641,18,MHTQHT,length1,18
-1,1830260,1830197,63,MLHNGTRNTQHITFLESITAN,length1,63
-1,1830044,1830017,27,MHRGLFVAN,length1,27
-1,1830011,1829969,42,MFNTTQRMNCIINI,length1,42
-1,1829624,1829609,15,MRSHF,length1,15
-1,1829585,1829537,48,MTINETAVAAKPAKPE,length1,48
-1,1829519,1829516,3,M,length1,3
-1,1828727,1828712,15,MEKIA,length1,15
-1,1828316,1828283,33,MFIFELISPSA,length1,33
-1,1828070,1828010,60,MERTESIGQNKTRTTVALHS,length1,60
-1,1827647,1827245,402,MNELVRGLTNLRSLRAAVRELTLEQAENALEKLQTAIEEKRANEAELIKAETERKERLAKYKELMEKEGITPEELHEIFGTKTVSIQAKRAPRPAKYAFIDENGEHKTWTGQGRTPRPIQNALNKGKSLSDFEI,length1,402
-1,1827173,1826339,834,MIEKKILLTDCPDDKGLIAKITNICYKHQLNILHNNEFVDFETKHFFMRTELEGIFNEATLLEDLKYSLPEETNCRLIGTQRKRIVILVTKEAHCLGDILMKNYYGALDVEIAAVIGNHDNLRELVERFNIPFHLVSHENLTRVEHDKLLAEKIDEYTPDYIVLAKYMRVLNPEFVARYPNRVINIHHSFLPAFIGAKPYQQAYERGVKIIGATAHFINNELDQGPIIMQNVINVDHTYNAEAMMRAGRDVEKTVLSRALDLALHDRIFVYKNKTVVL,length1,834
-1,1826195,1826168,27,MIFDICLTH,length1,27
-1,1826135,1826114,21,MIKLFVK,length1,21
-1,1826057,1826033,24,MLGLQCVH,length1,24
-1,1825937,1825901,36,MLYAKRVQIFAT,length1,36
-1,1825895,1825856,39,MRVILRSQFATKG,length1,39
-1,1825832,1825808,24,MVQFHLNF,length1,24
-1,1825772,1825760,12,MTQK,length1,12
-1,1825601,1825550,51,MHHRHLTFSQLEQLKEK,length1,51
-1,1825496,1825490,6,MY,length1,6
-1,1825391,1825382,9,MPQ,length1,9
-1,1825070,1825049,21,MNLKRFT,length1,21
-1,1824896,1824848,48,MIGKNLYNYCSNINSN,length1,48
-1,1824785,1823564,1221,MKLISLFSGCGGMDIGFEGNFSCLKKSINEELHPEWISSTENEWVTVSPTSFETIFANDIKPDAKAAWVSYFLDQKANANEIYHLESIVDLVKKERETHNIFPKGIDILTGGFPCQDFSVAGKRLGFDSHKNHHGKISNIDEPSIENRGQLYMWMREVISITQPKLFIAENVKGLTNLKDVKEIIEHDFGQASNEGYLVVPAQVLNAQFYGVPQSRERVIFFGFKKNALNKKALEELQKENIAEDYNPYPPPTHGKENLKAVVTCADAFINLQEPNFSKDPSQQKYSKAKYMGNHCQGQVEIKLNSVGPTIRSEHHGNIEYRRLSIEHGGKYINELSKGMLERRLTIRECARLQTFPDRYQFILPKTAENVSVSASNAYKIIGNAVPCILAYNIAKNIEKKWNLYFK,length1,1221
-1,1823552,1822412,1140,MIFSKNKYPPLHEFTALMNRVDNFLNHDAENRVAYYKKRSGIDLEKDVYEAICYCAQNTPFEDTISLVSGKHFPDIVASQYYGIEVKSTQGDKWTSIGSSILESTRIPNIEKIFLTFGKLGGNIKFLSKPYESCLCDIAVTHYPRYKIDMLLEKGESIFEKMETTYDSLRELDNPITPVAKYYKSLLIEGESLWWTSNNVLDDIAPPKVRHWKVIEKYERDMLIAQAYAFFPETILGNPRNKYDKFALWLVTKHGVINTSLRDEFSAGGQQKITDTCGETHLCSAVLKRVENNILAIKKFILETPENILTELWGNYIKDDRITQWANLVLSYCKPSNHNEMKLILTKIVNEKTIFNDKDDVNKLEEMAKIYITNQKINSL,length1,1140
-1,1821989,1821959,30,MAWAMARSPS,length1,30
-1,1821872,1821746,126,MASNRRATYKGSPPAVKILAYQYSAASGAEPRTDLCSAEIKS,length1,126
-1,1821371,1821134,237,MCGKNASCWLLLKRWTSSTNKIVLRSARRFCFARSIASRISLIPLVTAEIRSTSALIRCAMISARVVFPVPGGPHKIIE,length1,237
-1,1820741,1820678,63,MLLVDKVGFNTKVSDCCVTVY,length1,63
-1,1819931,1819862,69,MNLVQNKAYLHALKGLLHPLDQE,length1,69
-1,1819139,1819079,60,MAPFDDEDLGFQYQYKVYLE,length1,60
-1,1819046,1819016,30,MLLLNRYRCS,length1,30
-1,1819007,1818968,39,MLSHPAVILIHNA,length1,39
-1,1818815,1818755,60,MVYSVFHVLLFAVEMQDESS,length1,60
-1,1818278,1818200,78,MKMRQLKYFLLLMIALLFLFHYFVLH,length1,78
-1,1818065,1818023,42,MQQLIELMMRQNKK,length1,42
-1,1817696,1817681,15,MSPLY,length1,15
-1,1816967,1816946,21,MIFLKII,length1,21
-1,1816619,1816610,9,MSM,length1,9
-1,1816535,1816526,9,MIY,length1,9
-1,1816346,1816304,42,MATQSTIARIGLAF,length1,42
-1,1816280,1816274,6,ML,length1,6
-1,1816235,1816142,93,MPHHNNGDLSGFRITSEERSTFTHLCHTAWR,length1,93
-1,1816124,1816082,42,MHYLDRVYHYNLRF,length1,42
-1,1815884,1815872,12,MPTN,length1,12
-1,1815536,1815446,90,MVILAPLGNIKLPQRGNTEISLGYTYPRLH,length1,90
-1,1813895,1813880,15,MNERK,length1,15
-1,1813838,1809299,4539,MNKIYRLKFSKRLNALVAVSELTRGCDHSTEKVSEKPVRTKVRHLALKPLSAILLSLGIVSIPQSVLASGLQGMSVVHGTATMQVDGNKTTIRNSVNAIINWKQFNIDQNEMVQFLQESNNSAVFNRVTSDQISQLKGILDSNGQVFLINPNGITIGKDAIINTNGFTASTLDISNENIKARNFTLEQTKDKALAEIVNHGLITVGKDGSVNLIGGKVKNEGVISVNGGSISLLAGQKITISDIINPTITYSIAAPENEAINLGDIFAKGGNINVRAANIRNKGKLSADSVSKDKSGNIILSAKEGEAEIGGVISAQNQQAKGGKLMITGDKVTLKTGAVIDLSGKEGGETYLGGDERGEGKNGIQLAKKTSLEKGSTINVSGKEKGGRAIVWGDIALIDGNINAQGKDIAKTGGFVETSGHYLSIDSNAIVKTKEWLLDPENVTIEAELPSRQAESIEHQLPNGDGTPDNPKKNGDTITTLTNKTISKFLENAKSVNITASKKLTVNSSISIGSNSHLILHSEGRDSGGVQIDGDITSRGGNLTIQSGGWVDVHKNITLGDGTLNITAKGDVAFESMKGSEYEKTITAQGTIVSGDRNGFRLNNVSLNGTGKGLFFTDKRSAEGNISNKFDGVLNISGNVNISMRSPQVPSYKRYGGRTYWNITTLNVKKGGSFKLSIDSRGNGGTISPARHFGLNGITFSKDITFNVASGSRVDFEIKAPIIHPKHGVNHASFNKNISVLGGGTVNFNLDASSSNSKTSGVIINSQYINVSGGSKLNLRASGSTDTAFLIKSDLILNATGGGIELKQIEGTDSNVQKGVVAERNITFKGGNITFGSQKATTEIRGNVTIEQDTNVTLRGAYYGDSRKTLDIKGNVTNEGNLTTDGSIINIGGNLTVESSAKLKAITNYSFNVSGLFDNKGDSSVSIARGGARFKDINNTKSLSITTNSSSTYSTVIDGNITNKKGSLNITNNGGNTEIQIGGNISQKQGNLTISSDKINITKQTTIKKGVNGENSDSLAESQANLTIKTKELKLTGDLNISGFDKAEIVAKNGSNLTIGNGNDSGSANAKKVTFNNVKDSNISAGDHNVTLNSKVETFGDSSAESSDGSNAGLTINAKNVTVNKDITSNKTVNITASEKLTTKADATINATNGNVKVTTQTGDIKGQVKSTSGDVEITASGDTLKVSNITGQNVTVTANSGAITTTKGSTINATTGDANITTSTGVINGEVKSASGNVNITASGDTLNVSNVSGNAVTITADEGKLTTQAGSTVSATNGVTASSQSGDIGGTISGKTVSVTATTDSLTVKGSAKINATEGAATLTATKGTLTTAADSSISAASGILTINAKDAKLDGAASGNHTVVNATNASGSGSVTAKTSSSVNITGDLNTVNGLNIISKDGRNTVRLRGKEIEVKYIQPGVASVEEVIEAKRVLEKVKDLSDEERETLAKLGVSAVRFVEPNNAITVNTQNEFTTRPSSQVTISEGKACFSSGNGAAVCTNVADDGQP,length1,4539
-1,1809074,1809056,18,MQKKRF,length1,18
-1,1808885,1808882,3,M,length1,3
-1,1808855,1808834,21,MAISCLS,length1,21
-1,1808726,1808639,87,MKMVASGSICVNLIWQKKTRLRLPVYITN,length1,87
-1,1808561,1808522,39,MIISVQGSLTINV,length1,39
-1,1808504,1808495,9,MPI,length1,9
-1,1808486,1808474,12,MMMC,length1,12
-1,1808453,1808450,3,M,length1,3
-1,1808429,1808423,6,MR,length1,6
-1,1808354,1808273,81,MLILMISTAYQVRLIVNYQKVNLSLRI,length1,81
-1,1808111,1808066,45,MDVSNLPLKQSLILI,length1,45
-1,1807856,1807850,6,MV,length1,6
-1,1807796,1807790,6,MN,length1,6
-1,1807751,1807736,15,MRFMM,length1,15
-1,1807709,1807661,48,MLKLTAKICTRYHLQV,length1,48
-1,1807622,1807577,45,MLLLLVAWQMPIMTI,length1,45
-1,1807574,1807526,48,MATKNAQAHLQPSGVD,length1,48
-1,1807457,1807382,75,MLYPPIYSLYATLFLPLYIKQTKQC,length1,75
-1,1807367,1807358,9,MIN,length1,9
-1,1807340,1807292,48,MCHGDTGDFDTRDLII,length1,48
-1,1807163,1807124,39,MLLKKIMSLLAAN,length1,39
-1,1807100,1806941,159,MLILEAFTILNLTHPLSWHIYPKNYSFILPLVSLMQLQHSFPTPNWQFLKKGR,length1,159
-1,1806764,1806755,9,MSI,length1,9
-1,1806746,1806599,147,MRYGQGINNFVLHCVLRCNLHVLLVPHLRFIKERWFYSGFLKNSPKLLI,length1,147
-1,1806596,1806542,54,MNCLQISFMMYICTAVMI,length1,54
-1,1806524,1806509,15,MLSVH,length1,15
-1,1806314,1806296,18,MRALIT,length1,18
-1,1806071,1806062,9,MSS,length1,9
-1,1806056,1805927,129,MIMWAVKIVSAKPFYAYPKMPYLMYLLHSPHKKWIMYSEKTLK,length1,129
-1,1805786,1805759,27,MSNGLLKAI,length1,27
-1,1805750,1805648,102,MPLHIPTHLITIIWQYCVIAICYSIRFLSVILTA,length1,102
-1,1805600,1805558,42,MKYMNILMKVCLNA,length1,42
-1,1805375,1805354,21,MNGNEST,length1,21
-1,1804889,1804793,96,MPCISLVHYSYWKVLYSVRLHIDVHCDVLCDI,length1,96
-1,1804724,1804586,138,MLDDSLYQVANISNLAINKKRQTMKSLHQAKYRVNEALTQLPYQIP,length1,138
-1,1804559,1804556,3,M,length1,3
-1,1804442,1804409,33,MTPPLHLISYQ,length1,33
-1,1803731,1803725,6,MP,length1,6
-1,1803470,1803398,72,MWCKAQPLMNRKQWCYNAAPRHQS,length1,72
-1,1802354,1802294,60,MKYSLMLCQIKQNENIKSKN,length1,60
-1,1802243,1802195,48,MLAIYTLNQCRENLIH,length1,48
-1,1802174,1801115,1059,MLNDILTGYGIFILEILTILLLILAIVGLIISYRQHNKSKTGELEIKDLSEEFNEQVRLLRDFNLSEEEQKQRTKAEKKAEKQKAKKRKEKLKKGDTLEDEKKACVYVLDFCGDISASETTALRKEISAILNVAKSEDEVLLRLESPGGIVHNYGFAASQLSRLKQKGIKLTVAVDKVAASGGYMMACVADKIVSAPFAVIGSIGVVAQIPNVHRLLKKHDVDVDVMTAGEFKRTVTVLGENTEKGKQKFQQELEETHKLFKQFVSQNRPCLDIDKIATGEHWFGQQAIALQLVDEISTSDDLILEKMKEKQVLNVKYRLKKSLIKKFGRQAEESAINIIHRYSTKQSRDFMY,length1,1059
-1,1800029,1800002,27,MWAMWLSWL,length1,27
-1,1799957,1799903,54,MYSRWSNNYRKNCRNFRG,length1,54
-1,1799819,1799798,21,MYPSLSR,length1,21
-1,1799543,1799495,48,MGFQRWHSSTRNEISI,length1,48
-1,1799228,1799216,12,MDRT,length1,12
-1,1799057,1799054,3,M,length1,3
-1,1798325,1798256,69,MWNLRLRMPKPYSSNSIFPPRKS,length1,69
-1,1797182,1797134,48,MHLIGSSSLEHSVQFY,length1,48
-1,1797119,1797110,9,MGV,length1,9
-1,1797074,1797071,3,M,length1,3
-1,1796951,1796852,99,MDLPFHNLHITLMASPKQRLWIAQKFSIKVTIN,length1,99
-1,1796840,1796834,6,MN,length1,6
-1,1796807,1796759,48,MEPILLKAGGKSTWLS,length1,48
-1,1795904,1795874,30,MGGKKRWRKI,length1,30
-1,1795418,1795370,48,MLTLIRFINHWGFLFH,length1,48
-1,1795292,1795274,18,MGFQWD,length1,18
-1,1794461,1794455,6,MW,length1,6
-1,1794419,1794389,30,MNLKWMFIIG,length1,30
-1,1794230,1792859,1371,MTTNNKQRQTWSSRLTYVMTVAGATVGFGATWRFPYLVGENGGGAYVLLFCIAMIIIGIPMILVENVIGRRLRVNSIDAFGDKILDKGKGISKYWKILGYMGLLGAFGIMAYYMVLGGWVISYIISLISGTLDISAPITKDIAKNFYDLHIGNSPYEIIFYTLLFVIVNYIILAKGIIGGIERSVKYLMPLLFIFLIGMVIRNVTLPGAMEGITFYLKPDFSKITPQLFIFVLGQVFFALSLGFGVLITLSSYLNKEENLIHTAVITGFTNTIIAVLAGFMIFPSLFTFGIEPNAGPTLVFQSLPIVFSHLWAGKFFAIIFFGLLLIAALTTSITIYEVIITALQEKLRMRRGKAIVLTLSGIFLLGNIPAILGDNLWKNVTIFGKSIFDFYDYASGNILFMLTALGCAIFVGFVLKDEAKKELSSTKYSTFIKIWFNYVKFVVPLIILVIFISNLF,length1,1371
-1,1792847,1792841,6,MR,length1,6
-1,1792652,1792604,48,MLVCSGFCSMIETSEL,length1,48
-1,1792394,1792151,243,MPFSINTTRSAKRNSSSKLCVTYKIGILISLERRSKYCISSRLRGTSRAESGSSISKISGSVSSARPIATRCFSPPESVSG,length1,243
-1,1792079,1792073,6,MP,length1,6
-1,1791941,1791848,93,MNPSSGCINPLTRLISDVLPEPDKPKMAVTP,length1,93
-1,1791242,1791194,48,MNYASNQRFAIEVFAR,length1,48
-1,1790948,1790837,111,MTIKILSYFAEKPYPTSTFFAASDSKYFKKSRESALS,length1,111
-1,1790165,1790150,15,MNNLL,length1,15
-1,1789934,1789922,12,MRFD,length1,12
-1,1789328,1789295,33,MANRATGLDSH,length1,33
-1,1788968,1788947,21,MPFPTRA,length1,21
-1,1788845,1788830,15,MTALF,length1,15
-1,1788692,1788596,96,MMLSGCCSINATCFSKRSGTQISSVSIRKTQS,length1,96
-1,1788203,1788077,126,MGISQNIACVNIKITSLLYRFHIMLANIINGFLRISGIRRHT,length1,126
-1,1788065,1788047,18,MESTIS,length1,18
-1,1787795,1787753,42,MINKINVWVLLNHL,length1,42
-1,1787321,1787231,90,MTMRGRTTLFLILKSCSKSKKSSANQNGLF,length1,90
-1,1786784,1786739,45,MVLMAEKIWKSSVFF,length1,45
-1,1786433,1786418,15,MPSLQ,length1,15
-1,1786301,1786295,6,ML,length1,6
-1,1786031,1786028,3,M,length1,3
-1,1785794,1785761,33,MNRAIYSLRKY,length1,33
-1,1785407,1785389,18,MSSDST,length1,18
-1,1784696,1784669,27,MRFIGFYSL,length1,27
-1,1784666,1784660,6,MS,length1,6
-1,1784468,1784444,24,MWSKLKIK,length1,24
-1,1784081,1784063,18,MQIDNV,length1,18
-1,1784045,1783925,120,MSYSFCKENKKKTRRLNCSIKLPKFFFQQDHFDNTQAMRR,length1,120
-1,1783703,1783508,195,MNVFRKNKNNGKLRLLELKKPQLKINLKKFDNKKVSHTLLRPIYGINKAKVKKELTLTIIPQQGK,length1,195
-1,1783349,1782608,741,MLELGKLLTTLIAPPLNTFVLLIIAAIIYCVHFKKLAKFLAIISFTWLYIMSVPFTGLLLTNNDDSPALTLDEYKQAQAIVILGGGSYQTKELYAETASGAPQLERLRYAAFLQKETGLPILTTGYSLIGISEGDLMAKELNQFFNVPTQWIENKARNTEENASFTKNILVKDHIQKIILVTNQWHMKRAKYLFEKQGFDVLPAAAASYGSKGNLSAKSFIPDLGALNSNMVLLKEWIGYWKAHYVE,length1,741
-1,1782395,1782377,18,MYYDLR,length1,18
-1,1782233,1782137,96,MFHFRRRWYTRAVNIVNTWANIIWIFEICKCR,length1,96
-1,1781279,1781267,12,MNFF,length1,12
-1,1781078,1781072,6,MQ,length1,6
-1,1780889,1780871,18,MQACNR,length1,18
-1,1780523,1780382,141,MCWISFESGRFLELRHKIVIVRIKPFGHFNCELIFVTTCKLEILIKG,length1,141
-1,1780316,1780226,90,MIVEREIAHCNEIRIGSRLMFPVFFTQCFR,length1,90
-1,1780127,1780124,3,M,length1,3
-1,1780046,1779992,54,MLDLHLLCKLIIFRIYIK,length1,54
-1,1779857,1779845,12,MHQK,length1,12
-1,1779611,1779584,27,MKCNDINLR,length1,27
-1,1779578,1779530,48,MMSDAKKPHLIYLASN,length1,48
-1,1779452,1779443,9,MSI,length1,9
-1,1779173,1779137,36,MVMQFSLPLYLF,length1,36
-1,1779065,1779044,21,MPQAMLP,length1,21
-1,1778543,1778513,30,MQFSFRRRRI,length1,30
-1,1778420,1778357,63,MRNAKIWQSGGSFNPFCIFQI,length1,63
-1,1777682,1777664,18,MITYFR,length1,18
-1,1777571,1777526,45,MKIINFQKVLMKSIN,length1,45
-1,1777121,1777103,18,MPLAQA,length1,18
-1,1776986,1776959,27,MKKKWLNLE,length1,27
-1,1776890,1776854,36,MRQIKTPNPLYL,length1,36
-1,1776833,1776788,45,MLAVFHLNPPQIWMK,length1,45
-1,1776782,1776746,36,MICAVQPLSSAQ,length1,36
-1,1776674,1776635,39,MAMLIAQAIFLPL,length1,39
-1,1776632,1776626,6,MV,length1,6
-1,1776602,1776587,15,MQKVD,length1,15
-1,1776575,1776518,57,MHLLMLSVLNLSLLLMLQP,length1,57
-1,1776446,1776392,54,MHYSKPQQKPLTKRGVYH,length1,54
-1,1775804,1775798,6,MC,length1,6
-1,1775528,1775510,18,MSLFAN,length1,18
-1,1775408,1775366,42,MQCYLTHKYLNPLK,length1,42
-1,1775354,1775291,63,MKSLISSQSLLLLVKADNLKI,length1,63
-1,1774958,1774937,21,MQIKGIT,length1,21
-1,1774901,1774886,15,MLKLS,length1,15
-1,1774736,1774718,18,MNQNLM,length1,18
-1,1774700,1774682,18,MWQVMP,length1,18
-1,1774574,1774472,102,MLKQWCHILPTREFPSGTKYEVKPLVVYVLQNLL,length1,102
-1,1774448,1774370,78,MVLLRQKTSAQPPFQRQITSQAKIRN,length1,78
-1,1774220,1774196,24,MLEFALAQ,length1,24
-1,1774133,1774115,18,MTFALS,length1,18
-1,1774028,1773995,33,MCNGTTTKDST,length1,33
-1,1773596,1773554,42,MKFLLKRLYLQDNI,length1,42
-1,1773521,1773458,63,MKLKLIALVFALVQILSQKPR,length1,63
-1,1773416,1773404,12,MIEQ,length1,12
-1,1773221,1773179,42,MPPMDYAIRELHQK,length1,42
-1,1773074,1773026,48,MTHRQIFSFVLLGLNV,length1,48
-1,1772381,1772336,45,MHIQCATANFLIPTG,length1,45
-1,1772174,1772138,36,MMISITTTNKGL,length1,36
-1,1772012,1771982,30,MIRSPLLQYI,length1,30
-1,1771328,1771223,105,MCVLKQINLNKRLRGLYFFGKTLSRQFCDHCIAFN,length1,105
-1,1771085,1770914,171,MMCFATFILNILQIEIFCWRGVSKYACVLRGCWNNFRLHFTAIDNFKQFWNIDIFRR,length1,171
-1,1770803,1770773,30,MYNIKQIETN,length1,30
-1,1770452,1770254,198,MLLNQCLSHFLPQNLFQLAFLLDEVEWKEVGRHQEFLINTVIHQQEYSVILEYIDALPIRNFGVSL,length1,198
-1,1769342,1769333,9,MLF,length1,9
-1,1768997,1768949,48,MGNKLITAIYSQSILS,length1,48
-1,1768382,1768349,33,MSIQCNSWKIF,length1,33
-1,1768148,1768112,36,MGSSATNISDNP,length1,36
-1,1767401,1767389,12,MFAT,length1,12
-1,1767329,1767269,60,MLSLLSQIVQQGACVNRLVQ,length1,60
-1,1767071,1767062,9,MTL,length1,9
-1,1767029,1766873,156,MIAIITNRRNFALLNGFTQRTSGVAQMFTITEFTGAQNILKFSIAFCDLLCI,length1,156
-1,1766870,1766831,39,MPKAKFSNSGRIN,length1,39
-1,1766810,1766798,12,MVKT,length1,12
-1,1766783,1766774,9,MLP,length1,9
-1,1766720,1766711,9,MIN,length1,9
-1,1766345,1766312,33,MDRLNHATHTL,length1,33
-1,1766120,1766111,9,MAM,length1,9
-1,1766009,1765991,18,MKKIFA,length1,18
-1,1765025,1764974,51,MLSSTVWHDVSFFLPNG,length1,51
-1,1764965,1764956,9,MHA,length1,9
-1,1764815,1764728,87,MLNPLLPLNDEHVNDLDGMGFYLYVHGDK,length1,87
-1,1764608,1764587,21,MYSRHPP,length1,21
-1,1764563,1764548,15,MESLD,length1,15
-1,1764002,1763978,24,MLKTRQEK,length1,24
-1,1763669,1763648,21,MFFFVFM,length1,21
-1,1763618,1763552,66,MLKLTIRRNRKCGQFFTLKSYC,length1,66
-1,1763282,1763222,60,MPRNLFWRITNKIIFRTTSP,length1,60
-1,1762934,1762907,27,MNITALCRN,length1,27
-1,1762895,1762883,12,MGLN,length1,12
-1,1762844,1762841,3,M,length1,3
-1,1762712,1762679,33,MSNGVFLRTFL,length1,33
-1,1762640,1762613,27,MLIHRINME,length1,27
-1,1762406,1762379,27,MNISLFVLR,length1,27
-1,1762229,1762217,12,MLNQ,length1,12
-1,1762061,1762037,24,MQSEPHFK,length1,24
-1,1761947,1761764,183,MAQRHPIQQMQITQASRAVLNIWLKVISRIVITLITFYLLLHFGIKKIFFRPKICTFYQFI,length1,183
-1,1761293,1761209,84,MNCLLLDRSRFIIKKNKKGVYLRPYPII,length1,84
-1,1761104,1761089,15,MFVLC,length1,15
-1,1761086,1760981,105,MAAIFGFYCPTISHYAHFFFACVNHWLNGKHHSGF,length1,105
-1,1760951,1760834,117,MQYLRFAVKFRTDTMSAIFTHNAESLAFRIFLHGFTYFI,length1,117
-1,1760582,1760435,147,MIIQTSRNNLLFIYHIFMANAIKFACGYACFYVRFNHHKHIGSQFADLT,length1,147
-1,1760318,1760312,6,ME,length1,6
-1,1759880,1759796,84,MYPSNVRWNTLPLLTGSTQKCGQIQTRF,length1,84
-1,1759715,1759703,12,MLMK,length1,12
-1,1759667,1759658,9,MKF,length1,9
-1,1759637,1759550,87,MTKKALLFAVRKILFIFSNLMLILLLNSL,length1,87
-1,1759319,1759298,21,MKSFKFY,length1,21
-1,1759238,1759226,12,MIAL,length1,12
-1,1759106,1759082,24,MNFVLHQS,length1,24
-1,1758974,1758932,42,MNIMALIQWGFYAH,length1,42
-1,1758752,1758701,51,MKFISGKMAIRKFTVLN,length1,51
-1,1758524,1758506,18,MNFINY,length1,18
-1,1758329,1758296,33,MQWSIPFRNYN,length1,33
-1,1758200,1758179,21,MQALIVH,length1,21
-1,1758062,1758002,60,MSKVARRGSHATMTKNIVIQ,length1,60
-1,1757990,1757984,6,MP,length1,6
-1,1757834,1757741,93,MMSQNFIKPLPIKVGELRLQPSIVLQIVKVT,length1,93
-1,1757582,1757492,90,MNHAIRGLWELTEKISAPSGLVAMIMAKQN,length1,90
-1,1757327,1757204,123,MVRISVAKHHLPLSRQQLKQKHHHKKACGTYWIIPIHPLNN,length1,123
-1,1757033,1756163,870,MTQQLPILSLKKIYSGKVRDLYEIDDKRMLMVASDRLSAFDVILDDPIPRKGEILTQISNFWFNKLAHIMPNHFTGDSVYDVLPKEEADLIRDRTVVCKRLNPIKIESIVRGYLTGSGLKDYKQTGTICGLKLPEGLVEASKLPEAIFTPSSKEEVGNHDINISYAECEKLIGADLAAQVKEKAIALYTVAAEYALTKGIIICDTKFEFGLDENGTLTLMDEVLTPDSSRFWSVDTYQAGTNPPSFDKQFVRDWLENSGWNKQAPAPKVPENIIQKTVDKYQEALDLLTK,length1,870
-1,1756145,1756130,15,MHKAK,length1,15
-1,1756112,1755962,150,MHKTLDKEEKCGYTLSNFYSQKSIIYSILIISKENICQILFYRIYLKDKK,length1,150
-1,1755887,1755869,18,MPTPLI,length1,18
-1,1755857,1755794,63,MKMITMQSLKKPWRMVLKMLD,length1,63
-1,1755767,1755677,90,MKALPQFNVVHSIFLQAAFLTSIQRLLVAP,length1,90
-1,1755641,1755635,6,MM,length1,6
-1,1755599,1755566,33,MILNVSIVMVY,length1,33
-1,1755527,1755494,33,MYNLLKNLAVV,length1,33
-1,1755467,1755383,84,MVLTIKCPLKKPIPLIPICSAQPMKQKT,length1,84
-1,1755323,1755257,66,MKRLKLNLKQSQSLLKMACLWH,length1,66
-1,1755254,1755218,36,MANILIMLLILF,length1,36
-1,1755128,1755083,45,MKHQEWHYCISLTNV,length1,45
-1,1755065,1755023,42,MKIPSNNIVLMAFA,length1,42
-1,1754822,1754786,36,MRHLIQLIVSVN,length1,36
-1,1754768,1754717,51,MYQTPEVNLASMHKQVY,length1,51
-1,1754015,1753970,45,MRACKSNITAYGSPH,length1,45
-1,1753925,1753847,78,MIRCFSHRWFSFKHYIKCERNHNKAH,length1,78
-1,1753361,1753349,12,MPLF,length1,12
-1,1752893,1752803,90,MPPIDNANVRLIPVKTTPLPYDQNFRDQEN,length1,90
-1,1752392,1752386,6,MA,length1,6
-1,1752125,1752077,48,MPPISALKSVLQEFNA,length1,48
-1,1751867,1751750,117,MAGTFSALPNKILPARNANLSIAPQWLMPNRRKPKRPKS,length1,117
-1,1751747,1751690,57,MVARDFTSRISIIVQSHPQ,length1,57
-1,1751057,1751003,54,MMLCDLLFFCYSSFKGYL,length1,54
-1,1750364,1750307,57,MSKWHSLLNQDQSAVLILI,length1,57
-1,1749821,1749764,57,MHCLPVLNNPTLCYKPVWL,length1,57
-1,1749323,1749320,3,M,length1,3
-1,1749239,1749149,90,MDGFLNLRRPSRPLAILLLPISPVVHQWVD,length1,90
-1,1748975,1748963,12,MAVR,length1,12
-1,1748702,1748681,21,MLKPAST,length1,21
-1,1748663,1748411,252,MPDAKSEHKNAAELPTSSIVTVRRNAAVFSKVESIFLKFLMPDAAKVRIGPAEIAFTRIPSFPKSAAITRVAASREAFARHITL,length1,252
-1,1748156,1748060,96,MLSSVATSKGSTISEPNSLANSSTRGCNLSFK,length1,96
-1,1748003,1747922,81,MERLLARPVTKMRLPVKKPIIFPMLLA,length1,81
-1,1747766,1746185,1581,MSYPLEEVNKRRTFAIISHPDAGKTTITEKVLLYGNAIQTAGSVKGKGSAAHAKSDWMEMEKQRGISITTSVMQFPYNNCLVNLLDTPGHEDFSEDTYRTLTAVDSCLMVIDSAKGVEERTIKLMEVTRLRDTPIITFMNKLDRDIRDPMELLDEVENVLKIRCAPITWPIGCGKLFKGVYHLAKDETYLYQSGQGSTIQAVRVVKGLNNPELDVAVGDDLAQQLRDELELVQGASNEFEQDAFIKGELTPVFFGTALGNFGVDHFLDGLTQWAPKPQSRQADTRTVESAEEKFSGFVFKIQANMDPKHRDRVAFMRVVSGKYEKGMKLKHVRIGKDVVISDALTFMAGDRAHAEEAYAGDIIGLHNHGTIQIGDTFTQGETLKFTGIPNFAPELFRRIRLKDPLKQKQLLKGLVQLSEEGAVQVFRPLLNNDLIVGAVGVLQFDVVVSRLKTEYNVEAIYENVNVATARWVECADGKKFEEFKRKNEQNLALDGGDNLTYIAPTMVNLNLAQERYPDVVFYKTREH,length1,1581
-1,1745690,1745687,3,M,length1,3
-1,1745408,1745162,246,MRIVRINQMPINVGIKKYSFPIISKKANAIPKPKRELSWDFSFSQFSAKITKNSAVIENSTPFKLKGKTVPNKFPIAAPSTQ,length1,246
-1,1745024,1744994,30,MPYFSSIDMP,length1,30
-1,1744817,1744778,39,MPRNKNPAIIGTL,length1,39
-1,1744424,1744367,57,MPFDLSTLRHRSNISSGTG,length1,57
-1,1744253,1744172,81,MTSSLCSISDTIAQSARWESNKPTGSV,length1,81
-1,1743710,1743668,42,MLINKINYLDNYFS,length1,42
-1,1743140,1743101,39,MYHYTYTPDLSTS,length1,39
-1,1743065,1742933,132,MTHLLASFVLRCFQHLSLPHLATQQCLWRDNWNTSDASTPVLSY,length1,132
-1,1742840,1742795,45,MANSHTLGTYFSPRM,length1,45
-1,1742756,1742624,132,MNSWAVSACYPRSTFYPLSDGPSIQNHRITMTYFRTCSTCLSRS,length1,132
-1,1742591,1742576,15,MSDRD,length1,15
-1,1742255,1742195,60,MPFVQVGTYPTRNFATLGPL,length1,60
-1,1741541,1741448,93,MSAFALVIRPAHLSMNLLPLTQRSPTQQAYH,length1,93
-1,1741370,1741250,120,MLLIVRRISDTPDAAASVLYFSPVTSSAQADSTSELLRFL,length1,120
-1,1741247,1741220,27,MMAASKPTS,length1,27
-1,1740053,1740008,45,MFSTTLSFHFKVRSI,length1,45
-1,1739282,1739147,135,MNHTVVNALQKVKLSTSGTTHSHGVTGGVYKARERIHRDILIRDY,length1,135
-1,1739087,1738997,90,MRFAPPRSFASLCIRHCSTCVALLVRAMMT,length1,90
-1,1738751,1738646,105,MLHRLCGPPSIHLSFNLAAVLPRRSIYHVSYGRQS,length1,105
-1,1738439,1738424,15,MQFPG,length1,15
-1,1738277,1738268,9,MCY,length1,9
-1,1738022,1737974,48,MRPLSPALSSSDNTRY,length1,48
-1,1737746,1737719,27,MMNFQLSTY,length1,27
-1,1736360,1736306,54,MEHKGRNTAARRFTIIAS,length1,54
-1,1735823,1735772,51,MYPNLPCLPTKITHLLN,length1,51
-1,1735592,1735583,9,MQV,length1,9
-1,1735481,1735466,15,MDNVD,length1,15
-1,1735148,1735112,36,MLHRWYHFSISH,length1,36
-1,1734896,1734884,12,MKLR,length1,12
-1,1734425,1734383,42,MGMKSRFFAFFTQH,length1,42
-1,1734374,1734338,36,MHPKTMLFINNH,length1,36
-1,1734296,1734236,60,MRPHHHLHGTSFDFFKLCLS,length1,60
-1,1734158,1734125,33,MLFCKNFCWRH,length1,33
-1,1733915,1733912,3,M,length1,3
-1,1733855,1733831,24,MCQKLFKN,length1,24
-1,1733813,1733798,15,MLTLL,length1,15
-1,1733765,1733759,6,MQ,length1,6
-1,1733729,1733678,51,MWIKFIRQNFCNLNLVE,length1,51
-1,1733549,1733441,108,MMNFWHMATTFHFAKGLYSHTCLKTITHSRIKIEKT,length1,108
-1,1733276,1733267,9,MKE,length1,9
-1,1733120,1733105,15,MPLIR,length1,15
-1,1732655,1732643,12,MEAD,length1,12
-1,1732052,1732010,42,MPISATCSISSVWI,length1,42
-1,1731875,1731869,6,MR,length1,6
-1,1731734,1731632,102,MPAFSNRTLISCEIRSIKSCRLLRATSTSFFNTS,length1,102
-1,1731212,1731182,30,MEATATGWVM,length1,30
-1,1731116,1731083,33,MSSILSAGKYP,length1,33
-1,1730549,1730522,27,MFSQNHHSQ,length1,27
-1,1730405,1730390,15,MKAVK,length1,15
-1,1730099,1730021,78,MPITQKLMKIFLRHLVQIKYKDYLET,length1,78
-1,1729919,1729910,9,MMI,length1,9
-1,1729865,1729829,36,MLVLYSVRCLTE,length1,36
-1,1729748,1729682,66,MVLVVSAVSYSVQHNIVMTLKL,length1,66
-1,1729631,1729592,39,MIQLTVVSTALLK,length1,39
-1,1729586,1729577,9,MVT,length1,9
-1,1729568,1729523,45,MVKLSVSLQNVIQQT,length1,45
-1,1729463,1729415,48,MKLLVNISLQAQKKLY,length1,48
-1,1729397,1729370,27,MQPLCSFVV,length1,27
-1,1729283,1729256,27,MKLSVSKMV,length1,27
-1,1729211,1729127,84,MVHQLKTGAAAAVHHKTSFHLQQVQRKQ,length1,84
-1,1729013,1728953,60,MMQSNKQSKMQRKVKRSMAN,length1,60
-1,1728926,1728890,36,MLLFLLTSTVVL,length1,36
-1,1728875,1728854,21,MQKQVSH,length1,21
-1,1728677,1728650,27,MNKGSLKII,length1,27
-1,1728581,1726760,1821,MKSKNRVNMNLDLHFVHRIQQQAKTRANMTALRYKEHGLWRDISWKNFQEQLNQLSRALLTHNIDVQDKIAIFAHNMERWTIADIATLQIRAITVPIYSTNTAQQAEFILNHADVKILFVGDQEQYDQALEIAHHCPKLQKIVAMKSTIQLQQDPLSCTWESFIETGSNAQQDELTQRLNQKQLSDLFTIIYTSGTTGEPKGVMLDYANLAHQLETHDLSLNVTDQDISLSFLPFSHIFERAWAAYILHRGAILCYLEDTNQVRSALTEIRPTLMCAVPRFYEKIYAAVLDKVQKAPKLRQIMFHWTISVGQKHFDLRANNKAIPFLLKKQFALADKLVLSKLRQLLGGRIKMMPCGGAKLEPAIGLFFHAIGINIKLGYGMTETTATVSCWHDFQFNPNSIGTLMPKAEVKIGENNEILVRGKMVMKGYYKKPEETAQAFTKDGFLKTGDAGEFDEQGNLFITDRIKELMKTSNGKYIAPQYIESKIGKDKFIEQIAIIADAKKYVSALIVPCFDSLEEYAKQINIKYHDRLELLKNSDILKMFEQRINAVQKELAHFEQVKKFTLLSQAFSIKLGEITPTLKLRRKVILERYRKQIEAMYHSQEA,length1,1821
-1,1726439,1726421,18,MWKFFL,length1,18
-1,1726367,1726202,165,MWRTCRYFIKRMNLNFGHAAFINHPFIFYVTSMAIIICIIIHAKQRMFRQNGINL,length1,165
-1,1725989,1725977,12,MLRG,length1,12
-1,1725824,1725809,15,MIITE,length1,15
-1,1725806,1725803,3,M,length1,3
-1,1725794,1725764,30,MHDHMRPMRH,length1,30
-1,1725608,1725374,234,MAFGFIHNTHRHFDFIPFWLNSTCCPLHNLLFCWQTLYIFCGNLQINQYTSHSILLNSFQFLTALLHLLNTYNKRVGL,length1,234
-1,1725173,1725128,45,MSAINISFSFPSKTN,length1,45
-1,1725116,1725092,24,MFFCHCDC,length1,24
-1,1724876,1724813,63,MGSTSFTSKQLIFLKINKTTI,length1,63
-1,1724696,1724687,9,MLF,length1,9
-1,1724279,1724174,105,MDLSLKNRYSSHLINQRFYDDLYTRECYFNEINII,length1,105
-1,1724108,1723499,609,MQVSRRKFFKICAGGMAGTSAAMLGFAPANVLAAPREYKLLRAFESRNTCTYCAVSCGMLLYSTGKPYNSLSSHTGTNTRSKLFHIEGDPDHPVSRGALCPKGAGALDYVNSESRSLYPQYRAPGSDKWERISWKDAIKRIARLMKDDRDANFVEKDANGKTVNRWATTGIMTASAMSNEAALLTQKWIRMLGMVPVCNQANT,length1,609
-1,1723448,1721024,2424,MTNNWVDIKNANLIIVQGGNPAEAHPVGFRWAIEAKKNGAKIIVIDPRFNRTASVADLHAPIRSGSDITFLMGVIRYLLETNQIQHEYVKHYTNASFLIDEGFKFEDGLFIGYNEEKRNYDKSKWNYQFDENGHAKRDMTLQHPRCVINILKEHVSRYTPEMVERITGVKQKLFLQICEEIGKTSVPNKTMTHLYALGFTEHSIGTQNIRSMAIIQLLLGNMGMPGGGINALRGHSNVQGTTDMGLLPMSLPGYMRLPNDKDTSYDQYINAITPKDIVPNQVNYYRHTSKFFVSMMKTFYGDNATKENGWGFDFLPKADRLYDPITHVKLMNEGKLHGWILQGFNVLNALPNKNKTLSGMSKLKYLVVMDPLQTESSEFWRNFGESNDVNPAEIQTEVFRLPTTCFAEEDGSIVNSGRWAQWHWKGCDQPGEALPDVDILSMLREEMHELYKKEGGQGIESFEAMTWNYAQPHSPSAVELAKELNGYALEDLYDPNGNLMYKKGQLLNGFAHLRDDGTTTSGNWLYVGQWTEKGNQTANRDNSDPSGLGCTIGWGFAWPANRRVLYSRASLDINGNPWDKNRQLIKWNGKNWNWFDIADYGTQPPGSDTGPFIMSAEGVGRLFAVDKIANGPMPEHYEPVESPIDTNPLHPNVVTDPTLRIYKEDREFIGSNKDYPFVATTYRLTEHFHSWTAQSALNIMAQPQQFVEIGEKLAAEKGIQKGDMVKITSRRGYIKAVAVVTKRLKDLEIDGRVVHHIGLPIHWNMKALNGKGNRGFSTNTLTPSWGEAITQTPEYKTFLVNIEKVGEA,length1,2424
-1,1720883,1720880,3,M,length1,3
-1,1720820,1720805,15,MCWGL,length1,15
-1,1720727,1720715,12,MADS,length1,12
-1,1720607,1720547,60,MYWLWLLYCRLSIQYSTYES,length1,60
-1,1720526,1720439,87,MHPLCGSCFCRTRTSLRENLSNRCDSFRL,length1,87
-1,1720247,1720121,126,MERCIETSRCSGNGWSSSSRSCTLLNRWTKCRRRCRRSSSRI,length1,126
-1,1719779,1719716,63,MNTRLLIMANITLVKKCSFGH,length1,63
-1,1719065,1719050,15,MLSSH,length1,15
-1,1719047,1719005,42,MPEPLRETVSGVNT,length1,42
-1,1718990,1718984,6,MK,length1,6
-1,1718621,1718597,24,MTNSKCGH,length1,24
-1,1718594,1718540,54,MKNLRLFVPKPVVAVKVT,length1,54
-1,1718510,1718507,3,M,length1,3
-1,1718000,1717925,75,MTKAPDGLAARFHTIARNHRLQFEK,length1,75
-1,1717871,1717775,96,MIRLKLLPTWRAINLLSLLAKWQSAVNLVAIF,length1,96
-1,1717736,1717709,27,MLDLIVIQT,length1,27
-1,1716785,1716413,372,MIKKRAPNAQITMTDIHAMALESARKTLSENQLQGEVYASDVFSDIEGKFDLIISNPPFHDGIDTAYRAVTELITQAKWHLNQYGELRIVANAFLPYPELLRQHFGDYEVLAQTGKFKVYSVKN,length1,372
-1,1716266,1716248,18,MDFVIK,length1,18
-1,1715981,1715963,18,MMHTFA,length1,18
-1,1715933,1715849,84,MNIITTLCRNWHNVSKVKFTAKICNKRQ,length1,84
-1,1715645,1715546,99,MKPRCIHVDFLIRPFSFNPNNAVTGGLCFTRCN,length1,99
-1,1715435,1715291,144,MSSSFKICSAAACSALRRLDPFATKVRSIFPALFTLHSTVKIWQWASP,length1,144
-1,1714892,1714856,36,MESPRNSRRSLC,length1,36
-1,1714604,1714520,84,MIPHHKILPLWHKPFCSLHSLLWEKFKV,length1,84
-1,1714487,1714457,30,MCYIAFFSQF,length1,30
-1,1713875,1713836,39,MTFWQHHKTMITP,length1,39
-1,1713509,1713488,21,MWLPIAA,length1,21
-1,1712954,1712879,75,MISICRSPRKPQRKPKPSAVEVSGS,length1,75
-1,1712063,1711979,84,MVIPRSRSRSIESSTCASISRSERPPQV,length1,84
-1,1711844,1711841,3,M,length1,3
-1,1711406,1711400,6,MN,length1,6
-1,1711094,1710437,657,MKNWTDVIGKEKEQPYFQHALQQVHLARANGKTIYPPQEEVFNAFKYTAFEDVKVVILGQDPYHGANQAHGLAFSVKPEVAIPPSLLNMYKELTQDISGFQMPSHGYLVKWAEQGVLLLNTVLTVERGMAHSHANLGWERFTDKVIAVLNEHREKLVFLLWGSHAQKKGQIIDRTRHLVLTAPHPSPLSAHRGFFGCHHFSKTNSYLESNGMKPIDWQI,length1,657
-1,1709783,1709762,21,MSTFHHS,length1,21
-1,1709729,1709726,3,M,length1,3
-1,1709660,1709642,18,MAGCET,length1,18
-1,1709573,1709534,39,MRWPTISIYILTK,length1,39
-1,1709267,1709168,99,MQSLRAKNNIHIRRTMANMFPFLRSHTAAHTNH,length1,99
-1,1708958,1708955,3,M,length1,3
-1,1708748,1708742,6,MR,length1,6
-1,1708442,1708403,39,MIAPVIHQDFISL,length1,39
-1,1708154,1707962,192,MVLKVFANHLKKPDFSSKPDIPMIPPYHTRVFHAPLLFKISSQVTILNTIQSTITMIATMVALI,length1,192
-1,1707854,1707809,45,MALLSTFFNSGGDTQ,length1,45
-1,1707557,1707473,84,MIGKIIPPERAVLEGVAGESKRSKNMVT,length1,84
-1,1707284,1707233,51,MITPETAIAANKITGSP,length1,51
-1,1706900,1706888,12,MQSR,length1,12
-1,1706876,1706843,33,MNHVSVGVNCH,length1,33
-1,1706816,1706804,12,MFPF,length1,12
-1,1706798,1706723,75,MVLIKLWQQRLNEIKTIFCFATDTC,length1,75
-1,1706417,1706369,48,MRGHHAFENKLRKKRF,length1,48
-1,1706342,1706339,3,M,length1,3
-1,1706234,1706126,108,MFCEIMILCERLNFIYNLINLVLAGSRTDFCIFSAH,length1,108
-1,1705961,1705949,12,MPRF,length1,12
-1,1705691,1705646,45,MLQNLTALLYKNKFS,length1,45
-1,1705559,1705340,219,MGRQELILAIESRSLVMLILVFNLIHRINHRTITITNNSHRFISKLNFFWFTSNAVSTFTKLFNSKQWNVCFA,length1,219
-1,1705295,1705208,87,MIGNENIDVFTRCYTGNHVFHHGWNTTTN,length1,87
-1,1705160,1705085,75,MTTRCTANHTVRASQYIHVKFSVDF,length1,75
-1,1704998,1704977,21,MIWVTGK,length1,21
-1,1704914,1704911,3,M,length1,3
-1,1704407,1704377,30,MRMNIYRFIQ,length1,30
-1,1704176,1704167,9,MMK,length1,9
-1,1703849,1703675,174,MRFACSTSFCVGANKLCNNSIWRGLIKDLPSKPSCLINAASFKKPSSLFALEYTVSKA,length1,174
-1,1703672,1703579,93,MPAARAACKIEQRAKSSSIPSGERSVFKLRT,length1,93
-1,1703492,1703426,66,MAASILVEPASRPQAFSISVMA,length1,66
-1,1703195,1703180,15,MESGL,length1,15
-1,1703159,1703093,66,MAAFEPGTNNILLLNFIAQPPS,length1,66
-1,1702676,1702598,78,MWLLAVFLGISITFIFGAFISASINQ,length1,78
-1,1702568,1702517,51,MGQFSSVPTKRCVIPKA,length1,51
-1,1702106,1702100,6,MI,length1,6
-1,1701944,1701893,51,MILPAKPPQTTICSLSL,length1,51
-1,1701827,1701755,72,MRESFFCSVEIRSNCIDSPKKKKT,length1,72
-1,1701713,1701650,63,MSKLRYKISSYFSQLYNLILS,length1,63
-1,1701458,1701320,138,MFKAHFIGFITEFIKFSWRHITGNRQMMAARLKILTQREHSHTVIT,length1,138
-1,1701143,1701113,30,MVKDIWRIIF,length1,30
-1,1701008,1700891,117,MTSTTIRQVITIHRCDYHIFKFHILNRFCQFLWLFRIRR,length1,117
-1,1700810,1700792,18,MIKTFV,length1,18
-1,1700759,1700756,3,M,length1,3
-1,1700228,1700174,54,MPYSAKVLTTVCSSAVTN,length1,54
-1,1700144,1700117,27,MSISTYITC,length1,27
-1,1699538,1699340,198,MRITLSQSILTNPIVYQKYPLLPHHSSLVNWHLQYPYHPVDKPLYQSLDLLLMVLVNFYLLIHNEL,length1,198
-1,1699211,1699199,12,MFRN,length1,12
-1,1699103,1699100,3,M,length1,3
-1,1698980,1698977,3,M,length1,3
-1,1698764,1698629,135,MQQSHHYQKQQSHLDLNLLQILVYLNLKTFLMNQGNYAPTHFHQW,length1,135
-1,1698593,1698560,33,MRHQLHNLSSF,length1,33
-1,1698551,1698524,27,MLDIDVDLD,length1,27
-1,1698386,1698359,27,MRFLLFFST,length1,27
-1,1698317,1698287,30,MAYYLPFFVI,length1,30
-1,1698086,1698065,21,MRYQKAC,length1,21
-1,1697789,1697771,18,MFYVLQ,length1,18
-1,1696907,1696784,123,MIGINPAKPITAAKISHQLIPAKNTTNKPDALTKIAVPKSG,length1,123
-1,1696535,1696526,9,MRW,length1,9
-1,1696097,1696049,48,MQFFFQSHRIVFFIFF,length1,48
-1,1695836,1695779,57,MRRIYFAIIDQYRRCFCYL,length1,57
-1,1695143,1694891,252,MNTFSRHSRSATQSTDYFAAIINFYFFKTRGTLQYILVITFNTQFSNIVRPRIIRKFILSFQTFYIFIIHFTYIAQNMRHCFAI,length1,252
-1,1694885,1694858,27,MAFEIRTYL,length1,27
-1,1694744,1694705,39,MFNIVIRQSHNVA,length1,39
-1,1694402,1694375,27,MSWRIEKFF,length1,27
-1,1694336,1694258,78,MIRMISSERPRAIQTFSHYNTNKWVR,length1,78
-1,1693775,1693757,18,MICTIA,length1,18
-1,1693415,1693379,36,MSKLKLFLLCCP,length1,36
-1,1692764,1692761,3,M,length1,3
-1,1692668,1692659,9,MNA,length1,9
-1,1692347,1692344,3,M,length1,3
-1,1692071,1692050,21,MYKNHGN,length1,21
-1,1691915,1691792,123,MQRMRIQFQAILISEMGNNNAAKQHATNAKPNPADLPMPDP,length1,123
-1,1691720,1691654,66,MKFNSFGLYPSYFLKTLTKLKK,length1,66
-1,1691420,1691375,45,MGKTILDVCRWLSFA,length1,45
-1,1691135,1691129,6,MA,length1,6
-1,1691108,1691057,51,MDGTSCLLQNTIFIRKS,length1,51
-1,1690940,1690802,138,MGISRSNDGTWRGNSAYDGIFSVWLCHLHNPHRILARSSINILEFY,length1,138
-1,1689767,1689614,153,MASAIKNAKKHCNRNAFFDTFSAIFCMFDKVIFYFLSNKTNFHFKRYNYVI,length1,153
-1,1689284,1689242,42,MCASWCNTSRTPRN,length1,42
-1,1688783,1688711,72,MPTRTRSRHFRTWYGINWWRCFIT,length1,72
-1,1688402,1688384,18,MDVIAQ,length1,18
-1,1688306,1688165,141,MAFQKILLIPINYKLKTKYYANSFWKKMQIYFYLINSKLKISDYVFY,length1,141
-1,1688144,1688048,96,MNTKKLPKFLLQKQIFIANKLLLIKAKKTVLM,length1,96
-1,1688030,1687958,72,MKKASLDKLFPWAKILAEYCYSQT,length1,72
-1,1687925,1687880,45,MMFVLLRVGLGIPMN,length1,45
-1,1687694,1687667,27,MYFYFGQVT,length1,27
-1,1687589,1687571,18,MKQIIE,length1,18
-1,1687532,1687463,69,MKKKPLLNQIFQQIFFKMKKIFP,length1,69
-1,1687409,1687277,132,MVHYFKLLCYCLCIRTCTLASWFPNAKACVACTCITLLGISYSQ,length1,132
-1,1687001,1686956,45,MAVGIFINAQNTQKS,length1,45
-1,1686917,1686866,51,MIYECFKHLIQWLIAIQ,length1,51
-1,1686620,1686602,18,MKTMLY,length1,18
-1,1686398,1686335,63,MYFYLRITNKMPRKKYIWKCG,length1,63
-1,1685993,1685981,12,MINS,length1,12
-1,1685489,1685453,36,MTFLTMMKYVIT,length1,36
-1,1685351,1685336,15,MWAST,length1,15
-1,1684472,1684430,42,MLTDDKVPLLSRLI,length1,42
-1,1683656,1683548,108,MLVQVEHQVTLHPTLHLALLPYYGILAWADSVLPLH,length1,108
-1,1682849,1682837,12,MCAE,length1,12
-1,1682702,1682648,54,MNKLSSSKVKSSNFYLHQ,length1,54
-1,1682609,1682507,102,MVEWLKAPVLKTGEGLRPPRVRIPIPPPSELRNP,length1,102
-1,1681835,1681832,3,M,length1,3
-1,1681727,1681682,45,MNGIIMKFKNQMTIN,length1,45
-1,1681664,1681628,36,MGICLQKATMYF,length1,36
-1,1681550,1681514,36,MAIIMSIAAKSC,length1,36
-1,1681295,1681262,33,MKPYTTSRHYL,length1,33
-1,1680722,1680641,81,MSFGASPFSTHPPIISHKIRRKYSWRV,length1,81
-1,1680347,1680257,90,MESKPLSAPSKANIRLLLLRIAPICICITQ,length1,90
-1,1679864,1679771,93,MGSSVVPTNFTFIFCIMPRAENSGCCNISLH,length1,93
-1,1678199,1678145,54,MFYLSIMLVHHQKSPKLY,length1,54
-1,1678100,1678043,57,MNPKVQGDNYYQKQFLRLF,length1,57
-1,1677983,1677935,48,MKYHLNKSHQLAEVLQ,length1,48
-1,1677731,1677683,48,MQRHNELESLLMNLLD,length1,48
-1,1677587,1677572,15,MLFFS,length1,15
-1,1677353,1677161,192,MIPKYAISILYALNTGNKTGTKINTAGIKSITHPTSNKNSIIINIKIVGLSVNPLIVWTNSVGI,length1,192
-1,1677089,1677041,48,MVPMKTSFNLENVKPL,length1,48
-1,1677026,1677017,9,MPA,length1,9
-1,1676951,1676753,198,MIGNNKGQNAFLKATHLSLPVCFLSRLVSLFLYKIFQVTHNPTTINKPGTVPPINNLVMDAPAVIP,length1,198
-1,1676750,1676561,189,MIIGMLGGITTEIIPAAQINPVERAPSYFLEIIIGISIAPNAAVSATAEPDNPANINPEMIAT,length1,189
-1,1676513,1676378,135,MIRSEIPPCFIISPVSIKKGIAIKGKLFVPITKFSVINCVSNISR,length1,135
-1,1676237,1676213,24,MLNMTIKK,length1,24
-1,1676081,1676003,78,MHIFATIKTIFLYCSGNAEIIISTVR,length1,78
-1,1675775,1675763,12,MSNL,length1,12
-1,1675655,1675634,21,MHSPCHF,length1,21
-1,1675631,1675613,18,MLHLVR,length1,18
-1,1675340,1675334,6,MQ,length1,6
-1,1675202,1675196,6,MK,length1,6
-1,1674878,1674833,45,MQYVMDVYQNYNVLT,length1,45
-1,1674815,1674803,12,MHCY,length1,12
-1,1674686,1674677,9,MIR,length1,9
-1,1674623,1674521,102,MRCINFISSKHIQCLLKFPLACSRTINIQFFKGN,length1,102
-1,1674449,1674287,162,MQSIFDRNISTRCLHNNFCHTTTCNFLNSFNVILLMRIYNMFNSQGFCILKTLF,length1,162
-1,1674170,1674167,3,M,length1,3
-1,1674161,1674158,3,M,length1,3
-1,1674122,1674113,9,MNR,length1,9
-1,1674086,1674026,60,MSGMSNYLLHTSINMNTNYL,length1,60
-1,1673882,1673855,27,MPKYSWISY,length1,27
-1,1673678,1673663,15,MPLTE,length1,15
-1,1673639,1673633,6,MI,length1,6
-1,1672967,1672916,51,MDRRSSNNFICYSKEKC,length1,51
-1,1672745,1672706,39,MALVWTKRSCFFI,length1,39
-1,1672517,1672511,6,MD,length1,6
-1,1672475,1672466,9,MRN,length1,9
-1,1671992,1671917,75,MVCRNSTITSKWFYNVYGFLWRTLR,length1,75
-1,1671449,1671446,3,M,length1,3
-1,1671434,1671431,3,M,length1,3
-1,1670873,1670711,162,MISKAVSVASDTQASGSVIHSNIIFPIIELNRSESSDHNDFMMKSNRYLHLRDN,length1,162
-1,1670486,1670351,135,MTFITDVLNQMQCQTIIRQMNFAVLFADDQYFLPSSTIHTFCHAN,length1,135
-1,1670315,1670288,27,MLEHVQRTI,length1,27
-1,1669796,1669787,9,MTL,length1,9
-1,1669205,1669190,15,MAFFG,length1,15
-1,1669115,1669109,6,ML,length1,6
-1,1669064,1669055,9,MMN,length1,9
-1,1668683,1668614,69,MRKCQYDVSKRPQAVLSEHPVNS,length1,69
-1,1668149,1668131,18,MQNERG,length1,18
-1,1668119,1668113,6,MT,length1,6
-1,1667738,1667723,15,MATPD,length1,15
-1,1666847,1666781,66,MVDKRWAITITVRSFFNSSNAD,length1,66
-1,1666778,1666595,183,MARSDSVSSADVASSKINTGELRNKARAIAKRWRCPPDRLAPFSPITVSKPCGNFSINSKA,length1,183
-1,1666520,1666502,18,MVSLNK,length1,18
-1,1666376,1666277,99,MVDLPDPERPTKATVFPAGTLKEILFNASSSFP,length1,99
-1,1666184,1666169,15,MANSV,length1,15
-1,1665968,1665887,81,MESAVTIFIPLRRMLLLTLLKRSSSTN,length1,81
-1,1665656,1665608,48,MVIKDPEEELAIISES,length1,48
-1,1665512,1665479,33,MTTLPDTHAKQ,length1,33
-1,1665026,1664870,156,MKPFHNRIMREFPRIPTPTRNNRYIWSNLRKQVFTCRCFTPMMPHLQHIDFA,length1,156
-1,1664777,1664654,123,MGIISSCRNVVRRKYLKMQPLPMPITPSSTKSAVIFPIVFP,length1,123
-1,1663916,1663910,6,MK,length1,6
-1,1663712,1663688,24,MSPHYLNK,length1,24
-1,1663580,1663502,78,MNKTGGAKDLHNTRQAKSNSHSQPNM,length1,78
-1,1663481,1663454,27,MRSIGLLVN,length1,27
-1,1662998,1662956,42,MKIAKRGNKKSKAN,length1,42
-1,1662746,1662677,69,MQTVASNFAIHIVKINFSGKFTC,length1,69
-1,1662560,1662554,6,MY,length1,6
-1,1662542,1662107,435,MSKASLSLLDLAGVKPYQMKKDEEYMNEEQILHFRKILNAWHEQIVEEASRTVAHMQDEVTNFPDPADRATQEEEFSLELRNRDRERKLMKKIEATLKKLDTDDFGYCDCCGEEIGIRRLEARPTADLCIDCKTLAEIREKQVAG,length1,435
-1,1661693,1661684,9,MYP,length1,9
-1,1661597,1661537,60,MSFSGSPFPLSTYYVWSRYY,length1,60
-1,1660634,1660613,21,MVARISI,length1,21
-1,1660490,1660010,480,MITAYIALGSNLNTPVEQLHAALKAISQLPNTHLVTTSSFYKSKPLGPQDQPDYVNAVAKIETELSPLKLLDELQRIENEQGRVRLRRWGERTLDLDILLYGNEIIQNERLIIPHYDMHNREFVIVPLFEIASDLVLPNSQIITELVKQFADHKMIKLNP,length1,480
-1,1659989,1659941,48,MNLKSAVESAHIFLHS,length1,48
-1,1659932,1659458,474,MESLTQYIPDEFSMLRFGKKFAEILLKLHTEKAIMVYLNGDLGAGKTTLTRGMLQGIGHQGNVKSPTYTLVEEYNIAGKMIYHFDLYRLADPEELEFMGIRDYFNTDSICLIEWSEKGQGILPEADILVNIDYYDDARNIELIAQTNLGKNIISAFSN,length1,474
-1,1659062,1659047,15,MARRR,length1,15
-1,1656680,1656650,30,MAIGFTTNTD,length1,30
-1,1656590,1656572,18,MATIFR,length1,18
-1,1656470,1656449,21,MPDGNAD,length1,21
-1,1656398,1656395,3,M,length1,3
-1,1656017,1655963,54,MMRYAKWRILPHKAKSRY,length1,54
-1,1655897,1655759,138,MKIFVPSLNKKQLNKVGQHCIQNSPKSIPFLPPELIPVILNESIVL,length1,138
-1,1655690,1655612,78,MILCNLQLRRKIAMFCMNASNNAFIK,length1,78
-1,1655573,1655558,15,MHVAI,length1,15
-1,1655096,1655051,45,MVGKIPLFCRLHCLY,length1,45
-1,1654022,1654019,3,M,length1,3
-1,1653848,1653821,27,MARFFRSRF,length1,27
-1,1652861,1652807,54,MGKTSTCARSSSIWRIIS,length1,54
-1,1652579,1652552,27,MVRQCSYFR,length1,27
-1,1652498,1652489,9,MLC,length1,9
-1,1651892,1651856,36,MAAVVVLNYYAK,length1,36
-1,1651703,1651697,6,ML,length1,6
-1,1651673,1651565,108,MLVFLAQSTSLHFQKNPKVRLIPLLIFCAVLQDLQV,length1,108
-1,1651109,1650995,114,MSDNLHAFSQVIQDERQNYQLTEADSHFLTIIEKRVAH,length1,114
-1,1650488,1650374,114,MILTNLICYLTHCNNYNFSDEAIGVYARFFEYAPHHLG,length1,114
-1,1650260,1650224,36,MYVETLALMQWH,length1,36
-1,1650128,1650113,15,MQTYH,length1,15
-1,1649879,1649777,102,MEYHILLIPERALAYCRLHQSQWLIGLGGLFLLT,length1,102
-1,1649546,1649531,15,MPNYD,length1,15
-1,1648472,1648460,12,MAFS,length1,12
-1,1647986,1647983,3,M,length1,3
-1,1647836,1645715,2121,MSNFGVIKRDGSRAEFEIQRIINAIKKAASAVNISDEFYCHQIGQEVGNEIFTRHQGEIDINQIQKVVEDKLMASRYPEIARAYIEYRHDRDLAREKRSQLTKEIEGLIEQSNVELLNENANKDAKVIPTQRDLLAGIVAKHYAKHHILPRDVVEAHEKGEIHYHDLDYAPFFPMFNCMLVDLEGMLSRGFKMGNAEIEPPKSIGTATAVTAQIIAQVASHIYGGTTINRIDEVLSPYVQISYEKHLKHAQEWNVPDVEGYAKALIEKECFDAFQSLEYEVNTLHTSNGQTPFVTFGFGLGTSWQSRLIQQAILKNRIRGLGKNHKTPVFPKLVFTIKKGLNQNKGDPNYDIKQLALECASKRMYPDILNYDQVVKVTGSFKAPMGCRSFLGAYEENSHEIHDGRNNLGVVSLNLPRIALESKNEEDFYRTLDERLAIAKKALMTRVARLENTKARVAPILYMEGACGVRLKADENVAQIFKNGRASISLGYIGIHETINALYKKGHIFDDEQLREKGIAIVRHLSEAVKRWQKETGYAFSLYSTPSENLCDRFCRLDTKKFGVIEGITDKGYYTNSYHLDVEKKVNPYDKLDFEMSYPPLASGGFICYGEYPNIQHNLKALEDVWDYSYDRVPYYGTNTPIDECYECGFTGEFECTSKGFVCPKCGNHDSTKVSVTRRVCGYLGSPDARPFNAGKQEEVKRRVKHL,length1,2121
-1,1645007,1644908,99,MFIGLFFRFSLYFDRTSSARKRLFTKRNESGNH,length1,99
-1,1644527,1644377,150,MPIAISSLRAASAVAQSLAARASLRCLISASIFATSSSSEPACKNFSGSC,length1,150
-1,1643969,1643951,18,MPEWIQ,length1,18
-1,1643417,1643381,36,MILSSTSVILRT,length1,36
-1,1642955,1642946,9,MAL,length1,9
-1,1642913,1642865,48,MKKQPKHQSKMKRTIV,length1,48
-1,1642778,1642769,9,MIS,length1,9
-1,1642715,1642658,57,MRYLVKWLKGWMLLIKSKK,length1,57
-1,1642628,1642610,18,MFLLKM,length1,18
-1,1642526,1642460,66,MVNFRIPVTLMDIFHLKWLKNV,length1,66
-1,1642445,1642436,9,MRN,length1,9
-1,1642388,1642382,6,MV,length1,6
-1,1642376,1642358,18,MAIILK,length1,18
-1,1642325,1642292,33,MIKGLAGLNLN,length1,33
-1,1642253,1642208,45,MIKELKLLNICQGML,length1,45
-1,1642172,1642145,27,MQAHYLTSR,length1,27
-1,1641926,1641884,42,MLSKPMCKKYWLWR,length1,42
-1,1641821,1641770,51,MGLGSILFIFKNTPKMI,length1,51
-1,1641737,1641704,33,MQIARQWQKLV,length1,33
-1,1641674,1641557,117,MNFGQSNVIFLKANFIWQSNLIYPSIFTVEKLMIKFLLF,length1,117
-1,1641440,1641386,54,MNEPIKLVKQSRSCRLMP,length1,54
-1,1641278,1641263,15,MNLLN,length1,15
-1,1641239,1641185,54,MLARFFLDPRHITEIILN,length1,54
-1,1641155,1640900,255,MVTSGNYASYYLALLPSENGETIDNWVLPLGTQGLTFEADSWNSLGMRSNVSCFMRMTDMPLDRSWRVAWNSPLITCMPWQLEQR,length1,255
-1,1640756,1640720,36,MYFRLRRHQSSF,length1,36
-1,1640546,1640531,15,MKLAN,length1,15
-1,1640258,1640141,117,MCNTSLILFSLFCEWIPYIRAFFKLTSAVQNNTVLKNVN,length1,117
-1,1640015,1639949,66,MLGGLLAIHYGKKINGGKYHLE,length1,66
-1,1638896,1638890,6,MY,length1,6
-1,1638560,1638434,126,MDEKAQALKTYYPRSTLSYVFSQVLQFQPHHILPLKDSMGFQ,length1,126
-1,1638383,1638374,9,MLY,length1,9
-1,1637984,1637945,39,MKKLTALYVLKNV,length1,39
-1,1637777,1637666,111,MRTTNSECGNSSVGRARPCQGRGREFEPRFPLQFVAC,length1,111
-1,1637633,1637630,3,M,length1,3
-1,1637576,1637483,93,MCPSGGIGRHKGFKIPRLSRRASSSLASGTI,length1,93
-1,1637060,1637039,21,MFIQCFR,length1,21
-1,1636985,1636898,87,MRRTQEDSCFTRFKLLFQHLISYRTVRFT,length1,87
-1,1636280,1636253,27,MCYSGSSIA,length1,27
-1,1635773,1635749,24,MHKTFIIL,length1,24
-1,1635743,1635734,9,MAF,length1,9
-1,1635536,1635506,30,MGMASMHKAT,length1,30
-1,1635503,1635458,45,MTTMGNHVLSSIAFR,length1,45
-1,1635302,1635296,6,MD,length1,6
-1,1635227,1635215,12,MKLI,length1,12
-1,1634855,1634849,6,ML,length1,6
-1,1634213,1634186,27,MLACLGILA,length1,27
-1,1634129,1634114,15,METFF,length1,15
-1,1634045,1634039,6,MM,length1,6
-1,1633778,1633724,54,MGSLHRFNGFILRHNRRN,length1,54
-1,1633565,1633556,9,MFI,length1,9
-1,1633208,1633148,60,MNHFRTEIREFHRFTIRKRW,length1,60
-1,1632848,1632725,123,MYAIATRFKPSFHHCNRKFFPTAINGRFNCIFYFSCLTNFF,length1,123
-1,1632647,1632644,3,M,length1,3
-1,1632599,1632587,12,MRIG,length1,12
-1,1632548,1632521,27,MVGYFGWCR,length1,27
-1,1632494,1632398,96,MSLFDQFRRLGKTFRICKRSAAKFKYAHNWFS,length1,96
-1,1632293,1632212,81,MVIIMAVIVLMITDKVRLFFIVFYLEK,length1,81
-1,1632209,1632116,93,MRKEIPKFPELVKQKVTNFSEIFLVNKFRVN,length1,93
-1,1631756,1631726,30,MNNDRPTRLH,length1,30
-1,1631723,1631717,6,MY,length1,6
-1,1631696,1631657,39,MKKVNQVFNLRKC,length1,39
-1,1631471,1631453,18,MICRAQ,length1,18
-1,1631162,1630928,234,MAITGLLNCFAVRATPIGVLPIILCASIRPSPVITTSASFTWSIKCNRSNTICMPAFSCTLGNNSKPPPIPPAAPAPA,length1,234
-1,1630817,1630757,60,MADAPHSPQSGLFTSHATSM,length1,60
-1,1630595,1630532,63,MPRMKLSTPKSNANLINSPVP,length1,63
-1,1630379,1630346,33,MSLPCVASTRD,length1,33
-1,1630265,1630181,84,MAVATSSAVKLSLKESGAITNFITTPRI,length1,84
-1,1629950,1629926,24,MPPQYLPW,length1,24
-1,1629875,1629818,57,MMANLNVPNLESILLLNQN,length1,57
-1,1629677,1629656,21,MQLMDQL,length1,21
-1,1629644,1629536,108,MDEVPIAKLPLKVRQVRSEMKVNFAFQARLPLCQSL,length1,108
-1,1628873,1628864,9,MLY,length1,9
-1,1627799,1627784,15,MITPS,length1,15
-1,1627757,1627550,207,MIFIARLTIFLAVYLSSCIFVIKKINEDKILRKRKLVKYCFICKKRRETILPHCVFIAIMFYSELEHIP,length1,207
-1,1627544,1627520,24,MPKSLVEK,length1,24
-1,1627472,1627427,45,MKISKIGKTIGILTT,length1,45
-1,1627418,1627205,213,MANAHSSFFLPRNLIKLNAIFSATGQIEVSPCKGSRIMLLTKEEVALFGFPGRIQIVSRRTQRPSTKPFLV,length1,213
-1,1626662,1626629,33,MSSHQRKYQHI,length1,33
-1,1626584,1626578,6,MA,length1,6
-1,1625834,1625594,240,MYNGDVEDLNKPHLYMMSQMEKPTTKAELKSALQGYLIQNEYQDMNNNDKLIDETYDCTELFNALCDVLTRLGYIQPVNL,length1,240
-1,1625588,1625516,72,MYGSFNVPFCFSSKYQFKLRTICI,length1,72
-1,1624988,1624895,93,MERQNRLCINFWRVLRASCCVKQNERGQSCA,length1,93
-1,1624265,1624205,60,MFAVSVCHFACDRSGINAKC,length1,60
-1,1623530,1623506,24,MFNLRIFL,length1,24
-1,1622753,1622609,144,MNNKFCTIFHSAYNAEKSSFYLVLQAVAKLHYYVPLQDLNTPILAKFG,length1,144
-1,1622546,1622513,33,MWCKRAYFFLT,length1,33
-1,1622510,1622483,27,MSIATLLTD,length1,27
-1,1622198,1622021,177,MNPYATLIKSPLFSKVKFYKSIRHAPFIGRLIILKQQNLWGKVLFCLQIYSMKIPLNAN,length1,177
-1,1621907,1621898,9,MDK,length1,9
-1,1621847,1621724,123,MATQYGLRTLFLPIYLLAIICLFIYIEKGFFTLNNKALSSR,length1,123
-1,1621679,1621676,3,M,length1,3
-1,1621568,1621496,72,MPRLPPHFLIGLHIHKRQSKIKVR,length1,72
-1,1621367,1621331,36,MMTARPRQCRPT,length1,36
-1,1621112,1621106,6,MI,length1,6
-1,1621100,1621088,12,MSCG,length1,12
-1,1621076,1621046,30,MLTRLSCKHF,length1,30
-1,1620893,1620887,6,MQ,length1,6
-1,1620527,1620461,66,MGLLYGLGFQLNADRLRVLEYL,length1,66
-1,1620389,1620365,24,MALQPYNK,length1,24
-1,1620278,1620257,21,MQWCLYD,length1,21
-1,1619825,1619804,21,MPFHLVK,length1,21
-1,1619276,1619195,81,MCILLLVQVALRLQTISPFGSSFDRYP,length1,81
-1,1618643,1618634,9,MNA,length1,9
-1,1618628,1618607,21,MLCVVQP,length1,21
-1,1618568,1618535,33,MASHYYRLNHA,length1,33
-1,1618394,1618286,108,MLDFLPLCYAPKSQDQQNHGLSVCKTLCIPHRKHHF,length1,108
-1,1617353,1617341,12,MKLG,length1,12
-1,1617197,1617131,66,MTMHPTAYKSKVKQKSKKSLLA,length1,66
-1,1617089,1617074,15,MLMLF,length1,15
-1,1617065,1617023,42,MAIFGKVKPLVSEE,length1,42
-1,1616975,1616957,18,MAIICH,length1,18
-1,1616954,1616939,15,MCTQN,length1,15
-1,1616930,1616921,9,MHN,length1,9
-1,1616582,1616567,15,MASRH,length1,15
-1,1616543,1616531,12,MALT,length1,12
-1,1616387,1616309,78,MPIKNKQQYPKNFIILSGNKYGAFCS,length1,78
-1,1616063,1616000,63,MDIKIPLSNRQQYAAVYAGQF,length1,63
-1,1614437,1614212,225,MPSESRKNPPFCHREKGRFQCRKLVRRKFSQSDCQNTQAQTKRIGRPLPTLPMPSRRAGRLWLLRHRQSRRIYPI,length1,225
-1,1614113,1614080,33,MAEYGKRKNRL,length1,33
-1,1613825,1612364,1461,MTEPLSKINGIITKNYLEMQPENQYFERKGLGEKDIKPTKIAEELVGMLNADGGVLAFGVADNGEIQDLNSLGDKLDDYRKLVFDFIAPPCRIGLEEILVDGKLVFLFHVEQDLERIYCRKDNENVFLRVADSNRGPLTREQIKNLEYDKNIRLFEDEIVPDFNEEDLDQELLELYKKKVNFTSDNILDLLYKRNLLTKKEGCYQFKKSAILLFSTMPERYIPSASVRYVRYEGTVAKVGTEHNVIKDQRFENNIPKLIEELTYFLRASLRDYYFLDVNQGKFIKVPEYPEEAWLEGVVNALCHRSYNVQGNVIYIKHFDDRLEISNSGPLPAQVTIENIKTERFARNPRIARVLEDLGYVRQLNEGVSRIYESMEKSLLAKPEYREQNNNVYLTLRNRVTAHEKTVSTATMLQIEKEWTNYNDTQKAILLYLFTNGTAILSELVDYTKINQNSIRAYLNAFIQQGIIERQSVKQRDPNAKYAFRKD,length1,1461
-1,1612325,1612247,78,MLNLLKNNDFYLLSKIWHEISKFFYS,length1,78
-1,1612190,1610942,1248,MRRYERYKDSGVDWLGEVPSHWELKRLKQLFVEKKHKQSLSLNCGAISFGKVIEKSDDKVTEATKRSYQEVLKGEFLINPLNLNYDLISLRIALSEIDVVVSAGYIVLKEKQIINKKYFSYLLHRYDVAYMKLLGSGVRQTINYGHISDSILVIPPLSEQQKIAQFLDDKTAKIDQAVDLAEKQIALLKEHKQILIQNAVTRGLNPDVPLKDSGVEWIGQVPEHWDVQRSKFIFKKIERKVNEEDQIVTCFRDGQVTLRANRRTEGFTNALKEHGYQGIRKGDLVIHAMDAFAGAIGISDSDGKATPVYSVCLPHDKQKIDVYFYAYYLRNLALSGFISSLAKGIRERSTDFRYSDFAELLLPIPPYLEQQKIADYLDKQTSKIDRAIALKTAHIEKLKEYKSVLINDVVTGKVRV,length1,1248
-1,1610912,1610846,66,MDFEYRRDNLGVMNKFKKFTKG,length1,66
-1,1610840,1607816,3024,MVSGTKEKDLEIAIEKALTGTWRENMENKLGEPKAEYLPRHHGFKLAFSQDFDAQFAIDTRLFWQFLQTSQEAELARFQQLNPNDWQRKILERLDRQIKKNGVLHLLKKGLDIDSAHFDLLYPVPLASSGEKVKQRFEQNLFSCMRQVPYSASSNETVDMVLFANGLPIIALELKNHWTGQTAIDAQKQYLNRDLSQTLFHFGRCLAHFALDTEEAYMTTKLAGPATFFLPFNLGNNCGKGNPPNPNGHRTAYLWQEVFGKASLANIIQHFMRLDGSTKDPLDKRTLFFPRYHQLDVVRRLIADVSEHGVGKRYLIQHSAGSGKSNSITWLAYQLIEAYPRNEKAANGREADRPIFDSVIVVTDRRLLDKQLRDNIKDFSEVKNIVAPALSSAELRQSLEQGKKIIITTIQKFPFIVDGIADLGDKQFAVIIDEAHSSQSGSAHDNMNRAIGKTEDLDAEDVQDLILQTMQSRKMHGNASYFAFTATPKNSTLEKFGEKQADGKFKPFHLYSMKQAIEEGFILDVIANYTTYKSFYEITKSIEDNPEFDSKKAQSRLKAYVERSQQTIDTKAEIMLDHFIYQVFNRKKLKGKAKGMVVTQNIETAIRYFQALKHLLAGRGNPFKIAIAFSGSKVVDGVEYTEAEMNGFAESETKEYFDQDEYRLLVVANKYLTGFDQPKLCAMYVDKKLSGVLCVQALSRLNRSANKLSKRTEDLFVLDFFNSVEDIQQAFEPFYTSTSLSQATDVNVLHDLKDRLDETGVYEQAEVNDFTEGYFANKDAQQLSSMIDVAVQRFDDELELDLDRNEKVDFKIKAKQFLKIYGQMASIINFENIAWEKLYWFLKFLVPKLKVQDPMDEFDEILDAVDLSSYGLARTKLNYSIKLDDEETELDPQNPNPRGTHGEDKEKDPIDEIIRVFNERWFQDWSATPDEQRVKFINITERIRSHKDFEQKYQNNPDIHTRELAFQAILRDVMSERHRDELELYKLFAKDAAFRTAWTQSLQRALAG,length1,3024
-1,1607513,1607435,78,MPPLRIFFIIRCISSNCLSNLLTSCT,length1,78
-1,1607357,1607309,48,MELMIASILTNILSST,length1,48
-1,1607249,1607000,249,MPPIFFISISCSRKSSKVKSSPFLNFCAIFSAFSRSTERSRSSINESTSPMPKIREATRSGWNGSSASVFSPTPKNLIGLPVI,length1,249
-1,1606466,1606445,21,MAFSSSR,length1,21
-1,1606211,1606175,36,MANNPVFLKKLC,length1,36
-1,1606076,1606067,9,MII,length1,9
-1,1605674,1604669,1005,MRLYGDAGVAIATGLLTFVMLVFSEIFPKTVAAMHAEKVSFFSSHILTSLLKIFYPLVWLMNIFTKSLMQIVGLKLDMQKQVISSEELRSIVSEAGEATPNEQHPQMLLSILDMETVTVDDIMVPRNEIGGINIDDDWRAIMRQLNHAAHNRVVLYKGSLDEQVLGILRVREAFRLLLEKNEFTKETLIRAADEVYFIPESTPLKTQLANFRTNKERIGLVVDEYGDIKGLVTLEDILEEIVGDFTTSTAPSIDKEVIQQSDGSMIIDGSANLRDLNKMFNWELDTEDARTFNGLILEHLEEIPDEGTICEIDGLLITILEVGDNMIKQAKVVKL,length1,1005
-1,1604471,1604429,42,MGQKVPWWCKWHSV,length1,42
-1,1604381,1604369,12,MQLC,length1,12
-1,1604288,1604273,15,MFNAL,length1,15
-1,1604249,1604243,6,MS,length1,6
-1,1603880,1603877,3,M,length1,3
-1,1603766,1603289,477,MLSDITIFILKLLDDMLCAAIPAVGFALVFNVPPKALKYCAILAALGHVTRTLLLHINMPIVFATFFATCVIGFLGVHLSHRYLAHPKAFTVAAIIPMIPGVHAYKAMISMVQIHHFGFSDALFEQMISSFINTSFILGAIVFGLALPGLLFYRQKPVV,length1,477
-1,1603103,1603085,18,MYSTKS,length1,18
-1,1602689,1601402,1287,MIDPNLLRNNLAEVAEKLKVKRNFMLDTEKLTALEDQRKNLQVTTENLQAERNARSKAIGAAKVRGEDIAPLLAEMDDMGNQLTEAKAQLDAVLAEINQIALSIPNLPADEVPLGKDDTENKEILRWGTPHTFDFEVKDHITLGEEANGLDFAAGAKLAGARFAVMKGQIAKMHRALAQFMLDLHTEQHGYLETYVPYLVNHATLYGTGQLPKFGEDLFHTLALEGEQPYALIPTAEVPVTNLVRDVIIDEAELPIKMTAHTPCFRSEAGSYGRDTRGLIRMHQFDKVEMVQIVDPDKSMEALEELTGHAEKVLQLLNLPYRKVLLCTGDMGFGSCKTYDLEVWLPAQNTYREISSCSNMWDFQARRMQARCKAKGDKKTRLVHTLNGSGLAVGRTLVAVLENYQNADGSITVPEELRPYMGGLDVIGK,length1,1287
-1,1600322,1600256,66,MIKLVNPMSQCSTVKLKMFTDE,length1,66
-1,1599146,1599140,6,MD,length1,6
-1,1598948,1598912,36,MVKKHKKYFNVR,length1,36
-1,1598804,1598786,18,MEEYNF,length1,18
-1,1598192,1598186,6,MG,length1,6
-1,1598174,1598153,21,MDCRNTP,length1,21
-1,1597202,1597196,6,MS,length1,6
-1,1597091,1597022,69,MVNLEKFFTAIQQPYKEFKYSDF,length1,69
-1,1596863,1596818,45,MGKPHTTIGITAFHF,length1,45
-1,1596308,1596242,66,MRPLRSSRTRSSPNQSSNAHGR,length1,66
-1,1596047,1596014,33,MALPFRTTGSL,length1,33
-1,1595780,1595708,72,MTGVTASKAPTYPTHQNSMFSVKL,length1,72
-1,1595495,1595411,84,MTPSINLPAPGRHHTLYVHFRVCRVLCF,length1,84
-1,1594208,1594169,39,MARSPGFGSIPCN,length1,39
-1,1593959,1593842,117,MGLPLLVRTRFQVLFHSPHRGSFRLSFTVLVHYRSIRSI,length1,117
-1,1593830,1593773,57,MVPPSSNRISRVPPYFSLA,length1,57
-1,1593761,1593653,108,MVFRYGIITLFDCASQHILLTILLSLTGSFAFARRY,length1,108
-1,1593578,1593425,153,MNSLVDSRFFIYWVSPFGYLGLNASYRLIQAFRRLARPSSPLIAKASTLYA,length1,153
-1,1593353,1593326,27,MRIFIQLNT,length1,27
-1,1593095,1593089,6,MS,length1,6
-1,1592450,1592381,69,MQHLSLSSRRHKLISELFLGCQE,length1,69
-1,1592156,1592036,120,MSVSTFPRGCLRLRYSSTSLRISPLHVEFYPSLKYSSYPV,length1,120
-1,1590869,1590857,12,MFER,length1,12
-1,1590785,1590737,48,MLNHPTIMNLFITFKI,length1,48
-1,1590722,1590701,21,MRNFYRT,length1,21
-1,1590587,1590542,45,MISLHIPTVFHTFRI,length1,45
-1,1590455,1590317,138,MLFTFNIIQNKILLRPIKISIGHINGRCRFSATKCRMNSCRTSISK,length1,138
-1,1589501,1589498,3,M,length1,3
-1,1589348,1589318,30,MRFPKIKSPM,length1,30
-1,1589135,1589132,3,M,length1,3
-1,1589075,1588907,168,MDTHVRLNFIYIGTSFTLTFKVIDNSIFNAHRTKLSMTNFLVGSIKIDKECNSFIK,length1,168
-1,1588763,1588703,60,MNATLNHFCLLRTKFSEFNF,length1,60
-1,1588445,1588424,21,MRRTILA,length1,21
-1,1588364,1588337,27,MCSFIKQFH,length1,27
-1,1588298,1588274,24,MRPYFCLL,length1,24
-1,1588151,1588070,81,MVVILNNSVQNIPIELISKQRLCLYPT,length1,81
-1,1587968,1587860,108,MKRLQIGFFLGQILMNSLNLISIRKLCVDLMGIKMY,length1,108
-1,1587830,1587776,54,MLVIPHKVNLKIQFIVCL,length1,54
-1,1587746,1587734,12,MRAH,length1,12
-1,1587656,1587653,3,M,length1,3
-1,1587641,1587572,69,MVILTILLTQDKMVTLTRLSGVY,length1,69
-1,1587563,1587479,84,MAKFQKKKCLFKQFENGVIVIPLVYKAC,length1,84
-1,1587470,1587428,42,MKLMYSLKMIQVAK,length1,42
-1,1587269,1587266,3,M,length1,3
-1,1586864,1586846,18,MYRQYY,length1,18
-1,1585979,1585970,9,MDW,length1,9
-1,1585214,1585205,9,MFS,length1,9
-1,1585046,1584890,156,MRSAIRLFNTHENHKQATNIGCKFSKGTRKQKYSLKHKPPKVSNAPPRANAG,length1,156
-1,1584818,1584704,114,MCNEEAQQVAAININVSDKSGYQLTVRTANAAITKPVR,length1,114
-1,1584635,1584593,42,MFLFMNYKLKINIA,length1,42
-1,1584497,1584464,33,MNATKTAVRHH,length1,33
-1,1584458,1584419,39,MIRRLSLCNNHIH,length1,39
-1,1584173,1584119,54,MMSKIIINRNAINFTFHF,length1,54
-1,1584053,1584029,24,MMSRSDRH,length1,24
-1,1584020,1583945,75,MHIMLSHYIPFYFCHFFSMMEDSKM,length1,75
-1,1583792,1583621,171,MMKLALDRFEIIKNICMVKTNVIYDKCTRIVMDKFRTFIKESCIIFISFNNKIRAIS,length1,171
-1,1583510,1583501,9,MRT,length1,9
-1,1583468,1583459,9,MIM,length1,9
-1,1583186,1583081,105,MNMFHCISLLIKENEKYDKTTSMNFQKKRPSYQTI,length1,105
-1,1582721,1582709,12,MHTN,length1,12
-1,1582670,1582637,33,MCNFFWLITKN,length1,33
-1,1582589,1582574,15,MIHKF,length1,15
-1,1582490,1582472,18,MTRATW,length1,18
-1,1582463,1582388,75,MVHSFYFWLLTQPFCHFNTAFLMLF,length1,75
-1,1582307,1582247,60,MFSKLIPSSRIRNGSTNHNI,length1,60
-1,1582244,1582235,9,MTH,length1,9
-1,1582196,1582190,6,ML,length1,6
-1,1581908,1581809,99,MVASFNKRKNRISYCCCTTRIKITTCPPLHFAH,length1,99
-1,1581791,1581785,6,MC,length1,6
-1,1581635,1581620,15,MDKCC,length1,15
-1,1581542,1581395,147,MSAFQIESHRYFVWQNFNLTLYRNYDYGISNPSSTRFYFICCIKQWRNR,length1,147
-1,1581212,1581206,6,MA,length1,6
-1,1580942,1580930,12,MGKR,length1,12
-1,1580831,1580810,21,MWLFLYS,length1,21
-1,1580615,1580606,9,MAI,length1,9
-1,1579478,1579391,87,MNCRHFLYHDHLQEHKRFYHPLRHHQQIS,length1,87
-1,1579349,1579337,12,MVGE,length1,12
-1,1579229,1579163,66,MPQLYGSIRFYGSYLLEFHLLH,length1,66
-1,1578875,1577561,1314,MPTLEKTFELKQRGSTVRQEIIAGLTTFLAMVYSVIVVPNMLGAAGFPAESVFIATCLVAGLGSILIGLWANAPMAIGCAISLTAFTAFSLVIGQKVAIPVALGAVFLMGVVFTLISTTGIRAWILRNLPSNIAHGAGIGIGLFLLLIAANGVGLVVSNQAGLPVKLGDFTSFPVMMSLIGLALIIGLEKMKIKGGILWVIIAITIVGLIFDPNVKFGGEIFKMPTFGENSLFLQLDFMGALQPAILPVVFALVMTAVFDATGTIRAVAGQADLLDKDGQIINGGKALTSDSISSLFSGLFGTAPAAVYIESAAGTAAGGKTGITAIVVGVLFLLMLFFQPLAFLVPGYATAPALMYVGLLMLSNVSKLDFDDFVGAMSGLICAVFIVLTANIVTGIMLGFAALVIGRIVSGDIKRLNVGTVIIAIVLVAFYAGGWAI,length1,1314
-1,1577438,1577402,36,MKFTVFKIQVKK,length1,36
-1,1577336,1576697,639,MSNPSCIIIAITGASASGKSSIASTVHKELCNELGCQEIGIITEDSYYKDQSHLEMTERVKTNYDHPNSMDRDLLIQHLKNLKNGSAVDVPVYSYVEHTRTNETTHFTPKRIVILEGILLLTDERVRQLADISVFVDTPLDICFIRRLQRDMEERGRSLQSVIDQYRATVRPMFLQFIEPSKQYADIVIPRGGKNRIAINMLKAQILHLLNQK,length1,639
-1,1576649,1576631,18,MMALFL,length1,18
-1,1576613,1576577,36,MTKSMVRQLMFA,length1,36
-1,1576475,1576424,51,MKFLFQRGKHFSYILVL,length1,51
-1,1576364,1576349,15,MAVLL,length1,15
-1,1576325,1576247,78,MSPHTVLIQVGKEKSCWNFIIQGNYH,length1,78
-1,1576160,1576130,30,MQNIKINKVQ,length1,30
-1,1576004,1575923,81,MNNWHNKTLPFSQSIYHYFLPHFPLKI,length1,81
-1,1575860,1575836,24,METQHFIH,length1,24
-1,1575788,1575779,9,MYR,length1,9
-1,1575725,1575638,87,MAKTIFALNLISLFMEKQKLSIFLSIKRI,length1,87
-1,1575596,1575587,9,MQT,length1,9
-1,1575305,1575287,18,MAKFLV,length1,18
-1,1575239,1575215,24,MICYKTKN,length1,24
-1,1575077,1575062,15,MWILI,length1,15
-1,1574945,1574846,99,MRLKKSYVNVVIFKSCKNPIMARAYYGLRRIYF,length1,99
-1,1574627,1574528,99,MEFLDITSRSNVHCISPFSVLVNYRLTCNAHRT,length1,99
-1,1573565,1573520,45,MGLSLLGKADESVNQ,length1,45
-1,1572731,1572596,135,MPYLLLNQNRILVPIRLVLPQKCGHFHRRFPFFPQKAQVLVPLIE,length1,135
-1,1572191,1572137,54,MWIFPHSGDQQGRRLELP,length1,54
-1,1571612,1571564,48,MDGTRTRDPLRDRQVF,length1,48
-1,1571522,1571351,171,MMNTNLVNLFLLNFTYLLKFHTINAHYYCQSVYPKGNYFHFFYSSSLRILNVLVTHH,length1,171
-1,1570388,1570379,9,MDL,length1,9
-1,1570319,1570304,15,MDSLR,length1,15
-1,1570271,1570238,33,MGKRSCRTQRK,length1,33
-1,1569719,1569650,69,MQVHVSTLKQLITSVMVSMHKVI,length1,69
-1,1569626,1569593,33,MKAVQITSVIL,length1,33
-1,1569584,1569569,15,MLMLL,length1,15
-1,1569515,1569509,6,MA,length1,6
-1,1569485,1569407,78,MVFSRIKNIFLRMVIALATLLKVSMV,length1,78
-1,1569368,1569266,102,MLIKLLQLRQEKLLHNQSAMAFKLVQNMMLTTLL,length1,102
-1,1569254,1569209,45,MVVQIIEKMCRSKMM,length1,45
-1,1569119,1569047,72,MQKLKTIKINTKNVISYLQVSNMN,length1,72
-1,1569026,1568996,30,MVTSNMNVIQ,length1,30
-1,1568879,1568855,24,MIRRRLQQ,length1,24
-1,1568207,1568165,42,MHTIHDNASVNIRI,length1,42
-1,1568108,1568105,3,M,length1,3
-1,1568039,1567838,201,MTYRDNNARFHKIRRIVNGWVFCGNGYFCNHIAIFAEKIFHFRRNFTNIFGAVYAFFLNAEIRPFNM,length1,201
-1,1567817,1567808,9,MLV,length1,9
-1,1567196,1567190,6,MH,length1,6
-1,1567088,1567046,42,MYRHQWLKHILALE,length1,42
-1,1567010,1566998,12,MYLA,length1,12
-1,1566968,1566950,18,MKKQVH,length1,18
-1,1566947,1566914,33,MRYVHLRQPPP,length1,33
-1,1566527,1566521,6,ME,length1,6
-1,1565864,1565807,57,MVKYKPFAKMPSIKSLVTC,length1,57
-1,1565546,1565468,78,MPIFTPVKKGIEYTIILLPVSAMMVS,length1,78
-1,1565297,1565015,282,MRKISFFSSVESIKFSPVEPPTYKPSTFILSILWRIIWRKPFSLMVLSSLNDTNNALKIPFKSRISFLLFYTLFKNYIESFLFSLSGNFFFALH,length1,282
-1,1564880,1564796,84,MRQCHCCCTILFCNFDGMRRFSRITRMA,length1,84
-1,1564742,1564730,12,MIIT,length1,12
-1,1564367,1564352,15,MFSDF,length1,15
-1,1563803,1563713,90,MYDQYAQQYHENLSAKFGSAQSLRQLLLKR,length1,90
-1,1563551,1563530,21,MHLKCHY,length1,21
-1,1563515,1563332,183,MLPLHNQTALHNQQAICLTLGAFPPRHFHVVYEFADVAQFRHFLQSPQQFLSHQYLVLNNA,length1,183
-1,1563245,1563230,15,MFKTS,length1,15
-1,1562519,1562486,33,MLIFSSFNLII,length1,33
-1,1561241,1561196,45,MAHYIPLFFIKRSEV,length1,45
-1,1560857,1560851,6,MP,length1,6
-1,1560617,1560569,48,MSPYSFGSSLCLSVSL,length1,48
-1,1560515,1560509,6,MS,length1,6
-1,1560506,1560488,18,MPQLKN,length1,18
-1,1560287,1560275,12,MLGA,length1,12
-1,1560245,1560182,63,MLVMTMIFAEELLLLLVLLGH,length1,63
-1,1560137,1560089,48,MNLSQNSLLQVLFQVY,length1,48
-1,1559720,1559690,30,MCLLPLPIRL,length1,30
-1,1559636,1559630,6,MP,length1,6
-1,1559213,1559198,15,MNRKL,length1,15
-1,1559183,1558046,1137,MGFIMKLTKTALCTALFATFTFSANAQTYPDLPVGIKGGTGALIGDTVYVGLGSGGDKFYTLDLKDPSAQWKEIATFPGGERNQPVAAAVDGKLYVFGGLQKNEKGELQLVNDAYRYNPSDNTWMKLPTRSPRGLVGSSGASHGDKVYILGGSNLSIFNGFFQDNVAAGEDQAKKDEIAAAYFDQRPEDYFFTTELLSYEPSTNKWRNEGRIPFSGRAGAAFTIQGNDLVVVNGEIKPGLRTAETHQGKFTAKGVQWKNLPDLPAPKGKSQDGLAGALAGYSNGHYLVTGGANFPGSIKQFKEGKLHAHKGLSKAWHNEVYTLNNGKWRIVGELPMNIGYGFSVSYNNKVLLIGGETDGGKALTSVKAISYDGKKLTIK,length1,1137
-1,1557980,1557962,18,MQNKSN,length1,18
-1,1557491,1557464,27,MNIVVTNKK,length1,27
-1,1557152,1557050,102,MLLFLSLENDVHAPLHHVLHAYVGKSKKRLHLVN,length1,102
-1,1556834,1556810,24,MCRIDQNH,length1,24
-1,1555901,1555883,18,MPNNIT,length1,18
-1,1555652,1555649,3,M,length1,3
-1,1555535,1555472,63,MKWRIALRTAIILTALFISTT,length1,63
-1,1553576,1553543,33,MLKSGHCCNFT,length1,33
-1,1552676,1552586,90,MIFFTRSSILICFSYLLVLTHKRAVSVCIF,length1,90
-1,1552538,1552535,3,M,length1,3
-1,1552433,1552382,51,MILLLRTPPINQCQSLA,length1,51
-1,1552001,1551986,15,MIHRS,length1,15
-1,1551614,1551371,243,MMQHHLQILLVNHPQCVWLNHLILYLAPLQQALKHHLAPFFQLFQSNELDYITDEQVRYEFRCLQFQLSHQRYLIPILLVY,length1,243
-1,1551317,1551212,105,MHSEKVRSQLTAMHVSPLLLYIMQPHAQLQLSHPQ,length1,105
-1,1550813,1550804,9,MLV,length1,9
-1,1550801,1550792,9,MFQ,length1,9
-1,1550639,1550600,39,MATYFFFASPKKK,length1,39
-1,1550519,1550489,30,MNLKLTALFK,length1,30
-1,1549217,1549151,66,MDYRQVRDKTTPDYFPMLMECR,length1,66
-1,1548761,1548737,24,MHWYKRQS,length1,24
-1,1548092,1548065,27,MGQNNTFCN,length1,27
-1,1546553,1546547,6,MG,length1,6
-1,1546499,1546376,123,MFLRLMDPDYALAHGDALINVFPRLSCLIRQKVQQQYSLHQ,length1,123
-1,1546346,1546304,42,MQRNHPNQCRILVL,length1,42
-1,1546289,1546211,78,MGGHQLRLKYDLRLLALLYHQQVLLQ,length1,78
-1,1546136,1546121,15,MYGYD,length1,15
-1,1545635,1545632,3,M,length1,3
-1,1545539,1545500,39,MNFIIVRIKYALL,length1,39
-1,1545377,1545350,27,MHIYSYPRI,length1,27
-1,1544438,1544429,9,MFF,length1,9
-1,1544228,1544207,21,MWGCVLQ,length1,21
-1,1544189,1544183,6,ML,length1,6
-1,1544057,1544054,3,M,length1,3
-1,1544045,1544006,39,MKKSLLQNIAQNN,length1,39
-1,1543880,1543859,21,MRWIPIH,length1,21
-1,1543703,1543670,33,MILLVFIQLVL,length1,33
-1,1543601,1543598,3,M,length1,3
-1,1543463,1543457,6,MN,length1,6
-1,1543391,1543382,9,MII,length1,9
-1,1543373,1543355,18,MLCKYQ,length1,18
-1,1543340,1543289,51,MKKNFLVGLCHKPINIL,length1,51
-1,1543229,1543184,45,MVANVQWCQSVAMSA,length1,45
-1,1543124,1543109,15,MALKS,length1,15
-1,1543046,1543016,30,MNTVQSCVKS,length1,30
-1,1542470,1542401,69,MASRIRYYFWYHCCKRNFWWRRS,length1,69
-1,1541927,1541735,192,MVVRCINWRNGCINSYCKPSLSRRNDVSDFICKLICTDFRLHRCSSKYQTSESKNKWLSLIKTA,length1,192
-1,1541606,1541603,3,M,length1,3
-1,1541576,1541573,3,M,length1,3
-1,1541561,1541528,33,MQNLSSPVSLI,length1,33
-1,1541498,1541417,81,MIANKQFLLMRIKHVFVLVAKQLKFIL,length1,81
-1,1541411,1541351,60,MNRVKLNKLFYQFMALACGQ,length1,60
-1,1541345,1541339,6,MD,length1,6
-1,1541321,1541177,144,MVILLMESLTINTEKHRDWAEKLKIQTGQVYLKVKNYLMSNINLPFVL,length1,144
-1,1541156,1541120,36,MNIALMVYLVQL,length1,36
-1,1541111,1541006,105,MVFKVPLIIGSAKMALVHILKNFIQEQTNVWKNKL,length1,105
-1,1539545,1539536,9,MYC,length1,9
-1,1539383,1539362,21,MGMYCYF,length1,21
-1,1539188,1539173,15,MALCL,length1,15
-1,1538777,1538747,30,MARGTFRCIA,length1,30
-1,1538408,1537370,1038,MKKLISGIIAVAMALSLAACQKETKVISLSGKTMGTTYHVKYLDNGSIKATSEKTHEEIEAILKDVNAKMSTYKKDSELSRFNQNTQVNTPIEISADFAKVLAEAIRLNKVTEGALDVTVGPVVNLWGFGPEKRPEKQPTPEQLAERQAWVGIDKIALDMSGAKPTLSKALPQVYVDLSSIAKGFGVDQVAEKLEQLNTQNYMVEIGGEIRAKGKNIEGKPWQIAIEKPTTTGERAAEAVIGLNNMGMASSGDYRIYFEENGKRFAHEIDPKTGYPIQHHLASITVLAPTSMTADGLSTGLFVLGEDKALEVAEKNNLAVYLIIRTDNGFVTKSSSAFKKLTETKE,length1,1038
-1,1537190,1537112,78,MQAMNKQKLNMSKNLRKKMITRNFMK,length1,78
-1,1536749,1536743,6,MR,length1,6
-1,1536629,1536626,3,M,length1,3
-1,1535810,1535801,9,MRF,length1,9
-1,1535780,1535756,24,MTLAIRPV,length1,24
-1,1535036,1534982,54,MFEIVGFECIKQFNKVIW,length1,54
-1,1534943,1534937,6,MS,length1,6
-1,1534919,1534916,3,M,length1,3
-1,1534814,1534763,51,MGNMCHMNADLMRAPRF,length1,51
-1,1534712,1534673,39,MSNSWFSHWMNSH,length1,39
-1,1534655,1534607,48,MTSHRLIYCAAFSHNA,length1,48
-1,1534487,1534460,27,MHNSCSRYF,length1,27
-1,1534445,1534436,9,MIE,length1,9
-1,1533902,1533884,18,MLNKHR,length1,18
-1,1533881,1533815,66,MNYTQKVQHHYKKVVTLKPFAI,length1,66
-1,1533749,1533710,39,MQIIKLKIIRKYY,length1,39
-1,1533659,1533638,21,MRYIWLA,length1,21
-1,1533632,1533530,102,MQQQAIISFKIFLELTVLHVKQPLCVPLFLISKT,length1,102
-1,1533503,1533488,15,MLKML,length1,15
-1,1533464,1533443,21,MHWLVTN,length1,21
-1,1533425,1533404,21,MQNVKRG,length1,21
-1,1533344,1533329,15,MKDYF,length1,15
-1,1533314,1533299,15,MKKWV,length1,15
-1,1533284,1533209,75,MILKKLLMRIKIKLLHQLKNQTSQT,length1,75
-1,1532777,1532774,3,M,length1,3
-1,1532549,1532543,6,ML,length1,6
-1,1532477,1532468,9,MCT,length1,9
-1,1532462,1532405,57,MIRKKLNFFNIGHTFNKLT,length1,57
-1,1532399,1532246,153,MHIVIAISITRNHNITNPGMLITFLQIFCKFKGTFIGYPNKILMNLIIKLF,length1,153
-1,1532198,1532102,96,MIIMTYKTICIQASINPFRFTSSEPIAYKLCL,length1,96
-1,1532048,1532021,27,MAISHDFFH,length1,27
-1,1531415,1531406,9,MEV,length1,9
-1,1531391,1531274,117,MMLPHLFGHVRALGSHLVRMVHQHDGHLGCCPFSYHKLR,length1,117
-1,1530956,1530881,75,MPLMRLRMNIYRAYSGLRLRQSHIV,length1,75
-1,1530743,1530647,96,MFSLSLHVHRRIAFVYPQSLVIHNMRLRSHHC,length1,96
-1,1530605,1530569,36,MRYQSILLHRNV,length1,36
-1,1530479,1530347,132,MYFWLLMYDHLNPYLRWFQLPTLGRLRIIDRIQVYVRNEPYEVS,length1,132
-1,1530245,1530167,78,MTLQHHFVILLQQDKQSTSIEWLLEH,length1,78
-1,1530107,1529951,156,MHGVVLRFLHVNELLLQDLRHLLNLFVKKRIVHIYLSLRNLHHKVLHDGSHR,length1,156
-1,1529753,1529747,6,MA,length1,6
-1,1529654,1529603,51,MVYVHQNLMAREYGFQF,length1,51
-1,1529285,1529081,204,MKWYKSKSAYFIGSTPICCQNSGVLKCAVIIPIGIINILATQCSNPDATNKPIGIIIINALSVTVLPE,length1,204
-1,1529051,1529009,42,MLHKIPRLKASNQV,length1,42
-1,1528490,1528481,9,MKI,length1,9
-1,1528013,1528007,6,MV,length1,6
-1,1527968,1527884,84,MKNWKNYILNGCQHLKPTMKNGLTRLWI,length1,84
-1,1527869,1527842,27,MKSLVRRAP,length1,27
-1,1527710,1527638,72,MTQIVLRYLKHGIRKISNIRLYLV,length1,72
-1,1527533,1527527,6,ML,length1,6
-1,1527362,1527350,12,MKVR,length1,12
-1,1527233,1527200,33,MRLYQKRFRLI,length1,33
-1,1526852,1526756,96,MGCHHYYFAWDWSIFYHYNRICAVPFIPCKPS,length1,96
-1,1525601,1525568,33,MEIDEGLSTSA,length1,33
-1,1525268,1525034,234,MLANKTGDEVIAVIVSFMETHIYRLIYRTTGFDKIFGTQLCRQKLIFQALINTHTLHFIALLNERSGIILLPFFTIFP,length1,234
-1,1524902,1524758,144,MPHNGTFAVGREICFNQTWQFVQNIIIHLIIRRPRLLGRIKIKARTLP,length1,144
-1,1524686,1524659,27,MFCGITLKA,length1,27
-1,1524527,1524509,18,MRPNLL,length1,18
-1,1524491,1524461,30,MLFNQFHNVP,length1,30
-1,1524356,1524185,171,MSPFIESSTICGSSERPFTPPNALPFHTRPVTNWNGRVEISCPAPATPMMIDCPQPR,length1,171
-1,1524122,1524074,48,MPHLLMSNSTSLIGLS,length1,48
-1,1523606,1523600,6,MT,length1,6
-1,1523354,1523186,168,MVELICLISIVFPLNSLTKLPCLSKIATVYTLEFTLKQVFFTIFCLKGIKSDLHHR,length1,168
-1,1523063,1522967,96,MVEFIAMLEKYGNELKRHQTLCGMYHHWRRYY,length1,96
-1,1522505,1522478,27,MLVQILAQQ,length1,27
-1,1522448,1522439,9,MKK,length1,9
-1,1522433,1522415,18,MQNLSL,length1,18
-1,1522409,1522379,30,MKQLLQKKKI,length1,30
-1,1522211,1522205,6,MS,length1,6
-1,1521995,1521914,81,MQKSLKMQSQLRRLRKLYLKQKKHLQI,length1,81
-1,1521848,1521782,66,MILKSLQRQNLNLQKLNHSEFL,length1,66
-1,1521776,1521755,21,MWMNLNL,length1,21
-1,1521665,1521635,30,MIFIILLLHL,length1,30
-1,1521401,1521317,84,MSSFLLYSASLHKQPQKALPSQQILVVI,length1,84
-1,1521149,1520999,150,MFFHKLCLPYRCACCLSSVYWSLDFINQKTTKVRLKIMMNQKKHNDELNC,length1,150
-1,1520855,1520825,30,MVFCRFLFFI,length1,30
-1,1520600,1520537,63,MVINLNFYKRFARYSHQFGLF,length1,63
-1,1520303,1520297,6,ML,length1,6
-1,1520234,1520204,30,MLKLCVFAKH,length1,30
-1,1520165,1520147,18,MFPQAI,length1,18
-1,1520015,1520009,6,MD,length1,6
-1,1519928,1519925,3,M,length1,3
-1,1519916,1519880,36,MLLKKHYLLVQK,length1,36
-1,1519853,1519817,36,MFMIQMDLLLKN,length1,36
-1,1519793,1519790,3,M,length1,3
-1,1519766,1519673,93,MQNCLVCNILKVNALGKCKLILRFLVQLKMN,length1,93
-1,1519661,1519649,12,MHNV,length1,12
-1,1519640,1519634,6,MV,length1,6
-1,1519565,1519508,57,MYYLARVKLPTLVVLLLLV,length1,57
-1,1519373,1519355,18,MLLGQM,length1,18
-1,1519331,1519322,9,MQC,length1,9
-1,1519244,1519205,39,MKFEYKKGDILSP,length1,39
-1,1518620,1518575,45,MKVPSSNKAFEASKL,length1,45
-1,1518254,1518224,30,MFSVFPVSLP,length1,30
-1,1517618,1517594,24,MAVFPPIE,length1,24
-1,1517252,1516649,603,MKIIEVDEELYQYIASQTRSIGESASDILRRLLSLPVHTSSVDDLVLTSAETNKSADQKPEQAINVKEVNIKTTKKQSITAINQIVEKVQTLLNSTEFQEESKAVVRFLAILRVLYRTNPESFAQATESLQGRTRVYFARDEATLLMAGNHTKPKQIPDTPYWVITNTNSGRKMLMLEGAMQSMELPETLIDEVRSYFTVN,length1,603
-1,1516571,1516556,15,MRLLG,length1,15
-1,1516499,1516409,90,MRKVRLLLWEKIQRKFYFYIWRQFSLAQKF,length1,90
-1,1516334,1516319,15,MIKIC,length1,15
-1,1516301,1516259,42,MLLHKKLIFFVLRR,length1,42
-1,1516211,1516169,42,MSKRIWIMQKGYVT,length1,42
-1,1516052,1516031,21,MIFMLHY,length1,21
-1,1515881,1515851,30,MVLKLILATE,length1,30
-1,1515812,1515782,30,MKNKVWGNRS,length1,30
-1,1515758,1515743,15,MMKFG,length1,15
-1,1515461,1515428,33,MNPLAKVRLKI,length1,33
-1,1515152,1515098,54,MYYQRSNRLKPIWLTLKK,length1,54
-1,1515008,1514987,21,MMHCKQH,length1,21
-1,1514954,1514936,18,MQKFKH,length1,18
-1,1514897,1514855,42,MHSHRTIYKIVSLS,length1,42
-1,1514852,1514822,30,MINYKIRKTH,length1,30
-1,1514810,1514759,51,MHNWQGKILFLNELKRH,length1,51
-1,1514750,1514660,90,MLYALSKLINNWPIMILVAHYENNIRLNYN,length1,90
-1,1514615,1514573,42,MISFLYFIKVVTTY,length1,42
-1,1514444,1514363,81,MITFKKNLIAMHSLVSIYYNKQKKRIH,length1,81
-1,1514354,1514348,6,MS,length1,6
-1,1514297,1514267,30,MNKLVHYKAR,length1,30
-1,1514144,1514129,15,MNFMI,length1,15
-1,1514096,1514048,48,MENNLLRQKERRLKRY,length1,48
-1,1513832,1513823,9,MVC,length1,9
-1,1513796,1513763,33,MTIYLIYLCIS,length1,33
-1,1513469,1513388,81,MVFLLIILNLQKRMHNVFVVLSNALLL,length1,81
-1,1513352,1513334,18,MSLMQV,length1,18
-1,1513328,1513319,9,MMC,length1,9
-1,1513238,1513208,30,MNLKQINIIG,length1,30
-1,1512968,1512914,54,MKIFPLMMWLQWESQRKV,length1,54
-1,1512905,1512875,30,MMCVANYYVL,length1,30
-1,1512833,1512818,15,MYGQI,length1,15
-1,1512758,1512746,12,MLAL,length1,12
-1,1512686,1512647,39,MCWFVIFQVFWKY,length1,39
-1,1512407,1512401,6,MS,length1,6
-1,1512392,1512386,6,ME,length1,6
-1,1512224,1512212,12,MVLI,length1,12
-1,1512176,1512128,48,MNSRLFYAILNHLLIF,length1,48
-1,1512086,1512083,3,M,length1,3
-1,1512050,1511984,66,MLLIAVLMNYLQNIILILPLIN,length1,66
-1,1511981,1511930,51,MYLSKIMTLAKKFPLLM,length1,51
-1,1511855,1511843,12,MGLH,length1,12
-1,1511828,1511777,51,MGYRQILNYLSKIFSQI,length1,51
-1,1511723,1511663,60,MKFKFYLVCLKEKLQAQVLG,length1,60
-1,1511651,1511441,210,MLISVRKIMARLKIVFALVMQTLPISKNMASVITVAVGVLQRVKQRCELQRERLQKNIYANILVLKSVVF,length1,210
-1,1511426,1511423,3,M,length1,3
-1,1511351,1511339,12,MKVR,length1,12
-1,1511327,1511321,6,MN,length1,6
-1,1511258,1511249,9,MYL,length1,9
-1,1511216,1511195,21,MQILLTH,length1,21
-1,1511183,1511177,6,MQ,length1,6
-1,1511156,1511108,48,MVLQWLNNVVRNIVMK,length1,48
-1,1511099,1511066,33,MALKVITQAAF,length1,33
-1,1510973,1510961,12,MVNP,length1,12
-1,1510781,1510697,84,MLPLWGKCKVPQRGTIFLTVGILTHGKT,length1,84
-1,1510499,1510403,96,MVKQVLLVVIPTGVLLERKHYRRKVKVTKLFV,length1,96
-1,1510385,1510370,15,MVIQI,length1,15
-1,1510262,1510241,21,MLAIRWD,length1,21
-1,1510238,1510223,15,MRIFG,length1,15
-1,1510196,1510190,6,MR,length1,6
-1,1510181,1510166,15,MVKVY,length1,15
-1,1510136,1510103,33,MNEYGIAIMRR,length1,33
-1,1510076,1510073,3,M,length1,3
-1,1510016,1509950,66,MIAVGYTKFVLGMDTTLIFMFV,length1,66
-1,1509935,1509836,99,MHLIVKIKRLCLLVMVVETNYILGLNRQNQVLQ,length1,99
-1,1508873,1508846,27,MKRTFHGRI,length1,27
-1,1508486,1508432,54,MAGRLMRLALFCTLKACQ,length1,54
-1,1508336,1508318,18,MVLNLF,length1,18
-1,1508312,1508204,108,MFVKAKWVITYQMKILGWNKAYLLISLGLIKRHCQG,length1,108
-1,1508129,1508105,24,MKWKFILQ,length1,24
-1,1508093,1508066,27,MILNNQPEQ,length1,27
-1,1508021,1507952,69,MFGFCNYCVQGKMVRIFTIKNRV,length1,69
-1,1507871,1507832,39,MVQVEAVKFRLRC,length1,39
-1,1507796,1507688,108,MIQICSLAMKLQTMRRCMILVMELQLSVPQTFLCRL,length1,108
-1,1507685,1507592,93,MILLILDELPRPMPLVTFLLWAVSRLWESLF,length1,93
-1,1507577,1507457,120,MYYLQKLHRKLLMVVVLLAIKRVLLWRVDIPLIRLNLFLV,length1,120
-1,1507415,1507382,33,MLLQNQVVSFI,length1,33
-1,1507250,1507235,15,MASQQ,length1,15
-1,1507229,1507199,30,MSLDLVYLAI,length1,30
-1,1507067,1507046,21,MDIKLAH,length1,21
-1,1506923,1506908,15,MKWVN,length1,15
-1,1506842,1506833,9,MIN,length1,9
-1,1506824,1506770,54,MIHIAKNLGISQGFLDYH,length1,54
-1,1506416,1506401,15,MLDIV,length1,15
-1,1505240,1505222,18,MITPVF,length1,18
-1,1505078,1505048,30,MLLFHIFHLS,length1,30
-1,1504925,1504823,102,MRRRSALPCAIGLKKPTRSMKRPSRGERLSATTI,length1,102
-1,1504781,1504760,21,MVTITFL,length1,21
-1,1504757,1504745,12,MFNY,length1,12
-1,1504628,1504544,84,MHKVGCIPFNYHSQFILFCDIIRGIQLF,length1,84
-1,1504145,1504136,9,MLI,length1,9
-1,1504091,1504031,60,MIRQKFIFVKQIIQSNLFRL,length1,60
-1,1503983,1503890,93,MPKVYFKKLLNKYVKIFRIRLFFRLLKIVLV,length1,93
-1,1503806,1503791,15,MISRI,length1,15
-1,1503758,1503722,36,MMQFVTKPFKQC,length1,36
-1,1503683,1501874,1809,MLLSKKSATFALSAFAMLFTSVALAKEAPQAHKAVELSILHINDHHSYLEPHETRINLNGQQTKVDIGGFSAVNAKLNKLRKKYKNPLVLHAGDAITGTLYFTLFGGSADAAVMNAGNFHYFTLGNHEFDAGNEGLLKLLEPLKIPVLSANVIPDKSSILYNKWKPYDIFTVDGEKIAIIGLDTVNKTVNSSSPGKDVKFYDEIATAQIMANALKQQGINKIILLSHAGSEKNIEIAQKVNDIDVIVTGDSHYLYGNDELRSLKLPVIYEYPLEFKNPNGEPVFVMEGWAYSAVVGDLGVKFSPEGIASITRKIPHVLMSSHKLQVKNSEGKWAELTGDERKKALDTLKSMKSISLDDHDAKTDKLIAKYKSEKDRLAQEIVGVITGSAMPGGSANRIPNKAGSNPEGSIATRFIAETMYNELKTVDLTIQNAGGVRADILPGNVTFNDAYTFLPFGNTLYTYKMEGSLVKQVLEDAMQFALVDGSTGAFPYGAGIRYEANETPNAEGKRLVSVEVLNKQTQQWEPIDDNKRYLVGTNAYVAGGKDGYKTFGKLFNDPKYEGVDTYLPDAESFIKFMKKHPHFEAYTSSNVKFNASTDALPKK,length1,1809
-1,1501793,1501718,75,MIKNFNYSIFRCFLVENKFPIKVEK,length1,75
-1,1501481,1501475,6,MQ,length1,6
-1,1501214,1501181,33,MQRILVKYWKI,length1,33
-1,1501157,1501106,51,MKKLRTSLCQLMNKMPK,length1,51
-1,1501067,1501061,6,MD,length1,6
-1,1501058,1501037,21,MVRFKHT,length1,21
-1,1501025,1499939,1086,MLCVNVELQERRYPILIGSGLLQDERSYPIKRGDRVMIVTNPTVAQFYLDTVIYALEKRGCVVDHVLLPDGEKYKTLESLNLIFTALLQDNHGRDTTIIALGGGVIGDVAGFVAASYQRGVRLIQMPTTLLSQVDSSVGGKTAVNHELGKNMIGAFYQPSMVIIDTLTLNTLPKREVNAGLAEVIKYGAILDYEFFEWLEQHIDELVALHPEALQHCISRCCQIKADVVARDETEKGDRALLNLGHTFGHAIETHLGYGNWLHGEAVSTGMMMAAVLSEELGDISIADVSRLEKLLARANLPTVSPDTMQPEDYLPHMMRDKKVLSGKLRLVLLKSLGQAYVANDTDHTLVLNAIRRCTQTD,length1,1086
-1,1499876,1499837,39,MGGGKISFNGRDK,length1,39
-1,1499531,1499522,9,MPL,length1,9
-1,1499414,1499408,6,ML,length1,6
-1,1498844,1498841,3,M,length1,3
-1,1498229,1498124,105,MLQFKDMKIFGIIVLYQYCGQPIITYQGNKENLQK,length1,105
-1,1497977,1497887,90,MTKIAFFFKKAKIMPLINHASNVATNKSIG,length1,90
-1,1497881,1497701,180,MPNRTRLININKPHTAIPTTSNFALKERLPNNWVKPTASISQVAAKIVCPEGNEYPVSFS,length1,180
-1,1497260,1497248,12,MLAP,length1,12
-1,1497092,1497089,3,M,length1,3
-1,1497062,1497044,18,MLMNLY,length1,18
-1,1497011,1496996,15,MRFTA,length1,15
-1,1496807,1496759,48,MNATLKSVPICLSYLV,length1,48
-1,1496669,1496666,3,M,length1,3
-1,1496591,1496576,15,MTNNI,length1,15
-1,1496528,1496480,48,MLKKPYCYIEQYGFFI,length1,48
-1,1496375,1496306,69,MKKIAFFIFLIICCLVSCSGTVI,length1,69
-1,1496285,1496282,3,M,length1,3
-1,1496267,1496219,48,MPPILKNSFLDCKGNY,length1,48
-1,1496183,1496162,21,MTPTEFT,length1,21
-1,1496111,1496087,24,MGNTKCSC,length1,24
-1,1495787,1495781,6,MV,length1,6
-1,1495217,1495115,102,MRKVRSFSANNPRDSTGNAFSNTAFAFFRFIKAK,length1,102
-1,1494512,1494473,39,MKGLEMFLINTCA,length1,39
-1,1493447,1493438,9,MGQ,length1,9
-1,1492940,1492931,9,MDG,length1,9
-1,1492358,1492352,6,MG,length1,6
-1,1491323,1491269,54,MRFQANCSTGFIWTRQSQ,length1,54
-1,1491008,1490978,30,MGWLRRSNTD,length1,30
-1,1490264,1489211,1053,MKNNRTFLEKLLDGAEVEWKTVKSLCNDNFWLMPATPEFDDNGTIPYITSKNIKGGKIDFQNTKYINKHVYQELSRTRCIIENDILISMIGTIGEAVIVKKEDLFFYGQNMYILRLNNKLVNYKFFLYYFTAPFILNSLLSKKNSSNQGYLKAGQIENLKIPIPPLSVQIEIVKILDALTALTSELTSELTSELILRQKQYEYYREKLLSEEELGKVGFEWKPLKEIAEYIRGVTYNKTNESPNNIGYKILRANNITLSSNTLNFDDIKVIKFDTKVKSSQMLYKNDILISAASGSREHVGKVAFIYQDIDYYFGGFMGVIRCNNNVNSRYLFHIFTSSIFQDYLNEVLNS,length1,1053
-1,1489181,1489001,180,MDSFRLPIPPLSVQTEIVKILDKFENLTNSITEGLPLAIEQSQKRYEYYRELLLNFPGRE,length1,180
-1,1488062,1488041,21,MVKSITQ,length1,21
-1,1487810,1487783,27,MTANLTLLY,length1,27
-1,1487771,1487759,12,MRLG,length1,12
-1,1487669,1487642,27,MSFQLLRIT,length1,27
-1,1487438,1487294,144,MNYWNKFAKFEPVNCGFIKKYESYLNYPVTTIKQIKSLKCFLQKHKIS,length1,144
-1,1487288,1487156,132,MPLHNKPPQSLFVRVQMPNCLIWVLPLGKVLLYVKAILLPLKTI,length1,132
-1,1487150,1487141,9,MMN,length1,9
-1,1487045,1487033,12,MSII,length1,12
-1,1486997,1486982,15,MEPEP,length1,15
-1,1486949,1486889,60,MPYLIRSENNKNAYKLIMKI,length1,60
-1,1486829,1483748,3081,MTQYKTIAESNNFIVLDQYNKFVEEPNAGYQTEGSLEREFIRDLQAQGYEYLQGLNNHDELIKNLRVQLQRLNNVIFSDAEWQRFLEEYLDKPSDNLIEKTRKIHDDYIYDFVFDNGRIQNIYLLDKKNLANNSLQVINQFEQTGSYDNRYDVTILVNGLPLVHIELKKRGVAIREAFNQIHRYSKESFNKENSLFKYIQIFVISNGTDTRYFANTTKRNKNSYDFTMNWATAKNTLIKDLKDFTATFLQKNTLLNVLVNYCVFDVSDTLLIMRPYQIAATERILWKIKSSYHAKNWSNKESGGYIWHTTGSGKTLTSFKASRLATELDFIDKVFFVVDRKDLDYQTMKEYQRFSPDSVNGSESTAGLKRNIEKDDNKIIVTTIQKLNNLMKSEENLSIYQKQVVFIFDEAHRSQFGEAQKNLKRKFKKFYQFGFTGTPIFPENALGAETTTSVFGTELHSYVITDAIRDDKVLKFKVDYNDVRPQFKALETEKDPEKLTALEQKQAFLHPERIKEISQYLLNNFKQKTHRLNATGKGFNAMFAVSSVEAAKRYYETLQNLQAEQEHPLKIATIFSFAANEEQDAIGDIPDETFEPTALNSTAKEFLTKAIDDYNHYFGTNYGVDSQSFQNYYRDLAKRVKNQEVDLLIVVGMFLTGFDAPTLNTLFVDKNLRYHGLMQAFSRTNRIYDTTKTFGNIVTFRDLEQNTIDAITLFGDDNTKNMVLEKSYETYFNGDENQRGYLEVVQELQNRFPNPTEIETEQDKKEFVKLFGEYLRVENILQNYDEFAALQALQAVDLNDPIAMEKFKQVHYVNDEQIAEMLKVPTLPVRAEQDYRSTYNDIRDWLRQRKEGNDKDNSPINWDDVVFEVDLLKSQEINLDYILALIFEHHKKNQDKEVLIDEIRRTVRSSLGNRAKESLIVDFINQTNLDDIPDKATLIDSFFLFAQAEQRKEAESLIQEENLNVDAAKRYISTSLKREYASENGTALNEVLPKMSPLTPQYLTKKQTIFQKIAAFVEKFKGVGGKI,length1,3081
-1,1483397,1483298,99,MPNVSRPPAKPAVAFQIPAKVRIPTVTIIAPIM,length1,99
-1,1483259,1483154,105,MFFATIFPSGFLCSVYSITNSPLSFGTKFGPFSYI,length1,105
-1,1482350,1482251,99,MGLRNTPSMPISKYSCSLCITFAVKAIIGGKKS,length1,99
-1,1482167,1482161,6,MS,length1,6
-1,1481453,1481435,18,MLIVFK,length1,18
-1,1480241,1480232,9,MNI,length1,9
-1,1480193,1480187,6,MM,length1,6
-1,1480091,1480085,6,MK,length1,6
-1,1479920,1479881,39,MVSGGSTALSPPG,length1,39
-1,1479494,1479422,72,MLSALISSAFSYPAMPLARQLEHQ,length1,72
-1,1479254,1479062,192,MSRHRGAKHRRRYELLGGISLLSPEYLLSVERWPFHSEPPDHYDLLSYLLDLSVSQLSLLIPLH,length1,192
-1,1477706,1477679,27,MMAASKPTS,length1,27
-1,1476512,1476467,45,MFSITLRFHFKVRSI,length1,45
-1,1475987,1475852,135,MNHTVVNALQKVKLSTSGTTHSHGVTGGVYKARERIHRDILIRDY,length1,135
-1,1475792,1475702,90,MRFAPPRSFASLCIRHCSTCVALLVRAMMT,length1,90
-1,1475456,1475351,105,MLHRLCGPPSIHLSFNLAAVLPRRSIYHVSYGRQS,length1,105
-1,1475144,1475129,15,MQFPG,length1,15
-1,1474982,1474973,9,MCY,length1,9
-1,1474727,1474679,48,MRPLSPALSSSDNTRY,length1,48
-1,1474451,1474424,27,MMNFQLSTY,length1,27
-1,1474223,1474214,9,MFF,length1,9
-1,1474139,1474121,18,MKLLHH,length1,18
-1,1473995,1473917,78,MIAMLVEIPHQYHFAQRYLNVYINVV,length1,78
-1,1473518,1473485,33,MKEYFVVSIHL,length1,33
-1,1473269,1473257,12,MSIT,length1,12
-1,1472486,1472483,3,M,length1,3
-1,1471427,1471424,3,M,length1,3
-1,1471325,1471298,27,MYLMLVYQY,length1,27
-1,1471286,1471250,36,MECKLWRCNLAV,length1,36
-1,1471217,1471172,45,MLQFLLKIPPHFLQI,length1,45
-1,1471040,1470998,42,MKIVVSTAYNSTLK,length1,42
-1,1470902,1470875,27,MPLLALKSK,length1,27
-1,1470869,1470860,9,MMK,length1,9
-1,1470683,1470665,18,MLKAVS,length1,18
-1,1470599,1470563,36,MYLMMNRKNSLM,length1,36
-1,1470530,1470467,63,MSSNLQPAKQAKPTSLNHTIT,length1,63
-1,1470404,1470377,27,MKYVKSVWH,length1,27
-1,1470266,1470188,78,MRSLSKNYATAVGMKKPAKHSVCSCL,length1,78
-1,1470164,1470125,39,MVVNTIGLFPYAQ,length1,39
-1,1470080,1470071,9,MIY,length1,9
-1,1469453,1469429,24,MCNTAGSQ,length1,24
-1,1468862,1468841,21,MYYNKMP,length1,21
-1,1468586,1468520,66,MILCCYSMQKIWKAITHSHAEY,length1,66
-1,1468505,1468502,3,M,length1,3
-1,1468403,1468307,96,MINLVLSSVLRINNQVLPKQLIQVEYLNEKEY,length1,96
-1,1468094,1468019,75,MATKSYSHLCQQNSHQHWQMRKVVK,length1,75
-1,1468010,1467938,72,MTKRIKYARNHLMGVLLFYLSMEC,length1,72
-1,1467749,1467743,6,MQ,length1,6
-1,1467041,1467023,18,MRTFYF,length1,18
-1,1466711,1466681,30,MLLMKWRGCL,length1,30
-1,1466663,1466636,27,MRMFVLYSH,length1,27
-1,1466480,1466453,27,MLMKIAILY,length1,27
-1,1466420,1466360,60,MYLQPSLSVELSPEHYQRKM,length1,60
-1,1466228,1466201,27,MVDKFSLVM,length1,27
-1,1466198,1466147,51,MSYSVQLGLGLWRVLLY,length1,51
-1,1466018,1466012,6,MV,length1,6
-1,1464902,1464851,51,MRTCKMKNNRRNIKTIN,length1,51
-1,1464842,1464836,6,MI,length1,6
-1,1464629,1464602,27,MTNASYIRI,length1,27
-1,1464584,1464569,15,MTREI,length1,15
-1,1464554,1464482,72,MCNITINYNITIKINPIRNITIMK,length1,72
-1,1464398,1464392,6,MD,length1,6
-1,1464317,1464314,3,M,length1,3
-1,1464206,1464125,81,MKEPNCRENNQFLGGKYCRNNNNKLAM,length1,81
-1,1464086,1464062,24,MHELYFLH,length1,24
-1,1463792,1463789,3,M,length1,3
-1,1463735,1463669,66,MRRVKSLVVSSNVKVVHLKAKP,length1,66
-1,1463171,1463108,63,MHTALLKNKLVTNKSMRLKQM,length1,63
-1,1463084,1462958,126,MKKSAKVKSWIFSPHLKAKSFVAVSLQANHVLMAVPLIPFVH,length1,126
-1,1462856,1462835,21,MHKSLMN,length1,21
-1,1462670,1462658,12,MLCV,length1,12
-1,1462583,1462535,48,MQAFQSKLLLQVSQWV,length1,48
-1,1462487,1462475,12,MKTI,length1,12
-1,1462238,1462235,3,M,length1,3
-1,1462169,1462154,15,MTMVQ,length1,15
-1,1462136,1462115,21,MVTLRKT,length1,21
-1,1461611,1461563,48,MSCWLSKTRILTLNKK,length1,48
-1,1461515,1461383,132,MKNEHRYILNVAYSMIPLDYGDLLVTILLKPLHYSRKWLLCTIT,length1,132
-1,1461338,1461314,24,MLSIRCLN,length1,24
-1,1461302,1461275,27,MTIPTLIVV,length1,27
-1,1461263,1461260,3,M,length1,3
-1,1461002,1460969,33,MLKFSQKPIFI,length1,33
-1,1460951,1460948,3,M,length1,3
-1,1460936,1460912,24,MKRQLYLN,length1,24
-1,1460612,1458773,1839,MTDKITFNDLGLPEFILKAVSDLGFETPSPIQQACIPHLLSGNDVLGMAQTGSGKTAAFALPLLAQIDPSEKHPQMLVMTPTRELAIQVADACEQFVKYAHGTRIVTLYGGQRYDIQLRALKQGAQVVVGTPGRILDHIRRGTLNLSELRFIVLDEADEMLRMGFIDDVETVMAELPENHQTALFSATMPEPIRRITKRFMNDPQEVKIKVNNENAPDIDQSCWYVHGVRKNEALLRFLEVEDFDAAIIFARTKTGTLDITELLEKNGFRSAALNGDMTQQLREQTLDRLRNGSLDIVVATDVAARGIDIERISLVVNYDIPLDAESYVHRIGRTGRAGRSGRALLFVEPRERRLLRNIEHLIKKGINEVELPNHLVLQECRRKKFVAKITKQLEHHDLEQYRSLLEDLFTADQDQEDIAAAMLMLLQGKQKLILPPDPPMEKRRRERNERGDRRENPRSAERRGERKGYGNPQPMDLYRIEVGRADGVEVRHIVGAIANEGDINSRYIGHIKLYDDYTTVELPQGMPKELLQQFGKTRILNKQMQMSFLGAVKSDNSRGSDDFNGKRKGRGSDFRGEHGRERGNDNRGNRKFNEKSNRTFSDKPRRDRRSSF,length1,1839
-1,1458593,1457207,1386,MVFPWQFLRHTEENHYTAIQARGSLYVGTINNQISYFINKDSERGFEYELAKAFADTLGVELEMKIFDNQEQLFDELDKHNIDLAAAHLLYHPKNAERFQIGPAYHSASWQLAYRKNENRPKNLGNVKKDIYISNNLALEETLKELQKQYPQLTWKRNQALTQEELLLQLAEGKIPYVIANSIDIAAIQQIKPELAIAFDITDEANVHWYLPNSPYRDLQTALLNFMNNAEETGLLDNLKEKYLGHISQFDYVDTRSYMNAIENTLPQFSPLFEKYKGELDWRLLAAVAYQESHWNPDATSPTGVRGIMMLTKNTAQHMKISDRTDPEQSIKAGSEYLHWLISQLPESIEKEERIWFALVAYNIGLGHLIDARRLTQNLGGNPDNWLNVKKNLPLLAEKRYYSQLKYGYARGYEAYQYVENIRRYMNSIVNYHRVQENQTTNDNANNESAVKNLEEIKENKD,length1,1386
-1,1456754,1456736,18,MLFSSK,length1,18
-1,1456439,1456352,87,MPSLHYLLSRLECANKRFHFQPHFFVSFS,length1,87
-1,1456070,1456013,57,MLCNSLTEYCFCKYSSIIG,length1,57
-1,1455887,1455869,18,MAKKYL,length1,18
-1,1455521,1455407,114,MNGYSIYPKIILNLLIIQWLILFSILCEKKSLVLANLL,length1,114
-1,1455359,1455350,9,MPF,length1,9
-1,1454978,1454924,54,MEISLCLIYFLKPSIYIH,length1,54
-1,1454825,1454804,21,MPYLKIK,length1,21
-1,1454621,1454495,126,MQWRWQQKSRNKYQIQYLRVKQVKSYEWKDHQRRTMPSRQLM,length1,126
-1,1454303,1454282,21,MQRIPLA,length1,21
-1,1454192,1454078,114,MSLKSHIPHLVLILHQHLGQRTQYCEFECLYLHSVAYF,length1,114
-1,1453790,1453766,24,MGTGALSH,length1,24
-1,1453484,1453475,9,MAC,length1,9
-1,1453013,1452965,48,MVLPFSSFLPLSLYST,length1,48
-1,1452836,1452713,123,MICSPPNTARLNNATGCPWRSYLTSESAGNILREIASAVTF,length1,123
-1,1452536,1452347,189,MAKSRASFNAAVDSPKLILSASGSVMSNVGCNWRIIRSALARWLTLAKVINVPKCSVFLMAVY,length1,189
-1,1451912,1451870,42,MATIKITIKFFHNG,length1,42
-1,1451747,1451744,3,M,length1,3
-1,1451696,1451567,129,MLSLPSVTLVILPIKPPAVKTSVPFASSDINFLCSLLRLACGR,length1,129
-1,1451399,1451372,27,MAINFIFSR,length1,27
-1,1451060,1451027,33,MTIITLNKAFN,length1,33
-1,1450952,1450928,24,MQIFVLFF,length1,24
-1,1450850,1450847,3,M,length1,3
-1,1450718,1450301,417,MTSIKHFNRFIPCGELLRFKNLHKISFIKKCGQKTFYFSTALSSIMIYPLIVMAEQVCPCEHRIPPQNHQNDRLQSLDEFPPLNVDNSVNCEWYLSVHLKFHRIYLNDINTLWCSFYRCSNHIQDLTGWYHHDILHYGF,length1,417
-1,1450043,1450004,39,MRLYVILQIHRLG,length1,39
-1,1449152,1449122,30,MVTAISCSLL,length1,30
-1,1449008,1448966,42,MLIRIHGIFITSKS,length1,42
-1,1448696,1448585,111,MHHMIFNIFYTNWLKCSRAHMQCNKFKIHAFCFEFFK,length1,111
-1,1448570,1448465,105,MQTSRWCCYRTWYFTINRLITFFIGFFIWTVNIRR,length1,105
-1,1448456,1448432,24,MPNDLQHI,length1,24
-1,1448384,1448342,42,MTSFHYCFNTIIFA,length1,42
-1,1448282,1448276,6,MR,length1,6
-1,1448267,1448258,9,MFI,length1,9
-1,1447949,1447910,39,MISRKKLSSGKIK,length1,39
-1,1447898,1447880,18,MLVIWD,length1,18
-1,1447298,1447244,54,MLIFTNDTPISRPHFAVC,length1,54
-1,1447148,1447106,42,MIVATSCDLQWFVR,length1,42
-1,1447037,1447001,36,MYNQLECQHYSD,length1,36
-1,1446731,1446716,15,MSRDF,length1,15
-1,1446095,1445954,141,MFVLLALILLSHCAIPALLLGYASGIRHYSSLIYNVMHLHQRGHFLK,length1,141
-1,1445855,1445786,69,MCNRPQRHWIILIYRFYSQIKMK,length1,69
-1,1445777,1445735,42,MCLARSIYHLLSMC,length1,42
-1,1445717,1445657,60,MLALFPSLMNGGDGVVHYLS,length1,60
-1,1445600,1445597,3,M,length1,3
-1,1445387,1445384,3,M,length1,3
-1,1445162,1445141,21,MWRWRYC,length1,21
-1,1445057,1445048,9,MYG,length1,9
-1,1443371,1443368,3,M,length1,3
-1,1443344,1443329,15,MINQA,length1,15
-1,1443161,1443113,48,MKCKRLKNSDEIQFFS,length1,48
-1,1443071,1443029,42,MVKRLLNNKSAVIF,length1,42
-1,1442903,1442897,6,MW,length1,6
-1,1442888,1442885,3,M,length1,3
-1,1442828,1442825,3,M,length1,3
-1,1441817,1441808,9,MHL,length1,9
-1,1440932,1440926,6,MM,length1,6
-1,1440635,1440584,51,MRFQKIRLNVLLNLTAL,length1,51
-1,1440341,1440266,75,MEHHDLDNAAPLLVQTINVNNHKFP,length1,75
-1,1439765,1439711,54,MILKFVLCQTAMPLQISA,length1,54
-1,1439579,1439564,15,MWRVV,length1,15
-1,1439501,1439498,3,M,length1,3
-1,1439456,1439279,177,MVMIWAVCHNLLTKLVKLTMVIVINHLAQLHNKLHHRLNHQWMDLMTIFRSKLHRLKSK,length1,177
-1,1437914,1437797,117,MKGIMLISSNFFTDYSLSFCSFNTFHFKRLTSTLRPKPL,length1,117
-1,1437707,1437692,15,MSPPP,length1,15
-1,1437617,1437569,48,MVEITVILRFKSISNA,length1,48
-1,1437566,1437557,9,MVE,length1,9
-1,1437470,1437461,9,MIK,length1,9
-1,1437398,1437362,36,MNFNQARNSNKG,length1,36
-1,1437356,1437344,12,MRKP,length1,12
-1,1437329,1437275,54,MNFYRTLCGKVRLFFEKL,length1,54
-1,1437245,1437185,60,MMVFCLKFIKYLHNISAFIN,length1,60
-1,1437170,1437044,126,MNTVVSSPHKFFFAPYAKLHRNLMIRIRKQCEIKCFFLNKLS,length1,126
-1,1436396,1436372,24,MFICCALL,length1,24
-1,1436321,1436315,6,MY,length1,6
-1,1435703,1435058,645,MKKIILSLTTAIILAGCSSNPETLKATNDSFQKSETSIPHFSPLATGGVQLPKADNAYSLPNIEVKKRGDIDIRPPLIPLAIIQNSITKFDGERSLIVYPKQEAKLYNLQQVKRLLKEEGISSTTNGSILTTDWTKTERIGDKSIEIKYQIEQVMTPDVSAITVSILHMRRDGIIFTPNISDKQYYTSERLNRIVLALTTAYNKQLQDLSSTSIQ,length1,645
-1,1435010,1434989,21,MRHRSSF,length1,21
-1,1434509,1434485,24,MSVRLIFS,length1,24
-1,1433690,1433675,15,MPALK,length1,15
-1,1433501,1433474,27,MYLVKFSLA,length1,27
-1,1433363,1433348,15,MVLFS,length1,15
-1,1432622,1432457,165,MPKSVCAITSKPKSDRTSAISFTLPLLPVASTIFCFIISPFIDDKLPLNQPSFAR,length1,165
-1,1432214,1432097,117,MFVFVKVRLNPARFRFSQSKYPLDSKYLTCLFEYVRQWV,length1,117
-1,1431752,1431719,33,MGSFYFKIGTN,length1,33
-1,1431716,1431644,72,MIKERQCHFLPKLQNLFVFSDCLL,length1,72
-1,1431638,1431623,15,MFATP,length1,15
-1,1431443,1431434,9,MRY,length1,9
-1,1431284,1431224,60,MDLWLSLNILAYQNQNQNGN,length1,60
-1,1431209,1431158,51,MIINLPINLLISLVKIY,length1,51
-1,1431107,1431065,42,MQKLPILPISIISM,length1,42
-1,1430795,1430732,63,MKKMPKKNLANRLLNYLGQPN,length1,63
-1,1430651,1430618,33,MICISKVRWLS,length1,33
-1,1429925,1429919,6,MG,length1,6
-1,1428299,1428257,42,MEKPAFRFCAGKLV,length1,42
-1,1426388,1423649,2739,MYKLNVISLIILTTYTGATYASTRDFPQDHTTVSGTVTVTTTVDKMTIKQESDKAQINWKSFDIGQNKEVEFKQPSPNAVAYNRVTGGNASQIQGKLTANGKVYLANPNGVIITKGAEINVAGLLATTKDLEQISENGNGNSYQFTRKTKDGQELKEGKVLNEGKIKAKDFVVLNGDEVINKEEINVTNGKVYLSSGDNFTFTLLPDSGISVALEDNAVRGIVKNEGIIKAEDITLNAKGRKEALDSLVMNNGVLEATKVSNKNGKVVLSADEIKLDDKSNIKGDMVSFVADVTSNKELKDNIKITSQTGSKVTSPKIDFKGKSVNINGNFGRDDSKAHYNDEHKTLKTEVNIDVPDDENIRIANIEDEDKDSTGSFIQTDALSSLLANNGKVTLKGNNVNISGRIHIDSFRGSDSLLKLTNKGHIKINNADIHSKGRLFFITSLQNEEDFKSNITITDSKINLGNGAMGLGRSVNESDYDNKYQKTEGSQRKKFNVKMSNVEFNQVDDVILAGGFEKVNLDKIVATGQTNFYIDGGVSRNRTNGEPWKYEYGVLDLDKRTQLSELDQGRRRWGYYYDLELDMNRAYLYRFDLFAAKNTRRSTIKGTEINISNSNINLKNGFVHLLAEKIKLDNSKIDITFDKDNSQDTLAQTNRLGMNGKVSMINSHIKIVGDEKSGISPTGTYATMFLIGELIGEKSSIFVKSHQGYTFKTDGDTKIAGKNSKEDLKITAINTGGRAAEEVLINGALGSADNDANIANMAFTIGDSANTKTTIENADITALAPNGGTAYLSSKDVEIEVKPNSDFTFFELPREKNLNQTKINGASTKLSERGFARLYDKINGVRASNLSAEQLNVTDSSEKIINTNLVSSLDVEKLVSVAVCDAGKGCEEQQFGDKGNNTKVSVGELEAEQ,length1,2739
-1,1423112,1422515,597,MSLFALFYMLFAYLLGSISSAILICRIAGLPDPRQNGSHNPGATNVLRIGNRKSALAVLIFDMLKGMIPVWAGYYLGLTQFELGMVALGACLGHIFPIFFQFKGGKGVATAFGAIAPISWAVAGSMFGTWIFVFLVSGYSSLSAVISALLVPFYVWWFKPEFTFPVALVCCLLIYRHHDNIQRLWRGQEDKVWAKFKKK,length1,597
-1,1422359,1422245,114,MMPKPLIFQVLCVCKVIAYFMKCKNNQKAWKRTYAVII,length1,114
-1,1422191,1422185,6,MY,length1,6
-1,1422134,1422116,18,MHANRM,length1,18
-1,1422086,1422023,63,MLQMLIILCLNYNVLVSRNGF,length1,63
-1,1421969,1421966,3,M,length1,3
-1,1421852,1421783,69,MNLAHWLAYLHKCPQNWDSFIRV,length1,69
-1,1421567,1421516,51,MLIMNYKSKPFLWITKN,length1,51
-1,1421213,1421192,21,MHSYVSF,length1,21
-1,1421096,1421093,3,M,length1,3
-1,1421012,1420985,27,MRSNILKAR,length1,27
-1,1420961,1420937,24,MRKASMKF,length1,24
-1,1420928,1420877,51,MMGLAFQTLRSLKGITA,length1,51
-1,1420844,1420625,219,MHNCIFIAENKAAHKSKLPCHIHYIRTSKCKIYNLFTLSTFSLMLVKLLKHIVSNSYNKCGRILNQKIYPYFF,length1,219
-1,1420610,1420571,39,MFCFWMILMAWWF,length1,39
-1,1420538,1420451,87,MQIFTIFTSMAAKIGINWWNGLLIMVFMA,length1,87
-1,1420388,1420340,48,MALNLKMCAIMWMYLI,length1,48
-1,1420193,1420181,12,MVRL,length1,12
-1,1420139,1419980,159,MKSVISVKVNYLIQMKRVMQGVSLKIQLSVQNILRKSKNITKIYRTFHKQMAQ,length1,159
-1,1418513,1418504,9,MLP,length1,9
-1,1417796,1417775,21,MRNSRIT,length1,21
-1,1417508,1417328,180,MRPAIAPKNPPTFQPKNTPIIFPINPILSPVKSKCGYFYNVIYNDDKNLFLKFYTPNSAR,length1,180
-1,1417253,1417232,21,MIDSTWH,length1,21
-1,1416932,1416923,9,MPL,length1,9
-1,1416617,1416596,21,MLIILHG,length1,21
-1,1416593,1416434,159,MARLLQCLAPQSFDHLPSSQHSYRFPLQNLPHIPNHKQLDHQQSLQKLPKLAL,length1,159
-1,1416377,1416359,18,MRLQHQ,length1,18
-1,1416353,1416323,30,MQFVCRHPLE,length1,30
-1,1415954,1415891,63,MISNDVIKKRTILARFSFYFC,length1,63
-1,1415786,1415762,24,MPFKRSPN,length1,24
-1,1415717,1415648,69,MWLSIRFYYAFVIRLNIKRFVHE,length1,69
-1,1415576,1415474,102,MAIDQNLSQRHVMACQLYPCPLLVQQLFAQWLRE,length1,102
-1,1415276,1415219,57,MQDHCLYQCFDLCNAIQDV,length1,57
-1,1415150,1415144,6,MR,length1,6
-1,1414547,1414490,57,MLSLVQSFHRSLGYNDQSV,length1,57
-1,1414145,1414100,45,MLIFTTIKQNLIKRY,length1,45
-1,1414091,1414058,33,MHSPYNANPQH,length1,33
-1,1413476,1411823,1653,MIAYIFLALFTIAAVIFIVNSHYRWTYFFAITLFTFLFGGMLMVSSQWQRALNFSSVLFVVLMLFHRLKIHYYKQPLLISDFFLVVDWRNWETLIHYKGALFGVIGLLALLGYAIFGFNDAESLGVLGNSIGVLLFIVSFSLMWHYSKNPSAVQVWLDSLPDDGRDVFLNLPMSCRGIFFKVPNFDGNSQNFIEKMTALSFDTNNLSETKPDIVVTLMESTLNPHQFAFSQQSIPPLSMFEPQHDTVFASPLRVHTFAGATWKSEFAFLAGVPSTDFGALASGVFYSVVPHLQSGLVKNLKAQGYFCVALSPFTKGNYNAKSAYDHFGFDLMLQPQDLGYPAPISKNLWDISSEEMMKYTRMILEKQHPALENVDQPMFVYVLTMREHGPYELGMENTFNLQMPNLGAKSISALNDYTQRIVALNDAIEGMNNYLHERKKPFVLGYFGDHQVAFDNVIPPKKGDYAQPDYVTQFVVRSNCSHQFKQEQKFLDLAFAGGVLMNVAGLSADDEFMKANMAMCKLSNGKLEDSSDIQLLNDYRHYLYQALAIAR,length1,1653
-1,1411316,1411235,81,MLLISIKATAIKLTIPTALIFFEFDTN,length1,81
-1,1410923,1410905,18,MIPLDP,length1,18
-1,1410611,1410473,138,MLVSNEICHNNLRNDDQIDMDNLPKVRLKFLTYLSLLFEFRYLRSN,length1,138
-1,1410383,1410347,36,MTNCYLRIRTGE,length1,36
-1,1410008,1409999,9,MFF,length1,9
-1,1409966,1409897,69,MNFYRWHCFLTNCAFILASIGKG,length1,69
-1,1409432,1409318,114,MFHGYWWSFNINLCGRTGSTWCSHFLTYWYNGCNSTTY,length1,114
-1,1409219,1409201,18,MYNRTL,length1,18
-1,1409066,1409006,60,MARFECNELRNGIFNIVHYV,length1,60
-1,1407854,1407845,9,MSK,length1,9
-1,1407095,1407065,30,MAKNLTALFH,length1,30
-1,1406135,1406045,90,MRKNSNHIKWTYRQSPQQQVYLNQYLFQQQ,length1,90
-1,1405895,1405850,45,MRTRLPLNFRLLAVQ,length1,45
-1,1405820,1405757,63,MAQATKAFGVKEDAHATNDVL,length1,63
-1,1405739,1405679,60,MNDGKDLMLYRFVQPTKIPL,length1,60
-1,1405274,1405265,9,MAH,length1,9
-1,1404995,1404986,9,MSQ,length1,9
-1,1404620,1404578,42,MTLNKGGTNRHTKF,length1,42
-1,1404458,1404446,12,MNRF,length1,12
-1,1404425,1404374,51,MCGQICTNFTNQMLYFT,length1,51
-1,1404128,1404068,60,MRIFSPQKMITTLILFFAFC,length1,60
-1,1404035,1404014,21,MKSSFIG,length1,21
-1,1403921,1403816,105,MQRNLFWQSRKCGDIFKSFEVGQSIIRTLLIFHKK,length1,105
-1,1403627,1403624,3,M,length1,3
-1,1403411,1403375,36,MTKNFFTKSFQY,length1,36
-1,1403309,1402097,1212,MRLFPKSDKLEHVCYDIRGPVHKEALRLEEEGNKILKLNIGNPAPFGFEAPDEILVDVLRNLPSAQGYCDSKGLYSARKAIVQYYQSKGIHGATVNDVYIGNGVSELITMAMQALLNDGDEVLVPMPDYPLWTAAVTLSGGKAVHYLCDEEVNWFPAIDDIKAKVNAKTKAIVIINPNNPTGAVYSKELLQEIVEIARQNNLIIFADEIYDKILYDGAVHHHIAALAPDLLTVTLNGLSKAYRVAGFRQGWMILNGPKHNAKGYIEGLDMLASMRLCANVPMQHAIQTALGGYQSINEFILPGGRLLEQRNKAYDLITQIPGITCVKPMGAMYMFPKIDVKKFNIHSDEKMVLDLLRQEKVLLVHGKGFNWHSPDHFRIVTLPYVNQLEEAITKLARFLSDYRQ,length1,1212
-1,1402091,1402085,6,ML,length1,6
-1,1402061,1401977,84,MSPFYRYKYIALSLCTTIIVQIYFRGVL,length1,84
-1,1401719,1401686,33,MVFLLLSSCIF,length1,33
-1,1401680,1401671,9,MPT,length1,9
-1,1401413,1401386,27,MSKYIYLIY,length1,27
-1,1401341,1401296,45,MSRVSSNITIVMVVA,length1,45
-1,1401176,1401161,15,MFLHY,length1,15
-1,1400945,1400936,9,MDL,length1,9
-1,1400348,1400267,81,MHTCSGLPPKISASPAAAIEQATPTSP,length1,81
-1,1400183,1400147,36,MISGVNGEMNFS,length1,36
-1,1399625,1399550,75,MPFSCNFKKVRWKMRLFSKSNFTIF,length1,75
-1,1399538,1399463,75,MGKSAVCFTFSMKPEIISMSTLCGK,length1,75
-1,1399445,1399424,21,MMAISVL,length1,21
-1,1398680,1398629,51,MADMAFCTLKRFVFTEL,length1,51
-1,1398599,1398590,9,MVK,length1,9
-1,1397891,1397765,126,MPINRESQRANSKIVIKLKFFYKKCGNFQRQKNRCDDDTDCV,length1,126
-1,1397756,1397726,30,MKLEPHFFQS,length1,30
-1,1397537,1397495,42,MLHKRCRGCLFCNI,length1,42
-1,1397411,1397258,153,MTLSFQLLDLFRLISRTESTKGFLNAELFCYVINDRLLIATHNYDINILLL,length1,153
-1,1396400,1396268,132,MAFITPSISTFNYAVCRNTFALIRTNDFADIDLVKSNFSPFFIT,length1,132
-1,1396211,1395989,222,MLFSAIFKKFSKTDKTNYHYRSFKIHMPHCMIGVVKQHESRIKINSERSCADKDIHIGKSTTNTTDCSAIKWNG,length1,222
-1,1395929,1395863,66,MGATYHTKHSNQKWNIDYPKYD,length1,66
-1,1395806,1395674,132,MSRKTCFMDNLDNLSFACLRSVKYNLCFFDGKIHSRLLHKWFFI,length1,132
-1,1395416,1395413,3,M,length1,3
-1,1395284,1395173,111,MTSISCAILTRFSSKVIFALPSNCTSADCTPSNSVKT,length1,111
-1,1395140,1395095,45,MPFMFNVIVFIFTPC,length1,45
-1,1395077,1395038,39,MRLAQDWQVIPPI,length1,39
-1,1394852,1394834,18,MYAFYV,length1,18
-1,1394789,1394741,48,MNAIGTRLAGHPTNLN,length1,48
-1,1394540,1394537,3,M,length1,3
-1,1394390,1394381,9,MKK,length1,9
-1,1394333,1394318,15,MEKVI,length1,15
-1,1394285,1394249,36,MLGFRYIKSHNY,length1,36
-1,1394105,1394081,24,MTTLDVQF,length1,24
-1,1394078,1394072,6,MA,length1,6
-1,1393922,1393877,45,MQERFTKQFTVSCVT,length1,45
-1,1393775,1393721,54,MFCIRADIFSVPIRHNFP,length1,54
-1,1392080,1392050,30,MNKRKTYSKN,length1,30
-1,1392014,1391999,15,MNKTS,length1,15
-1,1391657,1391591,66,MTALFLLNRGKVRLKWRTVLWK,length1,66
-1,1391555,1391537,18,MRNKTR,length1,18
-1,1391405,1391357,48,MITIINGSSICESKSI,length1,48
-1,1390910,1390814,96,MPIFCLRKLDIESNIAVIVGNSALLPLYISAN,length1,96
-1,1390595,1390559,36,MACENAKPDSMD,length1,36
-1,1390382,1390379,3,M,length1,3
-1,1390259,1390205,54,MSFYLTHVQFLSHLLCLG,length1,54
-1,1389611,1389569,42,MLVADFRSYPVQKS,length1,42
-1,1388306,1387754,552,MQKLKDIEQGILTDCRQIPSPHFDERPDLQDISLLVIHYISLPPEQFGGGYVDDFFQGKLDPKIHPYFEEIYQMRVSAHCLIERNGRITQYVNFNDRAWHAGVSNFQGREKCNDFAIGIELEGSNEQPFTDAQYFSLQELTNVIMKSYPKITKDRIVGHCDISPKRKIDPGQYFDWERYLSSVK,length1,552
-1,1387406,1387403,3,M,length1,3
-1,1387163,1387142,21,MIIFRRQ,length1,21
-1,1386980,1386974,6,MI,length1,6
-1,1386797,1386773,24,MPMTAIIS,length1,24
-1,1386728,1386686,42,MRKSLIYLHYCAPS,length1,42
-1,1386605,1386389,216,MNLVRYQVLLPLKIFWNKLLAILKMNLMKKKSRIFVSFLVILMLCVRSQILMISMRNLIRILMMKKWIPLAV,length1,216
-1,1386266,1386248,18,MNIWQK,length1,18
-1,1386242,1386239,3,M,length1,3
-1,1386236,1384670,1566,MKNLNRILLSIKFMNKYFTYLIAIISGLLGVFAFSPFDYWPLTYVSLLGLLYVAKNPKKSTALLSTFLWAMGFFCFGVSWLNVSIHQFGGASLGVSYFLVGLLAAYLALYPMLFTYLVQRFKVQSAVIFAVIWTLTEFLRGWIFTGFPWLQFGYTQIDSPFYGIAPIFGVTGLTFFTVWSSAVIFNLVSSLFKTKNLKLVLANALLLIIVGGLSIYSSRIHFVKSVEDKAISVTLAQGNIEQNLKWDPNYFYSTLAIYQKLIADNLGKTDLIILPESALPTLENAITPFFEGLERAAKETKTEIMIGTVFQDTKSGKLLNSIMTAGNPDFPYQPDTPNRYNKHHLVPFGEYVPLESILRPLNSVFNLPMSAFQSGEAVQPSLIAKKRAFSPAICYEIIFGEQVRQNLKQDTDYLLTLSNDAWFGDSIGPWQHLQMARMRALELGKPLIRATNTGISVFVDAQGKVLAQAPQFIETTLTYKIAPAKGKTPYSVLGNMPLYALSLLFLLLHSMMAFIRRKMNIQ,length1,1566
-1,1384289,1384262,27,MVRTLWRKT,length1,27
-1,1384229,1384187,42,MAKNCDCSLRTVRS,length1,42
-1,1383884,1383326,558,MMELQGKFLIAMPHLDDYFNRTVVFMCEHNEQGSMGLVINQPTDLSIAELYSKLNFMMKNDRTFGNEMVVAGGPVHTERGFILHKNTLNAFQHTYKVTKELSMTTSADVVETLGSTFAPEKYLVALGCSSWGAGQLEKEIRDNAWLVVSSNDQILFDMPYEDRYAAANQLLGIHPYNFALAQVGHS,length1,558
-1,1383215,1383179,36,MASQIGKRSKNV,length1,36
-1,1383161,1383137,24,MLSLLVFL,length1,24
-1,1383056,1383032,24,MFIYKMND,length1,24
-1,1382960,1382942,18,MECQLV,length1,18
-1,1382501,1382468,33,MRQIILKDPIG,length1,33
-1,1382354,1382324,30,MNKIIFHINP,length1,30
-1,1382315,1382288,27,MLIFTKCTR,length1,27
-1,1382204,1382111,93,MRSSSSRLTTFAGKIFSSFLAINRICFPTEK,length1,93
-1,1381778,1381775,3,M,length1,3
-1,1381658,1381640,18,MVMDYF,length1,18
-1,1381454,1381364,90,MNYCNYNDKTIHFLPYQLNGNKKKFLKSSL,length1,90
-1,1381328,1381313,15,MHFHI,length1,15
-1,1381271,1381208,63,MIQLYHYLNEEFLTLGSLLLH,length1,63
-1,1381202,1381193,9,MKS,length1,9
-1,1381145,1381124,21,MYQRLLM,length1,21
-1,1380977,1380917,60,MHNGMKLILRNRYGISLLNA,length1,60
-1,1380773,1380737,36,MQQLNALVIKIN,length1,36
-1,1380728,1380677,51,MGYVLSQAPILARHLPK,length1,51
-1,1380068,1380023,45,MLNTYNLVKLHTNTS,length1,45
-1,1379636,1379588,48,MSSCWILINYFEKNIL,length1,48
-1,1379489,1379378,111,MRESVLLNPHLNKVAQYQRNVVIIFILERNVLHMMYV,length1,111
-1,1379354,1379312,42,MKKVNVLLVMNTNF,length1,42
-1,1379282,1379261,21,MFHKPTK,length1,21
-1,1379243,1379204,39,MLNTHRKLMVLYQ,length1,39
-1,1379165,1379111,54,MSSFFILCITYRFIILIN,length1,54
-1,1379108,1379090,18,MHLDII,length1,18
-1,1378811,1378775,36,MYKIGDNYENTR,length1,36
-1,1378583,1378322,261,MVAFIYYLLYRLKHILALPSDIDKQVAISRHFRPCVLNYAIFSYLLFKSFFDFTHPNSSAQRFNELTLILNCSAICFNDILGLLAPN,length1,261
-1,1377482,1377464,18,MIEIMW,length1,18
-1,1377446,1377440,6,MS,length1,6
-1,1377359,1377347,12,MPKS,length1,12
-1,1377155,1377140,15,MYCIY,length1,15
-1,1376915,1376102,813,MQHKLIAFIGGGNMAQAIILGLLKQGYPAEQIIVNDPNEEKRAFFANLGVATSENNVESAIKAEVVLLAVKPQMMADVCLPLSAVDFSDKLLISIAAGISTERLNALIPSVKSIVRVMPNTPALVGEGMAGLFAPKNTSENYRTFAQDLLGAVGRTVWVDDETQMHAVTAASGSSPAYFFLMLEAMQQALIKMNIDEKTARELVQQSMLGAAKMVTENPQIALSTLRENVTSKGGTTAAALAVFDAQHFNQTIEQAMQACLSRSQEMETLF,length1,813
-1,1376042,1376009,33,MAYFCLSFPHG,length1,33
-1,1375994,1375982,12,MGRK,length1,12
-1,1375790,1375781,9,MLL,length1,9
-1,1375547,1375496,51,MKYLKVAFKMMLVLLLY,length1,51
-1,1375439,1375349,90,MRLIMFTARFIGQVLGSPFLKLAYFGALAY,length1,90
-1,1375181,1375049,132,MPFAIMRLFAISPRNRKAILRSYKVCIMVYPMVCSLLFSLRLLA,length1,132
-1,1374962,1374953,9,MPF,length1,9
-1,1374755,1374731,24,MLLICKVF,length1,24
-1,1374626,1374608,18,MIQVRC,length1,18
-1,1374530,1374491,39,MLKSLWNCVIKQC,length1,39
-1,1374479,1374461,18,MRRGFV,length1,18
-1,1374323,1374305,18,MVVLCY,length1,18
-1,1374302,1374254,48,MGRVLMLCFQVSAHSK,length1,48
-1,1374218,1374146,72,MPFLRILMLMHFPLTFFAMLLPPI,length1,72
-1,1374035,1373978,57,MKDFILEDNFGVNFYSFKD,length1,57
-1,1373837,1373552,285,MKKITLFFTALLCLFSTSVLAEPNSIPKQCEQLFKETENLIAQAEKQPGTHIQVNKIKSKLNQSKQQILQMELATQLKSCEVGLAKLSNLKSYSE,length1,285
-1,1373471,1373423,48,MTISLRCCNTATRRSL,length1,48
-1,1372838,1372820,18,MDFINK,length1,18
-1,1372811,1372793,18,MRFKIG,length1,18
-1,1372661,1372655,6,MI,length1,6
-1,1372478,1372454,24,MRLLMLHE,length1,24
-1,1372349,1372325,24,MNFPSGIQ,length1,24
-1,1372322,1372265,57,MGIMEYAYFLQRNHFVLCL,length1,57
-1,1371857,1371827,30,MIKKLTHRIK,length1,30
-1,1371710,1371707,3,M,length1,3
-1,1371701,1371632,69,MLNRMSVCNRNSQRIRGIGLRFI,length1,69
-1,1371308,1371248,60,MSPCLANHTVTRYARAGVNT,length1,60
-1,1371176,1371020,156,MPLRHRFLRCDIRFVRHHNLPTYQLNEVILVQFQYQDRRLLMESSLLQLLVL,length1,156
-1,1370954,1370849,105,MNHHLVVEYHQHPLRLPLQLRHLHPLLRLRLNLFC,length1,105
-1,1370336,1370171,165,MLTQYWNKFFFRLTQKQMFFAVSNIRCVFIAEMWKNFKFYALIAIKKRGGIFRNF,length1,165
-1,1369760,1369739,21,MRWSTEF,length1,21
-1,1369523,1369442,81,MVHCCKITFFITFKHWEINDPKRLPFV,length1,81
-1,1368725,1368707,18,MHTAWH,length1,18
-1,1368251,1368236,15,MNPTA,length1,15
-1,1368188,1368122,66,MCTHHFKILCTLLIMLKNLSQL,length1,66
-1,1367882,1367738,144,MKKHSLQRVQYSMVNAIPHCCPLPMLHFILRRSLRLISKTCHLIALHK,length1,144
-1,1367696,1367693,3,M,length1,3
-1,1367687,1367681,6,MS,length1,6
-1,1367384,1366661,723,MVKDTLFSTPIAKLGDFIFDENVAEVFPDMIQRSVPGYSNIITAIGMLAERFVTADSNVYDLGCSRGAATLSARRNIHQPNVKIIGIDNSQPMVERCRQHIAAYHSEVPVEILCDDIRHVEIKNASMVILNFTLQFLPPEDRVALLTKIYEGLNPNGVLVLSEKFRFEDTKIDHLLIDLHHQFKRANGYSELEVSQKRTALENVMRTDSIETHKVRLKNVGFSQVELWFQCFNFGSMIAVK,length1,723
-1,1366466,1366244,222,MGMWYYAQFLKKQMIFLRYLKDLMRPLFKHLKRVMIYRLRSEKIYDLYVRHQYHYLFNEKSPQNYCRTSITIIA,length1,222
-1,1366085,1366043,42,MGKYTQKTRATYRK,length1,42
-1,1366034,1365986,48,MDRLSRIEFKCRSYYT,length1,48
-1,1365305,1365257,48,MLKLQVLMQKKMRYSN,length1,48
-1,1365233,1365149,84,MKTVICILIRNAIFISSLLKAQILIQNP,length1,84
-1,1365140,1364987,153,MVLIFTIHYVARCLNLMQSRDYFKWCVEDKKMQIANVLSLWRTMPLLTKVL,length1,153
-1,1364846,1364771,75,MVNKPIQRYMIPNARRNYSAIWSII,length1,75
-1,1364378,1363028,1350,MLSNPVVISIIVLLALSLLRINVIIALVIAALTAGFIGDLGLTKTIETFTGGLGGGAEVAMNYAILGAFAIAISKSGITDLIAYKIITKMNKTPTAGNLTWFKYFIFAVLALFAISSQNLLPVHIAFIPIVVPPLLSIFNRLKIDRRAVACVLTFGLTATYILLPVGFGKIFIESILVKNINQAGATLGLQTNVAQVSLAMLLPVIGMILGLLTAIFITYRKPREYNINVEEATTKDIEAHIANIKPKQIVASLIAIVATFATQLVTSSTIIGGLIGLIIFVLCGIFKLKESNDIFQQGLRLMAMIGFVMIAASGFANVINATTGVTDLVQSLSSGVVQSKGIAALLMLVVGLLITMGIGSSFSTVPIITSIYVPLCLSFGFSPLATISIVGVAAALGDAGSPASDSTLGPTSGLNMDGKHDHIWDSVVPTFIHYNIPLLVFGWIAAMYL,length1,1350
-1,1362872,1362848,24,MDKMFPFI,length1,24
-1,1362548,1362467,81,MMRKYVMLNLQKFIKNASKNAKMQSIF,length1,81
-1,1362356,1362344,12,MAEE,length1,12
-1,1362164,1362062,102,MPFLFMNGKAFLLNEFQCFLLLQYIAEINRTFVI,length1,102
-1,1361954,1361915,39,MLQVYRQCLRYRL,length1,39
-1,1361756,1361741,15,MFLGA,length1,15
-1,1361729,1361699,30,MHRLCMNKLS,length1,30
-1,1361600,1361558,42,MPDLCLVLQIHFQR,length1,42
-1,1361498,1361495,3,M,length1,3
-1,1361387,1361360,27,MPFQILNYY,length1,27
-1,1361336,1361264,72,MILSNPLLRGNFFRSACHNLSLIK,length1,72
-1,1361159,1361084,75,MPMRCQIFFINIEIACSLWQKAVVR,length1,75
-1,1361045,1361006,39,MKTQEIKKAGNWR,length1,39
-1,1360829,1360811,18,MNFALY,length1,18
-1,1360760,1360721,39,MKLIKFLLMRCKN,length1,39
-1,1360709,1360697,12,MSRF,length1,12
-1,1360667,1360649,18,MMMRKF,length1,18
-1,1359959,1359854,105,MENITSIASKTSPFIYGYFCVGYFIDYFLRIKTKF,length1,105
-1,1358924,1358915,9,MRM,length1,9
-1,1358828,1358732,96,MIKLFVLYTPRIKNTKKICIMLPSLFKAYQKN,length1,96
-1,1358666,1358651,15,MILVR,length1,15
-1,1358228,1358201,27,MLNWLGNGN,length1,27
-1,1357865,1356551,1314,MVLLYTPKQKTNNVQTITADILDLDYQGLGVAKINGKTWFIENALPHEKVECRILEDKRQYGHATAKKWRVKSSERLEPKCAHFMRCGGCQGQHIPIEMQRKAKQSALFKRLSKLQSEPISFQPMICGDAWAYRRRVRLSLWFNPNTKQIDMGFRQKNTNDLIPVQSCEVAEPAINYLLPKLTALLEKFSTPKQLGHIELVAADNGVAMLLRYTKNLAEIDRTLLLKFAEQEKLMLFLQSDKGIEQIYGDAPYYQFSDGIKLHFDIRDFIQVNSALNERMINTALDWLELSQQDCVLDLFCGMGNFTLPLAKRVKSAVGIEGVFEMVQKAAQNAARNQIKNIEFFQADLDQSFVEQPWANQSFNKILLDPPRSGAAFALNALCELKAEKILYVSCNPATLVRDAEILCDFGYKIEKSAVIDMFPHTGHLESITLFTTK,length1,1314
-1,1356365,1356341,24,MRGITHVI,length1,24
-1,1356335,1356317,18,MPIPMK,length1,18
-1,1356311,1356302,9,MRP,length1,9
-1,1356248,1356197,51,MRKHCLLPCCFLLLQIN,length1,51
-1,1356104,1356023,81,MPVIPLTRYKWIMFAVCCWRWWTISAA,length1,81
-1,1355984,1355885,99,MQSIVVQRKTKSLPSKNVLIFMPLLPIVLELVS,length1,99
-1,1355717,1355639,78,MVVRNIFTAFGAKCRKSILSSVVYMM,length1,78
-1,1355537,1355486,51,MSRTRNRTVINLFILLF,length1,51
-1,1355435,1355420,15,MMMQS,length1,15
-1,1355363,1355330,33,MKKKLRGCVNC,length1,33
-1,1355318,1355198,120,MILRIQAKCWQSCVAKCLMTVYMCLRQRAKWWICQRDLHH,length1,120
-1,1354931,1354916,15,MNSRF,length1,15
-1,1354886,1354865,21,MRYHAIT,length1,21
-1,1354844,1354814,30,MRALAVVIFV,length1,30
-1,1354736,1354676,60,MLLTKVRSILSRNLKRTMAM,length1,60
-1,1354610,1354541,69,MRLLAILQWDVVFLFTERIVNNS,length1,69
-1,1354436,1354406,30,MAYCVILRRF,length1,30
-1,1354400,1354382,18,MKKLAY,length1,18
-1,1354313,1354301,12,MLKV,length1,12
-1,1354268,1354220,48,MMLSKRSVYKNRKIYV,length1,48
-1,1354124,1354067,57,MFFSLHFNSSYFLFRRNKN,length1,57
-1,1353638,1353611,27,MNNRLLNKP,length1,27
-1,1353596,1353578,18,MNKVAI,length1,18
-1,1353539,1353536,3,M,length1,3
-1,1353527,1353512,15,MQPLR,length1,15
-1,1353329,1353320,9,MCL,length1,9
-1,1353191,1352855,336,MKKIEAMIKPFKLDDVRESLSDIGISGMTITEVRGFGRQKGHTELYRGAEYMVDFLPKVKLEVVVPDELVDQCIEAIVETAQTGKIGDGKIFVYHVERAIRIRTGEENEDAI,length1,336
-1,1352408,1352396,12,MCLF,length1,12
-1,1352315,1352267,48,MMQPKKNAILIAFCKA,length1,48
-1,1352180,1352159,21,MPFCGQP,length1,21
-1,1352078,1352054,24,MVLALALA,length1,24
-1,1351844,1351832,12,MPVY,length1,12
-1,1351826,1351802,24,MSKISNRF,length1,24
-1,1351763,1351610,153,MISLADRRPKLTALGCFFQVRLVDILLMLFATSFLTDVAIITASDIAPLFC,length1,153
-1,1351262,1351229,33,MHYLHSLRQRE,length1,33
-1,1350869,1350749,120,MQSHDDLRKATLDCLFRDGLSFVPTRVLITRFVYFDFSNQ,length1,120
-1,1350494,1350410,84,MPISCQSQWHFVQSGRDPIHKAVAYRLN,length1,84
-1,1349768,1349756,12,MVEE,length1,12
-1,1349648,1349573,75,MKHHRGRNNQINEEAAQPVPLGQFS,length1,75
-1,1348727,1348718,9,MPN,length1,9
-1,1348436,1348430,6,MR,length1,6
-1,1348403,1348373,30,MVRNKWFATN,length1,30
-1,1348286,1348229,57,MLFCFNPLQNSLNLRFFDL,length1,57
-1,1347914,1347854,60,MLVFLKCVLIMANALFVGNV,length1,60
-1,1347851,1347782,69,MPVNSLFFIRVTSYLGHIKSTLA,length1,69
-1,1347722,1347689,33,MRFVSNYKWVA,length1,33
-1,1347665,1347623,42,MLVMAVGLVYKAAP,length1,42
-1,1347620,1347614,6,MQ,length1,6
-1,1347605,1347599,6,MI,length1,6
-1,1347590,1347311,279,MNNTNLILENARDWHVVGLIVQGNPKKLSAIQTALLAIEHTEIPTFDEKLGKFVVVMQSNDQHLLLEKMESVKDIDGVINVSLVYHEQDEQNK,length1,279
-1,1347239,1347206,33,MRLWQPQRQRD,length1,33
-1,1347188,1347113,75,MWLRLNPKLNGIKAYVVSVVLVVQY,length1,75
-1,1347098,1347056,42,MDVLWHLKAILMQK,length1,42
-1,1346858,1346852,6,MQ,length1,6
-1,1346810,1346765,45,MRRTNFGKQVFVLTT,length1,45
-1,1346756,1346510,246,MPVTVWHLQRLHLCVLLVWMNQWVVMMILNRQMLLFFGAQIWRKCTQFCGRVLLIAVFLILMFVSLYFLLTNIVVLNLPITV,length1,246
-1,1346444,1346354,90,MRLIGILLINIPNLNAEKRILAMVCVQSIH,length1,90
-1,1346204,1346132,72,MLIQRRKWFPTGQWALTNIHVVCG,length1,72
-1,1345874,1345862,12,MMAK,length1,12
-1,1345859,1345766,93,MCYGKCVTIICKQGQTLIKIVCQAGVKKATS,length1,93
-1,1345670,1345595,75,MQNVVPNSGVSKSKHPAKQNQTYGN,length1,75
-1,1345565,1345478,87,MKCGQKTYLHKCLNIEVKLYMKCSSEMVK,length1,87
-1,1345433,1345349,84,MNQNILVTTFTKVYLKNTLNLVAVTVTI,length1,84
-1,1345259,1345091,168,MIRMLKKGKAWLSTVILIRKRLFLRCLMNHQLSHQIMNTIYGYQQVVFLNIGIRGQ,length1,168
-1,1345025,1344962,63,MHKHVVYVMAIKLRFHLVEAK,length1,63
-1,1344893,1344869,24,MQVSLQIA,length1,24
-1,1344860,1344812,48,MRQTQFQKKPTSKNVR,length1,48
-1,1344545,1344470,75,MRKRFLPLVFVADNVFKPVLMTCCI,length1,75
-1,1344332,1344302,30,MNRVWGCQYC,length1,30
-1,1344260,1344236,24,MFVIGFVH,length1,24
-1,1344152,1344110,42,MLVLDVENVSKLVC,length1,42
-1,1343852,1343798,54,MGLVVCKPLFVLASIKPT,length1,54
-1,1343573,1343552,21,MPTKCCD,length1,21
-1,1343222,1343216,6,MR,length1,6
-1,1343027,1342586,441,MTKQVSKILAGLFTALFAGSLMASDAPAVGKDLTQAAENIAPAFHNPPRQSELPALNYVNQPPMVPHSVANYQVTKNVNQCLNCHSPENSRLSGATRISPTHFMDRDGKVGSSSSPRRYFCLQCHVSQSNVDPIVPNDFKPMKGYGN,length1,441
-1,1342439,1342433,6,MV,length1,6
-1,1342385,1342283,102,MLIQNIYIACIIKLVLAWGQVVQIVTYHTNLVQK,length1,102
-1,1342250,1342220,30,MLTILEKWIP,length1,30
-1,1342208,1342196,12,MRIV,length1,12
-1,1342181,1342166,15,MNGRV,length1,15
-1,1342127,1342124,3,M,length1,3
-1,1342106,1342067,39,MINVLWRHVCTKK,length1,39
-1,1341017,1340978,39,MPGIAKNKQNQKY,length1,39
-1,1340627,1340561,66,MLDQSAVLFTTIAISSLLNPMS,length1,66
-1,1340477,1340429,48,MTPLRWKNSCNGIQNA,length1,48
-1,1340366,1340309,57,MKMPANIQSAVHKKTVSQG,length1,57
-1,1340093,1340087,6,MM,length1,6
-1,1339157,1339088,69,MLNFGSAFAVSRKICSTIYLDVP,length1,69
-1,1338935,1338932,3,M,length1,3
-1,1338650,1338587,63,MAIMISLLIIETKKLYHYFVW,length1,63
-1,1338500,1338479,21,MSISCVI,length1,21
-1,1338200,1338191,9,MFL,length1,9
-1,1338155,1338128,27,MDIALTFIL,length1,27
-1,1338089,1338038,51,MMKCVRIPFFLIKINTC,length1,51
-1,1337942,1337924,18,MSIKSS,length1,18
-1,1337906,1337882,24,MTKINLWQ,length1,24
-1,1337870,1337855,15,MLDFL,length1,15
-1,1337696,1337645,51,MIFKIKLIATENIIIFR,length1,51
-1,1337285,1337180,105,MLFLFHSDRNLIACFFYQTSVDLPTIFSRGAERLR,length1,105
-1,1337015,1336985,30,MGKRYLSILI,length1,30
-1,1336604,1336553,51,MSLFPLLMPSVAINFKI,length1,51
-1,1335755,1335740,15,MGRFI,length1,15
-1,1334351,1334342,9,MGN,length1,9
-1,1333841,1333835,6,ML,length1,6
-1,1333826,1333808,18,MRLAEE,length1,18
-1,1333748,1333745,3,M,length1,3
-1,1333262,1333133,129,MHQWLKEFLPNKQVQYQVIQREKLHHPLMTNLSRLNSKKVTHR,length1,129
-1,1333118,1333094,24,MRSIRHFA,length1,24
-1,1332884,1332740,144,MIDKVLNLSVSKYAVAPGVTTIAITKIAPTVCKAATTQALNNVKNKIL,length1,144
-1,1332638,1332623,15,MIIAT,length1,15
-1,1332602,1332407,195,MPKILPKMIFCTFTAVGFKEMINKPNAKKVLKINPITASSFSLEIDLIQRMESAAKIPAKNAPSA,length1,195
-1,1332293,1332251,42,MPPTAVLKIIALSI,length1,42
-1,1331951,1331924,27,MTVRLIMTT,length1,27
-1,1331834,1331708,126,MAFSVFTSTPVKGSSNKIIGLCCAKARAKNTRFFCPPDNSPI,length1,126
-1,1331450,1331363,87,MLLNNVDLPLPFTPTNAQIVPLLSENVIL,length1,87
-1,1330793,1330769,24,MATSKRVD,length1,24
-1,1330733,1330691,42,MVEYLLLLPQQVYL,length1,42
-1,1330421,1330409,12,MNFA,length1,12
-1,1330238,1330178,60,MKKEQNILVSIKFSNSLGCL,length1,60
-1,1329827,1329812,15,MKTRL,length1,15
-1,1329797,1329794,3,M,length1,3
-1,1329671,1329608,63,MSDLFNEYLASLTKSIGLEIL,length1,63
-1,1329038,1329032,6,MR,length1,6
-1,1328954,1328867,87,MLSPQCVITRLKCQNYCQCNQMHPLKKLI,length1,87
-1,1328657,1328648,9,MAR,length1,9
-1,1328411,1328405,6,MW,length1,6
-1,1328375,1328339,36,MSQTLFLQWKLC,length1,36
-1,1328336,1328270,66,MTLLTVYQNVVSLYQLLGLCQH,length1,66
-1,1328246,1328156,90,MWHWQFHYMHQMMNYVMKLCQSTKNIISKP,length1,90
-1,1328129,1328102,27,MYQMQTTAK,length1,27
-1,1328090,1328087,3,M,length1,3
-1,1328075,1328072,3,M,length1,3
-1,1328069,1328030,39,MMALNTLINLQKY,length1,39
-1,1327970,1327925,45,MQKARIRVSTASKKH,length1,45
-1,1327916,1327904,12,MALP,length1,12
-1,1327880,1327853,27,MILMRLADS,length1,27
-1,1327844,1327841,3,M,length1,3
-1,1327757,1327754,3,M,length1,3
-1,1327736,1327703,33,MPYVFIQIKAY,length1,33
-1,1327412,1327391,21,MPFVSMK,length1,21
-1,1327361,1327289,72,MYIIILVRFYVVKRNLSKPSNNLN,length1,72
-1,1327166,1327136,30,MENVRKNSIV,length1,30
-1,1326137,1325033,1104,MSAFQPTIKRRESTKIYVGNVPIGGDAPIAVQSMTNTRTTDVEATVAQIKSLERVGADIVRVSVPTMDAAEAFKQIKQQVNVPLVADIHFDYRIALKVAEYGVDCLRINPGNIGREDRVRAVVDCAQDKNIPIRIGVNAGSLEKDLQEKYGEPTPEALLESALRHVEILDRLNFDQFKVSVKASDVFLAVESYRLLAKAIKQPLHLGITEAGGARAGAVKSAVGLGMLLAEGIGDTLRISLAADPIEEIKVGFDILKSLRIRSRGINFIACPTCSRQEFDVIGTVNALEQRLEDIITPMDVSIIGCVVNGPGEALISDLGVTGGNKKSGYYLDGERQKERFDNEDIVNQLEAKIRAKVARQDPKNRII,length1,1104
-1,1324991,1323752,1239,MNDCAPTESPLWQWIEAQVRNVLNSYGYSEVRMPIVESTPLFARAIGEVTDVVSKEMYTFWDNDEQLTLRPEGTAGCVRAAIEHGWIYNNEQRLWYIGPMFRHERPQKGRYRQFHQVGVEVFGIANPEIDAELIMLTYRLWKALGIDQHVTLQLNSIGSLEARANYRSALVGFLENHQDLMSDEEKERLVRNPLRILDTKNPELQKVLDNAPKLLDYLDDESRAHFEQLCSLLDAVGIQYEINPKLVRGLDYYNKTVFEWVTSALGAQGTVCGGGRYDGLVEQLGGHATPSIGFAMGLERLVLLVQEVNPNVPTKSAVDIYVVYQGEGATLVAFELAEKVRSELPHLNTMLHCSGGNFKKQFKRADKSGATLALVIGESEVQNKQVVVKHLQGGTDQQTLDLVNIIDYLQTQF,length1,1239
-1,1323671,1323641,30,MAKQLLSLLS,length1,30
-1,1323452,1323398,54,MKRKKPLKNKIFQQQKQI,length1,54
-1,1323371,1323362,9,MKY,length1,9
-1,1323302,1323296,6,ML,length1,6
-1,1323260,1323242,18,MLAKRF,length1,18
-1,1322648,1322615,33,MNFYSRIVSNF,length1,33
-1,1322315,1322270,45,MMKFICAKQFSPICL,length1,45
-1,1322033,1321997,36,MGCPRRHWRNTS,length1,36
-1,1321937,1321841,96,MNTHCRLPIFKSSKLLRTSHRNCCITWNNFFH,length1,96
-1,1321361,1321340,21,MIKIIST,length1,21
-1,1320806,1320797,9,MNN,length1,9
-1,1320686,1320644,42,MLMRCRSLSWFCNL,length1,42
-1,1320632,1320617,15,MLFFY,length1,15
-1,1320557,1320494,63,MGFNIDFLFLTFINCYFSVLV,length1,63
-1,1320347,1320329,18,MPSKIF,length1,18
-1,1320128,1320122,6,MN,length1,6
-1,1320011,1319876,135,MIASVINPLGKGYPSRMFWTSELFKSLHSVIYSHLVGANYICPQI,length1,135
-1,1319570,1319426,144,MIASARKIGSFNVFKASFTSVDFCIATRCSKALLETKLSGCRAFCNFK,length1,144
-1,1319240,1319228,12,MPLR,length1,12
-1,1318733,1318610,123,MPLSSTLICSCITSPQAGAPTIPVPTLLSFLSNDPTLRGFS,length1,123
-1,1318460,1318415,45,MAIMHEVFLPHPSLN,length1,45
-1,1318373,1318370,3,M,length1,3
-1,1318310,1318298,12,MALS,length1,12
-1,1318292,1318220,72,MYKQNQKRQQYRATPSLRTLPQHS,length1,72
-1,1318097,1317992,105,MPFLLLQFDMPLPFLRFDEQVMYLNACHVRDHHHE,length1,105
-1,1317950,1317914,36,MRQHLLARKVYG,length1,36
-1,1317401,1317317,84,MCHRWLETPSFFSQHVHRLDRSLRSLNK,length1,84
-1,1316798,1316795,3,M,length1,3
-1,1316006,1315994,12,MMPD,length1,12
-1,1315898,1315835,63,MVGCERLELSTDGLRVRYSTN,length1,63
-1,1315520,1315514,6,MT,length1,6
-1,1313891,1313765,126,MTMRTSSPANALLPTASTIANTLTKRFNNFILLPLKFNNKFF,length1,126
-1,1313702,1313675,27,MAQLELFSF,length1,27
-1,1313660,1313582,78,MQLNKYHQSLKFFDTPRLCHLDLIEF,length1,78
-1,1313417,1313339,78,MHCRHQYLRHLRNHLGLLDLLYVSLP,length1,78
-1,1312631,1312601,30,MNLKSISQTR,length1,30
-1,1312463,1312457,6,MP,length1,6
-1,1311953,1311923,30,MAFTRKLKRL,length1,30
-1,1311437,1311323,114,MIEKEIKITITSCTTILAFRKRSKKFNSAVIAYSEKLF,length1,114
-1,1311317,1311266,51,MKRRFNFFGKRHRFHLA,length1,51
-1,1311008,1310882,126,MQIASVIHYATCISIFIIHTNRKRKAIIQHILTRLVAINPVF,length1,126
-1,1310171,1310165,6,ME,length1,6
-1,1310135,1310114,21,MYRACRR,length1,21
-1,1310042,1310021,21,MLCSKCA,length1,21
-1,1309826,1309814,12,MQGY,length1,12
-1,1308227,1308212,15,MARNH,length1,15
-1,1307426,1307396,30,MEISPLVCSA,length1,30
-1,1307372,1307360,12,MIKS,length1,12
-1,1307330,1305644,1686,MEKIWFQNYPEGSEKFLDTSKYESILDMFDKAAREHPDRPAYINMGQVLTFRKLEERSRAFAAYLQNEFKLQRGDRVALMMPNLLQYPIALFGILRAGLIAVNVNPLYTPRELELQLQDSGAVAIVVVSNFASTLEKVVFNTNVKHVILTRMGDQLSFGKRTLVNFVVKYVKKLVPKYKLPHAVTFREVLSIGKYRQYVRPEISREDLAFLQYTGGTTGVAKGAMLTHGNIITNVFQAKWIAEPFIGDHSRTRSAILALPLYHVFALTVNCLLFLELGVTAILITNPRDIEGFVKELKKYRFEAITGVNTLFNALLNNENFKEVDFSALKLSVGGGMAIQQSVATRWHELTGCNIIEGYGMTECSPLIAACPINVVKHNGTIGVPVPNTDIKIIKDDGSDAKIGEAGELWVKGDQVMRGYWQRPEATSEVLKDGWMATGDIVIMDESYSLRIVDRKKDMILVSGFNVYPNEIEDVVMLNYKVAEAVAIGVPHAVSGETIKIFVVKKDDSLTRDELRNHCRQYLTGYKIPKEIEFRDELPKTNVGKILRRVLRDEEIAKRSKH,length1,1686
-1,1305575,1305554,21,MSKSTAL,length1,21
-1,1304543,1304528,15,MGLEI,length1,15
-1,1304489,1304483,6,MA,length1,6
-1,1303943,1303934,9,MLK,length1,9
-1,1303361,1303349,12,MWYE,length1,12
-1,1303343,1303337,6,ML,length1,6
-1,1303298,1303235,63,MQYHYSLKISRKIIVMYLILQ,length1,63
-1,1302926,1302851,75,MTKYVIQGFHLHLNQNNLVLILDRN,length1,75
-1,1302842,1302836,6,MQ,length1,6
-1,1302761,1302749,12,MPSL,length1,12
-1,1302515,1302509,6,MT,length1,6
-1,1302392,1302389,3,M,length1,3
-1,1302125,1301924,201,MPKSCKNSTFSSSSSSAISDSIAAHTGTTTAPSFSAISRTQSKYGLFSKPSSFTFAIYIVGFNVKKL,length1,201
-1,1301678,1301648,30,MSSFSKQRTT,length1,30
-1,1301561,1301438,123,MSTNSIVVGNMRSGLTISANASKRGSGIGTTPVFGSIVQNG,length1,123
-1,1301423,1301324,99,MPALVSALKRVDLPTFGNPTIPHLNPIIFPYFE,length1,99
-1,1301177,1301030,147,MVYLKHNLPLNHDDQDAQCQYVNGRNYCYCLIEPQYLLSRYAHHVHRLV,length1,147
-1,1300517,1300493,24,MLFPNVII,length1,24
-1,1300475,1300430,45,MKELPCKRRLRNQGF,length1,45
-1,1300358,1300352,6,MY,length1,6
-1,1299971,1299932,39,MVGVSSKFGAMVA,length1,39
-1,1299890,1299881,9,MAT,length1,9
-1,1299767,1299761,6,MV,length1,6
-1,1299203,1299194,9,MVR,length1,9
-1,1298873,1298837,36,MKMHRCVVQCFV,length1,36
-1,1298804,1298774,30,MECKCLCVPM,length1,30
-1,1298765,1298681,84,MSLVVIINLLLILCSQQARDYCNSNLKR,length1,84
-1,1298453,1298429,24,MCDKKWMY,length1,24
-1,1298381,1298306,75,MKKKWLVRFFVQPYLLSVRWDTKQM,length1,75
-1,1298228,1298189,39,MNYCNNFAINSNV,length1,39
-1,1298075,1297988,87,MNSLHIACNLQYCVSLKIHNKNSPHFLFV,length1,87
-1,1297850,1297844,6,MA,length1,6
-1,1297766,1297715,51,MSIKGTSLQLKWLMEKL,length1,51
-1,1297697,1297685,12,MLIL,length1,12
-1,1297439,1297367,72,MKVFSRLNESNLNINFLLGGKVAS,length1,72
-1,1297319,1297298,21,MIQKKIR,length1,21
-1,1297016,1296995,21,MKTFEYR,length1,21
-1,1296944,1296932,12,MALQ,length1,12
-1,1296902,1296860,42,MLSYNKVGNVARGH,length1,42
-1,1296779,1296755,24,MKVRNYWG,length1,24
-1,1296692,1296689,3,M,length1,3
-1,1296650,1296629,21,MKVTFVL,length1,21
-1,1296278,1296275,3,M,length1,3
-1,1296260,1296239,21,MGIFIKK,length1,21
-1,1296224,1296212,12,MVIK,length1,12
-1,1296110,1296089,21,MVQFVRK,length1,21
-1,1296044,1295990,54,MDIKFCGRFKNRFYSAYF,length1,54
-1,1295744,1295681,63,MYFYATVRAINNRAYINTATS,length1,63
-1,1295441,1294088,1353,MKKFNQSLLATAMLLAAGGANAAAFQLAEVSTSGLGRAYAGEAAIADNASVVATNPALMSLFKTAQFSTGGVYIDSRINMNGDVASSAIVSNQMKATHNGSASARNVVPGAFVPNLYFVAPVNDKFALGAGMNVNFGLKSEYDDSYDAGIFGGKTDLTAINLNLSGAYRVTEGLSLGLGVNAVYAKAQVERNAGTIADSIQDQTVKNAFSVLSEELKHLPQYLSSKDKSVVSLQDRAAWGFGWNAGVMYQFNEGNRIGLAYHSKVDIDFTDRTATSLGVGKKGDLTLTLPDYLELSGFHQLTDKLAVHYSYKYTHWSRLTRLYASSENGKKAFDKELQYSNNSRVALGASYNLYEKLTLRAGIAYDQAASRHHRSAAIPDTDRTWYSLGATYKFTPNLSVDLGYAYLKGKKVHFKEVNAIGDERTLTVNTTANYTSQAHANLYGLNLNYSF,length1,1353
-1,1293890,1293875,15,MAQAR,length1,15
-1,1293473,1292804,669,MIPQTLEQLLAQAQSIAGLTFGELADELHIPVPIDLKRDKGWVGMLLERALGATAGSKAEQDFSHLGVELKTLPINAEGYPLETTFVSLAPLVQNSGVKWENSHVRHKLSCVLWMPIEGSRHIPLRERHIGAPIFWKPTAEQERQLKQDWEELMDLIVLGKLDQITARIGEVMQLRPKGANSRSVTKGIGKNGEIIDTLPLGFYLRKEFTAQILNAFLDVKPL,length1,669
-1,1292429,1292411,18,MTLFTS,length1,18
-1,1291976,1291889,87,MPNNALCCCIAPKPCSPLPRFRAKKNVSV,length1,87
-1,1291832,1291826,6,MA,length1,6
-1,1291796,1291748,48,MPLVLSTCTRSIINGI,length1,48
-1,1291679,1291634,45,MWIARTDKGGKCGCF,length1,45
-1,1291532,1291475,57,MSESKSIRQLFQLYSYCLD,length1,57
-1,1291109,1291082,27,MPFPHFSKE,length1,27
-1,1291001,1290974,27,MHRPNHLRR,length1,27
-1,1290854,1290851,3,M,length1,3
-1,1290602,1290545,57,MYKDDLDDAPYVKLAKHRG,length1,57
-1,1290464,1290218,246,MLLVMLQFLLLIQQSAIQNLNILGSFCYPKKTVKIDRTLSRIKLWRKWFSLVGQAYNRSFLKSDKTNKNAEQITTEGPAAVS,length1,246
-1,1290107,1289942,165,MINKDVIINAPTNFILKAIVNAVNIIKIKRIFLILMPSTCASSGDTVVESKDCQK,length1,165
-1,1289777,1289684,93,MPSKVSIENCVLLSNHTIAIARIKVSTTIAM,length1,93
-1,1289552,1289381,171,MPVKRAGNKISNIIYPYFDNALLMNYNRTHRRARCDDDCDDGYKSRHFVRSDFPINA,length1,171
-1,1289378,1289324,54,MLDHLREHRAYLHNKYVG,length1,54
-1,1288592,1288571,21,MNFLYNL,length1,21
-1,1287785,1287725,60,MASEFTKTKKRHSICHFSFS,length1,60
-1,1286024,1285946,78,MEKVRLKFPKNFQPHLINIDCPLMVL,length1,78
-1,1285895,1285868,27,MMVIIVMRN,length1,27
-1,1285535,1285529,6,MI,length1,6
-1,1285382,1285328,54,MPSILCMHTDLMGSPCDW,length1,54
-1,1285184,1285160,24,MGLPLPTY,length1,24
-1,1285046,1285034,12,MNQF,length1,12
-1,1284551,1284536,15,MNVTL,length1,15
-1,1284500,1284473,27,MDNRPSFCA,length1,27
-1,1284428,1284413,15,MRQLA,length1,15
-1,1284323,1284281,42,MLNNVINAPSNIQS,length1,42
-1,1283645,1283516,129,MGFKSIITSLGSDQTSFTKSSSSIFNSSRKRCDCTRYSRLFAS,length1,129
-1,1280828,1280798,30,MQFLVGVPKG,length1,30
-1,1280612,1279817,795,MLMQSIYLSKIREQNPLIHNITNIVAANFSANGLLALGASPLMSANIEEMQEVPKISQVLVINIGTLIGKDREAMLQAGKTANEVGIPVVLDPVGVGATSYRRETIRQLLAEVKFALIRGNAGELAAIAGETWQAKGVDAGQGEVDLKAVAEKVAQRYGCTVLISGAVDIVSDGTQTATVHNGTSLFPKVTASGCLLSAVCAAFLAVSEGNYFSATLEACVAYTIAGECAAQGLTTQVGQFQIRLLDELAALSPETIGQRGRINE,length1,795
-1,1279556,1279535,21,MRCRFSC,length1,21
-1,1278776,1278758,18,MAYRLL,length1,18
-1,1278719,1278653,66,MAFTLGKAICLCKRFALKQINR,length1,66
-1,1278497,1278488,9,MWA,length1,9
-1,1278416,1278404,12,MVWQ,length1,12
-1,1278377,1277036,1341,MCKPQQKHYGRQVMNTQNSLKQVATATMVGTAIEYFDNYIYAMAAVLVFNHQFFHAADPLSGQIAALSTLALTFIARPLGAILFGHFGDRFGRKNTFVMSLLLMGISTVVIGLLPTYDSIGIWATILLCLCRIGQGIGLGGEWGGAALVAVENAPEGKRGWYGTFPQLGAPLGLLLANGVFLGITAIFGQEAMTEWAWRIPFLSSVILVAIGLYVRLKLTEAPIFLAALNKPQPKRLPMLEVVTTYFKPFFLGMLVCIAGYVLFYIMIAFSQIYAKSAPTVSEAGYAMGLGFSPQIFTALLMASAVSLAITIAASGKYIDKIGRRIWLIWTTVGVAIFGLSLPLFLENGTTTSLFWFLFIGMGLIGMGYGPLASFLPELFPTHARYSGASLTYNIAGLFGASVAAIIALPLNAHYGLKGVGIYLTLNAVLSLIGLWFISETKDKLLS,length1,1341
-1,1276865,1275488,1377,MTTQFKPELLSPAGSLKNMRYAFAYGADAVYAGQPRYSLRVRNNEFNHANLKIGIDEAHSLGKKFYVVVNIAPHNSKLKTFIKDLQPVIDMKPDALIMSDPGLIMLVRENFPNIDIHLSVQANAVNWATVKFWKQMGLTRVILSRELSIDEIAEIRQQVPDIELEIFVHGALCMAYSGRCLLSGYINKRDPNQGTCTNACRWEYKMEEGTTDEVGNIVPKIDPAQQIEVKNVAPTLGDGTVTDKVFLYTESQKPDEQMTAFEDEHGTYFMNSKDLRAVQHVEKLTALGVHSLKIEGRTKSFYYCARTAQVYRKAIDDAAAGKPFDESLMDTLESLAHRGYTEGFLRRHTHDEYQNYEYGYSISDRQQFVGEFTGKRNEQGMAEVAVKNKFLLGDNVEMMTPQGNINFKIEKMLNRKNETVDAALGDGHFVFLNVPQDINLNYALLMRNLVNTNTRNPHC,length1,1377
-1,1275398,1275269,129,MTQFYFFLCLCFFLFFTFFFNACLLFFADRFHFAIFWWLSARF,length1,129
-1,1275197,1275020,177,MRFDKRDCRAFFASSRGTSNSMQISIRTIGQIKIHHVAYIININTTRSHICCNQYRHNT,length1,177
-1,1274834,1274717,117,MFIAVCVIIPLVDFFSFTATWFRIYFHRIIQQTLRKIDQ,length1,117
-1,1274444,1274429,15,MGELR,length1,15
-1,1274327,1274321,6,ML,length1,6
-1,1274063,1273367,696,MSGFTFKQFHINQDSCAMKVGTDGILLGAWADVKHCKNILDMGSGTGLLTLMLAQRTEENCQIQAVELDPIAAKQAQENINNSVWKNRIQLTQADIQHFLQTTEQTFDLIVANPPYFEQGIACKNEERELARYTKQSHLNWLEWAATRLSENGKISFVLPYDAGKTLTKSTALFCIKQTNVITKIGKTPQRMLLTFAKQPEVLMQDQLVIYDADNQYTEAFIELTKDFYLKF,length1,696
-1,1272890,1272836,54,MRNIQIPLQRESTRFLHQ,length1,54
-1,1272818,1272794,24,MFCSAHSG,length1,24
-1,1271981,1271915,66,MSPHFIGKKTKRDRKFSMKFIA,length1,66
-1,1271891,1271888,3,M,length1,3
-1,1271822,1271594,228,MQTGIASNAKLISYLMIRICSLACQLIREKFLVYCMSKALYLMIRCFIAVQVLIMSIFINLKNIVTTAIKKSLMPN,length1,228
-1,1271567,1271555,12,MITC,length1,12
-1,1271528,1271525,3,M,length1,3
-1,1271456,1271441,15,MENIH,length1,15
-1,1271417,1271411,6,MF,length1,6
-1,1271150,1271048,102,MKVIFAVSVKNLRLKLKMVSLWCVYGVMAIIPTT,length1,102
-1,1271030,1271012,18,MTVIFY,length1,18
-1,1270973,1270955,18,MQKMAY,length1,18
-1,1270748,1270736,12,MFFS,length1,12
-1,1270685,1270673,12,MAFQ,length1,12
-1,1270643,1270586,57,MQSTTASAFPSRQICCISK,length1,57
-1,1270346,1270343,3,M,length1,3
-1,1270013,1269950,63,MSLLFCITIKNQIKIKKNAIL,length1,63
-1,1269881,1268327,1554,MEFTMTNIQAFMKNFLGASPEWYKLAIVVFLIINPIVFFFISPFIAGWLLVAEFIFTLAMALKCYPLQPGGLLAIEAIIIGMTNAKHVKAEIMANFEVILLLIFMVAGIFFMKQLLLYVFTKLLVKIRSKIALSIAFCFSAAFLSAFLDALTVVAVIISVAMGFYGVYHKVASGNNLIDAVDISDDRKIIEQQHEILEKFRAFLRSLMMHAGVGTALGGVMTVVGEPQNLIIAEQAKWNFMEFFLRMAPVTIPVFICGLLTCFLVEKFKLFGYGEKLPDEVWKVLSDLDRTNSEKMSKQDKIKLGMQALIAIWLILGLAFHLAAVGLIGLSIIIFATSFTGVTDEHTIGKAFQESLPFTALLVVFFSVVAVIIDQKLFSPIIHFVLSAEENTQLALFYLFNGLLSSISDNVFVATVYINEAKAALTNGVIAPHQFELLSVAINTGTNLPSVATPNGQAAFLFLLTSSISPLIRLSYGRMVYMALPYTIVLSIIGLLAIEFILPAATIWLASLGLILPI,length1,1554
-1,1268315,1267784,531,MLALLKQFSEKRFVWFLLAFSSLALESTALYFQYGMGLQPCVLCVYERLAMIGLFVAGIIALLQPLAFILRLIALALGLFSSIKGLLISFRHLDLQMNPAPWKQCEFIPNFPETLPFHQWFPFIFNPTGSCNESQWSLFGLTMVQWLVVIFSLYVVILTLLLIAQVIKTRKQRRLFN,length1,531
-1,1267298,1267271,27,MMFFSKILC,length1,27
-1,1267172,1267136,36,MTFNFTKCRYQH,length1,36
-1,1266779,1266764,15,MLNFF,length1,15
-1,1266647,1266515,132,MTEFTFLCSVIFKIRLVNFTFSLITVSIININCTTCNFCNISFF,length1,132
-1,1266401,1266323,78,MFRMTAVHYHHTICARELFYRFLHSL,length1,78
-1,1266188,1266167,21,MYYSKST,length1,21
-1,1266161,1266140,21,MRMRISF,length1,21
-1,1266110,1266086,24,MCNSRSTN,length1,24
-1,1265960,1265957,3,M,length1,3
-1,1265792,1265777,15,MLSII,length1,15
-1,1265762,1265732,30,MLYQIQMLAL,length1,30
-1,1265729,1265660,69,MLRFGFQHQFVGYDQYEQHVHLL,length1,69
-1,1265657,1265606,51,MYRSRLIVQAHLLLGSQ,length1,51
-1,1265414,1265408,6,MN,length1,6
-1,1265348,1265261,87,MLDIPSVRISFFKAKINSISRFSHSLSKR,length1,87
-1,1265099,1265072,27,MACKISAKA,length1,27
-1,1265012,1264991,21,MLSNFSN,length1,21
-1,1264604,1264409,195,MLFLRFHNQPENRPFENLEMPKVGYRNNEDFLLKSLFLQKPLSAPLVQMFPLLRQNLQASCIFLR,length1,195
-1,1264340,1264217,123,MGKSQDKFDTHSEYIALQVHLEFVVFYDRTFHKIYGFSEND,length1,123
-1,1263623,1263548,75,MAHHQPPYAFWHSVLLRSVAHQALR,length1,75
-1,1263494,1263410,84,MQKKYYISFQYRFLPRHSGGNKIRHIPH,length1,84
-1,1262360,1262336,24,MALYLRFS,length1,24
-1,1261931,1261925,6,ML,length1,6
-1,1261229,1261175,54,MANKNTLKNNRTLKNISS,length1,54
-1,1260614,1260599,15,MTCKL,length1,15
-1,1260596,1260563,33,MQNRLLPHFPT,length1,33
-1,1260560,1260551,9,MLR,length1,9
-1,1260428,1260416,12,MQQF,length1,12
-1,1260383,1260374,9,MET,length1,9
-1,1259933,1259921,12,MVVL,length1,12
-1,1259141,1259105,36,MLATNCKGKVFP,length1,36
-1,1258976,1258955,21,MPICKVR,length1,21
-1,1258793,1258709,84,MYFRFSGWRNVVFPPKIGIALSRNIKNR,length1,84
-1,1257866,1257854,12,MAKK,length1,12
-1,1257626,1257578,48,MAIRTNSRSKFSISFS,length1,48
-1,1257035,1257032,3,M,length1,3
-1,1256237,1256225,12,MTAL,length1,12
-1,1255745,1255742,3,M,length1,3
-1,1255340,1255328,12,MDYP,length1,12
-1,1254347,1254320,27,MVLGLVKLA,length1,27
-1,1254242,1254191,51,MRRQTTLLKCAANIISK,length1,51
-1,1254026,1253963,63,MCYPNPINVGMVLLNVAIMMW,length1,63
-1,1253921,1253888,33,MPMILNSNNGV,length1,33
-1,1253777,1253741,36,MQETQIEKDNYL,length1,36
-1,1253738,1253678,60,MKSSVMPIYLPKNAIKFYAA,length1,60
-1,1253561,1253549,12,MALI,length1,12
-1,1253510,1253468,42,MMACFLLDECKPLC,length1,42
-1,1253297,1253267,30,MMTAGCSLKD,length1,30
-1,1253150,1253111,39,MQQSDSVCPLKPY,length1,39
-1,1253108,1253075,33,MHANACMKLIV,length1,33
-1,1253012,1253006,6,MY,length1,6
-1,1253003,1252913,90,MQFQPIVKLINAYQMSFQLNREIAVGMIKK,length1,90
-1,1252571,1252550,21,MQPCFQQ,length1,21
-1,1252490,1252427,63,MDWVQRLLVLASLNYFLNAVF,length1,63
-1,1252223,1252217,6,MH,length1,6
-1,1252094,1251965,129,MQSTCEKIEFSITFTTSFLAKLQIREKKCIKFFYLFMLLSRLP,length1,129
-1,1251776,1251656,120,MFKKVLLTIYHKLQSKFSNNKQLQRKTIKIATSHNKIGLA,length1,120
-1,1251158,1251077,81,MKIIFYIQSAVLFRIVFRFNNGVNHTC,length1,81
-1,1250156,1250138,18,MRNTSH,length1,18
-1,1249808,1249700,108,MCNASWTSRYRNNIFYTRNTCKTHRTFRCNIISPIR,length1,108
-1,1249514,1249511,3,M,length1,3
-1,1249103,1249028,75,MNDQPKPQVLDDWVLLAKVSLLIQR,length1,75
-1,1248608,1248533,75,MFLPYLLRQVEYDLNAQLNHRRHLR,length1,75
-1,1248242,1248197,45,MAFAGKLSSSVTAGV,length1,45
-1,1248173,1247852,321,MVSGSDGGTTETFSPKPLAIALPNDSIACFASSPSATKRKRCPCVTPSATIFIKLFALTTSLSRVRFCMVILEVNFFTSLTKFALGRACKPCSLRIVKVPTTAPSTD,length1,321
-1,1247264,1247258,6,MP,length1,6
-1,1247183,1247126,57,MPLPKKVEVCSSRANIPCK,length1,57
-1,1247036,1247000,36,MLLSESSNILAP,length1,36
-1,1246931,1246775,156,MYRLSAALHYLAQYIHHFLRALRLFVNHASHHKYLEPYFANPLFPNNLRSNV,length1,156
-1,1246760,1246496,264,MLPHVTRRYNRHIHQNHGRQCKVYPEFVSLELKYGLNTSHSHHLQNYLQRNFHSRDLYMSPQSLHKQLHKIFDRFYLYLNQSLFYRSP,length1,264
-1,1246493,1246481,12,MEYG,length1,12
-1,1246472,1246439,33,MTKKNNLPILT,length1,33
-1,1246319,1246223,96,MLISYKISKIRPLLNTKSANISYRLRNPRQLF,length1,96
-1,1246088,1246061,27,MIILSVFYN,length1,27
-1,1245986,1245902,84,MSFSPDCNNVIFTNTSPSGKNSATSPTT,length1,84
-1,1245818,1245809,9,MVL,length1,9
-1,1245557,1245494,63,MALRHQSATSFHHGSQYILLR,length1,63
-1,1243982,1243937,45,MREHIIHHRKHKTVE,length1,45
-1,1243622,1243604,18,MPEQEM,length1,18
-1,1243568,1243550,18,MVSVKQ,length1,18
-1,1243502,1243475,27,MVSSPAERV,length1,27
-1,1243091,1243064,27,MNIIIFPYA,length1,27
-1,1242914,1242836,78,MACNKPRAVCSSLNCSMPRPRSATCR,length1,78
-1,1242506,1242473,33,MVANKLDELSV,length1,33
-1,1242329,1242317,12,MSRT,length1,12
-1,1241720,1241666,54,MTYRGDHLPPIFLALKQV,length1,54
-1,1239869,1239866,3,M,length1,3
-1,1239677,1239671,6,MP,length1,6
-1,1239167,1239023,144,MGNSRWPRSTKITNSIFAARPKSVSASIAARMVRPVNNTSSTKMTVLS,length1,144
-1,1238708,1238696,12,MHKV,length1,12
-1,1238543,1238516,27,MPLGFKTKL,length1,27
-1,1237973,1237970,3,M,length1,3
-1,1237844,1237838,6,MG,length1,6
-1,1237535,1237400,135,MPTNSHCHFSASILNALTNINIGRIPCNAFVACFTSSCALSLEGP,length1,135
-1,1236650,1236626,24,MLSFFLIW,length1,24
-1,1236590,1236572,18,MPLKKR,length1,18
-1,1236566,1236461,105,MTNRFFWYPKEKLIWKNLPLKIYLMWVPLLTLFSY,length1,105
-1,1236449,1236440,9,MAQ,length1,9
-1,1236341,1236323,18,MAMNKS,length1,18
-1,1236242,1236209,33,MPFNVLMMLIA,length1,33
-1,1236158,1236152,6,MR,length1,6
-1,1236140,1236125,15,MCKNV,length1,15
-1,1235978,1235885,93,MVAKMKIPLMKLNNCIKRWKRQACQLMCVTK,length1,93
-1,1235879,1235858,21,MNYKNLK,length1,21
-1,1235723,1235717,6,MV,length1,6
-1,1235585,1235552,33,MLLVVNMYVWH,length1,33
-1,1235537,1235480,57,MKQKSVVTVKPILVHCQVN,length1,57
-1,1235429,1235366,63,MKSTKWHPICEVILHQRCLKY,length1,63
-1,1235315,1235300,15,MIFLM,length1,15
-1,1235210,1235177,33,MKNLISQCAIY,length1,33
-1,1235156,1235150,6,MV,length1,6
-1,1234802,1234799,3,M,length1,3
-1,1234733,1234634,99,MLNSTKNVTFTFTCQMVQHQKMAQVQVLQCVLH,length1,99
-1,1234598,1234589,9,MWQ,length1,9
-1,1234424,1234418,6,MR,length1,6
-1,1234406,1234349,57,MKCLVLHWKIHQRALSLLK,length1,57
-1,1234280,1234274,6,MF,length1,6
-1,1234235,1234178,57,MIISSLHKVNLYFSKLKTC,length1,57
-1,1234112,1234100,12,MPLL,length1,12
-1,1233416,1233413,3,M,length1,3
-1,1232834,1232831,3,M,length1,3
-1,1232678,1232657,21,MQMMSLA,length1,21
-1,1232648,1232612,36,MWMVQMKSIHKK,length1,36
-1,1232513,1232507,6,MC,length1,6
-1,1232390,1232381,9,MAM,length1,9
-1,1232372,1232351,21,MYTTSVF,length1,21
-1,1232318,1232264,54,MLQVSSLMGYSHCVAQML,length1,54
-1,1230941,1230911,30,MPDLFCFLIQ,length1,30
-1,1230425,1230410,15,MKSAV,length1,15
-1,1229048,1229042,6,MY,length1,6
-1,1228640,1228628,12,MNNV,length1,12
-1,1228619,1228562,57,MRKICRLKFFAYVMMIFLD,length1,57
-1,1228553,1228547,6,MA,length1,6
-1,1228520,1228514,6,MC,length1,6
-1,1228481,1228388,93,MKQLHTKNFANLILVIVVYHLRLIAIVIMRM,length1,93
-1,1228325,1228292,33,MRMGCRLKVVY,length1,33
-1,1228289,1228280,9,MVQ,length1,9
-1,1228250,1228235,15,MRFAI,length1,15
-1,1228205,1228199,6,MA,length1,6
-1,1226399,1225298,1101,MNDYNSHILQWKKTIMTITTLSRQNIQALTPYQSARKLGGNGTIWLNANEYPTSPEFQLSGKDLNRYPEPQPQRVVQAYANYAGVSTENVLVTRGGDEGIELIIHTFCEPKQDAILFCPPTYGMYAVSAETAGVLSKTVPLTDDFQLNLPEIKNHLNDVKVVFVCSPNNPTGNLLKQSDILDLLQITAGKAIVVVDEAYIEFCPEASVINLLKNYPHLAIIRTLSKAFALAGLRCGFVLANPELIDILSKVIAPYPIPVPSADLAEQALRPANIATVQALTQELLSNRQWLAKALLVLHQVEKVYESEANYLLIKCQNGQAVFKALWEQGIILRDQNKTLHLQNCIRITVGTRNECEKVVEAIKEVK,length1,1101
-1,1225184,1224098,1086,MQPTLFIDRDGTLIDEPKTDFQIDSLEKLKLEPKVIPALLRLKAKYRFVIVSNQDGLGTDAFPQTNFDKPHNVMMALFESQGITFDEVLICPHKPEENCLCRKPKIKLLDHYIRKNLFDIDRSFVIGDRETDVQLAENLGIRAIQYDPQKMNWDLIAEKLLGETVTNCGKRPPRFAEVIRQTKETDIKVQIWLDEAGVNEIKTGVGFFDHMLDQIATHGGFRMNVQCKGDLWIDEHHTVEDTALALGQALKQAIGDKRGIARFGFVLPMDECKAECALDLSGRPWIKFNACFKRDKVGDFSTELTEHFFQSLAFSMLATIHLNVTGNNDHHKIESLFKAFGRTLRQAIRIEGNEMPSSKGVL,length1,1086
-1,1223876,1223843,33,MQQCIIYKNVN,length1,33
-1,1223756,1223744,12,MCRP,length1,12
-1,1223639,1223564,75,MVLCKIVTSILCIVMQLARMNIRWQ,length1,75
-1,1223555,1223549,6,MV,length1,6
-1,1223477,1223462,15,MVRCC,length1,15
-1,1223165,1223162,3,M,length1,3
-1,1222877,1222811,66,MYRYFTRWHLDRFKYWTLSRNL,length1,66
-1,1222664,1221890,774,MLAKRIIPCLDVRDGQVVKGVQFRNHEIIGDIVPLAQRYAQEGADELVFYDITASSDGRTVDKSWVERIAQVIDIPFCVAGGIKTIEDAEKLFAFGADKISINSPALADPTLISRLADRFGVQAIVVGIDSWFEQETGKYWVNQYTGDETRTRQTHWQLLDWVKEVQQCGAGEIVLNMMNQDGLRNGYDLAQLKLVRGVCRVPLIASGGAGKMVHFRDAFIEAKVDGALAASVFHKQIIEIGELKSYLVQSAIEIRSE,length1,774
-1,1221854,1221824,30,MVFFLLLFKI,length1,30
-1,1221788,1221749,39,MKKPLQKPSKNVK,length1,39
-1,1221683,1221671,12,MWKK,length1,12
-1,1221488,1221329,159,MQILLILILQHYTQKVPKKSPKKWGKKVWKLPWLRSHKIKRKSFLKLQIWSIT,length1,159
-1,1220282,1220246,36,MATIHARLAYTK,length1,36
-1,1220087,1220081,6,MY,length1,6
-1,1219604,1219553,51,MKFTSSILYFQLSSCFQ,length1,51
-1,1219256,1219160,96,MSGQNTKLPFHTSYLNLFYFTFKDFLLCAYYC,length1,96
-1,1219127,1219121,6,MT,length1,6
-1,1219004,1218833,171,MVSFNVTYLPGEPVKTSATKNGCDKKRSILRARATTSLSSSDNSSIPRIAIISFNSL,length1,171
-1,1217768,1217630,138,MICTIFPADITVPLFLNRRRTGYDFIQFICDTCLTSFVVHQPQIIN,length1,138
-1,1217447,1217426,21,MIVFRFW,length1,21
-1,1217048,1216808,240,MFITDTCLRHMTNNVTDSFRIRTRCSHTILRFTHFRGCHHFHCLSDFLCTLYTGNFGFYLFCTCHLISPLLPSTIRFKTI,length1,240
-1,1216178,1216175,3,M,length1,3
-1,1215941,1215932,9,MFF,length1,9
-1,1215044,1214987,57,MFKFFKHRRNSTQTLIFSH,length1,57
-1,1214252,1214237,15,MLVLR,length1,15
-1,1214198,1214183,15,MGLRK,length1,15
-1,1214174,1214123,51,MKYQQQSLQSHLKDQLR,length1,51
-1,1214099,1214048,51,MLILVGELMILRIYHLE,length1,51
-1,1214024,1213991,33,MQQMQEELMHR,length1,33
-1,1213850,1213625,225,MKACKVITKIWKIAQARCNGIPNAAMAILAEYITAIRIKINSPAYMLPNKRKASEIGLANKVTVSRIKLTGINAQ,length1,225
-1,1213535,1213484,51,MDIPKVALISAVGTARR,length1,51
-1,1213418,1213358,60,MMNTQQKIVNASGATTLRGP,length1,60
-1,1213148,1213103,45,MYSDVVCPDIIDPLF,length1,45
-1,1212983,1212929,54,MAIMIKTIVKINFIASAR,length1,54
-1,1212884,1212836,48,MININVQKGKKALKKP,length1,48
-1,1212719,1212695,24,MRDITFTK,length1,24
-1,1212461,1212317,144,MHKNIHFLLVNDGTNLSYLLVKQKHDLIHHQIYLQVDILLLDLKRGLH,length1,144
-1,1211912,1211897,15,MFLVI,length1,15
-1,1211849,1211789,60,MHLRIIHFKGFNCFCSRTKE,length1,60
-1,1211786,1211771,15,MFAKK,length1,15
-1,1211750,1211720,30,MENGINLSKS,length1,30
-1,1211693,1211657,36,MTALCISSSISE,length1,36
-1,1211606,1211582,24,MCSSIKST,length1,24
-1,1211339,1210739,600,MLDYEIFNPYEGLIFDMDGTLIDTMPVHAQAWTMVGKKFGYEFDFQIMYNFGGATVRTIAGEMMKAANMPLDRIEDVLAAKRELSYQLIPTQSKLLPTFEIVKSFHQKKPIALGSGSHRKIIDMLMDKLAIAPYFNAIVSADDVKEHKPHPETFLRCAELIQANPSRCIVFEDADLGVQAGLSAGMDVFDVRTREIISPR,length1,600
-1,1210433,1210412,21,MGRLLYF,length1,21
-1,1210304,1210286,18,MLRYCF,length1,18
-1,1210262,1210202,60,MSKKKPHNKRGANNLRNQFY,length1,60
-1,1209689,1209647,42,MSHGILYVFDWHTK,length1,42
-1,1209554,1209473,81,MRKLYGTFLRRCTRNCQKCYRTRYRCK,length1,81
-1,1209275,1209227,48,MVKIVHLPAGIFNLPK,length1,48
-1,1208969,1208927,42,MKPKYPKMPPKPKT,length1,42
-1,1208708,1208675,33,MRWKTSLTIKN,length1,33
-1,1208672,1208651,21,MLLRQTI,length1,21
-1,1208324,1208180,144,MIAGVLLYFVVRSRLPINSTGCIFLILNVFSKIGVTPSTLPAVRPVKK,length1,144
-1,1208138,1208063,75,MAICLGIEYLSQPAFTSFQKSWFFK,length1,75
-1,1207799,1207766,33,MTFFIAFPHKR,length1,33
-1,1207691,1207661,30,MINFTFFIYE,length1,30
-1,1206965,1206887,78,MQNVLWRLRCVTVGVVCSFKNLCVTK,length1,78
-1,1206758,1206722,36,MWGKRWIPLFVI,length1,36
-1,1206632,1206527,105,MLYFLQQKISGEKLKAMIVTAVLAKRSVKNYVKVN,length1,105
-1,1206524,1206443,81,MIKKSKLMCLLAYLWGLKLWLLQAWKK,length1,81
-1,1206368,1206362,6,MR,length1,6
-1,1206347,1206329,18,MMKQRN,length1,18
-1,1206293,1206176,117,MLWNKMVSSSSMKSTKFVRKANTVVLMYRVKVCNVIYFR,length1,117
-1,1205984,1205975,9,MLL,length1,9
-1,1205915,1205909,6,MQ,length1,6
-1,1205876,1205834,42,MKKRKISVHAVCIR,length1,42
-1,1205786,1205714,72,MVKLSILMRLMLRMHLAKWLKMKI,length1,72
-1,1205453,1205378,75,MRSITIFAFSGRSKKSMNLYAPSTF,length1,75
-1,1205156,1204973,183,MSSSLVVFGDLPSSNNATWNTSRASLVMRTLPLNSGFHKSAQLVMVLGSISSALTSIPVKP,length1,183
-1,1204730,1204685,45,MPVSLENCATKSEGT,length1,45
-1,1204328,1204214,114,MCDRGWIFWFICSIRTGGERKKSHCLRGRSSRIWCFWS,length1,114
-1,1204067,1204028,39,MRLEKRLCHISIK,length1,39
-1,1202972,1201532,1440,MSENLLLFSLLAVVIILILLLILRQQKYTHLHQELSKTTQDYNQLASKFDELSSIKNQFEQQTIKVQTENQGLQYRLTERDEQIHHLTQERQNLTEKLTALSQELTGLQTTLTEKEKYFSAQQQNFEQSKQQLGVEFQNLANRILDEKSRSFSQSNQTALETLLKPFREQIEGFQKRVNEIHSESVKGNAGLEAEIKKVLEIGLNMSQEASNLTSALKGEKKTLGNWGEVQLERALQLAGLEENVHYRAQAHFKDEQGGRNYPDFVLNLPDEKHLIIDSKMSLVAYESAVNSEDDFERERLLKEHISALKTHINDLHKKDYSNLIGMCSPNFVLMFIAVEPAYIEALKADPALFNYGYERNVIMVSHTTLMPILRTVANLWRIERGNAEAKEIAEKAGEIYNQICLVAERLNKLGNTLSTVSNQYNSTVTALVGQQGLVGKVERFKTLSAKANKTMPDVDLLNNQLDLARLNVLNQENLQ,length1,1440
-1,1201346,1201298,48,MRNFRIALLHLVIRKV,length1,48
-1,1201286,1201265,21,MRDFQFH,length1,21
-1,1201202,1201199,3,M,length1,3
-1,1201190,1201127,63,MKCMLNALLLQKKLKKKIQKY,length1,63
-1,1200986,1200977,9,MPM,length1,9
-1,1200935,1199456,1479,METLLKISGVDKSFPGVKALNNACLSVYAGRVMALMGENGAGKSTLMKVLTGIYSKDAGTIEYLNRSVNFNGPKASQEAGISIIHQELNLVGNLTIAENIFLGREFKTSWGAINWQKMHQEADKLLVRLGVTHSSKQLCAELSIGEQQMVEIAKALSFESKVIIMDEPTDALTDTETEALFNVIRELKAENRGIVYISHRLKEIFQICDDVTVLRDGQFIGERVVAEITEDDLIEMMVGRRLDEQYPHLSQEKGECVLDVKNVSGSGIDDVSFKLHAGEIVGVSGLMGAGRTELGKLLYGALPKTAGKVRLKNQEIENLSPQDGLDNGIVYISEDRKGDGLVLGMSVKENMSLTSLDHFSQKGSIRHQAEKMTVDDFILMFNIKTPNRDQQVGLLSGGNQQKVAIARGLMTRPNVLILDEPTRGVDVGAKKEIYQLINEFKKEGLSILMISSDMPEVLGMSDRVLVMREGKISAEFSRKDATQEKLLAAAIGK,length1,1479
-1,1199441,1198472,969,MMKNETSNFQIGRFLIEQRSFIALIILIAIVSMINPDFFSVDNILNILRQTSVNAIIAVGMTFVILIAGIDLSVGSVLALTGAIAASMVSIELPIFLVIPVVLLIGTLLGGISGVIVAKGKVQAFIATLVTMTLLRGITMVYTDGRPITTGFSDNADLFASIGTGYVLGIPVPIWIMSIVFAVAWYILKHTPIGRYIYALGGNEAATQLSGINVNKIKVFVFAVSGFLSALAGLIVTSRLSSAQPTAGVSYELDAIAAVVIGGTSLMGGKGRVMGTLIGALIIGFLNNALNLLDISSYYQMIAKALVILVAVLADNYLGTKKL,length1,969
-1,1197440,1197389,51,MLITLFLCLTLLNPVKR,length1,51
-1,1197362,1197320,42,MVAKVPIKQWQPLV,length1,42
-1,1197257,1197200,57,MRLSKKELIQPILIPFHRK,length1,57
-1,1197131,1197065,66,MHIWVRWSFVKVRRKLHNRIAC,length1,66
-1,1197005,1196987,18,MVLRLC,length1,18
-1,1196921,1196900,21,MKQKLKS,length1,21
-1,1196708,1196624,84,MAVLLRLYWKKNPLMKPFVLVKLPLRLV,length1,84
-1,1196468,1196420,48,MSLMDRVLLAMKFVRK,length1,48
-1,1196228,1196195,33,MPNAYNKICKL,length1,33
-1,1196177,1196165,12,MVCF,length1,12
-1,1196075,1196018,57,MQIKYSKIQHLVAIWRQKH,length1,57
-1,1196012,1195904,108,MQDIVKLALLREISKNLSHKIVCKVIKMRCRKQKLR,length1,108
-1,1195715,1195574,141,MMTLNWLVISRLLSPPFANRKLNLANSLLKHYCNELKILMKITSLWC,length1,141
-1,1195394,1195355,39,MRNITNNRILSRK,length1,39
-1,1195247,1195244,3,M,length1,3
-1,1195241,1195214,27,MIWIPTQLC,length1,27
-1,1195193,1195187,6,MS,length1,6
-1,1195145,1195088,57,MKSLYLNCVHVITPINLNG,length1,57
-1,1195076,1195064,12,MPPC,length1,12
-1,1194998,1194971,27,MQAICQKKR,length1,27
-1,1194749,1194737,12,MLIK,length1,12
-1,1194572,1194548,24,MNTNIEVF,length1,24
-1,1194335,1194314,21,MTYATKA,length1,21
-1,1193957,1193930,27,MINTPFICT,length1,27
-1,1193477,1193435,42,MIPIIIGKIRKHLQ,length1,42
-1,1193003,1192967,36,MATHRTPSSVRR,length1,36
-1,1192880,1192868,12,MHQR,length1,12
-1,1192556,1192547,9,MAN,length1,9
-1,1192445,1192322,123,MPYFRKNCPLVNLYIVIKTNKPIITFEKTKAKIDTPCKTLP,length1,123
-1,1192259,1192154,105,MLSPFSTIQGNNRNKKNNCKNPYPQRILANVSTSQ,length1,105
-1,1191632,1191581,51,MPRTSLTIRAAGNKFSK,length1,51
-1,1191167,1191119,48,MFVTILMIRKTCTRRN,length1,48
-1,1190807,1190780,27,MFIVDFYPL,length1,27
-1,1190123,1190063,60,MWIPICDSFACSDFLTVTFA,length1,60
-1,1190036,1190000,36,MFFSTTKCISNS,length1,36
-1,1189931,1189844,87,MHCTSVFNLHTRFFRCRRCRTTNMERTHC,length1,87
-1,1189775,1189646,129,MTTRKITTITFRTHAKVSITSYNRTYFYAIYRVCIQHITEFFI,length1,129
-1,1188689,1188686,3,M,length1,3
-1,1188461,1188401,60,MYRHLVTIEVCVKRRTNEWV,length1,60
-1,1187393,1187288,105,MCNWRCKFNMTHTFTTNFSLSDFNTTFFTNHTTVF,length1,105
-1,1186619,1186541,78,MLQVPIPPSHRNADHQIVPYRPMAVV,length1,78
-1,1186223,1186175,48,MLFGYSYVIFPLLVFV,length1,48
-1,1186037,1186016,21,MAYLQLG,length1,21
-1,1185614,1185581,33,MHVYLFLRRHE,length1,33
-1,1185551,1185446,105,MYHLARVMKNLSHRKLFPQRLHVTIFLLGLIEFRL,length1,105
-1,1185164,1185110,54,MQVPLNQLKDHLLILHHD,length1,54
-1,1184873,1184678,195,MVYPHVMLELLDVACSHPSMHGSHRHAQGMELMQPQQIPLVVSKHPYNEYLQVYINQIHHVHHEQ,length1,195
-1,1184546,1184519,27,MVFLRNHNH,length1,27
-1,1184372,1184318,54,MQKYDVCVSLLTMGCFDP,length1,54
-1,1183811,1183790,21,MDRNLNR,length1,21
-1,1183667,1183598,69,MQLYLKYIQKAQPLVRYYLFLML,length1,69
-1,1183412,1183400,12,MHEE,length1,12
-1,1183160,1183127,33,MGFRPYKLHFL,length1,33
-1,1182932,1182890,42,MPLLNLADLQDLFE,length1,42
-1,1182599,1182569,30,MCFLSKTRLN,length1,30
-1,1182497,1182389,108,MNVAFSSSLKRMEKFYEIKKPHFQKVRFKIYQFFKL,length1,108
-1,1181468,1181447,21,MNGLHRQ,length1,21
-1,1181393,1181375,18,MLYKIP,length1,18
-1,1181351,1181297,54,MQDQLVVMGLPYQLQLAT,length1,54
-1,1180997,1180973,24,MVRHGTNR,length1,24
-1,1180394,1180355,39,MWSHNFSLIFDNE,length1,39
-1,1179557,1179521,36,MANNSDWVIFLM,length1,36
-1,1179389,1179380,9,MPR,length1,9
-1,1179317,1179251,66,MKPDGLLGSANPPKTKLIPSLP,length1,66
-1,1179065,1179044,21,MLLNTLI,length1,21
-1,1178807,1178552,255,MPHQDNFVVVEQLCPPNVQHQKSALKKPTALLPLYLMATRQLNFANSAPVYRFLYANVLVSLAVVQCQLDFSDRNKVFASQCPRL,length1,255
-1,1178372,1178357,15,MELPP,length1,15
-1,1177841,1177808,33,MERCRLFQMCK,length1,33
-1,1177070,1177061,9,MTE,length1,9
-1,1177037,1177031,6,MI,length1,6
-1,1176665,1176617,48,MISQIIGFNRIENILK,length1,48
-1,1176569,1176557,12,MVTK,length1,12
-1,1176506,1176401,105,MQTVTQNKYVFDINELTKLFLFLHLSFYDKTEYKR,length1,105
-1,1176275,1176251,24,MGLLYYQV,length1,24
-1,1175999,1175963,36,MVLELRYISLVT,length1,36
-1,1175747,1175690,57,MKSDISANALSIEINSKFI,length1,57
-1,1175468,1175429,39,MATRKSFTRFANS,length1,39
-1,1174985,1174862,123,MPSNCCALISCTRRLKSVLSFFLLSIITSSINGQISAKGAV,length1,123
-1,1174274,1174181,93,MYVTECSSNGKVRAYWMQLIVNIKHIRRLCI,length1,93
-1,1174019,1174016,3,M,length1,3
-1,1173983,1173965,18,MFFACI,length1,18
-1,1173917,1173884,33,MKNNRHTVFFR,length1,33
-1,1173878,1173848,30,MNLFRSSNRP,length1,30
-1,1173677,1173608,69,MLFSISKNFLHIFACYNTGFHDI,length1,69
-1,1173395,1173392,3,M,length1,3
-1,1173305,1173299,6,MA,length1,6
-1,1173293,1173269,24,MISVPLRK,length1,24
-1,1172984,1172774,210,MKVFAMPPPTIIWSAIFEREFNTSNLVETLEPPTIATIGRAGSFNALPNASNSAANNGPAQAIGANSATP,length1,210
-1,1172660,1172603,57,MRTFSKTTISPSLTSTPFK,length1,57
-1,1172444,1172258,186,MVARIRASEVTLPSFTGTLRSARINTRLPAKSKSVILITDIIYPLVKLKLKLKTFRIIPTSY,length1,186
-1,1172069,1172063,6,MR,length1,6
-1,1171739,1171679,60,MPTYNNRPVPLRFAQYDHCA,length1,60
-1,1171529,1171517,12,MIDV,length1,12
-1,1171355,1171097,258,MALFITSKCTNCDMCLPECPNEAISIGDEIYVIDPILCTECVGHYDTPTCQKVCPITNCIKPDPEHQETEEQLWERFVMIHHSDKL,length1,258
-1,1170920,1170914,6,ME,length1,6
-1,1170848,1170806,42,MAMLDFQYVYAMPS,length1,42
-1,1170755,1170749,6,ML,length1,6
-1,1170725,1170653,72,MQIQVAVKMRLQLIQSDYLANDSV,length1,72
-1,1170605,1170599,6,MK,length1,6
-1,1170584,1170557,27,MRTHVQPLP,length1,27
-1,1170422,1170341,81,MESQYQSKWHDEIYQHFHLSSYSHSPL,length1,81
-1,1170272,1170233,39,MPLNYLLPLWEAS,length1,39
-1,1169825,1169822,3,M,length1,3
-1,1169273,1169270,3,M,length1,3
-1,1169222,1169102,120,MCSYHAHDSYRKIVATSLIFQRSLWSNRSRVSPFFLLNCR,length1,120
-1,1169054,1169039,15,MLTLF,length1,15
-1,1168430,1168379,51,MPFHMMNTNRWHIPSIG,length1,51
-1,1168238,1168229,9,MIT,length1,9
-1,1168193,1168157,36,MQGNLSIKLISN,length1,36
-1,1167854,1167641,213,MPVIKVRENESFDVALRRFKRSCEKAGILAEVRAREFYEKPTTIRKRENATLAKRHAKRNARENARNTRLY,length1,213
-1,1165721,1165628,93,MVESQVHKKSYLLNHIKQNEYKNGKKSTIYG,length1,93
-1,1164683,1164659,24,MGSKSIKI,length1,24
-1,1163660,1163633,27,MHSNFNYFS,length1,27
-1,1163609,1163495,114,MATNIGYLKHFNHKKICAPISWFIYSALRHRLKCGKFF,length1,114
-1,1163309,1163276,33,MGSSKSRYRLN,length1,33
-1,1163117,1163081,36,MRRSQWYRYQLL,length1,36
-1,1162907,1162892,15,MHREP,length1,15
-1,1162871,1162670,201,MLLQLSFLLVHKLIQSLQQGVLQLILYSLVAYLNQYRLQSHQGLLQVINLLYVLSYALLLQVIRRKL,length1,201
-1,1162340,1162310,30,MGIDLSIFQW,length1,30
-1,1162139,1162073,66,MYESPSMLLQAHHVRQVNLLLF,length1,66
-1,1161995,1161941,54,MKITFSKNALKTYFHFSD,length1,54
-1,1161923,1161890,33,MFYLSILHRFQ,length1,33
-1,1161689,1161434,255,MGIIFHLTQSGKIHFRRQPLDTITDKRSFFAIVFQSINLQMGRKLAEGKTFIIQHPPNRHDFTVNQLALFAHFNLGLLLKNGIFM,length1,255
-1,1161422,1161407,15,MRQIE,length1,15
-1,1161380,1161314,66,MGCLHRTVAFIHRLHPSKCLRI,length1,66
-1,1160867,1160759,108,MTLKSTPTNGARSVLLITSKSERVIPGPPLRGIFSP,length1,108
-1,1160678,1160504,174,MNTISTSGKRVTISSTASKFIEASSRIAVCGQPPVSTPIIRSGGSKLFFVKNSASSWV,length1,174
-1,1160489,1160390,99,MTATLYFDAISRVSFSINAVLPAPTGPATPILM,length1,99
-1,1160378,1160279,99,MFLLFIIVATVLLMGVGASYICPYISTNVQGQM,length1,99
-1,1159979,1159973,6,MA,length1,6
-1,1159358,1159214,144,MLLHRHLKKAANVCCRFHNKLEPFQARFSATAQSRHSVKFQSQSLIHR,length1,144
-1,1159160,1159136,24,MLLHAPYL,length1,24
-1,1159094,1159067,27,MPRVQWAVW,length1,27
-1,1158872,1158857,15,MKTVL,length1,15
-1,1158755,1158734,21,MFGVTSL,length1,21
-1,1158689,1158572,117,MVSLCKPNFSRISAFSAACETKNTAVCAVAKPCAPYIGR,length1,117
-1,1158497,1158362,135,MTTSGFTPKNIGFHNTISAILPTSNEPICSAIPCAIAGLIVYFAM,length1,135
-1,1158227,1158122,105,MEKTPISCKISSAAMVSGRIRLSAKATSSGTRLSK,length1,105
-1,1158086,1157999,87,MVFLVNGRVGLVEAGNTFEYIAALMMSGA,length1,87
-1,1157963,1157897,66,MTRPSIAFIVSSKKPLSFSVSV,length1,66
-1,1157894,1157885,9,MAT,length1,9
-1,1157564,1157516,48,MWVSIPPAVAIKCAPL,length1,48
-1,1157489,1157312,177,MFGVTLSMVSGLPACPMPTIRPSRIPISALIMPNLASMIITLVITKSNTFGLSRVAVPL,length1,177
-1,1157237,1157180,57,MVAHKLVSPKRTLSPTVGP,length1,57
-1,1157015,1156970,45,MAHLSAFHAPKCGQI,length1,45
-1,1156652,1156556,96,MTSSTVKSVAPYCITSATLIPSLAASCKWLAI,length1,96
-1,1156550,1156538,12,MVSG,length1,12
-1,1156130,1156112,18,MAPFNL,length1,18
-1,1156109,1156088,21,MLKLAIP,length1,21
-1,1156046,1156031,15,MVKKC,length1,15
-1,1155968,1154324,1644,MAAKDVKFGNDARVKMLKGVNVLADAVKVTLGPKGRNVILDKSFGAPTITKDGVSVAREIELEDKFENMGAQMVKEVASKANDAAGDGTTTATVLAQAIVNEGLKAVAAGMNPMDLKRGIDKAVSAVVSELKNLSKPCETAKEIEQVGTISANSDSIVGQLISQAMEKVGKEGVITVEDGTGLEDELDVVEGMQFDRGYLSPYFINKPETATVELDNPYLLLVDKKISNIRELLPVLEGVAKAGKPLLIIAEDVEGEALATLVVNTMRGIVKVAAVKAPGFGDRRKAMLQDIAILTAGTVISEEIGMELEKATLEDLGQAKRVVINKDNTTIIDGIGDEAQIKGRVAQIRQQIEESTSDYDKEKLQERVAKLAGGVAVIKVGAATEVEMKEKKDRVDDALHATRAAVEEGIVAGGGVALVRAAAKVAASLKGDNEEQNVGIKLALRAMEAPLRQIVTNSGEEASVVASAVKNGEGNFGYNAGTEQYGDMIEMGILDPTKVTRSALQFAASVAGLMITTECMVTDLPKDDKADLGAAGMGGMGGMGGMM,length1,1644
-1,1153661,1153631,30,MEVTLNSERV,length1,30
-1,1153538,1153535,3,M,length1,3
-1,1153373,1153370,3,M,length1,3
-1,1152962,1152953,9,MTC,length1,9
-1,1152674,1152584,90,MWLRVADYTDFFTFRNQFEFFLSKKRRPIL,length1,90
-1,1152437,1152383,54,MRSNHVTVFQLHAEHSIR,length1,54
-1,1152218,1152092,126,MKNSIWHNLTMIYKAKTTPIITALFLLNSTYEFKKTLRSYGA,length1,126
-1,1151669,1151654,15,MCRTK,length1,15
-1,1150598,1150589,9,MAN,length1,9
-1,1150541,1150538,3,M,length1,3
-1,1150376,1150313,63,MFATFSCIFHTNDNIFNSTHI,length1,63
-1,1150304,1150250,54,MEITKFFAFYYTKRINQQ,length1,54
-1,1150058,1149968,90,MSSFCKITWRFGTNRTRQSRFTLNCDRTGD,length1,90
-1,1148351,1148339,12,MPLK,length1,12
-1,1148261,1148222,39,MIQPSRHNNAVAP,length1,39
-1,1147877,1147853,24,MSVVISIK,length1,24
-1,1147817,1147799,18,MACISS,length1,18
-1,1147454,1147409,45,MMSPSSKCGNNASIN,length1,45
-1,1147217,1147067,150,MRFCPITAKPITPMSPFTDIVFSCWITESLFMMGANIISPYMFVYDVDKL,length1,150
-1,1146950,1146860,90,MFIIISLPNIKNFTIFSCPRCYTCFKSTNY,length1,90
-1,1146749,1146662,87,MIWHNNKFINSYLWKEHWNIFPTLFYVIP,length1,87
-1,1146629,1146620,9,MPK,length1,9
-1,1146557,1146551,6,MF,length1,6
-1,1146533,1146266,267,MMNTCIIFRSHTFRCNCFYRANVICPYKRSILCNHLQNYCQHCRQPMFKGDKCKLKYELKFPLEQPCRCFIQIPLRHPIFCFNFGSRVR,length1,267
-1,1146131,1146044,87,MLSNDSSVFIIKTSLMWEERSSMTVCPHA,length1,87
-1,1145945,1145909,36,MDIFHWNLNMIE,length1,36
-1,1145834,1145798,36,MQIFPVNLFRIR,length1,36
-1,1145741,1145726,15,MYRMI,length1,15
-1,1145681,1145648,33,MLSSWEADIVH,length1,33
-1,1145399,1145342,57,MHSISTSKQGCIAFHRIQQ,length1,57
-1,1145159,1145111,48,MWRSFKMDHNFSHTSW,length1,48
-1,1144895,1144865,30,MHHFCHFITH,length1,30
-1,1144805,1144667,138,MVLEHISHCARTIIIAPALFHANRFCTSNFYIINEITVPKRFKPTI,length1,138
-1,1144619,1144565,54,MVDTINLVFFKETVDLYV,length1,54
-1,1144481,1144379,102,MCSQTLRNHAIKTWRSGHIVKGVTTGLIFIVKFV,length1,102
-1,1144316,1144298,18,MRAESI,length1,18
-1,1144271,1144265,6,MN,length1,6
-1,1144136,1144130,6,MS,length1,6
-1,1144052,1143911,141,MSKIMPYSREKNQSNQSIKLKDRTPIERLIAHHNKMRINQCFALVIG,length1,141
-1,1143899,1143821,78,MRVKNGTVSFIQQHFCASGIPFACLS,length1,78
-1,1143560,1143548,12,MNNA,length1,12
-1,1143413,1143353,60,MAIFFRKNRDIREKCGQFFG,length1,60
-1,1143290,1143218,72,MNLFLIKLLQMLTRLVSNQQYLVK,length1,72
-1,1143215,1143206,9,MFV,length1,9
-1,1143128,1143008,120,MCLLTRGTIPLRSTSPKRKCLVRRVITNKNKMPYCNKQMK,length1,120
-1,1143002,1142900,102,MKLIQSKQCYNVCNGILRLKVRLKMRELWREEML,length1,102
-1,1142450,1142429,21,MASHNPR,length1,21
-1,1141706,1141703,3,M,length1,3
-1,1141625,1141619,6,MF,length1,6
-1,1141583,1141553,30,MNHSFNHWFH,length1,30
-1,1141169,1141118,51,MITCFQNFCSGYPFRIR,length1,51
-1,1140737,1140653,84,MHKLFLELKKRKPLNLVKNLTIFQVFLT,length1,84
-1,1140632,1140575,57,MFKLTCFYFFSFNKNPIKE,length1,57
-1,1140503,1140110,393,MAEKEVRLDKWLWAARFYKTRSIAKAMIESGKVHYNNQRAKVSKIVEVGAMLKLRQGNEEKEIKIIALSDQRRGAPEAQLLYQETESSVKKREEIEWARKNNSLSMPHPDRRPNKKERRDLLKFKHQDKFE,length1,393
-1,1139696,1139678,18,MVFSHL,length1,18
-1,1139591,1139585,6,MN,length1,6
-1,1139582,1139519,63,MIFNQEKKVNKILEIKSLFTE,length1,63
-1,1139297,1139276,21,MYSKCGV,length1,21
-1,1139252,1139219,33,METPYISSFQL,length1,33
-1,1139129,1139105,24,MGLGKSDS,length1,24
-1,1138763,1138736,27,MERPIRQSL,length1,27
-1,1138526,1138472,54,MAKRNVRRIFKHSLKSIK,length1,54
-1,1138154,1138139,15,MDSLV,length1,15
-1,1138136,1138133,3,M,length1,3
-1,1138034,1137800,234,MHSQTLDCFCRLASSLLIISSNFFRKTTSASHSRMRRRKRSSVLGGGDILAYLGFILGRPLGLGWHPFIPFFRKAFNH,length1,234
-1,1137632,1137626,6,MR,length1,6
-1,1137548,1137536,12,MIKN,length1,12
-1,1137455,1136591,864,MKTSIYQLKWGTFNLIEGDFISQYAALYGEWSDVEVQFFLENLNSSSNVIEVGSNIGMHAVPIAKTISGGGGGGGKLFCFEPQRVIFQTLCANLSLNQLTNVHAYNLGVGENEQLIEIPSSNYDTAWNYGSFSLDKGFSTEGNFIGVESKELIHVISLDKHPEVNRLEDIDLLKIDAEGFELNVLNGAKNLIERHKPIIFVEAHIHHSNELISYLDKIGYKCYWFISERYQKNNYFKQEKSLGGMDFNLACFHKSKQSTLPEELRTTPNNLLTEIPIVSNRFDLPPKS,length1,864
-1,1136333,1136192,141,MIHTWQIGMNTSVAIIRMISFDAFNGLFQRLILIQFNLKFRKKRTTR,length1,141
-1,1136156,1136147,9,MRS,length1,9
-1,1135946,1135886,60,MPLFSNRFNHVPTKALEGIL,length1,60
-1,1135481,1135466,15,MAGKD,length1,15
-1,1135433,1135409,24,MPNAANTG,length1,24
-1,1134863,1134818,45,MLSTFTPPSTSRRMS,length1,45
-1,1134803,1134692,111,MILRACCNFFNVAGIKDCPPNPGFTDINKTTSTLSKT,length1,111
-1,1134575,1134572,3,M,length1,3
-1,1134539,1134485,54,MRSIGFTIKCTSIGAVMP,length1,54
-1,1134185,1134179,6,MN,length1,6
-1,1133681,1133573,108,MRFCFFCSQLFNKRFTPIFNRTFVFHHFNRNWRLIN,length1,108
-1,1133546,1133537,9,MTV,length1,9
-1,1133447,1133444,3,M,length1,3
-1,1133222,1133210,12,MMIA,length1,12
-1,1132457,1132361,96,MNWVFIFVQIFYECLNTAFIMEMIFRSITFID,length1,96
-1,1132187,1132145,42,MIKLLVNVTLTTNG,length1,42
-1,1131998,1131788,210,MNIHRNPAPIILHRYRIIIVNCHDNIGTMASEGFINGIIHHFKYHMVQTSTVIGIADIHTWTFTHRIKAF,length1,210
-1,1131671,1131647,24,MLFGKGKR,length1,24
-1,1131443,1131320,123,MRLRSTSTSNTLTFTMLPVFTTWRGSSTNLSLNDEICTKPS,length1,123
-1,1131116,1131095,21,MNCFASS,length1,21
-1,1130858,1130732,126,MFCAKVFVIPATRASNGADAVFKSTPTAFTQSSTTASSLRAS,length1,126
-1,1130693,1130567,126,MAFGSIFTNSANGSCKRRAIDTAPRKDTSKFGNSFAANSEAE,length1,126
-1,1130453,1130372,81,MAINSTLCLRIKLKIATCASASRPVCG,length1,81
-1,1130369,1130081,288,MVVVSNNLPVLSTTATLTPVRKPGSKPMVLFAPAGAAIKSAVRFRAKTSMASSSAFSRKLAINSVSKCNETLIFHVHAITCSRHLSAGSPVKRTSK,length1,288
-1,1130000,1129961,39,MPSLRPRNMANAR,length1,39
-1,1129655,1129511,144,MAICPLVRRFGLYGKYKSSNSVLLCVAWILLRSSSVNFPCSSIDFKIV,length1,144
-1,1129400,1129376,24,MVLPSSNN,length1,24
-1,1129373,1129349,24,MAARICWG,length1,24
-1,1129205,1128719,486,MAKSNYITRQGWLALDQELKFLWKEERPKVTQAVSDAAALGDRSENAEYIYGKRRLREIDRRMRFLTKRLEVLQIVDYNPKQEGKVFFGAWVELENEEGEIKQYRIVGCDEFAPAKNWISIDSPVARALIGKTLDDEVRVETPSGFITLYVNKIWYENNSEK,length1,486
-1,1128713,1128701,12,MVNI,length1,12
-1,1128515,1128503,12,MPSA,length1,12
-1,1127969,1127855,114,MANQDDKPTQWCVMALANNKEYISHLCAYLHSVPLIQA,length1,114
-1,1127486,1127309,177,MPLLTLAQYKGANKDQPLELNRCVMARSFLYLDYSPFLSIILLLEELYEPDQPITSQIE,length1,177
-1,1127231,1127138,93,MLVDSHYKNRQHGGNVYIQIRQQDILDHGYS,length1,93
-1,1127087,1127075,12,MTIS,length1,12
-1,1127015,1126292,723,MSSMEGKKVPQVTFRTRQGDKWVDVTTSELFDNKTVIVFSLPGAFTPTCSSSHLPRYNELAPVFKKYGVDDILVVSVNDTFVMNAWKEDEKSENITFIPDGNGEFTEGMGMLVGKEDLGFGKRSWRYSMLVKNGVVEKMFIEPNEPGDPFKVSDADTMLKYLAPQHQVQESISIFTKPGCPFCAKAKQLLHDKGLSFEEIILGHDATIVSVRAVSGRATVPQVFIGGKHIGGSDDLEKYFA,length1,723
-1,1126256,1126253,3,M,length1,3
-1,1126034,1125977,57,MQFSFQVLRCDFLTFVEFA,length1,57
-1,1125791,1125767,24,MRKRHLMQ,length1,24
-1,1125704,1125686,18,MIMRVF,length1,18
-1,1125683,1125677,6,MA,length1,6
-1,1125671,1125665,6,ML,length1,6
-1,1125650,1125617,33,MFVKMKKSKKP,length1,33
-1,1125503,1125500,3,M,length1,3
-1,1125392,1125350,42,MEKYLIALSSADNL,length1,42
-1,1125248,1125203,45,MANKVLVHLFHQIQH,length1,45
-1,1125194,1125149,45,MWKYWTSIRNLKNNG,length1,45
-1,1124678,1124651,27,MLYANGAYE,length1,27
-1,1124399,1124021,378,MRYVIAVKSPIYGKQGAFLAYQFADALIKKGHEISQIFFFQDGVSNGNALVYPANDEVNLQKHWQMFSITHNVPLHLCVAASQRRGVVDNLTTPTTAHYNLAEGFIIAGLGEFIAASLNADRVITL,length1,378
-1,1123988,1123961,27,MAHPFHEKA,length1,27
-1,1123958,1123886,72,MQFLPRQLFVNPMILGYFLSMMAY,length1,72
-1,1123808,1123802,6,MM,length1,6
-1,1123514,1123511,3,M,length1,3
-1,1123229,1123163,66,MIFATTPAPTVRPPSRIAKRKP,length1,66
-1,1123121,1123046,75,MLSPGITISTPSGNSIVPVTSVVRK,length1,75
-1,1122761,1122647,114,MIPRSTRPVTTVPRPEIENTSSIGRRNGWSIARSGSGI,length1,114
-1,1122446,1122314,132,MMYGTPTWRPNKMCSRVCGIGPSVAATTKIAPSICAAPVIMFLT,length1,132
-1,1122239,1122170,69,MVIPRAFSSGALSIWSNARAAPP,length1,69
-1,1121801,1121717,84,MPASPKFVCPIRIHLKDGGGRRIRTFEG,length1,84
-1,1121534,1121501,33,MEKTLTDKYFL,length1,33
-1,1121411,1121393,18,MLNFYL,length1,18
-1,1121297,1121282,15,MGGIT,length1,15
-1,1120649,1120598,51,MVYQTISEIPRKCVQRS,length1,51
-1,1120127,1120115,12,MRYL,length1,12
-1,1119674,1119647,27,MLVHLAENN,length1,27
-1,1119488,1119398,90,MLVSFYLKTASQKALQQKQCYLIAKKEKVR,length1,90
-1,1119389,1119374,15,MGFFS,length1,15
-1,1119212,1119188,24,MRRLFFSS,length1,24
-1,1118927,1118816,111,MTSTFFTSSNSIKSAILAVKSAPKKTALSLRITERTV,length1,111
-1,1117121,1117061,60,MIAFFNNYLTASNNYIIPSQ,length1,60
-1,1116704,1116677,27,MFFKKQVLI,length1,27
-1,1116473,1116422,51,MFSSTNKRDFIASFYNG,length1,51
-1,1116362,1116251,111,MWHMFAKCGKCISNQRPSIISFHYNNTNTIIGKMGNL,length1,111
-1,1116185,1116137,48,MINRYIFIVEQLVFFT,length1,48
-1,1115951,1115930,21,MLFLQCL,length1,21
-1,1115333,1115318,15,MRFYI,length1,15
-1,1115279,1115150,129,MGRLTTGCRASIEDPLLIFWLKQSRSPLSTQILHRNSPFFKVR,length1,129
-1,1115105,1115066,39,MMACFRRNTLFFK,length1,39
-1,1114787,1114754,33,MSRHSHIKQLV,length1,33
-1,1114733,1114673,60,MNNASFTFKRLIHKTFDNLI,length1,60
-1,1114325,1114280,45,MPFLSALKIVPAGLS,length1,45
-1,1113911,1113869,42,MVTPVCTSPAQIER,length1,42
-1,1113677,1113596,81,MLFCSASCFTGLACNFLPRPAGLSDCV,length1,81
-1,1113563,1113449,114,MACKCCAAKSGVPAKIILSDFIMFYVMVIDRKKEVGWA,length1,114
-1,1113299,1113251,48,MIDLVLNTDRKQTIRI,length1,48
-1,1112456,1112426,30,MGNNYNIRTL,length1,30
-1,1112237,1112213,24,MIYHAFVH,length1,24
-1,1111820,1111775,45,MGKPHTTIGITAFHF,length1,45
-1,1111265,1111199,66,MRPLRSSRTRSSPNQSSNAHGR,length1,66
-1,1111004,1110971,33,MALPFRTTGSL,length1,33
-1,1110737,1110665,72,MTGVTASKAPTYPTHQNSMFSVKL,length1,72
-1,1110452,1110368,84,MTPSINLPAPGRHHTLYVHFRVCRVLCF,length1,84
-1,1109735,1109669,66,MPDSTFGLLEQPFMSLRAIPCC,length1,66
-1,1109639,1109552,87,MPQLRCYISAPLHLPRRPTRLVSYYAFFK,length1,87
-1,1109360,1109351,9,MDP,length1,9
-1,1108571,1108523,48,MFQFSRFASTSYEFTC,length1,48
-1,1108034,1107887,147,MGTSIKDTLFSFYLLTFIFQRCFRFVFNLVYNYQPICVSTRCLSSLVRR,length1,147
-1,1107767,1107761,6,MV,length1,6
-1,1107683,1107638,45,MESSCRLQSGLRRTL,length1,45
-1,1107350,1107311,39,MSRVGKVLRVASN,length1,39
-1,1106753,1106699,54,MAASGFPPLRNIPHCCLP,length1,54
-1,1106579,1106405,174,MACGLSVPHFHLPIIRGISDSFPSLSPSISQIPKHYSPVRHSSARKQAFSCYRSTCMC,length1,174
-1,1106375,1106339,36,MIKLFNSSSIAQ,length1,36
-1,1105874,1105832,42,MHFLRQSLLASQHL,length1,42
-1,1105034,1103972,1062,MATQEEKQKALAAALGQIEKQFGKGSIMKLGDTKTLDVESISTGSLGLDVALGIGGLPMGRIVEIFGPESSGKTTLTLSVIAQAQKAGKTCAFIDAEHALDPIYAAKLGVDVKELFVSQPDNGEQALEICDALVRSGAIDVIIVDSVAALTPKAEIEGDMGDSHMGLQARLMSQALRKLTGQIKNANCLVVFINQIRMKIGVMFGNPETTTGGNALKFYSSVRLDIRRTGSVKDGENIIGNETRVKVVKNKLAAPFRQVDFQILYGEGISKAGELLELGVKHKLVEKSGAWYSYNGEKIGQGKANSMKWLNENIEKSDELEARLRAELVANPEQALMADIEQSENNTESESDFE,length1,1062
-1,1103957,1103906,51,MPKVRLKMTALYIDSIK,length1,51
-1,1103813,1103435,378,MQEKNFSEEEIDEALSRCQAKNWQSDRRFSENYLNSRAQKGYGVGRIRQELLQLKGVSSDIVDEILMESEIDWYEMAENLLRKKFPNYNEQQTPKMKQKIWQYMLSHGFRSDEFTDLIGQNQSEWD,length1,378
-1,1103399,1102985,414,MPNAVIAKHPNKCIANTPNPFNHLSLKNNSTTSEEKEENVVSDPKKPVIKNNRHSALICGNCQKSPSNTPIIKQPSKLAINVPKEKEENTGLNNNPIVQRNDAPNIAPQLMNNNACINNLIQIEFANNKRLILLYLIQ,length1,414
-1,1102826,1102691,135,MHPLLKHSYSLLPNKLMQNKQLSLHHQTYLVNKFLLQLNPLAFYQ,length1,135
-1,1102529,1102433,96,MAFCKARELILQASYCYKANYPVNPVHEHHLM,length1,96
-1,1102391,1102355,36,MTHRYDYVLLPK,length1,36
-1,1102331,1102310,21,MLSAYQW,length1,21
-1,1102163,1102157,6,MY,length1,6
-1,1101911,1101815,96,MQLFEQQAVSRMMYVYSPMYSQNTRRLLWLSI,length1,96
-1,1101722,1101698,24,MPAQNNKN,length1,24
-1,1101623,1101557,66,MIKAHKSPTSTLIPLKLATKKV,length1,66
-1,1101524,1101440,84,MMVLNIVALNKVSFKNWLIMLECQYSMV,length1,84
-1,1101434,1101392,42,MNSTQHKCLPTYLP,length1,42
-1,1101353,1101305,48,MYILGMLAITWVIHFY,length1,48
-1,1101281,1101185,96,MFVFVDLKHYYQKQILWKCAKNLRKKVELVLL,length1,96
-1,1101134,1101107,27,MCGFQWVNH,length1,27
-1,1100936,1100924,12,MVLK,length1,12
-1,1100786,1100759,27,MHYYDAENQ,length1,27
-1,1100735,1100684,51,MFALLVSKLLRFGQIMN,length1,51
-1,1100666,1100600,66,MAHKWVCSPYKVLPILMCQPIL,length1,66
-1,1100597,1100570,27,MYWEQKQLE,length1,27
-1,1100375,1100279,96,MVINIVALCQAHYQNVFLKFVRSNGCLKKAVS,length1,96
-1,1100243,1100117,126,MMNTIIYKVLKPLSTKIYVQLYLQKILTLIYSSSQLMFPQLS,length1,126
-1,1099982,1099976,6,MQ,length1,6
-1,1099889,1099880,9,MLK,length1,9
-1,1099823,1099796,27,MFYQPHFKR,length1,27
-1,1098809,1098749,60,MVVPSNGCIFPCHYYHHYVY,length1,60
-1,1098338,1098332,6,MG,length1,6
-1,1098308,1098257,51,MLIANWFHFIGSTSIFI,length1,51
-1,1097894,1097849,45,MLPRIIYLRIIIIFL,length1,45
-1,1097771,1094666,3105,MQSQPTNQPTNQPTNQPTNQPTNQPTNQPTNQNSNASEQLEQINVSGSTENTDTKTPPKIAETVKTAKTLEREQANNIKDIVKYETGVTVVEAGRFGQSGFAIRGVDENRVAITVDGVAQAETLSSQGFKDLFEGYGNFNNTRNGIEIETLSDAKITKGADSLMSGSGALGGSVIYKTKDARDLLLNKNYAFKYKTGFTSENDERLNSITFAGKASIFDVLAVGTWRNGHEIKNYDYKSADDILGKLREKTDPYNKKDRSLLLKIGTNLGENNRIAVAYDRRRVENKGLDKSYSLHGCTKYVCDDNEIDTRHTHDESIRTSKSIAFENTNINPLWDTLKLSYTDQSITQRARSDEHCDGERCPGVQNPIGLHYNNDNKLVDKNNNPVTYKLENRSVTYYSYIDESIFNRYSNFKEEVPVELAKEWKLKEYGGKYYIDSPRCFKNHGDANHEGMCRLRSDVKEEKETLVANNITYDLKKEYFINSRLTNSDNLLSCDGINCDKGTIQGFEADGTPKDLPIKIIPKEGKKFALIEKISDQNGYNIGPEKASRFLVPNSPGYNRNIWKKRDLDTRTQQINLDLTKHFELGKSQHDLSYGLVWSKTTKSMINKEGLKVNSGKWWIDYPKDCESSTSDLCTKNSTASFLIPVETKDGSLYFKDEFRVNDRLGLDIGYRYDKVKYKTNYQPGITPKIPDDMLVNLFIKEPFVKNTRSLNPNDPNEINRRKNAEANINYISQPKKFNASSYALSTKFDPLDWLQVQAKYSKGFRAPTADELYFTFKHPEFTVLPGSKLKPEIAKTKELSLTLHDDEIGFISGGYFITNYNNFIDLSYLGTKSFGSQATKHELYQSVNLDNAKVTGFELKTKFTLGKWISWLKNVDFGYQLTKQKGKASDNRPLNAIQPMTQVMSLAYTHPDNLFGANLYLTHVSQKEASDTYNIYSKDATAGDKEYVQNKHIKWRSKAYTVTDFTFFVKPMKNLTLRAGVYNLFDKKYMTWDSARSIRMFGTSNLINQETGAGINRFYAPGKNYRMSVQFEF,length1,3105
-1,1094402,1094393,9,MGS,length1,9
-1,1094372,1094288,84,MFTLKFFVTFIINNISLSLFEFSKEIIL,length1,84
-1,1094207,1094204,3,M,length1,3
-1,1094099,1094081,18,MIIRIY,length1,18
-1,1093691,1093676,15,MLRNP,length1,15
-1,1093592,1092890,702,MKNMLLLSSSKYKNTGYLEHTLPWLQNFLADYRGKTIAFVPYAGVSRTFDEYEKTVQNALSDLGMNIVSVNHGKQHRDIIEQADVISIGGGNTFCLLKQLYEHNLIDIIREKVNNGTPYFGWSAGANVAGASIMTTNDMPITYPPSFQALQLFPHQINPHFISGKMQGHNGESREERLAEFLLVNPTALVYALPEGSALHIQNEMATVLGENPILCFSENMECGTFDINTTFSY,length1,702
-1,1092725,1092707,18,MLLPKA,length1,18
-1,1092656,1092653,3,M,length1,3
-1,1092335,1092320,15,MRHIT,length1,15
-1,1092260,1092164,96,MVNNIAKLILQNKKKVKLKLLKASMYFMPLHH,length1,96
-1,1092056,1092026,30,MALSSLEFPQ,length1,30
-1,1092002,1091933,69,MVWEILMQTYLVLSLQPVYLWQD,length1,69
-1,1091912,1091894,18,MLQFLS,length1,18
-1,1091816,1091771,45,MQQQLPLTLPSHHML,length1,45
-1,1091753,1091750,3,M,length1,3
-1,1091474,1091465,9,MAS,length1,9
-1,1091267,1091222,45,MARKNGRIHWLCGII,length1,45
-1,1091042,1091021,21,MNRSEQR,length1,21
-1,1089185,1089143,42,MDRDFWQSCASSNL,length1,42
-1,1088741,1088729,12,MVRM,length1,12
-1,1088579,1088576,3,M,length1,3
-1,1087943,1087928,15,MILLT,length1,15
-1,1087865,1087859,6,MS,length1,6
-1,1087826,1087823,3,M,length1,3
-1,1087754,1087697,57,MRISFSFYNFTFFFLIKRM,length1,57
-1,1087667,1087616,51,MFHTIHIPSTLDMFASS,length1,51
-1,1087598,1087571,27,MNFNFIMYI,length1,27
-1,1087463,1087436,27,MGKPVGIKR,length1,27
-1,1087343,1087337,6,MT,length1,6
-1,1086950,1086944,6,MM,length1,6
-1,1086923,1086866,57,MRVQKPRLHQLVWDLKPFY,length1,57
-1,1086857,1086854,3,M,length1,3
-1,1086779,1086764,15,MQWAV,length1,15
-1,1086755,1086719,36,MLQIKQGSNFVL,length1,36
-1,1086461,1086428,33,MKVAVQGTLLL,length1,33
-1,1086353,1086326,27,MRVRSILIF,length1,27
-1,1086314,1086209,105,MVMRCCPCSLLWDLLMITLNKFLVILPTPMNKLMK,length1,105
-1,1086056,1085996,60,MRCIQTGSLPVYRLTCKWAL,length1,60
-1,1085948,1085912,36,MPLNTIILIHAI,length1,36
-1,1085840,1085627,213,MKKQRHKVYWLGLTQVFMFKRRMHGIHAVINLILAYWWMTFAHLVPKNHIAYLLLVQNTVCYYVKIMRIFV,length1,213
-1,1085612,1085606,6,MN,length1,6
-1,1085594,1085495,99,MRLAGHALIKKWKRLSKNASAYAAFGCIRVLNI,length1,99
-1,1085219,1085150,69,MKYVRNWNYIVRFPLVKRAEFQV,length1,69
-1,1084898,1084526,372,MATINQLVRKPRVKKVVKSNVPALEACPQKRGVCTRVYTTTPKKPNSALRKVCRIRLTNGFEVTSYIGGEGHNLQEHSVVLIRGGRVKDLPGVRYHTVRGALDCAGVKDRKQGRSKYGVKRPKA,length1,372
-1,1083863,1083839,24,MKPYPYIN,length1,24
-1,1083812,1081712,2100,MARTTPIERYRNIGISAHIDAGKTTTTERILFYTGVSHKIGEVHDGAATMDWMEQEQERGITITSAATTAFWSGMSQQFPQHRINVIDTPGHVDFTVEVERSMRVLDGAVMVYCAVGGVQPQSETVWRQANKYEVPRIAFVNKMDRTGANFLRVVEQLKTRLGANAIPLQLPVGAEENFTGVVDLIKMKAINWNEADQGMTFTYEEVPANMQADCEEWRQNLVEAAAEASEELMEKYLGGEDLTEEEIKSALRQRVLANEIILVTCGSAFKNKGVQAMLDAVVEYLPAPTDIPAIKGINPDETEGERHASDEEPFSSLAFKIATDPFVGNLTFFRVYSGVINSGDTVLNSVRQKRERFGRIVQMHANKREEIKEVRAGDIAAAIGLKDVTTGDTLCAIDAPIILERMEFPEPVISVAVEPKTKADQEKMGLALGRLAQEDPSFRVHTDEESGETIISGMGELHLDIIVDRMKREFKVEANIGKPQVSYRETIRTRVNDVEGKHAKQSGGRGQYGHVVIDLYPLDPEGPGYEFVNEIKGGVIPGEYIPAVDKGIQEQLKSGPLAGYPVVDLGVRLHFGSYHDVDSSELAFKLAASLAFKAAFSKANPVLLEPIMKVEVETPPEYVGDVIGDLSRRRAMVNGQEANEFVVKIDAEVPLSEMFGYATDLRSQTQGRASYSMEPLKYAEAPTSVAAAVIEARKK,length1,2100
-1,1081235,1081220,15,MRHGR,length1,15
-1,1081094,1081076,18,MGRKNP,length1,18
-1,1080224,1079747,477,MLCPLKFHLRYFFHKKLRQTYRISHKSLEFICLIIGMACLTWFTKKYTPYVGGSGIPQVIASINLPHSSYKTKLVEFSQTIWKIPLTFLAMLIGVSVGRISYWFYSCRDSRKQPLFSTLSRGNIGFLSLSLACNLWGGLWHSRWHIWTIISKRYRRIIT,length1,477
-1,1079741,1079486,255,MAWLGSPTSYLYCFIIGFSACRTVGVEMTGAQLVLIWLLISSIIASIISRQFSPKPFYHFAAGRFRQQMQARQAEELRSKTKQEK,length1,255
-1,1079330,1079192,138,MPNTITWILIYKKIPLRYSWEEVILNNSNIVQNLLRNEVITKLILM,length1,138
-1,1079165,1079144,21,MECLAPA,length1,21
-1,1079051,1079045,6,MN,length1,6
-1,1079036,1078946,90,MNFYVILLRRFKEKVAKSLLSMHEKLGFQG,length1,90
-1,1078907,1078889,18,MLECIN,length1,18
-1,1078853,1078844,9,MAA,length1,9
-1,1078808,1078796,12,MWTA,length1,12
-1,1078703,1078619,84,MKRYSQCFLILNNNLTKEYTLIISSAIC,length1,84
-1,1078562,1078532,30,MRLNKVRELK,length1,30
-1,1078301,1078253,48,MRVLLELVLHCHKYIQ,length1,48
-1,1077698,1077692,6,MT,length1,6
-1,1077044,1077017,27,MLYLTETFS,length1,27
-1,1077005,1076390,615,MKNYHDIVLALAGVCQSAKLVHQLATESRADSETFLTALNSLFITQPQRIEDVFGGEVRHLKLGLETLIHQLNAQGDQNLTRYWLSLLALEGKLSKNPDAKQTLGNRISRLKEQEIHYARDSETMLSIMANIYSDIISPLGKKIHILGSPDYLRQELVQNKIRAVLLAGIRSAVLWKQMGGTKWQILFFRRKLLATAKQIYSSIY,length1,615
-1,1075928,1075913,15,MAKTD,length1,15
-1,1075646,1075622,24,MESLYHTN,length1,24
-1,1075541,1075514,27,MGIHCIKSL,length1,27
-1,1074677,1074647,30,MKQPKVHFQQ,length1,30
-1,1074368,1074317,51,MLNSWQHYQLTKKRLHV,length1,51
-1,1073771,1073744,27,MGNHRFFLI,length1,27
-1,1073666,1073552,114,MNKEKIYDKKSIKCGNFSSWKRNAHVFRFTQSATYNRW,length1,114
-1,1073102,1073084,18,MASSCR,length1,18
-1,1072199,1072151,48,MTALNVNNLFASLGLC,length1,48
-1,1071881,1071707,174,MLNSKEYFNESNNVEMAHPKGFEPLTARFVAEYSIQLSYGCVDDALIIHNHFNKIEPF,length1,174
-1,1071605,1071500,105,MAVREGFEPSMELLTPYSLSRGAPSACSAISPQSV,length1,105
-1,1071152,1071059,93,MYPTECWPAKINCWIFTIYTIHPFHSGFTES,length1,93
-1,1070948,1070942,6,MF,length1,6
-1,1070894,1070825,69,MIIICQIIGCNQCAHRMSKQMLR,length1,69
-1,1070750,1070723,27,MPFLRNNTL,length1,27
-1,1070705,1070696,9,MIK,length1,9
-1,1070675,1070651,24,MIKIISEL,length1,24
-1,1070573,1070561,12,MTIS,length1,12
-1,1070480,1070435,45,MKIRFSDHNFLMKRA,length1,45
-1,1070135,1070030,105,MVNAWLWQRNAPIRTHKPSTGIGLSLKPKILLVSA,length1,105
-1,1069670,1069568,102,MPFFKPSEITCWFTGSSTIIASSFIRNAEAASTQ,length1,102
-1,1069493,1069412,81,MSNFLSSSISNALFRSPASLPPKTGAF,length1,81
-1,1069211,1069193,18,MKIDLL,length1,18
-1,1069043,1069001,42,MEKQRICNRTSPLL,length1,42
-1,1068935,1068875,60,MLSASLTRILNFVRRRCDLR,length1,60
-1,1068815,1068665,150,MTASNTKPAPAAIPIPAEAQIIAAVVKPEIASFFLCKITPAPKKPMPLIT,length1,150
-1,1068587,1068452,135,MVSTQVVTAIMAQVFTPTGLRLSSRSKPITLPSTIANSILLKIIK,length1,135
-1,1068017,1068011,6,MA,length1,6
-1,1067507,1067429,78,MDFFISRTLFPSVLGSLLSIVLLADF,length1,78
-1,1067408,1067384,24,MSAGESSR,length1,24
-1,1066874,1066853,21,MPFYVNF,length1,21
-1,1066691,1066673,18,MTALLK,length1,18
-1,1066070,1066058,12,MNRR,length1,12
-1,1065677,1065530,147,MIASIQNRIIFIFGFTAKTMGDQLGDNPLCFVFFIFCFDDKQFFPCTNG,length1,147
-1,1065473,1065455,18,MQNTLG,length1,18
-1,1064873,1064735,138,MKSGNKQSFGLFFANGMCHTLFHLACGFIRKSDGGNLFRRIPALFN,length1,138
-1,1064732,1064696,36,MGDFINDYASFA,length1,36
-1,1063712,1063547,165,MLASNYRHFKRKRFQWIMPPVFHKASTHKSNIGNAIHQHQFAHTIAQNHLGIFIW,length1,165
-1,1063469,1063451,18,MARNEQ,length1,18
-1,1063382,1063328,54,MRAGSNPYWAILFPKRSQ,length1,54
-1,1063142,1063124,18,MCRTRR,length1,18
-1,1063076,1063034,42,MNKIRPKFCFHHDT,length1,42
-1,1063004,1062989,15,MDRKR,length1,15
-1,1062968,1062929,39,MKNAVSKSGFDAL,length1,39
-1,1062890,1062686,204,MRIILLQLTNQRYRSNHFPYGGCVDKDSLWWWTRHIAIKTITFSQTLTITWRFNTEQANKTQYQRLAN,length1,204
-1,1062557,1062530,27,MKHKTSPIA,length1,27
-1,1062506,1062491,15,MRLSF,length1,15
-1,1062446,1062389,57,MGLNSMKIATGKDLVNNAN,length1,57
-1,1062377,1062374,3,M,length1,3
-1,1062362,1062350,12,MYSG,length1,12
-1,1062347,1062305,42,MLTNALRPSYNRLS,length1,42
-1,1062290,1062254,36,MIEKIPFMKFHE,length1,36
-1,1062203,1062200,3,M,length1,3
-1,1062176,1062116,60,MRNIMIHLYMKKWNFQLAQK,length1,60
-1,1062041,1061954,87,MPKPGQTNAKLKEKKPHFGKEFRTRLVVL,length1,87
-1,1061921,1061900,21,MANKDFY,length1,21
-1,1061630,1061621,9,MTK,length1,9
-1,1060682,1060667,15,MKYVP,length1,15
-1,1060499,1060424,75,MQVQTQDSFYQLTVNCDLHFHRHTP,length1,75
-1,1060334,1060307,27,MERMCCLRD,length1,27
-1,1059665,1059650,15,MGLRG,length1,15
-1,1059320,1059185,135,MRGGGFSWHNPSRWTFIFTLQMRKLFIVNLLKIDKRTEKIQARSD,length1,135
-1,1058996,1058939,57,MTASFICTLENLFFPIFAF,length1,57
-1,1058921,1058678,243,MARWARHGIRLGRQRKFTFREIITAVKNFSLSTTTRNQMPRFTFRTSNFFLSLRFFSHHKIAFRIMTTTNKHPKTALFQLQ,length1,243
-1,1058630,1058573,57,MLRSLQRTQIITFRISRAT,length1,57
-1,1058498,1058333,165,MMKKALIHNLSLCLKHFFQFFLCGHPFRFHIIQCFLHIHLLSQKCGQFFFIFGII,length1,165
-1,1058024,1057967,57,MTIVRHHHQRTFVIYQCFR,length1,57
-1,1057940,1057919,21,MVSRFIK,length1,21
-1,1057751,1057724,27,MPQSRFVCA,length1,27
-1,1057709,1057658,51,MLGKITKLNTFCQLNCA,length1,51
-1,1057322,1057274,48,MGNLLLLLTIHRRLLC,length1,48
-1,1057202,1057151,51,MKDFRHNWIEKITVVRN,length1,51
-1,1057085,1057064,21,MVGRLIQ,length1,21
-1,1056950,1056944,6,MQ,length1,6
-1,1056314,1056149,165,MPNPVVCSITLLVPNERIERAESQVIYLRFVRLYTPALMVKFLIGCTYPIKSRIV,length1,165
-1,1055234,1055180,54,MGNKNENSGSTRGQRLAL,length1,54
-1,1053779,1053434,345,MAKPLCPKRPASTTVTPVSYLTMSLILFACSLSSVLAVFTVSAIFGGVFESLFSVEPDTLICSSCSERLLSWLVGWLVGWLVGWLVGWLVGWLVGWLVGWLVGWLVGWLVGWLVG,length1,345
-1,1052813,1052651,162,MMIDKRLINTVADSKKWIGITVLWNWVALVVVGWALAHQQTIVRYFGGLKPTLR,length1,162
-1,1052600,1050857,1743,MMIDKRLINTVADSKKWIGVTVLWNWVALVGGIISAVVFSYILQAAYFHELSLLSAVILGIVLIAALALRAFAGKKSVQASYFASTKVKHELRSLIYRKLASMPLNQVNQQSTSSIIQVASEGVEQLEIYFGRYLPQLFYSLLAPLTLFVFLIFFSFKTAVILLICVPLIPMSIIAVNKIAKKLLAKYWSIYVGLGSSFLDNLQGLITLKIYQDDAYKAKEMDKEAEHFRKITMKVLTMQLNSVSLMDLLAYGGAAIGILTALLQFQNAQLSVLGVILFILLSSEFFIPLRLLGSFFHVAMNGKAASDKIFTLLDTPVETQQSAVDFEAKNNVQVEIKDLHFSYSEEKPAITGLDLSILPNQLTVFVGKSGCGKSTLVSLLMGFNKAQQGEILFNGQNALNIDRTSFYQKVSLVSHSSYVFKGTLRENMTMAKIDATDEQIYACLEQVNLAHFVRENGGLDMQLLSRGANLSGGQIQRLALARALLHNAELYIFDEATSNIDVESEEIILQFIQQFKQQKTIVMISHRLANAVNADCINVLDQGKLIEQGTHETLMAKQGAYAEMFQQQKDLEQIREVANA,length1,1743
-1,1048403,1048337,66,MRMVACSFSAKKGYSSGEGFKI,length1,66
-1,1048319,1048307,12,MLLK,length1,12
-1,1048262,1048169,93,MLIPCCFWGFTVINSWREKGNSGLKCLLPVR,length1,93
-1,1047995,1047908,87,MHICVLASLLGLAMQNKGIRCQNEKGFAQ,length1,87
-1,1047434,1047392,42,MNIFVFRISFLIFF,length1,42
-1,1047383,1047377,6,MI,length1,6
-1,1047236,1047191,45,MNRLNFTNCAGFSSN,length1,45
-1,1046795,1046756,39,MYLFNYGIVTWFC,length1,39
-1,1046414,1046324,90,MNQIQHITHRFYRCIVCRIFISSTKPRVSC,length1,90
-1,1045967,1045958,9,MNS,length1,9
-1,1045385,1045367,18,MVTEFY,length1,18
-1,1045355,1044923,432,MIALIQRVSQAKVNVKGETIGKIGKGLLVLLGVEKEDNREKADKLAEKVLNYRIFSDENDKMNLNVQQAQGELLIVSQFTLAADTQKGLRPSFSKGASPALANELYEYFIQKCAEKLPVSTGQFAADMQVSLTNDGPVTFWLNV,length1,432
-1,1044740,1044665,75,MGVSFHQWSLNNNEQSLIISLIKMR,length1,75
-1,1044464,1044368,96,MWAHFRCLSDDGNINITYFISLFLYLAKRFTQ,length1,96
-1,1044224,1044194,30,MIRHFYTTNN,length1,30
-1,1042823,1042811,12,MKNL,length1,12
-1,1042793,1042664,129,MIVITCDTNGFNMTKTQFSSQYSRWKQTTATHRNNTFPLGSWK,length1,129
-1,1042640,1042580,60,MHLKHIPSYHIFFAHNCTLV,length1,60
-1,1042403,1042391,12,MKIR,length1,12
-1,1042337,1042256,81,MKWGIFSFVNPRRKEWKITRLLCYKPI,length1,81
-1,1042235,1042172,63,MKAIHMILPKIQFNLILMENG,length1,63
-1,1042139,1042127,12,MVSV,length1,12
-1,1042097,1042091,6,MI,length1,6
-1,1042037,1041992,45,MAQKAYVIAGYNLKF,length1,45
-1,1041905,1041797,108,MKPIRLSAAHKSPLRVYVAATLAAISIQGVQMQLKC,length1,108
-1,1041719,1041689,30,MQFLEKQQLC,length1,30
-1,1041680,1041671,9,MAM,length1,9
-1,1041503,1041497,6,MA,length1,6
-1,1041482,1041479,3,M,length1,3
-1,1041470,1041464,6,ML,length1,6
-1,1041422,1041416,6,ML,length1,6
-1,1041329,1041284,45,MQKSSFLHLIRAGNL,length1,45
-1,1041281,1041266,15,MTQLS,length1,15
-1,1041245,1041233,12,MLKC,length1,12
-1,1041125,1041065,60,MLTHQMKKWKSQQYKPIGIY,length1,60
-1,1040927,1040915,12,MLEI,length1,12
-1,1040879,1040852,27,MPKQFLHGA,length1,27
-1,1040828,1040807,21,MRRKRMT,length1,21
-1,1040789,1040780,9,MAI,length1,9
-1,1040732,1040699,33,MRNTISKLANK,length1,33
-1,1040642,1040552,90,MRSITSKRHNSFFVTFSNNAYFPHTGINAV,length1,90
-1,1040408,1040360,48,MPALFRCRNACGRIYF,length1,48
-1,1040219,1040201,18,MNILLR,length1,18
-1,1040174,1040105,69,MLIISDCVRTHLAFNPQIIPITI,length1,69
-1,1039568,1039550,18,MIFCKE,length1,18
-1,1039505,1039475,30,MEKQKWHVVL,length1,30
-1,1039397,1039391,6,MM,length1,6
-1,1039379,1039376,3,M,length1,3
-1,1039259,1039256,3,M,length1,3
-1,1039022,1039004,18,MQSSMH,length1,18
-1,1038905,1038851,54,MHLSVVTSQRNHKPWQSK,length1,54
-1,1038824,1038773,51,MMQMPLNYLLSQTSMVH,length1,51
-1,1038623,1038617,6,MG,length1,6
-1,1037882,1037735,147,MASQERPPFSTILEITPNVAMITAINLNVEMRSLKNTRPAATITIGKSK,length1,147
-1,1037615,1037528,87,MRFKRSIKAAFCLNNVTDNRTKGKVNIIR,length1,87
-1,1036988,1036916,72,MKHYTRRQIIWFPRKREIDLLRLN,length1,72
-1,1036826,1036640,186,MAIRCGYRTKKFNFTAKFIGFIFQLLFKLLPVLPFCFSKLQKFLAIFSKFDLAIITDKKCLP,length1,186
-1,1036472,1036433,39,MATYFFFAHAKQK,length1,39
-1,1035881,1035806,75,MQTQHHTIINLTQLRTTKWLTISTH,length1,75
-1,1035740,1035725,15,MKQTS,length1,15
-1,1035635,1035545,90,MPYVLKQLLKNVRHSNVQLKMVLKWVLMKN,length1,90
-1,1035479,1035476,3,M,length1,3
-1,1035287,1035212,75,MTRKAKAWRSRKLGLLQQAVIKQVF,length1,75
-1,1035119,1035110,9,MTN,length1,9
-1,1034915,1034882,33,MTSSAVTSLQP,length1,33
-1,1034864,1034750,114,MAIKIYSHGVKQQVKQPLKMHQNMMAKLANKNTLITVY,length1,114
-1,1034708,1034642,66,MRWLQAVFMKNQLIMNHFMNYH,length1,66
-1,1034573,1034549,24,MVTTYSLT,length1,24
-1,1034447,1034444,3,M,length1,3
-1,1034438,1034411,27,MQFVTTLLN,length1,27
-1,1034207,1034186,21,MDEYKLR,length1,21
-1,1034183,1034141,42,MTYQFAIYRFDIQI,length1,42
-1,1033895,1033880,15,MFYLL,length1,15
-1,1033862,1033784,78,MGLPYGYADGLWRCRYLKYDGIRRVN,length1,78
-1,1033769,1033760,9,MPH,length1,9
-1,1033661,1033604,57,MVSHSIFLFLITLPQYSLH,length1,57
-1,1033538,1033457,81,MLLFAQIFVGLVTHFSYTNYGTCQTHI,length1,81
-1,1033364,1033355,9,MAY,length1,9
-1,1032314,1032266,48,MISLTRSLNASLCSRS,length1,48
-1,1031762,1031753,9,MAA,length1,9
-1,1031705,1031600,105,MPQVKPAKPPPIMATSKFIAIRPLLCLFIKRFHII,length1,105
-1,1030910,1030697,213,MTQARCEFFTFTEKNIHFLWCYFHIINLIIRNAARCCSDHTNCIARDENIRISRFTAAVNYKFINAMTHYE,length1,213
-1,1030250,1030160,90,MTRNFAQNAVFFNTFFSRFLVVHGVTCTTV,length1,90
-1,1029947,1029944,3,M,length1,3
-1,1029359,1029224,135,MYDLNGFIPMGNFRHCHYVGNDLLKWLVPRYGLASMWSYYGALVV,length1,135
-1,1028975,1028969,6,MA,length1,6
-1,1028873,1028855,18,MVYRDC,length1,18
-1,1028816,1028795,21,MVSSLLE,length1,21
-1,1028762,1028744,18,MGIHNL,length1,18
-1,1028714,1028696,18,MWLGIR,length1,18
-1,1028357,1028285,72,MGRWFLRNDRRWRISGVITLNRNG,length1,72
-1,1027907,1027898,9,MVV,length1,9
-1,1027871,1027865,6,MA,length1,6
-1,1027859,1027793,66,MLRKNSHIVIVKMAVTMSSTLP,length1,66
-1,1027745,1027646,99,MANKRKFILIVSLFGNHILEFIPLKMKLNLSKA,length1,99
-1,1027577,1027541,36,MVKILLLKRSKC,length1,36
-1,1027532,1027475,57,MAMIRKPIWFTYKLSILMN,length1,57
-1,1027301,1027268,33,MPMVLAQVGIC,length1,33
-1,1027196,1027136,60,MWKCILTPCVKMHCPSFSQT,length1,60
-1,1027124,1027112,12,MMPY,length1,12
-1,1026806,1026014,792,MDKSLKANCIGEFLGTALLIFFGVGCVAALKVAGASFGLWEISIMWGMGVALAVYATAGLSGAHLNPAVTIALWKFACFDGKKVIPYIISQMLGAFFAAALVYALYRNVFIDYETVHNIVRGTQESLSLAGTFSTYPHPSLSIGGAFAVEFVITAILMALIMALTDDGNGVPRGPLAPLLIGILIAVIGGAMGPLTGFAMNPARDFGPKFFAYLAGWGELALTGGREIPYFIVPMVAPVLGALAGAWLYKKAIGGNLPCNCGCE,length1,792
-1,1025918,1025855,63,MRMWLKLHNVNLPKSTLELVG,length1,63
-1,1025774,1025645,129,MKSLLSVSPTNVKPPLYGKNQPVHLFTTRSFGNAAVLQTLPIN,length1,129
-1,1025636,1025600,36,MAMKNIFVIPQA,length1,36
-1,1025390,1025369,21,MTRCLKS,length1,21
-1,1025219,1025084,135,MQAKPKTLTAQVALCYSTRVTKLLHPKMDYSQPLLVMQKANQNMP,length1,135
-1,1025036,1024982,54,MNSKLFTIVLTLNTLHKK,length1,54
-1,1024970,1024937,33,MAYMLFQLSQA,length1,33
-1,1024913,1024814,99,MRAVRFLVFLAVQTVIILFEQPYNLLLTKPVMS,length1,99
-1,1024763,1024736,27,MVVRQTITS,length1,27
-1,1024709,1024706,3,M,length1,3
-1,1024703,1024700,3,M,length1,3
-1,1024562,1024508,54,MKNVNVATKAGKKQLNAH,length1,54
-1,1024490,1024475,15,MKNNL,length1,15
-1,1023644,1022822,822,MKTTLKMTALTALSALVLAGCGAHQMKSEEQANMQLQQQAVLGLNWMQDSGEYKALAYQAYNAAKVAFDHAKVAKGKKKAVVADLDETMLDNSPYAGWQVQNNKPFDGKDWTRWVDARQSRAVPGAVEFNNYVNSHKGKVFYVTNRKDSSEKAGTIDDMKRLGFNGVEESAFYLKKDKSAKAARFAEIEKQGYEIVLYVGDNLDDFGNTVYGKLNADRRAFVDQNQGKFGKTFIMLPNANYGGWEGGLAEGYFKKDTQGQIKARLDAVQAWDGK,length1,822
-1,1022198,1022138,60,MGTQSTYPRTEKYSHKLVRN,length1,60
-1,1021874,1021838,36,MSLSLVNIELLT,length1,36
-1,1021778,1021748,30,MTPSRNAPSE,length1,30
-1,1021583,1021436,147,MVPFGSRLVAMTCATVLIVPDEPSTDCQPNLRYSKPKSSILLTALWRAR,length1,147
-1,1021418,1021178,240,MMPSVKKLSRKTHASHMSAFSHKRREIIADNHFCRAATNIYNKLSAFFWLSMAYASVDGFSFRLPTNNINGIGENFGCLT,length1,240
-1,1020944,1020932,12,MKAV,length1,12
-1,1020890,1020878,12,MFGF,length1,12
-1,1020764,1020761,3,M,length1,3
-1,1020659,1020467,192,MYQGLSLEYQKLRQYCPLIYRSLKCLNQLMLHQLIPLNPLLHYFLTNDLLINKKVLDLVVCLVH,length1,192
-1,1019912,1019897,15,MEYPR,length1,15
-1,1019786,1019768,18,MLNGYH,length1,18
-1,1019675,1019609,66,MVSLNSRRNSTSRLPYHSLIHR,length1,66
-1,1019342,1019330,12,MVYP,length1,12
-1,1019201,1019108,93,MLVGNIILYLCFASNVRQYWLVFVCYRKTPQ,length1,93
-1,1018787,1018763,24,MKLNQDQD,length1,24
-1,1018322,1018301,21,MKLSPIY,length1,21
-1,1018253,1018217,36,MREYNSFLLHCL,length1,36
-1,1018106,1018103,3,M,length1,3
-1,1018001,1017986,15,MIPKE,length1,15
-1,1017938,1017785,153,MAPNGILKLNREAYRHRVVIYLAKKDYPTSFLPLIFVIAVGYRRYPPVQLN,length1,153
-1,1017356,1017335,21,MEAIMQY,length1,21
-1,1016978,1016957,21,MVVVVLS,length1,21
-1,1016846,1016711,135,MPNAHQRLRHNTILLPCNYRQLIHYLQKLPPTNSDKLDIDILKKW,length1,135
-1,1016504,1016489,15,MLALL,length1,15
-1,1016180,1016171,9,MDF,length1,9
-1,1015910,1015853,57,MKNRWLNPTNYSLNTDHQI,length1,57
-1,1015748,1015727,21,MLDGFQG,length1,21
-1,1015676,1015586,90,MPSVKSLFCNHRKFGAQPKRHLSVSFYAMH,length1,90
-1,1015271,1015235,36,MRESNLMLKKVR,length1,36
-1,1014407,1014281,126,MNTRLFFIFIIKKFPIVTVFIVIGIWVFKIGAPTIINAFMFF,length1,126
-1,1014086,1014041,45,MLNNVKRIWITAIIK,length1,45
-1,1013879,1012862,1017,MLEQLPYLALKTPPKTTALLKAECADFIVKEHLGYEMSGDGEFVALYVRKTDCNTLFVGEKLAKFAGVSERNMGYAGLKDRRAVTEQWFCLQMPGMETPDFSQFELDGVEILTVTRHNRKIRTGSLEGNYFDILLRGAEESDELKVRLDFVANFGFPNYFTEQRFGREGHNLTQALRWAQGEIKVKDRKKRSFYLSAARSEIFNLVVAARIAKGATNQVLPNDIVQLAGSHSWFKADEKEDLTVLQVRLENQDILLTAPLIGEDILAASDIENEIVNQHSAFDSLMKQERMKAVRRPLLMKAKGFSWAFEPEGLRLKFYLPAGSYATALVRELVNYTEE,length1,1017
-1,1012850,1012103,747,MRILVSNDDGFHAEGIQVLAMELRKIAEVIIVAPDRNRSAASSSLTLVEPLRPRHLDNGDYCVNGTPADCVHLALNGFLSGQVDLVVSGINAGCNMGDDTIYSGTLAAALEGRHLGLPAIAVSLDGRQHYETAARVVCDLIPKLHHQLLNPREIININVPDLLFEELKGYKVCRLGYRASSAEVIKQKDPRDETIYWIGPSALPEDESEGTDFYAVKNGYVSITPIQADLTAYHSLLSLQNWLEQEFTK,length1,747
-1,1011974,1011971,3,M,length1,3
-1,1011875,1011767,108,MLLVFMQRAGWKTLCNNGDMLRIGQKPSVGLSNGAY,length1,108
-1,1011458,1011440,18,MCIRTS,length1,18
-1,1011317,1011311,6,MK,length1,6
-1,1011203,1011176,27,MQMEIFPLV,length1,27
-1,1011161,1011149,12,MAVM,length1,12
-1,1010936,1010840,96,MDSILISHVIQIPMRQITAKFQKALTKAIPIK,length1,96
-1,1010792,1010789,3,M,length1,3
-1,1010489,1010333,156,MRIAHRLMQMSLHQSPQMLRGNGRLQVILFKVSQAQMAVTKGLILAVHEDKL,length1,156
-1,1010303,1010270,33,MLAMLYVVTVI,length1,33
-1,1010252,1010240,12,MMIS,length1,12
-1,1010231,1010138,93,MRITTKFLLLINKKSKLVKTSPKWVALVQIP,length1,93
-1,1009934,1009922,12,MLRS,length1,12
-1,1009868,1009790,78,MLNLLSPNQTWVLVDPRLSFYFPIIY,length1,78
-1,1009700,1008284,1416,MENFKHLPEPFRIRVIEPVKRTTREYREQAMLKSGMNPFLLDSEDIFIDLLTDSGTGAVTQDMQAAMLRGDEAYSGSRSYYALAKAVKDIFGYEYTIPTHQGRGAEQIYIPVLIAKREREKGLDRSKMVVFSNYFFDTTQGHSQINGATVRNVYIKEAFDTTAKHPFKGNFDLEKLEKGIQEAGAHNVPYIVCTITCNSAGGQPVSIANLKGMYEIARKYDIPVIMDSARFAENAYFVQQREEAYKDWTIEQITYESYRYADGLAMSAKKDAMVPMGGILAFKDKSMEEVYHECRTLCVVQEGFPTYGGLEGGAMERLAVGLHDGMRQEWLAYRIAQIEYLVAGLEKIGVPCQQPGGHAAFVDAGKLLPHIPADQFPAQALSCELYKVAGIRAVEIGSFLLGRDPKTGKQLPCPAELLRLTIPRATYTQTHMDFIIEAFQKVKENAENIKGLTFTYEPKVLRHFTARLKEVE,length1,1416
-1,1008011,1008005,6,MI,length1,6
-1,1007906,1007876,30,MLIPLHLAVY,length1,30
-1,1007705,1007699,6,MD,length1,6
-1,1007642,1007627,15,MQNMR,length1,15
-1,1007558,1007525,33,MGKKKKQNTLS,length1,33
-1,1007426,1007417,9,MVI,length1,9
-1,1007354,1007312,42,MPFLSPQFYHLLLA,length1,42
-1,1007165,1007153,12,MLVR,length1,12
-1,1007060,1007054,6,MV,length1,6
-1,1005935,1005878,57,MRYANGQSFAETLDSSAYS,length1,57
-1,1005611,1005584,27,MGFIATCID,length1,27
-1,1005515,1005500,15,MAYAV,length1,15
-1,1004681,1004630,51,MVSQKNPLAYIICHPLF,length1,51
-1,1004117,1004099,18,MTPLRG,length1,18
-1,1003694,1003673,21,MFRLNMI,length1,21
-1,1003400,1003373,27,MLSLKIRLF,length1,27
-1,1003283,1003274,9,MYQ,length1,9
-1,1003229,1003046,183,MAYQKNQLCKKKSHKVWVWSLSLAINCLVACKQALLWVKKNGSNNYKPILSSVHYVAIKSF,length1,183
-1,1002938,1002914,24,MLCVSKSG,length1,24
-1,1002659,1002626,33,MNYDYCYFRSR,length1,33
-1,1000796,1000790,6,MI,length1,6
-1,1000328,1000280,48,MDKFYRAKRKTCNLCD,length1,48
-1,1000142,1000130,12,MGTI,length1,12
-1,999872,999833,39,MRDYRFCTSFLLQ,length1,39
-1,999800,999506,294,MALTNSSISFRTVEKTKLEAYQVIEQYGLTPSQVFNMFLAQIAKTRSIPVDLNYLRPNKETLAAIDELDSGNAESFFIEASENYSAEEFTKRILNGGQ,length1,294
-1,999422,999416,6,MC,length1,6
-1,999257,999242,15,MNLMN,length1,15
-1,999164,999050,114,MCGLFLHRIKIQTEQTFCNFCQVRRSGLSLYLFLFLLG,length1,114
-1,998966,998963,3,M,length1,3
-1,998786,998756,30,MYLLLFWLQH,length1,30
-1,998693,998573,120,MWLVVRHSLVEVYEQWLRILDVQLYSNPKILYILDLIHCL,length1,120
-1,998351,998339,12,MHLT,length1,12
-1,998234,998183,51,MSYKFHQRLVHENHWRI,length1,51
-1,997382,997376,6,MF,length1,6
-1,996872,996866,6,MV,length1,6
-1,996815,996788,27,MPHSSDGFH,length1,27
-1,996764,996749,15,MCFGG,length1,15
-1,996593,996590,3,M,length1,3
-1,996470,996431,39,MHHYRILRSQHLW,length1,39
-1,996188,996128,60,MPAVSLIFWLKFGFPRLFSL,length1,60
-1,996110,996095,15,MNLKH,length1,15
-1,995774,995747,27,MIIIIIHIK,length1,27
-1,995615,995582,33,MQFLITLLSTA,length1,33
-1,995492,994196,1296,MSLNIETTQGLERRVAITVPTEIVSKAVREEFKRAAKNVRVDGFRKGHVPAHIIEQRFGASIRQDVLNDLLPRHFFDAVIAEKINIAGRPTFAIETFEEGKDLVFTATFEVYPEVKLQGLENIKVEKPTVEITEADIDKMIDVLRKQQATWAESQDVVKADDRVTIDFVGSVDGEEFEGGKATDFVLFMGQGRMIPGFEEGIVGHKAGEQFDIDVTFPAEYHAENLKGKAAKFAITLKKIENMVLPELTDEFVAKFGPNTKSVADLRAEIRKNMERELKNALVSRVKQQVINGLIEQNPIDVPASAVEEEINVLRNQAAQRFGGNAQQTAQLPRELFEAEATRRVQVGLLFSEVIKSNELKADEERAKAMIADIASAYEQPAEVVEYYSKNEELMNNIRNVVLEEQAVDAVLAKAQVTEKVSSFDEIMNPQA,length1,1296
-1,994088,994070,18,MKKVRK,length1,18
-1,993722,993713,9,MHE,length1,9
-1,993620,993611,9,MIV,length1,9
-1,993524,993479,45,MVWWMKSWLNVKGIQ,length1,45
-1,993383,993329,54,MNVLNFVTQCLKKVMMKT,length1,54
-1,993263,993164,99,MIMLLVKIMRKKCFLWQFIIIINACELTMKAMM,length1,99
-1,993077,993044,33,MYPLRWQMQPH,length1,33
-1,993029,993014,15,MWEKM,length1,15
-1,993008,992852,156,MYYRNFCKIVNTILKKQRKALFILMKLIKLAVNRKAHQLLEMFQERGCNRLY,length1,156
-1,992675,992603,72,MPKLKKMKNNNLFLNYSVKLNLMI,length1,72
-1,992528,992522,6,MR,length1,6
-1,992333,992276,57,MIYRLLRIYKKLSLMNRQL,length1,57
-1,992204,992057,147,MLMLIFNRQGEKKMLQSHVLMALFFTFPFKTDSILWQPKLLIKRKIRKK,length1,147
-1,991850,991784,66,MTLVQKRVKSYGQPVLKRVKQH,length1,66
-1,991682,991127,555,MTEETTVSKKRWYVLQAFSGFESRVALTLREYIKQQQMEDQFGEVLVPTEEVVENVAGKRRKSERKFFPGYVLVEMEMNDETWHLVKSVPRVMGFIGGTPDKPAPISKREADTILNRLEQNTDKPRHRNEYHPGEEVRVTEGPFADFNGTVEEVDYEKGRLKVSVSIFGRATPVELEFGQVEKIH,length1,555
-1,991121,991109,12,MIKI,length1,12
-1,990989,990986,3,M,length1,3
-1,990974,990224,750,MKTKVILTALLSAIALTGCANHNATKQASERNDSLEDFNRTMWKFNYNVIDRYVLEPAAKGWNNYVPKPISSGLAGIANNLDEPVSFINRLIEGEPKKAFVHFNRFWINTVFGLGGFIDFASASKELRIDNQRGFGETLGSYGVDAGTYIVLPIYNATTPRQLTGAVVDAAYMYPFWQWVGGPWALVKYGVQAVDARAKNLNNAELLRQAQDPYITFREAYYQNLQFKVNDGKLVESKESLPDDILKEID,length1,750
-1,990116,990089,27,MFKRLILAI,length1,27
-1,989921,989840,81,MILLRLMQNTNVSLKKIIILTSLLVLA,length1,81
-1,989816,989807,9,MWD,length1,9
-1,989729,989660,69,MFLTALFVYLLIAKILHYTLNFL,length1,69
-1,988565,988520,45,MTNIFTNKHDRFWAT,length1,45
-1,987695,986276,1419,MCFSGTMLVPAFVALIYGDGGGKAFMQAFMLSLTAGTLLWWPCHHHKQELRSRDGFLIVVAFWLVLGSLATLPLLLFDSPHLTIASAVFEAFSGLTTTGATVMTGLDNLPKSILFYRQFLQWLGGMGIIVLAVAIIPLLGIGGTQLYRAESSGPLKDQKSLPKISEVAKALWIIYASLTVLCAIAYWLSGMNLFDAIGHSFSTISNGGFSTHDASIGYFNQASIYWVTTIFMLIGGVNFSLHISAFLALGKRNIWRNYWKDPEFRFFLTMQIIFIGIVSLSLYGYGLVSDINEAVTKGALQLTSMSMTAGYTIFDIDNLPPFIGLLLVISAVIGGCGGSTTGGLKAIRTLILWKQIDRELHSLIHPNLVQPIRIGKNRLAPRMIESIWAFFIIFILVYWGCVFAVILCGMNTFDAMGAVFATLTNAGPGLGFIHESFIGVPESAKLVFSFAMICGRLEMFSLIVLFIPSYWKK,length1,1419
-1,986147,986075,72,MHRTQRRTVVKFFKFPSASLFFAL,length1,72
-1,985697,985691,6,MP,length1,6
-1,985541,985469,72,MGGTLTQPCRVNEEGLRVVKFFRY,length1,72
-1,985457,985451,6,MC,length1,6
-1,984968,984917,51,MWFNSMQREEPYLLLTS,length1,51
-1,984713,984620,93,MALTSRATHVLQWRIQREAKLRGGANLIKYV,length1,93
-1,984554,984545,9,MSR,length1,9
-1,984437,984419,18,MTGVKS,length1,18
-1,984320,984275,45,MSRRKHYPWVCSSGG,length1,45
-1,984143,984011,132,MMKWGYSSAGRAPALHAGGQRFDPAYLHHLSSLNKLEKDKLIKY,length1,132
-1,983003,982997,6,MG,length1,6
-1,982976,982868,108,MGQRLIFCSEVNRIGEPKGNRVLTGRLVARYRPETR,length1,108
-1,982808,982796,12,MLKN,length1,12
-1,982790,982772,18,MTCGWG,length1,18
-1,982646,982622,24,MQTTNTKE,length1,24
-1,982184,982175,9,MLT,length1,9
-1,982019,981962,57,MWGRSRLGYRTVGYVRLSW,length1,57
-1,981917,981788,129,MMTRLYGAEVTDTTLPGKATKRKALLNRTENRHRWSGREYSGA,length1,129
-1,981608,981581,27,MPARCWKVN,length1,27
-1,981467,981461,6,MA,length1,6
-1,981404,981386,18,MRCTRG,length1,18
-1,981329,981305,24,MCRIGGSL,length1,24
-1,980060,980036,24,MVVWGFPM,length1,24
-1,979592,979175,417,MEESLELEKLPRIITDVLKIVLCTALIALAIVLIIALVKITYTLSMMVLNTSSVVPYDVAEQAVMFFLYFGFIGLIVQYFKSGYHFPLRYFIYAGITAMLRLIIVNHESSVDTILFAGAILIMVIALCLVLYSNKLKNI,length1,417
-1,978659,978641,18,MIITVN,length1,18
-1,978596,978569,27,MTRLLIPPS,length1,27
-1,978431,978392,39,MGFRAKINFYREF,length1,39
-1,978161,978140,21,MFSIFAN,length1,21
-1,977684,977645,39,MLNFLIALVHLHK,length1,39
-1,977312,977186,126,MFHQNLHSKPVIHRLCLQAVTVFALSHFDPHLKAKEVVLNLD,length1,126
-1,976970,976883,87,MLFPLFCLQLIVPVELYFLVQFLNSVLIV,length1,87
-1,976724,976700,24,MLYPFFSQ,length1,24
-1,976373,976337,36,MSHFFAFILPKW,length1,36
-1,975974,973766,2208,MGSFGSISQTSSSDLDTWICVRDGLSPDEYTLLTQKAKRISEWAMQFNVEINFYLMDQQRFRNEHYADPLTIENSGSAQYMLLLDEFYRSAVRLAGKPLLWLHLWVENEKDYEKQVARLITEGEIDPNDWVDFGGLGQFSANEYFGASLWHLYKGIDSPYKSVLKILLLEAYSKEYPNTCLIARTFKRDLLSGNTNPDHHFDPYIAILAKVTQYLTALSEFKRLDFVHRCFYVKATEDFARYQANNWRIRYMEILAQEWGWSAETVKHLNKRPFWKIKAVKENHDNIMKFLMLSYRNLVEFARKHHIHSSVVPQDINILSRKLYTAFEELPGKVSLLNTQISHNLSEAHLTFVEVRGNKHFKDGWYLINQPIHHIMFSKERVIEYGESLNKLVSWAYFNHLLTEKTELSIFSKNVTLSTLQRFVTNLRQSFPSTIAKQPKNSDLLNQCEIRSLFIAINLTTDPTSKVEEVLTGISSRDLFSFGSLEQSLVGSIDFTYRNVWNEIRTLHFEGQNAILLALKVLSNKIYRGVNRPDSIQVYCYSERYRQDLRQLVMGLVNRCVSIQVGDIQQPCQTSRLRVAGKNWQLFFEDRGISLQEIGNESVCNDAESAVDFDEVLQTPIEDGETNQESRRYPPEMDAFASEGFLQFFFEDNSDHSFNVYILDESNHLEIYRHCDGEKDEKVREINQLYQNAKQEGDKNPYNIVQHNFNYPQFYQLQNGKNGISIVPFKFRQMNK,length1,2208
-1,973592,973511,81,MGAQSRPYRTNADRTTKLSFFAGCHLS,length1,81
-1,972698,972695,3,M,length1,3
-1,972656,972572,84,MCGNIFAKKPKNLLKTNLCLLVFFTLQF,length1,84
-1,972257,972254,3,M,length1,3
-1,972206,972173,33,MQQVLLWVKHL,length1,33
-1,972164,972140,24,MMFQFCKG,length1,24
-1,971981,971948,33,MPQRLACQLEL,length1,33
-1,971888,971879,9,MME,length1,9
-1,971630,971594,36,MKFIRQHKPLNP,length1,36
-1,971573,971531,42,MAFCVHITLITLPS,length1,42
-1,971498,971417,81,MLKSLFMAVVVWQKPLWLPLKIQVLRN,length1,81
-1,971366,971342,24,MATHTLIL,length1,24
-1,971312,971294,18,MLRQSA,length1,18
-1,971240,971219,21,MLVSRLM,length1,21
-1,971183,971141,42,MLKHEENKLFLVQK,length1,42
-1,971084,971078,6,MN,length1,6
-1,970274,970184,90,MVWLTNNDYFVAVDDWDSLYYFQTKTSSQF,length1,90
-1,969098,969071,27,MCYCDGCPC,length1,27
-1,968900,968768,132,MKAIYIFFRIDTFNNSFRINLFWQGELHQNTVNIFICVKLVNNR,length1,132
-1,968603,968585,18,MGYFIC,length1,18
-1,968510,968507,3,M,length1,3
-1,968471,968456,15,MIFLQ,length1,15
-1,968225,968216,9,MRP,length1,9
-1,967967,967793,174,MAITTKQINGRIKEKFTAGSPITSPWSIIIPCSGGINAPPTIAITKPAAPNVDSSFKP,length1,174
-1,967775,967499,276,MVGNIKDIKPEVKIRQYRPHTPSIKITPRILKKPPIAKSISINSAFKYFINAVLIKRLLIKIAIAMMLKFCPSALVKPKRSAYCTINVQHII,length1,276
-1,967364,967322,42,MIINTATTTKPSAM,length1,42
-1,966803,966695,108,MSLANPQRANKLVISTKGTMNFFSKTLAFIMFSSCK,length1,108
-1,966416,966347,69,MLHKVHKEYDLCRLRLPCNELQE,length1,69
-1,966236,966146,90,MVIYFLRVCHFHQHKQYFLSSLSDMAYLSG,length1,90
-1,965999,965930,69,MGVTPFLMIMLPYFAISPLTTTA,length1,69
-1,965321,965318,3,M,length1,3
-1,965282,965276,6,ML,length1,6
-1,964874,964844,30,MSTRNDRYGI,length1,30
-1,964772,964760,12,MVIT,length1,12
-1,964577,964574,3,M,length1,3
-1,964280,964268,12,MIIR,length1,12
-1,964232,964187,45,MRGKNLSFFIYRNGA,length1,45
-1,963962,963941,21,MHTDWNA,length1,21
-1,963905,963857,48,MTVSRYTVICSPICHD,length1,48
-1,963764,963749,15,MYILR,length1,15
-1,963512,963485,27,MFSRSIKCS,length1,27
-1,963467,963368,99,MNESTFRSPSSNTLNRILTPISTHICENLSFAS,length1,99
-1,963362,963353,9,MPK,length1,9
-1,963236,963182,54,MISPMTLPLKTCCNGIMT,length1,54
-1,962696,962594,102,MTSKGGSQVNRTWAFRTVKSPNCFRHVRIHINGF,length1,102
-1,962453,962435,18,MTNMCL,length1,18
-1,962213,962150,63,MIRKTVRNEILLQNCEADHKN,length1,63
-1,961769,961736,33,MLHILLNKLRQ,length1,33
-1,961517,961301,216,MNLNLWFYYSLLLRGFGAISLCSLICSNRDEWFPPKYHNAVQVLLRWLFLVDLPIVKLIHHDNSSLFPIRWI,length1,216
-1,960491,960464,27,MAGGNASSF,length1,27
-1,959492,959456,36,MYWPIRSYWTKT,length1,36
-1,958352,957695,657,MALIEYNPPLEPYLDIIYQDNHLCVVNKPSGLLSVPGNQPQYYDSAMSRVKEKFGFCEPAHRLDMATSGIIVFALSKAADRELKRQFREREPKKHYQAIVWGHLEKDYGEVNLPMICDWENRPRQRLDFVLGKRAVTKFEVLARLPNNSTRVKLTPVTGRSHQLRLHMLALGHPILGDKFYSHPQAKAMSPRLCLHAEELTITHPITGETMTFNAKSDF,length1,657
-1,957389,957383,6,ML,length1,6
-1,957362,957299,63,MCKIMCLAPLSLGFLVLYMRF,length1,63
-1,957293,957272,21,MYLYVIN,length1,21
-1,957170,957149,21,MLHIFQA,length1,21
-1,956312,956309,3,M,length1,3
-1,955862,955814,48,MFTYGESLSSTNTPSS,length1,48
-1,955715,955529,186,MFNFFGFSTISNTVERRLFASFNLIKPCFSRRINARPRFVGSLGTTTLAPSCNSFTFLIFLE,length1,186
-1,954782,954755,27,MALHKYSME,length1,27
-1,954677,954656,21,MEWNAQY,length1,21
-1,954542,954533,9,MQS,length1,9
-1,954464,954446,18,MLPRNH,length1,18
-1,954383,954347,36,MASSSPSTSAMV,length1,36
-1,954221,954059,162,MIGYALLCFGVSVRFSKYSSGRLMWKVERINSCANSVLGFAKISPTVPCSTRRP,length1,162
-1,954053,954041,12,MTAT,length1,12
-1,953864,953822,42,MATRCFCPPERLLG,length1,42
-1,953351,953279,72,MSICQIIFFRQISYDLYLLIAWIK,length1,72
-1,953237,952685,552,MNKAIFLDRDGTLNIDYGYVHEIDNFKFIDGAIDALRELKKMGYMLVLVTNQSGIARGYFSEDQFLQLTEWMDWSLAEQDVDLDGIYYCPHHSEGKGEYKEDCDCRKPKSGMLLQAIKELKIDPTQSIMVGDKVEDLKAGIGAKVKMNVLVRTGKPVTGEGEGIADYVLDSIVDLPRILKRLKK,length1,552
-1,952124,952118,6,MP,length1,6
-1,951968,951896,72,MGGTLTQPCRVNEEGLRVVKFFRY,length1,72
-1,951884,951878,6,MC,length1,6
-1,951395,951344,51,MWFNSMQREEPYLLLTS,length1,51
-1,951140,951047,93,MALTSRATHVLQWRIQREAKLRGGANLIKYV,length1,93
-1,950981,950972,9,MSR,length1,9
-1,950864,950846,18,MTGVKS,length1,18
-1,950747,950702,45,MSRRKHYPWVCSSGG,length1,45
-1,950570,950438,132,MMKWGYSSAGRAPALHAGGQRFDPAYLHHLSSLNKLEKDKLIKY,length1,132
-1,949430,949424,6,MG,length1,6
-1,949403,949295,108,MGQRLIFCSEVNRIGEPKGNRVLTGRLVARYRPETR,length1,108
-1,949235,949223,12,MLKN,length1,12
-1,949217,949199,18,MTCGWG,length1,18
-1,949073,949049,24,MQTTNTKE,length1,24
-1,948611,948602,9,MLT,length1,9
-1,948446,948389,57,MWGRSRLGYRTVGYVRLSW,length1,57
-1,948344,948215,129,MMTRLYGAEVTDTTLPGKATKRKALLNRTENRHRWSGREYSGA,length1,129
-1,948035,948008,27,MPARCWKVN,length1,27
-1,947894,947888,6,MA,length1,6
-1,947831,947813,18,MRCTRG,length1,18
-1,947756,947732,24,MCRIGGSL,length1,24
-1,946493,946466,27,MFVSEKNTH,length1,27
-1,946319,946265,54,MNWMLKLVKIRKNVSIKV,length1,54
-1,946211,946127,84,MKLKIQKLVVRKRYRWLLNLLISLKKVK,length1,84
-1,946061,946031,30,MKFLMNYWML,length1,30
-1,946028,945989,39,MRVKLLVNQINNL,length1,39
-1,945986,945977,9,MNA,length1,9
-1,945929,945863,66,MKAKMIYTALSSVWILINLGNL,length1,66
-1,945809,945794,15,MQSVY,length1,15
-1,945593,945518,75,MKWCVICLHMMTVNYLRKEKECVWI,length1,75
-1,945317,945308,9,MNI,length1,9
-1,945284,945263,21,MYFYGFF,length1,21
-1,944774,944759,15,MVVNQ,length1,15
-1,944696,944660,36,MTFYKEFNSMPI,length1,36
-1,944513,944192,321,MPKVPVRFLDDELDRIDRHLLKLLQCGLLNYSLMTYLLHRHQQNIEQYNPLQQLKVPVVCLRNQTFRKQALQHHKWLFLFLKCGQFRRCSCKPHTMLVGSYRSFLYR,length1,321
-1,943973,943970,3,M,length1,3
-1,943910,943895,15,MVVIR,length1,15
-1,943625,943616,9,MRA,length1,9
-1,943253,943196,57,MILDNRLLSLLSLIFFRKI,length1,57
-1,942602,942593,9,MLL,length1,9
-1,942590,942569,21,MDKMRWW,length1,21
-1,942554,942506,48,MANRFVTKFPHFVLMV,length1,48
-1,942443,942404,39,MELRRIFLILVRL,length1,39
-1,942347,942329,18,MCRQKK,length1,18
-1,942269,942203,66,MKHIVFLNGGMTFALNIPSLAV,length1,66
-1,942185,942113,72,MRRLWHLRQRQIMRLKKIFCGILI,length1,72
-1,941849,941840,9,MFK,length1,9
-1,941795,941603,192,MCALLPILIYHVALNLTIKKQVEQDVMICLPRRFCFMNQLITLGYKKFSSKNQKRHSVRLSSIN,length1,192
-1,941477,941468,9,MMA,length1,9
-1,941462,941450,12,MRKK,length1,12
-1,941405,941402,3,M,length1,3
-1,941333,941240,93,MALEKIKAKSIGSLLFVSLFIWVLRNRLLVN,length1,93
-1,941021,940934,87,MMRRCKKWHNICRQAILKCCKLMAWALSN,length1,87
-1,940874,940850,24,MRKIMTKC,length1,24
-1,940724,940709,15,MMLRL,length1,15
-1,940505,940433,72,MALNCFVLKTVETVTLYLGQLTRK,length1,72
-1,940349,940325,24,MKCALVLV,length1,24
-1,940295,940244,51,MRILSTRHKKVCKQPMM,length1,51
-1,940115,940049,66,MMLCSQRNRILPRILSLQKQLL,length1,66
-1,939998,939941,57,MRKLLRSWWSNSIYQSRKP,length1,57
-1,939872,939866,6,MN,length1,6
-1,939680,939659,21,MENIISM,length1,21
-1,939644,939641,3,M,length1,3
-1,939584,939503,81,MAKARFKSNVVLKWGIFSNWVKNTLKR,length1,81
-1,939479,939464,15,MVNHL,length1,15
-1,939398,939332,66,MMIAVSSGHQTKSPHSLWRLCQ,length1,66
-1,939257,939254,3,M,length1,3
-1,939245,939221,24,MIVKNAQA,length1,24
-1,938858,938840,18,MPMLLS,length1,18
-1,937742,937712,30,MFTISSKIWN,length1,30
-1,937667,937646,21,MRAYWFA,length1,21
-1,937439,937427,12,MEVK,length1,12
-1,937256,937241,15,MGNCK,length1,15
-1,936911,936818,93,MRKGVDWFPDCLTCTDCANKWRLPCFKSTLP,length1,93
-1,936425,936281,144,MGSCQKILDQISLKFEFCFLPKRYLSKLILQLVIDVLLGFPPQIWHLE,length1,144
-1,936074,936029,45,MRIVVLEHVIQGRCY,length1,45
-1,935792,935783,9,MRH,length1,9
-1,935741,935681,60,MVLQYHSLISDCLQSAVDFV,length1,60
-1,935633,935597,36,MEYHLRRIYWED,length1,36
-1,935519,935477,42,MSRNDTSSLLQVVQ,length1,42
-1,935408,935390,18,MLVNLE,length1,18
-1,935159,935132,27,MVLARWKVR,length1,27
-1,935045,935024,21,MRFSIRS,length1,21
-1,934676,934610,66,MPKKGIQIKLFLPTLTVRGCTI,length1,66
-1,934562,934541,21,MARLICF,length1,21
-1,934469,934430,39,MPTLLGFLKRIKE,length1,39
-1,934355,934334,21,MPYTKFR,length1,21
-1,934274,933563,711,MKHSYFISDLHLSETQPELTALFVDFMQNLAPQAERLYILGDLFDFWIGDDEQSALIQQVKDLIKSVSNQGVQCYFQHGNRDFLIGERFAKDTGVQLLPDYQLITLYDKKILLCHGDTLCIDDEAYQQFRRRVHQKWLQRLFLCLPLKVRVIIAEKIRAKSNQDKQAKSQEIMDVNQAFTAEKVQEFDVNLLIHGHTHREAIHQQEEFTRIVLGDWRKNYASILKMDESGEFGFIKD,length1,711
-1,933263,933245,18,MPRQVS,length1,18
-1,933149,933095,54,MLKHHSLIQCINARRNPL,length1,54
-1,933089,932933,156,MTFHLSDYPINRVFHLLQSQLKTQMLRQQYRNSSQIYRTHLTSVSQLLYRIR,length1,156
-1,932897,932879,18,MSLFHG,length1,18
-1,932825,932753,72,MKSMRQRLMHQRITCLALRQMVLC,length1,72
-1,932738,932696,42,MRKMLNQFRLLLLR,length1,42
-1,932660,932615,45,MLQIRRYLLTLQSYC,length1,45
-1,932447,932390,57,MHLNLLPHLVRIRNKSQAP,length1,57
-1,932285,932252,33,MVRLPYQQIQS,length1,33
-1,932162,932114,48,MCSLLPSLTLQRNIIR,length1,48
-1,931973,931967,6,MQ,length1,6
-1,931949,931865,84,MRHHRFHKWCKENAKYYQDQRQNQLLPE,length1,84
-1,931862,931805,57,MRDDQKKSHAFVLLELSAP,length1,57
-1,931784,931766,18,MKRVSI,length1,18
-1,930944,930935,9,MVN,length1,9
-1,930803,930773,30,MTLVNRLLRW,length1,30
-1,930743,930734,9,MCI,length1,9
-1,930653,930596,57,MMVSRWDTVGCFIPYQAVI,length1,57
-1,930566,930503,63,MRTVLMRWCVFPTVTKSLQEC,length1,63
-1,930395,930389,6,MR,length1,6
-1,930368,930365,3,M,length1,3
-1,930359,930281,78,MSVLMRLSVALAQLVVLALACLPLTQ,length1,78
-1,930239,930227,12,MVLC,length1,12
-1,930152,930086,66,MNKMMQAYCLVQSVLLMPLKMQ,length1,66
-1,929780,929678,102,MKNYINSSVQALQVSAQLKHSHKIAAGIPLIMIV,length1,102
-1,929651,929627,24,MRFHKKVA,length1,24
-1,929567,929495,72,MNLFGNSLAQQSYLKAKKMRLQAF,length1,72
-1,929471,929396,75,MLLLSVTKGLKADQVCKKCYTQPVT,length1,75
-1,929354,929273,81,MVASLAVHQACLLDMLHQKLLLAVQSA,length1,81
-1,929264,929219,45,MAILSTLIFQIVQLT,length1,45
-1,929207,929123,84,MMNSQHAEPNKIKKVGSQLTVNVKYLSL,length1,84
-1,928973,927434,1539,MKNLLTNPQPSQSDYINAIVKLGSRVYEAAQVTPLQKMGKLSERLHNNIWIKREDRQPVNSFKLRGAYAMISSLSEEQKAAGVIAASAGNHAQGVALSAKQLGLKALIVMPQNTPSIKVDAVRGFGGEVLLHGANFDEAKAKAIELSKEKNMTFIPPFDHPLVIAGQGTLAMEMLQQVADLDYVFVQVGGGGLAAGVAILLKQFMPEIKIIGVESKDSACLKAALDKGEPTDLTHVGLFADGVAVKRIGDETFRLCQQYLDDMVLVDSDEVCAAMKDLFENVRAVAEPSGALGLAGLKKYAKQNHIEGKNMAAILSGANLNFHTLRYVSERCEIGENREALLAVTMPEQPGSFLKFAYVLGNRAVTEFSYRYADDKRACVFVGVRTTNEQEKADIIADLTKNGFDVEDMSDDDIAKTHVRYLMGGRASNDNERLYTFEFPEQKGALLKFLETLQNRWNISLFHYRAHGADYGNILAGFQIEEREQAEFEQALAQLNYVFEDVTESKSYRYFLR,length1,1539
-1,927248,927215,33,MFHHSLAQVML,length1,33
-1,926999,926891,108,MLNLSDLNDRPMLQYLDDCLFSSSQFSMPRLAPPQC,length1,108
-1,926846,926813,33,MCNEKVLSNNG,length1,33
-1,926279,926261,18,MSSLQP,length1,18
-1,925823,925808,15,MLPMR,length1,15
-1,925619,925610,9,MPI,length1,9
-1,925394,925295,99,MLALLHRYRRQSVIAARSQTLWQASYLDLAESI,length1,99
-1,925034,924968,66,MHKPLMNPHQNHDLALLEYRYP,length1,66
-1,924500,924302,198,MVNHNVLLISTLLECNVLHLGDLYDLMLNKNDRQKILGKKRPHFQFRLRFLSTIFYPHRLAFPLIK,length1,198
-1,924143,924113,30,MGFLLLHLPR,length1,30
-1,923921,923861,60,MTLKILKMRLNFAVNIKAVL,length1,60
-1,923591,923480,111,MQQKAEIKRQKQNYMRVLMVAYNLVRQVYVVVYKLAQ,length1,111
-1,923384,923321,63,MAVKTLTFLPVTPLKLWRVQA,length1,63
-1,923273,923240,33,MLSNILIPLQV,length1,33
-1,923204,923186,18,MATKCI,length1,18
-1,923174,923126,48,MVAVKSFHQQIKTSQH,length1,48
-1,923072,923063,9,MWC,length1,9
-1,923060,923048,12,MMKW,length1,12
-1,923045,923018,27,MRTLQKLHH,length1,27
-1,922988,922949,39,MFIPLCMVLAMKF,length1,39
-1,922883,922865,18,MAHSQR,length1,18
-1,922778,922757,21,MTQMQTV,length1,21
-1,922739,922688,51,MHKATGNHYTVTWLAVS,length1,51
-1,922394,922358,36,MLMNLPKNLVLM,length1,36
-1,922190,922178,12,MADA,length1,12
-1,922130,921935,195,MRAVKIQKMQIAYWQNLMKVFVTFFAKILMANKTANCTMGCGYVKRCIDLLFAKGVVFGHKKSAP,length1,195
-1,921863,921767,96,MFSLFFLRFFFCIFCLLAIHIFNKQCIKVYWR,length1,96
-1,921671,921650,21,MRHLNIF,length1,21
-1,921467,921362,105,MWKIWSFKRHIFHINTLNLENGLLFFCCCNVLFLF,length1,105
-1,920780,920687,93,MENNRIFQHYLLIQVMESLPICCYITRRFNK,length1,93
-1,920495,920483,12,MLCL,length1,12
-1,920141,920135,6,MF,length1,6
-1,920054,920030,24,MIQNINVV,length1,24
-1,920027,919988,39,MIQNMQIFLLLPL,length1,39
-1,919874,919814,60,MENQWEWHIPLKLLCFLLVH,length1,60
-1,919790,919739,51,MAQRLPKVLYSMQVCVQ,length1,51
-1,919502,919412,90,MVTSSSLTMVQSLHLLTSIPQVQPKSVNTF,length1,90
-1,919325,919322,3,M,length1,3
-1,919163,919160,3,M,length1,3
-1,918998,918980,18,METLIA,length1,18
-1,917729,917594,135,MMPSVLFYEERSSDFSIVPFTVKQISVEIKWESVEANSSILSRTV,length1,135
-1,917507,917483,24,MPCNTDKR,length1,24
-1,917408,917405,3,M,length1,3
-1,917282,917276,6,MI,length1,6
-1,916526,916514,12,MGRV,length1,12
-1,916370,916241,129,MAEYSRFPLKVRRIKNAPQLRNILPIGQKFKLIPAAICGGTRP,length1,129
-1,915587,915521,66,MVVVSSFAPFDLKIRRPSSKYT,length1,66
-1,914264,914231,33,MEKCSFPKCTD,length1,33
-1,914207,914159,48,MESLKMCFLLQKRSDV,length1,48
-1,914066,914006,60,MLMEAKFRNAEMVLVVLLGL,length1,60
-1,913928,913910,18,MIIKFV,length1,18
-1,913763,913721,42,MIFKQQMLNSLVLC,length1,42
-1,913688,913556,132,MLVLCKSSTKNILSLEFMNVVLAKLKPVEVVLVQLLQLELCKAY,length1,132
-1,913547,913538,9,MSK,length1,9
-1,913502,913478,24,MVLVIHFI,length1,24
-1,913454,913442,12,MMGL,length1,12
-1,913403,913388,15,MGRFS,length1,15
-1,913196,913169,27,MQLHSLALL,length1,27
-1,913049,912914,135,MRGYGKSKLFWHFQSLQLHKNELEQRASLLKYKAQQYYLILPLVG,length1,135
-1,912827,912794,33,MQHRLNHYRLK,length1,33
-1,912728,912725,3,M,length1,3
-1,912365,912254,111,MKVCNFTSVISHYQTKILQLGYLWLAVHKVLKFISNR,length1,111
-1,911981,911939,42,MQSICILLNKKHRL,length1,42
-1,911933,911858,75,MKSLNYKHYCIMGQCFLNSSLQDIV,length1,75
-1,911585,911567,18,MVAVKH,length1,18
-1,911528,911510,18,MMRWII,length1,18
-1,911471,911360,111,MWSFICLHKRIQSIVAIKFLMPIGLLMAKNRINRCLK,length1,111
-1,911303,911294,9,MLQ,length1,9
-1,911252,911213,39,MDNIVFIKKMRTF,length1,39
-1,911129,911087,42,MKGQRGVGQNPKQV,length1,42
-1,910979,910970,9,MRL,length1,9
-1,910949,910925,24,MNLVAQHY,length1,24
-1,910907,910895,12,MKKK,length1,12
-1,910577,910424,153,MWGRVVYLMQCLNWYMMAGVEENSICVLFFVMKKVCRHWKFGVMNRKNVMY,length1,153
-1,910274,910265,9,MCY,length1,9
-1,910046,909965,81,MWLLLLLHWIATTAKQWQWANALQLPC,length1,81
-1,909833,909812,21,MRDFMKQ,length1,21
-1,909719,909701,18,MANKNQ,length1,18
-1,909653,909593,60,MYVKRLRHNFVPTKVYRVYC,length1,60
-1,909509,909503,6,MW,length1,6
-1,909473,909458,15,MQCKL,length1,15
-1,909194,909113,81,MIALRSAAAAINYSAKNALNYVVFGRN,length1,81
-1,909005,909002,3,M,length1,3
-1,908915,908852,63,MKWQQHLIVQALMQLTCICLI,length1,63
-1,908819,908687,132,MQWLLVAVSLTGMCLAQGVVGQNPSYLTRNYTSNSASFLSIQTH,length1,132
-1,908669,908657,12,MAVK,length1,12
-1,908552,908447,105,MKWLQFGLQEWLAHICPLRFPTGKGKLSLNQLNSL,length1,105
-1,908363,908306,57,MALWRALLQLQIWMGELLL,length1,57
-1,908210,908168,42,MQEWYFREINGVER,length1,42
-1,908009,907991,18,MKVELC,length1,18
-1,907949,907940,9,MKF,length1,9
-1,907736,907424,312,MFITPIFIINLEKSTDRKAYMQAQFEQLFSNNLIQEIHFFDAIYGKSNPNHPLFQRYNENKRLNAKGYPLTLGQLGCYASHYSMWEKCVELDYPIICGVVTIFA,length1,312
-1,907160,907154,6,MK,length1,6
-1,907124,907061,63,MVVLVKARRKGGFSGRNRLFC,length1,63
-1,907031,906959,72,MKSSGLLCVIMGRICENAPLFGGI,length1,72
-1,906656,906626,30,MIDDNVLAVF,length1,30
-1,905987,905981,6,MV,length1,6
-1,905945,905684,261,MRTLMEAKKTAIDWHREDIKAALAKKGWSLRQLSLKHGYSNGSTLKNALDRPWLKGERIIAEAIGVPAEVIWASRYEQRNHKKYADR,length1,261
-1,905558,905549,9,MVG,length1,9
-1,905510,905396,114,MPWHLYRKKFKLRFALNLQFLSLKPNPNLFPPISVRWN,length1,114
-1,905267,905246,21,MVAFLLI,length1,21
-1,905159,905129,30,MKRRIPLKND,length1,30
-1,905039,904961,78,MASMWQKPITIFRLNGMHVLQTSRYV,length1,78
-1,904850,904847,3,M,length1,3
-1,904817,904787,30,MMCGWVMVMR,length1,30
-1,904655,904391,264,MPCVMAWNATAYPQFITPITVGVRKTGCLMVILRGCCRVWGLITKQGFRAIHKGVGLLSGCIKRFYTKSVASLRLTTAQGRIKTRCDK,length1,264
-1,904259,904226,33,MNTTINTSTEN,length1,33
-1,904169,904022,147,MIWSLLRQWKQGIYSAQVHYVWHNVVGYNFSIIITLARNCSMLMGKRCK,length1,147
-1,903956,903947,9,MPN,length1,9
-1,903944,903866,78,MAINVMRSQCRLLRKHAKSVMHAARN,length1,78
-1,903848,903740,108,MRLMRNLTRLLRLSISKVLNCYAQNRKPNRKLPQFS,length1,108
-1,903692,903602,90,MSKGQKNESTRIKSVYGCAQDEPKTSGNLV,length1,90
-1,902741,902735,6,MP,length1,6
-1,902687,902669,18,MKWGLR,length1,18
-1,902663,902645,18,MCTLRR,length1,18
-1,902618,902612,6,MR,length1,6
-1,902579,902492,87,MCITWGVMWVDTKKRNLLWKVSVWFGENI,length1,87
-1,902345,902342,3,M,length1,3
-1,902174,902147,27,MGGKRCVLK,length1,27
-1,901925,901904,21,MERRLSP,length1,21
-1,901574,901529,45,MPFKSPLAPLYERGG,length1,45
-1,901316,901118,198,MCVIPREDRRSIMAKFVARFYCLVEAVVEAESNEQVLELCDLNVCDVNKLPHTITEIDDVVEVEEV,length1,198
-1,901100,901094,6,MI,length1,6
-1,900989,900974,15,MIAQV,length1,15
-1,900911,900908,3,M,length1,3
-1,900887,900839,48,MNGDEQDDRTRKSAVG,length1,48
-1,900761,900716,45,MLLFMWEMYRICCQG,length1,45
-1,900464,900341,123,MSNGEKIESSEIKNLTLFLTLSHFMNVGEEVNVIYLELFVV,length1,123
-1,900332,900317,15,MNLPK,length1,15
-1,900278,900194,84,MRKLSSLAMAEQKPVRHLTIKSKALEIF,length1,84
-1,900173,900152,21,MILCYEN,length1,21
-1,900113,900011,102,MYLYAVLQVTTLSFQYQLNQRALVGMASQQFRNV,length1,102
-1,899933,899930,3,M,length1,3
-1,899909,899885,24,MINSLNDS,length1,24
-1,899792,899789,3,M,length1,3
-1,899774,899765,9,MMT,length1,9
-1,899738,899657,81,MCKRHEIIKTHLQPIKSPLAPLYKRGG,length1,81
-1,899573,899552,21,MIMYQIT,length1,21
-1,899498,899483,15,MLMKV,length1,15
-1,899453,899447,6,MV,length1,6
-1,899390,899387,3,M,length1,3
-1,899360,899336,24,MPLPYLPQ,length1,24
-1,898772,898745,27,MMKPIVNYW,length1,27
-1,898703,898685,18,MNCNRC,length1,18
-1,898568,898484,84,MVYRKNMPMVLRNVRLKWILCIGCSRGS,length1,84
-1,898454,898406,48,MIGIKKHCKMKLSGVN,length1,48
-1,898007,897959,48,MVRAISKYIYISIYVE,length1,48
-1,897707,897665,42,MSFSYYEILRLKRF,length1,42
-1,897365,896939,426,MVESLEDVAELLPETVQQMVDLVGFAAVEKIITNFGGATFRFTDGVHYFPKLKALIGLESAVKLREVFRGEWLYIPRCQTALRVLRNYRFKADYDYLTQHLNKSGRMAMLELCPKYQLSDRSGWEILAQVRHPEEPHNLALF,length1,426
-1,896648,896633,15,MRQDA,length1,15
-1,896264,896219,45,MHGVMYLEGNRLQPK,length1,45
-1,895907,895652,255,MSMQIILAGLGIFALLGAYVMFKLKHAHREIEQLLKTNAQLQTQKAVAETQVKHFEVRKKNEENTRNTRRDDVINRLQQSGDLRD,length1,255
-1,895526,895271,255,MIDDKVFIGIGTTLIMTLVGWVWKSVNDKVAENEHAIKALEKQMQQDFQSKELAEVKDKHFESILKEVRDQLKEINQKLDKKVDK,length1,255
-1,895214,895205,9,MPN,length1,9
-1,895202,895187,15,MRFWF,length1,15
-1,895139,895112,27,MILILAWQR,length1,27
-1,895001,894500,501,MAHDEKTKADVRRYYVFDCLTLEIAAEKAGVSYNTARRWKREAEAKGDNWDKVRDANTMASGKVEDVARGMLTSFVLYFENTMNEIKRAEALPVSEKAKLIQGLGDSYSKMVASSKRLLPEVSEMATAIKTITMFGDYIQANKPELINEFADLLEGFGKALDKEFKA,length1,501
-1,892685,892664,21,MKVRLIF,length1,21
-1,892652,891032,1620,MGFLDKVKNLLKGNETELTQTDEAEVTASGRVLDDHPSAKITPSKLKQILEDAENGDIQAQHQLFMDIEEQDSSIAANMMTRKRSVLTLDWRIVEPRNATPAEEKLQAEIDELFYQYPNLEDLFIDLMDAVGHGFSALEIQWAQVDGKWVPKGFKPCPQSWFKLDKEDSLLLRTPANQMGEPLRPFGWVVHRHKSRSTQLARDGLYRTLAWLYMYKHYSVRDFAEFLELYGMPIRIGKYGAGATNAEKRTLLRALAEIGHNAAGIMPESMQIELHNVANAGAASGNNPFLQMVDWCEKSIARLILGQTLTSGADGKSSTNALGNVHNEVRRDLMISDAKQIAQTITQQIILPYLQINVDPNIAPHRIPYFEFDTKEYEDLSVFAEAIPKLTGIGVQISESWVRDKLGIPEPQEGELILSTPQGEKTDEKTTALSAVFNHGKDCTCGCRAAVLSAQNGKKDEQDELDGLIDDALANADFNQQLDPMMKQIVGVIMASESYDEAQEKLIALYPDLTSESHQAYLASAVFLADLLGAANAERT,length1,1620
-1,889769,889754,15,MEKGI,length1,15
-1,888911,887876,1035,MKLTVAACSFEINKAKYGRIQLLPYGKFRAADGRPTDVEAWYVTDTNGADVVALANNQRNPLPIDYEHQIIHSLKNGKEAPSAGWMEYFYFTPQGIFADVRWTDKAADYIKNGEYRYISAVFAYDTEGYVRKIFHAALTNTPALDGMEEAMVAASVNLLQEDNPMDKKLLAALCTLFVLKADASEADITEKVTALSAAKGDSSVDVLDVYAKLAEKERSVAALSTQVGNPDPAKFVPVDQVAALQADFNALKTSVEADKKAALITAALSQGKLAPALKDWAQSLSVEALSAYLEKAPAMAALSGEPQAKGDPEQKVVALSAAESAAAKALGLSEKDYMATYKEQK,length1,1035
-1,887834,887801,33,MKPLKKTLQAV,length1,33
-1,887528,887522,6,MI,length1,6
-1,887480,887336,144,MTGRISLMTIILFLRKSMAQAIKPRKVILPKAVQQENQRFICWIRRMP,length1,144
-1,887216,887165,51,MQVLHSGNLLIVWKTAN,length1,51
-1,887156,887150,6,MS,length1,6
-1,887111,887096,15,MAASC,length1,15
-1,887003,886997,6,MC,length1,6
-1,886904,886850,54,MTRRKLWQRNRKTRQTMK,length1,54
-1,886793,886769,24,MTRPKVMM,length1,24
-1,886751,886745,6,MR,length1,6
-1,886712,886652,60,MVAAAIVLTKKVQWKFQLKT,length1,60
-1,886481,886397,84,MTICLMLHCLIAQAKLMVIWQHVIPSLL,length1,84
-1,886394,886343,51,MYHKTWCDFVVIWLVIV,length1,51
-1,886328,886325,3,M,length1,3
-1,886220,886193,27,MMPTNTTMV,length1,27
-1,886031,885497,534,MCLVTFGGARIERMGTNLKRHQSTANFVIIVAVNSLRSNIAARQGGADKREVGVNQLITAVRRLLDAQTLGQLVKPLKPTRVRTLFNNATFKGGAITAYAIEYDAVYEDLSPLEDGRYPEMTQDSKNPDYLFTHYHGELSPPDPMLERIGNNIYDPISGAKVPFEVETQNESESSNRH,length1,534
-1,885266,885260,6,MQ,length1,6
-1,885242,885227,15,MSKTS,length1,15
-1,885206,885161,45,MQQKHLAHRHRFIRM,length1,45
-1,885158,885119,39,MQKIHLVLGLGLT,length1,39
-1,885092,885086,6,MP,length1,6
-1,884999,884909,90,MQGCLKLSLVVLIMRWQSLNRKLLPTLPPV,length1,90
-1,884906,884900,6,ML,length1,6
-1,884894,884786,108,MRGNIVLSVQQSMKVLLRLLRNVKAKLAMRLVSMPH,length1,108
-1,884777,884765,12,MIWQ,length1,12
-1,884762,884723,39,MFLPLQMVPKMPI,length1,39
-1,884660,884627,33,MIKMRKPCANI,length1,33
-1,884570,884474,96,MVRWQAVPLIPRKLMLTVLQWVGIKGRWNLMP,length1,96
-1,884459,884417,42,MGRLLQAKKTQLNR,length1,42
-1,884381,884363,18,MPLKHR,length1,18
-1,884252,884249,3,M,length1,3
-1,884246,884231,15,MILRG,length1,15
-1,884105,884090,15,MCSIV,length1,15
-1,884066,884006,60,MWMRTRVNCLLFAMAKIQIV,length1,60
-1,883985,883979,6,MW,length1,6
-1,883976,883943,33,MACTLSLTELI,length1,33
-1,883913,883859,54,MLEWRCLKWTARKLKSPI,length1,54
-1,883736,883628,108,MVQRLIGLVSVMRKSRYIRLIKKISVRLTLVALLPK,length1,108
-1,883577,883562,15,MRLKR,length1,15
-1,883472,883460,12,MCCP,length1,12
-1,883115,882992,123,MCHAEVAAWVASWQHSQGIKTQSEKGNTVHYNLMRRKTKGA,length1,123
-1,879314,879236,78,MKMILRWKWTVKPTIAGKVMILIVTF,length1,78
-1,879224,879155,69,MPLNLIWACLQIAQFYLIFREQK,length1,69
-1,879140,879128,12,MASW,length1,12
-1,879062,879008,54,MGVTVQVSLWIALPPLPM,length1,54
-1,878987,878981,6,MR,length1,6
-1,878897,878813,84,MWAKQLGMRQCVVRTRQACTCGLSQMES,length1,84
-1,878711,878633,78,MCRIGLAKSLFLHKATASKDKITKTI,length1,78
-1,878570,878510,60,MWITWKPCKNGRKNTLRTVC,length1,60
-1,878429,878387,42,MSFARNMLLMPFSF,length1,42
-1,878234,878198,36,MAAGWLRIKGTK,length1,36
-1,878063,878039,24,MKPCKMWS,length1,24
-1,877886,877859,27,MMKVALALY,length1,27
-1,877826,877820,6,MY,length1,6
-1,877736,877628,108,MVMVVWLCKVAVARALLVMYSKVVVALRPTATWRLV,length1,108
-1,877547,877412,135,MLKPCISFLFTSYLILSIWTERSARLPGTIQVNKSVRLPMQRISD,length1,135
-1,877382,877373,9,MGV,length1,9
-1,877304,877280,24,MPKKPCNP,length1,24
-1,877274,877217,57,MMDVRTKLLSIIPNHITVY,length1,57
-1,876974,876965,9,MDY,length1,9
-1,876527,876437,90,MGVIGGWRGCGLCLPVASWTWYGRYCDHIK,length1,90
-1,876203,876200,3,M,length1,3
-1,876068,875474,594,MMQTDHKKVLAKLYPPVSYDVNGERFLAQCEVDGNAFDRLQKSAVDLLQIIEPATSNTMLSDWERLCGIKTDYTNNYQARVKRVIAKLNAIGGLSIPYFKRIAESIGYRIEIKEFSSLANDLPTTGDLAQFRNEARDNLIFMWRVSVLNGDDNIVYFRAGSSFAGNHLVEFGDPIIEEFLRDLKPAHTYCYFAYQTGS,length1,594
-1,875468,873443,2025,MKSLMPQIDSNDGLFHNGNPATGEQGTRVTDTWLNDVQDRVRDLQAEAHYVLQKAEFTPKAETQTQLYQAIVKIIDDNRKTASLTQKGEVQLSSSTNSNSETKAATSKAVKTAYDKAVEAKTTADEKVGLNGNESINGEKTFENRIVAKRNIRISDNPHYASYGDHLNIGANNGDCWFEYKSSNREIGTLRMHANGDFTYKRNKIYHEGAKPQFNTDIEDKPDTLAGYGIGNFKVEQGQGDANGYKTDGNYYLASGQNLPENGEWHIEVVSGGATNAVRQIARKANDNKIKTRFFNGSNWSEWKDAGGDGVPIGAVVSFPRAVTNPVGFLRADGSTFSQQTFPDLYRTLGNHNQLPDLTHSDVGMTAYFAVDNIPAGWIAFDEIATQVTEQRYPELYRHLVGKYGSIERVPKVADRFLRNAGNSLSVGQTQEDELKRHVHRVPIDYDSWFDHSSQRRNNSYFDYTTFAQSSDLWSTLGYDNADGDNGFVSPKDTSQMATGGDETRPKSLILKLCIKALNSFDDVVFWIKSHGEVTNAGALDAGRLAQGLQDKAARNHTHAVSQITDFNQSVREIVTQSITQGFSQNLAETGWCKLPNGMILQWGKFNKGHGFVSNEQRLVTFPITFPNKVLFVGLTEFTNVWSYSTTVENRQRMTNSGFYVISQRNDSMYFALGF,length1,2025
-1,873428,872804,624,MYYYDKKTNGFLVQGVNLIPEGVINITDEYYQQLLRGQSQGKQIIVDKAGNPILIDQQPSAAHQLNLDTLTWEISAEKQTALLAETQTRLVANIDEHAAKIYSTWTRFESEYRERQAAAEAFKAANYGGECSRYISDFAQRARLDNKTATNLILTQAAGLEKLQVELANQRMRKYELKAPNLTLEQLQSIHDDIIKQMDNLMEEYQNG,length1,624
-1,872558,872540,18,MGFNPT,length1,18
-1,872252,872225,27,MLVVTSYAE,length1,27
-1,871637,871604,33,MHQNYSKLQRI,length1,33
-1,871121,871076,45,MKKASRDHEAFVLVF,length1,45
-1,871001,870974,27,MPVFHKPHI,length1,27
-1,870893,870869,24,MFFHGNKG,length1,24
-1,870707,870698,9,MDG,length1,9
-1,870683,870680,3,M,length1,3
-1,870479,870446,33,MQKVLRTYILY,length1,33
-1,870440,870413,27,MMLNLKIIS,length1,27
-1,870194,870191,3,M,length1,3
-1,870152,870146,6,MQ,length1,6
-1,870125,870113,12,MMAR,length1,12
-1,870098,870071,27,MRNKRNGDH,length1,27
-1,869963,869945,18,MFIFKY,length1,18
-1,869717,869693,24,MAEPCFLA,length1,24
-1,869456,869315,141,MASRTIFLAVLTRSFTCAADIPKCSPPSSIFTALTGCIGIWIKISLP,length1,141
-1,869129,869048,81,MKFFTALFIRIFINEPTLQDLLAFLYG,length1,81
-1,868817,868772,45,MRQLPYLSNVLRLLG,length1,45
-1,868649,868487,162,MFVFLQLFGVEQVPLFHVFLVRALLVQLVVFLDEVLVRLLLVHSIYLDLGLNFY,length1,162
-1,868442,868229,213,MLVVVFFVWKVDFGDSFVERESPFFVLQFVLALLLNYQSFQSELDLNADNKLSFALLLLDLGQTFVQSAMD,length1,213
-1,867893,867878,15,MMFFD,length1,15
-1,867644,867611,33,MQKIYSRVGVM,length1,33
-1,867545,867515,30,MNSTSHLPLF,length1,30
-1,867431,867401,30,MSVTTVLCKV,length1,30
-1,867338,867317,21,MIFLHQI,length1,21
-1,867287,867254,33,MTVVTQIFHLT,length1,33
-1,867095,867053,42,MLKLWILKFQQVSL,length1,42
-1,867038,867029,9,MIN,length1,9
-1,866837,866807,30,MGGSYHTHQD,length1,30
-1,866696,866651,45,MKPRRYRNFLPTPRE,length1,45
-1,866534,865400,1134,MLAKSSINAPFAKSVLAWYDKFGRKHLPWQQNKTLYGVWLSEVMLQQTQVATVIPYFERFIKTFPNITALANVSQDEVLHLWTGLGYYARARNLHKAAQKVRDEFNGNFPTNFEQVWALSGVGRSTAGAILSSVLNQPYPILDGNVKRVLARYFAIEGWSGEKKVENRLWALTEQVTPTMRVADFNQAMMDIGAMVCTRTKPKCDLCPLNIDCLAYKNANWEKFPAKKPKKAMPEKTTYFLILSKNGKVCLEQRENSGLWGGLFCFPQFEDKSSLLHFLAQEKVTHYQEWPSFRHTFSHFHLDIHPIYAEMESTLCVEQANLDWRKVMESTKEYQSNLSSAVKYWYDPQNPEPIGLAQPVKNLLIQFVRNHYGKNSIL,length1,1134
-1,865298,865292,6,MD,length1,6
-1,865133,864062,1071,MKKYLLLALLPFLYACSNSSNQGINYDEAFAKDTQGLDILTGQFSHNIDRIWGVNELLVASRKDYVKYTDSFYTRSHVSFDEGNIVIETQQDLNRLHNAIVHTLLMGADAKGIDLFASGDVPISSRPFLLGQVVDHQGQQIANQVIASNFATYLIQNKLQTRRLQNGHTVQFVSVPMIANHVEVRARKYLPLIRKAAQRYGIDESLILGIMQTESSFNPYAISYANAIGLMQVVPHTAGRDVFAMKGKGGQPSTRYLYDPANNIDAGVSYLWILQNQYLDGITNPTSKRFAMISAYNSGAGAVLRVFDNDKDTAIYKINQMYPEQVYRILTTVHPSSQARNYLLKVDKAQKKFRVRR,length1,1071
-1,864035,864023,12,MLAG,length1,12
-1,863561,863516,45,MAYQWRINEREPSYF,length1,45
-1,863420,863405,15,MVCSK,length1,15
-1,863084,863015,69,MGRFGGIQICPRNTPPNPAMRVP,length1,69
-1,862943,862928,15,MVLLS,length1,15
-1,862802,862799,3,M,length1,3
-1,862754,862742,12,MSLL,length1,12
-1,862466,862421,45,MDELFLHIECRTLAW,length1,45
-1,862400,862247,153,MQFYENGARHNQCIVDDQAPFADSQNIASLARRHRAFQIQIHARIPTQKWY,length1,153
-1,862127,862094,33,MEWCEFWLRTH,length1,33
-1,861278,860633,645,MNQSILSPFGNTAEERVLNAINAFKNGTGVLVLDDEDRENEGDLIFPAETITPEQMAKLIRYGSGIVCLCITDERCQQLDLPPMVEHNNSVNKTAFTVTIEAAKGVSTGVSAADRVTTIQTAIADNAVPTDLHRPGHVFPLRAANGGVLTRRGHTEASVDLARLAGFKEASVICEITNDDGTMARTPEIVEFAKKFGYSVLTIEDLVEYRLAHNI,length1,645
-1,860306,860285,21,MGFSIRK,length1,21
-1,860132,860126,6,MR,length1,6
-1,860090,860057,33,MCGIYCYSERG,length1,33
-1,858953,858944,9,MSI,length1,9
-1,856607,856586,21,MGGFMAT,length1,21
-1,856142,856073,69,MVNRPCGNFLHCINDDSGIFSYW,length1,69
-1,855275,855254,21,MAFNPSA,length1,21
-1,855206,855023,183,MPEALPAVTVPSFLKAGFNLAKPSAVVSALGYSSRETIMSPLRVFTITGIISLSNTPNCTA,length1,183
-1,854801,854660,141,MPPTTTISASPLIIDCAPNATLFRPDPHTLLIVKEGISFSIPAFNAA,length1,141
-1,854615,854423,192,MMTSLTNALSMLARLMASCITIAPKSTALTEDNAPLKLPIGVLTALTITTFSIFNSFSIRNINQ,length1,192
-1,854333,854276,57,MPKMAEPCSSIAHHRQLPL,length1,57
-1,854252,854234,18,MLEQQG,length1,18
-1,854228,854216,12,MVLG,length1,12
-1,854150,854132,18,MGKNLC,length1,18
-1,854054,854012,42,MGIALRSLLCFLWH,length1,42
-1,853877,853778,99,MPRLYRLRSGFLPFFQQVLHLYPIFYQMLDRAQ,length1,99
-1,853547,853541,6,MS,length1,6
-1,853538,853433,105,MQYRRRQSVRRSHCLLFSARLLLQTSHQRPNRSPS,length1,105
-1,853295,853241,54,MPFAYQNQVNSKSHYPTY,length1,54
-1,853193,853190,3,M,length1,3
-1,853133,853124,9,MSS,length1,9
-1,853004,852986,18,MRSMFF,length1,18
-1,852860,852821,39,MFHANNHFFCTSH,length1,39
-1,852713,852698,15,MTATN,length1,15
-1,852479,852476,3,M,length1,3
-1,852392,852380,12,MRLA,length1,12
-1,851993,851990,3,M,length1,3
-1,851474,851462,12,MILI,length1,12
-1,851438,851420,18,MCLNLH,length1,18
-1,851312,851300,12,MQKK,length1,12
-1,851285,851279,6,MI,length1,6
-1,851123,851117,6,ML,length1,6
-1,850988,850982,6,MS,length1,6
-1,850520,850475,45,MTICQANNVSDLETI,length1,45
-1,850004,849950,54,MKTACQYQLPLSKLKPTA,length1,54
-1,849923,849872,51,MAILQFKLLLVLKKRIV,length1,51
-1,849764,849761,3,M,length1,3
-1,849746,849734,12,MLKK,length1,12
-1,849731,849560,171,MLLVLLKVKVSKVVLNVGTSVLKMLHTVTLYHIVYLVLLVKTKHQVVCLKVKKWQDI,length1,171
-1,849512,849491,21,MLSVNCY,length1,21
-1,849461,849413,48,MAMLSLSRQLKHKSRR,length1,48
-1,849308,849125,183,MQQVRVKVLVRKKLVLKCLVRVKNLGVKKVQVVLVLVILNHQSGVLVVQPSRLNHKITAKK,length1,183
-1,849032,849011,21,MHQKLKF,length1,21
-1,848978,848972,6,MR,length1,6
-1,848951,848936,15,MKIYS,length1,15
-1,848909,848873,36,MYVMFKVSIQLA,length1,36
-1,848840,848834,6,ML,length1,6
-1,848492,847673,819,MAIVKCKPTSAGRRHVVKIVNPELHKGKPYAPLLDTKSKTGGRNNYGRITTRHIGGGHKQHYRLIDFKRNKLDIPAVVERLEYDPNRSANIALVLYKDGERRYILAPKGLSVGDQIQAGINSPIKVGNSLPMRNIPVGSTVHNVELKPGKGGQIARSAGAYVQIIAREGNYVTLRLRSGEMRKVLAECVATIGEVGNSEHMLRVLGKAGANRWRGIRPTVRGTAMNPVDHPHGGGEGRNFGKHPVTPWGVQTKGKKTRHNKRTDKYIVRRRGK,length1,819
-1,847358,847028,330,METIAKHRYARTSAQKARLVADLIRGKKVAQALEILTFTNKKAAALVKKVLESAIANAEHNDGADIDDLKVAKIFVDEGPSMKRVMPRAKGRADRILKRTSHITVVVSDR,length1,330
-1,846986,846974,12,MVFA,length1,12
-1,846863,846812,51,MLQFHVLLLSVQLKVFV,length1,51
-1,846761,846692,69,MLKNYVTQCLKSLAFLLKLTLLK,length1,69
-1,846674,846665,9,MRN,length1,9
-1,846287,845879,408,MLQPKRTKFRKVHKGRNRGIASGTEVSFGTYGLKAVGRCRLTARQIEAARRAMSRAVKRQGKIWIRVFPDKPITEKPLEVRMGKGKGNVEYWVALIQPGKVLYEMDGVSEEVARNAFALAAAKLPVKTTFVTKTVM,length1,408
-1,845834,845825,9,MLN,length1,9
-1,845498,845450,48,MSPSIKNQILDFSSCC,length1,48
-1,845039,844418,621,MKYILIHDLPYQEEEIGITEFYDENDLDTEADIYDRETFRILLGEYVTGLYLLDDTFIEPVLDNINIPNNVYSTNIFAIHHVAKHILGIKDLDKRLKSGDIELVRELGEVTIGGKEKYFYSFATKYCSHHNPIAFPIYDSYVEQDLLYFNKVDKFSAFKRKDLKNYRKFKEILIDFQRFYKLERFNLKELDLYLWLLGKEIFPKSEN,length1,621
-1,844337,844322,15,MRIFL,length1,15
-1,844184,844139,45,MGSSRKGVFLILTEH,length1,45
-1,843758,843755,3,M,length1,3
-1,843731,843722,9,MMK,length1,9
-1,843620,843599,21,MKNQFLH,length1,21
-1,843548,843506,42,MLRFSILKQIKLTV,length1,42
-1,843455,843431,24,MKLSNKLE,length1,24
-1,842873,842570,303,MAKQSMKARDVKRVKLAEKFYAKRVELKKIISDVNASDEDRWDAVLKLQTLPRDSSPSRQRNRCRQTGRPHGVLRKFGLSRIKVREAAMRGEIPGLKKASW,length1,303
-1,842531,842141,390,MSMQDPIADMLTRIRNGQAANKVAINMPSSKLKVAIANVLAAEGYIESVKVLEGAKPELEITLKYFQGKPVVESIQRVSRPGLRIYKRKDELPKVMGGLGVAVISTSKGVMTDRAARQAGLGGEIICYVA,length1,390
-1,842123,841592,531,MSRVAKAPVNIPAGVEVKLDGQLLTVKGKNGELSRKIHESVEVKQDNGQFTFTPREGFVEANAQSGTARALVNAMVIGVTEGFTKKLVLVGVGYRAQLKGNAIALSLGYSHPVEHTLPVGITAECPSQTEIVLKGADKQLIGQVAADIRAYRRPEPYKGKGVRYADEVVRIKEAKKK,length1,531
-1,841223,841217,6,MR,length1,6
-1,841208,840710,498,MSNIEKQVGELQEKLIAVNRVSKTVKGGRIMSFTALTVVGDGNGRVGFGYGKAREVPAAIQKAMEKARRNMINVALNEGTLQHPVKGVHTGSRVFMQPASEGTGIIAGGAMRAVLEVAGVRNVLSKAYGSTNPINVVRATIDALANMKSPEMVAAKRGKTVDEILG,length1,498
-1,840701,840524,177,MAKTIKVTQVRSSIARLPKHKATLRGLGLRHMHRTVELIDTPAVRGMINQVSYMVKVEE,length1,177
-1,840518,840086,432,MRLNTLSPAEGAKHSAKRLGRGIGSGLGKTGGRGHKGQKSRTGSGVRRGFEGGQMPLYRRLPKFGFTSMKSAVTAEVRLNELTKVEGNVVTLETLKAANILTKDIQFAKVILAGEVKSAVTVRGLRVTKGAKAAIEAAGGSIEE,length1,432
-1,839207,839192,15,MVWAK,length1,15
-1,839180,839171,9,MVK,length1,9
-1,838931,838892,39,MFSSLYYDIGLGC,length1,39
-1,838097,837710,387,MAKTPVRARKRVKKQVVDGVAHIHASFNNTIVTITDRQGNALAWATAGGSGFRGSRKSTPFAAQVAAERCAEIVKEFGLKNLEVMVKGPGPGRESTIRALNAAGFRITNITDVTPIPHNGCRPPKKRRV,length1,387
-1,837680,837062,618,MARYLGPKLKLSRREGTDLFLKSGVRAIDSKCKIDTAPGQHGARKPRLSDYGSQLREKQKVRRIYGILERQFRNYYKEANRLKGNTGENLLVLLEGRLDNVVYRMGFAATRAEARQLVSHKAIVVNGRVVNIPSFQVSVNDVVAIREKSKKQARIKASLELAEQREKPTWLEVDSAKMEGVFKRVPERSDLSADINEHLIVELYSK,length1,618
-1,835910,835862,48,MKSLRLLCLKLKNYAV,length1,48
-1,835760,835754,6,MN,length1,6
-1,835682,835658,24,MHQWHTLS,length1,24
-1,835328,835307,21,MASIIRS,length1,21
-1,834722,834710,12,MRKC,length1,12
-1,834683,834533,150,MCFTKSLNCTMFWTSSVTCKAKLTDFTLFGKKRFRCTKILLFSIIIKELY,length1,150
-1,834485,834413,72,MIATINIAILFNNQLIAAGFTKNT,length1,72
-1,833978,833966,12,MKYD,length1,12
-1,833963,833954,9,MNF,length1,9
-1,833939,833141,798,MAFSTIFILLICGICTNMVSAIFGIGGGVLMVPILRTLFPALPIQVISATSLTIVMCTALINLLFFHKQKIKIDYINMILWSIAMVIGVQIGFELSFYFSTAIISLIFTVSLSALAIKTFLNRSRIQIEVFNMSPIERAKGSISFCGGGLIAGIGGGSILAPLVGQLKGVKTQQIAVYTNYMMIIGGIGNLYGYLTRAFPYDISLSGQLGYVNFLVVGVVTLGSFGMSFFSMKLRGLMNPVLTRKLLAIILFCIAAYMCILEFVFH,length1,798
-1,832955,832934,21,MLVRQFH,length1,21
-1,832775,832769,6,MP,length1,6
-1,832487,832469,18,MVRQNQ,length1,18
-1,832397,832385,12,MIER,length1,12
-1,832010,831980,30,MHDISEGYFR,length1,30
-1,831749,831746,3,M,length1,3
-1,830723,830714,9,MKR,length1,9
-1,830345,830267,78,MNGFRITTTFKVKDTNIIPTVFIISD,length1,78
-1,829910,829826,84,MCLPRYFSDNTYCNTVVFARTTETINYK,length1,84
-1,829430,829406,24,MDVNIKKC,length1,24
-1,829166,829157,9,MQN,length1,9
-1,828680,828641,39,MLSVMGHRLEFVR,length1,39
-1,828539,828530,9,MYQ,length1,9
-1,828527,828410,117,MFYLSEPILHELHDVGKDNGKVCHCLEYSLVDWSLIIPN,length1,117
-1,828233,828146,87,MAIRHLLHNVCLSKIGEKESRKRHLPLLH,length1,87
-1,827819,827684,135,MLMNQLLSPFCPELTHKHQDFSFVALMMNQKSHDRIVPRNLLLRC,length1,135
-1,827420,827396,24,MPYTNGQK,length1,24
-1,826973,826964,9,MSH,length1,9
-1,826640,826589,51,MKCFNGFFFNEHINSIG,length1,51
-1,826073,826052,21,MVFDSIF,length1,21
-1,826046,825983,63,MCYQHNFFYASSYTFIYHVLN,length1,63
-1,825104,825095,9,MRC,length1,9
-1,825077,825068,9,MAF,length1,9
-1,825041,824975,66,MPAATAFSVIILNKPISPVRFA,length1,66
-1,824777,824693,84,MASGCAKSKRKALSETSEPFCTTCKPRI,length1,84
-1,824567,824480,87,MCPNTCPYFWVSFTLKVTPCVLKYPLSPI,length1,87
-1,824219,824171,48,MLRSRHTSAVKSNGKP,length1,48
-1,824132,824117,15,MPSFT,length1,15
-1,823436,823385,51,MRIMRSAGTPTSLFQIL,length1,51
-1,822689,822674,15,MMSRH,length1,15
-1,822158,822104,54,MRTPMPLYCSGTSASSEI,length1,54
-1,822077,822041,36,MPISSIRCLSCP,length1,36
-1,821933,821813,120,MPKSTNPWVLIRITSSLACLMELPGISNSIARFCAFKTNS,length1,120
-1,821639,821630,9,MEL,length1,9
-1,821201,821123,78,MAFSTCSVFSNNSAAFGSLKPVKYQK,length1,78
-1,820577,820547,30,MLLGKRDYHC,length1,30
-1,820283,820136,147,MNLIYRSCNDIFIINNGLFKFKLCPLIILLACFLNSAVILPFRMIRRIW,length1,147
-1,819941,819905,36,MIVTFCCLLIPL,length1,36
-1,819776,819740,36,MFTHVTALRCIF,length1,36
-1,819725,819716,9,MIR,length1,9
-1,819599,819593,6,ML,length1,6
-1,819590,819587,3,M,length1,3
-1,819515,819485,30,MKLVLSLITT,length1,30
-1,819398,819365,33,MSGIILYLTTQ,length1,33
-1,819089,818996,93,MRCKCDNTATKTAARHTCTATFANNKLNQFN,length1,93
-1,818852,818831,21,MTSTFCC,length1,21
-1,818231,817964,267,MIISYCTRNGRTKINCARHNKAVVVIGMFADDIYSTRGIDGNFWQIFMLSIENLLSILDWGHISILYIKSILDLHHSLLKLKRGTDYII,length1,267
-1,817748,817694,54,MGKRFQRDCRIWSSIFSK,length1,54
-1,817622,817604,18,MFQMAK,length1,18
-1,817283,817247,36,MAMFYYDRERNK,length1,36
-1,815705,815642,63,MDHKFIIFYVIIFIFANLLID,length1,63
-1,815120,815099,21,MESESSS,length1,21
-1,814652,814604,48,MGIKRPCCTHSLCWCG,length1,48
-1,814508,812990,1518,MTAQTQCQDSQVLLTMTNVCKSFPGVKALDNANLTVRSHSVHALMGENGAGKSTLLKCLFGIYAKDEGEILFLGEPVNFKTSKEALENGISMVHQELNLVRQTSVMDNLWLGRYPLKGPFVDHAKMYRDTKAIFDELDIDVDPKEKVAKLSVSQMQMIEIAKAFSYNAKIVIMDEPTSSLSEKEVEHLFKIIDKLKQRGCGIIYISHKMDEIFKICDEITILRDGKWINTVNVKESTMEQIVGMMVGRELTQRFPEKTNVPKEVILQVENLTAKNQPSIQDVSFELRKGEILGIAGLVGAKRTDIVEAIFGVRELIEGTIKLHGKTVKNHTALEAINNGFALVTEERRSTGIYSNLSIEFNSLISNMKSYLTPWKLLSTKKMKSDTQWVIDSMNVKTPSHRTTIGSLSGGNQQKVIIGRWLLTQPEILMLDEPTRGIDIGAKFEIYQLIQELAKKDKGIIMISSEMPELLGVTDRILVMSNGKLAGIVESAKTSQEEILQLAAKYL,length1,1518
-1,812978,812942,36,MNYECLRKKQIL,length1,36
-1,812381,812351,30,MDYVEQNSFR,length1,30
-1,811682,811658,24,MMKIKMMY,length1,24
-1,811181,811163,18,MLYLIW,length1,18
-1,810953,810935,18,MEIRNS,length1,18
-1,810851,810788,63,MESDNYQWLICYCFARRTISI,length1,63
-1,810518,810056,462,MSANFTDKNGRQSKGVLLLRTLAMPSDTNANGDIFGGWIMSQMDMGGAILAKEIAHGRVVTVAVESMNFIKPISVGDVVCCYGECLKVGRSSIKIKVEVWVKKVASEPIGERYCVTDAVFTFVAVDNNGRSRTIPRENNQELEKALALISEQPL,length1,462
-1,809063,809033,30,MGKYLAALRR,length1,30
-1,808964,808958,6,MA,length1,6
-1,808829,808811,18,MALLGS,length1,18
-1,808520,808514,6,MV,length1,6
-1,808121,808085,36,MVKSREWKISIR,length1,36
-1,807920,807911,9,MGA,length1,9
-1,807875,807857,18,MHFFKC,length1,18
-1,807788,807782,6,ML,length1,6
-1,807458,806876,582,MVQQKIANLLQGDFRYQIQYNWVSLENISPNIQLAVISSEDQRFFEHLGFDFEAIQRAIRYNEKSNKGIRGASTISQQTAKNLMLWHGQNWLRKGLEVPATMLLELTWSKKRILEVYLNIAEFGNGIFGVEAASRYYFKKSAKNLSQNEAALLAAVLPNPIIYKVNKPSLLVRKKQTWILRQMGNLGTEYLSDL,length1,582
-1,806870,806855,15,MQSNF,length1,15
-1,806687,806648,39,MYFKIVHTVMNTV,length1,39
-1,806567,806555,12,MRID,length1,12
-1,806267,806234,33,MIKRCDKRNNI,length1,33
-1,805835,805775,60,MTYVLLYHGHGYQDYNGEPS,length1,60
-1,805625,805583,42,MDVVYHLMLVLRYQ,length1,42
-1,805370,805352,18,MVQVYP,length1,18
-1,805328,805226,102,MKFDYHKVLDRCLNVALDRFQDCSVILQHSLLVN,length1,102
-1,805115,805091,24,MRGAPFSL,length1,24
-1,804965,804962,3,M,length1,3
-1,804506,804500,6,MV,length1,6
-1,804425,804386,39,MNGRRSCKYFSPR,length1,39
-1,804050,803975,75,MPPLVLNLNARQPPPVAITTALALI,length1,75
-1,803954,803864,90,MFIATIPRAWSSSTRISNTKCSSKRWICGY,length1,90
-1,803318,803279,39,MEKIVFCDLPQKS,length1,39
-1,802916,802838,78,MKKLEIAIIQNLLCWNGIDRTFICIV,length1,78
-1,802832,802826,6,MK,length1,6
-1,802823,802802,21,MICSNKF,length1,21
-1,802751,802748,3,M,length1,3
-1,802670,802559,111,MKIAIRYYSFYLVKSLSLKLEKNDLLPCIISLQHKQL,length1,111
-1,802484,802433,51,MVFTNLPMRKNNVIALN,length1,51
-1,802385,802364,21,MNAFLLP,length1,21
-1,802346,802328,18,MLQVSH,length1,18
-1,802280,802208,72,MTSFLLLWTMLKGKSAVKIVIIFI,length1,72
-1,802034,802025,9,MFG,length1,9
-1,801191,801116,75,MVLFSPCCETCGKGLSRWVSVTIPR,length1,75
-1,800975,800936,39,MPSLTCATVVASK,length1,39
-1,800591,800537,54,MLNVLVEYSLPNHNSVLP,length1,54
-1,800501,800399,102,MNQKVPLIQYCYHLKADLYNIQTLVFLPLEFALC,length1,102
-1,800114,800108,6,MQ,length1,6
-1,799622,799406,216,MAQHSKYSDAQLSAIVNDMIAVLEKHKAPVDLSLIALGNMASNLLTTSVPQTQREALAQAFSNSLINAVKTR,length1,216
-1,799397,799391,6,MD,length1,6
-1,799028,798998,30,MEFAGQSRKW,length1,30
-1,798884,798776,108,MAKRHWYILNHNIHRDAFNLCLGRCLFVSSDHYATL,length1,108
-1,797447,796457,990,MKSHVRSFKTYIRDEIIKKGGWVNAHAHADRAFTMTPEKIGIYHSSNLQQKWDLVDEVKRTSSVDDYYARFCQSIELMISQGVTAFGTFVDIDPICEDRAIIAAHKAREVYKHDIILKFANQTLKGVIEPTARKWFDIGAEMVDMIGGLPYRDELDYGRGLEAMDILLDKAKSLGIMCHVHVDQFNNPSEKETEQLCDKTIEHGMEGRVVGIHGISIGSHSKEYRYKLYEKMRKAKMMMIACPMAWIDSNRKEDLMPFHNALTPADEMIPEGITVALGTDNICDYMVPLCEGDLWQELSLLAAGCRFPHLDEMVNIASINGRKVLGLELI,length1,990
-1,796448,796355,93,MVGLSQLVTITILKPRKTRKSERIDCDIWCS,length1,93
-1,796133,796100,33,MFTFFIASIRN,length1,33
-1,795875,795860,15,MNLWL,length1,15
-1,795845,795836,9,MFN,length1,9
-1,795668,795665,3,M,length1,3
-1,795305,795296,9,MFK,length1,9
-1,795188,795170,18,MLYQKM,length1,18
-1,795152,795149,3,M,length1,3
-1,795038,795032,6,MP,length1,6
-1,795020,794987,33,MIFELSSYRMA,length1,33
-1,794969,794945,24,MVALIVLQ,length1,24
-1,794942,794936,6,MV,length1,6
-1,794918,794873,45,MQQNNLKCVAYLIFM,length1,45
-1,794870,794855,15,MENSV,length1,15
-1,794834,794822,12,MMIS,length1,12
-1,794813,794801,12,MCKP,length1,12
-1,794717,794384,333,MAASFSVTRRFFDDKNYPRGFSRHGDYTIKESQVLEQYGQAFKALDLGEREPATKEEKDFVAFCRGERAAETFFEKTWNKYRTRINTKKRVYTLSSDVSEAASGGEDYSGE,length1,333
-1,794159,794000,159,MHQIFKFLTLQQVIIACVRSFVFGTSKMIFTILCLIKRRCSVIAWMNFQSPAC,length1,159
-1,793802,793793,9,MCK,length1,9
-1,793748,793727,21,MWTKFYL,length1,21
-1,793724,793664,60,MAEIMSIAKSRIVLPSQTQR,length1,60
-1,793424,793400,24,MGLEPLTA,length1,24
-1,793376,793319,57,MNVIPFLSIRLVRGLILIQ,length1,57
-1,792398,791966,432,MLRESAVVISYENGIAKVKCQSQSACGQCAAKNSCGTSSLSELNGKRGEHIFNVETLMPLREGQIVEIGLEEKSMLLSALLMYVVPLLTLLIVTMLSDYISDNEILRAILIFGLTALSFIFVKSYSRKLGQQTEFQPVLLRILS,length1,432
-1,791780,791726,54,MKYYFFAHYCLCLPCDGA,length1,54
-1,791627,791624,3,M,length1,3
-1,791030,789641,1389,MTTESNAYRGLAWVAAMALFMQSLDATILNTALPAISSDLHKPAFEMQMAIIAYSLAVALFIPLTAWAAAKFGTLTVFRGAVFTFILGSVACAAASNLESLILARVIQGIGGAFMMPVARLAIIQAVPKQQLVNAWNLMATAGLIGPILGPILGGWLVIHASWHWIFLINIPIGVLGILASGSVMNNIKGKAEKLDWTGFLLFALGLVGITLGLDLLGESQHNSSVTYSILVVGILLLVTYCGYAKNNENAILPLSLFRTRTFRLGIIANIFIRLSASGVPFLLPLMFQLSFGYSAEMSGWLLAPIALISVMLKILIGRILNRWGYKTTLISSALLMAGSVISMAWLDKQSSLTWIICNLMWYGACMSIIFTSINTLAVGDLSKQQSGTGSTVLSIVQQVGIGFGIAVSSIILNLYRHFFNASDCLQQAFSYTFLTSSLFVIALVWSLMKLHKNDGDHLRKMP,length1,1389
-1,789530,789491,39,MVGHSLPNIEVCL,length1,39
-1,789299,789269,30,MQAHNKCITA,length1,30
-1,789242,789227,15,MLNQL,length1,15
-1,789203,789194,9,MMV,length1,9
-1,789119,789083,36,MQMMLYFHSNVS,length1,36
-1,789059,789023,36,MYLRGLIHILKQ,length1,36
-1,788948,788876,72,MRLSWLVLVWILFLFILQNMLIQC,length1,72
-1,788783,788744,39,MLRMKIIGKVEHL,length1,39
-1,788714,788669,45,MQQHVMQNYRRVLAI,length1,45
-1,788654,788651,3,M,length1,3
-1,788543,788522,21,MSKCAKR,length1,21
-1,788423,788372,51,MMKSKIIRTIQKKQNNF,length1,51
-1,788351,788276,75,MVLKLISGFNLLFVLLIQIQNVWLN,length1,75
-1,788225,788183,42,MNGLIIENEQKREN,length1,42
-1,788150,788117,33,MAILIISYPHY,length1,33
-1,788060,788033,27,MLYSMRLLD,length1,27
-1,787907,787868,39,MYKAHLAMTLFMV,length1,39
-1,787859,787841,18,MVNNSY,length1,18
-1,787721,787712,9,MIP,length1,9
-1,787673,786914,759,MDFNRIITHMNDHHQDDMAALCKKFGGEKEITDVTLVNVDFAGLDFKYNGGKTLRVEFPQQADAGSIKQAIINLCVENKPVANYDRIKAKIDEFRQEFKSCVLSTLDKDGLPMASYAPIIFFDGKYYIYISAIAEHYENLKRNPNQVEVMFLEDENKAKSIIVRTRLRYKASARFIPREDPIVEKVLDKLAETMNDVGGIKTIREFTDFDLVELTFGTGRFVRGFGQAYLIDANGEISHIGVKGNPHEKESDK,length1,759
-1,786899,786884,15,MKIKG,length1,15
-1,786536,786479,57,MRVQEKWVRYSLGLAQHRV,length1,57
-1,786464,786446,18,MVFQFR,length1,18
-1,786410,786356,54,MRFIPILTYTDFYDQRNN,length1,54
-1,785831,785798,33,MNILALREGVN,length1,33
-1,785777,785762,15,MCHNA,length1,15
-1,785609,785579,30,MIRGMHSSRL,length1,30
-1,785519,785498,21,MFDQNFG,length1,21
-1,785234,785228,6,MK,length1,6
-1,785033,785027,6,MT,length1,6
-1,784997,784979,18,MTTRTI,length1,18
-1,784925,784859,66,MTGKNAFIKFNILSNFVNVRIF,length1,66
-1,783860,783773,87,MRFILFKHFIAKCFPFCIKNNGYMSWLYL,length1,87
-1,783689,783674,15,MKCTI,length1,15
-1,783596,783584,12,MWAL,length1,12
-1,783536,783410,126,MTNIFCYGIISAIQIFNLRKSNVVKIGRNFSFGSGFAFKCTH,length1,126
-1,782684,782660,24,MVKFQQKP,length1,24
-1,782630,782555,75,MCICLFYILLLNTIYCFYAIYLIRQ,length1,75
-1,782516,782495,21,MFKMFCH,length1,21
-1,782492,782363,129,MNWIFYLRHWWLLIKKEIALVWAVDFMIARCRIGKISLLFQLV,length1,129
-1,782315,782255,60,MCHCLIFWWIKTYHQNLIDR,length1,60
-1,782156,779588,2568,MNIEKFTTKFQEALSEAQSLAIGKDNQFIEPVHLLTALLNQQGGSIAPILTASGVNVALLRNELKTELNKLPQVIGNGGDVQLSRQLINLLNLCDKFAQQNQDKFISSELFLLAALEERGTISDILKKCGAKKEQISQAIQHIRGGQNVNDQNAEESRQALEKYTIDLTARAESGKLDPVIGRDEEIRRAIQVLQRRTKNNPVLIGEPGVGKTAIVEGLAQRIVNGEVPEGLKNKRVLSLDMGALIAGAKYRGEFEERLKAVLNELSKEEGRVILFIDEIHTMVGAGKTDGAMDAGNLLKPSLARGELHCVGATTLDEYRQYIEKDAALERRFQKVFVDEPSVEDTIAILRGLKERYEIHHHVDITDPAIVAAATLSHRYISDRQLPDKAIDLIDEAASSIRMEIDSKPEPLDRLERRIIQLKLEQQALQKEEDEASRKRLEMLEKELAEKEREYAELEEVWKSEKATLSGSQHIKQELDTAKTELEQARRAGDLAKMSELQYGRIPALEKQLEQAETSEGKEMTLLRYRVTDEEIAEVLSKATGIPVSKMMEGEKEKLLRMEDELHKRVIGQEEAVDAVANAIRRSRAGLSDPNRPIGSFLFLGPTGVGKTELCKTLAKFLFDSEDAMVRIDMSEFMEKHSVSRLVGAPPGYVGYEEGGYLTEAVRRRPYSVILLDEVEKAHADVFNILLQVLDDGRLTDGQGRTVDFRNTVVIMTSNLGSDLIQGNKDESYSEMKALVMSVVSQHFRPEFINRIDETVVFHPLGKENIRAIASIQLERLAKRMETRGYELVFTDALLDFIGEVGYDPIYGARPLKRAIQQEIENSLAQQILSGALLPGKVVTIDYANAEVQARQ,length1,2568
-1,779546,779453,93,MNLNADVQFQINIPLLRQIHLMMKLNQPLEY,length1,93
-1,779213,779048,165,MLIVRIYLSVRSLPLRPLHPLFAGRHPSCVDPSRHPKLIKADFVYSQEFHQDHFH,length1,165
-1,778427,778349,78,MNKSSKRTNKPNPVTDEITPLNSPPT,length1,78
-1,778169,778160,9,MPR,length1,9
-1,777800,777692,108,MILWASLRTTGSIRSILPIALKINLVSMVSKSIAPR,length1,108
-1,777239,776918,321,MVTSGKLRKSTRPFFASSGTSSVNFFTYFSTALGNLWGISWLRKAISTSIPFAILSPRISVITPIGWLKLAERSCNSTTTTCPMRAPLRCSLGTRISLPILLSSGTT,length1,321
-1,776783,776768,15,MTLCI,length1,15
-1,776756,776702,54,MNKSSFLPSTCKKPKPSR,length1,54
-1,776564,776447,117,MESAVKISSRFIGALLSRITLKINSRLGIGLPYFSNSRL,length1,117
-1,776351,776249,102,MQDGDKIITVYFKDILKLKNLTIFPQHYNSDDFL,length1,102
-1,776210,776165,45,MQERVLLRAFVVFVK,length1,45
-1,775997,775985,12,MSLS,length1,12
-1,775967,775943,24,MFLTGVSG,length1,24
-1,775853,775808,45,MIRNLGICFQRIKQI,length1,45
-1,775703,775694,9,MGM,length1,9
-1,774260,774230,30,MHSQVLYLLH,length1,30
-1,774014,773972,42,MLPSQNLDVVLPHR,length1,42
-1,773957,773738,219,MALVFCHQYHDKLLLGEKRQAHNLHDAYFRLTQKDVIHHDQKHGIHLGLGFLLRVMPRCEPILYLNVQEFDEM,length1,219
-1,773657,773633,24,MMAVLQLC,length1,24
-1,773372,773327,45,MVHQVLLWAILHISQ,length1,45
-1,773315,773246,69,MASYLPLNLRVQDLQHHLALKHR,length1,69
-1,773108,773030,78,MLFVSRNGFVALGHQTHQQLIEQNPP,length1,78
-1,772643,772601,42,MLKKTRHYTSGLFA,length1,42
-1,772331,772322,9,MFL,length1,9
-1,772286,772259,27,MDIILTFIL,length1,27
-1,772220,772115,105,MMKCVRIPFFLIKINACQIKIFITHSSCHCTHINA,length1,105
-1,772073,772055,18,MSIKSS,length1,18
-1,772037,772016,21,MTKIDLW,length1,21
-1,771833,771782,51,MILKIKLIATENIIIFR,length1,51
-1,771491,770081,1410,MSNAIASVFKLIEENDIRFVLLRFTDIKGKEHGVSIPVSLVDEDMFEDGKMFDGSSVEGWKTINKADMLLMPIAETAVVDPFAQIPTLSIRCSVYEPTTMQSYDRDPRSIAIRAENYMRSTGIADQAFFGPEPEFFLFDDVRFNVSMNKASFSIDDIEAAWNTNKKYEEGNNAYRPLKKGGYCAVAPIDSAHDIRSEMCLILEEMGLVIEAHHHEVATAGQNEIATKFNTLTLKADETQIYKYVVQNVALEHGKTACFMPKPITGDNGSGMHCNMSLSKDGKNIFQGDKYAGLSETALYYIGGIIKHAKALNAFTNPSTNSYKRLVPGYEAPVLLAYSASNRSASIRIPAVTNPKAIRVEARFPDPLANPYLAFAALLMAGLDGVVNKIHPGDAMDKNLYDLPPEELKDIPAVASSLEEALNSLEKDYEFLTQGGVFAKDFIDAFISIKRKEVERLNMAPHPVEFEMYYA,length1,1410
-1,769889,769877,12,MLIS,length1,12
-1,769871,769859,12,MQEI,length1,12
-1,769823,769709,114,MLLYKQIFVILKRCLIFFHNINLMLLSILPLKAMLIVL,length1,114
-1,769706,769673,33,MLLRSLYKPIL,length1,33
-1,769577,769559,18,MKFMGI,length1,18
-1,769550,769382,168,MRVYLLKHQLINLAALILLQRRQAIISCRLGIEHMGYRQLLHIVQIIMARISTLKN,length1,168
-1,769361,769355,6,MR,length1,6
-1,769331,769262,69,MAMVCKLEIGYLLKIILMHYITF,length1,69
-1,769217,769196,21,MKSPILM,length1,21
-1,769130,769121,9,MKI,length1,9
-1,769112,769046,66,MCKIDQVTIFVMRLIQVKSIIN,length1,66
-1,768872,767570,1302,MQITLSNNLANDAWGKNAILSFDSNKATIHLKNNEKTDRTLVQQAARKLRGQGIKNVELLGEEWDLEFCWAFYQGFYTAKQDYGIEFPHLDHDLQDELLARIECGDFVRGIINEPAQSLTPVKLAERAAEFILNQADIYNEKSAVSFKIISGEELEQQGYHGIWTVGKGSANLPAMLQLDFNPTQDPNAPVLACLVGKGITFDSGGYSIKPSDGMSTMRTDMGGAALLTGALGFAIARGLNQRVKLYLCCAENLISNNAFKLGDIITYKNGVTAEVLNTDAEGRLVLADGLIEADNQNPNFIIDCATLTGAAKMAVGNDYHSVLSMDDDLVKNLFQSAQEENEPFWRLPFEDFHRSQINSSFADIANIGSVPVGAGASTATAFLSYFVKNYQQNWLHIDCSATYRKSSSDLWAVGATGIGVQTLANLMLSKSLK,length1,1302
-1,767561,767138,423,MMTERTFSIIKPDAVKRNLIGAILTRFEQNGFKIIASKMVRLTREQAEGFYAEHQGKEFFAPLVEYMMSSPIVVSVLEKENAVKDYRTLIGTTNPETAEEGTIRKDFALSQRENSVHGSDSIENANREIAYFFTDCEIFES,length1,423
-1,766985,766976,9,MLR,length1,9
-1,766964,766835,129,MIIFPFEFHFFRCNLLYFSFAWICYDKVHNITTKWRNIFPCCS,length1,129
-1,766622,766598,24,MNKHSTTF,length1,24
-1,766595,766589,6,MF,length1,6
-1,765863,765848,15,MSFMR,length1,15
-1,765839,765824,15,MSNRG,length1,15
-1,765737,765719,18,MRNMGK,length1,18
-1,765257,765236,21,MNKNLCN,length1,21
-1,764096,764078,18,MHRTFD,length1,18
-1,764072,763994,78,MMKNEETRSYEHRRDPETCRSRYAKS,length1,78
-1,763022,762287,735,MNTELQPKLEKSAVNFQAKPRKQKIRKDPNAPFIREKLELPDGHNKLLLHSCCAPCSGEVMEAILASGIEFTIYFYNPNIHPLKEYLIRKEENIRFAKKFGIPFIDADYDRQNWFDRAKGMEWEPERGIRCTMCFDMRFEKAAEYAHEHGFPVFTSCLGISRWKDMNQINGCGHRAAEKYDDVIYWDYNWRKEGGSQRMIEISKRERFYQQEYCGCVYSLRDSNKWREETGRQKIEIGKLYYSAD,length1,735
-1,762056,762035,21,MPLNQPT,length1,21
-1,761939,761861,78,MQKIINQLLQSLHQLMCLNLVQRHSL,length1,78
-1,761768,761642,126,MYLSWKLSLVEQVHEFVPLQLQLVRFLNLIHWRKCRVQRLIE,length1,126
-1,761477,761441,36,MMRLQYVLHRQE,length1,36
-1,761342,761279,63,MCRSRKRPPSHQIMQIILLTI,length1,63
-1,761063,761006,57,MQYKVRQKRKRPPFHLYLF,length1,57
-1,760496,760325,171,MNFKKEFFCRKITLFNISTKTIAFSMYSHNDIWSIWMIFKMFSDTSNCDIYGTILRF,length1,171
-1,760256,760253,3,M,length1,3
-1,760118,760097,21,MRHCAMQ,length1,21
-1,759884,759554,330,MICQYMMHFNTIFCFKHIISFRFKNPFKRISSDDFIFNNENFWSSHFPSLYLFWRMLSKLSFYLCNIIVTIKKCGNFLLDFPFCDLNHSFRYSTFFVIEFRESIFLHSIL,length1,330
-1,759461,759350,111,MMLLLFLLLYLQIKASYKPIGILPMAIICIKIKLVLS,length1,111
-1,759248,759131,117,MAYLGAHLIMLMIRLKSLIKDVPKVFAIRLKLKYYELGI,length1,117
-1,759050,759005,45,MVYSIVNGQFLVSLY,length1,45
-1,758885,758867,18,MFKAWL,length1,18
-1,758795,758792,3,M,length1,3
-1,758579,758543,36,MWHKVAIYLQAQ,length1,36
-1,758288,758192,96,MLLKLLVLRWLWLLYNPCKIGFGKLKLQHKVR,length1,96
-1,757937,757934,3,M,length1,3
-1,757892,757871,21,MKLKEVE,length1,21
-1,757856,757778,78,MLMLFLIGLKSYFSYFLLLVKSIFQF,length1,78
-1,757745,757733,12,MTPF,length1,12
-1,757580,757571,9,MVQ,length1,9
-1,757457,757436,21,MPISFST,length1,21
-1,757400,757325,75,MAVSLHYFTHFSFYILYFLAQVLVL,length1,75
-1,757112,755516,1596,MADRPIRQALLSVSDKTGIVEFAQGLVKRGVKLLSTGGTAKLLAQNALPVMEVSDYTGFPEMMDGRVKTLHPKVHGGILGRRGTDDAIMQQHAIEGIDMVVVNLYPFAATVAKSDCTLTDAVENIDIGGPTMVRSAAKNHKDVAIVVNNNDFNAILAEMDQHQNSLTFETRFDLAIKAFEHTAQYDSMIANYFGQLVKPYHIAEEEEANAKCGQFPRTLNLNFVRKQTMRYGENAHQNAAFYVDLNVKEASVATANQLQGKALSYNNIADTDAALECVKEFDDPACVIVKHANPCGVALGKDILDAYNRAYQTDPTSAFGGIIAFNRELDEKTANEIVERQFVEVIIAPKVSAEAQEVMKRKKNVRLLECGEWTSRSERLDFKRVNGGLLVQDADLGMVGVDDLKVVSKRQPTEQELKDLLFCWKVAKFVKSNAIVYAKDNQTIGIGAGQMSRVYSAKIAGIKAQDEGLTVAGCVMASDAFFPFRDGIDAAAKVGIQCVIHPGGSMRDQEVIDAADEHNMVMVLTGMRHFRH,length1,1596
-1,755174,755153,21,MHFVKLD,length1,21
-1,754979,754955,24,MAWRRVKA,length1,24
-1,754922,754868,54,MQYAICFLVMPLAKRAAE,length1,54
-1,754847,754817,30,MAKKQVLSSW,length1,30
-1,754814,754802,12,MVKT,length1,12
-1,754757,754745,12,MIRG,length1,12
-1,754649,754598,51,MAWQRKAVFTRVSYMQD,length1,51
-1,754583,754568,15,MGSRK,length1,15
-1,754460,754454,6,MK,length1,6
-1,754373,754322,51,MKSADCLKVRSKTRKFS,length1,51
-1,752570,752567,3,M,length1,3
-1,752366,752357,9,MKI,length1,9
-1,752279,751016,1263,MFTRNMTIADYDPVLWQAIQDENRRQEEHIELIASENYASPRVMEAQGSQFTNKYAEGYPGKRYYGGCEYADIVEQLAIDRAKELFGADYVNVQPHSGSQANAAVYGALINAGDTILGMDLAHGGHLTHGAKVSFSGKIYNSVLYGITADGLIDYEDVRQKALECKPKLIVAGFSAYSQVVDWAKMREIADEVGAYLFVDMAHVAGLIAAGLYLNPLPHAHVVTTTTHKTLGGPRGGLILSSCGDEEIYKKLQSSVFPANQGGPLVHIIAAKAVCFKEALEPQYKEYQANVIKNAKAMVEVFKQRGYDVVSNGTENHLFLVSFIKQGLTGKAADAALGKANITVNKNAVPNDPQKPFVTSGIRVGTPSVTRRGFNENDVRELAGWMCDVLDALGKENEEQVIAETKEKVLAICKRLPVYPK,length1,1263
-1,750443,750434,9,MGR,length1,9
-1,750269,750227,42,MKVLFDLFVANVAS,length1,42
-1,750152,750149,3,M,length1,3
-1,750050,750041,9,MLC,length1,9
-1,750017,750014,3,M,length1,3
-1,749873,749816,57,MDEMLQDKLKRVQARQWLF,length1,57
-1,749705,749672,33,MTQNFLQKRVD,length1,33
-1,749654,749621,33,MVAMVMINNYK,length1,33
-1,749567,749564,3,M,length1,3
-1,749540,749519,21,MKSKLSC,length1,21
-1,749516,749432,84,MKRIECLILGLSVIFVIYCVNAPLRKRV,length1,84
-1,749369,749348,21,MILNILK,length1,21
-1,749252,749153,99,MNGLSAVLCLRIQNIVVKKFGVIWRLMDIVLVY,length1,99
-1,749144,749141,3,M,length1,3
-1,749069,749036,33,MWLLVACIFLM,length1,33
-1,749030,748913,117,MFSIMIYLMIGKITFTELAVLDEQGKVAFRLVLLAKNMR,length1,117
-1,748859,748817,42,MKQKPCLNCRNRIG,length1,42
-1,748517,747956,561,MRQAKTDLAEQIFLATDRLMAKEGLDRLSMHKIAKEANVAAGTIYLYFKNKDELLEQFAHRVFSMFMATLEKDFDESKPFFEQYRQMWKNIWYFLQENPTILSNLKQYESLPNFKDICKNVKNCRWDLFCDQAKKAGLLAELSEDILFLLSLKTAINLASDAKFIDFDLKPEILESVIERSWRAIQK,length1,561
-1,747728,747713,15,MDASY,length1,15
-1,746783,746777,6,MD,length1,6
-1,746726,743630,3096,MYEEIRMKFTDIFIRRPVLAVSISLLMIILGLQAISKLAVREYPKMTTTVITVSTAYPGADANLIQAFVTSKLEESIAQADNIDYMSSTSAPSSSTITIKMKLNTDPAGALADVLAKVNAVKSALPNGIEDPSVSSSSGGSGIMYISFRSKKLDSSQVTDYINRVVKPQFFTIEGVAEVQVFGAAEYALRIWLDPQKMAAQNLSVTTVMSALSANNVQTAAGNDNGYYVSYRNKVETTTKSVEQLSNLIISSNGDDLVRLRDIATVELNKESDNSRATANGAESVVLAINPTSTANPLTVAEKIRPLYESIKTQLPDSMESDILYDRTIAINSSIHEVIKTIGEATLIVLVVILMFIGSFRAILIPILAIPISLIGVLMLLQSFNFSINLMTLLALILAIGLVVDDAIVVLENIDRHIKAGETPFRAAIIGTREIAVPVISMTIALIAVYSPMALMGGITGTLFKEFALTLAGAVFISGVVALTLSPMMSSKLLKSNAKPTWMEERVEHTLGKVNRVYEYMLDLVMLNRKSMLAFAVVIFSTLPFLFNSLSSELTPNEDKGAFIAIGNAPSSVNVDYIQNAMQPYMKNVMETPEVSFGMSIAGAPTSNSSLNIITLKDWKERSRKQSAIMNEINEKAKSIPEVSVSAFNIPEIDTGEQGAPVSIVLKTAQDYKSLANTAEKFLSAMKASGKFIYTNLDLTYDTAQMTISVDKEKAGTYGITMQQISNTLGSFLSGATVTRVDVDGRAYKVISQVKRDDRLSPESFQNYYLTASNGQSVPLSSVISMKLETQPTSLPRFSQLNSAEISAVPMPGTSSGDAIAWLQQHATDNLPQGYTFDFKSEARQLVQEGNALAVTFALAVIIIFLVLAIQFESIRDPMVIMISVPLAVSGALVSLNILSFFSIAGTTLNIYSQVGLITLVGLITKHGILMCEVAKEEQLNYGKTRIEAITHAAKVRLRPILMTTAAMVAGLIPLLYATGAGAVSRFSIGIVIVAGLSIGTIFTLFVLPVVYSYVATEHKPLPVFDENKTTH,length1,3096
-1,743324,743318,6,MS,length1,6
-1,743030,742997,33,MKLENWLSNRE,length1,33
-1,742991,742955,36,MQRELNPKKRKI,length1,36
-1,742850,742763,87,MYGIARNLVYNAVLSKIERKLKICKVVYR,length1,87
-1,742751,742709,42,MLKYKLTANGTVFV,length1,42
-1,742397,742382,15,MCSVN,length1,15
-1,741794,741755,39,MISLELNQSCSRP,length1,39
-1,741422,741413,9,MTR,length1,9
-1,741185,741113,72,MVESNTCIKVARDKASVNKISAPP,length1,72
-1,741077,741068,9,MPP,length1,9
-1,741050,740705,345,MIDSIKFSTALSSYLSVSVENNVFGSAFSRSIAPDESEILTFAVAERPILNGVSVNCCGSNLIRTGTRCTTLIQLPVAFCEGKRENALPVPISIPFITPSNSLFLPYKSKWIFTG,length1,345
-1,740699,740591,108,MRIFVNWVSLKLASSHICSLDTTAINAPPTETACPT,length1,108
-1,739895,739868,27,MSSLIWDNV,length1,27
-1,739760,739706,54,MNVLEVLFHLFDLFSGKN,length1,54
-1,738341,738302,39,MAFRRTIGRYYYH,length1,39
-1,738035,738023,12,MSFG,length1,12
-1,738005,737993,12,MKQS,length1,12
-1,737807,737366,441,MYRELHEEVGLQPKDVRLLYVSKHWLRYKLPKRLLRYDSKPMCIGQKQRWFLLQLVSDEKNINMQTTKSPEFDGWRWVSFWYPVRQVVSFKRDVYRKVMKEFASILFTDNPLIFSASREANSQHYSANKKYSQAKYTKRHFYKSRGQ,length1,441
-1,737240,737222,18,MYQSLC,length1,18
-1,736100,736055,45,MGTRNECALGNDFPE,length1,45
-1,735404,735398,6,MA,length1,6
-1,734894,734375,519,MDAAKVRSEFDEKMMRYALELADKAEALGEIPVGAVLVDDARNIIGEGWNLSIVQSDPTAHAEIIALRNGAKNIQNYRLLNSTLYVTLEPCTMCAGAILHSRIKRLVFGASDYKTGAIGSRFHFFDDYKMNHTLEITSGVLAEECSQKLSTFFQKRREEKKIEKALLKSLSDN,length1,519
-1,734210,734015,195,MICYVANTKFAVKFLWKNAVKFLIKFIDGKTFFDYFGKGRLLKHIHNIDCFLITISLVFHKVSPQ,length1,195
-1,734012,734000,12,MTSV,length1,12
-1,733490,733469,21,MNAFYVN,length1,21
-1,733412,733403,9,MMN,length1,9
-1,733277,733250,27,MCSLSVGWY,length1,27
-1,733151,733139,12,MLSR,length1,12
-1,733136,733076,60,MIILLAEMQKQTVRYLNFWV,length1,60
-1,733022,732959,63,MRQILLMQPIVNLVLIIYVTT,length1,63
-1,732917,732887,30,MRWWMKWILS,length1,30
-1,732881,732863,18,MKRVRH,length1,18
-1,732563,732548,15,MSITL,length1,15
-1,732521,732362,159,MNTLVVQWRGVVGQMVCTKPLRQKKGWMLRAKTKRLRQFLIKTTSVYMNVLRV,length1,159
-1,732317,732299,18,MVWKLL,length1,18
-1,732269,732254,15,MIALM,length1,15
-1,732242,732194,48,MNNINLMRLLKTLKIV,length1,48
-1,732101,732095,6,MC,length1,6
-1,732092,732032,60,MRNSTNKKRKSWQKQDFLVQ,length1,60
-1,731756,731750,6,MV,length1,6
-1,731732,731714,18,MRVSSI,length1,18
-1,731612,731471,141,MAVKTYLNMMMWQMTNVTRFMSNAIICLIMMIFLKLSTLFATMCLMV,length1,141
-1,731216,731195,21,MNFGKNT,length1,21
-1,731150,731078,72,MRKKIQNKSIKKNLSVCLRKCWIL,length1,72
-1,730955,730346,609,MKIVRQLKIQRLKIIQIVALVATSLVLVGRVKNISIVTAVVWHASNEQSKCGDFLPHFFHTSTLDRKMDKKIIQVAAGIIRNEFGQIYLTQRLEGQDFAQSLEFPGGKVDAGETPEQALKRELEEEIGIVALNAELYERFQFEYPTKIISFFFYLVNEWIGEPFGREGQEGFWVEQRALDAGQFPPANAKLIHRLLNETHNFI,length1,609
-1,730235,728381,1854,MSQLANPELMKVVILLASSVTIVPLFKRLGLGSVLGYLVAGCLIGPSVFGIVQDPTAVVHLAELGVVMFLFIIGLEMYPERLWAMRKAIFGRGLLQVGLCGCLLTFSGIYLLGLTKEVSFIAGMGFTLSSTAIVMQSLEERGLTSTSKGQRVISTLIFEDIAIVPLLASVAFLAPHSKEATPHTDWVSIGIALSAVVGLIVTGKWLMNPLFRLISKARIREMMTAGALLVVLGAALAMEIGGLSMAMGAFVAGVMMSESAFRHQLEADIEPFRGLLLGLFFMGVGMSLDLHLVFNHWILLLGIVFLYILGKASAVYIIARITRLDHREAIGRMSLMAHGGEFAFVLFSAAATAEVISNEEQATFTAAVIISMLFSPIIAQIARKLIQRTEPKHLDQLDENDLDSIVDLEDNVLVIGFGRFSQIVCQTLLIRGISVSVIDRNIENIRAAAKFGFKVYYGDGIRLDVLRAAGIEKAKCVVLGINDTQRIEHIVSQMKEAYPNLPILTRTYDRKTTVSLIKQDVDFIVRETFESAITLSRATLMKLGIDKIEAEEIIKEVRTLDQERLNEEVLHGFSNEIVKKYWTPRPFIKPHLDTKALNKETEEILSEKIEEEISNDHS,length1,1854
-1,727589,727583,6,MA,length1,6
-1,726278,726263,15,MVSVY,length1,15
-1,726224,726212,12,MQVS,length1,12
-1,726065,726056,9,MVK,length1,9
-1,725993,725987,6,MN,length1,6
-1,725930,725825,105,MYLLKWLNTNAKSKSILRSTLVNQKKSQRKWLKVV,length1,105
-1,725486,725474,12,MQIK,length1,12
-1,725420,725270,150,MPSMPNVRAAVLRHSLFVCNGIPEEYTPGSVIGRITIPIPVMVTLSQISI,length1,150
-1,724850,724706,144,MITLSLRTTPSSITAFAPIDTFSPNKTPSKMTALCAIPCAAFGVLSIY,length1,144
-1,724433,724316,117,MRTYYFFSCAFSEAGIDFNTSSVMSLPSTANTTEFASST,length1,117
-1,724271,724238,33,MLSNNLPRSSA,length1,33
-1,723839,723827,12,MFFI,length1,12
-1,723740,723698,42,MKKKVQFIRKNLQY,length1,42
-1,723632,723623,9,MDQ,length1,9
-1,723434,723368,66,MELAQLILQLRLQLHCHQQHLS,length1,66
-1,723290,723110,180,MSRCHPLYKFDRTVNACFQSHLHILQMLLQIQPRGDLCLMGRNPVRLHLVCSICYQNLEL,length1,180
-1,722831,722819,12,MYHF,length1,12
-1,722330,722252,78,MFYLHHQNQVLNLPLRYRNRVLQVLL,length1,78
-1,722195,722144,51,MLKVKVQARQTYLPDYL,length1,51
-1,721907,721895,12,MYCY,length1,12
-1,721868,721838,30,MMPILLYHLH,length1,30
-1,721241,721178,63,MLCTRSETGFPLTASIVKKTK,length1,63
-1,720956,720851,105,MPFCKDSRIPYFNSVRYSSANFVKVGLTPTNHLPF,length1,105
-1,720476,720461,15,MVSQS,length1,15
-1,720416,720347,69,MWACAAIEFGVIDSITGLTVGIP,length1,69
-1,720338,720329,9,MTQ,length1,9
-1,720137,720059,78,MRFQITFPKPMEKRWTFIPHFLAAQK,length1,78
-1,720020,719960,60,MIKEPSDHKNDIQNPYNTKK,length1,60
-1,719918,719897,21,MRSNTPP,length1,21
-1,719792,719741,51,MINPVIFRLPTKVLLEK,length1,51
-1,719696,719621,75,MTPSQLLPGDTLGASLRLPKVRPLK,length1,75
-1,719228,719189,39,MPKIATAPKARAK,length1,39
-1,718304,718256,48,MDSFVLICSVKIENLL,length1,48
-1,718184,718136,48,MPHFLLSKCCKSAVKI,length1,48
-1,718124,715541,2583,MQEQYRPDMIEPKVQQYWAENKVFKAIKDESKEKYYCLSMFPYPSGRLHMGHVRNYTIGDVISRYQRMLGKNVLQPFGWDAFGLPAEGAAIKNKTAPAKWTYENIAYMKKQLQLLGFGFDWDREIATCKPEYYKWEQWFFTELYKKGLVYKKTSTVNWCPNDETVLANEQVHEGCCWRCDTPVEQKEIPQWFIKITDYAEQLLGGLDTLPQWPDMVKTMQRNWIGRSEGVEITFDVANTNEKVAVYTTRPDTFYGVSYLGIAAAHPLASLAAQNNPELAAFIQEAKNAKVAEADLATMEKKGMATGLFAIHPLTGDKLPIWVANFVLMHYGTGAVMAVPAHDQRDFEFAQKYSLPIKQVIAPLADEEIDLTKQAFVEHGKLVNSAEFDGKDFDGAFNGIADKLEKLGVGKRQVNYRLRDWGVSRQRYWGAPIPMLTLENGDVVPAPLEDLPIILPEDVVMDGVKSPIKADPNWAKTTFNGVPALKETDTFDTFMESSWYYARYTCPQYQNGMLDAEEANYWLPVDQYIGGIEHATMHLLYFRFFHKLLRDAGFVTSEEPADKLLCQGMVLADAFYYTSPTNERIWVSPTQVTLERDEKGRIIKATDPEGRELVHSGMTKMSKSKNNGIDPQEMVEKYGADTVRLFMMFASPAEMTLEWQESGVEGAKRFLGRVWNLVYQYQQNPAKTSLDITALSAAQKSLRREVHKTIAKVSDDIGRRQTFNTAIAAVMELMNKLTKASLESDQDRAVMAEALSAVVRMLYPITPHICFELWQALGNESAIDTAEWVKADEDAMVEDEKLIVVQVNGKVRGKVTVAADADEETVKTIAFADENVKKFVDNQHIVKVIYVAGKLLNVVVKP,length1,2583
-1,715349,715334,15,MNGEH,length1,15
-1,715319,715247,72,MTLIMISLLLCVASYRKIRLILLM,length1,72
-1,715115,715085,30,MAKAIQSMRK,length1,30
-1,715064,715049,15,MHVQH,length1,15
-1,715016,714998,18,MICASK,length1,18
-1,714287,714281,6,MD,length1,6
-1,712748,712682,66,MHTHYALRISEFEYHVGHQITF,length1,66
-1,712106,712079,27,MLNFKFFLA,length1,27
-1,711857,711737,120,MNEPFTFISCNAFCLLNGNATTTRPAFCRFSWLTFCIKGS,length1,120
-1,711470,711428,42,MVHVLLDLLDLSLH,length1,42
-1,711320,711290,30,MLTNYNNADY,length1,30
-1,711212,711206,6,MT,length1,6
-1,710978,710957,21,MLFHLYC,length1,21
-1,710885,710882,3,M,length1,3
-1,710759,710738,21,MISYSYS,length1,21
-1,710492,710435,57,MILYNKIELYEMNYLIQIF,length1,57
-1,709175,708887,288,MVTVCLRLITPVLLFRIDRSSRVRNRCLRVQSYRLIAQLHFDGKHRHKWFCLMDRQTKLSHTQNLRLECTWPNALNHKSLHLLQVYILSRPLVGNR,length1,288
-1,708836,708713,123,MHLMLGFPSYLPRNGCRFVLDRNRAFQASLNKVLEYYLEKV,length1,123
-1,708617,708464,153,MPLALGLMRAMRSLGEKYLRPLPYQKVAQWCSLGLPNILAGLKSYLGMFLR,length1,153
-1,707852,707822,30,MLSVIFVVLH,length1,30
-1,707483,707327,156,MQKRLQSSQVIVKAINVIYMKRLNVVISLNGHYLYKLCQKQMRKKCLTTRST,length1,156
-1,707240,707237,3,M,length1,3
-1,707150,707126,24,MRMHNVTV,length1,24
-1,707060,707045,15,MVKVV,length1,15
-1,707042,706874,168,MVTTVACHTTSQTASANGNNNQTLLNHHFVSTEMQHTGIIVTMITITSANLVHYLT,length1,168
-1,706868,706733,135,MQIKNNHYSTTRQQQWAMRLISSNIVIFVTATGVMPHTVKALRKH,length1,135
-1,706715,706709,6,MH,length1,6
-1,706499,706496,3,M,length1,3
-1,706442,706415,27,MLNIYHGTK,length1,27
-1,705776,705704,72,MALKWKSVLPLCCFKNWKCFINSS,length1,72
-1,705401,705371,30,MRSISAKVNS,length1,30
-1,705176,705122,54,MLPAFPFTSIGFPTERFV,length1,54
-1,704645,704546,99,MVFTPSHCSACLLVISSRVHILIKSGCGYLLLL,length1,99
-1,704114,704030,84,MLLEYQRVLMLLRYGLIGCISQYGQNGS,length1,84
-1,703748,703706,42,MQNLPSQIHLDHLR,length1,42
-1,703643,703562,81,MIYLHLSFRTYHFLCYRTQKMRSPSLK,length1,81
-1,703373,703346,27,MFSHQLVES,length1,27
-1,703280,703274,6,MA,length1,6
-1,703211,703151,60,MLQLLLRLLKIPPRLHLHQS,length1,60
-1,702983,702875,108,MLHENQLMHQMELLLNQQNHLQDELQLQQLDYRVSR,length1,108
-1,702041,702017,24,MALRQAQA,length1,24
-1,701036,700949,87,MLLNHRLLALLNTTKTIKGKIISSWNSDE,length1,87
-1,700199,700142,57,MNGLPILLSISIPFCGLSR,length1,57
-1,699200,699170,30,MCDQIAPYVC,length1,30
-1,698948,698834,114,MNFPLVKRINQRLTLSKQRKLITTHNRACYPMQRRAQK,length1,114
-1,698627,698420,207,MPTKHQAQCQWLKTTKKPTPIHALSGQFVVQIGYKSTHSNSLQNLPQSPHSQHIIKADGKLIPHLATLD,length1,207
-1,698378,698357,21,MDWNKIK,length1,21
-1,698246,698189,57,MKITKTTLNLHVLPKWQPL,length1,57
-1,698183,698180,3,M,length1,3
-1,697766,697754,12,MVQQ,length1,12
-1,697658,697505,153,MLLSPFQNNHQYGLTPHSINLMRQNPYDGNQRHLQLRHSSLQIELALILVV,length1,153
-1,697502,697403,99,MENQWLKLNLEVHVYYLHVNVLHLILHLRHAQQ,length1,99
-1,696521,696482,39,MRIFTILIFLIKR,length1,39
-1,696437,696341,96,MAFVILSLLVALFCKQKMNVRYFYFSMLAVFV,length1,96
-1,695591,694910,681,MTIQKGIITLTILIFISGLLSVILLLDDSNLSFFRAQQNQRKLYVERTLQLQRITALKKQTACLDLSLNNDESVKQISITLDGATDSIQYFLWCERMSLFKKSPKKGDNQGALKDFVSGEKLAYFRPHFSSPPRILNANKTPKLYWFSDSQAEVEINGTVSAVLIAEGDLKLTGKGRISGAVITNGNLTLDGVTLAYGKKTVVALVQQYSQWKLAEKSWSDFNVQDE,length1,681
-1,694838,694733,105,MDGRTAKKCGKNLSRFSGNTNCRESSSTPIFRVSL,length1,105
-1,694691,694688,3,M,length1,3
-1,694451,694439,12,MATN,length1,12
-1,694145,694115,30,MDFCLGKRRR,length1,30
-1,694034,693995,39,MARGAMACVGRRC,length1,39
-1,693056,692996,60,MGGGFRDSFRFAKKSRWHQF,length1,60
-1,692801,692753,48,MARNFNRTFIRFLRTK,length1,48
-1,692183,692162,21,MVANSTI,length1,21
-1,691607,691535,72,MCHTRKCDTSKINYARSSYRITAY,length1,72
-1,690710,689594,1116,MLEFSSQDCVFMQRALDLAAKGQYTTTPNPSVGCVLVKNGEIVGEGFHFKAGQPHAERVALAQAGENSKGATAYVTLEPCSHYGRTPPCALGLIEAGVVKVIAAMQDPNPQVAGKGLKMLSDAGIESAVNLLNDQAEKINKGFLKRMRQGMPFVQLKLAMSLDGRTAMASGESKWITGPDARSDVQKMRAKSSALLSTSTTVIADDPSLNVRWDEFPENLKTEYKKEDLRQPVRVILDSQHRIQPTHKLFLTHSPVWLVSSETRDLTGFPDFCEQIILPKENLLKELMRELGKRQINTLWVEAGANLAGSLIDAKLVDELIIYIAPKLLGDNARGLCQLPNLTKLADAPLWQLNELEQIGDDIKLTYTPKGV,length1,1116
-1,689591,688571,1020,MLKKLFHSALWGLAAAGVILFAVPRLNNSNIFTSDDIVSFKNAVRIASPAVVNVYNRSFSSASINDNDQLQVNNLGSGVIMSKDGYILTNKHVIQNADQIVVALQNGNIFEASLVGSDDLTDLAVLKIRANNLSTIPQNSARQAHVGDVVLAIGNPYNLGQSVSQGIISAIGRNAVGDSVGRQNFIQTDASINRGNSGGALINSAGELVGISTLSIGKTANEIAEGLNFAIPIDIANDVLRKIMRDGRVIRGYFGVQSDISSSSEEGIVITDVSPNSPAAKSGIQVGDVILKLNNQEGISAREMMQIIANTKPNSKVLVTILRLGKILQIPVVIEEFPVN,length1,1020
-1,687650,687644,6,MI,length1,6
-1,686531,686519,12,MCVF,length1,12
-1,686306,686291,15,MLLHN,length1,15
-1,686198,686195,3,M,length1,3
-1,686192,686183,9,MGK,length1,9
-1,686174,686123,51,MMYFKAWIKENFYQMIE,length1,51
-1,685871,685865,6,ML,length1,6
-1,685553,685541,12,MAYA,length1,12
-1,685064,684920,144,MNSSHSLWLMFTAQSTRTTLPPRPPRSSKSLFLKQAFWIAAANSQSRG,length1,144
-1,684839,684731,108,MHGYSLLNSRNALVKYSPRSWAFCARFSSRIILSEA,length1,108
-1,684584,684362,222,MPACSKANILPERQKPACTSSTIIKMPCFWVTSRTFCKKLIGAGTTPPSPWIASKITAAGFTTPLSTSSMKFSK,length1,222
-1,684326,684203,123,MPNGQRYSCGYGINCTPGIKFSTAFFAPRLPVKANAPWVIP,length1,123
-1,684182,684161,21,MILPRPV,length1,21
-1,684143,683963,180,MAASFASAPEGPVNCKIYLSFGKNDNNSSLNASLSGVVKSKVCNGNPLSNTSLMACINTG,length1,180
-1,683570,683567,3,M,length1,3
-1,683522,683270,252,MKSKFNFLRVKRLNKKQTFVIRTNKKPEFLLGFKIIKSILFDFCFFIDNVFTHYWIKFFDFHFFRHITFIFISCVEVTGLCSRN,length1,252
-1,683177,683093,84,MPFLSIIRIPFAVKRKVTKRFSLSTQKR,length1,84
-1,682793,682745,48,MVNIIKIYNKQFSAKE,length1,48
-1,682031,681998,33,MHIVKIALGIQ,length1,33
-1,681773,681647,126,MLYRNLYLIHKQSWQWGILNLPNGLMPLLLRQLVQTLLPVLL,length1,126
-1,681635,681575,60,MIYFQQFVLQLMRQFFLCQQ,length1,60
-1,681377,681248,129,MSPLQQAQRVRQSIPFVIFLTIVQGKWDLRLLKHLPNVGQTSH,length1,129
-1,681212,681209,3,M,length1,3
-1,681197,681149,48,MSSQHKKCGKPLLKVR,length1,48
-1,681062,681044,18,MKYLSS,length1,18
-1,681017,681014,3,M,length1,3
-1,680951,680909,42,MIMQKINLNAKILI,length1,42
-1,680894,680813,81,MYLADKFLTRMKMPCSFFGKMVIKNYR,length1,81
-1,680777,680723,54,MKSSNAIKKPYNSNRTFT,length1,54
-1,679610,679565,45,MAFYRATFCLIDFTE,length1,45
-1,679397,679391,6,MV,length1,6
-1,679337,679334,3,M,length1,3
-1,679322,678650,672,MSNELTEIDEVVTSSQEEATQRDPVLDWFLTHCHLHKYPAKSTLIHAGEDATTLYYVIKGSVMVSSKDDEGKEMILTYLGAGQFFGEAGLFDEGSKRSAWVKTKTTCEIAEISYKKYRQLIQANPEILMFLTAQLARRLQNTSRQVTNLAFLDVAGRIAQTLMNLAKQPEAMTHPDGMQIKITRQEIGQMVGCSRETVGRIIKMLEDQNLIHAHGKTIVVYGAR,length1,672
-1,678401,678362,39,MVDWVEIPQGCVQ,length1,39
-1,678236,678131,105,MFAETYQKVEFSMVYNKLDAVNLYPLSWHYSWNTR,length1,105
-1,677570,677489,81,MAIYFLYVTQNATSIFPSRYFLSAKYI,length1,81
-1,677093,677075,18,MSNQRL,length1,18
-1,676916,676724,192,MTPSRSLHSNKRSQPALSAFLLRSTKFPITPAPFIPRSSEKIVPWKFNFLRKISFNQYFEPLAG,length1,192
-1,675740,675575,165,MKLAKIRKYFFIISLTFYLKVLHQLNAYVNGILLAHHVYYNSQLGGNHLPQHLLL,length1,165
-1,675440,675434,6,MQ,length1,6
-1,675173,675080,93,MSWAYPNFVRIMPATRAFFCVRTCYAYRNTL,length1,93
-1,674678,674672,6,MP,length1,6
-1,673874,673811,63,MKFFGFFMHEQGHRHTPSTLA,length1,63
-1,673418,673412,6,MY,length1,6
-1,673343,673328,15,MMETA,length1,15
-1,672947,672923,24,MTIFNHFT,length1,24
-1,672611,672479,132,MNVTIRIRRAIVQNKRFFALTRFTNFLVKIFLVPIFQHIRFALS,length1,132
-1,671054,671006,48,MAIMPIFTGVLVSWRA,length1,48
-1,670850,670664,186,MAAGTPSNKIIRTPQSIVLRKSTALLSESPSRLTWWRASVGKITVEIAMPNKPRGNSSKRSE,length1,186
-1,669938,669932,6,MR,length1,6
-1,669866,669770,96,MLDFKSRLLKIFFSSLKFLPNCIEILFLRYIP,length1,96
-1,668870,668849,21,MLLQNSS,length1,21
-1,668792,668720,72,MLIGKLVISPSKFRWNCGLLTIKH,length1,72
-1,668483,668468,15,MGRSQ,length1,15
-1,667967,667955,12,MPSI,length1,12
-1,667280,667250,30,MQAVTHLAYH,length1,30
-1,667247,667196,51,MAPIPLLLLVSVAQWMK,length1,51
-1,667133,667091,42,MNCTPNLRAWKAKK,length1,42
-1,667052,667046,6,MD,length1,6
-1,666995,666974,21,MQTDIGR,length1,21
-1,666839,666779,60,MNPCESLIFAWKKNRTYRLS,length1,60
-1,666626,666623,3,M,length1,3
-1,666476,666350,126,MRHTKRIKNVANTQNFAVKWPELKYVRGSRAKTLWQYFSCIH,length1,126
-1,666302,666287,15,MFSSQ,length1,15
-1,665204,663860,1344,MLEKVVIANRGEIALRILRACKELGIKTVAVHSTADRDLKHVLLADETVCIGPAPSAKSYLNIPAIIAAAEVTGADAIHPGYGFLSENADFAEQVERSGFTFIGPTADVIRLMGDKVSAIKAMKKAGVPCVPGSDGPVGNDIAKNKEIAKRIGYPIIIKASGGGGGRGMRVVRSEDALEESIAMTKAEAKAAFNNDMVYMEKYLENPRHVEIQVLSDTHGNAVYLAERDCSMQRRHQKVVEEAPAPGITEEVRRDIGSRCAKACVEIGYRGAGTFEFLYENGEFYFIEMNTRIQVEHPVTEMITGVDLVKEQLRIAAGLPISFKQEDIKVKGHAMECRINAEDPKTFLPSPGKINHLHSPGGLGVRWDSHVYGGYTVPPHYDSMIAKLITYGDTREIAIRRMQNALSETIIDGIKTNIPLHELILEDENFQKGGTNIHYLEKKLGMNE,length1,1344
-1,663836,663800,36,MVSHFLYMPIFI,length1,36
-1,663713,663665,48,MCLLYHSKNILSLIKI,length1,48
-1,663653,663398,255,MTLKQRYQQAGKEASWALGLSILYVIGWCLCAYLPKETQGPIGFPLWFELSCIYLPILFIVIGYWIIKIIFQDISLEINDQESQK,length1,255
-1,663329,663326,3,M,length1,3
-1,663290,663287,3,M,length1,3
-1,663233,663212,21,MPVQVLL,length1,21
-1,663083,663077,6,ML,length1,6
-1,663068,663032,36,MIFSFIAIKTNI,length1,36
-1,662786,662771,15,MPSVV,length1,15
-1,662708,662699,9,MEC,length1,9
-1,662390,662357,33,MRNLFNHLLFL,length1,33
-1,662315,662303,12,MRKK,length1,12
-1,662138,662123,15,MLMVR,length1,15
-1,661433,661391,42,MVEKIMKALIMLVY,length1,42
-1,661124,661019,105,MLISLVFYLHLNHYSESYLPYHYLAKRCHFQPYLA,length1,105
-1,660938,660932,6,MK,length1,6
-1,660917,660032,885,MAWIQIRLNSTNEKAEQISDFLEEIGSVSVTFMDSQDTPIFEPLPGETRLWGNTDVIALFDAETDMAEIVRLLKEAKHLDSNTAYKIEQIEDKDWEREWMDNFHPMQFGKRLWICPSWRDVPDKNAVNVMLDPGLAFGTGTHPTTALCLEWLDSLDLKNKTVIDFGCGSGILAIAALKLGAKSAVGIDIDPQAILASRNNAEQNGVADRLQLFLSDEKPSDLKADVVVANILAGPLKELYPIISQLVKPNGDLGLSGILETQAQSVCDAYTQTFALEPVAVREEWCRITGNLKTL,length1,885
-1,659783,659756,27,MVQGLHFQK,length1,27
-1,659693,659687,6,MI,length1,6
-1,659678,658853,825,MPCKLRLAYSDDLGLNAVQIAGSDPLEMAQAAAINVEYGAQIIDINMGCPAKKVNRKLAGSALLQYPDLVEKILCEVVAAVNVPVTLKIRTGWDKSNRNCVQIGKIAEQCGIQALTVHGRTRACLFEGKAEYDNIKAVKQAIVIPVIANGDIDSARKAKFVLDYTGADAIMIGRAALGNPWLFQAVENLIEHNSISQMPSLNEKCGQILRHIQELHQFYGEQKGYRITRKHVAWYLQGIQPDSVFKQTFNAISDPKEQLIVLEDFFNLILDKEKC,length1,825
-1,658829,658823,6,MP,length1,6
-1,658805,658790,15,MRNHK,length1,15
-1,658727,658715,12,MVKM,length1,12
-1,658712,658697,15,MIFTS,length1,15
-1,658526,658508,18,MFFILF,length1,18
-1,658445,658355,90,MCIFHNAIFCYFPFTFFNIITFILLFFTFG,length1,90
-1,658205,658199,6,MR,length1,6
-1,657860,657845,15,MICRK,length1,15
-1,657581,657434,147,MRPYVRQEYGQKHKENHHVEYALKRLREFRDLRELQFLLPENEHQLKVQ,length1,147
-1,657347,657278,69,MRRYIHNRQQCPQKSLSHYNGDP,length1,69
-1,657242,657149,93,MYHVNGRLHPLQFVMRFDSRWYSQYLQHHYQ,length1,93
-1,656738,656702,36,MGIRLHHSKNLL,length1,36
-1,656633,656573,60,MFSFYIHNVFLQMLLYFIDR,length1,60
-1,656570,656429,141,MFRMRWLLYFLRILKLHKATLGQLSSFHHIDLPRWIFLCWRIDDISI,length1,141
-1,656387,656345,42,MKIFHVCIAINAFS,length1,42
-1,656195,656177,18,MFAIIF,length1,18
-1,656051,655979,72,MLNQTNNHLNQILLIVQCRLNDVE,length1,72
-1,655568,655499,69,MQRVQGGNCLHCEFLSIQQNVQH,length1,69
-1,655466,655424,42,MMKDLVEKVYDKPQ,length1,42
-1,655013,654950,63,MLVEGFQNVLCIFYQHCALFN,length1,63
-1,654944,654929,15,MTTLT,length1,15
-1,654692,654668,24,MFRGIDLF,length1,24
-1,654614,654593,21,MTMTINS,length1,21
-1,654539,654461,78,MFCPIFSISRAITATNHCHLALRKCG,length1,78
-1,654374,654356,18,MISFFL,length1,18
-1,653915,653903,12,MKCK,length1,12
-1,653807,653750,57,MFRIVSLSLNLLLSHFVCG,length1,57
-1,653603,652058,1545,MTDRVIIFDTTLRDGEQALKASLTVKEKLQIALALERLGVDVMEVGFPVSSQGDFESVQTIARHIKNARVAALSRAVDKDIDAAYEALKVAEVFRIHTFIASSALHVEAKLKRSFDDVVGMAVAAVKRARNYTDDVEFSCEDAGRTGIDNICRIVEAAINAGATTVNIPDTVGFCLPNEYGNIIAQVRNRVPNIDKAVISVHCHNDLGMATANSLTAVQNGARQIECTINGIGERAGNTSLEEVVMAMKVRQDFMGVDTRINTQEIHRVSQMVSQLCNMPIQPNKAIVGSNAFAHSSGIHQDGMLKNKNTYEIMSPETIGLKKEKLNLTARSGRAAVKGHMTDMGYNEQDYDLDKLYDAFLKLADKKGQVFDYDLEALAFIDMQQGDEDRLVLDKLSAHSTKEYPATAFVQLKLDGEKLSTSSIGGNGPVDAVYNAILNLTGLEIKMSHYNLTAKGEGAEALGQVDIVVEHKGRKFHGVGLATDIVESSALALVHAINAIYRAHKVADIKNHKHH,length1,1545
-1,651656,651599,57,MDKFTARSTARTWCIIAFT,length1,57
-1,651284,651278,6,MA,length1,6
-1,650696,650651,45,MKQRAKRQFCILTVI,length1,45
-1,650618,650582,36,MGYVSQIAKYVK,length1,36
-1,650531,650492,39,MSINLKVKPKFKC,length1,39
-1,650036,650015,21,MKLHLHI,length1,21
-1,650000,649949,51,MPQKAKIGRMPLLIGKP,length1,51
-1,649937,649913,24,MMHNLTLW,length1,24
-1,649841,649742,99,MKPYQIRKKWQILYNVLRRKKPYIILAWKLALI,length1,99
-1,649424,649409,15,MDVPI,length1,15
-1,649175,649163,12,MALS,length1,12
-1,648911,648896,15,MGVGK,length1,15
-1,648500,648356,144,MIFQFKSCVILLLVFHIVSKIIYTYINFAVALVCIISSRQNWRNGKLA,length1,144
-1,648164,648131,33,MASKFRIIIGL,length1,33
-1,648083,648041,42,MIIRIIFRIEINLC,length1,42
-1,647813,647786,27,MLRNCFPYI,length1,27
-1,647126,647120,6,MF,length1,6
-1,646670,646571,99,MLAGWNTIWSIFWFNNCNFFWIFLFICKRLICF,length1,99
-1,646436,646427,9,MKI,length1,9
-1,646379,646259,120,MCNSNCFWRISYNRIPCSCSIKTILILRCCTCCSRCRWCW,length1,120
-1,646223,646154,69,MVTWYARCISLNIRCCNTWRIDS,length1,69
-1,646127,646052,75,MQVITSIIFFQSVAPSTSINFAISQ,length1,75
-1,645992,645959,33,MIWLASFICYL,length1,33
-1,645800,645782,18,MNMSIF,length1,18
-1,645770,645749,21,MNITIAC,length1,21
-1,645746,645725,21,MPMAIFG,length1,21
-1,645686,645668,18,MQIGFA,length1,18
-1,645575,645476,99,MTSHIACIVRTYTNGIACFIADMNLCFIRGCDI,length1,99
-1,644807,644798,9,MIN,length1,9
-1,644768,644735,33,MFKSEIIAIGI,length1,33
-1,644510,644387,123,MVSFRITYFPRYSFSLFNRNSAAYPSNIVSCSFNFIVSFKE,length1,123
-1,644363,644354,9,MII,length1,9
-1,644180,644171,9,MIF,length1,9
-1,643493,643424,69,MSKIKVIHILMCVFYAYNILRID,length1,69
-1,642989,642926,63,MIMIFDIFLKLAYFPPHFWLI,length1,63
-1,642905,642863,42,MDRKHFFVFHLHFF,length1,42
-1,642740,642719,21,MALLFFH,length1,21
-1,642716,642701,15,MLALC,length1,15
-1,642515,642494,21,MKADINF,length1,21
-1,642182,642134,48,MGKIGNFIAIFAVNFY,length1,48
-1,642089,642062,27,MLAFLDLSK,length1,27
-1,641450,641447,3,M,length1,3
-1,640931,640883,48,MKAEFDSIIRLLNLYQ,length1,48
-1,640736,640667,69,MQDLLYFLAPPISGGSCRRLRGD,length1,69
-1,640646,640562,84,MGTFPRKQGKARYLSSEKFFAVLYLFQF,length1,84
-1,640556,640367,189,MRTKCGLNSPNLLECYCLARGILALHGKRLIRLCDHGQRHDRFQANCGLLILLLTPWQFGEGE,length1,189
-1,640175,640130,45,MHPQVHARWYASVEQ,length1,45
-1,639647,639557,90,MVRLVLEQVFDRLHVRVGSIYLQQSYQISV,length1,90
-1,639059,639011,48,MRQCDIDSVLNLSGAF,length1,48
-1,638990,638924,66,MLRYSFVLMLRSEYNYQHFDVD,length1,66
-1,638792,638783,9,MPE,length1,9
-1,638741,638693,48,MNVVLAIHFEILLLIE,length1,48
-1,638537,638495,42,MLHTNRREYVSINH,length1,42
-1,638291,638279,12,MFQA,length1,12
-1,638033,637991,42,MPYYCVLRNNNFSL,length1,42
-1,637658,637613,45,MNKVYHVLGGNSYLD,length1,45
-1,637406,637367,39,MHHNLSLDKKSHC,length1,39
-1,637328,637295,33,MSYHGYQIFVV,length1,33
-1,637010,636911,99,MHLYGLGFPPNFVECKWRPLQIPLVFQLQLKNG,length1,99
-1,636863,636722,141,MICLLLRYRLLICFEMLQNQLVLHFHTQKNCPPCLFRRPLHFHIQFH,length1,141
-1,636374,636368,6,MI,length1,6
-1,636320,636299,21,MKLKDKK,length1,21
-1,636164,636140,24,MKVRLRDF,length1,24
-1,636077,636056,21,MPRLLQF,length1,21
-1,635897,635873,24,MFYCQNQQ,length1,24
-1,635819,635804,15,MSCHH,length1,15
-1,635630,635579,51,MLLLYRFYLLPHGAYYL,length1,51
-1,635264,635249,15,MFPRW,length1,15
-1,635231,635213,18,MWGLYL,length1,18
-1,634625,634595,30,MVYSHLHLRN,length1,30
-1,634277,634265,12,MDKI,length1,12
-1,634259,634253,6,MA,length1,6
-1,634208,634205,3,M,length1,3
-1,634175,634166,9,MIY,length1,9
-1,633800,633752,48,MKMNLPKFNLKNYVQR,length1,48
-1,633749,633734,15,MMKNF,length1,15
-1,633656,633644,12,MMII,length1,12
-1,633500,633443,57,MGMENIIGIIKNTMRLLFV,length1,57
-1,633371,633341,30,MQAVALERIQ,length1,30
-1,633332,633308,24,MRINWVFV,length1,24
-1,633254,633221,33,MENLVIKSENI,length1,33
-1,633218,633116,102,MVIIISFHQHYFIYLKAPNFGLLAWIFIEKIHKH,length1,102
-1,633110,633089,21,MLINKRH,length1,21
-1,633059,632999,60,MVFHHVLLLVMPIECIERKI,length1,60
-1,632876,632807,69,MLFIVMIKIEFISKLEKYFKVVN,length1,69
-1,632642,632510,132,MKRTFQPSVLKRSRTHGFRARMATKNGRQVLARRRAKGRKSLSA,length1,132
-1,632054,632039,15,MVLKH,length1,15
-1,631928,631898,30,MMRKNNGLKT,length1,30
-1,631847,631835,12,MAVG,length1,12
-1,630257,628829,1428,MCLSLFCYRGYTYPRSTPDNNRFYMKETIVAQATAPGRGGIGILRVSGPLATEVAQAILGKCPKPRMADYLPFKDADGTILDQGIALYFKSPNSFTGEDVLELQGHGGQVVLDLLLKRILQIDGIRLARPGEFSEQAFLNDKLDLAQAEAIADLIDATSEQAARSALKSLQGEFSKKVNELVDSVIYLRTYVEASIDFPDEEIDFLADGKIEANLRGIINQLENVRSEAKQGSILREGMKVVIAGRPNAGKSSLLNALAGREAAIVTDIAGTTRDVLREHIHIDGMPLHIIDTAGLRDATDEVERIGISRAWTEIEQADRIILMLDSSDPESADLSKVRSEFLAKLPSTLPVTIVRNKIDLNGEQASESEEGGYQIISLSAQTHDGVQLLREHLKQAMGFQTGIEGGFLARRRHLDALEKAAEHLQIGLVQLTEFHAGELLAEELRLVQSYLSEITGQFTSDDLLGSIFSSFCIGK,length1,1428
-1,628700,628682,18,MLIFYV,length1,18
-1,628520,628499,21,MILMRQK,length1,21
-1,628322,628310,12,MLKN,length1,12
-1,628292,628286,6,MK,length1,6
-1,628184,628094,90,MVTLQFYVLRYLLNKYKMALLTVNLLFLLK,length1,90
-1,628028,627905,123,MKWQNNQYLMMKSKLIMKLIKNLLFSQSRLKFSILIFLQIT,length1,123
-1,627803,627692,111,MNKMRKWFMRNYRKGQISLMSLKRNLWIKFLARMAGI,length1,111
-1,627680,627629,51,MRMNYQKPLKMPQLHCR,length1,51
-1,627605,627578,27,MWTAITILC,length1,27
-1,627545,627542,3,M,length1,3
-1,627374,627359,15,MCQLD,length1,15
-1,627347,627302,45,MLFTQYLNQIARILV,length1,45
-1,627284,627281,3,M,length1,3
-1,627164,627134,30,MCLMKKHNKQ,length1,30
-1,627098,627062,36,MALISQVSRLLR,length1,36
-1,627032,626942,90,MVYFQLPNQNQMKLFIKWCIIQMAMWLLLP,length1,90
-1,626807,626744,63,MTLSSIKMMKCNNNRLNDNLR,length1,63
-1,626585,626579,6,MY,length1,6
-1,626435,626375,60,MEFHLWGLSLLFMKRILMKP,length1,60
-1,626195,626141,54,MRINSVFIPFFFILNLIE,length1,54
-1,626138,626126,12,MICI,length1,12
-1,626093,626036,57,MRLLNGIFNLLCQNIKIIF,length1,57
-1,625994,625982,12,MVFH,length1,12
-1,625739,625724,15,MKRFL,length1,15
-1,625691,625667,24,MTMKCCLY,length1,24
-1,625466,625451,15,MNPIR,length1,15
-1,625433,625322,111,MGLLIMRILKVYHCIQIIFINKIMKFLSSCFRVIVKR,length1,111
-1,625280,625175,105,MVLLIGWELRKNIYKAWISSILKNRKLRYLIGITL,length1,105
-1,625172,625118,54,MLKSWLMIQQNYQKPFSK,length1,54
-1,624950,624878,72,MKVLMCCLFSILPMSAIMVRHLVS,length1,72
-1,624788,624752,36,MLNKKSKILLMH,length1,36
-1,624707,624608,99,MVSSWISLISIGIFIIIQCLISLILPFVLAQGC,length1,99
-1,624599,624557,42,MRLRAKRKKYKINK,length1,42
-1,623153,623150,3,M,length1,3
-1,622838,622835,3,M,length1,3
-1,622442,622394,48,MLLCTIKPNYKIRRKV,length1,48
-1,622304,622301,3,M,length1,3
-1,622124,622079,45,MRRQILRKGILLKWN,length1,45
-1,622040,622022,18,MILWHF,length1,18
-1,621938,621932,6,MR,length1,6
-1,621887,621875,12,MLSS,length1,12
-1,621827,620213,1614,MLSLFHHPQLRPRHYAGGVVVISFIILFYGSALSSIFTLGDELQWRAWFTDDYLQHLILFSFGQALLSTVLSIFFGLLLARALFYKPFFGKKWLLKLMSLTFVLPALVAIFGLIGIYGSSGWLAWFANLFGMSWQGHIYGLSGILIAHLFFNIPLAAQLFLQSLQSIPYQQRQLAAQLNLQGWQFVKLVEWPVFRQQCLPTFSLIFMLCFTSFTVVLTLGGGPQYTTLETAIYQAILFEFDLPKAALFAMLQFVFCLLLFSLTSRFSPSNQNGLSNSNIWFVKPKSAVKIFYVFVLIVFVFFLFSPVLNILISALSSSSLLKVWHNSQLWRALGYSLSIAPLSALLALTMAIALLLLSRRLEWLHYQKIAQFIINAGMVILAIPILVLAMGLFLLLQERDFSNIDLFIIVVFCNALSAMPFVLRILSAPFHNNMRYYENLCNSLGIVGWQRFYLIEWKTLRAPLRYAFALGLALSLGDFTAIALFGNQEFTSLPHLLYQQLGNYRNQDAAVTAGILLLLCGILFAFIHTYRDADDLSK,length1,1614
-1,619199,619070,129,MLMRSSLKQKLRKHVVRDVSVWGLLGEALSQKILRKSQKLLKP,length1,129
-1,618947,618938,9,MQK,length1,9
-1,618917,618899,18,MIVLVP,length1,18
-1,618842,618815,27,MKPVKNGLD,length1,27
-1,618728,618716,12,MRKN,length1,12
-1,618656,618626,30,MFAFLQVVVV,length1,30
-1,618572,618518,54,MAINYLLQIIQKKMAISY,length1,54
-1,617117,617108,9,MRT,length1,9
-1,616919,616877,42,MTINGNIVVIVECD,length1,42
-1,616769,616742,27,MAFTVKLSS,length1,27
-1,616625,616622,3,M,length1,3
-1,616571,616568,3,M,length1,3
-1,615896,615839,57,MRSLYRTESLLSYTAQSWT,length1,57
-1,615785,615773,12,MFGW,length1,12
-1,615707,615683,24,MLKWILLN,length1,24
-1,615602,615587,15,MKLRN,length1,15
-1,615398,615344,54,MAGKLQLLQADLLILRII,length1,54
-1,615290,615272,18,MENSQA,length1,18
-1,615260,615215,45,MWLMPNIKLKHCNIC,length1,45
-1,615161,615149,12,MTWQ,length1,12
-1,615143,615131,12,MWRD,length1,12
-1,615116,615077,39,MLNLKCNNKRKLW,length1,39
-1,615032,614990,42,MIEFNKMGEDYAIF,length1,42
-1,614219,614213,6,MK,length1,6
-1,614207,614081,126,MRLLSMIPAWFVLTKTKLISILPFGLIYLSRQAKNVKYYKKA,length1,126
-1,614015,613952,63,MKMVYTFTHFFIAKMKTIMLI,length1,63
-1,613925,613844,81,MVVYLRCVIASYPHSVYTVCVHVASVC,length1,81
-1,613829,613787,42,MKFYWIYLKRKLSN,length1,42
-1,613763,613745,18,MQIWKS,length1,18
-1,613715,613694,21,MKPLMKH,length1,21
-1,613529,613508,21,MNHYSKK,length1,21
-1,613391,613385,6,MV,length1,6
-1,613349,613325,24,MAIQWQLD,length1,24
-1,612386,612380,6,ML,length1,6
-1,611537,611516,21,MCCSTSK,length1,21
-1,611435,611273,162,MIAKIGDCARDWNETKKCNKNWKCNSKHTQKNKIWKLTSNFCTLFTNMKLTSNE,length1,162
-1,611078,610997,81,MGERRSRLPTAYSRKNAVFSRENLFSD,length1,81
-1,608759,608726,33,MSLPSIAHAME,length1,33
-1,608408,608402,6,MR,length1,6
-1,608192,608159,33,MLDESIFIISI,length1,33
-1,607595,607448,147,MGSCCFYHVPFVGVSRKRCQLFSCVLHQRIAQHHRPHVLQGKCLKYRLG,length1,147
-1,607316,607301,15,MATSR,length1,15
-1,607196,607190,6,MR,length1,6
-1,606845,606830,15,MFGKW,length1,15
-1,606500,606380,120,MAATKQVILHSPHPLQRSLSISKVLEIACCGQAVWQSGQV,length1,120
-1,606059,606056,3,M,length1,3
-1,605936,605693,243,MQELDKNQNFLFCLVVQGNDTPKLRSVHVEIRLISAVDFLLNMQQALALSQYDLLVHLVVFEMRFDVVVRNRVMLRENYQK,length1,243
-1,605558,605486,72,MFLHQMKFPILASNLVGERMSKYQ,length1,72
-1,605312,605294,18,MLYAST,length1,18
-1,604940,604916,24,MLIHLIQR,length1,24
-1,604907,604865,42,MTKRLMHYSKLVCL,length1,42
-1,604736,604676,60,MRKILHQRQFHYSSLMSRLD,length1,60
-1,604664,604655,9,MHV,length1,9
-1,604535,604532,3,M,length1,3
-1,604199,603896,303,MTFLCIILRCIIRTCHMAITTTDTNFFIDDHETICIFVHCTSWANFCTSRICTMITRNRHIISKYILMPASICLLIPLTTCIFINTTKIDFCAKIFVILTG,length1,303
-1,603764,603749,15,MGVVS,length1,15
-1,603680,603662,18,MPQPLE,length1,18
-1,603443,603308,135,MDRRNAQNFGRELVKDELLHLLLISKFLLFQLDEKNKFQFCQMAF,length1,135
-1,603269,603260,9,MQL,length1,9
-1,603056,603050,6,MV,length1,6
-1,602930,602912,18,MSYDYQ,length1,18
-1,602663,602522,141,MECCTHFHEHQCYHREFQHYPLRLVTSRWHERLILHYYDVEAPSLGK,length1,141
-1,602354,602291,63,MFFHHNQHNIYLRKVDPRDFL,length1,63
-1,602039,601943,96,MPNHHHRYNLNRLQFVRCCNHHNGLNIHQYNS,length1,96
-1,601922,601904,18,MQEAKI,length1,18
-1,601823,601787,36,MRLQFQLKPHPN,length1,36
-1,601655,601619,36,MFLSPYYRFPHK,length1,36
-1,601589,601523,66,MDNGYHSLLYKHSKQYVPDYFH,length1,66
-1,601448,601439,9,MTP,length1,9
-1,600989,600971,18,MGSITI,length1,18
-1,600521,600509,12,MYRY,length1,12
-1,600317,600305,12,MGTS,length1,12
-1,599909,599843,66,MIICVFLCLSFHYVPLPMDFGC,length1,66
-1,599681,599630,51,MYRTFAFAVCNFFRSCE,length1,51
-1,599144,598979,165,MVDKRWAMAITVLFSIILSRLSCIATSTSESNALVASSNNRIGASFNITRAMAIL,length1,165
-1,598892,598823,69,MKSAASARSAAKTISSSVAFGRP,length1,69
-1,598712,598685,27,MVISPCCAS,length1,27
-1,598487,598337,150,MVWGLVKVFIPSFTVPIFSNKRADSHIIQRESPFTRNAMAVAVAIAPTPT,length1,150
-1,598124,597947,177,MRPVIKERASACRCAVFDSLGIRVRRIKPKSIIQVINGNKNQESNATSTTPEVIKYTNT,length1,177
-1,597263,597164,99,MASTDCCDCFNKNAADCNRTFVRKRPGDIPSCC,length1,99
-1,597029,597005,24,MPCSIKFC,length1,24
-1,597002,596996,6,MA,length1,6
-1,596888,596822,66,MGVSHKFICKYSGIDAVRSASC,length1,66
-1,596588,596564,24,MPFPASFS,length1,24
-1,596468,596459,9,MRC,length1,9
-1,596237,596201,36,MCLTLKLANLSH,length1,36
-1,596081,596045,36,MQVQLILILYVH,length1,36
-1,595904,595877,27,MSLLKGITP,length1,27
-1,595352,595334,18,MAYHFH,length1,18
-1,595163,595157,6,MK,length1,6
-1,595130,594977,153,MQGFIKNVPLHFTHFYGLSKIILCADLSGGFIIFIGCKLRFLQQLIAVNLE,length1,153
-1,594335,594299,36,MCKLNAFFLHKF,length1,36
-1,594077,594056,21,MSIPSKQ,length1,21
-1,593873,593852,21,MIAIFIE,length1,21
-1,593834,593774,60,MLPAFTFNFGIAGAVVHFLF,length1,60
-1,593729,593597,132,MVRFITQHHKVQFVQIRQCGLIFPPGANIVIQLLNAGKFNFNAV,length1,132
-1,593594,593525,69,MWAKCLHFANRNYRIALQNLLGK,length1,69
-1,593444,593363,81,MPIPFFKIIQNQRCHHHRFACTCCHIK,length1,81
-1,593357,593321,36,MGRAVFDIGEVL,length1,36
-1,593033,592943,90,MKHTFDLNPTFQASFVFVRQVVRFEIQVLQ,length1,90
-1,592814,592580,234,MEQVRHKQTRHRLANSRLWKYRLARLQSLFSSVQRQAFQYNPFVQYRCIGGSFYERRRRLCHCLNGSLGRCRFRWLLF,length1,234
-1,592373,592370,3,M,length1,3
-1,592220,592151,69,MLLLKKVRLYFLNLLEIYNHIIL,length1,69
-1,591839,591809,30,MFSQFPADFS,length1,30
-1,591743,591719,24,MADQYKSA,length1,24
-1,591566,591515,51,MLLRQKVGQFHQKQGFD,length1,51
-1,590852,590837,15,MCIKF,length1,15
-1,590735,590726,9,MLR,length1,9
-1,590696,590693,3,M,length1,3
-1,590672,590636,36,MLGKSVFWILLV,length1,36
-1,589562,589541,21,MLRHGLV,length1,21
-1,589400,589364,36,MPIQRGSRNEWF,length1,36
-1,588749,588722,27,MDGRGCLAP,length1,27
-1,588059,588053,6,MT,length1,6
-1,587936,587870,66,MPIACAKASKIKTPGKMGSPGK,length1,66
-1,587600,587495,105,MAGSSSLRYFSSIRFCNPKSFLSDSLENKSSVCVN,length1,105
-1,586868,586844,24,MRSTKLKL,length1,24
-1,586457,586430,27,MPNFTALLY,length1,27
-1,586409,586391,18,MAKAIK,length1,18
-1,586184,586133,51,MRATLGSVNIPEPIKIK,length1,51
-1,586040,585965,75,MSLLSTFHSEFPYLTSSLLSGYFIE,length1,75
-1,585932,585221,711,MSQPIYKRILLKLSGEALQGEDGLGIDPAILDRMAVEIKELVEMGVEVGVVLGGGNLFRGAKLAKAGMNRVVGDHMGMLATVMNGLAMRDSLFRADVNAKLMSAFQLNGICDTYNWSEAIKMLREKRVVIFSAGTGNPFFTTDSTACLRGIEIEADVVLKATKVDGVYDCDPAKNPDAKLYKNLSYAEVIDKELKVMDLSAFTLARDHGMPIRVFNMGKPGALRQVVTGTEEGTTIC,length1,711
-1,585215,585179,36,MLKRIILKKIHN,length1,36
-1,584843,584825,18,MGSRYQ,length1,18
-1,584594,584534,60,MMCQRLRIMRVILGYSTLDS,length1,60
-1,584528,584480,48,MQKVRTLCMHQALQPI,length1,48
-1,584387,584369,18,MLRFLF,length1,18
-1,584261,584177,84,MSKVESSGKLIALNQLMLAQILKLPQIE,length1,84
-1,584105,584051,54,MRSPIKTSRSQWYNPTLD,length1,54
-1,584039,583979,60,MELDNLTSSSRLPMLEWNVI,length1,60
-1,583784,583718,66,MYWMNKTYTIWANCYTVLAAYA,length1,66
-1,583709,583562,147,MYIYNASLFINKRCTSWTNCYTRCICTMLARLTKELVFLIWKFPIRFTT,length1,147
-1,583469,583412,57,MYHCVTFRFIRLVFFCKRR,length1,57
-1,583013,583004,9,MLP,length1,9
-1,581831,581816,15,MSPAK,length1,15
-1,580487,580472,15,MQMPS,length1,15
-1,580181,580172,9,MAH,length1,9
-1,579758,579710,48,MAFPTAPHDLKKLEHN,length1,48
-1,579587,579521,66,MAMEYVLSRRPHRYLVQIDKSI,length1,66
-1,579443,579428,15,MNVQN,length1,15
-1,579326,579242,84,MCDHPPKYRGGGFCVPILLLLERAFDFL,length1,84
-1,578657,578621,36,MLFVVLVDNTKD,length1,36
-1,578294,578246,48,MGTLQYHPNPMPSFAK,length1,48
-1,578111,578099,12,MPVK,length1,12
-1,578000,577826,174,MRFLRRWSLIQCDLSHLDGKFYFVLAQTSVQRAVEFPCVLDFAFARLRQYHEFHALHS,length1,174
-1,576956,576929,27,MCVLPSCFS,length1,27
-1,576704,576686,18,MEHLIF,length1,18
-1,576644,576638,6,MA,length1,6
-1,576632,576614,18,MSCKCA,length1,18
-1,576239,576230,9,MRR,length1,9
-1,576014,575987,27,MRKVKKGSL,length1,27
-1,575915,575810,105,MVHFALAQIANNTPTTQIAYNILFLLSIMSVYFYQ,length1,105
-1,575714,575612,102,MLMLIHLKSNPTLINFVQDVNLKASQMGTLILLQ,length1,102
-1,575588,575549,39,MQRRKMQNHNDSL,length1,39
-1,575543,575477,66,MQHLIMQQLQLKQGKSKELAFH,length1,66
-1,575420,575402,18,MERNDR,length1,18
-1,575345,575342,3,M,length1,3
-1,575210,575150,60,MRMDLIAQKMNLYKSLELIR,length1,60
-1,575141,574859,282,MERLVINYQKPRQILMLVQNHLRIIPSPKQNAKLDYQFLHDIQNPMDVRITLPRLILMQCKNLRKILHIQLAKLQILHHLQLITKLGYHPNGEQ,length1,282
-1,573911,573881,30,MSFKFSFHCG,length1,30
-1,573680,573677,3,M,length1,3
-1,573380,573296,84,MRIIRPVSTKLEFHNNTGGHPKGKVNTK,length1,84
-1,572795,572777,18,MINFIV,length1,18
-1,572666,572663,3,M,length1,3
-1,572516,572480,36,MISYNHLYSNTD,length1,36
-1,571646,571583,63,MGASALQASQSSGRSNHRYGR,length1,63
-1,571217,571199,18,MARCGG,length1,18
-1,571136,571118,18,MSFGIR,length1,18
-1,570767,570755,12,MFLK,length1,12
-1,570446,570416,30,MLEQKAKCQP,length1,30
-1,570401,570386,15,MSSIL,length1,15
-1,570377,570320,57,MLLQSRFLHHRYFAYWLST,length1,57
-1,569228,569102,126,MPCSGRSSKFKQRKKVVFPEPEGPKIATTSPLLISKSMPFNT,length1,126
-1,568460,568394,66,MTANGNVYKIAASNIGQNELIT,length1,66
-1,567725,567686,39,MESKWCISPFSPY,length1,39
-1,567209,567134,75,MFITTIDMINTIYNGFTRCDTTCKH,length1,75
-1,567008,566945,63,MHKTIFKNRFSDNACTFCHHI,length1,63
-1,566903,566852,51,MWCSTNIHCFRAITKHI,length1,51
-1,566321,566306,15,METSD,length1,15
-1,566243,566222,21,MIDIRGI,length1,21
-1,565973,565934,39,MHDRVSIFLRYKF,length1,39
-1,565562,565547,15,MLKTR,length1,15
-1,565331,565205,126,MYQYLVCLKYQPNFLSYLPAYLRLLLPYRRLSIPHFYCLYAI,length1,126
-1,565079,565037,42,MFVRTFAQSTHQKS,length1,42
-1,564995,564980,15,MNLIL,length1,15
-1,563558,563492,66,MHLLHKQRKMLTNLWLADQCTK,length1,66
-1,563282,563258,24,MTFWSAII,length1,24
-1,562730,562682,48,MIAVIFPFFTCKFRLS,length1,48
-1,562580,562565,15,MTLKS,length1,15
-1,562352,562337,15,MENKH,length1,15
-1,562331,562265,66,MPINNKPVKDTDLIKKIAKEKL,length1,66
-1,562130,562127,3,M,length1,3
-1,561566,561548,18,MYSFYC,length1,18
-1,560873,560840,33,MAVSSALMDFR,length1,33
-1,560624,560612,12,MRRF,length1,12
-1,560462,560432,30,MILLMALLNN,length1,30
-1,560120,560090,30,MCLMGDNWRF,length1,30
-1,559949,559211,738,MWKWLHPYAKPETQYRICGKLSPLFAFLTLILLGVGIVWGLAFAPADYQQGNSFRIMYVHVPTAIWSMGVYGSMAIAAVVALVWQIKQAHLAMIAMAPIGALFTFLSLVTGAIWGKPMWGTWWVWDARLTAELILFFLYLGILALYSAFSDRNIGAKAAGILCITTVVILPIIHFSVEWWNTLHQGASITKFEKPSIAIPMLVPLILCIFGFLTLYIWLTLVRYCVELLKEDAKRPWVKALAQTLK,length1,738
-1,559166,558965,201,MFFQTWSDFFNMGGYGFYVWLSYAVSLVAVIALIVQSVKQRKTVLQNVLREQQREERLQQANKGDTL,length1,201
-1,558884,558839,45,MHYVKISTCFIRHLK,length1,45
-1,558710,558620,90,MILVLRSLLNMKAFCQIFSVKGRGLWLKAY,length1,90
-1,558572,558548,24,MKIMCRQN,length1,24
-1,558185,558173,12,MGFP,length1,12
-1,557210,557204,6,MA,length1,6
-1,556490,556469,21,MGRYTHG,length1,21
-1,556283,556256,27,MHKAKILKH,length1,27
-1,556115,556097,18,MPNINI,length1,18
-1,556046,556028,18,MNHLKQ,length1,18
-1,555980,555953,27,MKKVLSVWI,length1,27
-1,555944,555920,24,MVRQKRSL,length1,24
-1,555917,555905,12,MEKA,length1,12
-1,555890,555878,12,MLEM,length1,12
-1,555839,555776,63,MTNFRSNNNEKNMVIFDRIFV,length1,63
-1,555677,555668,9,MSK,length1,9
-1,555500,555440,60,MDCAIIACVVRRGVFIKTQT,length1,60
-1,554843,554807,36,MVDARSNWDEFR,length1,36
-1,554342,554258,84,MNNKNCTFFFVLLHYWKFIYFTIFDCRK,length1,84
-1,553700,553649,51,MLELLVVILLHKLKRIK,length1,51
-1,553244,553226,18,MHTLCD,length1,18
-1,553202,553103,99,MRFTPKYKNSVRYNFPYIRHLLKFFKICVFKRI,length1,99
-1,553091,553076,15,MISKI,length1,15
-1,552905,552899,6,MN,length1,6
-1,552824,552818,6,MF,length1,6
-1,552575,552572,3,M,length1,3
-1,552215,552164,51,MRSRQINPLSNSNTISI,length1,51
-1,552071,552065,6,MF,length1,6
-1,551642,551636,6,ML,length1,6
-1,551615,551609,6,MK,length1,6
-1,551462,551450,12,MYLA,length1,12
-1,551420,551402,18,MNIKVR,length1,18
-1,551390,551309,81,MNLHSSKIGLLCICIKNFLFFSQYNTL,length1,81
-1,551291,551267,24,MGSTHHHT,length1,24
-1,551108,550910,198,MIHFIFTQDKTQVFKSLHQFSTIKFFARFWNKIKLNIASCLFWLSCRFCFWFIEREVVVYLMFFVR,length1,198
-1,550748,550649,99,MIPHIINRLRVRNRNFDVIHTFIALAIIDQFSF,length1,99
-1,550610,550490,120,MPIFHIGIRRNIVWLYHFFLRMGSRCWRSAVKFIGFIKIF,length1,120
-1,550232,550226,6,MN,length1,6
-1,549941,549920,21,MVCWRKK,length1,21
-1,549890,549869,21,MMIVSWI,length1,21
-1,549860,549785,75,MCLVCLLESGKNYVIAYPKLSPYFY,length1,75
-1,549653,549623,30,MHLAINELKV,length1,30
-1,549512,549506,6,MT,length1,6
-1,549461,549416,45,MFVQKIQGLLNSLQL,length1,45
-1,549203,549116,87,MPYWGEYGVASRKRWHAHKRERDCRCNEW,length1,87
-1,548210,548204,6,MQ,length1,6
-1,548108,548093,15,MAGKP,length1,15
-1,548072,548042,30,MQWTVSIFSF,length1,30
-1,547715,547685,30,MLHWVGKLVC,length1,30
-1,546887,546860,27,MLAKCEHFL,length1,27
-1,545690,545681,9,MLL,length1,9
-1,545519,545510,9,MTW,length1,9
-1,545381,545354,27,MTSGSVNDR,length1,27
-1,544697,544679,18,MPSIES,length1,18
-1,543374,543338,36,METIAVRNKAVT,length1,36
-1,543197,543176,21,MASKISK,length1,21
-1,543059,543014,45,MIGEKASNVVGILVR,length1,45
-1,542615,542606,9,MYT,length1,9
-1,542390,542378,12,MFFS,length1,12
-1,542324,542312,12,MRRN,length1,12
-1,542294,542276,18,MFKTFL,length1,18
-1,542270,542219,51,MKINMILSIFINQRTLI,length1,51
-1,542060,542009,51,MILFENIITDYLVIVGW,length1,51
-1,541619,541613,6,ML,length1,6
-1,541535,541520,15,MMLIK,length1,15
-1,541451,541430,21,MGMICLG,length1,21
-1,541394,541346,48,MCLLAQNKKPILLLSF,length1,48
-1,541313,541238,75,MMLILHLKVIQCGNMYKIFIILLIF,length1,75
-1,541100,541094,6,MR,length1,6
-1,541091,541076,15,MPLNV,length1,15
-1,541034,541022,12,MKLY,length1,12
-1,540887,540854,33,MIMMWQQCMVS,length1,33
-1,540773,540749,24,MKLQQLVH,length1,24
-1,540728,540704,24,MLIVAIHN,length1,24
-1,540647,540638,9,MKF,length1,9
-1,540632,540515,117,MAVLLLEALILMRKFADKVLILMIYFTLISVQLMYWHYP,length1,117
-1,540464,540365,99,MHAMQVGIVNLVSIFCKVKLHLKHLRNLSNKKI,length1,99
-1,539660,539612,48,MEKRSLQISCTRIKYG,length1,48
-1,538958,538850,108,MFAGRRSCCIRRSNSSYVGKWRRRTGIFMRNLHSLR,length1,108
-1,538577,538376,201,MLWEWNGFNLAFSVEFHYRISHRTETFCISCTKVVNTRNTILPTPNIHCSHIAYINKITAESFAACK,length1,201
-1,538307,538187,120,MIFTRPVNIEITETTYWRFCFWQNVTHILIEQEFRIAIHI,length1,120
-1,538085,537914,171,MQQLFRIFVVVVHNVFTIPFRSRRTCPLVEYRINIAKFIARNNRSNEIFFIAIICDV,length1,171
-1,537503,537461,42,MPPIQLDSLRLLKN,length1,42
-1,537404,537341,63,MWVCFDQDYQERTYSLEDLVT,length1,63
-1,537113,536444,669,MTSNQLAQYIDHTALTAEKNEQDISTLCNEAIEHGFYSVCINSGYIPLAKEKLAGSNVKICTVVGFPLGANLTSVKAFETQEAIKAGANEIDMVINVGWIKSQKWDAVKQDIQAVFNACNGTPLKVILETCLLTKDEIVKACEICKEIGVAFVKTSTGFNKGGATVEDVALMKQTVGNIGVKASGGVRDTETALAMIKAGATRIGASAGIAIISGTQDTQSTY,length1,669
-1,536279,536210,69,MISPYRKPKFIQCFFKEKGIFII,length1,69
-1,535961,535913,48,MCPSIMACRAWIHRCH,length1,48
-1,535706,535661,45,MVWCAKRTLLPIMKI,length1,45
-1,535526,535463,63,MLPRCGNGQCSFSVLLSDNIR,length1,63
-1,535238,535181,57,MYATQLARQRKLCHKFKLL,length1,57
-1,534950,534932,18,MHLNGD,length1,18
-1,534854,534833,21,MKIVFAL,length1,21
-1,534818,534731,87,MKSFIPCFFCDLDRKIHILFRKKWRKPKI,length1,87
-1,534512,534389,123,MANIHQHNQSRQTFSFLQIFAQGFLPLDFHLLWHGSITIAW,length1,123
-1,533972,533933,39,MHQNIGVITYVAF,length1,39
-1,533789,533714,75,MPFVRIFYFYPKNLPHFLRRYGKNL,length1,75
-1,533609,533603,6,MN,length1,6
-1,533570,533513,57,MRCLLLLYKGQILKAQRKW,length1,57
-1,533348,533315,33,MMQFLANQAEN,length1,33
-1,533270,533219,51,MIFQVKNVPCIVNVMRC,length1,51
-1,533216,533201,15,MIWLR,length1,15
-1,532976,532913,63,MDLLRSNFGSGIGTADIKALV,length1,63
-1,532694,532646,48,MIILGSMINARAIPIR,length1,48
-1,532505,532445,60,MISPIFIRGLREASGSWKII,length1,60
-1,532085,532082,3,M,length1,3
-1,532025,531974,51,MDNLLANAINSVDCQEW,length1,51
-1,531482,531476,6,MG,length1,6
-1,531080,530951,129,MPGKLITKATLPFVQHHHLRVRPNYSSALVYLILRSLRMIQIE,length1,129
-1,530696,530684,12,MEMS,length1,12
-1,530564,530546,18,MKYVHR,length1,18
-1,530435,530411,24,MGRTKALR,length1,24
-1,530147,530129,18,MPPLKW,length1,18
-1,530096,530042,54,MRRLQIITPCQVNQIRFR,length1,54
-1,529469,529436,33,MVHLNDTSLRY,length1,33
-1,529211,529187,24,MFNNIKIA,length1,24
-1,529178,529157,21,MILWIFA,length1,21
-1,528911,528836,75,MPSSTRHIVTTCTTAINVSFPLLVF,length1,75
-1,528629,528536,93,MTFFDVSWGKHIGWCLTLAQYFIGDHITIKG,length1,93
-1,528092,528053,39,MNHKGVIIFCFHA,length1,39
-1,527876,527798,78,MECPGFEVRCIFPAFSRTRLKFTFRV,length1,78
-1,527690,527675,15,MLFFI,length1,15
-1,527426,527369,57,MRGGNLGCIDFSYCKYFPT,length1,57
-1,527354,527336,18,MLIVLS,length1,18
-1,527294,526343,951,MTTQLDSLRNMTVVVADTGDIDAIKKYQPQDATTNPSLILSASALPQYAPLIDEAVAYAKAQSNDKAQQLIDAEDKLAVNIGLEILKIVPGRISTEVDARLSYNTQATVEKARKLIALYNAAGISNDRILIKIASTWQGIRAAEILEKEGINCNLTLLFSEAQARACAEAGVYLISPFVGRILDWYKANSDKKEYAPAEDPGVISVTKIYNYYKEYGYNTVVMGASFRNVGEITELAGCDRLTIAPALLKELQENSTALIRKLEYKGEVKAKPQPLTEAEFYWQHNSDAMAVEKLAEGIRKFAIDQEKLETMLSAKL,length1,951
-1,526178,526142,36,MVTEILLSNTFS,length1,36
-1,525998,525986,12,MTTI,length1,12
-1,525980,525968,12,MIIN,length1,12
-1,525869,525770,99,MVVEKRGYIRFCIFIYHSSREASFFRCIFIKPL,length1,99
-1,525596,525593,3,M,length1,3
-1,525413,525407,6,MF,length1,6
-1,525395,525392,3,M,length1,3
-1,525260,525182,78,MVFLLCSRVDYRLLYLWKNYRKNFCD,length1,78
-1,524714,524702,12,MGNG,length1,12
-1,524276,524249,27,MVYGWSCIL,length1,27
-1,523967,523886,81,MALFHLGKPNDSNGNVMDCSGIFISLS,length1,81
-1,523838,523724,114,MCNLFVLQQNWFRLRLSAFCVSWFSNNHRLYRIVLHNA,length1,114
-1,523598,523481,117,MWNYLQVERTNYKLARSGEKWCFVEIFRDFLKISSIFKV,length1,117
-1,523322,523286,36,MGKNRTKTSRTF,length1,36
-1,523229,523226,3,M,length1,3
-1,523106,523049,57,MAYSNCRGYRNWLQCRFCC,length1,57
-1,522563,522542,21,MVKTSVH,length1,21
-1,522023,521702,321,MSENNKPRYPLQQILVEDLFSSNKLVVLLLIGILVSAMGTIWITHKTRQLISENGMLILQRQALENEYRNLQVQEATEGDSTRVESIAISTLKMKVVSSEQEVEIRE,length1,321
-1,521498,521405,93,MFNLLMPIRYQMKRISVLCVKMKYYRCVVLF,length1,93
-1,521396,521378,18,MVSFYL,length1,18
-1,521264,521258,6,MI,length1,6
-1,521075,520928,147,MEMVLKALRKVLIPCLLVKTVHVLFVKINEEILLNISPMRKNMMHKMLP,length1,147
-1,520919,520838,81,MKNCNLWCIVRLKRRCLRIMQNLVLRC,length1,81
-1,520832,520811,21,MFVLGKC,length1,21
-1,520652,520622,30,MKLLILRPLN,length1,30
-1,520484,520475,9,MQV,length1,9
-1,520424,520238,186,MQIVNAGQILSVQQSLMVMVLLRHLYKLLVPMQPLVVSVFIARFLSLKLIRQLLGNGFSLKK,length1,186
-1,520127,520115,12,MDIM,length1,12
-1,520106,520055,51,MWHLLRVLHQLVILVMH,length1,51
-1,520040,519863,177,MIQKQENIMVVRFLPLYSLTLWAMRYVQMLFRKMLKQLKTQQRKVQNELFILANTRIKK,length1,177
-1,519803,519797,6,MI,length1,6
-1,519716,519635,81,MEINLLILLFILVRVRWFLRQNYLASI,length1,81
-1,519614,519605,9,MCR,length1,9
-1,519560,519530,30,MFFMIRPLKI,length1,30
-1,519503,519476,27,MAKPLFLNY,length1,27
-1,519419,519398,21,MDFWGKL,length1,21
-1,519194,519161,33,MLRRRNACSLN,length1,33
-1,519137,519107,30,MLMMKLDTNG,length1,30
-1,519092,519080,12,MLLP,length1,12
-1,519071,519056,15,MRILK,length1,15
-1,518972,518951,21,MVFCIAH,length1,21
-1,518936,518933,3,M,length1,3
-1,518786,518753,33,MRIHQMRWKKR,length1,33
-1,518486,518480,6,MT,length1,6
-1,518366,516995,1371,MIKLSTVQLAQILQAKLIGDENVQVEEINTDTRKSVSNSLFFALKGEKFDAHQYLDQAVSQGALALVVQQENSSILVPQLVVKDTRIALGELAKWLREKINPRTVAMTGSSGKTTVKEMTASILQHTAADSEAVLFTNGNFNNDIGVPLTLLRLTEKHRFAVIELGANHQNEINYTTKLVQPNAALINNIAPAHLEGFGSLAGVVQAKGEIYRGLTKNGVAIINAEHNHLDIWQKEISNHAIQYFNGKDYSVKNVQGNEQGSTFTLVSPQGEIDISLPYLGEHNVKNALAATALAMNVGATLADVKAGLEQRSQVKGRLFPIQVTPNLLLLDDTYNANKDSLCAAIDVLKSYDAFLILCVADMKELGENSLAIHREVGQYVNLVNLDLVCSYGNESAVISEAVLGKHFTDKTEMVDFLVPLIENQLQQNKKVVVLGKGSRSMKMEDVIYSLKDKIKC,length1,1371
-1,516950,516908,42,MRFLILPSAQFLHY,length1,42
-1,516824,516770,54,MMALKVTLQKKAHPLWAV,length1,54
-1,516656,516617,39,MISVKLPVKILMD,length1,39
-1,516533,516521,12,MPPV,length1,12
-1,516434,516428,6,MQ,length1,6
-1,516407,516401,6,MD,length1,6
-1,515801,515705,96,MPIKTKILRSLGLAKQVFLVWIISYPNRLIFV,length1,96
-1,515465,515441,24,MEKVLLLL,length1,24
-1,515435,515411,24,MKWRKLLA,length1,24
-1,515360,515336,24,MKIVNFMY,length1,24
-1,515195,515177,18,MLRSEF,length1,18
-1,515171,515159,12,MRIS,length1,12
-1,515075,515060,15,MASNT,length1,15
-1,515048,515042,6,MK,length1,6
-1,514874,514814,60,MVFVGLMTLKQQMWGVQLLH,length1,60
-1,514688,514625,63,MVCSLQNFHHKAICLKQWNKR,length1,63
-1,514469,513287,1182,MEFLQNIKKNYDEWTRITHQGLLYDRALFWLFVILLLIGLVAVTSASIPYSSRLFNDPFYFAKRDAIYVLLSLLTCYISLQISSSQWEKWHAKIFLFSVILLLLVPFIGTSVNGAKRWISLGILNFQPAEFAKLALTCFLASYFTRRYDEVRSRHVSIFKPFIVMLVLGCFLLLQPDLGSTVVLFIIMSGMLFIVGAKILQFVGLIALGGILFVWLVLTASYRLKRFIGFLEPFKDPYGTGFQLTNSLIAFGRGEITGEGLGNSIQKLDYLPEAHTDFIMAIIGEEFGFIGILIVILLLGLLIFRAMKIGRESLMLEQRFRGFFALGIGFWIFFQGFVNLGMALGMLPTKGLTFPLVSYGGSSIIIMSATIGILLRIDHENRLFRIGQARLRDD,length1,1182
-1,513227,513164,63,MFFLPLQLLKLYKNKNGIFAG,length1,63
-1,513122,513071,51,MVFLFDLFKFLVCVVKV,length1,51
-1,513056,512894,162,MRLLPFFVPCCRQKKLFKKKSLTLYLVWEAMFLAPLALRQNFVVYQSFYMNKMR,length1,162
-1,512819,512810,9,MLK,length1,9
-1,512591,512579,12,MARI,length1,12
-1,512531,512492,39,MLGLMWLFAVLAH,length1,39
-1,512411,512372,39,MRNIYQMLTRRKL,length1,39
-1,512264,512249,15,MRHNV,length1,15
-1,510653,510587,66,MPDGLIENLSIRKVSSVRRKTG,length1,66
-1,510581,509663,918,MNLKQEKIAVLLGGTSAEREVSFNSGKAVLEALLKQGYNAHPIDPKEYNVANLKKDGFNRAFNILHGRGGEDGTMQGLLEQIGLPYTGCGVMASALTMDKMRTKMLWKAFGLPVADMKVVTRETFSELDPQAVVAKLGLPLMVKPSLEGSSVGLTKVKAVEELKSAVEYALKFDNTILIEEWLAGDELTVPVLDNQVLPAIRIVPEGEFYDYEAKYISDNTQYFCPAGLTPEREQELAILVKRAYDALGCRGWSRIDVMCDAKGNFRLVEVNTNPGMTSHSLFPKSAATVGISFEQLVVKILELSL,length1,918
-1,509507,509429,78,MISRLVHLHLLDKIPLLLLMILKKAY,length1,78
-1,509393,509336,57,MWHRFKSKLRLYLGLKVQS,length1,57
-1,509246,509213,33,MVSFFSFPLYV,length1,33
-1,509087,509042,45,MIAVRGRSSLIMILC,length1,45
-1,508976,508955,21,MCQKTKK,length1,21
-1,508790,508784,6,MV,length1,6
-1,508778,508766,12,MCLV,length1,12
-1,508715,508709,6,MP,length1,6
-1,508604,508583,21,MKVVLCR,length1,21
-1,508493,508457,36,MLFHKNTLLIVR,length1,36
-1,508280,508256,24,MKKISACV,length1,24
-1,508211,508187,24,MAHYVLAR,length1,24
-1,508157,508103,54,MILRTLVQFREQKQNGSK,length1,54
-1,508097,508013,84,MLVHFTQLVCTEIKKLRWQVLAVVRLVH,length1,84
-1,507947,507941,6,MN,length1,6
-1,507827,507791,36,MFSIVRCVLRVH,length1,36
-1,507704,507695,9,MMI,length1,9
-1,507680,507638,42,MILKELSLNLFGKE,length1,42
-1,506213,505298,915,MIKQRTLKQSIKVTGVGLHSGNKVTLTLRPAMPNTGVVYYRTDLNPAVAFPADPNSVRDTMLCTALINDQGVRISTVEHLNAALAGLGIDNIIIEVDAPEIPIMDGSASPFIYLLLDAGIEEQNAAKKFIRIKEYVRVEDGDKWAEFKPYNGFRLDFTIDFDHPAIGKDVRNYEMNFSAQAFVHQISRARTFGFMKDIEYLQSQGLALGGSLDNAIVLDDYRILNEDGLRFKDELVRHKMLDAIGDLYMAGYNIIGDFKAYKSGHGLNNKLLRAVLANQEAWEFVTFEDKEQVPQGYVAPAQVLI,length1,915
-1,505169,504014,1155,MALELSDIRQQITQIDRSLLKLLSERHRLAFDVVRSKEISQKSLRDVEREQQLLQELVQFAENENYQLEAQYITSIFQKIIEDSVLTQQVYLQNKLNEQRNQNLHIAFLGKRGSYSNLAARNYAARYQKQFVELGCQSFDQVFEKVQTGEADFGVLPLENTTSGAINEVYDLLQHTDLSLVGELAYPIKHCVLVNDKTDLSQIDTLYSHPQVIQQCSQFIHSLDRVHIEYCESSSHAMQLVASLNKPNIAALGNEDGGKLYGLSVLKTNIANQENNITRFIVVAKDPREVSSQIPTKTLLLMTTSQQAGALVDALLVFKKHQINMTKLESRPIYGKPWEEMFYLEIEANIHHPDTKQALEELKNYSNYLKILGCYPSEIVKPVSV,length1,1155
-1,503843,503828,15,MAIVK,length1,15
-1,503786,503783,3,M,length1,3
-1,503357,503345,12,MILI,length1,12
-1,503267,503252,15,MATED,length1,15
-1,503123,503051,72,MIISINFPTVIILSLLQVSFLIDR,length1,72
-1,502964,502847,117,MMLKLECSFHIDFLESVRQRLSPLVYYQQHRNQSDYRVA,length1,117
-1,502454,502433,21,MIGNQNT,length1,21
-1,502256,502232,24,MTNVKFFN,length1,24
-1,502088,501941,147,MHWEQTNVFAINNNFALILANKPNDHIERGCFTCTVWPEQTDNFIRIYG,length1,147
-1,501677,501635,42,MNFICFSIYWSAII,length1,42
-1,501626,501578,48,MECDWRTKCFYSFFFP,length1,48
-1,501344,501278,66,MFLPVPLMSPLVGVNFRLILIL,length1,66
-1,501167,501071,96,MLNFARRHYPLNTIFDLLSILLDLRLISSFVC,length1,96
-1,501026,500993,33,MLWDINKLKAR,length1,33
-1,500360,500222,138,MASSKDSSSGILARLALVKLTIFSPSCFKSSASRLISLLLTQIISS,length1,138
-1,500084,498731,1353,MKTAENSTALLKAQEQELRQAVSFAVALATKAGASAEVAVTKVSGLSVSARLQEIENVEFTNDGALGISVYMGQQKGNASTSDLSESAIKNAVEAALAIAKYTSPDDCTGLADKDLMAFDAPDLELYHAADVDVDKATELALQAEKAALEADERIINSNGASFNSHTGVKVYGNSHGMLQSYLSSRYSLSCSVIGGVEAALENDYEYTISREFDKLQSPIWVGENCAKKVVSRLNPQKLSTREVPVIFLNDVATGLISHFAAAISGGSLYRKSSFLLDHLGKQVLPDWFNISERPHLLRRLASTPFDSEGVRTQDREIVEGGILQTYLVTSYSGKKLGMPSTGHAGGIHNWLVKPNLTGGLTALLHQMGTGLLVTDVMGQGVNIVTGDYSRGASGFWVENGEIQYPVAEITIAGQLQDMLKNMVAVADDIEHRSNIQTGSILLDKMKISGN,length1,1353
-1,498692,498626,66,MNKYLLLYTHLLSDCRLLQQVE,length1,66
-1,498335,498329,6,MF,length1,6
-1,498317,498290,27,MMFMLVLLN,length1,27
-1,498140,498128,12,MAQV,length1,12
-1,497900,497849,51,MNLWWGMVSITRNAIVI,length1,51
-1,496754,496658,96,MGGYCQFGQFYCGFLRCYCLNVCGSRHFIVLR,length1,96
-1,495857,495797,60,MFLRYGDEVDHHLKASDLGV,length1,60
-1,495725,495674,51,MTNFFGCSNLCKRAYSH,length1,51
-1,495485,495308,177,METFSVSRNGVWFTRSGPEGSSQSRNYCVPRRSWEGFRPTFFFLYSLNQSFKEPIFFGD,length1,177
-1,495191,495179,12,MLQN,length1,12
-1,494978,494975,3,M,length1,3
-1,494531,494408,123,MQKCCTQWHDDLKGCKCSKSEKCNISRAVFICAKIGVTCKP,length1,123
-1,493874,493826,48,MRYYFFKIAHDGSSDS,length1,48
-1,493346,493289,57,MARRCACPTEMPNPPSFIS,length1,57
-1,492836,492797,39,MASAAPIPAARSW,length1,39
-1,492647,492293,354,MEIEVKNSNTAEERKASFSTSIVVSRKSSVAFSICSVCSEVRLKRRKVSKPRKRSKNWALRRERVSIFFWLLSAAAIPTMIINRGTSGAVIIKIKPAAQFKGNTAMKITTGTMAERLC,length1,354
-1,492239,492212,27,MLAQLPAGF,length1,27
-1,491975,491726,249,MNEESVAKTMFARINFLIGSCCARSHFCKYFWRSLFIVLVVIIEKVPLFKRVKRGELVRRFMLLEHLNSVLHPRLPYNQFPRR,length1,249
-1,491162,491150,12,MHHK,length1,12
-1,491120,491093,27,MGEKINLRD,length1,27
-1,490634,490592,42,MPKSSVSASSFRPA,length1,42
-1,490232,490154,78,MLNRWINDALSSMPENASNACASLNK,length1,78
-1,490133,490067,66,MRNCAAIICSFSQSTFPRINCP,length1,66
-1,489992,489827,165,MTSGFSKDCCSISVRFCSLISTIKGKSAMFYPCEKIMADFSKVRKILETFYHFYY,length1,165
-1,489692,489641,51,MVSKQSTEKPGQITAIF,length1,51
-1,489638,489599,39,MFCVAADSKNLSV,length1,39
-1,489398,489374,24,MEFAKALM,length1,24
-1,489347,489254,93,MKSKGTNPRSSLRALAKASNTAPVVELEYCG,length1,93
-1,489170,489155,15,MAIST,length1,15
-1,489095,489056,39,MASKGEPCSVQIA,length1,39
-1,489014,488939,75,MALSSGYHLQRGKSTTRGSVKNCHK,length1,75
-1,488084,488012,72,MFFNFSCKSAFCNLCFNHSCAVRT,length1,72
-1,487952,487748,204,MAGSTPTSGMPNFAIRFKNSAWVFAVLLKRFKKPLMCIALPFGLNGNKIGVKPNSCVSITKSRTTFAS,length1,204
-1,487484,487481,3,M,length1,3
-1,486662,486659,3,M,length1,3
-1,486503,486500,3,M,length1,3
-1,486218,486203,15,MSMRH,length1,15
-1,486041,485873,168,MIAALFSLQCCAIVWWSFLLFSLNSSASMFSKTSTELTALVSKISPFINTERNAKT,length1,168
-1,485630,485624,6,MD,length1,6
-1,485369,485309,60,MRFRLGNIVFDPFKHIRWRL,length1,60
-1,485285,485243,42,MSIRKERGESKKSV,length1,42
-1,485168,485132,36,MITLLNVPLGKT,length1,36
-1,485003,484994,9,MTK,length1,9
-1,484859,484838,21,MVLTIMA,length1,21
-1,484781,484754,27,MVYLVVTKF,length1,27
-1,484715,484640,75,MTILAVQKFVKQENLKLNILTTVHT,length1,75
-1,484622,484613,9,MKC,length1,9
-1,484601,484574,27,MFMAKQVLL,length1,27
-1,484550,484478,72,MKLQTVLVIAIKVVIACVPLVYSL,length1,72
-1,484343,484280,63,MLVFLTVSVKAKHQLLQHLKW,length1,63
-1,484253,484250,3,M,length1,3
-1,484187,484154,33,MAKFHKLKVQK,length1,33
-1,483611,483608,3,M,length1,3
-1,483563,483518,45,MQIGQLSHNYGLREN,length1,45
-1,483275,483224,51,MIWHAITSNWANDYAFS,length1,51
-1,482054,481997,57,MTFQGLQTRSSRFCDKFCI,length1,57
-1,481835,481814,21,MFKYEGT,length1,21
-1,481514,481385,129,MNVVILISDMAKIKIGNSSLFAIFYDSDFINFCKISCFFCRCS,length1,129
-1,481379,481367,12,MPTI,length1,12
-1,481199,481082,117,MAYFHYRNTLIEPVCKFILCFLQHFWENHRRTCAKIKDL,length1,117
-1,481058,481001,57,MKIMMSFLSLQKSIINAFY,length1,57
-1,480377,480296,81,MACLACTIFFLGEKLNYRWNNLSLFHF,length1,81
-1,480254,480248,6,MY,length1,6
-1,479867,479786,81,MNGNPASTMKIKFFIYLRNKSNCYRTL,length1,81
-1,479477,479447,30,MLALFFFICE,length1,30
-1,479375,479327,48,MNIDKTFRRKANELIL,length1,48
-1,479297,479279,18,MKNLFK,length1,18
-1,479180,479105,75,MRERHWMFGEIKRERLWRNRAISFA,length1,75
-1,478994,478943,51,MISLFNKMLHCALCHFA,length1,51
-1,478838,478820,18,MCLMMF,length1,18
-1,478619,478592,27,MFVTGRNEH,length1,27
-1,478466,478454,12,MKAW,length1,12
-1,478169,478148,21,MQYLMKS,length1,21
-1,478010,477905,105,MNILKWVLMVILVRCLMRLVNNLQILIKALIVKIH,length1,105
-1,477866,477842,24,MPPMKRMY,length1,24
-1,477821,477809,12,MHIV,length1,12
-1,477752,477731,21,MRKAKSR,length1,21
-1,477725,477635,90,MKIIKLLVWMRLYFLLNILKKLAKKIYTKV,length1,90
-1,477413,477371,42,MLHVMSQKILWQQV,length1,42
-1,477341,477266,75,MRLVWLIQHLSWSKPLELEKLQMNY,length1,75
-1,477227,477221,6,MA,length1,6
-1,477170,477095,75,MAISVVSNSLGKKWIAQKIYVLRQV,length1,75
-1,476954,476906,48,MIFIIRLSPFRVVKQS,length1,48
-1,476333,476330,3,M,length1,3
-1,476243,475733,510,MKKSLLAVIVGAFAFASVANANIYAEGDIGLSQTKANGSNNTRVEPRVSVGYKVGNTRVAGDYTHHGKVDGTKIQGLGASVLYDFDTNSKVQPYVGARVATNQFKYTNRAEQKFKSSSDIKLGYGVVAGAKYKLDGNWYANGGVEYNRLGNFDSTKVNNYGAKVGVGYGF,length1,510
-1,475556,475454,102,MPVIWRVMPLILFPTETEPAVPFQVETNSFLAVS,length1,102
-1,475181,475103,78,MLCLLQNVQMPILFSLIYVVIMLQCL,length1,78
-1,474995,474977,18,MLMPFL,length1,18
-1,474746,474734,12,MGCQ,length1,12
-1,474380,474326,54,MSIGINQIRLVHQIVHTN,length1,54
-1,474236,474212,24,MNERIAFA,length1,24
-1,472940,472802,138,MPVSCNSLIISTTCAVISGSSAAVGSSNNRTCGFIIRARAIATRCC,length1,138
-1,471755,471734,21,MPLLELI,length1,21
-1,471605,471590,15,MKILR,length1,15
-1,470861,470840,21,MYGYCTP,length1,21
-1,470642,470615,27,MSLFINLTK,length1,27
-1,470453,470393,60,MRSRRKFGDKRGVAESNALV,length1,60
-1,470276,470267,9,MKT,length1,9
-1,470138,470096,42,MAIRWRCPPENMWG,length1,42
-1,470006,469949,57,MINGSSKIEPIFLRGFNDA,length1,57
-1,469670,469304,366,MAFNNGVFSFTSFVIIKLLDIQLDCLARSAEYGILLYANRYDAIEVQLGDNIRWHKGSEDLINSLLGDRIFQGRPLVMILSEIFPLQIQVMNVTRLVCKGVLARGKYLLRCLLQRFVQHTSR,length1,366
-1,469181,469148,33,MPWLVRQQSII,length1,33
-1,468689,468614,75,MAFFYRQSEQKVLLRLIMPFCFPIV,length1,75
-1,468305,468242,63,MKSHNHDFFHSSSLLELNAHS,length1,63
-1,468197,468185,12,MALK,length1,12
-1,467717,467684,33,MTDTRIDHAVK,length1,33
-1,466865,466850,15,MYFCR,length1,15
-1,466802,466748,54,MHKGKGNKSNGNKSRDHH,length1,54
-1,466583,466577,6,MP,length1,6
-1,466292,466256,36,MVSFFCARVIPT,length1,36
-1,465710,465662,48,MPRVGVLITRSKAASS,length1,48
-1,465416,465305,111,MPTGSPFSPSVHKFLPRRSLLFAINSFALFRILAVER,length1,111
-1,465191,465128,63,MTLPVFPERILIHLYWILLVS,length1,63
-1,464897,464816,81,MYQQACLGGKAFSSKLCNFNNRLIKRS,length1,81
-1,464738,464732,6,ML,length1,6
-1,464618,464522,96,MLPSEIFSTAINQAIRCVNTRVLPDPAPASTR,length1,96
-1,464189,464183,6,MM,length1,6
-1,463958,463910,48,MVSTKEWEKCAIQVSL,length1,48
-1,463610,463589,21,MQRFSYL,length1,21
-1,463433,463358,75,MIIFFDENDRTFSRICDTDQRLKLL,length1,75
-1,463247,463223,24,MLKFGSKS,length1,24
-1,463157,463007,150,MDDMDSCSSCFKRLKIKRAISSAVVLKGTPKVFEFNFCNRVAIWLSRSLV,length1,150
-1,462932,462848,84,MTIAFFAPDSYKSPEISTCNLYVCPCKF,length1,84
-1,462812,462746,66,MSKLNSLEILNIFSTFLSQIFL,length1,66
-1,462671,462653,18,MFLYII,length1,18
-1,462368,462350,18,MRLFIH,length1,18
-1,462341,462260,81,MCDSFHNRCINQGLFNAEILHNGARLF,length1,81
-1,462248,462179,69,MTLPILKGNGFYVFFAVFSNSLE,length1,69
-1,461885,461813,72,MCILTVQKVRIQVLNLIKILANGD,length1,72
-1,461207,461189,18,MEPNHL,length1,18
-1,461099,461045,54,MDVSIRLHQNRKDPTNLG,length1,54
-1,461024,460928,96,MHARIIQLVRVALKDGLRYVAYALHLLAGGIS,length1,96
-1,460694,460655,39,MKFRLIYTIPEVI,length1,39
-1,460373,460361,12,MVVL,length1,12
-1,460259,460241,18,MEILYV,length1,18
-1,459926,459905,21,MVSATFK,length1,21
-1,459212,459170,42,MRQIALPETFLLIV,length1,42
-1,459014,458954,60,MKQRSFPLFVVSLPCLYVRH,length1,60
-1,458867,458810,57,MWDILMWIIIPPILWESLV,length1,57
-1,458795,458774,21,MRRVDLR,length1,21
-1,458714,458705,9,MKI,length1,9
-1,458633,458519,114,MQLITEKWRRVCMIRGALNIARKMVLNFSPQKGKKWIG,length1,114
-1,458456,458426,30,MVGAEKPSSI,length1,30
-1,458096,458069,27,MPSSCWWAW,length1,27
-1,458009,457973,36,MAGTTFSHFSNG,length1,36
-1,457064,456185,879,MAILIDKNTKVICQGFTGGQGAFHSEQALAYGTQLVGGVSPNKGGTTHLGLPVFNTVREAVENTGATATVIYVPASFCKDAIIEAIDAGIQLIVCITEGIPTLDMLKVKQKLNETGVVMIGPNCPGVITPDECKIGIMPAHIHKKGKVGIVSRSGTLTYEAVKQTTDEGFGQSTCVGIGGDPIPGSSFIDILERFQQDPETEAIVMIGEIGGSAEEEAAIFIKDNVTKPVVAYIAGITAPKGKRMGHAGAIISGGKGTAVEKIAALEAAGVTCVKSLAEIGEALRKLLKSSKN,length1,879
-1,456062,455441,621,MSQFFYIHPENPQARLINQAVEILQKGGVIVYPTDSGYALGCMMGDKHAMDRIVAIRKLPEGHNFTLVCSDLSELSTYATVNNTAYRLIKNNTPGRYTFILTATKELPRRLMTSKRKTIGLRVPDNKIALDLLSALGEPILSCSLMLPNEEHTTQSDPEEIRDRLEHQVDLIIHGGYLGQEPTTVVDLTEESPVILREGSGSTAPFI,length1,621
-1,455309,455276,33,MTDVQYLVLLA,length1,33
-1,455015,454964,51,MVKSLILATHKKKFAVY,length1,51
-1,454808,454799,9,MAN,length1,9
-1,454727,454715,12,MMRC,length1,12
-1,454682,454616,66,MVLLILKKLNLQAVWGLTNGMT,length1,66
-1,454409,454406,3,M,length1,3
-1,454307,453338,969,MKMHQLRYIVEIVNQNLNVTEAANALYTSQPGISKQVRLLEDELGLEIFERHGKHIKSITPAGKKIISIARELLVKAQGIRAVADEYTRPNHGVLRIATTNTQARYMLPSVIERFSKKYPDVSLHIHQGSPTQIHDALMSGEVDLAITTEAPYLFDDLVQIPCYWWNRAVIVSPEHPLAKVKELTIEELGKYPLVTYTFGFTGVSDLDSAFNSAGILPNIVFTATDADVIKTYVRLGLGVGIMASMAHTALDADLVLIDASHLFRPSMTNIAFKHSTFLRNYMYDFMEYFSPHLTRSVVEKAERLRDNNSVKKLFEGIELETK,length1,969
-1,452633,452552,81,MPQVRVVRFGLIQVELRFLFQMGLIDC,length1,81
-1,452285,452240,45,MKIWRSYTTDENVEL,length1,45
-1,452201,451700,501,MQDEFDLFRAETKGIKPIKQDTFVAPRQKRDQKKIELKELRVKEDTLFYFSDEYEPLLNDNDGVVKYLRDGEDSHLLKQLRRGDFSPELFLDLHGLTREQAKQELAALLLACENEHVDCANIMTGYGTFTLKKQIPRWLVQHPKVRALHQAPREWGGEAAILILVDL,length1,501
-1,451355,451109,246,MGHRLINQGVFLSQYGLLLSLFPHQHRYQMYLLSKRSLRLLDQYQMLSQNPQIELRFPQVVLQLDLGLPHSHRKQVLDLVIT,length1,246
-1,450800,450737,63,MQDLLKAHIPQCHVLRKVRLL,length1,63
-1,450656,450626,30,MQVGISEVNG,length1,30
-1,450503,450443,60,MPFAKYCLQYGRSAILLFQK,length1,60
-1,450206,450191,15,MHLNV,length1,15
-1,450068,450008,60,MNQRFQQDRGVYDQIHQQVH,length1,60
-1,449870,449849,21,MLVQFHS,length1,21
-1,449714,449693,21,MILPRLT,length1,21
-1,449471,449459,12,MYML,length1,12
-1,449273,449255,18,MPNNFK,length1,18
-1,449150,449132,18,MYFAKR,length1,18
-1,448769,448763,6,MK,length1,6
-1,448430,448160,270,MLDAIKLSASVCAAPAPKSALPFSPLSFHLIRASGKKNASAKPDNFSSPVAGSRIANFSEELPQLRIRTSFDIGTLYLIEVNRNPSFKMV,length1,270
-1,448130,448076,54,MNKINSSVRKKYKLYRIF,length1,54
-1,448031,447929,102,MISAVNFLRCFLWRFFPFLNRDKFILILGRRRRS,length1,102
-1,447827,447812,15,MQKMI,length1,15
-1,447659,447614,45,MNPCLLCKKNRHINI,length1,45
-1,447035,446984,51,MVLSTASVKFKFFKSNA,length1,51
-1,446924,446903,21,MNLFMQH,length1,21
-1,446876,446861,15,MRRVL,length1,15
-1,446852,446813,39,MMKTVSAYVKLMA,length1,39
-1,446804,446756,48,MCSVKSICYACKEMLD,length1,48
-1,446696,446693,3,M,length1,3
-1,446681,446651,30,MVSLWCITAI,length1,30
-1,446501,446453,48,MLFVKLTMIFVVLMPA,length1,48
-1,446369,446333,36,MAKLIICSPLKQ,length1,36
-1,446273,446270,3,M,length1,3
-1,446261,446219,42,MASFIHNNVPKVRC,length1,42
-1,446198,446024,174,MFILHAQIQRLMVSLFMRHVFIWGKNSGKKLQKNGRMKLIILMWSFLFLKPPQILRYK,length1,174
-1,445973,445910,63,MLVVPLLCQVKHSVLVLFVAN,length1,63
-1,445877,445715,162,MCYWWTILSFVAQPLSKLLKWLAQLVRRKFTLPLQLLKFVIRMYMVLICRVVMN,length1,162
-1,445697,445676,21,MLRKLHI,length1,21
-1,445457,445439,18,MNNKLR,length1,18
-1,445247,445244,3,M,length1,3
-1,445175,445139,36,MLFYGIRGGEVK,length1,36
-1,445121,445112,9,MVE,length1,9
-1,444710,444659,51,MKNWFASKIDDGIKLFL,length1,51
-1,444383,444338,45,MPSDFPMESSNRAIN,length1,45
-1,443912,443894,18,MIFLYL,length1,18
-1,443252,443246,6,ME,length1,6
-1,443084,443072,12,MYLC,length1,12
-1,442472,442463,9,MSH,length1,9
-1,442439,442397,42,MFSHFFKNCIDNAA,length1,42
-1,442100,442061,39,MTNRNPFITEVTV,length1,39
-1,441965,441920,45,MSHERTCRCTAWNHL,length1,45
-1,441761,441746,15,MEFVW,length1,15
-1,441233,441224,9,MMG,length1,9
-1,440885,440807,78,MGNSHRTFSFVYVLTSCPRCTININT,length1,78
-1,440687,440666,21,MNARFCS,length1,21
-1,440459,440429,30,MFATKHSTEL,length1,30
-1,440381,440342,39,MESVFVFCFDGKF,length1,39
-1,438995,438989,6,MN,length1,6
-1,438851,437255,1596,MLNPNQLYGIEQAVNLLVEAYQQQQKIVIVGDFDADGATSTALSVLALRQLGFSDVDYLVPNRFEQGYGLSIPVAEMAIEKGVQLLMTVDNGVSSFDGVEFLKEKGIRVLVTDHHLPPETLPPADAIVNPNLSQCHFPSKSLAGVGVAFYLMLAVRAKFRELGIFTAETQPNFTDLLDLVALGTIADVVPLDQNNRILAYQGLMRIRARHCRLGIIALAEVANRNVEQFTSSDLGFCIGPRLNAAGRLDNMSIGVELLLANEMSKARELALDLDQLNQTRKEIEAGMKLEAIKICQNLTALFKELPYGITLYQPDWHQGVLGIVSSRIKDQYHRPVIAFAQDSEGILKGSARSIEGLHMRDVLERIHSQHPNMILKFGGHAMAAGLSIREEHFDDFQHIFNQTVADWLDEEHLQGVIWTDGELNSNEFNLETAELIKSVGTWGQGFPEPCFDGEFKILDQRAIGQNKNHLKMLLEPKQGGVLLDAIAFNINTRLYPDLSIKQARLAYKLDINEFRGNRSLQLLVDYIEPIDE,length1,1596
-1,437015,436982,33,MFFSAGYFRAL,length1,33
-1,436793,436769,24,MGRKTRAR,length1,24
-1,436556,435869,687,MKIGIVGAMAQEVEILKNLMTERTETCVASAVIFEGKINGKDVALLQSGIGKVAAAIGTTALLQLAKPDCVINTGSAGGVAKGLKVGDIVISDETRYHDADVTAFGYEKGQLPANPAAFLSDKKLADLAQEIAEKQGQSVKRGLICSGDSFINSEDKITQIQADFPNVMGVEMEATAIAQVCYAFNVPFVVVRAISDGGDGKASISFEEFLPLAAKQSSALVLGMIDRL,length1,687
-1,435284,435239,45,MSSFEALFGRGLASA,length1,45
-1,434996,434978,18,MPSTSS,length1,18
-1,434300,434255,45,MVLPMLCAAIKLRSR,length1,45
-1,434027,433979,48,MSFCNSVISDGFFCSL,length1,48
-1,433964,433940,24,MSIFSLFV,length1,24
-1,433592,433436,156,MPNGLSSVITSLTLNVLKLALPAKAFIPLAPEKLLLLTSTPAIKLGSIAAPN,length1,156
-1,433277,433037,240,MLRMTWSMVCVSLKTFSRVLLALASVKGFLSFDITFSTTSICPNVSSARACVIVIPIVLIRPSVIKFNFIAFFIIVPIYF,length1,240
-1,432992,432986,6,MI,length1,6
-1,432881,432839,42,MDKFIRKINRTLMG,length1,42
-1,432506,432437,69,MLGWIRYLNLRKRIQSRLRKRRK,length1,69
-1,432320,432311,9,MDF,length1,9
-1,432221,432149,72,MESMRVRKEVYSLMKHLSQKYFLS,length1,72
-1,432104,432101,3,M,length1,3
-1,432059,432020,39,MVIDEYESQLKMQ,length1,39
-1,431999,431993,6,ML,length1,6
-1,431873,431858,15,MEIRN,length1,15
-1,431747,431741,6,MG,length1,6
-1,431714,431708,6,ML,length1,6
-1,431576,431549,27,MDENLIPLK,length1,27
-1,431264,431210,54,MSQSKVRQHKKVARFFLP,length1,54
-1,431108,430964,144,MQKHIPILRKCDQYLIKFNILFSFFTFLLLFVFSYSINRRIWNMIKIV,length1,144
-1,430817,430763,54,MRWLKSWAMLFIDKNLPF,length1,54
-1,430442,430295,147,MSRFVFFLAIFNIFFHTLWEFQVLSFVDGINFALFWHLHIFVGKTECTD,length1,147
-1,429950,429941,9,MGE,length1,9
-1,429851,429836,15,MNNFR,length1,15
-1,429506,428699,807,MKIALGIEYNGQNYYGWQRQEKVRSVQEELEKSLSHIANEKIEIFCAGRTDSGVSGTGQVVHFETNAVRPEKAWAFGTNAHLPDDIAVSWAKQVDDEFHARFSATARRYRYILYCNKLRSAILAGGITHCHLDLDAEKMHQAGQCLLGEQDFSSFRAAQCQSHTPWRNVHHLNVSRIGKYIIVDIQANAFVHHMVRNIVGSLIEVGAGNQPIEWMQWLLEQKNRQLAAPTAKPDGLYLVDVVYPQKFDIPKRPIGPLFLEDGLLNRTLK,length1,807
-1,428384,428192,192,MATPIKSTANQGIVILCDVFSDTPSLRVNNQESINKNGASIITRSILVMTAVFATIGSIFPPIA,length1,192
-1,428072,428039,33,MTTTAIATETL,length1,33
-1,427928,427742,186,MPKSAVRKKVEISIMASVTTAFKPTSAISPKVRRKPYSTMPARRSVPFANNTPFSTCEENCG,length1,186
-1,427739,427685,54,MVLPIAIPSKMAIIKALI,length1,54
-1,427103,427064,39,MVRLIFVQYLNVD,length1,39
-1,427061,427022,39,MQSWHLGKPYEYV,length1,39
-1,426683,426572,111,MTRKFVLFYFQSSWFFHTFFLCKRASWAKTTANWHLL,length1,111
-1,426473,426455,18,MMGTFD,length1,18
-1,426161,426137,24,MIFNSYAM,length1,24
-1,425705,425684,21,MLIDGFS,length1,21
-1,425348,425324,24,MDEIRQYR,length1,24
-1,425222,425189,33,MPDKTSFNTFQ,length1,33
-1,424808,424796,12,MDRV,length1,12
-1,424775,424760,15,MYQSK,length1,15
-1,424625,424622,3,M,length1,3
-1,424436,424373,63,MLVRLNVAICFVRFLYDKVLP,length1,63
-1,424139,424124,15,MPKTM,length1,15
-1,424106,424088,18,MWEEEP,length1,18
-1,424070,424049,21,MIFHRYR,length1,21
-1,423911,423848,63,MPPTEYGEEPTITLVFLLNKI,length1,63
-1,423689,423686,3,M,length1,3
-1,422780,422750,30,MRQDGGIWLK,length1,30
-1,422576,422570,6,MP,length1,6
-1,422108,420698,1410,MFNRVQKEINQIINRGFDRTLRLAVTGLSRSGKTAFITSLINQLLSINQHSSQHLPLFEAARNGAILAVKRVSQQDLSVPRFDYESNLNDLSQNPPQWFQSTRGVSETRLAIRFQRQSGLLRHLKERGTLYLDIFDYPGEWLLDLPLLNLDFQQWSQEQIKVTTGVRAELAQNWLSMLQNLDLSAVANEDVLAKIAKSYTDYLHQCKSQGMQFIQPGRFVLPSDLEGAPALQFFPLIHLSEEHWQTLKKTAKSNSYFAVLTKRYNYYRNKIVKGFYENYFSTFDRQVILADCLTPLNHSQQAFLDMQMGLNQLFNNFHYGSRNFLHRLFSPQIDRLMFVATKADHITRDQIPNLVSLMRQIVQEGGRHVEFEGIDTEYTAIAAVRTTKQVIVNQQGKEIKAIQGIRSIDKQPITLYPGTVPSKLPRAEFWQKQPHFDFDSFEPQPLEQGESIPHLRMDAVLQFLLSDRFE,length1,1410
-1,420608,420587,21,MLVPHRD,length1,21
-1,420506,420329,177,MQLNLQSKVNQTSIHFGEKVKAQFEYHLQVAYVNFHLNTKALFSLIVDHIVGKAKYPIY,length1,177
-1,419825,419741,84,MNEVAEKVMPHVLAHRHDQLCHHVRGIK,length1,84
-1,419525,419435,90,MAQQEYDMARQLLLRVNERLKHQMHCAPSK,length1,90
-1,419357,419243,114,MASSFAESMDGESLIHELRKPVYRLPSIESNRPNQYSA,length1,114
-1,419141,419126,15,MNHLQ,length1,15
-1,418991,418982,9,MLL,length1,9
-1,418790,418691,99,MDFHHGRRPSKRKYAQVLILPANRNLKIHGRFR,length1,99
-1,418613,418538,75,MALGEQYEFRWYAMLQRLNEVIDVQ,length1,75
-1,418457,418346,111,MNDVLFLLDVRSEQAQLIIFRRFYAPLPLKHFVLLSV,length1,111
-1,418184,418088,96,MLVLLYHRQHENYEKVYECFRLTREYPRPVHH,length1,96
-1,417944,417905,39,MLFREILKIIKKS,length1,39
-1,417677,417632,45,MVVRRNVRREYHHSR,length1,45
-1,417479,417452,27,MHPLVPKTD,length1,27
-1,417233,417137,96,MMKVNPMNLAYIQNTSQANHRPFFLPTFLNDF,length1,96
-1,416690,416675,15,MRRTK,length1,15
-1,416660,416654,6,MQ,length1,6
-1,416462,415637,825,MSNLQAIIEAAFEKRAEITPKTVDAETRAAIEEVIEGLDSGKYRVAEKIAGEWVTHQWLKKAVLLSFRINDNQIIDGAETKYYDKVALKFADYTEERFTEEGFRVVPSATVRKGAYISKNCVLMPSYVNIGAYVGEGTMVDTWATVGSCAQIGKNVHLSGGVGIGGVLEPLQANPTIIGDNCFIGARSEVVEGVIVEDGCVISMGVFIGQSTKIYDRETGEIHYGRVPAGSVVVSGSLPSKCGKYSLYCAVIVKKVDAKTLGKVGINELLRSIEE,length1,825
-1,415469,415397,72,MQFCGNLFTSVMRKVFSFQPGNVS,length1,72
-1,415226,415088,138,MATASNQPQRRGRPVTAPNSLPLRAISAPTSSNNSVVNGPPPTRVQ,length1,138
-1,415079,415064,15,MIPST,length1,15
-1,414773,414692,81,MFLSFSAKASLLNKSPTRKPRRATLSS,length1,81
-1,413906,413867,39,MQKAQLRVYWDRQ,length1,39
-1,413822,413786,36,MFRQIWRLRDGA,length1,36
-1,413621,413609,12,MNKK,length1,12
-1,413480,413471,9,MAT,length1,9
-1,412919,412916,3,M,length1,3
-1,412775,412745,30,MIETGSSLPP,length1,30
-1,412646,412637,9,MFS,length1,9
-1,412628,412586,42,MLKERKSQATQQFS,length1,42
-1,411857,411845,12,MEKI,length1,12
-1,411437,411434,3,M,length1,3
-1,411080,411050,30,MVNSGTCPAK,length1,30
-1,410999,410993,6,MR,length1,6
-1,410810,410762,48,MVCCLLIQYGRTCFYY,length1,48
-1,410549,410513,36,MSAIYGMTWQGS,length1,36
-1,410459,410396,63,MKKYFGWRFIQHYFLLEQHFM,length1,63
-1,410057,410042,15,MIKQE,length1,15
-1,409898,409850,48,MKRLIGGLAKRQRRVV,length1,48
-1,409739,409733,6,MR,length1,6
-1,409367,409337,30,MKYLNFGSYK,length1,30
-1,409334,409211,123,MINVASVLHYIAENCLKYVLGAGLNLVVHNNGWFLRYSLGL,length1,123
-1,409100,408419,681,MELKKIAVGLTALLGMSVANAHNVWLEPASSQDEYVVKFGHEQTETYPESKLKSIQALNAQGKLTAVDYQFRNGEAYLMPKSDLVFVHFDNGVWSKLPSGKYVEKTKREEPTAEFSTNPVKFGKAILKWDAESFKSHQQAYELIPQEKAQANKPLSILVLHNGKPVQGIKVGVSEDAPFNLTNEKGIAQFTPTKGFNKVWAEFEEKVTNNADYDRRTVEYMLTFDAQ,length1,681
-1,408404,407921,483,MKKFAFLTALFAACYLPNAYAHALYVFAQYDGQTLSGKSYYSDMTPAAETYLEVFRSGVSDPVLTGKTDRQGAFKLSIADVPHTTLKVVVEGDEGHRASVAAAHTSAENQSSADLMLLREDIAHLKDKIYLHDILGGIGYIVGIAGLIALRNARKIKQGRI,length1,483
-1,407762,407753,9,MCL,length1,9
-1,407723,407621,102,MAWLVYFLGGPFFQHSSSHFYCKSFSFLLVDLPC,length1,102
-1,407450,407432,18,MVVKVI,length1,18
-1,406706,406661,45,MSWFSVWQKERKIIC,length1,45
-1,406631,406607,24,MVERLFKI,length1,24
-1,406415,406358,57,MPMINFLAQQCWMMLPSGH,length1,57
-1,406187,406169,18,MNPPMD,length1,18
-1,406091,406073,18,MDLLTN,length1,18
-1,405710,405674,36,MTHFFDTFAHFS,length1,36
-1,405287,405272,15,MATTV,length1,15
-1,405224,405062,162,MIPIKGFAFSIIITIFTNCHTDGIENGIVVWPSWGADPNILCFSLTFNKFCRNA,length1,162
-1,404753,404657,96,MFKHSFSLCISCVMDNFILQPFYFIKKDFYKN,length1,96
-1,404120,404066,54,MHYQSHCNAKYHFVAGYA,length1,54
-1,403442,403301,141,MCVDRDYQAHYSFGFHGKIASVKAILHPNLLEFVRLTIQHLPHPQGQ,length1,141
-1,403295,403229,66,MFRLGFLLAFAQLNKGYLRHLT,length1,66
-1,402779,402533,246,MGRTEKLLDKLAQSKSTFNWNELVSLLAQQGYEKREMAGSRVRFYNRTLEHTILLHKPHPENYIKGGALKSVKESLKQVGIL,length1,246
-1,402509,402485,24,MLARLRRI,length1,24
-1,402314,402272,42,MYELARNCIEKLRS,length1,42
-1,402251,402197,54,MLLLRKRFKKKFFVKNQV,length1,54
-1,402146,399539,2607,MLAKAKYRKDYKQPDFTVTDIYLDFQLDPKHTVVTASTKFQRLNDEATSLRLDGHSFQFSSIKFNGEPFSAYQQDGESLTLDLKGKSAEEFELEIVTFLVPAENTSLQGLYQSGEGICTQCEAEGFRQITYMLDRPDVLACYTTKITADKSKYPFLLSNGNRIASGELEDGRHWVEWNDPFPKPSYLFALVAGDFDLLQDKFITKSGREVALELYVDRGNLNRATWAMESLKKAMKWDEDRFNLEYDLDIYMIVAVDFFNMGAMENKGLNIFNSKFVLANPQTATDEDYLAIESVIAHEYFHNWTGNRVTCRDWFQLSLKEGLTVFRDQEFSSDTGSRAVNRINNVKFLRTVQFAEDASPMSHPIRPEKVIEMNNFYTVTVYEKGAEVIRMLHTLLGEQGFQKGMQLYIAENDGKAATCEDFVSAMERANNLDLNQFRRWYSQSGTPELLISDAYDEKTHTYRLTVSQSTPPTADQMEKVNLHIPLKIALYDANGTKQMLQHNGELLSDVLNVTEKDQVFEFHGIYGRPIPALLCDFSAPVKLDYDYKTEQLLGLLKFADNQFIRWDAAQMLFAQELRRNVVRFQQGEPLEISPEILTALSYVLNHYEKDIELATLILTLPKEMEFAEGFKTIDPDGISAARAFMQTQIAESLKDDFLRVYTHIRLDEYQVTQQDIALRAMRNLCLTYLAYTNLGNNLVQKHYNNANNMTDTLAALSVATKAALPCRDALLTDFEQKWQQDGLVMDKWFALQATRPDENVLEIIQLLMDHPSFNFNNPNRLRSLVGSFANHNLKAFHNVSGSGYRFLTDVLIRLNESNPQVAARLIEPLIRFSRFDAQRQTLMKRALERLSVVENLSKDLFEKIEKALQ,length1,2607
-1,399530,399524,6,MM,length1,6
-1,399470,399464,6,MN,length1,6
-1,399251,399161,90,MYFITSAFGSSNQICRLFSLAIISEIFAVQ,length1,90
-1,398894,398825,69,MEWMGAVPCTIPVNIIFSFSKNF,length1,69
-1,398807,397415,1392,MNFRLLSQYHADIKKLIKISLPILLAQIAQNSMGLADTIMAGRVSSTDMAAISIGASIWMPLMLFGQGLLLALPPTISYLNGSGQRHRIAHQVRQGIWLVLGVSIPLGLLIYFCEIPLQYMQMESKMSDLARDYLHAMLWGLPAYLMLINFRCLNDGIAKTKPAMVITFLGLLINIPLNYIFIYGKFGIPAFGAVGCGIATAIVNWAMCLMMIFYSYTNAQERSLKVFSQLIEMPNLKTLKKLLRLGLPIAIAICCEVALFALTSLMLSPLGATIVASHQITLNTSSFIFMFPMSIGMAATILVGQALGTGSPQNAKKIGYAALLLGLTVTIITALITIFFRYEIASIFVTDEIVIAMAANLLLFAALYQFSDTIQMVVGGILRGYKDTKMILYITLFSYWVIGVPLGYTLGRTDWLIPHIDAKGFWIAFVVSLTFAAFLLSLRMKKMQAMSDNAILQRLEKLK,length1,1392
-1,397322,397319,3,M,length1,3
-1,397187,397106,81,MDNFVVSIRIVLISLSLKHCKINKSKN,length1,81
-1,397097,397076,21,MMKFILK,length1,21
-1,397010,397007,3,M,length1,3
-1,396956,396908,48,MRLLRVDKNTFVNYSQ,length1,48
-1,396860,396803,57,MGLIVSKSQNISILNMIAY,length1,57
-1,396770,396716,54,MLMRDNLKFLMKFLPHFL,length1,54
-1,396443,396419,24,MKSFQKRI,length1,24
-1,396293,396278,15,MKSIS,length1,15
-1,396233,396113,120,MRLVLHLAVKMYCAMRKPIKSKFIKFSIHKKPKSSSTLNG,length1,120
-1,395996,395951,45,MNLFIHYCKATIPLH,length1,45
-1,395948,395939,9,MQM,length1,9
-1,395732,395687,45,MNSCGIGITFFHFVH,length1,45
-1,395633,395630,3,M,length1,3
-1,395588,395483,105,MKRRQTLQNKNLLTVSKKAQCLMKCLNLRFLAKLV,length1,105
-1,395399,395378,21,MVKKSIT,length1,21
-1,395369,395315,54,MHRKAQMFTKWVNENLRV,length1,54
-1,395201,395042,159,MRRMASASMEESVSTRTLPIAFISSDRGIVSVTTTSSMASLAKFLAAAPEKTA,length1,159
-1,394457,394418,39,MINTSAPRTFSLI,length1,39
-1,394301,394286,15,MSGIL,length1,15
-1,394262,394250,12,MSMS,length1,12
-1,394139,394100,39,MIKFSKNTGSRSC,length1,39
-1,394043,393959,84,MIYHNFFAIVFIRFTQKLFEGFFRCITW,length1,84
-1,393668,393629,39,MNICTQLNIGFFL,length1,39
-1,393482,393443,39,MIAVRQFSIDIKK,length1,39
-1,393359,393356,3,M,length1,3
-1,393098,393050,48,MPMISCNSSLALAADC,length1,48
-1,392810,392675,135,MYCTLVGRSISNVQAVRIAVAKSAVRNLNVFILFIKLISSHILRI,length1,135
-1,392261,392255,6,MI,length1,6
-1,392000,391910,90,MRLFYVRFQNKFQDFFRLRLFLFLAKRVPP,length1,90
-1,391862,391844,18,MFPRRF,length1,18
-1,391643,391640,3,M,length1,3
-1,391385,391340,45,MPNHHDGDVLVIHKE,length1,45
-1,390824,390719,105,MYLKVKMRLRLYRSFSFFPLKHHNKSAVKINRTFY,length1,105
-1,390146,390110,36,MEEKHSDKTDGK,length1,36
-1,389435,389426,9,MFC,length1,9
-1,389141,389129,12,MNCI,length1,12
-1,389111,389108,3,M,length1,3
-1,388778,388769,9,MGK,length1,9
-1,388535,388082,453,MKDCKMQGIGSGVSLLILRFFLAWEFFEAGLEKWNGQNWFAEIQDRFPFPFNLIPADINWHVAMGSELIFPFLLIFGVLTRFSALSLTILISVAWYSIHADSGYNVCDNGYKLPLIYVVTLLILITQGAGKLSLDTLIKKVYPTKSWLKFL,length1,453
-1,387377,387341,36,MIYYLCHLQKKL,length1,36
-1,387314,387299,15,MCKIS,length1,15
-1,387236,387221,15,MKWNF,length1,15
-1,387218,387182,36,MLLHKRLIVAFI,length1,36
-1,387179,387176,3,M,length1,3
-1,387164,387119,45,MLMVLITDCLILMSF,length1,45
-1,387107,387008,99,MLNVLITFILQGTMKNILLHKLWRIQQMNHLIK,length1,99
-1,386921,386789,132,MPINDYLRFPQHYWNVISTSHHLQNFTPKLSILHNYSKNTLTQR,length1,132
-1,386780,386066,714,MQPKSLLKETQQALANAIRLGNADPLNGYAANRLAVYTRLVRNNAFGFIDRCFVEAPLHIEPEYWKNAKENFVQNGNAHSPYFQDIAGEFLLFCQEKEIFDANILALMDFENTQLLAEVSLAKVPEKFEWNRHSVMQLSGAAYLKSYDVDFLSSDFKQFDDTPIQAIIWRDSDFSIQQQILSELDYWLLSYLQEQPNSLENVLSALNTMVEDSTSIIPLLEQVWMKWVTSEVIYPEQR,length1,714
-1,385916,385802,114,MKSVYVFRIIFLFKSRNILITINKNLFVDKAIQHNSHA,length1,114
-1,385238,385085,153,MLWIAIISSIISSLIGVILSYHFDASTGACIILLQATFFVIALAYSKIRTR,length1,153
-1,384956,384791,165,MMPWIETDAMQQRVLFLKAWLSQRYTKTELCQQFNISRPTADKWIKRHQQLGFEG,length1,165
-1,384758,384749,9,MDL,length1,9
-1,384302,384125,177,MKNVHTKAFDIFIIAFIYWAVLMPRKLNLPHCGINKLMNVNDALGKMQTMFGLCIPCRG,length1,177
-1,383924,383873,51,MVNGCLSYYVICNPIAV,length1,51
-1,383408,383390,18,MDEGRL,length1,18
-1,383294,383246,48,MFLACRLSAIQVVLSV,length1,48
-1,382943,382907,36,MLAKIQGLISLW,length1,36
-1,382301,382292,9,MDA,length1,9
-1,382145,382133,12,MRYQ,length1,12
-1,382103,382052,51,MKHKVVDSLPITHLNSY,length1,51
-1,381767,381716,51,MPAERVRQIQYRERLQN,length1,51
-1,381479,381398,81,MAHGMEYTLVYHINCFLALLGLLDIQG,length1,81
-1,381290,381266,24,MLIYPRRL,length1,24
-1,381140,381107,33,MIPCAYLRRKF,length1,33
-1,380810,380735,75,MFRQYAPFQKSLVIYSRNNDELNQY,length1,75
-1,380564,380525,39,MSGDNNSISDSQR,length1,39
-1,380351,380306,45,MRLGLTHHHVQLNWH,length1,45
-1,380063,379967,96,MAGYERYFLHYNPGSPYKKLGFLRLISRLAQT,length1,96
-1,379733,379694,39,MMKKPGQAILILH,length1,39
-1,379556,379517,39,MTSLQDEIYLVNY,length1,39
-1,377396,377330,66,MIANMGFYSKLRTARDINCIHF,length1,66
-1,376934,376880,54,MGVIARSRNDVYTFVCSI,length1,54
-1,376313,376307,6,MP,length1,6
-1,375131,375038,93,MVTTPCQFRHSNQSIQAFAEFETIYLVHIFS,length1,93
-1,374918,374903,15,MKDER,length1,15
-1,374897,374882,15,MKDER,length1,15
-1,374876,374861,15,MKDER,length1,15
-1,374855,374840,15,MKDER,length1,15
-1,374162,374114,48,MRRRKIGESRPESTAT,length1,48
-1,374087,374066,21,MPKPSRT,length1,21
-1,374054,374033,21,MASPLAS,length1,21
-1,373730,373610,120,MPLSCSFSITKATPIRPSFITVRQSVKLVLGKMVGRRVCI,length1,120
-1,373145,373103,42,MTNRPLQARIKSTT,length1,42
-1,372518,372452,66,MIVHDRTRLIDQLKIFIEMTAL,length1,66
-1,372410,372386,24,MNIELFFV,length1,24
-1,372353,372338,15,MNMVH,length1,15
-1,372122,372092,30,MLTKFSINFF,length1,30
-1,372050,372017,33,MYIFYFLRQCN,length1,33
-1,371987,371900,87,MKTSNNVIDHLCIRCRSPIFIIIFCFTLL,length1,87
-1,371579,371546,33,MVIYINRINYH,length1,33
-1,371495,371477,18,MNLGKY,length1,18
-1,371447,371441,6,MK,length1,6
-1,371282,370271,1011,MQSIPIKNVGESRLVDPFQRQYYYLRLSITDQCNFRCTYCLPDGYQPEANKPSFLTLKEIIHLAQAFAEMGTEKIRLTGGEPTLRKDFISIAESIANIDGIRQLAVTTNGYRMAKDVADWKQAGITSINVSVDSLDPKMFHQITGINKFDDVMRGIDRAFEVGYNKVKVNSVLMKNLNDKEFEQFLAWVKDRPIQMRFIELMQTGEMDSFFDKFHLSGQVLADKLLKNGWTLQHKSHTDGPAKVFTHPDYAGEIGLIMPYEKNFCASCNRLRVSAKGKLHLCLFGEEGIELRDLLQSHEQQGILQARIFAALQGKREHHYLHIGDTGVRNHLASIGG,length1,1011
-1,369644,369632,12,MPFN,length1,12
-1,369626,369539,87,MILPLRKRCVNTLLKKAISGHWHWKKVNF,length1,87
-1,369491,369461,30,MAMKLPFSHQ,length1,30
-1,369401,369320,81,MPFINGFLNNIRLVQRLYLLVKYAILI,length1,81
-1,369314,369293,21,MQYLVCI,length1,21
-1,369257,369206,51,MKLLHKRQRVGIFNVYR,length1,51
-1,369173,369161,12,MKLF,length1,12
-1,369131,369095,36,MLITPMNSLWIF,length1,36
-1,368327,368303,24,MRFAFASS,length1,24
-1,368300,368267,33,MLSICPTSKPK,length1,33
-1,368213,368189,24,MTNPIDFA,length1,24
-1,368087,368015,72,MPFGVTSIFAALSTQKRLLFVNKC,length1,72
-1,367703,367670,33,MLISKLVAATN,length1,33
-1,366992,366944,48,MPLIFQKRESFFTNLA,length1,48
-1,366932,366890,42,MTTSISTLLFLLIR,length1,42
-1,366710,366707,3,M,length1,3
-1,366674,366554,120,MPARETFGCTSQNFVSSRKIFEASGLIFAITSTFCRLSVK,length1,120
-1,366539,366521,18,MPICNP,length1,18
-1,366491,366338,153,MPEPLAKVIVMLVPRSFTIWKNKIAPIHNAIKGNSQKGEMRFVLRKLAVIS,length1,153
-1,366116,366110,6,MY,length1,6
-1,366107,366104,3,M,length1,3
-1,366077,366047,30,MLPFKMHASK,length1,30
-1,365765,365714,51,MIVIDRFLRKCVMASRT,length1,51
-1,365294,365291,3,M,length1,3
-1,365219,365216,3,M,length1,3
-1,365186,365153,33,MMTTWAFGLFI,length1,33
-1,363644,363608,36,MVRNQSKAYKTL,length1,36
-1,361961,361862,99,MTNLNHCTALIFPICHSQKEKSLKKPFMRISNV,length1,99
-1,361769,361655,114,MLLVNMPRYGLTMRQLVNCYVIMRQWWQAVFQNRRQLH,length1,114
-1,361613,361601,12,MMCY,length1,12
-1,361562,361475,87,MFVLKHLIGCIHLLSIKHNSLKMIIFNAG,length1,87
-1,361331,361313,18,MHSVYV,length1,18
-1,361295,361283,12,MEFL,length1,12
-1,361247,361238,9,MAI,length1,9
-1,361166,361157,9,MWL,length1,9
-1,361142,361127,15,MRQFA,length1,15
-1,361121,361100,21,MKIYCQK,length1,21
-1,361040,360953,87,MLLILLLLIGNLLVINFLIEFDKRLAIVR,length1,87
-1,360920,360860,60,MQFIYTIRQIADCLIVKIER,length1,60
-1,360704,360671,33,MLQRGLKTEIL,length1,33
-1,360653,360605,48,MVMIVRLILLRLIGIS,length1,48
-1,360563,360515,48,MWIRINENGYRWAVLR,length1,48
-1,360263,360248,15,MLKLK,length1,15
-1,360218,360188,30,MQCVVAKVVA,length1,30
-1,360089,360047,42,MVAWVIIQPVISFT,length1,42
-1,359555,359552,3,M,length1,3
-1,359483,359435,48,MKNLFRNFSLRPILQA,length1,48
-1,359399,359378,21,MSLNIYP,length1,21
-1,359135,359084,51,MMKKMPQLLTQVAKPNA,length1,51
-1,359030,359021,9,MAI,length1,9
-1,358958,358844,114,MKKINFYLRVYPNKPNVLACQILTLFCLIVGLIKRAKF,length1,114
-1,358835,358682,153,MALISRFYIYQGIHQDISVLLNTRKKWRLRAMYYFKAELVVPISLAGIMKH,length1,153
-1,358646,358571,75,MTILLLSLDTDLTQPLGKKSGAIHF,length1,75
-1,358517,358508,9,MIN,length1,9
-1,358457,358454,3,M,length1,3
-1,358256,358247,9,MVK,length1,9
-1,358244,358148,96,MVMQSEKVRKRQNAALSSSGYSGGGASVGCMW,length1,96
-1,356357,356306,51,MARNGYGKNGLVAISQL,length1,51
-1,356240,356237,3,M,length1,3
-1,355961,355943,18,MGFGTF,length1,18
-1,355802,355757,45,MGQNVWFSYVIASWL,length1,45
-1,355313,355292,21,MVPRRTT,length1,21
-1,353687,353678,9,MCF,length1,9
-1,353288,353273,15,MLCTC,length1,15
-1,352919,352859,60,MCVRARVDGFRECPSFNPSF,length1,60
-1,352448,352184,264,MSCYLPHKLGKTIGAFKFCKHHQHSRHQDLLEHLRHRRGYFDSKGFLNRICKRLKDLLTTLSLVLCRLQNVLDHSLCLQRSLDPRIFA,length1,264
-1,352070,352064,6,ML,length1,6
-1,352007,351836,171,MMFLMALRQLMLSYVNQILEYLYVNFPNHNVEALVLRHLNLSYRYQSVKCLLHKWFH,length1,171
-1,351461,351440,21,MQFLSIS,length1,21
-1,351353,351311,42,MPVLALIKKRFQLL,length1,42
-1,351233,351200,33,MLHKVQVHLMD,length1,33
-1,350972,350912,60,MEYNLYGMLLHHEFRYLMHE,length1,60
-1,350855,350843,12,MLLH,length1,12
-1,350732,350678,54,MWHRRNVLHNPNVFLLDI,length1,54
-1,349103,349046,57,MASLLEPVSTITLTSLLTA,length1,57
-1,348971,348959,12,MALN,length1,12
-1,348719,348701,18,MLDAAI,length1,18
-1,348026,348014,12,MEYH,length1,12
-1,347582,347495,87,MQAHPYLEFEQDPLKSHQDFVLVMGRLRF,length1,87
-1,347348,347303,45,MARVNQFVTHSFVGN,length1,45
-1,347297,347294,3,M,length1,3
-1,347174,347126,48,MLANRLKLHYLHQRHY,length1,48
-1,346925,346658,267,MHVIDFVRLHWHFLRQKFSLQLMHDLIFAHHLIRLIPSITLPIVQPYFHGLTLEPRAIYRFVDLQVLAFALICLYKIQNLHLHLFVRFA,length1,267
-1,346484,345635,849,MTDLTGILYIVATPIGNLQDITQRALETFAQVDLIAAEDTRHSGLLLIHYGIKKPFFALHDHNEQEKAHILVEKLKQGSNIALISDAGTPLISDPGFHLVRQCREAGIRVVPLPGACAAITALCASGIASDRFCFEGFLPAKSKARKDKLENIAEEDRTLIFYESTHRILDTLEDMQAVLGEGRYIVLAREMTKTWETITGNTIKNLREWLLEDPNRTKGEMVLIVEGKPKSDNNDEISPQAVKALELIAEELPLKKAAAIVAELYGYKKNALYQFGLAHLEK,length1,849
-1,345431,345386,45,MPICIFNLAKMKVGY,length1,45
-1,345296,345248,48,MRIKLILLLCSNVRRR,length1,48
-1,345194,345188,6,ML,length1,6
-1,345170,345143,27,MRRLILWKV,length1,27
-1,345041,345029,12,MKKY,length1,12
-1,345014,345005,9,MAH,length1,9
-1,344948,344900,48,MENVNEEVVVLVGVSV,length1,48
-1,344876,344825,51,MAILEQYFLLKKRFVKP,length1,51
-1,344636,344603,33,MMARLKIVEVH,length1,33
-1,344594,344519,75,MMKVCQASAMYSSKTGFCKVTCKIK,length1,75
-1,344516,344507,9,MPV,length1,9
-1,344483,344441,42,MDDVSLMPIYQCLE,length1,42
-1,344402,344396,6,MI,length1,6
-1,344369,344294,75,MHRTLVEGKWILPLVNLYFLLQKPI,length1,75
-1,344111,344051,60,MKLLLVEQIKSLCKRSQKFH,length1,60
-1,343970,343421,549,MLKRILVIIGLAVLATACSNAPRTVSHQVISENDDIQLTGLINNLEKDNRTGIFHKVRTNRSSALMGDKALASVYNEWVGTRYRMGGTTKRGIDCSAFMQTTFSEVFGIELPRSTAEQRHLGRKINKSELKKGDLVFFRKNNHVGVYIGNNQFMHASTGQGVTISSLDEKYWARTYTQSRRIM,length1,549
-1,343124,343121,3,M,length1,3
-1,343085,343001,84,MPNYLTQLSKDNMKETENTVHKIKRVAA,length1,84
-1,341390,341318,72,MGLSQQIRASLNYQNGWKRHSRSP,length1,72
-1,341267,341264,3,M,length1,3
-1,340799,340739,60,MSNVAACLYFLFLDRANSSK,length1,60
-1,340496,340370,126,MSLGLLILVRFGESPITKWRLLSSIQQEILFLFILILPCIRF,length1,126
-1,340343,340208,135,MKIICSHCYNMVCFLGRADMQIMVYATLHISIKYLCKLKLFVNSG,length1,135
-1,340007,339989,18,MSIVPK,length1,18
-1,339857,339809,48,MAVDSPPGRIKPDKSL,length1,48
-1,339674,339587,87,MRIWISFSLIPTMASPKSSEICARICGFR,length1,87
-1,339335,339320,15,MRRIS,length1,15
-1,339311,339113,198,MRIWRTAWTISPVPGSPFVRIIEAPSAIRRKASPKSLAPHTKGTWNSFLSTWKRLSAGESTSLSSI,length1,198
-1,339041,338891,150,MLTAPWISLIILGSLIRETPPTARISAGIRSKAITAAAPAASAMRACSGF,length1,150
-1,338882,338834,48,MITPPLSICAKFLFSS,length1,48
-1,338537,338480,57,MWLDFLKFKKKLEREFTLS,length1,57
-1,338384,338357,27,MRKILRMKG,length1,27
-1,338327,338198,129,MVLVVLGKGRFVMRWLKSWAMHCWIVGRFIALLHWQRCNVKLI,length1,129
-1,338192,338180,12,MKQI,length1,12
-1,338135,338126,9,MAR,length1,9
-1,338102,338099,3,M,length1,3
-1,338066,338051,15,MLRQK,length1,15
-1,337991,337982,9,MMD,length1,9
-1,337973,337931,42,MVEIWEQLYSQMHK,length1,42
-1,337916,337859,57,MQVLKNVQKDAINSCKIKE,length1,57
-1,337856,337835,21,MVTLHRF,length1,21
-1,337769,337739,30,MMLYYWIAQP,length1,30
-1,337730,337724,6,MK,length1,6
-1,337460,337451,9,MQV,length1,9
-1,337412,337373,39,MHKANLKSKLAIL,length1,39
-1,337370,337361,9,MLL,length1,9
-1,337358,337283,75,MQLKMVSAKLNFLVRKLFVTNLGLN,length1,75
-1,336932,336872,60,MVYYTSQIWLGNVLNTQVKS,length1,60
-1,336869,336854,15,MLAMK,length1,15
-1,336707,336686,21,MAVSLKS,length1,21
-1,336683,336668,15,MALKV,length1,15
-1,336569,336545,24,MKNVVVFL,length1,24
-1,336413,336407,6,MV,length1,6
-1,336308,336302,6,MQ,length1,6
-1,336191,336167,24,MLKVLKLN,length1,24
-1,336104,336077,27,MWLKRNTLE,length1,27
-1,335966,335924,42,MQWLKHLKQLKVNN,length1,42
-1,335444,335153,291,MIKYILGIVIFIAIVLVAITIGANNDQIITFNYIVAESQFQLSSLVAILFGLGLILGWLITAFFYIKLKLKNMALARQVKRQTLQINELTTTRDKVA,length1,291
-1,335108,335060,48,MAGIWGGVVRRKIKMT,length1,48
-1,335036,335024,12,MLRE,length1,12
-1,334946,334844,102,MKSKATPNLKPSLHLVICFVLEAKLIVHCVFIKL,length1,102
-1,334724,334685,39,MNLNLQKMLYSNF,length1,39
-1,334451,334430,21,MVNINKQ,length1,21
-1,334415,334367,48,MFWSKIQIIRVKFCHL,length1,48
-1,334355,334346,9,MKN,length1,9
-1,334289,334280,9,MMK,length1,9
-1,334244,334184,60,MVSLLRKLSFINNLQKIQVL,length1,60
-1,334151,334118,33,MMQKTGGEKKA,length1,33
-1,333695,333632,63,MDGGFTRKWWFAYDGRGEENS,length1,63
-1,333029,333014,15,MWRIS,length1,15
-1,332921,332903,18,MIKKAH,length1,18
-1,332510,332435,75,MTLCKSSKHTNSCCSKFSRTAVEKY,length1,75
-1,332330,332327,3,M,length1,3
-1,332219,332174,45,MGKGSCLFKCLCSTD,length1,45
-1,332156,332147,9,MII,length1,9
-1,332135,332084,51,MRIILLHFLLSVKQGLR,length1,51
-1,332006,331988,18,MSLQQK,length1,18
-1,331856,331823,33,MRLLFHRMKSQ,length1,33
-1,331322,331304,18,MTYPPQ,length1,18
-1,331100,331085,15,MMPRK,length1,15
-1,331025,331001,24,MPYWNQVL,length1,24
-1,330995,330854,141,MVQEQAHQMRRRAFVGQRKIVLICFDFPKEKKKFGLSFSFNSLFELT,length1,141
-1,330800,330728,72,MPSCFGDYFVPKILSPASPRPGIM,length1,72
-1,330680,330497,183,MSGCAASRALIPSGAATNTNTLICLQPFAFKRSRVAIIEPPVASIGSTTIARRSSKSLANF,length1,183
-1,329771,329759,12,MRFF,length1,12
-1,329756,329753,3,M,length1,3
-1,329327,329291,36,MRFFFIQFLDVM,length1,36
-1,329219,329204,15,MFQRI,length1,15
-1,328892,328883,9,MFG,length1,9
-1,328871,328856,15,MFIVI,length1,15
-1,328817,328814,3,M,length1,3
-1,328514,328481,33,MGKMLGDLSFI,length1,33
-1,328469,328460,9,MKL,length1,9
-1,328349,328340,9,MTR,length1,9
-1,328334,328319,15,MDFID,length1,15
-1,328061,328058,3,M,length1,3
-1,328016,327965,51,MFLPNDISKCFWSPLSG,length1,51
-1,327476,327446,30,MSRKIMPSFG,length1,30
-1,326813,326795,18,MTSAAT,length1,18
-1,326369,326264,105,MIPPPIISSFFGTSFNLSASVESQIRGSSCGIKGN,length1,105
-1,326237,326177,60,MALSNLTVVGFPSRSRATNV,length1,60
-1,326051,326033,18,MRGSLK,length1,18
-1,325754,325649,105,MGFCPPKISLIGGLKAHLQITLLSDVNLLKQSQDS,length1,105
-1,325604,325532,72,MIMTLEELSVAQILYRSILAPLMI,length1,72
-1,325424,325361,63,MQSICLHVLFSILPLIHVKVR,length1,63
-1,325214,325193,21,MLLPPLS,length1,21
-1,325121,325106,15,MLLNP,length1,15
-1,324968,324923,45,MAISLIQHHLLHHCQ,length1,45
-1,324584,324530,54,MLKLMLMLLELHLVLQNA,length1,54
-1,324524,324422,102,MNQLKLYRLISLKFLLPHRRMVQELPLRLYRLQR,length1,102
-1,323963,323843,120,MFFDRSFHQLRIKRIDTIYIQTEFRNRICNHLVRYCTFFR,length1,120
-1,323738,323675,63,MIVLTWYKCTDLISITFHIVS,length1,63
-1,323582,323567,15,MTFAC,length1,15
-1,323207,323183,24,MAVTVFVL,length1,24
-1,322892,322862,30,MWVINTNLTE,length1,30
-1,322625,322622,3,M,length1,3
-1,322439,322433,6,MR,length1,6
-1,322367,322352,15,MCTTA,length1,15
-1,321701,321683,18,MALEEN,length1,18
-1,321593,321584,9,MPT,length1,9
-1,320849,320822,27,MQQVQQGIF,length1,27
-1,320696,320672,24,MLHHMILM,length1,24
-1,320573,320537,36,MWKLTYQIMKGI,length1,36
-1,320222,320180,42,MSFTSPSVTNSFNR,length1,42
-1,319946,319691,255,MIMPACCNFCTNVLDKGISESALPIATKIFKSSCNALPSIWLNSTLLVTLPKLLPLICNSSRFVLLMIFTVSPSTCVVKFAWLFF,length1,255
-1,319250,319199,51,MAGTKFSFATRSSGKGP,length1,51
-1,319172,319151,21,MIVSFAL,length1,21
-1,319130,319127,3,M,length1,3
-1,318953,318896,57,MTTPAAIFDFFIYFFPILK,length1,57
-1,316658,315515,1143,MAKKDYYEVLGLQKGASEDDIKRAYKRLASKHHPDKNQGSKEAEEKFKEINEAYEVLGDDQKRAAYDQYGHAAFEQGGGTGGFGGGFGGADFGDMFGDIFGDIFGGGRGRQRVVRGEDLRYDLEISLEEAVKGTTKDIQINTLAHCDSCGGSGAEKGSKVETCPHCHGSGRIRRQQGFFVSESICPTCHGSGKKIEKPCRSCHGEGRVHKKENLSVKIPAGVDTGNQLRLAGKGAAGENGAPAGDLYVVIHVREHNIFERDGSNLYCEVPISFATAALGGEIEVPTLDGRVKLKIPAETQTGKLFRMRGKGVASTRSGYAGDLICRIVVETPVNLTSEQKELLHKLEESLQGKDLSKHAPKSSGFLDGVKKFFDNLGKSDK,length1,1143
-1,315356,315320,36,MKFLGTHGNFCA,length1,36
-1,315200,315125,75,MLRTILANMLNSGMNIFHNNHIQIQ,length1,75
-1,314969,314960,9,MLN,length1,9
-1,314858,314795,63,MTNTHTTHNNRNSRMLFTQFM,length1,63
-1,313964,313955,9,MLA,length1,9
-1,313859,313760,99,MVRLCPISIAICAPIMEYTTKPIASSTKKIVRK,length1,99
-1,313619,313478,141,MAVTDAIMITPKISIFSRPAASAPVIPSAVIPMIYKILSNIHVPKCG,length1,141
-1,313400,312602,798,MSEQSSKYIAALLAVLSISMVLGIDLFIFSLQSEKQTMPHLGVGVLVAQLISLLVFYRGEICPGQRGRLIKVNMTFAIYWAVWLLISLLQNNHTLTNVMSVCGLSVVYFIWKQPKTEKIRNSFLLMAALIAGLGCLSYLMIFTVLPASDFAEYNPFAPILSGVILANLALVIARNRLQGFIALLPLAMIILLALNALAMFLFLLLNGMESAVNSDSVFAYIIYFVCHFVIAAILILHSFQKWILSTNSLFILLFIAVCLPLWMVFV,length1,798
-1,312503,312494,9,MPP,length1,9
-1,312356,312191,165,MPLHLMKSLGLDRRKRRRQLPLAKNQDLKVRSKLATFQKGIELRGLSVTLFLHPL,length1,165
-1,311906,311876,30,MQRLIIPQAK,length1,30
-1,311732,311672,60,MRQKVLQVRHQRNLAQNEVR,length1,60
-1,311627,311615,12,MHPQ,length1,12
-1,311204,311186,18,MVRFTL,length1,18
-1,311033,310937,96,MRCDHCPSSVSNTKPVVSTSKRPALCNFPAKG,length1,96
-1,310670,310646,24,MFSLVKIR,length1,24
-1,310202,310199,3,M,length1,3
-1,309965,309902,63,MDSFSHPLCFCCENPTFFAEK,length1,63
-1,309887,309860,27,MPRIKKILL,length1,27
-1,309758,307490,2268,MTEQLRQAALDFHEFPIPGKIEVTPTKSLATQRDLALAYSPGVAEPCLEIEKDPAASYKYTARGNLVAVISNGTAVLGLGNIGALAGKPVMEGKGVLFKKFAGINVFDIEVNEYDPDKLVDIIASLEPTFGGVNLEDIKAPECFYIEQKLRERMNIPVFHDDQHGTAIISAAAIINSLRIVGKKIEDVRLVASGAGAASIACLNLLLSLGMKRENITVCDSKGVVYKDRDDKMDQTKKDYAIEDNGWRKLGDAIPNADIFLGCSAAGALTQDMVKSMAAHPIILALANPNPEITPPEAKAVRPDAIVCTGRSDYPNQVNNVLCFPFIFRGALDVGATTINEEMKRAAVYAIADLALEEQNEVVTSAYGGEGATFGADYVIPRPFDPRLIVRIAPAVAKAAMESGVATRPIQNWDAYVEKLTQFVYKTSLFMRPIFSQAKSAKQRIILAEGEENKALHATQEVISMGLANPILIGRRSVIEEKIKKLGLRLTAGVDFEIVDNEDNPRYEECWKHYYELTKRKGITPAIAKRVVRSNTTVLASTLLSLGYADALVCGLFGSYGKHLASIRDIIGLKDGVKTAAALNSLVLPTGNVFLTDTHVNSNPTAEELAEITLMAAEEIHRFGIEPAVALLSHSNFGSSDSLGAPKMREVLQIVKERNPHLMIDGEMRGDLAMNEAHRKELMFDSPLKGSANLLVFPDLSASRISYSLLRGTTTAITVGPILMGMNKSAHILNPGASVRRIINMIAYAAVKAQQE,length1,2268
-1,307451,307388,63,MNPRFFSRLYFLVNVFTFEIK,length1,63
-1,307142,307028,114,MAGCNYFCKAYEWMLWHFVIYLAYQHCSQHCSIAVKFG,length1,114
-1,306653,306647,6,MR,length1,6
-1,306605,306467,138,MRHSNLKMKKNLQKCTEKWMQMKCFVLLKLAVAVQKVITFQINTQL,length1,138
-1,306458,306422,36,MSRLIRVNLKIS,length1,36
-1,306353,306230,123,MWISSQKKGGYLKIFMQQARVQYVVLKQQPQVLRQHQLVQW,length1,123
-1,306218,306035,183,MPKVVSLLLRIYYINKAITLPLFMVAKSTSTIWRAFSTVMALKIFGINKTIRIQNLLALGA,length1,183
-1,306029,305957,72,MRIYLIKPMKLSRNYKMKVNRFLV,length1,72
-1,305915,305843,72,MARLSFMSNQKPLVITQQNMRIMP,length1,72
-1,305699,305666,33,MALRHVVTAVL,length1,33
-1,305579,305576,3,M,length1,3
-1,305516,305507,9,MMW,length1,9
-1,305468,305447,21,MINQQKL,length1,21
-1,305426,305420,6,MQ,length1,6
-1,305399,305390,9,MLY,length1,9
-1,305033,304892,141,MPCSSLYFVCFSRRRLVSVMAFSMDFVMLSAYKIALPFKFRAARPMV,length1,141
-1,304508,304478,30,MISLPDFSNS,length1,30
-1,304451,304319,132,MVCGAKRSNSSKRNGRLSNADGKRKPYSTKVSLRERSPRYIPPI,length1,132
-1,304106,304028,78,MKYSRRDTSSFLMFSIASKIRSLGVT,length1,78
-1,303779,303743,36,MAPCCKCNIICK,length1,36
-1,303692,303635,57,MVSRRSRKDFVAESRICSI,length1,57
-1,303299,303236,63,MNGFVLIFSDIKCGRFFDSFE,length1,63
-1,303164,303113,51,MSRERCHKFIKKTLNFY,length1,51
-1,302621,302483,138,MVVPYNKLRAKNSIIPPAISFTMLSLFPFVFFELYQCPKWIAVFRA,length1,138
-1,302432,302402,30,MANTAKIPQL,length1,30
-1,302345,302240,105,MPIVRITRNCDFKLVACAVCVGLGKCWCPQLQVFG,length1,105
-1,302177,302153,24,MANLAFLR,length1,24
-1,302012,301931,81,MATMPCIKEESKLKIVLCFNWLSCVER,length1,81
-1,301850,301826,24,MPALMLLF,length1,24
-1,301598,301568,30,MRRLGFFHPH,length1,30
-1,301454,301379,75,MCFFLTFENGRVAHQNNIEVVSFER,length1,75
-1,301127,301097,30,MREGELKHHN,length1,30
-1,301076,301043,33,MNTFSQKILLF,length1,33
-1,300710,300437,273,MAAVSFRVPDETKNIAFEVIKSYGLSPTQALNMFLAQIAKTKAIPVSLDYQTEQMPNSKTIMAMAELDNHHGHEYKTLEEFHQAMLAEMKS,length1,273
-1,300176,300164,12,MVRI,length1,12
-1,299783,299768,15,MHLLV,length1,15
-1,299765,299717,48,MKCMRFMRILMQILIN,length1,48
-1,299675,299660,15,MMGII,length1,15
-1,299633,299522,111,MRYVYQIGMRKLSIYQGASVVVWHFAVYCLKNQTCSY,length1,111
-1,299498,299477,21,MQNLWRG,length1,21
-1,299291,299189,102,MRVKNPLRKSWNGFVKIQKVAKQKARRVWLVLMN,length1,102
-1,299153,299123,30,MNSLFHQVHA,length1,30
-1,299081,299066,15,MATAL,length1,15
-1,299060,298772,288,MIYHSAFQKAQSLVLSGQMVQVNQPYSVCCQVKSSQIMDLLQWAKPLYLRLWINSVTLWMTRKPCGKKCLMDKIFSLSATLKFQAVLMWGVLISKA,length1,288
-1,298661,298631,30,MIWTLKLCVL,length1,30
-1,298625,298616,9,MQF,length1,9
-1,298532,298520,12,MKVK,length1,12
-1,298460,298403,57,MQQLSHIVLNINVLRSNLD,length1,57
-1,298349,298010,339,MLVHLHIFFAFLSLALLVIRGAMQLNGKNWRSIKLLKILPHLSDTLLIVSGAVILYLFVFDIEWWLIAKFALLILYILFAAKFFSKKVVQPKPISFWLACVSFIGAILIAYLK,length1,339
-1,297674,297668,6,MY,length1,6
-1,296642,296633,9,MFP,length1,9
-1,296081,296063,18,MFAFRN,length1,18
-1,296036,295865,171,MTEQTAKPKGWFKRALEKYDNFIKEWGLDQPNCSCVPMSATEDENGNLKKEESSLKK,length1,171
-1,295802,292328,3474,MRQFLYKIDALFMKTAFFQPDIPTSPNDHKILGNVLQGADALAISEIAEQNQNLTVVVTPDTRSAVRLSRILSELSSQNVCVFPDWETLPYDTFSPHQEIISSRLSALFHLQNAKKGIFLLPISTLMQRLCPPQYLQHNVLLIKKGDRLVIDKMRLQLEAAGYRAVEQVLEHGEYAVRGALLDLFPMGSAVPFRLDFFDDEIDSIRTFDVDTQRTLDEINSINLLPAHEFPTDDKGIEFFRAQFRETFGEIRRDPEHIYQQISKGTLISGIEYWQPLFFSEMATLFDYLPEQTLFVDMESNQTQGERFYQDAKQRYEQRKVDPMRPLLSPEKLWLNVDEVNRRLKSYPRITFKAEKVRSSVRQKNLPVAALPEVTIQSQQKEPLGQLCQFIEHFKGNILFSVETEGRRETLLDLLSALKLKPKQIHSLEQAENEKFSLLVSSIEQGFIIEQSFPVAIIGEANLLGERVQQRSRDKRKTINPDTLVRNLAELKIGQPVVHLDHGVGRYGGLVTLDTGGIKAEYLLLNYANESKLYVPVTSLHLISRYVGGSDESAPLHKLGNEAWAKSRQKAAEKIRDVAAELLDVYAQREATKGFAFKYDREEFQQFAATFPFEETYDQEMAINAVISDMCQPKAMDRLVCGDVGFGKTEVAMRAAFLAVMNHKQVAVLVPTTLLAQQHYENFKDRFANLPVNVEVLSRFKTAKEQKQILENLAEGKVDILIGTHKLIQSDVKFSDLGLLIIDEEHRFGVGQKEKIKQLRANIDILTLTATPIPRTLNMAMNGIRDLSIISTPPARRLSIKTFVRQNDDLVVREAILREILRGGQVYYLHNDVASIENTAEKLTALVPEARVIVGHGQMRERELERVMSDFYHQRYNVLVCSTIIETGIDVPTANTIIIERADHFGLAQLHQLRGRVGRSHHQAYAYLLTPPPKMMTKDAERRLDALENLDNLGAGFILATHDLEIRGAGELLGNEQSGQIESIGFSLYMELLDAAVKALKEGREPSLEELTQQQADIELRVPALLPDDYLGDVNMRLSFYKRIAAAENKSELDELKVELIDRFGLLPDATKNLLQIAELRLLVEPLKVVRIDAGTQGGFIEFSAKAQVNPDKFIQLIQKEPSVYRFDGPLKFKFMKDLSDNKVRLEFVVDLLRTIAA,length1,3474
-1,292046,292013,33,MLRHLMQATQF,length1,33
-1,291785,291761,24,MRLVAHLH,length1,24
-1,291560,291407,153,MRHPNYRGLRLHRFEYSFHKCHCQNLLNDPMQKQYLMSQFDLNQMDYQLQQ,length1,153
-1,290945,290882,63,MMCLIHLIQVQYYLIQNVFFS,length1,63
-1,290732,290726,6,MF,length1,6
-1,290630,290498,132,MCRKACGQNVLLVNKYFIVKNLNVIFMFVLNVVIICVLTPVSVY,length1,132
-1,290366,290360,6,MH,length1,6
-1,289805,288494,1311,MNNMQLKATSPLAEWLSYLEKSHFKPIDLGLDRIQSVAEKLDLLHPAPYVITVGGTNGKGTTCRLLETILLNHGLRVGVYSSPHLLRYNERVRIQNQDLPDEAHTASFAFIDENKTESLTYFEFSTLSALHLFKQAKLDVVILEVGLGGRLDATNIVDSHLAVITSIDIDHTDFLGDTREAIAFEKAGIFRENCPVVIGEPNVPQTMLDQAEKLHCQVARRDVDWLFEQNAENWQWQNKKVRLENLPFCQIPLANAATALAAVQYLPFDISEQTLRKSLQEVELVGRFQAIKTDKREKLADYLGVPVETLPTIIVDVGHNPHAAKYLSEKLTALKRSIEGKMIAVCGMLKDKDANGVFEHLTPIIDEWHCVTLGGYRGQSGDELAEKLKSHFPNIQATSDNSVMDGVCTALKSAVKNDVVLVFGSFHTVAEFWAVVE,length1,1311
-1,288221,288215,6,MI,length1,6
-1,288119,288005,114,MRAKTSLICVEKCNSGCFATKQMASILCAWAINSARSQ,length1,114
-1,287522,287459,63,MKNRPHFKENLMDFVNRIDVR,length1,63
-1,287366,286292,1074,MSVQNVVLFDTQPLTLMLGGKLSHINVAYQTYGTLNAEKNNAVLICHALTGDAEPYFDDGRDGWWQNFMGAGLALDTDRYFFISSNVLGGCKGTTGPSSINPQTGKPYGSQFPNIVVQDIVKVQKALLEHLGISHLKAIIGGSFGGMQANQWAIDYPDFMDNIVNLCSSIYFSAEAIGFNHVMRQAVINDPNFNGGDYYEGTPPDQGLSIARMLGMLTYRTDLQLAKAFGRATKSDGSFWGDYFQVESYLSYQGKKFLERFDANSYLHLLRALDMYDPSLGYENVKEALSRIKARYTLVSVTTDQLFKPIDLYKSKQLLEQSGVDLHFYEFPSDYGHDAFLVDYDQFEKRIRDGLAGN,length1,1074
-1,285074,285059,15,MFCAT,length1,15
-1,285053,285029,24,MKKIRNFN,length1,24
-1,284846,284843,3,M,length1,3
-1,284549,284543,6,MV,length1,6
-1,284228,284219,9,MLH,length1,9
-1,283835,283793,42,MRVIFTDYITHNTR,length1,42
-1,282785,282764,21,MMEINAR,length1,21
-1,282605,282563,42,MPINSRTRVASSIS,length1,42
-1,282422,282395,27,MPGTIIRHA,length1,27
-1,281954,281945,9,MEA,length1,9
-1,281759,281756,3,M,length1,3
-1,281615,281561,54,MPLGSKASSSIGNHFSLG,length1,54
-1,280922,280895,27,MFESHHQAI,length1,27
-1,280805,280799,6,MQ,length1,6
-1,280763,280754,9,MNV,length1,9
-1,280508,280496,12,MSRF,length1,12
-1,280319,280313,6,MG,length1,6
-1,279623,279548,75,MGVDLVECGSHLMFQVESIYFSITN,length1,75
-1,279428,279419,9,MAR,length1,9
-1,279302,279299,3,M,length1,3
-1,278558,278534,24,MFLHIFDD,length1,24
-1,278150,278069,81,MPCLRFDKRNLAFWGKSMLGNNIAIFC,length1,81
-1,277889,277820,69,MVGYKSSIFNKKIKGQRNVALIN,length1,69
-1,277625,277610,15,MPEKT,length1,15
-1,277496,277325,171,MVMVSAIGSTAESAVGFASVFSAALLAAANKALVSSTTASICFFSKRENKALNGARV,length1,171
-1,277082,277055,27,MALLYSRLS,length1,27
-1,276860,276836,24,MRSFNFAA,length1,24
-1,276782,276734,48,MNVPRDFDIFAPSTVT,length1,48
-1,276638,276632,6,MK,length1,6
-1,276584,276545,39,MPSRSHRFLNEAI,length1,39
-1,276365,276260,105,MPSNAGKSKKKCSDSFTIGVVPETAERGLIKSIGL,length1,105
-1,276008,276005,3,M,length1,3
-1,275966,275879,87,MPSLSAFNIIGVPCASSAQTKWILLPRIR,length1,87
-1,275651,275588,63,MSDKFTLLNRKLLWQPTFLII,length1,63
-1,275399,275390,9,MRY,length1,9
-1,275186,275150,36,MRIFMALLFHTC,length1,36
-1,275087,275057,30,MVYLQIPLAF,length1,30
-1,275051,275003,48,MKIVQQFGAAQWRVVH,length1,48
-1,274988,274967,21,MKPYGIV,length1,21
-1,274697,274694,3,M,length1,3
-1,274643,274538,105,MQATRPLCECLKMKFHKRSYNLQKKSLQNFTGKVP,length1,105
-1,274463,274394,69,MGFLPHPSHHFIQPFTGFFRNIA,length1,69
-1,274301,274262,39,MKTFNWARIDAKG,length1,39
-1,274037,273977,60,MTAIIKLIYHSPAKRFHFFA,length1,60
-1,273833,273752,81,MEEFKNLFTSKLSHFISSLLNKNVVPY,length1,81
-1,273434,273416,18,MQFCIA,length1,18
-1,273353,273347,6,ML,length1,6
-1,273335,273248,87,MQWKFSLAANISQWFPLANVSIILINPSL,length1,87
-1,273164,273086,78,MAQFILMTSKVSLKKNAFLLRQCVFI,length1,78
-1,272564,272423,141,MSVDLKRLRQGSKIALKSTSLVCGRGEGLTAIFHAYNWAKNRAEIRI,length1,141
-1,272138,271898,240,MPISCGGTRCAANTSSRLAFLMFRKSSLAIASDNGITCIPSFFPFGIYTNKFLKLPVPFVCRICVLIASMSSLFCVGSVM,length1,240
-1,271514,271484,30,MFFFTVIALL,length1,30
-1,271205,271142,63,MQFIIAHDKSPWLASSERSET,length1,63
-1,271118,271046,72,MRFFTVIKLLTMSLSPLSNLRRRF,length1,72
-1,270914,270899,15,MRVTL,length1,15
-1,270878,270857,21,MRLACVS,length1,21
-1,270179,270137,42,MVSPFKSTSAVCLA,length1,42
-1,270128,270077,51,MYERNCKACFLLADKKI,length1,51
-1,269987,269954,33,MRCSFALCQIR,length1,33
-1,269894,269747,147,MALGSAFFRSPLLRFASFGFKSTSLPSPKEYFFTLAILSIWRPSKSISL,length1,147
-1,269312,269228,84,MGGCGDRRRNHRRTHYSAQLDFRNGGKL,length1,84
-1,269183,269162,21,MALYVER,length1,21
-1,269147,269138,9,MLW,length1,9
-1,268493,267446,1047,MNKFTKQKFNTYLAGVAQDNGEDVAFIANGGQFTVEPTIQQKLENAVLESSDFLKRINVVMVQEMKGSALRLGVLSPVASRTDTNTKARETTDIHSLQENTYSCEQTNFDTHLNYPTLDSWAKFPDFAARVGKLKAERIALDRIMIGWNGTSAATTTNRTSNPLLQDVNKGWLVQIEDKAKARVLKEIEESSGKIEIGAGKTYKNLDALVFALKEDFIPAQYRDDTKLVAIMGSDLLADKYFPLINQEKPSEILAGDTVISQKRVGGLQAVSVPFFPKGTVLVTSLDNLSIYVQEGKVRRHLKDVPERNHVEDYLSSNEAYVVENYEAVAMAKNITILEAPAPISPVAA,length1,1047
-1,267383,267362,21,MRQKPKI,length1,21
-1,267344,267302,42,MTKCAVFLLAIERI,length1,42
-1,267191,267185,6,MS,length1,6
-1,267119,267059,60,MPYFMIYACPSHSLEHLAPC,length1,60
-1,266948,266870,78,MKAVRDYCVNWACYWLKRTLNKHWHI,length1,78
-1,266447,266420,27,MKWAKCSNS,length1,27
-1,266417,266291,126,MITIRQMTLSVMMVSSPICHLLNFVINTVQTAPLPHNVYKMP,length1,126
-1,266267,266222,45,MRNSPRLKHKANATV,length1,45
-1,266195,266180,15,MAKAC,length1,15
-1,266129,265988,141,MNAMQAMTAPMMAKRKWLNSKTALMNYAVMLALRLATYWAENASMRS,length1,141
-1,265688,265685,3,M,length1,3
-1,265673,265649,24,MSHRLQVL,length1,24
-1,265556,265040,516,MIKRSAKYICAISAVVGLVIATYGNDIRTSEKGLLLIGNAEGCMKKPYQCPADVLTVGIGITDAVEKIDRNKIYSLQEIAELYVKGIKQSEKCVNQYANGQTMPQGAFDALVSITFNVGCGKLKNSSLFKMARQGYSKAMCGQFERWIYAAGKPLKGLIERRQKEKNLCLIS,length1,516
-1,264788,264527,261,MYLNQIKIGLIALCLMMLNACSTQQEIIKSPILCPQTTECSAYSPQIRTNGELAEAYLQTQHHLDLCIIENSSLKKCMEEFNKKEQP,length1,261
-1,264416,264386,30,MPPFQKSADK,length1,30
-1,264122,264047,75,MWTVGKSSQRVPHHLVLNIVIHSML,length1,75
-1,264035,264014,21,MQAILPP,length1,21
-1,263942,263924,18,MPLNSK,length1,18
-1,263258,263240,18,MCLRIM,length1,18
-1,263123,262985,138,MPETNQGNAITPKPIASPSKPTNRINNESIAIIFPPFAYSIIELNN,length1,138
-1,262955,262190,765,MNNLQLTVLLNAIDKISAPVRSASKSVNELSAKLKESKSIHRQLNQQNKQHQAAMKQYASTINPLKSKLDSLNQELEQAKQKAASYAQYMKNAQHPTAGFQKEVEKAKSAVKKLKQEQIDAANKLQQARQELAKSGISAEKLAQKQRELQKNTKSATDQIKNQEAALKKLNAKQAAYNQYRGQVEKLKDISGKAQIIGAQATAAGTTMTAPIVNSIRDFMSFEDVMAGVARQVPGLKDKFGQFTPKYDEWKNKIK,length1,765
-1,262145,260183,1962,MVTAAARMDIQENELEDFIRLNTQMATAFDAENPDELVELFGKVQKNFKLTTKDAKELADTINYLDDNAISKGTDIINFLNNTSGIGNLVKISEKNLAALGSTLLTAGNEASTSAKAIESTFNRLSKATRMKPVNNGLKALGLDPKAIQKAMVKDAQGTLMMIVEKIKKLPKHLQAGVISDIAGGNYNTQLAGLVANTEEWRRQIELANSEEAKNSMAREFQTRMTTLSAKWQLFKNRLFNVNSSVGASLKDSMTSLMDGVGNLLDKIETWIDEHPKLTSTIAKTAVAIGGSLSLLGALSLALSFILYPAARLFLGLSKLNVIIPKFSGHLSSAGRLILRGLLSPLKLIALAISPLGIALLSVAALIYKFWQPIKAFFGGFWEGLKSGLAPVLEKFQPLGTAFGVVVGWIEKAVKWFTDLLSPVQSTKEDLDAAVSAGERFGNGMAKAIEFILTPLTRLMDGIKWISENMPSWEGIKNSVSSAWERTKNTSSNAWQSTKETAGSAWESFKDFTGFGSNGKKLPSQNWSGGYTGNGGKYEPMGIVHGGEYVMTKEATSRLGVNTLNALNYGKRALIAGGLGISVATAAPVQVDTRAPIFARPMMTQTSQPMSVNITINAAQGMDERAIAQQVAKQIQRIENQRQARARSSMWDRA,length1,1962
-1,259802,259754,48,MLKIKTVYSDVQKTAV,length1,48
-1,259748,259706,42,MVHRLIILVYITLD,length1,42
-1,259700,259673,27,MKKMILLWC,length1,27
-1,259661,259562,99,MKITQNKPQCRFVLWLIMIPYSGQKKKNSFNNE,length1,99
-1,259538,259523,15,MILFN,length1,15
-1,259409,258854,555,MTNLSLNPIFESFAPIFKQLKTVAMSALFIAPLAINHPVRHTTHTVNIFSVQTDENKSINQQDIEKIIDMVKAVSAITDFVIASITAESLSYIDLSDVLRLESKINKYDDLANNIMVNNKTPELSTTLQSFSNKMHTLCNMMKSEKYKQQSDEVVLSRLYRKSEDAGYTYKSSHSFDDFKKAVMM,length1,555
-1,258764,258707,57,MKNCSSSLILCNPLNKGNY,length1,57
-1,258677,258575,102,MIISMTFQIQRFINKTKYGIITAALTIKDLDIVL,length1,102
-1,258551,258530,21,MEKHQDL,length1,21
-1,258506,258494,12,MNIS,length1,12
-1,258311,257714,597,MPMSAELQRKLDNIIRFGVIAEVNHATARARVKSGDILTDFLPFVTFRAGTTKTWSPPTVGEQCVMLSVSGEFTTACILVGLYTQNSPSQSPDEHVIEFADGAKITYNQSSGALVVTGIKTASITAANQIDIDCPAINIKGNVNIDGSLSTTGTSTTKGNISTQGSVTASGDIKGGSISLQNHVHLEQGDGQRTSNAKA,length1,597
-1,257375,256463,912,MSELVDLSKLDAPKVLEDLDFESLLADRKAEFIALFPQDERAFWQARLSLESEPITKLLQEVVYLQLMERNRINNAAKATMLAYASGSDLDVIAANYNVKRQVIQEANNNVTPKIPEILEDDTSLRLRTQLAFEGLSVAGPRSAYIFHALSAHPDVADVSVVSPQPANVTVTILSRNGQGETNENLLNVVRAKLNDDDIRPIGDRVIVQSAVIQSYEIRAKLHLYRGPEYEPIKAAALKKLTTYTEEKHRLGRDISLSGIYAALHLEGVQRVELISPTADLVLPSSKSAYCTAINLEIVTSDDY,length1,912
-1,256301,256295,6,MG,length1,6
-1,256166,256127,39,MVSNKSARHTRNI,length1,39
-1,255968,253406,2562,MGRNHHGISTIGIFMASQYFAILTDYGTRAIAHALSQGQPLQLTQFAVGDGNGKAVTPTANATALVHQTHIAPVSAVSLDPRNNKQVIVELTIPENIGGFYIREMGVFDAQNKLIAYANCPESFKPTESSGSGKVQVLRMILKVESSSAVTLSIDNSVIFVTRQQMTPKTITATTQNGFNESGHSHQIAKASTTQQGIVQLTNDTGLESESLALTAKAGKKLAQQTTQLQLNVSQNYIQNSKKSSAVNSESEDNVATSKAAKTAYDKAVEAKTTADGKVGLNGNESINGEKSFENRIVAKRNIRISDSQHYASRGDYLNIGANNGDCWFEYKSSNREIGTLRMHANGDLTYKRQKIYHAGAKPQFNTDIEGKPNTLAGYGIGNFKVEQGQGDANGYKTDGNYYLASGQNLPENGEWHIEVVSGGATNAVRQIARKANDNKIKTRFFNGSSWSEWKDAGGDGVPIGAVVSFPRAVTNPVGFLRADGSTFSQQTFPDLYRTLGNSNKLPDLTRSDVGMTAYFAVDNIPAGWIAFDEIATQVTEQRYPELYRHLVGKYGSISNVPLAEDRFIRNTGNGLNIGQTQSDEIKKHVHRVRTHWADSSDSSIFYDKTKTVIDSRLRTATTTDDNLSDNGFMHPLLDTPMATGGDETRPKSLILKLCIKAKNTFDDVQFWVKAFGVVENAGILDAGTLVQNMQALSARVDQEIKENKQSTLQEINNAKVDINQQFLQAQKNLSQIGTLKTVWQGNVSSGSINISEKCFGKTLILYLQSSSGHRLDDNNNIEIVSFEVGAEIEGKRGGGVYFSSIRQVIPHSSGGTSVYHVEVEEFAVTVDRNGTTIHIEELAGRFVKRIDIR,length1,2562
-1,253325,253304,21,MILWKWK,length1,21
-1,253187,253142,45,MKKRKLKLSVNSLKI,length1,45
-1,253127,253094,33,MIQRRTSVLDG,length1,33
-1,252887,252881,6,MS,length1,6
-1,252875,252866,9,MRR,length1,9
-1,252860,252851,9,MKN,length1,9
-1,252839,252809,30,MTILFQKCDN,length1,30
-1,252530,252476,54,MGFNSARRCNRSTNQSLF,length1,54
-1,252383,252374,9,MVF,length1,9
-1,252233,251414,819,MSILGSMTDAVNKTKTPQAPTISTQSPTKDTSQTMAGNVSNLLNSNSLLMNSAAAKGERMAANRGLQNSTIGVESAQRAMLDAAIPIASQDTQNAFAEKQTRLQADLNFQNQSKLNQQQNQFTASQAELERGHQRGMAQLQSDLAYSNQSRLNQAQNQFTASQAALERQQQKDMANLNHQNEMKNLNAQVAANTIGKSIDFTMQITNNFDAQIATILNNSNMKAEDKTKAIEQLKASRDSEIQFMSKFMQGIPTTQQNWSSFPSLGVPSIQIS,length1,819
-1,251378,251366,12,MGCN,length1,12
-1,251351,251303,48,MAGGNSWKCNGLDGQP,length1,48
-1,251033,250754,279,MIVLVSQWKKLAMSELVILIHPFPVEVVGEKITVVIVIVVRQIDGMTTNLDTEKTKSILMHLMSEEITLVGAVVIAQLAEQLVKNIIHFLMGK,length1,279
-1,250685,250628,57,MRLILNALLLYLIETYVVQ,length1,57
-1,250610,250523,87,MYGQAIPNIHPFENGRTSIVTTVLNGAKN,length1,87
-1,250364,250319,45,MIASLQRGKRITIQE,length1,45
-1,250292,250214,78,MLGKNMKRTINGLIEVLQLHKSVYLL,length1,78
-1,250070,250064,6,MN,length1,6
-1,249728,249662,66,MLSQMLRNNVFKKKVPKKVLPI,length1,66
-1,249617,249593,24,MEKLFRRK,length1,24
-1,249521,249512,9,MMY,length1,9
-1,249494,249422,72,MRLSNLAKQRTVRYLRKKNSNTLI,length1,72
-1,249272,249230,42,MLSKGGKMKKLKSC,length1,42
-1,249125,248837,288,MKFQRRLQKLEFQHVILMVVNQKRKKIFLAQLKRLVFMIANYIPCKKNCPQQKIKSNKMRLQQESMLFLLNARIILNALIQSLHLRGLARWDKRFI,length1,288
-1,248771,248735,36,MLNLLSLLLCAI,length1,36
-1,248729,248726,3,M,length1,3
-1,248672,248540,132,MPLVCSFPKRQRMLKTGRKNVHSINHQLSFREHSKKCGQIFAFQ,length1,132
-1,248021,247916,105,MAMLFKIWWSWGELNPRPKLLYLQYYTFSLVFNFT,length1,105
-1,247298,247268,30,MLSYSSIYHQ,length1,30
-1,246950,246944,6,MI,length1,6
-1,246878,246455,423,MLQDAVKDLGCELWGIECQRVGRFMTVRLFIDKEGGVTVDDCADVSRQVSAILDVEDPIADKYNLEVSSPGLDRPLFTLPQFERYIGQDIAVHLRIPVMERRKWQGKLERIEKDMITLIVDDQEQILVFGNIQKANVVAKF,length1,423
-1,244937,242405,2532,MTEDVKADAPKKLSIQRRTKTTVSSTTTGGKSKEVQVEVRKKRTVKTDIAQQEEAKLKAQQEAEAKKIAEQKAAEEKARLEAEKAATKKEADEKSKAEKAKAETAKPAKSAVDSKAKFVDPEKEKRKAEEAELRRKAEEVARQKAEEQARRAAEEAKRYAEADDSDNESSSEDYSDYNLSSRYALEAEDEEDRRNENRGRGKNKVAKAKKGGRDDENSKNSKNERESNRKNQKDAKFGKGKNGKKGTALQQAFTKPVQVVKADVVIGETITVAELANKMSVKATEIIKVMMKMGEMVTINQVIDQETAQLVAEELGHKVILRNENELEEAVLGDRDVNAEKVTRAPVVTIMGHVDHGKTSLLDYIRKAKVAAGEAGGITQHIGAYHVEMDDGKMITFLDTPGHAAFTSMRARGAKATDIVVLVVAADDGVMPQTIEAIQHAKAAGAPLVVAVNKIDKPEANPDRVEQELLQHDVISEKFGGDVQFVPVSAKKGTGVDDLLDAILLQSEVLELTAVKDGMASGVVIESYLDKGRGPVATILVQSGTLRKGDIVLCGFEYGRARAMRDENGKEVDEAGPSIPVELLGLSGVPAAGDEATVVRDEKKAREVALYRQGKFREVKLARQQKAKLENMFSNMSEGDVAELNVIVKADVQGSVEAIVQALNELSTNEVKVKVVGSGVGGITETDATLATASNAIIVGFNVRADATARRVIEAENIDLRYYSIIYELLNEIKAAMSGMLEPEFKQEIIGLAEVRDVFRHPKFGAIAGCMVTEGVVKRNNPIRVLRDNVVIFEGELESLRRFKDDVSEVRNGMECGIGVKNYNDVKVGDQIEVFEVVEVKRSI,length1,2532
-1,241484,241454,30,MLLVRFAIKR,length1,30
-1,241433,241379,54,MVGGKTNRHQKIIRIIFF,length1,54
-1,241310,241250,60,MLFHFKEYINHAISQFALAL,length1,60
-1,241118,240995,123,MPFHWLIKIHSVTARCIKACQPHITHNHHFQRIVRVFKTTF,length1,123
-1,240887,240755,132,MPFRVQSDDLIIQIHANLTAGNHHHRFAVHHFIAFCKMLHKIDR,length1,132
-1,240749,240734,15,MQSSF,length1,15
-1,240455,240347,108,MASITCLKLAVMQLLRKAILAAVSLIADHNNIVALI,length1,108
-1,239969,239891,78,MVCRDFFNGFANGIPFKQDEIADIVQ,length1,78
-1,239507,239045,462,MLKIHQTRHLDFLLTIILIFYPYTITQQFIKRLITHNQVANIAFCRGFHHRINRTFRQLRIKFTHRLTQLLNKNYTAQIATGKFALMNRQIFTIAIFPTEGLQALKGELFDVVFVEHFIVLHHLIIPARLQCFHHDRHHTKLEKYWILLILLFC,length1,462
-1,238706,238676,30,MGNRIFDKQY,length1,30
-1,238235,238181,54,MLQDQEYIKFHVGKNCFR,length1,54
-1,237971,237911,60,MHFAADKCSRLICPIVTALS,length1,60
-1,237755,237686,69,MTSPLSIMHSGLIFAFAFSSPSA,length1,69
-1,237419,237371,48,MAASSACSRLRPSERA,length1,48
-1,237248,237119,129,MLAISFSFSIPKSEIKMLDKWFRFNVGTPVPTLKLVKSILFNK,length1,129
-1,236006,235796,210,MGGNKAFGLHEKAATAHSWVIHAAGVWLEHFDNQGNDGFRREILPAAFAFGLGKATEEVFVNMAEYVFCT,length1,210
-1,235793,235613,180,MYGLAVVSRAGKVSIGEEDNQPAQGVFVYGIAADALEDAFEFFVVFFNGIKGIINQFCHA,length1,180
-1,235376,235349,27,MSEIIRNVF,length1,27
-1,235325,235277,48,MFIVGGIKLLAEFIRR,length1,48
-1,234908,234866,42,MWKCRAIYLTQKSL,length1,42
-1,234845,234821,24,MKRQLSKA,length1,24
-1,234731,234719,12,MINP,length1,12
-1,234683,234632,51,MLCVKMRKNTLRKATNV,length1,51
-1,233525,233522,3,M,length1,3
-1,233381,233348,33,MDYLFMRQNVK,length1,33
-1,233282,233171,111,MFYAVLCVNPMPMKTNLVLKLSILIFTKLLLWAVMVN,length1,111
-1,233075,233063,12,MLMS,length1,12
-1,232850,232751,99,MDVFLNVTNGYLSKFKFGAQKFIKPMPQNTITI,length1,99
-1,232709,232637,72,MVYTFPNSPLISLIYWRFLLLFIG,length1,72
-1,232601,232556,45,MQSFTQILLWISQKI,length1,45
-1,232496,232424,72,MIVKVLLMLSIRCVTGLAIIQNNS,length1,72
-1,232391,232385,6,MI,length1,6
-1,232286,232280,6,MD,length1,6
-1,231641,231626,15,MVGFE,length1,15
-1,230915,230888,27,MYFQPFDLN,length1,27
-1,230825,230765,60,MRDSLLRYYFAGKDYLALGK,length1,60
-1,230531,230525,6,ML,length1,6
-1,230024,229988,36,MPSNIKQTTVLA,length1,36
-1,229868,229814,54,MALNPITPAILGVPASKR,length1,54
-1,228908,228860,48,MGILLISPCHTLFNHF,length1,48
-1,228422,228002,420,MIQKLFLLVRSLVILSIMLSLGNLIAYYIPSGVPGSIWGLLLLFLGLTTRVIHLNWIYLGASLLIRFMAVLFVPVSVGIIKYSDLLIEQINILLVPNIVSTCVTLLVIGFLGHYLYQMQSFTHKRKKVIKRRENQVKQAN,length1,420
-1,227981,227288,693,MQQYIIYLYTFLTIFGFWLALQISKRWKSMIFNTFVLTVLILAAILVIGKIPYDDYMAGNAPINNLLGLSIVALALPLYEQLRQIAKQWKIILSTVVIASFLAMLSGGLLAFLLGATPEMVATVLPKSITMPIAMEVSRHLGGIPAVTAVGVVVAGLQGSIFGYLVLKKLGVKHQEAIGLSVGSVSHALGTVSCMETNPTAGSYSSISLVLCGIISSILAPFVFKLIYFFV,length1,693
-1,227204,227195,9,MIR,length1,9
-1,226997,226976,21,MIFIALA,length1,21
-1,226802,226757,45,MILGIRLLGMVAKRH,length1,45
-1,226718,226697,21,MRKPLEF,length1,21
-1,226670,226661,9,MQG,length1,9
-1,226607,226499,108,MWLRLNMQNLIFLAILILVLCVFTIGFQEKAFSVMI,length1,108
-1,226460,226328,132,MTALYSVNLKKCGKILRNFYRRALNLWIAALWNWQMILPMAYMI,length1,132
-1,226322,226313,9,MPL,length1,9
-1,226142,226127,15,MCGGN,length1,15
-1,226112,226070,42,MNLCYVITQSCHLK,length1,42
-1,226028,225974,54,MLFAMWILNESNIKGREC,length1,54
-1,225899,225758,141,MPLKKGRSGLFAIILQVCRMHTHCGYINKFDLRENPIELMGFFMQTV,length1,141
-1,225725,225707,18,MGQLWH,length1,18
-1,225692,225659,33,MDIFPLAMCLC,length1,33
-1,225629,225614,15,MNVFV,length1,15
-1,225560,225503,57,MCLWMMAKSNTKKILWFLV,length1,57
-1,225482,225443,39,MHKAIFLIMSQKV,length1,39
-1,225323,225284,39,MAGDLKIKSMKYC,length1,39
-1,225188,225038,150,MCYYSMNQLTTWMWKLLNGWKISYWISKVVLYLFPMTVLLFAKWQHALWI,length1,150
-1,224948,224927,21,MNYLINV,length1,21
-1,224873,224852,21,MKGECEH,length1,21
-1,224816,224813,3,M,length1,3
-1,224744,224741,3,M,length1,3
-1,224735,224711,24,MKSQEKPC,length1,24
-1,224654,224570,84,MAVGKPRSLNYCWVKFSQHQAKFVVVLN,length1,84
-1,224507,224468,39,MWRMVNKILKSMV,length1,39
-1,224459,224453,6,MY,length1,6
-1,224309,224297,12,MTLM,length1,12
-1,224159,224063,96,MWEDSLMRNSNKPISGQVKQWKNRLKRRNLNH,length1,96
-1,223553,223514,39,MLFSLQYLRLGNR,length1,39
-1,223055,222989,66,MRYPAHLKVAEESICYLYHKVY,length1,66
-1,222560,222509,51,MTGIKKRLDCASRRILF,length1,51
-1,221645,221618,27,MPLEQLNQY,length1,27
-1,221603,221570,33,MPSYEKLRIRS,length1,33
-1,221453,221342,111,MVKSLGRNVGTYLLLNLVLLLINDYLVFQWQSRVAKS,length1,111
-1,221339,221312,27,MAIVNKLSQ,length1,27
-1,221174,221135,39,MVKPQGTIRAVDI,length1,39
-1,221105,221081,24,MDNLLVSK,length1,24
-1,221054,221021,33,MNSTQLVHKAD,length1,33
-1,220985,220898,87,MHKSCYHLESENLRQVPISLESAQRRLAN,length1,87
-1,220793,220787,6,ML,length1,6
-1,220466,220430,36,MKRATNKLAGSS,length1,36
-1,220319,220310,9,MPS,length1,9
-1,219944,219803,141,MLPESNSSKPASKRKTVVLPQPEGPRIVTNSPLLIARLKSLIMVLEP,length1,141
-1,219626,219614,12,MKRT,length1,12
-1,219179,219176,3,M,length1,3
-1,218330,218303,27,MPKYFYWRL,length1,27
-1,218225,218222,3,M,length1,3
-1,218135,218060,75,MKLNFRGFIHKFLFNAPNYLGAFFI,length1,75
-1,217277,217265,12,MFQW,length1,12
-1,216887,216824,63,MLCKNLLSAPCHKMMHLIKLL,length1,63
-1,216821,216788,33,MNFVHKIGLVF,length1,33
-1,216671,216479,192,MWGQLLLANKGIFISARIKNLLIQPFSKRFTRNKVQFLTLGCVMNAVFQIWWSITRRADIVVNL,length1,192
-1,216476,216335,141,MNCTVLKKFQFICRIAKIIHYILIYRMRLGQKISILQRIFWRKKIMI,length1,141
-1,216317,216293,24,MIWLIKLF,length1,24
-1,216227,216215,12,MVMW,length1,12
-1,216203,216137,66,MQKTPHLIRVCQRCKPHLILRI,length1,66
-1,216134,216122,12,MIKN,length1,12
-1,215912,215900,12,MVLL,length1,12
-1,215705,215636,69,MSTVFTSPSTTNVSNTNSPPFTN,length1,69
-1,215288,215276,12,MPKR,length1,12
-1,214922,214916,6,MK,length1,6
-1,214778,214655,123,MMSFVSRKERKVPQGQTHYQNQPKQILQVLILCCFHLVRSR,length1,123
-1,214520,214496,24,MYSLQRLK,length1,24
-1,214076,214013,63,MQKSLMWLEWYLSSLPQGNLR,length1,63
-1,213845,213809,36,MNQNDCENILGE,length1,36
-1,213470,213464,6,MG,length1,6
-1,213365,213350,15,MLSSY,length1,15
-1,213125,213080,45,MKMNKSNLKLRAFQN,length1,45
-1,212879,212801,78,MNSAVLLFVPPQKGQAKKNYVKTLNF,length1,78
-1,212627,212609,18,MNLCLN,length1,18
-1,212564,212528,36,MCTGLKMRSKQP,length1,36
-1,212306,212249,57,MNIAIEYCNLYVMRFLKIV,length1,57
-1,212240,212237,3,M,length1,3
-1,212234,212219,15,MALRN,length1,15
-1,212159,212126,33,MNVQLVMDVVG,length1,33
-1,212039,211952,87,MPRQQFQNILLMKNLTVYCQKWKCLLENE,length1,87
-1,211910,211901,9,MWL,length1,9
-1,211802,211796,6,MT,length1,6
-1,211727,211619,108,MQAKTAKFPIKWELAGFGKLNIQKTYRTLCIYTSPR,length1,108
-1,211541,211424,117,MNLYFPLDLYRIAEYFFILTRENDEPYRDIFGCRKYPHS,length1,117
-1,211268,211265,3,M,length1,3
-1,211190,211178,12,MVRF,length1,12
-1,211175,211148,27,MGGRTALCI,length1,27
-1,210836,210794,42,MVYLPNVRFHALYL,length1,42
-1,209735,209273,462,MQSNMQLEPNFWQTKSLLEMTESEWEALCDGCGKCCYRKYIQGRSKRQKLYYTRIACNLLDVETGKCGNYSERFNIETDCTKLTKKNLPDFHWLPDTCAYRLLYEGKTLPEWHPLISGSPHSVKNADILIKNGIHERDVIDWFEFIIDEDHTFK,length1,462
-1,209162,209138,24,MRYRAFSL,length1,24
-1,208211,208160,51,MAAFKCGKKKSPIKNTP,length1,51
-1,208130,208088,42,MAYRRTTFRITKSL,length1,42
-1,208016,208004,12,MERS,length1,12
-1,207704,207689,15,MFDYW,length1,15
-1,206771,206759,12,MATF,length1,12
-1,206708,206705,3,M,length1,3
-1,205661,205616,45,MEYGLDERYTGLYEA,length1,45
-1,204809,202835,1974,MFKIYNNGNPIPMGYSQAVENNVQITNFALFSAAAIGVELCLFDEQNQETRLPMVRTENVWHLAVTGVKTGTEYGFRIHGEFANPNKLMLDPYAKAVNGKPDLSSEESCSWFLLSDNRDNAHLAPRAVVISEDFNWENDTLPNTPWAETIVYELHVKGFSQLNEKIPAALRGTYTGLAHPVNLAYLKELGVTAVELLPVNFHINEPHLQARGLQNYWGYNPLAMFAVEPKYAATNNPLAEFKAMVKAFHNEGIEVILDVVFNHSAESEQTYPTFCQRGIDDQTYYWRNDQGRYINWTGCGNMLNLSSDVGRKWVVDCLRYWVEQCHIDGFRFDLASVLGRDTPDFNSSAQLFTDIKNEPSLQNIKLIAEPWDIGHYGYQVGNFPSYFAEWNDRFRDDLCRFWLWKSGEIGAFAERFAGSIDLFKKNDRLPHTTLNFITAHDGFTLKDLVSYNQKHNEANGEENHDGRNENYSYNHGVEGSTESLSEPQKSAVENNRTFAQSGLLMSLLLANGAPMLLAGDEFGNTQYGNNNAYCQDNEITWLKWANFNEELFELTKQTIALRKRMGSLNQDQWWSDENVQWLNIAGEPMTVEDWQNQQTKALQVVLDNRWLLLINAKAEGQVFHLPNGKWKPQIGTHNVTLEEQAELSSMGFCMLNDE,length1,1974
-1,202565,202502,63,MVFFTTRERGICRYVASSSAN,length1,63
-1,202337,202319,18,MYYWLH,length1,18
-1,202082,202046,36,MFRRRRALCSPI,length1,36
-1,201665,201653,12,MRNS,length1,12
-1,201401,199973,1428,MKILHVCSELYPLLKTGGLADVLGALPQAQNQIGLDARVLLPAYPAIIAGIQNTQVVAEFDNFAGHVVLRYGEYNGVGIYLIDAPHLYGREGNPYHDAYYNDYGDNYKRFALLGWVGAELATGLDSWWRAEVVHAHDWHAGLCAAYLFNKGRPAKSVFTIHNLAYQGQFSYHHLYEIGLPTGMFHVEGLELFGQISYLKSGLFYSDASTAVSPTYAEEITTPEFAYGLQGLLSGLKAQGRLVGILNGVDENIWHPNVDQYIPHHYKLKYMAGKKKNKAELQAYFNLPQDESALAFVMVTRLTEQKGVDLLIESADEIVKQGGQLMILGSGAPHFEQGIRELAERYPQNIAVKIGYDEALSHLMVAGGDVILVPSRFEPCGLTQLYGLQYGTLPLVRKTGGLADTVVDSTSESIKARTATGFVFESATPEALRHCLQRAFALWQKPRAWAMVRTDAMEQDFSWRKAAEQYRTLYERL,length1,1428
-1,199724,197261,2463,MIMDNFDSPFQYNRPEMTVEAIKKSIVYKLIFLIGRSPREASQRDWLNATLHAVRDLVTEGWITTARQTRAEDSRRVYYLSMEFLIGRTLSNAMIAEGIYGLAQEALSELNVDLEEVLEKEVDPGLGNGGLGRLAACFMDSIATLGLPGMGYGIRYEYGMFRQKIENGQQVERPDAWLEKGAPWEFIRPSKRFTVEFGGNIHFEGKKCIWQDTEKVTALAYDQMIPGYQNNSAATLRLWSAHAGEVFNLADFNRGEHLAALEEHSANKNLSRVLYPDDSTWNGRELRLRQEYFLVSASLQDILRRHKRTHDSLENLADKVAIHLNDTHPALAIPELMRILVDDEGFEWKKAWEMTRNIFSYTCHTLMSEALETWPVEMMAKILPRHLQMIFEINDHFLEYVRTYVTTDNDFIRRVSLIEEGYQRKVRMGWLSVVGSHKINGVAEIHSDLMVTSTFADFARIFPERFTNVTNGITPRRWLAVANPQLAALFDKYIGSEWRCDLSQIEKLKPFKQEKAFKEAVADIKFANKVKLAEYVKRELGVELDPHALFDVQVKRIHEYKRQMLNVLHIIARYNEMLASPEKDWQPRVFILAGKAASAYYAAKQTIHLINDVANVINNDERLKGRLKVVFIPNYSVSLAQLIIPAADISEQISLAGTEASGTSNMKFALNGALTLGTLDGANVEILENVGEDNIFIFGNTVEQVEQLRREGYRSFEYYQNDAQLRTVVDQIIEGKFSPEDPQRYHQLLQGLQYHDYYQAFADFRSYVETQKAVDEKYKQRDQWIESTIQNIVNMGFFSSDRTIKEYAERIWKVEPVQLDD,length1,2463
-1,197186,197141,45,MFLCGIFRDPYHNIL,length1,45
-1,197102,197066,36,MIHLHPFDFLSF,length1,36
-1,196964,196919,45,MRAVWRQRRKRFSKY,length1,45
-1,196886,196847,39,MQVLKLVLKIKHF,length1,39
-1,196781,196751,30,MHRQMKKSLK,length1,30
-1,196667,196661,6,MC,length1,6
-1,196652,196400,252,MRCLVFLVRKHWMRFLLWRIFLVIVLSLKLRMNSVASLLGKLLLQVKFHQQKCWLLVRVWLVWRQLVQQIALGRLFVLLTLVLK,length1,252
-1,196328,196313,15,MVMRK,length1,15
-1,196274,196202,72,MQNKLKKSILLLLRQPFRVNQRLV,length1,72
-1,196019,196007,12,MAQT,length1,12
-1,195971,195926,45,MAISILILKMWFFVV,length1,45
-1,195911,195800,111,MGKKFHQHKFKCLHNQNKKPKLHQWQRKKSLNQQILV,length1,111
-1,195671,195644,27,MLAMHFTHH,length1,27
-1,195629,195605,24,MQFQALLL,length1,24
-1,195557,195551,6,MR,length1,6
-1,195449,194027,1422,MSEGLVQAAYILAALLFIMSLAGLSKHETAKAGCWFGIVGMTIALIATIFGPHSEGTFWIIIAMIIGGVIGVQRALKVEMTEMPELVAILHSFVGLAAVLVGFNSYGLHHEALMPEGLDAAAQAAFVAEQAVLTNIHNVEVFLGIFIGAVTFTGSVVAFGKLSGKINSKALMLPHRHKLNLAALVVSALLMVAFLNNPESIFPVLLMTAIALAFGWHLVASIGGADMPVVVSMLNSYSGWAAAAAGFMLNNDLLIVTGALVGSSGAILSYIMCKAMNRSFVSVIAGGFGNDVQVSSSEEQGEHRETTAEEVAELLKNASSVIITPGYGMAVAQAQYPVADITAKLRERGVNVRFGIHPVAGRLPGHMNVLLAEAKVPYDVVLEMDEINDDFADTDVVLVIGANDTVNPAAMEDPNSPIAGMPVLEVWKAQNVIVFKRSMAVGYAGVQNPLFFKENTQMLFGDAKDRVEDILKAL,length1,1422
-1,193946,193928,18,MIFQNF,length1,18
-1,193871,193838,33,MSSVWIDHMNF,length1,33
-1,193601,193595,6,MF,length1,6
-1,193535,193508,27,MNSSSSYFT,length1,27
-1,193409,193376,33,MQMRMLSHKSG,length1,33
-1,193172,193163,9,MFF,length1,9
-1,193022,192968,54,MLDFANITLHYTANFTKF,length1,54
-1,192875,192869,6,MS,length1,6
-1,192779,192731,48,MPKKKQKLRQKRNVTP,length1,48
-1,192539,192461,78,MIVLVAWCLTKSLKMPLNRLLKSLNN,length1,78
-1,192443,192419,24,MLNKLVVF,length1,24
-1,192221,192158,63,MLRIIKARNLIQKIKKKHKVR,length1,63
-1,192146,192119,27,MFQITLSQI,length1,27
-1,191996,191951,45,MKRVTLLICVRIQPI,length1,45
-1,191942,191792,150,MRLIWRVAILKIILVHNIYQKNQISILVKKMRKRLMRLFVHQIFEHCLNP,length1,150
-1,191759,191753,6,MI,length1,6
-1,191708,191693,15,MIVVH,length1,15
-1,191636,191609,27,MVGQKYCHR,length1,27
-1,191441,191354,87,MRQLFPPFKNVVMFVLKIVVSMQKRWAKL,length1,87
-1,191339,191321,18,MSLLAN,length1,18
-1,191189,191081,108,MNLKAVCVRIISWKPILNAQPVTEIWPFVRQVRGYF,length1,108
-1,191066,191024,42,MHCRQKSGAKQRLI,length1,42
-1,191000,190994,6,MF,length1,6
-1,190991,190967,24,MNLQKLKH,length1,24
-1,190919,190916,3,M,length1,3
-1,190910,190856,54,MHIVKSIFAVIIQIVMDI,length1,54
-1,190823,190775,48,MMALLLSVINAVRICI,length1,48
-1,190640,190508,132,MHILYCVMVRVGYLCQHITSQNPAKHAQLKSLNLCNIASVYLKN,length1,132
-1,190493,190280,213,MLHKKTQKRMKRLFVLVAKRKNNMSLLKKREKRLNGLLISPMENGLNERNKKKSAVKSPHFFVFNTFSYIF,length1,213
-1,189503,189449,54,MVGMKPSRAKVRLILIEF,length1,54
-1,189446,189410,36,MNTSPFVWVTTV,length1,36
-1,187967,187895,72,MAMWYSAIRLRITRSFRCNLCGRR,length1,72
-1,187793,187751,42,MVSTNPSGCNEYYR,length1,42
-1,187325,187253,72,MLTNLPDFFRAFCANASIVAFVAN,length1,72
-1,187229,187202,27,MASGLSCCQ,length1,27
-1,187100,187070,30,MPFFTISSST,length1,30
-1,185795,185735,60,MRSSAIFKLPERIFNCFSLS,length1,60
-1,185606,185579,27,MLCSVSLPK,length1,27
-1,184991,184961,30,MTSKANSNFC,length1,30
-1,184796,184787,9,MPF,length1,9
-1,184322,184241,81,MFTTNGGLPTNATIPLCMSAIVIATET,length1,81
-1,183812,183788,24,MNITEFQC,length1,24
-1,183713,183701,12,MLTC,length1,12
-1,183365,183284,81,MNILWTIELIFSCLINSTNRNRMLGRS,length1,81
-1,183248,183245,3,M,length1,3
-1,183071,183053,18,MHPSKR,length1,18
-1,183038,182978,60,MIIAYIVTYIFLEIFQFFII,length1,60
-1,182894,182879,15,MILFV,length1,15
-1,182285,182246,39,MGIRTKVISDITI,length1,39
-1,181841,181742,99,MIAYASLPTSKFNSLTAAKDTVEESTLPPPISM,length1,99
-1,181040,180953,87,MFCIALNIVSKRPGYWRSQVLSISFTTWR,length1,87
-1,180896,180863,33,MAYFSISFSLQ,length1,33
-1,180623,180617,6,MP,length1,6
-1,180422,180332,90,MTLSPSSIIPKSEIALPTLRRRRFCNLLKL,length1,90
-1,179306,179294,12,MDWL,length1,12
-1,178718,178715,3,M,length1,3
-1,178694,178688,6,MG,length1,6
-1,177830,176774,1056,MNDIQVAKESLDKIIKKARVHLYKPIQIAEILYQDRVNKNINLLDKETYRNISKKWRDVICIRFLGRVSTSSAKYQDDLFNDNAMPPKHLNILGEMNRKTNGGVESYIYKKFFERFNQMSSALEYSYSRTPDNFHLSEFLALFWLEPGLKRSIDKVYEIVVYALFSSLIEALGVKVKIDLDLSNIDLLKEFEDFTRQIISLDSENTSLELNAKINRVGVTNASDRGLDMWANFGMAIQIKHLSLTEELAENIVSSVSSDRIVIVCKESEEKLILSLLNQIGWRSKIQSIITEADLIKWYDKALRGKSAYLVGSKILEHIRNEISLEFPATDIVDFNHFFHECEYNKALDIEK,length1,1056
-1,176768,176036,732,MTDNLQDVISPKLAVAIANPIFPAVDSLLRSGRHISTEHLDNHAFLMDFQNELDGFYRRYNVELIRAPEGFFYLRPKATTLIARSVLSELEMLVGKVLCYLYLSPERLAQQGIFSTQEVYDELLNLADEGKLLKAVNQRSSGSDLDKQKLAEKVRAAIGRLRRLGMIQTVGEQNSGKFTISESVFRFGAEVRSGDDPLEAQARLIRDGEAATPESLSLEKQAQLVENDTESADEIDEEFDGEQE,length1,732
-1,176027,176015,12,MFLN,length1,12
-1,176009,175997,12,MKSN,length1,12
-1,175988,175925,63,MKSLWKMKTSKKSLTHLCLLA,length1,63
-1,175913,175907,6,MV,length1,6
-1,175865,175838,27,MVFLPVLSI,length1,27
-1,175835,175829,6,MN,length1,6
-1,175679,175643,36,MVNCVQVFVTRY,length1,36
-1,175109,175049,60,MLLRIICVMRMNAVAILRLH,length1,60
-1,174950,174938,12,MNVL,length1,12
-1,174797,174782,15,MRMMR,length1,15
-1,174695,174620,75,MPNKLAHFNINKPLLHSKRLKPCVA,length1,75
-1,174599,174596,3,M,length1,3
-1,174566,174554,12,MLKV,length1,12
-1,174347,174272,75,MNLSNVMHNNKVRSNYLMILINVLI,length1,75
-1,174131,174098,33,MMKMRVKHQHG,length1,33
-1,174032,174029,3,M,length1,3
-1,173942,173924,18,MSKFLV,length1,18
-1,173912,173891,21,MVQKIRV,length1,21
-1,173840,173834,6,MT,length1,6
-1,173822,173732,90,MRLISPHFTDLHVMLLLCVISMQCVNNLRN,length1,90
-1,173717,173705,12,MIYI,length1,12
-1,173528,173402,126,MKWQNNMPKLHLMYKNANVYTNISANLLGCICHLRSSQIQKR,length1,126
-1,173375,173357,18,MKLIVN,length1,18
-1,173309,173276,33,MQKKNYSYSTS,length1,33
-1,173261,173255,6,MY,length1,6
-1,173249,173240,9,MKI,length1,9
-1,173189,173162,27,MNILFVSMA,length1,27
-1,173090,173084,6,MN,length1,6
-1,173027,172940,87,MLYNVNRILVMKMQGRLKLLNLTKNFANV,length1,87
-1,172811,172805,6,MN,length1,6
-1,172769,172685,84,MMVLKNARVSVVMNYINNFQRAVSVGLM,length1,84
-1,172487,172457,30,MNYVQCRIKP,length1,30
-1,172427,172406,21,MNIYVIV,length1,21
-1,172301,172253,48,MIQLMPLNKWKLSFLV,length1,48
-1,172070,171905,165,MPCCWTHFLVSKMNIKTYLTTTASPFLKLWRSSINVSIHILIWDNAQHKQSAKNC,length1,165
-1,171854,171782,72,MVGYALKVALFLLVKLSVQVCQFS,length1,72
-1,171701,171686,15,MKQRV,length1,15
-1,171545,171497,48,MYTLLVYEDSVRQNKK,length1,48
-1,171131,171074,57,MKSKKPHLKEMMWIGHNLR,length1,57
-1,171050,170885,165,MISKFKPQILKIYLLNYGKLIALIMILLRSILLINQNQHRILKLFLLKKMKNFLH,length1,165
-1,170669,170660,9,MES,length1,9
-1,170633,170555,78,MYLILVTGGMEIMKSPLKAPNILNTL,length1,78
-1,170234,170198,36,MQRNVFRYFFPF,length1,36
-1,170177,170168,9,MKH,length1,9
-1,169598,169583,15,MKVLV,length1,15
-1,169535,169505,30,MLILISLVNQ,length1,30
-1,169421,169379,42,MKRGFQSLNSPQIS,length1,42
-1,169325,169313,12,MMMK,length1,12
-1,169274,169232,42,MNTAGKMGIHAGIC,length1,42
-1,169211,169148,63,MPCVQKELIGLMTMMECQVSA,length1,63
-1,169127,169058,69,MVLSMKMLTMPWRMYMQLLLWRN,length1,69
-1,168953,168938,15,MFLEC,length1,15
-1,168875,168869,6,MH,length1,6
-1,168815,168776,39,MNYGQIYIPKNLN,length1,39
-1,168584,168551,33,MKNVNLHRMIM,length1,33
-1,168533,168452,81,MAFLAMLIKIIWLFYVVYLQKNYLNMV,length1,81
-1,168239,168227,12,MNMV,length1,12
-1,168023,167954,69,MTRYNVLSSLILSCFASTCDTCA,length1,69
-1,167795,167786,9,MNE,length1,9
-1,167606,167513,93,MYLSSPLARYFRFSDVLFTTVSANTCNAYYH,length1,93
-1,167489,167420,69,MTKRLGMINEKLLPFVSVLSIFK,length1,69
-1,167291,167234,57,MPTPLSITLNLIPCSQVSH,length1,57
-1,167138,167126,12,MILG,length1,12
-1,167057,166916,141,MADISNLRKSLSEVVSIFAKKLNCCNRCSIRWLCSCIAKIAFFCRGF,length1,141
-1,166286,166220,66,MIAKFISTIKFNIFFIVYLVNN,length1,66
-1,165527,165521,6,MA,length1,6
-1,165347,165323,24,MPYSRSNV,length1,24
-1,165227,165194,33,MPNKVHLTTTH,length1,33
-1,165077,164951,126,MPILLVHSSFLLIIFQTNEHRMQYYHKSTLEMALVFGKPYQP,length1,126
-1,164753,164690,63,MHENPHSRNLDFAQLFWFLVD,length1,63
-1,164618,164573,45,MLLELHLPKLDYSNL,length1,45
-1,164267,164195,72,MRMLQPTLKNARFLIHISCKQTNQ,length1,72
-1,164072,164054,18,MYPHRQ,length1,18
-1,163418,163304,114,MIIMASTNPAVNKPTPKGTPEKNNSNPGKFPKLSISTG,length1,114
-1,163214,162908,306,MLIGRFSQLGASSVKKIAIPNEMGTAINNAIPAVISVPKIGIIAPYCSCTGSQYVSNRKLPPKRLILSQLPMTKEIKIAASKINTSKANNAVVCLNNDSIHV,length1,306
-1,162236,162209,27,MNHNNVFIW,length1,27
-1,161777,161741,36,MHKHNKFSLSVI,length1,36
-1,161699,161690,9,MTI,length1,9
-1,161177,161156,21,MVFKTRL,length1,21
-1,160397,160376,21,MVCGRTT,length1,21
-1,160139,160052,87,MKRIYTDEPTNQPTNQPTNQPTKIIKPLR,length1,87
-1,159971,159905,66,MYLLMAIFSGIKPNLYWNNFLM,length1,66
-1,159869,159839,30,MEYLTVQLTQ,length1,30
-1,159797,159758,39,MMTISYEKITWKA,length1,39
-1,159677,159626,51,MMILTLSEIGIQKAIFS,length1,51
-1,159623,159614,9,MLK,length1,9
-1,159578,159491,87,MKLMDILILIVTPYLVRLHKKLHIVGTHH,length1,87
-1,159347,159314,33,MKITIIFLQKY,length1,33
-1,159281,159239,42,MEVALGQRNKKYNF,length1,42
-1,157019,157007,12,MVVK,length1,12
-1,156437,156380,57,MQSSKVSFPMNKLLQCLLL,length1,57
-1,156320,156275,45,MPKYFHVQIILLRIL,length1,45
-1,156260,156119,141,MVKTLLIFPLPVRLLRHQWEQKWQNMAIVACRVNQVLAMCLPHLALM,length1,141
-1,156083,156005,78,MKLVSVFYLLNNIILVSVMLRQSVPL,length1,78
-1,155927,155915,12,MRLN,length1,12
-1,155903,155882,21,MLKPQLP,length1,21
-1,155855,155843,12,MVLA,length1,12
-1,155840,155771,69,MKSHCTAKHKWQKLKMAKLNISL,length1,69
-1,155702,155690,12,MPNI,length1,12
-1,155654,155618,36,MLMRWLQIRHYY,length1,36
-1,155600,155594,6,MI,length1,6
-1,155585,155525,60,MCKMYWRIFYQVKPLKHYRN,length1,60
-1,155474,154043,1431,MMITQDFTKPIDSATVLQKIVLDKAQWVKAKETEFPLSQFKEKIQQSDRSFYDALAKGTHQKPAYILECKKASPSKGLIRAEFNLEEIANVYKHYASAVSVLTDEKYFQGNFEFLPLVRGIVSQPVLCKDFMISEYQVYLARYYQADAILLMLSVVNDETYRVLAELAHSLGMGVLTETSNEDEFERALALGAKIIGVNNRNLHDLTVDLNRVVELTKKYADCIPANVRIISESGIYNHKQIHQLQKVAHGFLIGSSLMGNQDLNNAVRSVIFGENKVCGLTRAQDVKIVYENGALYGGLIFVEHSKRCVSLRQAQELVTAAPLRFVGVFQNQEIDFIVKIANQLQLYAVQLHGAETEAFITALRQQLPKNTQIWKAISVNIEAQSAVDFTDDLNVDRYIFDSQTSNQQGGTGKTFDWSLIPENLKHKIILAGGISPNNVEQAIQQNCLGLDINSGVESSAGVKDQEKVRLVFNNIY,length1,1431
-1,153911,153896,15,MWRTT,length1,15
-1,153842,153803,39,MGACSCGLCNECY,length1,39
-1,153083,153077,6,ME,length1,6
-1,152891,152861,30,MSYGKFPLCD,length1,30
-1,152831,152711,120,MRIQFRLDLNLICHSLRRNGLHSIIYYRSYGNLLNVSYPS,length1,120
-1,152678,152675,3,M,length1,3
-1,152666,152543,123,MRLCRERQYPQQTLYGSLLQFSLLIAAASCYQCVFQVNLQG,length1,123
-1,152438,152393,45,MVLGVCRFHLLRSAS,length1,45
-1,152261,152225,36,MRTTCLIRLHLV,length1,36
-1,150986,150899,87,MRVPYVKNLLRSAAELQCNSSAHFHFQTV,length1,87
-1,150713,150542,171,MKFLIYFYLLQYINKFLRHLVIHPHKTQYLLILSALALLNFGIHFPYRLQIQNYYFE,length1,171
-1,150350,150317,33,MFISFIIIGKF,length1,33
-1,150155,150140,15,MVQKY,length1,15
-1,150071,150023,48,MVMVLRPARISASKRW,length1,48
-1,149810,149744,66,MTKQEINYLNLFNNDILQYLQQ,length1,66
-1,148838,148814,24,MLGSHFRN,length1,24
-1,148547,148478,69,MQSEYLLRLMEYCLINGLFVQQV,length1,69
-1,148364,148349,15,MDKAN,length1,15
-1,148202,148196,6,ML,length1,6
-1,147950,147947,3,M,length1,3
-1,147938,147917,21,MVFLLKV,length1,21
-1,147617,147587,30,MKNSNILIRE,length1,30
-1,147515,147455,60,MVNFLCMEIKMLLILAYLRI,length1,60
-1,147290,147128,162,MKNTCFIIIFLGIILDRQTDRQTDRQTEKYNPIALYVKVRLILTAFFLLEGKLH,length1,162
-1,146852,146825,27,MKLSKLLAI,length1,27
-1,146798,146792,6,MI,length1,6
-1,146720,146666,54,MINSHLLFGKLVLVHNLI,length1,54
-1,146663,146660,3,M,length1,3
-1,146633,146630,3,M,length1,3
-1,146585,146576,9,MTM,length1,9
-1,146555,146510,45,MILSQRQCTLRHIKK,length1,45
-1,146405,146387,18,MQRHSH,length1,18
-1,146366,146354,12,MQLN,length1,12
-1,146252,146174,78,MMLKWQITLQNSPHFRLSLQIINLKH,length1,78
-1,146165,146126,39,MMRLLKLTVHYVN,length1,39
-1,146036,146003,33,MNQVLQLCQVK,length1,33
-1,145949,145904,45,MTLQSHLWVHKVTSN,length1,45
-1,145901,145886,15,MCSTL,length1,15
-1,145844,145760,84,MLAYLSMNTVQWVLSQTIHALNNNLKIH,length1,84
-1,145724,145652,72,MKMQLKLQKPHTKMAPHYVKKRLI,length1,72
-1,145454,144848,606,MKMKSLFVAMITFFSAAPFAHWQPIGNAEYTWGPFHVYTIGLFSETGTYQENERPLMLSFKYEKPIEGKNFAITLIKEIETLKLNDGDTQSWLKEMQATFPDFSPNDILNYIALPDRGYFVLNDTVLEHDFDAKFNQAFIGIWLAPNSTFVKLQPQLLGKTKSNHEATEFYLKPEIESFDEQDSTPELPPNYLLDSQKKSQG,length1,606
-1,144509,144503,6,ML,length1,6
-1,144095,144041,54,MPTSFAAISASSMPAIVS,length1,54
-1,143432,143417,15,MKYSP,length1,15
-1,143138,143075,63,MHQSPQSHRHFYLPLPPIQWD,length1,63
-1,142805,142793,12,MMCK,length1,12
-1,142706,142670,36,MPSSFKPSSVAR,length1,36
-1,142646,142589,57,MVAGTTKKPSLVMVLCVAA,length1,57
-1,142421,142391,30,MRSLWLSFSF,length1,30
-1,142250,142208,42,MRRQPKAIIKCLFL,length1,42
-1,142040,142016,24,MTYYHLHR,length1,24
-1,141779,141689,90,MLTTCIFLYQPLHVSLALRRHLILRTGLEQ,length1,90
-1,141527,141323,204,MHSLFQQYLDYCVNKRINRCQFGFSNWLILQHGFVHHHDQRSHWRYFQLEKCGQIFRTFLILSSALSH,length1,204
-1,141098,141041,57,MSSAEILANKPLSRSSFAT,length1,57
-1,140831,140819,12,MDSW,length1,12
-1,140762,140600,162,MVTGISAAPATALRNSVNKSFNPPKDNSFRSYSFSASSNRLLVADLIDCTAEIT,length1,162
-1,140351,139946,405,MVYSLYRPKFGENTSSSRCPVGEIFHLGKIINRFNRSVGCNGEVMLIVSVTSNKPTAPYKLDHCNALVNVSRSFNLRSSLVNSSSCSDFKSFEKISRQLRTISSERLIQTLFAIQLSRHNASICIKSSVKLSPRA,length1,405
-1,139898,139874,24,MPSKIFIL,length1,24
-1,139646,139490,156,MLYCSIGFIESISQRPPRLGFNVRKHILILFSFDIFTLGISNCTTSIKSFHL,length1,156
-1,139229,139184,45,MRIHRTFNPYRLNNG,length1,45
-1,139031,138917,114,MNHKTLIGIIKNILRVKAHNNLRTVFTNGWNQYIPTFF,length1,114
-1,138527,138518,9,MSH,length1,9
-1,138137,138083,54,MLHWHSPAQYKAGKIFLV,length1,54
-1,137990,137714,276,MNHLLTFYEKIIFTNPLETGIPEAVAKLALLNDYSALRAWREHLGLTQAEVASRLGISQAAYSQHENSQTLRKSTRIKIATALGINSAQLDF,length1,276
-1,137600,137588,12,MFPQ,length1,12
-1,137585,137576,9,MLF,length1,9
-1,137453,137372,81,MIVLTDSAFSVAILSISLLRSCCSIMA,length1,81
-1,137213,137210,3,M,length1,3
-1,137207,137180,27,MYLVIIRYH,length1,27
-1,136745,136580,165,MSTLSQKHRLLHLIHTTCFFYLRRNSLINTFNCVWKNFIKCHFGNHHCHLFQFSD,length1,165
-1,136514,136442,72,MKNILYAQINAYKLALQHPQWMHT,length1,72
-1,136106,136064,42,MTCRKYTHRNLGLN,length1,42
-1,136055,136019,36,MLPITTPPQREF,length1,36
-1,135725,135722,3,M,length1,3
-1,135545,135518,27,MVQLLVYEI,length1,27
-1,135131,135116,15,MRCKS,length1,15
-1,134261,134225,36,MSFIWRSIPSEK,length1,36
-1,133682,133637,45,MPNSSLIGRIRYFSA,length1,45
-1,133358,133244,114,MLHPSLILLKIVFPATVTPSCLAHSAAVIVNPLKVILE,length1,114
-1,133148,133133,15,MSLSI,length1,15
-1,133127,133124,3,M,length1,3
-1,133061,133055,6,ML,length1,6
-1,132752,132701,51,MLIFFQPLNLLLANLLD,length1,51
-1,132683,132611,72,MYISATYEKIASDTARMDIPLIKS,length1,72
-1,132581,132476,105,MRRLKTRFPYRSTSNTRLSFISQSYKFIYLFLKSF,length1,105
-1,132470,132374,96,MPSHHLVIFFYALSVLVFPLSFAFFLIVLGLI,length1,96
-1,131666,131624,42,MNLLTCGNGIGSIK,length1,42
-1,131507,131363,144,MPLSLSSLPSSYRAPYQPSLYRKNLAFQESFSEYPQKENSTALFLPLL,length1,144
-1,130133,130103,30,MPLLVTRVCV,length1,30
-1,128408,128384,24,MGSQYSTK,length1,24
-1,128234,128222,12,MCDC,length1,12
-1,127901,127886,15,MEIYC,length1,15
-1,127421,127403,18,MLALCL,length1,18
-1,126833,126500,333,MQTIYVKDFSQYPGPRYIKDGKASGEEFRDSILIPAIKRDPDIILNLDDTEGYGSSFLEETFGGAIRKGISPEVVLNLVKNLISNDDHDIIDEIKSYVEKEIEILSLKDNK,length1,333
-1,126395,126341,54,MESSQNYLICAILFLQKR,length1,54
-1,126305,126284,21,MKWITTL,length1,21
-1,126107,126101,6,MH,length1,6
-1,125789,125762,27,MKKSPANRA,length1,27
-1,125702,125699,3,M,length1,3
-1,125651,125636,15,MIGGF,length1,15
-1,125549,125468,81,MQFLITSTAKGGRQMFTPIHSKKRKKS,length1,81
-1,125192,125114,78,MKNGAVAESGAQAGEYPNVDISKHIC,length1,78
-1,124874,124856,18,MGVKNI,length1,18
-1,124634,124574,60,MCCGDNKDLSLTSIKKGTHH,length1,60
-1,124181,124109,72,MRFLSFSLCKTRAFLSRKITLQSE,length1,72
-1,124082,122813,1269,MKTVKARLTELKNLINTKINEDYEWMGEIKSPEIIKEIEQLYPLIEKIEKSGKSLEISYAKYISLQLIKKIIRILNKKRASNKWDEYDVNSFILSLIKLRMTIKELYLIEVKGELRTEEELNAIAADISKAKLNLEEHISLEEQLVENKKEFENLKNSLITLKKSYNDAQEQITEISQWHEQSEKLSGDISNYEFTAQNNLTKITTLATTAETNKPQIEKYHEDIEGMIKLFNKQKEEIEMIIEDANRASMAGSFKTQSENIDSKMKAVDKILLGSLVATSVISLFNYSTSLSAADSLNILQFLAKSIVTIPLLVIAWLKAKERAYLFRLREDYNYKYSSAMAFEGYKKQVQEQDPKLHQQLLQIAVDNLGINPTKVFDKDLKSTPLETIIDGVGKRLDKAVDGIKGEVNDIPKKTKELIDDE,length1,1269
-1,122723,122621,102,MSQFLNNLERWKDRRSMRLFLSPQNSYSTFFINL,length1,102
-1,122609,122492,117,MMNCLGGSKDPPFCSKYGTANPIQFITNYSQWFVMSFKT,length1,117
-1,122195,122159,36,MNWERAKNLIAQ,length1,36
-1,122078,121961,117,MNKLIITLVCAFVVYMAHALNLNQDCDGKICHAEQTQQY,length1,117
-1,121943,121874,69,MGGFLLEEIWNQLNFRRKPKKKL,length1,69
-1,121871,121841,30,MRQKWRRYLI,length1,30
-1,121571,121553,18,MPRYFG,length1,18
-1,121490,121352,138,MQIFSLGKFFEFSECCIKHTRLNIKTQFLIPYPTNIRYIFIRNWMA,length1,138
-1,121211,121175,36,MLHWRNFGVIDA,length1,36
-1,121082,120950,132,MHKRKTPDQRSRVCMWCLGSDSNRHVYSTADFESAASTNFATQA,length1,132
-1,120818,120797,21,MHNIIKI,length1,21
-1,120758,120743,15,MLYSS,length1,15
-1,120668,119897,771,MKNFVAGAQSGRKIQSGGCAIHCQDCSISQLCIPFTLNEQELDQLDNIIERKKPIQKSQVLFKAGDSLNSIYAIRSGTIKSYTISESGEEQITSFHLPGDLVGFDAITQMQHPSFAQALETAMVCEIPFDILDDLAGKMPKLRQQILRLMSSEIKSDQEMILLLSKMNAEERLAAFIHNLSKRYSARGFSAREFRLTMTRGDIGNYLGLTVETISRLLGRFQKLGVISVQGKYITINDLNGLIELTGTNKTKITLVK,length1,771
-1,119354,119327,27,MPYSCLNGS,length1,27
-1,118712,118694,18,MIALFI,length1,18
-1,118646,117812,834,MKKTLITGLLVLAGTAQAHEVWVQAPTKLTSSSVLKAELAYGDYPYVEKIPEARLKIFAPMEIIRQDGEKQTLIQKGENYQYQSEKALSDGSYWVTATYKPTFWSQNAEGWKMDNLKELENPTYCEQTQMFGKSLVTVGKKPLNAEMAMTRVGLPLEIVPLRDPSKAKSGEPFPVQIFYQDQPLAGETVIATADTIIVKDLEASTGHREPQGFSGKTDSQGRVNIIPLIDGIWKIKVIHKTPFADQQICQQSASYSTLILPVGKGLAKLPPKPEHHHH,length1,834
-1,117575,117500,75,MLSSGKIGTFARKTIAPPSTSSLTK,length1,75
-1,117302,117212,90,MASSISRLLEKFLRRKTACGICACLARTKP,length1,90
-1,116858,116732,126,MLPFSCNQLKIAGHCQLDSSITAFVFAGNTRGIFSQKPPPVK,length1,126
-1,116726,116720,6,MA,length1,6
-1,116243,116045,198,MVSCFFKSIARRNFVPTPSVPETKIGSLYLVGKAHNAPKPPNPPITSERRVRFTSPLIRSTNSFPV,length1,198
-1,115913,115892,21,MTFLKLK,length1,21
-1,115274,115253,21,MWRYGVL,length1,21
-1,115160,115142,18,MASSTT,length1,18
-1,114995,114980,15,MYPKF,length1,15
-1,114932,114848,84,MILHSKQNLLIYSKIMRADRPHLLFVVT,length1,84
-1,114629,114590,39,MLSVNHQTCSVCV,length1,39
-1,114539,114440,99,MPVVKRCVIGQQTMKPPIIYLERRQALTPSRRL,length1,99
-1,114368,114362,6,ML,length1,6
-1,114305,114287,18,MNQMCV,length1,18
-1,114242,114230,12,MAHH,length1,12
-1,114224,114197,27,MQKWAFISG,length1,27
-1,114170,114161,9,MVK,length1,9
-1,114104,114095,9,MLI,length1,9
-1,114092,113996,96,MRLVVLIMYRLPMKKPLTHSKNWQNTKALFLH,length1,96
-1,113972,113966,6,MP,length1,6
-1,113867,113840,27,MEERTNEPF,length1,27
-1,113099,113090,9,MFS,length1,9
-1,112778,112766,12,MKFY,length1,12
-1,112541,112520,21,MRINIKG,length1,21
-1,112190,112016,174,MGNLLKFSCKKDIIKISPLYFIWRKLFNAFIAKTNILFFFKRYYFNNRNFANFKRTLF,length1,174
-1,111179,111107,72,MNDSRPFQSLNNVQKYRHLHLLRK,length1,72
-1,110975,110906,69,MFKYFERLCNEQYSKMISRSQKI,length1,69
-1,110720,110705,15,MPLFI,length1,15
-1,110666,110639,27,MNKRQTIRM,length1,27
-1,110615,110612,3,M,length1,3
-1,110591,110588,3,M,length1,3
-1,110555,110528,27,MKNMFHMAT,length1,27
-1,110507,110498,9,MRD,length1,9
-1,110189,110153,36,MNRKYVLTNLIS,length1,36
-1,110105,110051,54,MNQHTIRLIHRNEKLILI,length1,54
-1,109892,109760,132,MRGINTHCSHSSADIVSIEKGSSLKNASAAGGIVCHKLSCCMVI,length1,132
-1,109520,109352,168,MAFHPFLLGYEYPKSLHFHLIQKLPRLPRLLFLFLLQSGEYLNISHFAPNFQESRN,length1,168
-1,109118,109088,30,MPPLSQSLQY,length1,30
-1,108092,107840,252,MARKPASSQDFETTLAQLENIVTHLENGDLPLEEALKEFEQGVQLAKLGQERLQQAEQRIQILLQKTEDAPLNDYKGNDYEGNA,length1,252
-1,107750,107729,21,MHFCLRR,length1,21
-1,107585,107462,123,MIYLQWMMTIYVVDILLVISNLMKLQLFLRAMRCKVSHLKY,length1,123
-1,107207,107189,18,MRKPLV,length1,18
-1,107171,107162,9,MIF,length1,9
-1,106466,106454,12,MRHR,length1,12
-1,105917,105914,3,M,length1,3
-1,105536,105422,114,MPSNALYRLSMWKTCGSALPSRKCRWCKTYSFRNASYW,length1,114
-1,105017,104978,39,MIISSRFFLIHNS,length1,39
-1,104975,104966,9,MGN,length1,9
-1,104126,104009,117,MMRELNNTRSRSTNVGTVPYGFNSIKSSGRACKSTSAFS,length1,117
-1,103523,103478,45,MYRSNLSVNSTNSNG,length1,45
-1,102500,102443,57,MNKLKLTHIKTYFIVQILF,length1,57
-1,102422,101546,876,MSYAKEIDTLNQHIADFNKKINVSFEFFPPKNEKMETLLWDSIHRLKVLKPKFVSVTYGANSGERDRTHGIVKAIKQETGLEAAPHLTGIDATPEELKQIARDYWDSGIRRIVALRGDEPKGYAKKPFYASDLVELLRSVADFDISVAAYPEVHPEAKSAQADLINLKRKIDAGANHVITQFFFDIENYLRFRDRCASIGIDTEIVPGILPVTNFKQLQKMASFTNVKIPAWLVKAYDGLDDDPTTRNLVAASVAMDMVKILSREGVNDFHFYTLNRSELTYAICHMLGVRP,length1,876
-1,101402,101396,6,MP,length1,6
-1,101375,101372,3,M,length1,3
-1,101336,101324,12,MFNK,length1,12
-1,101303,101297,6,MA,length1,6
-1,100943,100931,12,MHQR,length1,12
-1,100373,100343,30,MAHNIFNFPK,length1,30
-1,100133,100127,6,MV,length1,6
-1,99950,99914,36,MSFTCTISLTFI,length1,36
-1,99755,99599,156,MLSRRSFLACVGSIMGVSMPFSIKAFLTFCASSEILFIIVFPEKIIGYSNKG,length1,156
-1,99584,99557,27,MIKIANLNE,length1,27
-1,99506,98294,1212,MLTLDQARSKMLEQIPFPTQTESLNLQEAANRICAEDIISPINVPSFDNSAMDGYAVRLSDLQQSLTLSIAGKSFAGNPFQEEWQSLSAVRIMTGAMIPEGADAVIMQELVTLNEDGTITFSELPKPNQNIRRIGEDVKKGDVVLEQGAPLTPVSLPLLASLGIAEVKCYRQLKVGVLSTGDELVEVGKPLQSGQIYDTNRFTVKLLLEKLNCEVIDLGLLPDNEAEFEKAFIAAQSQADLVITSGGVSVGEADFTKAVLEKVGKVNFWKIAIKPGKPFAFGKLENAWFCGLPGNPVSALVTFYQLVQPLIAKLQGQKQWKNPPHFSAIATMNLKKAVGRLDFQRGFYHINEQGQIEVQSVGFQGSHLFSAFVKSNCFIVLEQERGNVSAGETVIIEPFNHLLG,length1,1212
-1,98288,97559,729,MIELSHEEELRYNRQIILKSVDFDGQEKLKASKMLIVGLGGLGCAASQYLAAAGVGNLTLLDFDTVSLSNLQRQVLHCDARLNMPKVESAKIALEQINPHINIETINAKLDEKKLAEIIPHFDIVLDCTDNVEIRNQLDRQCNHAKIPLISGAAIRMEGQVSVFTYEPNTPTYRDLSKLFGQNVLSCVEAGVLAPIVGIVGTIQALEAIKVRLKIGKNLCGRLLMIDGFSMNIREIKLPTNVE,length1,729
-1,97331,97304,27,MIGKKKLVY,length1,27
-1,97259,97220,39,MSKMKWMMYLLNS,length1,39
-1,97031,96995,36,MAIGVTSIPPDF,length1,36
-1,96659,96641,18,MPLLRS,length1,18
-1,96548,96470,78,MPIITALNNLIESINECQRDGNSPCK,length1,78
-1,96407,96341,66,MIADSPKAVIPIIGNFCSKCSS,length1,66
-1,96308,96260,48,MYSNNITILFMNAKVF,length1,48
-1,95996,95993,3,M,length1,3
-1,95822,95726,96,MISPFSSKSTVIFLYSNPLYHSIKSAVSFSPL,length1,96
-1,95711,95570,141,MVMTSNPRSFSALKSSISAKPAKQIGHQDAHIFTYTGLPLYWLKVTG,length1,141
-1,95435,95267,168,MFYEKLFVINKIPITIIKIPPPILNLSKCLFNPLARLSKLSDKNENSTNGVASPKT,length1,168
-1,95066,95057,9,MPS,length1,9
-1,95018,94880,138,MRVVLLNKIFPKKPKLKPKLTNVSESPKINKKVFKTFLPPLLKIPK,length1,138
-1,94703,94694,9,MHC,length1,9
-1,93887,93746,141,MLPYPRNNHQQDKFLGCFAYFPLPFFVLQMMMLNFVLLKLVLHSKVR,length1,141
-1,93734,93698,36,MFLIVSLLFLMK,length1,36
-1,93329,93308,21,MEIFNPA,length1,21
-1,93155,93152,3,M,length1,3
-1,92933,92921,12,MENP,length1,12
-1,92297,92270,27,MKDLKTLAS,length1,27
-1,92126,92054,72,MNYWYLHLQVHFLKQTALSDVNNQ,length1,72
-1,92015,92000,15,MQIDA,length1,15
-1,91979,91865,114,MHLKKLLVLNLQQDRLDLLAIVQMSAFECEFAEAQDQK,length1,114
-1,91763,91637,126,MKNFTLNLFRKVKKNLVFKKKIIKTKNEHFRFRLILNKKCSF,length1,126
-1,91634,91523,111,MLIYPIRLVVLALPNPTSSHLIGNFTVFACIYGDTAF,length1,111
-1,91310,91286,24,MHLRLQRA,length1,24
-1,90995,90932,63,MLYEPSTLFDTPNTVLYIPSL,length1,63
-1,90875,90839,36,MIRLYAPNSLMP,length1,36
-1,90413,90383,30,MCQYWRFLSS,length1,30
-1,90038,89942,96,MVAQSNCRRYGIGSFIINQFCSNNLLSNCLFK,length1,96
-1,89438,89429,9,MER,length1,9
-1,89222,89147,75,MVSCSQYGKIITTCDFECKISSATK,length1,75
-1,88448,88421,27,MQFSLREFS,length1,27
-1,88253,88238,15,MHQYF,length1,15
-1,88133,88094,39,MGNNQYRFNALVF,length1,39
-1,88067,88016,51,MRMAIRRNPLPNFKFIF,length1,51
-1,87986,87950,36,MKGFLSSDIRAH,length1,36
-1,87911,87902,9,MLF,length1,9
-1,87854,87773,81,MASFITISHYFRFAVTHNKNVHFAFLI,length1,81
-1,87428,87386,42,MTQQCHRPLYFYLQ,length1,42
-1,87203,87188,15,MLHVQ,length1,15
-1,87065,87032,33,MQSRQLRHIFH,length1,33
-1,86888,86846,42,MCLCKTQYSVLLHH,length1,42
-1,86471,86456,15,MRNLV,length1,15
-1,85256,85175,81,MVSYLTNASFIACRISILSVKICLALS,length1,81
-1,84812,84800,12,MVTL,length1,12
-1,84764,84758,6,MA,length1,6
-1,84650,84572,78,MVTVRLFTRAANKAASLTKFAKSAPE,length1,78
-1,84254,83942,312,MKIKQGAFFLACSNISRTRDAPTPTNISTKSEPEIVKNGTFASPAIARASKVLPVPGGPTIKIPFGILPPKFWNLFGSRKKSTISPTSSFASSQPATSAKVTLI,length1,312
-1,83549,83495,54,MTATTTQSTRFLTISFKV,length1,54
-1,83438,83417,21,MKSYQSN,length1,21
-1,83057,82916,141,MGSISKISQAITRPLPPIWLTTYCDQPPGAAPRSTTVIPCLNNLSVC,length1,141
-1,82580,82574,6,MA,length1,6
-1,82544,82514,30,MHLIITNSLK,length1,30
-1,82469,82304,165,MRLCVKLKQHKYKLSGIFWCFIAQAKKQKFSFHANNNKSAVIFNRTFLFKYNSLQ,length1,165
-1,81599,81587,12,MFQI,length1,12
-1,81506,81437,69,MAQPLCFLQAHKKFLQPLPLNLH,length1,69
-1,81398,81374,24,MGKFKVGI,length1,24
-1,81371,81362,9,MVT,length1,9
-1,81269,81260,9,MAI,length1,9
-1,81140,81131,9,MRN,length1,9
-1,81128,81104,24,MRIKIQVK,length1,24
-1,81092,81047,45,MCLHNFQFKCSDKFM,length1,45
-1,81035,80978,57,MKHLIVSSMLLYTTIIAIK,length1,57
-1,80915,80882,33,MLMLPRLFNVN,length1,33
-1,80858,80813,45,MAKSCYPKNHNKVSY,length1,45
-1,80612,80555,57,MVRVYLAIILWHLKRCYPF,length1,57
-1,80489,80462,27,MARSVGEVD,length1,27
-1,80378,80291,87,MREGKKWHLYNLLMATQLAIWKAKQNVPH,length1,87
-1,80099,80096,3,M,length1,3
-1,79997,79718,279,MKAISVVLEKANVGAVLQGKSRYSGFSNEMARFIPSLSLMRNQRHYCQLSERKLSLIALCIRIPFVVMMCLMSVNLAIFASITARILLKITTT,length1,279
-1,79664,79631,33,MAFPKSILSCI,length1,33
-1,79352,79319,33,MVFFVLYEVNL,length1,33
-1,77834,77765,69,MDSVNYFFRCRQNLPCEFNFANP,length1,69
-1,77657,77531,126,MAAKKWQFRLNIKFGFNVSFTESTCFFIHFNNTIHHQHCWRG,length1,126
-1,77246,77183,63,MPKTFSFRIGTSLNTTLNKTR,length1,63
-1,76925,76859,66,MNKSKLINRSCNCDMLRQRQIG,length1,66
-1,76067,76061,6,MG,length1,6
-1,75950,75932,18,MHQSRH,length1,18
-1,75908,75857,51,MKPKTTKKLELITIQCT,length1,51
-1,75731,75704,27,MMILRYKIL,length1,27
-1,75644,75638,6,MT,length1,6
-1,75359,74915,444,MKYQKLENQEANWKWIYLIRKHREGENITRYEERSLQEAKAQELLESQNYPEKIEEWIKNHLSPALPIKLEQAIRARRKRFFNGEKQHTKKKSIDLEYAVWLRLSKYSRKMKMTLSETITYMIDERESKAQFENQMAAMKTSLKNLLK,length1,444
-1,74669,74642,27,MTVCSNSEP,length1,27
-1,74333,74321,12,MASA,length1,12
-1,74315,74240,75,MPCSFLALGSIFCLRKSSNIFKKVR,length1,75
-1,74114,74003,111,MNSANFPMPESLSKRRLSVRWHKQSRIGFEQSEPSTL,length1,111
-1,73583,73403,180,MCNLQSNNSCRTSNKRVTVVVFPVPGPPVIIENGLLIAVATATFCQSVFSCFSGKYFSNF,length1,180
-1,72959,72899,60,MRCSLSLCNTDNIKTPRLIL,length1,60
-1,72758,72656,102,MPAYKLNIANHSDCVTFLFSMPLDCSQQGLNLRN,length1,102
-1,72530,72521,9,MCD,length1,9
-1,72479,72467,12,MAFL,length1,12
-1,72437,72368,69,MLFLFHEKVAYVKSVVANFVAAL,length1,69
-1,72272,72191,81,MQSRLVYLVVNLKYLIHFRLKVRWIFQ,length1,81
-1,71813,71687,126,MPFDIWHVLKPHKVNVILQQKFLHKERLNCDFLYPIRFHLVL,length1,126
-1,71630,71597,33,MVAKLNHILSL,length1,33
-1,71489,71174,315,MPIHFRVAWQLVVKFLPNVGNPLNLARPWLGLISVLKCLAPIKFDVTLPIFLGVAKFVGIEQNYLPNVANLLHFAEFDEYPLHLSQKVRSQSRSKLDVLPHSNRL,length1,315
-1,71018,70949,69,MFYEYLHFEKLPDFQPHFLANVE,length1,69
-1,70793,70724,69,MAIEENRIKHLHHQPNASLNDNF,length1,69
-1,70226,70193,33,MIVGNSLSMWY,length1,33
-1,70019,69848,171,MPLIHSTPFDNHQDIAVKRFVLVQITPVYFQSPPANLYLNPLSTKTTPLLVILILSR,length1,171
-1,69575,69554,21,MRIYLGF,length1,21
-1,69440,69380,60,MDVKNYFLPPLIKVGDIKNQ,length1,60
-1,69353,69338,15,MLRLS,length1,15
-1,69059,69047,12,MNLL,length1,12
-1,68807,68804,3,M,length1,3
-1,68789,68783,6,MN,length1,6
-1,68753,68672,81,MRMVSKLLLKLGLLSQPLIYDVNDVYV,length1,81
-1,67304,67271,33,MLLGLILRHNG,length1,33
-1,67046,66989,57,MALLHLAIIHLASHFAVSN,length1,57
-1,66872,66845,27,MLFSCLFLF,length1,27
-1,66329,66320,9,MAV,length1,9
-1,65771,65711,60,MSNCSASHAAQAVFPVPGGP,length1,60
-1,65552,65444,108,MSKVSAKFDVLSSFATRIVRLKIAGVNDRTLAKCCT,length1,108
-1,65330,65273,57,MPETELDNQIIGTLLFSNN,length1,57
-1,65099,65096,3,M,length1,3
-1,65090,65015,75,MLYAEIPNACASNPANSVLPVPGTP,length1,75
-1,64943,64898,45,MPAIWSKSSSCRLGT,length1,45
-1,64688,64649,39,MIAAVLCKSDFGK,length1,39
-1,64607,64310,297,MAKRRSSCSTGFSCKNSANVAKFSYACFHNSGKSAVDFWSFLYRSFKSRRATVRKFLSFSNSSGSPNALAISSLRQLVSRNTSEKPLCSNKTLSIIFSV,length1,297
-1,64064,64043,21,MIYVIHF,length1,21
-1,63431,63356,75,MVTPISFTIFNTTIPLIIQTFFVNL,length1,75
-1,62615,62474,141,MLSIWLSNCIANLLAFSERLLLEIPSATPTIKCGRFSRRFSAVLSLY,length1,141
-1,61982,61952,30,MQTNLILDNY,length1,30
-1,61718,61694,24,MVSQYLGN,length1,24
-1,61145,60125,1020,MQVIKENNMNNQNPIEIYQAQDGTTQVEVRFENDTVWLSQAQMAMLFGKDIRTINEHITNIFDDEELEKESTIRKFRIVRQEGKRQVNREIEHYDLDMIISVGYRVKSKQGISFRRWATARLKEYLTQGYTINQKRLQQNAHELEQALALIQKTANSSELTLESGRGLVDIVSRYTHTFLWLQQYDEGLLAEPQTQQGGTLPTYAEACSALAELKSQLMAKGEASDIFGRERDNGLSAILGNLDQSVFGEPAYPSIEAKAAHLLYFVVKNHPFSDGNKRSGAFLFVDFLHRNGRLLEHNGYPVINDTGLAALTLLVAESDPKQKETLIRLIMHMLKQEKK,length1,1020
-1,59684,59651,33,MQHLRAAGTFM,length1,33
-1,59585,59399,186,MRSVWLSCCRIFTALVIEIKHFRTVLLQGFGRTNFFYFMPCPQTIFRSKSWNSTFGTNASSR,length1,186
-1,59150,59129,21,MDYAKAQ,length1,21
-1,58679,58649,30,MRKVNRIFRP,length1,30
-1,58229,58112,117,MLEGKMPLRYCLASISTSDCCSFKIGKSKPLAFDFHRYP,length1,117
-1,57764,57689,75,MKEFIFFYINPHMITIRASASFKEN,length1,75
-1,57656,57551,105,MFTIISLFNSASRQTKIKTIEESFLHKTRTIYPTA,length1,105
-1,57512,57410,102,MLLFAQHGYGHNRIADLTFIVHRIIIVLKTGTSE,length1,102
-1,57263,57080,183,MSLLGEQKLAQHHLFLGYALGAMTYHVVQNYQILIISHLDQILAISGSLPKSSPLHFSYLV,length1,183
-1,56084,56042,42,MRRFANGALFGMLL,length1,42
-1,55145,54968,177,MLKQSARFGVKLISMALSSKAKYSRKSVPIGASSGNSIIPSASTSIPNSENEQSIPSDG,length1,177
-1,54710,54533,177,MVICSHNCSVDTAGFTHSLTHCSLNFICCYPFNSNPRNYLNCFKKRKSFSKNERKSVTL,length1,177
-1,54173,54119,54,MRIGGCIFSIVRICTPEV,length1,54
-1,53945,53663,282,MVTGCKPPVSTLRPGKLTSTRSFSNFALSSACSHSVFFAFKNSNAACFASLIFAPIAGRSSADTLRNSCINCVKYPFLPKYSTRISSKAVKLLS,length1,282
-1,53660,53576,84,MDSIANFAFSISSFRCCIVSPASLFSIK,length1,84
-1,53267,53135,132,MRNCPFHRIFGSTTLFIKITKRISINKLPYNMAEPCIILHRLFW,length1,132
-1,52925,52796,129,MYKYIFCFSIFSRIIRFNINIHSLHWFFANRTTSRNKKCGYKT,length1,129
-1,52673,52427,246,MKIHLIRHNTTLEFNNETSLLDHLEKNNIHHEYQCRSGYCGSCRVKIKKGKVSYKEMPLAFIQPDEILLCCCHVESDLEIDL,length1,246
-1,52313,52235,78,MGNFYTFANICEPNRVFPHHIRSANS,length1,78
-1,52139,52028,111,MFAHRKCSARWRINFMTVMSFDHFNIAIIPHHFCCFF,length1,111
-1,51872,51836,36,MFKGAFWSGKID,length1,36
-1,51779,51740,39,MTNSCQFSRIRPN,length1,39
-1,51686,51671,15,MNRLN,length1,15
-1,51467,51422,45,MKSHKNNKMFLPQSP,length1,45
-1,51209,51182,27,MLSNYRLAT,length1,27
-1,51167,51155,12,MLEW,length1,12
-1,50729,50675,54,MIVYAHICSSFLAKVATE,length1,54
-1,50531,50519,12,MNRI,length1,12
-1,50306,50288,18,MVKQSS,length1,18
-1,50126,50117,9,MAA,length1,9
-1,49673,49619,54,MVGKKCVFSTIVSVVMAS,length1,54
-1,48998,48974,24,MIYAASIC,length1,24
-1,48293,46892,1401,MSKVASIVDVLQGKVAIGETVTVRGWVRTRRDSKAGLSFLAVYDGSCFDPIQAIINNDIKNYESEILRLTTGCSVIVTGKVVESPSEGQAVELQAEKVEVTGFVEDPDTYPMAAKRHSIEYLREVAHLRPRTNIIGAVARVRHCLSQAIHRFFHEQGFYWVATPLITASDTEGAGEMFRVSTLDLENLPRSENGKVDFSQDFFGKESFLTVSGQLNGETYACALSKIYTFGPTFRAENSNTTRHLAEFWMVEPEVAFATLADNAKLAEDMLKYVFRAVLAERKDDLQFFEKHVDKDVITRLENFVNSDFAQIDYTDAIDVLLKSGKKFEFPVSWGIDLSSEHERFLAEEYFKSPVVVKNYPKDIKAFYMRLNDDGKTVAAMDVLAPGIGEIIGGSQREERLEVLDKRMEEMGLNPDDYWWYRDLRKYGSVPHSGFGLGFERLIVYVTGVQNIRDVIPFPRAPRNANF,length1,1401
-1,46814,46127,687,MDKIKQLFANNYSWAQRMKEENSTYFKELADHQTPHYLWIGCSDSRVPAEKLTNLEPGELFVHRNVANQVIHTDFNCLSVVQYAVDVLKIEHIIICGHTNCGGIHAAMADKDLGLINNWLLHIRDIWFKHGHLLGKLSPEKRADMLTKINVAEQVYNLGRTSIVKSAWERGQKLSLHGWVYDVNDGFLVDQGVMATSRETLEISYRNAIARLSILDEENILKKDHLENT,length1,687
-1,45698,45680,18,MPFTFE,length1,18
-1,45245,45005,240,MRVAILRIKERSWEINTMLPWKSSKKFSSHSITSTSKWLVHQVITHQDRIPMHVLVPLCVTNRPKVRIILWFDFALYCRN,length1,240
-1,44996,44990,6,MW,length1,6
-1,44594,44570,24,MFSCKRSN,length1,24
-1,44279,44252,27,MESNWRNPA,length1,27
-1,43532,43505,27,MPNPVSGRA,length1,27
-1,43367,43310,57,MTVSPAPVTSNTSFATVGK,length1,57
-1,43277,43124,153,MPFSERVTKSAVNSISEINFKPFLIISSSVLHLPTTASNSDILGVNNVAPR,length1,153
-1,42341,42314,27,MVSVGCFHI,length1,27
-1,42095,42065,30,MELFSLVFIS,length1,30
-1,41999,41912,87,MIILCLIGYKRKVVYALIKICLIVKIYAE,length1,87
-1,41876,41780,96,MRLITITAEKMPFLFPFLRYPMLAQPLVVIIY,length1,96
-1,41726,41708,18,MVQAIP,length1,18
-1,41669,41645,24,MKRRLLRE,length1,24
-1,41564,41507,57,MKRRLVYTIKSAVEYHRTF,length1,57
-1,41462,39566,1896,MTTNYSAQEITVLKDLEPVQIRPGMYTDTTRPNHLAQEVIDNSVDEALAGFASKIEVILHPDQSIEVTDNGRGMPVDTHPTEGVSGVEVILTKLHAGGKFSNKNYEFAGGLHGVGISVVNALSERVDIQVKRNGEIYKIAFENGSKVEELEIIGTCGRRTTGTTVHFKPNPKYFDSAKFSVSRLRHLLRAKAVLCSGLEIKFIDKVNNTQDIWLYEDGLSDYLIEAVNGFETLPEKPFVGEFKGTNEAVSWALLWLPEGGELIGESYVNLIPTIQGGTHVNGLRQGLLDAIREFCEFRNLLPRGVKLTADDIWDRCSYILSLKMQDAQFAGQTKERLSSRQSAVFVSGVLKDAFSLWLNQNVQDAEKLAEIAISSAQRRLRAAKKVVRKKLVSGPALPGKLADCGSQDLEKTELFLVEGDSAGGSAKQARDREYQAILPLRGKILNTWEVSPDQVLGSTEIHDIAVALGIDPDSNDLSQLRYGKVCILADADSDGLHIATLLCALFLRHFPKLVQDGHVYVAMPPLYRIDLNKEVFYALDENEKEAILDRLKNKKGKPNVQRFKGLGEMNPSQLRETTMDPNTRRLVQLTYDLGEDQGSDTLELMDMLLAKKRSEDRKNWLQAKGDQVDLSV,length1,1896
-1,39497,37256,2241,MTNINYEGIEQMPLRTFTEKAYLNYSMYVIMDRALPFIGDGLKPVQRRIVYAMSELGLNATAKYKKSARTVGDVLGKFHPHGDSACYEAMVLMAQPFSYRYPLVDGQGNWGAPDDPKSFAAMRYTESRLSKISEILLNELGQGTVDYQPNFDGTLAEPQYLPARLPHILLNGTTGIAVGMATDIPPHNINEIADAAVMLLDNPKARLDDILEIVQGPDFPTEAEIISPKSEIRKIYEQGRGSIKMRAIWKKEDGEIIISALPHQSSPSKVIAQIADQMTAKKLPMLEDIRDEADHENPIRIVLVPRSNRVDTDALMAHLFATTDLEKSYRVNMNMIGLDHKPAVKGLLEILNEWLTFRRTTVTRRLQYRLDKVLSRLHILEGLMIAFLNIDEVIEIIRHEDDPKAELMARFNLSDEQADAILNLRLRHLAKLEENQLKAEQDELEKERLNLEAILGSERRLNTLIKKEIQEDAKKYASPRMSQLVEREEAKMISESDMTPAEPVTVILSEMGWVRCAKGHDIDPKSLSYKAGDSYLAHACGKSNQAVVFIDSTGRSYALDPLSLPSARSQGEPLTGKLNLPTGATIEYVVMASEQQELLMASDAGYGFICKFEDLIARNKTGKALISLPENAKVLKPKTLINSTALVVAITSAGRMLIFPAQDLPVLSKGKGNKMITIPAANAKDRSELLTKLLLISDQASLEFHSGKRKIVLKPEDLQKFRAERGRKGSTLPRGLHTNLEIMVVEP,length1,2241
-1,37190,37175,15,MKPLH,length1,15
-1,37127,37121,6,MY,length1,6
-1,37043,37001,42,MEHPLTLIKIYKPQ,length1,42
-1,36836,36815,21,MVYLQVQ,length1,21
-1,36626,36554,72,MMKLMTFKKHLNTQLINVKLLHVH,length1,72
-1,36500,36419,81,MYKQKVLHSNYQLSYGVYSLVLLSAIF,length1,81
-1,36203,36191,12,MPSY,length1,12
-1,35978,35972,6,MF,length1,6
-1,35354,35117,237,MPEMNLNKKSLCLQNAVRLNIPFAYSLCQIEAKLHHNQTINKVSTQNFLDKKSESAVDFARVLRNSDSDLKYPSHALDV,length1,237
-1,34580,34541,39,MSHLYHQNQSCLT,length1,39
-1,34283,34268,15,MCHVR,length1,15
-1,34037,34010,27,MLFLAFHCI,length1,27
-1,33800,33668,132,MPWFSLQRKDQSLLHREGHEPHHKPLIDYVQSPYLHQSLNQYDH,length1,132
-1,33461,33419,42,MKPILLLCCYRYLK,length1,42
-1,33218,33083,135,MQRFTSTKTIFPSQINSMMSIFLTKMDWQKPIMFFYKVINFGNVG,length1,135
-1,32780,32744,36,MYQKTCHNLAII,length1,36
-1,32741,32717,24,MNVLMLGF,length1,24
-1,32714,32660,54,MALRRVKILKCGMMISIT,length1,54
-1,32636,32567,69,MVLLLPSPQQVRSEKDLNPQALM,length1,69
-1,32444,32393,51,MSLLSAVVLLLFVQPFP,length1,51
-1,32354,32207,147,MMRSLSMPQAINKAHFIRNLAMIMRSPLIFTYTLSVTVANYLIGQSHKT,length1,147
-1,32090,31919,171,MLNNSVKKWDYRLIAKAVGLNKGLGLHQDNLFKMPFHFLKSRVSSLKPHKKLPHFLS,length1,171
-1,31871,31748,123,MKSSFWRTDIKLLILFKQKSYRSTLSAGKSAKFQHQKTYSN,length1,123
-1,31730,31700,30,MMAILLQPIN,length1,30
-1,31670,31571,99,MFVIMLIATLVNKNNKKTNKNSNKISPNLGLKM,length1,99
-1,31322,31304,18,MASHYQ,length1,18
-1,31154,31043,111,MNTKMLCNQSINQSINQSINQSINQSINQSINQSIKL,length1,111
-1,30944,30890,54,MFYLIFLELSLYYGSLMP,length1,54
-1,30863,30824,39,MRHSIMLRHIVLA,length1,39
-1,30821,30818,3,M,length1,3
-1,30800,30785,15,MPKVA,length1,15
-1,30659,30614,45,MYLAYSMSFANIFHC,length1,45
-1,30503,30497,6,MI,length1,6
-1,30470,30431,39,MIGYFLSIGNIRA,length1,39
-1,30428,30410,18,MIRYLI,length1,18
-1,30266,30239,27,MYCGFYGQK,length1,27
-1,30206,30200,6,MH,length1,6
-1,29993,29795,198,MAKKCGRFSRRFLATCVIWRIRWANRNVCLFIKHSLFNDLLCGTAFISLSCFRCVNVLLDSKRKNL,length1,198
-1,29597,29525,72,MWFNYWLFIDSIYSFLEKFLTRYT,length1,72
-1,29399,29369,30,MGNWTWLSAL,length1,30
-1,29279,28580,699,MNAIILAAGLGSRFKDITQSTHKSLLDIHGTPNLERTLTFLRQANIDNIVIVTGYLHEQFEYLKKKYDCTLIYNEKYREYNSIYSFSLAQDFFSDCYVIDADVVLNRNIFLTKPSHSKYFTVIRSKTHNEWLPILNSNGQVIRIEIGSLNQSSLSGVSYWTTRDCDIILTLLKEYTSEVRLKNPKLYWDTIPMEYIEKLNIYTEQLNSDDIFEMDNLDDYHHILQKLTPNKEK,length1,699
-1,28427,28268,159,MMILMFICTVMNIKGSLMFGFKKLTNTTIWKRQKIYLLNIPVKWQKFSIVALK,length1,159
-1,28262,28178,84,MLREEKARCLWIYLSTMVYRMNQRSFTH,length1,84
-1,27884,27866,18,MDITNT,length1,18
-1,27854,27842,12,MEII,length1,12
-1,27236,27128,108,MHAYFLNTIFESREHRENTDRTRNCICIGNNIICSG,length1,108
-1,26846,26840,6,MF,length1,6
-1,26474,26459,15,MWCNG,length1,15
-1,26141,26120,21,MLAIQFA,length1,21
-1,25391,25385,6,MG,length1,6
-1,25355,25349,6,MS,length1,6
-1,25286,25274,12,MPYY,length1,12
-1,24917,24911,6,MP,length1,6
-1,23576,23546,30,MFAPNGIETE,length1,30
-1,23507,23423,84,MFTGIFAAELRVKNAVTPLSRTQVHTNG,length1,84
-1,22787,22703,84,MVSCNGAEINATTIPRTKPAAIRFTKLP,length1,84
-1,22586,22502,84,MKENIFIIFHSKSELFSKVIRYSLKTYL,length1,84
-1,22466,22454,12,MKYQ,length1,12
-1,21956,21932,24,MGSVVKSK,length1,24
-1,21680,21608,72,MQSDYIRLGKHPFAFYIVYCCLHG,length1,72
-1,21140,21131,9,MDH,length1,9
-1,21041,20993,48,MVLNESHIQWQLSDHE,length1,48
-1,20702,20687,15,MFFLE,length1,15
-1,20564,20555,9,MAT,length1,9
-1,20450,20447,3,M,length1,3
-1,19553,19517,36,MMNGWIRRIGCR,length1,36
-1,19505,19445,60,MGNHCKNSLVKLTLKTIHRT,length1,60
-1,19298,19244,54,MPSCITKRRDNFSASPIS,length1,54
-1,18203,18131,72,MIFASIFLLSRFAAKCGEQGYSKT,length1,72
-1,17975,17897,78,MPVAIVFPASVSMPDIKITFPINIPY,length1,78
-1,17888,17885,3,M,length1,3
-1,17117,17102,15,MPTSG,length1,15
-1,17048,17027,21,MPNIGAD,length1,21
-1,16991,16973,18,MHLPSE,length1,18
-1,16868,16817,51,MLYRHRFCVQILNGYFL,length1,51
-1,16706,16679,27,MPSLPPKRP,length1,27
-1,16466,16376,90,MPQTVSLHPLSYLPSKTIVFWMYLLVLLVV,length1,90
-1,16235,16175,60,MHLTAQDAFFLLKVVVIVQK,length1,60
-1,16124,16109,15,MDAFD,length1,15
-1,15551,15539,12,MKNW,length1,12
-1,15479,15458,21,MPNLNNH,length1,21
-1,15455,15422,33,MTYSAFCDFLA,length1,33
-1,15320,15302,18,MFIFLR,length1,18
-1,15062,15017,45,MLNSLNILLPRTFQQ,length1,45
-1,14540,14531,9,MMK,length1,9
-1,14528,14498,30,MMHPCGWITH,length1,30
-1,14291,14252,39,MGKSAKHNMAHFC,length1,39
-1,14219,14153,66,MIITVQRRPPRGHTINQTTTIF,length1,66
-1,14081,14054,27,MPNMLCIKS,length1,27
-1,13538,13496,42,MLWEFCNLERIIQK,length1,42
-1,13025,13010,15,MRNGR,length1,15
-1,12797,12443,354,MFCITLPTNVVTALSLAQAICGVIIKLGIVFAAKINGLSFSGGSFTITSKAAPPKCPVFNASTKASSSIKGPRPVLIKNAPFFILDKVSTLIKFFVVSVNGQCNVTISACFNTSSKGV,length1,354
-1,12146,11975,171,MPISSAATRSTLFVPVAVMAISFNFGSCCKVSRSKMTLLVITMSASLARSMVSAEDV,length1,171
-1,11831,11558,273,MKFKLRYPILEKILLNHRSLSFERQNLQAQKVAMQKGHHILLDLDLDVLLRINLQCLLLNLNALIRLLAHDDHSMPPQMDRDIEVNGLHQK,length1,273
-1,11231,11165,66,MYLLILGKFLILLPCQVHGKNE,length1,66
-1,11162,11132,30,MNDSLCQKTL,length1,30
-1,10952,10910,42,MEGKSIFINLAFKF,length1,42
-1,10865,10847,18,MFHKKF,length1,18
-1,10784,10754,30,MIRIFSISNH,length1,30
-1,10721,10667,54,MLFTNKRIFRQLLKARIK,length1,54
-1,10355,10331,24,MKAPITIK,length1,24
-1,10316,10226,90,MNLLFFRPIWRNFFTRFTHKPTHFSPKLCF,length1,90
-1,10193,10175,18,MHKLIV,length1,18
-1,9701,9491,210,MGSSSEAKARAIAPVPVPRSRIRKCGGFSSSFSNAICNAFSTKLSVSGLGINVPFETFNGNDQNSFSPRI,length1,210
-1,9164,9146,18,MPIKYQ,length1,18
-1,8978,8936,42,MQNRDQPSPKVQSH,length1,42
-1,8456,8402,54,MPVGICVIRTAESVVFTC,length1,54
-1,7712,7652,60,MESFIIYKSPKIKSVHSSRF,length1,60
-1,7577,7568,9,MAF,length1,9
-1,7544,7538,6,MP,length1,6
-1,7295,7280,15,MRIPI,length1,15
-1,6440,6284,156,MAQIKFSLCISLLRRFAKPLHRFKIILFDALPLSIHHAQIKLSLCISLLCHR,length1,156
-1,6104,6095,9,MNG,length1,9
-1,6056,5987,69,MMRNLQTINPMKGLGVSHLNTPT,length1,69
-1,5723,5684,39,MPSPPSYIMPKPF,length1,39
-1,5252,5207,45,MDNLLFLFTKIGFEP,length1,45
-1,4961,4946,15,MRIPI,length1,15
-1,4583,4526,57,MFCCTLCKESTTPSILGVK,length1,57
-1,4088,4007,81,MGNFVQCTAVKASRKINRVIRHFIICG,length1,81
-1,3914,3893,21,MFHGIDS,length1,21
-1,2747,2663,84,MWRNIRININLQIRQNDLLSDSLRKVAQ,length1,84
-1,2627,2573,54,MKNANRINTVRFVRKLWG,length1,54
-1,1793,1604,189,MPPPCNFVRFLAVQYVRHHNLTQKSDAQFHVHYIDEFLALVLLVSQDILGGGCYKIPFNRFGH,length1,189
-1,464,443,21,MFLVCSK,length1,21
-1,419,332,87,MFCSSIKSHFSCSKYMILLRTPPSRIDDE,length1,87
-1,152,137,15,MLSFF,length1,15
3,98,77,21,MSSSTKN,length1,21
3,146,128,18,MTLSEK,length1,18
3,551,542,9,MVF,length1,9
3,794,665,129,MRFTPYHADPKIKGNEAIPDIGPKNLRPPAMMWTTSDPWPDRV,length1,129
3,908,884,24,MALNIMVL,length1,24
3,968,911,57,MVLYNYISFENFVLNQNII,length1,57
3,1217,1211,6,ME,length1,6
3,1538,1223,315,MATIIKNGKRWHAQVRKFGVSKSATFFDSSRRKKWAEMLEKQLESGKYNEIPDITLDELIDKYLKEVTVTKHGKREERIRLLRLSRTPLAAISLQEIGKAHFREW,length1,315
3,1649,1607,42,MAKTIEWDFITAPP,length1,42
3,1721,1700,21,MNMKLSV,length1,21
3,1808,1739,69,MMSNILNRQKPYKIARGRHFFLL,length1,69
3,1931,1901,30,MDIQARCLFR,length1,30
3,2117,2060,57,MPIYIFTTPAVNDWQKKWM,length1,57
3,2225,2219,6,MI,length1,6
3,2306,2270,36,MKTSSFSQQIHR,length1,36
3,3041,3026,15,MARYV,length1,15
3,3068,3065,3,M,length1,3
3,3143,3122,21,MRLRRLR,length1,21
3,3302,3221,81,MEKNSLLIKCYRCEIVLPKILNLRQVS,length1,81
3,3368,3359,9,MIL,length1,9
3,3515,3392,123,MGKILDWKAMHFSLIYLISLILFYKIMIVFILSKTLRNSVF,length1,123
3,3590,3545,45,MKFLCFRQGRLISRK,length1,45
3,4442,3908,534,MEHKLEDIIAIFNQCFEEEYNTRLVKGGDEPIYLPANDEVPYNAIYFARGFYSSALHEIAHWLVAGKERRKLEDFGYWYEPDGRSEERQRDFEKVEVKPQALEWILATAAGFRYFASADNLNGNPGDTQPFKQAVYEQVKIYAEKGLPKRAEMLRKALVAFYGTEDEIDLAKFDVVRI,length1,534
3,4622,4601,21,MFGCFNC,length1,21
3,4838,4823,15,MQRLN,length1,15
3,4868,4856,12,MQEE,length1,12
3,4898,4883,15,MILKR,length1,15
3,4970,4931,39,MQMLKLYWDSHIF,length1,39
3,5072,5036,36,MVIKMAANIMAS,length1,36
3,5234,5105,129,MRILECRARVIFKWAYSSGRRPSLSLGLWFASSSSWFKANFSE,length1,129
3,5633,5537,96,MVSQSGGAGGCRCSIKFGCDVCNRTWRKTRWC,length1,96
3,5843,5753,90,MASQSGGAGIWRCSSYVGILISFGKRCSSK,length1,90
3,5870,5861,9,MVW,length1,9
3,6113,5939,174,MPTLQCEFWNVGQGLFSSGRIQMGDAQAFHWVYGLQVPHHGSKPILVNKNKRLSIHSI,length1,174
3,6680,6128,552,MKLTKTLLTTALFGASVFSFQSTAWADTLEQQFQQGLTAYEQSNYQTAFKLWLPMAEQGYAKAQFNLGVMYAKGQGVKQDDFEAVKWFRKAAEQGYAEAKFNLGHMYSKGRGVKQDDFEAVNWYRKAAEQGDADAQAILGFLYLLGERGVQVNKSLAKEWFGKACDNGNQNGCEYYGKLNRGEL,length1,552
3,6713,6710,3,M,length1,3
3,6818,6779,39,MVCKFLIMVQSQF,length1,39
3,7076,6989,87,MSKATIKPPLNFGYLWRSREMQMFNLIWA,length1,87
3,7124,7082,42,MLRGKASNKMILKR,length1,42
3,7178,7157,21,MQMLRLI,length1,21
3,7304,7265,39,MQMLKLYWDSHIF,length1,39
3,7403,7367,36,MVIKVVANIMAS,length1,36
3,7535,7451,84,MRILECGEGIIFEWAYSNGIRPSFPLGL,length1,84
3,7688,7667,21,MHRFYFR,length1,21
3,7856,7850,6,MF,length1,6
3,8477,8468,9,MSG,length1,9
3,8816,8783,33,MIGASDFRCPF,length1,33
3,8933,8858,75,MLNFLLLSSLLNPLKPAVLNVGLLV,length1,75
3,8957,8939,18,MGLYFG,length1,18
3,9041,9017,24,MLVFSYIS,length1,24
3,9077,9050,27,MVKQWQNAG,length1,27
3,9230,9215,15,MIAVL,length1,15
3,9335,9290,45,MAGTSNGGFGTKKSY,length1,45
3,10094,10037,57,MATRRKSAVNFPRKLLGNG,length1,57
3,10955,10154,801,MKYYRRALYDQFMHFYLVISDDGSLEAQLRGKMGGLVRKARKEISPDWSKEEQIHQLLQLFYGDWGFHCDPEDYFYARNLYLPYVFQNRQGMPVTLGAIVLYLADVLDLPIYPVNFPTQLILRAEVRDEVAFIDPWDGTYISQEKLQQLYEGAFGFGAKIQPEELDRADLSLLYSRFEQLAKNALIREEHNDMAYHYIKNLMITDAENPYHIRDRGLVLAQMGAYPSALKDLEFFVEHCPKDPTAAFIRTQFLELKGEINKDTFPLH,length1,801
3,11045,11006,39,MLQTTNLSYFLAE,length1,39
3,11096,11093,3,M,length1,3
3,11204,11126,78,MYLKRLLTKRIVHLFILTVDLAWKKD,length1,78
3,11372,11255,117,MYTKSINVSLLQMLSILFNFPPFWHVKQISLKRWQKQAQ,length1,117
3,11381,11378,3,M,length1,3
3,11570,11567,3,M,length1,3
3,11771,11720,51,MALLHCHFLRLKVLSFK,length1,51
3,11789,11783,6,MI,length1,6
3,12278,12266,12,MGGK,length1,12
3,14012,12833,1179,MNFPISLYIALRYWRAKSADRFGRLVTNLASLGIVLGVMALIIVLSVMNGLEGYQKQQVLSSIPHAIVSEEQPISTEKTLENLPHFVQKAVPINTTNVIYQTAKGVSAGQIIGIQSFSDDPLVESFDQTKFNEILPRGEFKLVIGDQLAQKLGVNIGDKIRLMITENSQYTPFGRVPMQRLFTVSDIYYDYGEASGYEAFANITDIGRLMRIQPQQAQGYRLFLNDPFQITELPQHFSTQKITDWRVQKGEFFQAVRMEKNMMGLLISLIIVVAISNIVTSLSLMVVDKQGEIAILQTQGLTKSQVRSVFIYQGLLVGFVGTLLGAILGVLATLNLTEIVSAVNPQGVFLPTELSFVQMIFVIGFSLLLSLLSTLYPAYRAAKVEPAAALRYE,length1,1179
3,15323,14033,1290,MMDEQSLLAFDTQHIWHPYSSVSSDMPLYAVERADGVMITLKDGRRLIDGMSSWWAALHGYNHPRLNAAAQNQLAKMSHIMFGGFTHDPAVELAQLLVQILPNGLDKIFFADSGSVAVEVAMKMAIQYQHAKGEVQRQKFATIRSGYHGDTWNAMSVCDPTTGMHHLFHHSLPVQYFLPQPNIPFNESWNDCAIEPLADLLKKKGSEIAALILEPVVQGAGGMYFYSPTYLVKAQALCKQYGVLLIFDEIATGFGRTGKLFAAEHAGISPDIMCIGKALTGGYLTLSATITTTEIAQIICRGEAKCFMHGPTFMANPLACAIAAESIRLLLESPWQQNIQRIEHSLTQQLSPLAEKDYVKEVRALGAIGVVEMKSAVNMKTLVPRFVEQGVWIRPFGKLVYVMPPFVIKNDELQKLTEGMILALTQEYEH,length1,1290
3,15401,15338,63,MLSNSNWNSLAQKINIVQFQT,length1,63
3,15470,15461,9,MII,length1,9
3,15563,15485,78,MKTCASLFCSNMAVIFPLLPVLHRVY,length1,78
3,15734,15725,9,MPA,length1,9
3,15752,15740,12,MAFV,length1,12
3,15800,15785,15,MIMNI,length1,15
3,15893,15821,72,MLENLTALLSLPNLFSVWMATWRI,length1,72
3,16010,15941,69,MWMKPTPSVFMGKTDWVLPNELM,length1,69
3,16094,16073,21,MSSVIKY,length1,21
3,16229,16157,72,MWLGLILFLNDYHNFQKKERILSS,length1,72
3,16451,16445,6,MK,length1,6
3,16487,16484,3,M,length1,3
3,16523,16502,21,MIIKVSI,length1,21
3,16565,16559,6,ML,length1,6
3,16601,16592,9,MIY,length1,9
3,16808,16745,63,MAQVYLVMIASVFPTLFLKVR,length1,63
3,17072,16988,84,MHGLVLAIKFLRQLISTNIGHPVVQFRK,length1,84
3,17144,17087,57,MCFQDLATGRHYGIINFRR,length1,57
3,17501,17486,15,MVSPT,length1,15
3,17663,17636,27,MADLVGQRF,length1,27
3,17678,17672,6,MV,length1,6
3,18641,18593,48,MGLSAAKVRLKRVKNE,length1,48
3,18671,18656,15,MRKYQ,length1,15
3,20567,19319,1248,MNTPFFISWRYQRGKQKNPLVALIAKFSAIGIALGVAVLIVGLSAMNGFERELNQRILAVVPHAEILSAPNATDPTIHHWQNLEKRLQQNPQIKGISPFVSFTALVENGSKLKVVQVKGVEKQAEDKVSSIGNFVQEQGWNKFEKEGGLVLGAGIAKELDVKVGDWITLLISQQNGDEQFAQPTREPVQVTAILRLDGQLDYSYALLPLAQAQTFLTYQPDQITGVELKLDDPFSARNLDLSMLNDYPQMLYMQNWISKFGYMYRDIQLIRTVMYIAMVLVIGVACFNIVSTLIMAVKDKQGDIAIMRTLGANNAFIKRIFIWYGLQAGMKGCLIGIVLGIILALNLTTFIQGIEWVIGKKLLSGDVYFVDFLPSELHWLDVLMVLVAALALSLMASLYPASRAAKLQPAQVLSSH,length1,1248
3,20972,20930,42,MRHIILFMVKMIVY,length1,42
3,21035,20999,36,MIRKLPLNMRLV,length1,36
3,21146,21134,12,MIHI,length1,12
3,21164,21149,15,MILIV,length1,15
3,21242,21167,75,MMGYALHGNYFQILMILVCLQRASF,length1,75
3,21386,21368,18,MPLMVV,length1,18
3,21548,21401,147,MQLVRRKLPTISYLSLNLVILQLFLQKGMKIAILFYEVEIKVLTIVLKM,length1,147
3,21707,21614,93,MQTAVNNIKSKWMFAKTYVIRLHLVLNKSLA,length1,93
3,21878,21752,126,MAKRRLMDKVLRMRALDGKILKDYCNNFLMQLLLDVKRRVIN,length1,126
3,23186,23147,39,MVYRFRFGFTSCI,length1,39
3,23753,23750,3,M,length1,3
3,23900,23882,18,MYGRRT,length1,18
3,23990,23915,75,MMMQIRERAMPAFFYVILYAKCALF,length1,75
3,24134,24128,6,MV,length1,6
3,24164,24137,27,MYFFVIFMK,length1,27
3,24269,24188,81,MKNCRMLTKVLFQKIFSKSMILFFKQI,length1,81
3,24485,24434,51,MLINIKNLVWINRLIIV,length1,51
3,24554,24491,63,MDYSIIVELKMSSLNYLEIFI,length1,63
3,24581,24560,21,MMRLVRR,length1,21
3,25451,25322,129,MTNAITRSCSRHPNASRNAVPLTHFPEIHTLSNPCACAASCNP,length1,129
3,27743,25898,1845,MFRVLKFCWKVLCFIRDLVMNVVFLGFVLLLVAIISFSSGGKKSTALTSEGALLLNLDGYLADNRDETLRWQDALSELNGEHVPRKISTFDVVFAIQQAEDDPKIKGLVLDLNYFEGADLPALDFIGGAISHFKDAGKPVIAYADNYSQGQYYLASFADEIYLNSIGSVDIHGLSQENLYFKEMLDKLAVTPHIFRVGTYKSAVEPFLRNDMSAEAKANMQRWLGEMWNNYVLSVSENRNIKKDRILPNAKQYLAELKALKGNSTAYAQQRGLVTDVVTRLDLDKKFTALFGKGSDGKANLIEFDDYLTQLPDRLEHYNVPNKIAVVNVEGTIIDGESDEENAGGDTIARILRKAHDDNSVKAVILRVNSPGGSAFASEIIRQETENLQKIGKPVIVSMGAMAASGGYWISSTADYIIADANTITGSIGIFTMFPTFENSIKKIGVHADGVSTTELANTSAFSPLAKPVQDIYQTEIEHGYDRFLEIVSKGRQLSKTQVDKLAQGQVWLGSDAFQNGLVDEIGSFNEAVNKAEQLVNQRQDTAVQDFSVEWFTDDNVSLISTLLRDTKKGTQEQLVKWLGLPAPIQKLQKELNVLTKFNDPKGQYLYCLNCGKVQ,length1,1845
3,28538,28469,69,MFHHQENSEFGVAHIMRGNNLIY,length1,69
3,29252,29216,36,MCALCDVFKTTA,length1,36
3,29372,29351,21,MGLIGCL,length1,21
3,29822,29681,141,MQMAKKMRPLVLKFAFCPTSIANNAEAITANPNPNCAVLEIFSFRIQ,length1,141
3,29906,29894,12,MLNK,length1,12
3,30146,30002,144,MPITNNEQKSIKKSNEIIFPNASYSLNGNSLYNNPDNAQNTADSMPKR,length1,144
3,30179,30158,21,MAIPLTV,length1,21
3,30401,30182,219,MLRLSVLMHNRQNSRRVLLLLLSIKTTIHFGKSDGFLTVCERFEILSCDIYLSDCNRFLIENQQLLSINELPQ,length1,219
3,30653,30620,33,MKNIGETHRIR,length1,33
3,30854,30839,15,MPEHY,length1,15
3,30878,30857,21,MPHILDL,length1,21
3,31328,31313,15,MARHK,length1,15
3,31643,31565,78,MYSHLESKVGRYFVGVFVGFLVVLVH,length1,78
3,31784,31769,15,MLEFG,length1,15
3,32054,31982,72,MKRHFEQIVLVQAKPLVQSNRLRN,length1,72
3,32339,32312,27,MRLVYCLRH,length1,27
3,32921,32843,78,MKANNVANEHLNLQTADRQDALAKVR,length1,78
3,33548,33527,21,MLPEQSN,length1,21
3,33650,33596,54,MQRLMLIFLCVKRLKMQA,length1,54
3,33686,33671,15,MIVLV,length1,15
3,33761,33737,24,MRFVALAV,length1,24
3,33911,33899,12,MRLN,length1,12
3,34112,33989,123,MQWVQFQLNTMKRQKKHLVLMTQIVTVSLLQVVVLLWLWKN,length1,123
3,34157,34118,39,MHLLVVQKSTLKL,length1,39
3,34226,34163,63,MAQLLMVTIWLHQVVKVQSVV,length1,63
3,34295,34277,18,MAHLHQ,length1,18
3,34373,34328,45,MYLVTKFQRFLQLNQ,length1,45
3,34475,34439,36,MILLHQVLISKP,length1,36
3,34583,34478,105,MKPLKAVTSLLRRKKMQDYKLSCQTALVLVVQMRH,length1,105
3,34823,34811,12,MPSA,length1,12
3,35054,35048,6,ML,length1,6
3,35147,35132,15,MRWIF,length1,15
3,35339,35249,90,MMQFCLDLAQRVRKWDVQSYSILKAKGLFV,length1,90
3,35399,35363,36,MHVISGKVCNFC,length1,36
3,35525,35504,21,MVHKELG,length1,21
3,35648,35627,21,MRIFVVL,length1,21
3,35747,35693,54,MVSFERIVIVAEKPKKLP,length1,54
3,35768,35753,15,MTRNR,length1,15
3,35804,35801,3,M,length1,3
3,35849,35834,15,MDYWF,length1,15
3,35873,35858,15,MQAQA,length1,15
3,36050,35939,111,MPLSIQDKGISLKHCQFQPHFTRAYLQLQMKLLIAQR,length1,111
3,36125,36068,57,MLRPLERLKMLCAMAQNGW,length1,57
3,36272,36260,12,MLLE,length1,12
3,36383,36326,57,MTLKQLLKRWISLRYLIRQ,length1,57
3,36569,36557,12,MNVQ,length1,12
3,36689,36599,90,MLLECHQLHHFQDFRLVFGDLIRNERQDHR,length1,90
3,36881,36770,111,MYPPKQLQCRDHLLRLLNLQVNHKRDGFLMPLNLQCQ,length1,111
3,36914,36905,9,MQQ,length1,9
3,37082,37037,45,MFHQFCAKLKDQWQQ,length1,45
3,37130,37115,15,MFLIH,length1,15
3,37199,37178,21,MQGFHTC,length1,21
3,37244,37235,9,MFK,length1,9
3,37292,37289,3,M,length1,3
3,37409,37385,24,MKFKTCLI,length1,24
3,38222,38216,6,MT,length1,6
3,38390,38366,24,MQAREYFI,length1,24
3,38543,38480,63,MIKPDHIHIYTVAFFKICGRE,length1,63
3,38555,38546,9,MCH,length1,9
3,38774,38711,63,MWKCRNNDLAVFFFPNCTHFY,length1,63
3,39005,38999,6,MR,length1,6
3,39326,39257,69,MWMEFTKYITDGTGRFFVFCRGI,length1,69
3,39944,39938,6,MT,length1,6
3,40031,39974,57,MQTIGVSIRENTDFTIAKL,length1,57
3,40655,40628,27,MRSALNCWN,length1,27
3,40913,40907,6,MA,length1,6
3,41288,41180,108,MQFSQDYFYARNAFRRMSIHRHTATIVRYFNGLIRV,length1,108
3,41447,41363,84,MIRASSVSVHSRANLHWFEIFKNGNFLS,length1,84
3,41909,41741,168,MAQMESLCCFVKISINNNYQWLCKHRVPQKREQKRHFFCRNRDQAHTKWFLRGVKL,length1,168
3,43187,43184,3,M,length1,3
3,44543,44519,24,MVLSVVLV,length1,24
3,44672,44654,18,MNLVRN,length1,18
3,44882,44879,3,M,length1,3
3,45155,45110,45,MCYYLMNQPLGCGSY,length1,45
3,45191,45158,33,MAGKFLTGFPR,length1,33
3,46178,46142,36,MIFFQNIFFIKY,length1,36
3,46478,46421,57,MTVFKPNITNMKKPVVDKP,length1,57
3,46877,46541,336,MFNFKHIDGILHNRKAIKICVNYLVSNITMYKKLTWFKIRQFLSGYTAIRATNPKVMWRLMIRKFFEVSRIFFFHSLCPTVIVGKELFNFIHFTFLKILKKLTALWRKCGQY,length1,336
3,47057,47000,57,MWNTAVFTKIAIPPIIIWI,length1,57
3,47438,47420,18,MFFKEL,length1,18
3,47912,47834,78,MEETVNCLRQAMTNTRDRANNIGTRA,length1,78
3,48554,48473,81,MLKSRAKIIMANNRKKYESFRRLSCST,length1,81
3,49490,49466,24,MRAFSFIR,length1,24
3,49808,49751,57,MGFTGINFAKCRRKLDFNI,length1,57
3,50186,50183,3,M,length1,3
3,50972,50483,489,MTENNPLKKISLLNPIHLLAVGFGSGLIYPAPGTWGSLAGTILGVILLSLLGVKIFLIFTALCFLLGCYLCQKTTADMGVHDHGSIVWDEFVGVFIVLAAIPSLSWQWILAAFALFRFFDILKPFPIRYFDEKLENGFGIMIDDVLAAIYAVIVVFAIQYWML,length1,489
3,51038,51035,3,M,length1,3
3,51191,51173,18,MALLCC,length1,18
3,51368,51338,30,MQKSWCILVA,length1,30
3,51461,51458,3,M,length1,3
3,52430,51620,810,MTLKIAIAGAGGRMGRQLIQAVHSAEGVELGAAFERKGSSLVGTDAGELAGIGHLGVAVSDDLESQKDKFDLLIDFTRPEGSLEHIAFCVANNKKMVIGTTGFDQNGKAAIKAASDKIAIVFASNFSVGVNLVFKLLEKAAKVMGDYCDIEVIEAHHRHKVDAPSGTALSMGEHIAKTLGRDLKTHGVFCREGITGERKRDEIGFSTIRASDVVGEHTVWFADIGERVEISHKASSRMTFANGAVRAGKWLENKANGLFDMTDVLDLNNL,length1,810
3,52616,52586,30,MNIIFLEMIK,length1,30
3,52691,52652,39,MADKVDFHNNDML,length1,39
3,53459,52721,738,MKLLIKTSLSQWICLNFAKIPIFKMLGFITALFITACSSISKEPVKTVDIYIKPYYSAENGKAENVFVHKEIDPMLRENTLKGYKSTVKFLEENPARISPMTMFTLAARAYDFGLRDEAVTWFYRGQNRLITALYVLDLPKQTVQDNTGFSHVVGQFVNAYAFCDFDKQSRAAENAVKWTIAHPYEVIFLPALPAKFADRQKALKEAEEKLVQRLQEQARFFANPKNKEKWQKERSENFVNERFCW,length1,738
3,53477,53471,6,ME,length1,6
3,53633,53516,117,MIFRIILLLFKDLVLSLLGFLFYREKRSRGNYATSERAY,length1,117
3,54458,54410,48,MVRSVGLRYGAPKCVA,length1,48
3,54758,54662,96,MGEPCGVHRAIMRANYHAWLRSRWRGKRCGYI,length1,96
3,54812,54788,24,MCTTSRCR,length1,24
3,56813,56810,3,M,length1,3
3,57101,57098,3,M,length1,3
3,57155,57152,3,M,length1,3
3,57257,57230,27,MLCQFLLAE,length1,27
3,57848,57365,483,MKVYQSFLIATASLFLFACSSFQNDDYAMNYKGQIGDPIMAIAMLSEQQHEWAGTPYVLGGVSRRGVDCSGFVQKTFFDRFNLRLPRSTVEQANYGKHVRKEDIQTGDLIFFKTGRGPNGYHVGIYVKEDKFLHASTRGGVVYSSMNNPYWSKAFWQVRRI,length1,483
3,57911,57887,24,MIFFKFGR,length1,24
3,58139,58124,15,MEIKC,length1,15
3,58316,58310,6,MA,length1,6
3,58820,58799,21,MVDSPFW,length1,21
3,58961,58958,3,M,length1,3
3,59039,58997,42,MRKPSKSTKVDMMK,length1,42
3,59099,59075,24,MRFLLCIN,length1,24
3,59171,59120,51,MCFLLRLGIIHPLGVIK,length1,51
3,59360,59276,84,MIALKMELVNFKVNMFILVQNSLLIKGA,length1,84
3,60074,59366,708,MTEKNKPICVVLTGAGISAESGIPTFRSEDGLWAGHKVEEVCTPEALQKNRAKVLDFYNQRRKNAAAAKPNAAHLALVELEKAYDVRIITQNVDDLHERAGSSKVLHLHGELNKARSSFDESYIVDCFGDQKLEDKDPNGHPMRPYIVFFGEMVPMLERAVDIVEQADVVLVIGTSLQVYPANGLVNEAPRKAPIYLIDPNPNTGFVRKQVIAIKEKAGEGVPKVVAELLENVKNT,length1,708
3,60203,60149,54,MHNKPNKRFFLFRIRFSN,length1,54
3,60281,60254,27,MLQQTSISM,length1,27
3,60359,60335,24,MILDDKIK,length1,24
3,60419,60362,57,MCRFCFNAWISRFTKYTLI,length1,57
3,60644,60617,27,MRITADNIH,length1,27
3,60935,60869,66,MLNFTIDLAFTFLANYPEFPDS,length1,66
3,61211,61166,45,MCILQYRSSYLQKIF,length1,45
3,61538,61340,198,MAMKVIMARDPLFEDVKKYVQQQKFASCSMIQRRFMLGFNRAGQILEQLEQAGIISSMKNGQRKVL,length1,198
3,61550,61544,6,MT,length1,6
3,61592,61556,36,MQWNLSARQTAF,length1,36
3,61745,61664,81,MPTQCLKAVISISKILRHHWLMKLIKS,length1,81
3,61817,61799,18,MKATRF,length1,18
3,61934,61844,90,MVILFLQAMSMGIFRKRSLKKGAFMKCMAH,length1,90
3,62024,62009,15,MKTYV,length1,15
3,62081,62075,6,MY,length1,6
3,62138,62090,48,MIGVMQVNIRILKKCG,length1,48
3,62333,62327,6,MH,length1,6
3,62825,62789,36,MATNYARSFYSF,length1,36
3,63203,63149,54,MFKLFFFCSIIYNSVNFN,length1,54
3,64193,63221,972,MFEKIEPTNIRFIKLGIKGCWEKDCIDKNSTASTKNTIRLGYESTSEIHKECLNNQWDSCIEYCKTYWSDHTGTVSNHLRQIQDFYQLGEDTLWITFFGRKLYWAFCSKEVVEESDGSRTRKVISNNGNWSCVDANGKELLVDNLDGRVTKVQAYRGTICGVEMEDYLIRRINGEVIEEITEAKEAYETLIKSVEKLIKGLWWSDFELLTDLVFSKLGWQRYSVLGKTEKGIDLDLYSSSTQKRVFVQIKSDTDIKQLDEYVSNFESEYKNYGYSEMYYVYHSGLENIDEKQYQAKGIKLVNGRKMAELVISAGLVEWLINKRS,length1,972
3,64538,64523,15,METGV,length1,15
3,66275,66272,3,M,length1,3
3,66413,66386,27,MITLFIFTT,length1,27
3,66722,66599,123,MRLMFANFTTSVTIQKKCTICFMILNITESKKRCWKKFVQR,length1,123
3,66851,66734,117,MTHWKIGFIELLTKFNQSRRLRAYLIRPLLSLHLIYLLK,length1,117
3,66938,66917,21,MIFPFFI,length1,21
3,67031,67007,24,MRSKMYYG,length1,24
3,67109,67055,54,MAMLFVVVYRFAILGLVA,length1,54
3,67190,67163,27,MIFQPIKCG,length1,27
3,67382,67280,102,MAKNQPKQHYIPILILGILIKWKYKVYLKLVLIA,length1,102
3,67475,67400,75,MFRHRVTFLKMLIAFIPQKTCRIKS,length1,75
3,67568,67517,51,MQVNLSFGILGTKRRVE,length1,51
3,67871,67856,15,MKRFV,length1,15
3,67937,67898,39,MVNRQGLFLFNKP,length1,39
3,68012,67985,27,MQSRRFVAL,length1,27
3,68243,68237,6,MY,length1,6
3,68264,68258,6,MI,length1,6
3,68531,68522,9,MLF,length1,9
3,69086,69002,84,MDCTYQRCSASKRFILQQIHQRLEKSIC,length1,84
3,69281,69257,24,MMPLVLIC,length1,24
3,69467,69446,21,MWKKFWW,length1,21
3,69617,69527,90,MRLINSLPLLKPKINPHLKMMNFLPHFVII,length1,90
3,69752,69722,30,MLSILAFISI,length1,30
3,69863,69797,66,MNFGESIFIRWILNLRILSRQN,length1,66
3,70013,70007,6,MN,length1,6
3,70049,70040,9,MKF,length1,9
3,70097,70064,33,MNWRKIIQKIS,length1,33
3,70337,70331,6,MP,length1,6
3,70496,70442,54,MIYCVCFVKPCKMRKGMN,length1,54
3,70625,70538,87,MNFRIRIHNNTLFFQKFIVIIPKKILVLL,length1,87
3,70763,70757,6,MV,length1,6
3,70859,70766,93,MLYSIFLNRHLFIKILNLLLLILVMIICDFI,length1,93
3,70895,70862,33,MAKPNQLIVFI,length1,33
3,71045,71000,45,MKILVKHCKRQILPY,length1,45
3,71072,71060,12,MKRL,length1,12
3,71096,71081,15,MNCKN,length1,15
3,71162,71147,15,MLRKN,length1,15
3,71210,71189,21,MWQNVQF,length1,21
3,71396,71243,153,MQRIFIKFSKMKQIGNVGQIVLLNTNKLGNAKEYWQCYIKFYWSKAFQNAY,length1,153
3,71618,71612,6,MI,length1,6
3,71717,71699,18,MKPYGI,length1,18
3,71789,71780,9,MWL,length1,9
3,71867,71849,18,MPYIMY,length1,18
3,71987,71960,27,MWKSVLSQI,length1,27
3,72077,72023,54,MMSLKPQNLRAILSKIGE,length1,54
3,72215,72161,54,MTQKITIVKMLLKYPPHF,length1,54
3,72239,72224,15,MNQIF,length1,15
3,72428,72359,69,MKLLQSRYKIGYNRFHIRHFLMK,length1,69
3,72533,72509,24,MLKSLIAH,length1,24
3,72665,72626,39,MENIILLIINLIS,length1,39
3,72743,72728,15,MIGNI,length1,15
3,72845,72800,45,MHEISAGYFIFSYVE,length1,45
3,73070,73010,60,MSYGLCGTNQKFSYIISRTL,length1,60
3,74078,74051,27,MPSNRKSPF,length1,27
3,74636,74543,93,MLGKWQSMVWQSRSADKPNSSARTRFYDDDS,length1,93
3,74870,74774,96,MENSDSSDRQTPERIGKIIGRFKLVKGGKFGR,length1,96
3,75164,75098,66,MLFFPIKKSFTASSNGLLKLNW,length1,66
3,75227,75179,48,MILNPFFNFFWIILGF,length1,48
3,75308,75296,12,MFTN,length1,12
3,77261,75665,1596,MMKVGEPVEYAELLQNFISQNHHKVRSIFGVNYVIEQGDSFSFPYIYTDPAKSLDDNFASQGDVLSALYCDQFQLFGSFRLHPSSQDIQLVSGLVHKANGGILILSAATLLSQFDLWGRLKQILQTQTFDWYSAHPFKNLPCDIPSYALNLKVIVLGNRTELATLAELEENLYSFADYAEIESYISVAEVEEQKTWAGYVQQMAQEQNIELDFLALNKLYQLLVRESENRFLINASPLKLKEILQDASTFAEKTALSAVDFEGIFQQKLAQYGFLKEQTYADILNEQVYVETQGEIVGQINGLSVIEYPGTPVCFGEPSRISCIVQFGDGEVIDVERKNELAGNIHGKGMMIAQACLSNILDLPSQLPFSASLVFEQSYGEIDGDSASLAIFCVLASSLADLPLPQHIAITGSIDQFGLVHSVGGVNDKIEGFFTICQRRGLTGKQGVIIPMTTIQQLSLSNEVKSAVKNGEFFIYPVEDIYQACELLFGRDLLDENKDYTEKTEPLSRLIQRRIEGRADSERKSFWHFFRS,length1,1596
3,77963,77432,531,MQNACTLNKKSSYSYDDLLASGRGELFGKEGPQLPAPTMLMMDRIIEMNEETGAFGKGYIEAELDIKPELPFFGCHFIGDPVMPGCLGLDAMWQLVGFYLGWIGGKGKGRALGVGEVKFTGQILPTAKKVVYRIHMKRVINRKLVMGMADGEVEVDGRVIYTATDLKVGLFQDTSAF,length1,531
3,78506,78494,12,MAMQ,length1,12
3,78791,78725,66,MSRRRYFGHFYSKSSIILSNTL,length1,66
3,79067,78935,132,MMKKIFFIFALSGILAACTVGGVSAGGGSNGVGLGVGIGSGIRF,length1,132
3,79472,79205,267,MSLSTEKKAAIVAEFGRDAKDTGSSEVQIALLTAQINHLQVHFVEHKKDHHGRRGLLRMVSRRRKLLDYLKRTDLALYQSTIARLGLRR,length1,267
3,79538,79526,12,MGLY,length1,12
3,79883,79865,18,MSLIAH,length1,18
3,80342,80294,48,MGHVLFCFPNRQLSSH,length1,48
3,80387,80357,30,MPLFPLAHLS,length1,30
3,80459,80450,9,MAG,length1,9
3,80714,80675,39,MCLIERRRGVYSN,length1,39
3,80861,80717,144,MPPLGIMNRQFGYRIFSSFFSINLVMVLINVSLIADLVVVFGVTRLCH,length1,144
3,81449,81440,9,MQV,length1,9
3,81947,81917,30,MYVVQKLLKP,length1,30
3,82106,81983,123,MQNITQRVSNKVFVRGVFKRLKVNLVMLKLLMSQKCQIMVK,length1,123
3,82172,82148,24,MKKSLIAL,length1,24
3,82205,82178,27,MMKRTLNLV,length1,27
3,82313,82256,57,MIPLILQRLVVSLSLILLK,length1,57
3,83132,83123,9,MRR,length1,9
3,83912,83855,57,MGILYASDARRWRQSDELW,length1,57
3,85037,85025,12,MGIL,length1,12
3,85511,85460,51,MIFFLDVFRYNCSPKSL,length1,51
3,85559,85553,6,MS,length1,6
3,86060,86042,18,MSFGWR,length1,18
3,86366,86357,9,MVL,length1,9
3,86474,86423,51,MVCVEKWALIQLHQISH,length1,51
3,86792,86714,78,MIMALNSFQQKEQNYSMKLKKPLKRC,length1,78
3,86903,86849,54,MMQQDAILSFAKAHFQLT,length1,54
3,86984,86969,15,MYYAS,length1,15
3,87026,87020,6,MV,length1,6
3,87059,87035,24,MKNVAQLT,length1,24
3,87107,87098,9,MSV,length1,9
3,87137,87113,24,MMAMVTAL,length1,24
3,87221,87167,54,MATKFSLLLHVKHCVQVN,length1,54
3,87431,87323,108,MYWKKWLKMIGRLVAKIQVILSLQIKIQRAMALLRH,length1,108
3,87479,87473,6,MN,length1,6
3,87563,87518,45,MSVLRVGIIHLKVTL,length1,45
3,87716,87671,45,MPHLHNNVQKKLQKP,length1,45
3,88283,87791,492,MNIFIMRHGEAEVMANSDKARHLTVYGSKQAFLQGQWLKQHLSTLVINSLDRILVSPYVRAQETFHQVNQAFDLELENKFEIWEGITPYGHAHSVIDYLEVLKDEGVKSVLIVSHLPLVGEIVAELYGKRNPISFYPATIAQLLWDGNKSEILMHQASPVIYLK,length1,492
3,88424,88358,66,MLFYKVIFLKKGKILLLLFFFL,length1,66
3,89027,88487,540,MEKIMKKLTLALVLGSALAVTGCFDKQEAKQKVEDTKQTVASVASETKDAAANTMTEVKEKAQQLSTDVKNKVAEKVEDAKEVIKSATETASEKATEIKEAVSEKASEMKEAASEKASEMKEAASEKVGEMKEAASEKASEMKEAASEKVGEMKEKATEMKEAVSEKATQAVDAVKEATK,length1,540
3,89837,89822,15,MACCA,length1,15
3,90218,90119,99,MAEFVLISTRRCAADEVEPLNAGTKFAPTKFAL,length1,99
3,90731,90698,33,MFYYNSESKQC,length1,33
3,91598,91229,369,MDDGDTQTLQTANQYTDLKLGTLQTQVHNFQSDFNELNGKLGKLDSKLERGLAAANALSGLVLPQVVGKASFSAAVGGYGSRNAVAIGVGYTPKANITLKSGIAVNAGKNSKISYQMGAGWVW,length1,369
3,91748,91679,69,MLVFCLNYFFLKHQIFLNFAKQI,length1,69
3,91907,91862,45,MLFLILSFSKFALKC,length1,45
3,92219,92108,111,MKIPIIHFLMKRGIGNQNITRVNYKAKKKRFIPMNFG,length1,111
3,92618,92591,27,MKVLKNPLF,length1,27
3,92978,92822,156,MILAGAYLKARVSNNWKINPKPPTNSNKPSSYKLGIFHWLIKKTGNMNVPIR,length1,156
3,93182,93125,57,METPRKPIKLHKSTLSGVF,length1,57
3,93272,93245,27,MESGKNFTT,length1,27
3,93512,93473,39,MEKYADTIKLIAL,length1,39
3,93545,93527,18,MECDCI,length1,18
3,93686,93683,3,M,length1,3
3,93968,93917,51,MRFLAMPMVIRGKPVII,length1,51
3,94031,94013,18,MQTKFR,length1,18
3,94154,94136,18,MGQIKQ,length1,18
3,94322,94280,42,MVIAILILPKQMNL,length1,42
3,94376,94355,21,MQNSKRN,length1,21
3,94565,94466,99,MLMSLQASLFSLQMINLNQVVAGQALRNRSLKM,length1,99
3,94616,94574,42,MKPTIASICNVPKC,length1,42
3,94640,94631,9,MPI,length1,9
3,94787,94784,3,M,length1,3
3,95783,95762,21,MVQRIRI,length1,21
3,96023,95945,78,MMKSGLFFSRFFISSFLHNKEIKYPT,length1,78
3,97130,97103,27,MCVNFKRKE,length1,27
3,97913,97859,54,MITLAIQLITDFHIVCTI,length1,54
3,98024,97991,33,MWIDLFQCNFS,length1,33
3,98366,98306,60,MIERLNYHCFARRNIATFLF,length1,60
3,98429,98408,21,MRALKSH,length1,21
3,100379,100331,48,MCGFLFREIKYVMCHL,length1,48
3,101456,100730,726,MSSFFVAGTDTNVGKTTAARAMIQALQGQGVQVVGYKPIACCGEESIYPVAQSENTSDYDNFVNADVLTLMHSTKENVSYQDINSYTFSHCAPMLTQDKMRIKLDKINCDLTRLNQTYQSVVVEGSFGLMTPMAEGKSFADWITQRKMPVVLVVGIKDGCVNHALLTVKVIQQLGVPLLGWIANRINPLLSHYAEIVDLLVEHIDAPLLGKIPYLHKPEEQELGHYLTNIDRLMYMQTELVK,length1,726
3,101585,101567,18,MTDSIS,length1,18
3,102017,101963,54,MNFRISGYRNIKISDRTE,length1,54
3,102182,102167,15,MWCGF,length1,15
3,102308,102293,15,MNGIP,length1,15
3,102395,102386,9,MLI,length1,9
3,102503,102479,24,MSQFQFIH,length1,24
3,102554,102542,12,MIVQ,length1,12
3,102674,102629,45,MKKSAVIFLYIFIER,length1,45
3,102689,102677,12,MRVK,length1,12
3,102818,102767,51,MCEFPSYIILSRSHSKG,length1,51
3,102881,102833,48,MVVFIRTLGIKLIFGN,length1,48
3,103313,102887,426,MKTFVAKPETVKRDWYVVDATGKTLGRLATELARRLRGKHKAEYTPHVDTGDYIIVINADKVAVTGRKETDKLYYWHTGYVGGIKQATFKEMIARRPEAVIEIAVKGMLPKGPLGRAMFRKLKVYAGAEHQHAAQQPQVLDI,length1,426
3,103922,103841,81,MLYGKMLPLKNLEYFWIFGGINVQHIK,length1,81
3,104444,104399,45,MEIKTFRCGIYRHRK,length1,45
3,104993,104543,450,MEYKSSPKRPYLLRAYYDWLVDNSFTPYLVVDATYLGVNVPVEYVKDGQIVLNLSASATGNLQLTNDFIQFNARFKGVSRELYIPMGAALAIYARENGDGVMFEPEEIYDELNIEPDTEQPTGFYEAVDKPKKREEKKKTKSVSHLRIVD,length1,450
3,105140,105077,63,MPFVSNPKSANASCRVACGIK,length1,63
3,105611,105563,48,MIIFGMQRIKLISNAP,length1,48
3,105692,105680,12,MATS,length1,12
3,106154,106127,27,MLCPSTGPI,length1,27
3,106544,106460,84,MTHTVFLPAFSRSAATAMPNPALIDVEE,length1,84
3,107243,106982,261,MHEVRLYQKEFFLIQTKHFDIDLALFVLRHLIQVILDMYFYLNQDRHPPVCQFLHYRLQYLKYHLELERLNQWLPHIVLRIVLTFCR,length1,261
3,107336,107276,60,MRQLAMHPFCYDGLILIRLN,length1,60
3,107507,107474,33,MRNFAAHRPQE,length1,33
3,107795,107720,75,MRISSPQAKVHYDFQCPQIELLKSD,length1,75
3,108041,108023,18,MCNNIF,length1,18
3,108440,108362,78,MMKKLQLYVTGITLKCGQKMKRIVKN,length1,78
3,108584,108542,42,MSRNNFKAKPFAFE,length1,42
3,108695,108692,3,M,length1,3
3,108728,108719,9,MTK,length1,9
3,108800,108788,12,MCFL,length1,12
3,109007,108899,108,MKLALNKWLIIFGNAIVLHIKYALLRLTLRELSVRF,length1,108
3,109184,109166,18,MKPLMP,length1,18
3,109397,109385,12,MRNI,length1,12
3,109478,109472,6,MK,length1,6
3,109631,109511,120,MKSHLNQVHMTSFKCRSTNFLLNLVALIKVKITCCIVNVV,length1,120
3,109712,109667,45,MVFQMCVYLQKTFIN,length1,45
3,109826,109787,39,MANDAPCCRGVFK,length1,39
3,110756,110039,717,MLEILYQDEFLVAVNKPDGMLVHRSWLDPHETQFVMQTLRDQIGQHVFPIHRLDRPTSGVLLFALSSEIANLMCEQFEQKCVQKSYLAVVRGYLQGKERIDYPLKIQLDKIADKFSQEDKEPQEAVTDYEGLKIVEMPYPAGRYQTARYSLVKLIPHTGRKHQLRRHMKHIFHPILGDTQYGDLHQNRALMSHLGCSRLFLHSNSLSFIHPITKEQITITAGLDEQWHQLINQFGWENV,length1,717
3,111125,111089,36,MQKDLVSFPQKV,length1,36
3,111155,111128,27,MPIFLHIIQ,length1,27
3,111812,111776,36,MPNFSAASSPKC,length1,36
3,112901,111950,951,MDATLNIAIAAEFELSEKIVERLEQSTLEISKVSIVEIIPFEEEQNIRFRNKGVEQLAPNEVEWADFNYVFFAGKLEQVAHIAQAAEQGCIVIDMLGVCSALSDVPVVVPTVNESQLLELRQRNIVSLPDPQVSQLALTLAPILQETNLNQVFVTSLLPTSYTDAETVTKLAGQTARLLNGIPLDEEETRLAFDVYPHQAPNLSNQLQRIFPQLDRATFHSIQVPVFYGLAQKVTALSDYDFDYQPQNSELVALEETLITPVLNGEQENGEESVKLHLSQISAVENGVEFWSVADEQRFNLALLSVKLLEGIYQQGY,length1,951
3,112994,112967,27,MEADKVLNF,length1,27
3,113240,113210,30,MPKPCKIGGA,length1,30
3,113438,113411,27,MPCFLAACT,length1,27
3,113888,113744,144,MISKEQSKVGSQRVTNGTKAPSFFALSVANCVSKRLISSFLHLKFYQQ,length1,144
3,114008,113999,9,MQE,length1,9
3,114044,114038,6,MR,length1,6
3,114311,114233,78,MVRHVHRFQCLSLQVQHQLNAHLVHQ,length1,78
3,114926,114923,3,M,length1,3
3,115151,115130,21,MFTCSGC,length1,21
3,115190,115169,21,MFAISSG,length1,21
3,115511,115493,18,MLVSII,length1,18
3,115925,115919,6,MN,length1,6
3,115961,115955,6,MV,length1,6
3,116162,116141,21,MCFTHQI,length1,21
3,116870,116819,51,MACDLQLVTRKRQHQSL,length1,51
3,117665,117638,27,MVYRRAIKT,length1,27
3,117842,117818,24,MMVFWFWR,length1,24
3,117965,117932,33,MNNFNFPNTIN,length1,33
3,118097,118028,69,MTCTCFKIFHDNSISGCDDSFAC,length1,69
3,118613,118592,21,MSLCCAS,length1,21
3,118847,118841,6,MF,length1,6
3,119036,118871,165,MPNKLQLNLLITCSAVLPNNAADKPVRPTVPKITNSASISFATSGITSSGKPSRT,length1,165
3,119096,119087,9,MRC,length1,9
3,119441,119378,63,MGVKIRDVSFSSSLVYFTTRS,length1,63
3,120179,120137,42,MNKSSQTFFCIHFR,length1,42
3,120389,120383,6,MK,length1,6
3,120623,120605,18,MNRTTA,length1,18
3,121094,121079,15,MHFNQ,length1,15
3,121271,121205,66,MQHEMGCGRGKENRIASARIAT,length1,66
3,121643,121547,96,MTLAKISGHKDISILQNVYYAPDMAEVAELLD,length1,96
3,122021,121985,36,MTDFAVTVLIKI,length1,36
3,122261,122258,3,M,length1,3
3,122309,122300,9,MTR,length1,9
3,122393,122324,69,MKPYSLMRFLIQSVYCCLLSTNA,length1,69
3,122597,122480,117,MYSKLSFKTHHEPLRIVGDELNRIRSTVLRAKRRIFRSS,length1,117
3,123011,123008,3,M,length1,3
3,123464,123419,45,MIFFDLGFIGFRCGC,length1,45
3,124208,124199,9,MLG,length1,9
3,124673,124529,144,MHCDSVAKLSKTQNRLMMSAFLYTCKAQVLIVTTTHKEYNFPQPQHKK,length1,144
3,124886,124685,201,MKKIAADKIALVMARDILKTNSQYLREVNEYVAEDIARFVSTLSSRLQESIDDSISSSDIFNAHKNQ,length1,201
3,125129,125045,84,MSAISKHTSSIIRNGFTCRCVSVLANVF,length1,84
3,125216,125204,12,MGRL,length1,12
3,125573,125492,81,MNGRKHLSPTFCRRSDKKLHSVSFLLA,length1,81
3,125756,125588,168,MYFQIFQGVNNQWYWRLKAANHETIAVSEGYTTKQNCLHCIGLVMDTDRKTPIYES,length1,168
3,125927,125834,93,MWLILLKVDLIATKICTKVDLFSTLICNPLI,length1,93
3,126287,126278,9,MQS,length1,9
3,126584,126572,12,MVVI,length1,12
3,126872,126863,9,MFH,length1,9
3,127181,127058,123,MRVEAFIYKQSFVGFPSCFSLFQIAESTFAFCVFSRVLGIP,length1,123
3,127322,127319,3,M,length1,3
3,128123,128105,18,MRSSPP,length1,18
3,128306,128174,132,MPTVVPSGIAGSIEFPSAITHTAFSYCTPCLRSVDLEKRNLKLL,length1,132
3,128357,128315,42,MSSANPFPAARRMS,length1,42
3,129239,129209,30,MPFGWWAFCT,length1,30
3,129482,129428,54,MCDCVTQEIKKATRRFRG,length1,54
3,130889,130175,714,MSMRLMVQAMNCKVGNPARKLVLLKLADNANDDGICFPSYQYIADKCEMTRRSAINHIEYLIKMGLVSKKERKNKDGSISNLYFLHLEQGSENFALGGSENISPRTSHSLEPVNEPKKTTQKSEAEMLLEQFGITGQLAKDFIAHRKAKKGVINQTQLNRLQKQADKAGISICEAVEICIERNWQGFNASWDWRDEKLRPNSPHLGQSHRNKPKFDDTQTGWSAGMNFIVDGTQWQIP,length1,714
3,131138,131090,48,MGFVKRKNRLINFYLA,length1,48
3,131342,131237,105,MPDSIGMNFNIVQKWNFGCLKICTKSARKNRKRTR,length1,105
3,131600,131528,72,MPKVRCGIRGFLYARLFYIEQRMG,length1,72
3,132188,131774,414,MSQYKPFFLRDQRIKNNCLDLIKELPIDDKKPLVVKIQPITRSLEQNSKLHALLSDISKQCEFNGKKRDIDTWKMIMVSAHKIATGGQAEMVIGLEGEVINLRESTAQMSVKRLASLIEYITSWGVQNGVRFNDRWGL,length1,414
3,132281,132191,90,MKRLNDDEILELKIVLLIAAVWVMFNMVFG,length1,90
3,132845,132458,387,MVRGHWLKALQKEVNKFIRLRDKGQPCIACGTVWKPSFQASHFIPQGRSSFLRFDERNIHSGCIRCNLFVGGGNIHGYRPRLVEKIGEQEVEWLEENQHRIKKWEISELKEMLKLYRLKNKELENEMQD,length1,387
3,133628,133625,3,M,length1,3
3,133811,133766,45,MGKTRNLAIFTYFTA,length1,45
3,133964,133880,84,MFIYCLKSAVYFDRIYFKGRYSFYSCPS,length1,84
3,134498,134402,96,MPTLAKERIRISAFWAVFCCLPTNAPSSRARR,length1,96
3,134753,134738,15,MRKSF,length1,15
3,134804,134786,18,MLNTPS,length1,18
3,135392,135368,24,MCAIFSVM,length1,24
3,135410,135395,15,MRLMQ,length1,15
3,135512,135491,21,MNQIFTV,length1,21
3,135758,135671,87,MNFNSLFGCGSLSCVASSHSNISKKPLEF,length1,87
3,136112,136085,27,MGIFATRHH,length1,27
3,136307,136295,12,MCGR,length1,12
3,136430,136424,6,MF,length1,6
3,136529,136436,93,MRLCVHPLRVLQCQFVRIYLGIQNILHFLAR,length1,93
3,137201,136601,600,MTMMISEVTFNKIFPHAVKGVYQAISAQIEKAGCVNKMQQAMFLAQCGHESGGFTRFKENLNYSWLGLSKTFRKYFPDPLIAKKYERKPELIANRVYANRLGNGDEKSGDGWKYRGRGLIQITGKDNYAAFRKWLGRDIEPDDVAGNLDLSVKTAVWYWKCYELAELNSVEKVTRRINGGLNGIDERCKLYRALMVTDND,length1,600
3,137612,137609,3,M,length1,3
3,138005,137984,21,MVHLSIL,length1,21
3,138167,138125,42,MPVKHIGRVMIAKI,length1,42
3,138278,138236,42,MCFNKSTDNAIILP,length1,42
3,138458,138362,96,MLKKERHKALIPNVSFLNRQVQIKPLNCLGSI,length1,96
3,138485,138482,3,M,length1,3
3,138515,138494,21,MASPYLL,length1,21
3,138524,138521,3,M,length1,3
3,139877,138536,1341,MSQLNIQFPTKFRPLFESIWPFIIFYGGRGSGKSFSIARALVLRAYQSPVRVLCCREIQKSISDSVIQMLADQIEMLGLQNFFDVQKTQIIGQNGSRFTFAGLKTNITSIKSMTGIDVVWVEEGENVSKESWDILIPTIREDGSQIIVSFNPKNILDDTYQRFVIHPPERCKSVLVNWQDNPYFPKELMEDMEQMRERDYELYRHVYEGEPVADSDLAIIKPVWIECAVDAHLKLGFTAKGMKKVGFDVADEGADSNDNAFVHGSVVLDIEVWKNGDVIDSANRTNQSAVKFKADLIIFDSIGVGAGVKAHFKRLPKSLQVEGFNAGGAVAYPEREYIKGKKNQDMFSNIKAQSWWALRDRFYKTYRAVKHGDVYPDDELISLSSNIKELEYLKAELSRPRVDYDNNGRVKVESKKDMKKRGIPSPNMADALVMCYATTKPKSLLDL,length1,1341
3,140003,139997,6,MA,length1,6
3,140171,140165,6,MV,length1,6
3,140306,140276,30,MENFTYRTTR,length1,30
3,140897,140891,6,MQ,length1,6
3,141257,141251,6,MM,length1,6
3,141338,141299,39,MMRKGSRRLVRKR,length1,39
3,141455,141401,54,MASLVVVMHKTMLKYQPI,length1,54
3,141530,141524,6,MH,length1,6
3,141728,141719,9,MPP,length1,9
3,141758,141743,15,MKRLV,length1,15
3,141920,141788,132,MSVCEKAMRKKMGRYSNMPIRLPILVTLVMMLIVDAFRFQCLMM,length1,132
3,142073,141998,75,MSYLKALSVEVVISHFLTLVGLILN,length1,75
3,142157,142133,24,MNQASDTY,length1,24
3,142304,142166,138,METKKRKINEGKEPLQKKTFYYCLWLSPHLIALSTLGQAIQGMKRF,length1,138
3,142430,142322,108,MTKYSACRKLGRDTRRLQLKQCGLKGKRKPQAPHSA,length1,108
3,142751,142742,9,MLV,length1,9
3,142979,142943,36,MLKRLMISRFNA,length1,36
3,143057,143030,27,MLQKAFRKR,length1,27
3,143156,143111,45,MAMRLRALVHWVLVF,length1,45
3,143219,143189,30,MGMQSHVSFA,length1,30
3,143282,143249,33,MVLIIMVLTIL,length1,33
3,143291,143288,3,M,length1,3
3,143387,143369,18,MIIFSV,length1,18
3,143558,143468,90,MVIISMIYCEASRIVRLFWQTNTINMCRLR,length1,90
3,143672,143630,42,MALLQRILQFLVIL,length1,42
3,143708,143687,21,MPNSKAD,length1,21
3,143873,143807,66,MVCKMRKRKLRLAPSCCKFIQD,length1,66
3,144062,144035,27,MRSRYDCGH,length1,27
3,144434,144428,6,MG,length1,6
3,144530,144521,9,MGA,length1,9
3,144770,144761,9,MFK,length1,9
3,144983,144962,21,MIAFRFA,length1,21
3,145463,145349,114,MERPPSVFGISDGLPMSKRCGRKKRYHCHKKGFHFHNK,length1,114
3,145712,145676,36,MWCHFCVRFLQF,length1,36
3,145784,145763,21,MNFQVVV,length1,21
3,145943,145934,9,MRL,length1,9
3,146111,146081,30,MLIDEYRSQF,length1,30
3,146201,146138,63,MHREFQQSHHERLMLQIYYLQ,length1,63
3,146393,146300,93,MLIGLNVAAYFLMLLSRNLIELHKPKILDLM,length1,93
3,146597,146522,75,MPQCALPLGKYHLKIVICSHRHLGE,length1,75
3,146846,146810,36,MRLLFSNSQKLR,length1,36
3,146882,146864,18,MRLGQF,length1,18
3,146978,146972,6,MP,length1,6
3,147134,147092,42,MLGKIWIKYKINSM,length1,42
3,147689,147623,66,MDVPINIQKKSHSHPQLSYLLN,length1,66
3,147854,147797,57,MKQCFGCEQEILQLEMRID,length1,57
3,148199,148184,15,MQVIL,length1,15
3,148259,148253,6,MC,length1,6
3,148325,148310,15,MNHSF,length1,15
3,148622,148553,69,MSIRIKHPVYLINYNELFLIISI,length1,69
3,148979,148850,129,MNFCGNEIPMNLFRIIYQVRQHNIPHRLRFRGLENEIYNTAIC,length1,129
3,149060,149051,9,MMR,length1,9
3,149339,149330,9,MAR,length1,9
3,149468,149357,111,MVRKKLWVMQNKAIFYCGKMVREKVLYVLLTKMLCKL,length1,111
3,149549,149531,18,MQAEKR,length1,18
3,149669,149651,18,MVSMYI,length1,18
3,149861,149819,42,MKFLFMIILALRLN,length1,42
3,150599,150497,102,MNVERLESFLNQIKNLFKIIILNLKSIRKMNTKI,length1,102
3,150686,150647,39,MNYKMPQEFIYVL,length1,39
3,150959,150914,45,MKMRRAIALQFRRRT,length1,45
3,151223,151142,81,MVVKRSSTKFGIGKLIQVAQSANKCAV,length1,81
3,151286,151268,18,MVYRMQ,length1,18
3,151478,151463,15,MVKII,length1,15
3,151562,151544,18,MSVINL,length1,18
3,151655,151619,36,MNMWIVNSVQVS,length1,36
3,151730,151724,6,MY,length1,6
3,151832,151754,78,MKRKLSVLTANHLLAMKRQFLRITVA,length1,78
3,151961,151925,36,MATVAVCQSSRC,length1,36
3,151979,151976,3,M,length1,3
3,152207,152000,207,MWQLKRWKMAKSNSCRNNTKTFTSLGCVIFKIGVFLANFGGDTVFQRGMTRKAMFMSHVTKKKCGQNIT,length1,207
3,152246,152234,12,MKTY,length1,12
3,152342,152336,6,MC,length1,6
3,152456,152414,42,MKTANPKYHSKRCM,length1,42
3,152531,152474,57,MNKVKKCRNQKVTCLIQSI,length1,57
3,152786,152768,18,MQAVSS,length1,18
3,152801,152792,9,MTN,length1,9
3,152969,152924,45,MRFMSLLGTNSVTGI,length1,45
3,153350,153308,42,MQKMQKFSKNRPLF,length1,42
3,153494,153434,60,MLNCLCQWLDLSIKKQSLPV,length1,60
3,153632,153554,78,MKLSWLKHPKRLLRKNAKNKRNTNLD,length1,78
3,153716,153698,18,MPTFYF,length1,18
3,154064,154031,33,MLLKLINIIKN,length1,33
3,154421,154418,3,M,length1,3
3,154577,154562,15,MFYED,length1,15
3,154742,154727,15,MCHLL,length1,15
3,154775,154748,27,MNLLVIVNA,length1,27
3,155024,154970,54,MRKLCQHTISLIVYHRKH,length1,54
3,155243,155195,48,MFIDIGDLFQIKFSTN,length1,48
3,155312,155297,15,MRTFC,length1,15
3,155651,155519,132,MWLISVMFQRLYLIKDAPIHFAHFVLNHRNRIISIIMPYLQPPH,length1,132
3,155966,155831,135,MRLHLSQNHVQQRNVDVLRQLRFQHRFLLIQAHIRQVNDKLGEQD,length1,135
3,156245,156212,33,MPQQSHWQWKY,length1,33
3,156350,156329,21,MRRQRHQ,length1,21
3,156779,156680,99,MPSLYSNSLNSIFIKRFFVPSIRPAIRLISMTV,length1,99
3,156875,156860,15,MSNPR,length1,15
3,157076,156998,78,MSYLFNNHSIDCCDNCEPCTVKILSG,length1,78
3,157109,157094,15,MGKSR,length1,15
3,157187,157127,60,MPLYSALTINSFGKSCPIKE,length1,60
3,157493,157433,60,MVSGVLSAVSTSFSKSQSLR,length1,60
3,157970,157967,3,M,length1,3
3,158087,158036,51,MSLRAKSTNIKCSACSL,length1,51
3,158144,158135,9,MLP,length1,9
3,158480,158381,99,MLIWCFKAFTIPVNSGSSKFVLTSSLADLIERT,length1,99
3,158699,158663,36,MPSIGMKFATRS,length1,36
3,159188,159146,42,MFIFILLENFVLLN,length1,42
3,159554,159494,60,MVCSNYMKFFVQSHEVRRNN,length1,60
3,160010,159983,27,MDKFDFVRF,length1,27
3,161255,161246,9,MII,length1,9
3,161384,161339,45,MIIASFFIKNFDITN,length1,45
3,161591,161492,99,MSLLSSLDLDENLDYRVNMKTYQLLLNLKIVIN,length1,99
3,162785,161768,1017,MFMHKMKKNLIIVLTLGTLPFAQANSITGAGASFPYPIYAKWASLYEKETGNKVNYQSIGSGGGQQQIIAKTVDFGASDDPMKSELLQQHQLVQFPAVIGGIVPVVNLPEIKPGKLKLSGKLLAEIFLGKIKKWNDPDLVALNPTLPLPNKNIIVIHRSDGSGTTFGFTNYLSKVSNDWKNQVGEGKSVKWLTGQGGKGNEGVASYVRQMKYSIGYVEYAYAKQNQLAWISLQNQAGQFVQPSNESFMAAASHAKWHEKAGMGVILTNETGEKSWPITAASFILLNKYSDNPETTKNVLAFFDWAFSRGQDAATELDYVPIPADVVSTIKSQWKTELKQ,length1,1017
3,162920,162914,6,MD,length1,6
3,164030,164012,18,MKKGDC,length1,18
3,164039,164033,6,MH,length1,6
3,164270,164123,147,MVVIAVSHKLPVFLMIFFFLPLLLLLVCLFTAYMYQKSSIFQGGLEHSH,length1,147
3,164543,164519,24,MNLSQIYL,length1,24
3,164591,164558,33,MQQVLLQIGII,length1,33
3,164756,164738,18,MRIFMH,length1,18
3,165056,165002,54,MIILHSVFVCLKNYQKKR,length1,54
3,165068,165059,9,MNE,length1,9
3,165107,165101,6,MK,length1,6
3,165230,165212,18,MNLVRH,length1,18
3,165599,165578,21,MNVQSVK,length1,21
3,165635,165629,6,MM,length1,6
3,165830,165767,63,MLRFPLLCLQLKVQKKIVLPV,length1,63
3,165884,165833,51,MQGLMTTSLNPFHLKFY,length1,51
3,166007,165917,90,MNNKVNLYKSMNFPLMKMLRECFSNSRKLI,length1,90
3,166106,166100,6,MI,length1,6
3,166517,166484,33,MCKFTFVISNK,length1,33
3,167249,167237,12,MGNL,length1,12
3,167543,167516,27,MIIRVASIS,length1,27
3,167753,167738,15,MNRTL,length1,15
3,167909,167900,9,MRN,length1,9
3,168059,168056,3,M,length1,3
3,168587,168566,21,MQIDVLH,length1,21
3,168704,168623,81,MLVILQDYPSIIVDQYPIDLLFLVTKF,length1,81
3,169040,168758,282,MKLLFLLIQIFWYINLSVIHPHFWLINYRYRQLNHTQLMHFDLSDAKIKVQPKCNFHDNSLAFQKHALKVSLRLYQLIFRFLFYRDFQRNIGII,length1,282
3,169856,169748,108,MRQLSYLGKLPRYSFPRKQASDFQQNFDVLLYRIKY,length1,108
3,169937,169901,36,MMSIAHVLRINR,length1,36
3,170015,169976,39,MLQEMHHRFSLLV,length1,39
3,170429,170423,6,MR,length1,6
3,170762,170744,18,MQCKVF,length1,18
3,170891,170888,3,M,length1,3
3,171422,171419,3,M,length1,3
3,172520,172451,69,MPLRLYPTLNVIHLQINKRALDD,length1,69
3,172793,172670,123,MSVVFLHKTDADGSLKVVDVIHHDGYARVLQHHHQLSRQDR,length1,123
3,173690,173498,192,MQFGHVVLPLHHVQFVILLNVFHVLRVQITGFQGILNSVIHDLKLARQHLAQVLVRIIRCRQMR,length1,192
3,174170,174083,87,MQLELSAMLVLYAHFHHKVRLNFHVFDEA,length1,87
3,174836,174701,135,MLVDNLLIALVQRQFQFQFAQIGLGFLLTHHSHLQPLFFVLLNAR,length1,135
3,175115,175052,63,MQPQYCHGVHSHYAYNPKQHN,length1,63
3,175277,175202,75,MHFPYLGKLCAHLNFLAINSHVKSV,length1,75
3,175316,175307,9,MLR,length1,9
3,175367,175343,24,MLNVNVSE,length1,24
3,175826,175763,63,MRSQIQPLWLIYLHRYHQKAW,length1,63
3,176687,176654,33,MLRADMATRAQ,length1,33
3,176858,176813,45,MKKVIEIYYIGCRKF,length1,45
3,176885,176879,6,MF,length1,6
3,177164,177110,54,MFYLNCHTKISPHIQTPI,length1,54
3,177464,177428,36,MKIIWSTRITIL,length1,36
3,177596,177566,30,MFGRHSVIIK,length1,30
3,177800,177770,30,MYSCFLYNFI,length1,30
3,178316,178313,3,M,length1,3
3,178805,178745,60,MPPIPANKSIVLYSFILITN,length1,60
3,178946,178925,21,MIRATSK,length1,21
3,179297,179261,36,MAVRINLCTWRS,length1,36
3,179375,179315,60,MACCPQLIIRSSLDCKSVIN,length1,60
3,179729,179597,132,MRCERSMLSKISATEYFNGANTLRRQKCSLSLFSTPSSAESEAR,length1,132
3,179789,179747,42,MESCTERRNAENSR,length1,42
3,179798,179795,3,M,length1,3
3,180026,179930,96,MASVDCSKAFIVWRKISTRSASNISPSKRSLL,length1,96
3,180281,180266,15,MNNQR,length1,15
3,181061,180932,129,MWLTTKSSTPSCKRNAQYLGSPISWTLRNYVQRNAKHYIVTYE,length1,129
3,181346,181244,102,MELKLKLTKTVICLIANNGTKMSLALLHSWKVSN,length1,102
3,181367,181352,15,MPIGK,length1,15
3,184463,181994,2469,MIIILISIFFLGNYTMYQKKPLMLLFCSTFASPFIMGQTAETTNNQQPTTNKNILPEIVVYGDNNKSLSSVKTLSSDEISKTPTSNGNITDYLRSNPHIRYENSDQNGFQRGEIKPENISINGADPNQTAYFVDNVNINNDLAIDSSIFDGAMQVVPGISHTQAYFFDATMLSKVEVQDSNISASLGGFMGGAVIAKTKQYSGTDSIKLKYRTTNSSWAKMEAGDSVQKILKQVRPDDSGAAELQPKYNKQTFNILAEKRLNDNLGMVFGYSRRTSSIEQNRLIGFDKNANNKAQLDKQNHQRLSDNLLLNFNWTPQEKERIELGLRYSNYKELKYFKENIGNNVSDYHQALGSTLAWVHSFDSGVWTNTLAYDRFKDKRKSSSNNVETTSVSNQDGEPLYNFEKGGYGNSRLTQDNLHFSTEYVMDPFYLASTEHSISIGGIYQATKYQFYRPQDVHSKIILSTLKNDGTIDPFSLSESTTSKGRVKTSYQNIGIYAEDLIKWRKFEFRPGIRIERDDYLKNNNIAPRFVARYHPWDDTGFTLGLNRYYGRSFASLKLANRILKINDDSTRQHQNFSSLKSPYADELSLSFDQNMGNLALKLGYIHRDNKNRIILKRGETVRGIKKSSYINGRPFGVDIYTFQLNNIEPWKLGKTYWTTSLGFDWLNTKRADVSNEFNPNEPVYLDGKLMTRSQMLQQVNSNTEDWIARLGIDMTIPDYDITWSNKVYMKAPIRSYEELDSDNNNDDISRFRSYHYGRHTQWDSSIRWQPTIRGKHSVYLQVDILNVLNKTRKNKVTTISTNDEYGVYTPGREFWLEIGYQF,length1,2469
3,184535,184475,60,MYRACGLLKYPPALLYAYFI,length1,60
3,185009,185000,9,MDE,length1,9
3,185105,185066,39,MAETFKPNVTYWQ,length1,39
3,185234,185219,15,MVSTR,length1,15
3,185588,185528,60,MGKGNRKWRRFCKFLSYSFR,length1,60
3,186038,186032,6,MG,length1,6
3,187868,187835,33,MKRSIEPKIAR,length1,33
3,187910,187874,36,MTGVLRLLSSAT,length1,36
3,188225,188180,45,MSYTILIQLVTSLSI,length1,45
3,188258,188243,15,MCASS,length1,15
3,189005,188909,96,MFSSKIAILYGSPRFSKVSRASCQVTRFFTTS,length1,96
3,189599,189530,69,MRGEFYHFLEVLLNKCPYFTKRK,length1,69
3,190265,189683,582,MSNVLVLKSSISGNNSQTNQLADYVIEKLQGNNIVVRDLSQQPLPYFDTAAAIAVRGEPKTTEEKQLLALSDKLIEELKNAQTLIIGAPMYNLNVPTQLKSYFDFIARPRVTFQYTANGSEGLLKGKKAIVLCAFGGLYDEENLVTQYMKSILGFIGITDVQFVYAQGIGFGPEAIEKAQASAKNKINEIVAAL,length1,582
3,190832,190637,195,MHQIFRILTQGNVLALLSVVRPRHFSKFCACYHNLYIPYTCQNDQVLNAYPHRIYHTQQQGHHNL,length1,195
3,190976,190841,135,MSLLQLNIHHNLDYYRKYGFYDVHRLHSCPLPFHILCNVYDPLML,length1,135
3,191141,191063,78,MHNPSILKIPPYLPYEWPYFCHRLGI,length1,78
3,191831,191696,135,MYYYHIVLAAFDMLKIDAKLNHKGVLRLFPFPLRIQAMLEYLMDE,length1,135
3,192077,192074,3,M,length1,3
3,192113,192083,30,MVREGENLLA,length1,30
3,192401,192389,12,MATP,length1,12
3,193961,193046,915,MDKLNAISIFCKVIETQSFTLAAKQQNISVAMASKLVSQLEEHLKTRLLQRTTRKIMPTEAGMMYYQRCQGILLDLDEADSSITQLTSSLQGNLLISVPRDFGLLFIAPNLPTFMAKHPHLHIEVEFNDKKIDLLSEGYDLALRIGYMEDSSLVSRKIGTTTVHFAASPNYLETNGIPQTPDDLEHHNGLLYKNAMNQVNWVGSRINQTQRFKIQSKVVSNSGFALLNMAKAGLGIANLPKFILGRAFEKGELIEILPEYKQQKLEIHVVYPNRRHLPIKVRAFIEFLSGLGLCSEILENHEDNI,length1,915
3,193970,193964,6,ML,length1,6
3,194933,194921,12,MAMR,length1,12
3,195053,195041,12,MNIR,length1,12
3,195128,195122,6,MV,length1,6
3,195407,195293,114,MRAKNGCDKGNGHTNNTEPTTCFSSFMFRKSCQAHNEK,length1,114
3,195611,195599,12,MHLQ,length1,12
3,195668,195647,21,MVCEVHG,length1,21
3,195821,195734,87,MQRAPQKLTKGITRQHQPSHRISHEDLLV,length1,87
3,196670,196622,48,MLAHEKYEAPHPLLTH,length1,48
3,196871,196853,18,MLDLQN,length1,18
3,197105,197090,15,MQMYH,length1,15
3,197513,197489,24,MITLRIFG,length1,24
3,197951,197903,48,MDRLFRSIVSRSCFTC,length1,48
3,198023,198020,3,M,length1,3
3,198419,198389,30,MNFGNPVDFV,length1,30
3,198614,198569,45,MTWQDFCHHFHRPSF,length1,45
3,198707,198635,72,MAGVRENVTRHLPRFFPLETFIVH,length1,72
3,199013,198956,57,MFATVEVGKVKHFACVCRP,length1,57
3,199286,199121,165,MNVSTKFYGKAFRWTNKFPRCSFFKPCIRTLDLLTIFNFLAEHTIFITNTVAHTR,length1,165
3,199952,199880,72,MLIFAKNKHNHTACKIFFHKRCDC,length1,72
3,200174,200105,69,MAESFRRCTFKHKTCCGASFDAF,length1,69
3,200417,200321,96,MRKGFIVADFYRNILRITFSKLTNTLFKVRCT,length1,96
3,200669,200612,57,MVRNVLIHVRMPNIFVHTI,length1,57
3,201032,200885,147,MMIRKLPLICQVVNGEHRFRRATFVEQICCTQTCVPIMSVYHFCTPPAI,length1,147
3,201737,201581,156,MTLPVELIRKRFLSSSISTPICIPSGISHSRSIIQFFNTQFLPILTCGNTTQ,length1,156
3,201866,201767,99,MRSKSTELLIDASVITQPPPINELSTGCTLECL,length1,99
3,202055,202034,21,MQERLNG,length1,21
3,202358,202322,36,MQPIVHFAPLLT,length1,36
3,202691,202670,21,MRRLPPK,length1,21
3,202994,202901,93,MCADLGLPFPIRQVKHLTFGFGINQQKPTIV,length1,93
3,203468,203447,21,MFLVVTH,length1,21
3,203546,203519,27,MWQAVIFLK,length1,27
3,203729,203687,42,MSNIPRLGNQFNIL,length1,42
3,204041,204023,18,MVKHHI,length1,18
3,204245,204206,39,MEIYRQQLHRSYA,length1,39
3,204281,204275,6,MC,length1,6
3,204503,204446,57,MRVVAIIRKQEPRTTFFAT,length1,57
3,204764,204626,138,MPHIFSTHHRQACFLILFVKKAKFYAYCRSGKQGEIGNLHVVFDRL,length1,138
3,205040,204953,87,MDTEIEFSRPWLSIFSLATQPKLPTFEPS,length1,87
3,205103,205097,6,MR,length1,6
3,205628,205610,18,MGSSFI,length1,18
3,205859,205796,63,MASKFSRPPYWFGIHSPSARL,length1,63
3,205928,205892,36,MRIPSTPKRSSQ,length1,36
3,206126,206114,12,MPAS,length1,12
3,207758,207725,33,MARIAINSSKG,length1,33
3,207923,207836,87,MRSTPKYCILARSISINGVKPRAFSTVGL,length1,87
3,208256,208076,180,MPDCLQRFCNAESCSSVSHCNQAKNWICSWCIFNRAFLFAALKCCHSLRQPSQPMVFSSA,length1,180
3,208595,208550,45,MSKYKKFNQRREDEL,length1,45
3,209411,209375,36,MGRARNKRMPFR,length1,36
3,209474,209462,12,MKIR,length1,12
3,210140,210083,57,MTPFTLRPSAGFLPKVSGS,length1,57
3,210545,210455,90,MQASSAEYSTTLSCLVTPIRRQNSRNEAGV,length1,90
3,210683,210569,114,MVGIRGSFQPSTISSFTNFNNLRLEVKVPSKFKRENSY,length1,114
3,211091,210896,195,MTINGEAISIFARKLALPSANSPFFIFSNNAKFSSIVRSRYGLFLPGSVKVPRYSRISSGESSST,length1,195
3,211754,211751,3,M,length1,3
3,212453,212441,12,MRLY,length1,12
3,212972,212900,72,MLLNGRVLLRFQCVVKRLRGYFQA,length1,72
3,212999,212990,9,MAM,length1,9
3,213860,213803,57,MRSLSQNIFTIVLVHHTNY,length1,57
3,214448,214421,27,MNQSKYLLN,length1,27
3,214691,214673,18,MKTAKY,length1,18
3,214877,214871,6,MK,length1,6
3,215132,215084,48,MGNSNSWRLCEMEQNC,length1,48
3,215321,215306,15,MAFRF,length1,15
3,215420,215324,96,MGSCSSSFSSTARSHYFRCGLWQRLSYVENGR,length1,96
3,216152,216041,111,MWIIRFQPSFYGSILMLFQPSQFAQYHSIFYHLNTQN,length1,111
3,216233,216188,45,MRRFLHNVLSPHHHF,length1,45
3,216482,216419,63,MDYFGYAANELKFFQHRAIHS,length1,63
3,217514,217463,51,MFIRHITRSKNITRSTT,length1,51
3,217634,217601,33,MDVPSSVPNLP,length1,33
3,217658,217640,18,MNKFQR,length1,18
3,217793,217778,15,MSNSV,length1,15
3,218129,218108,21,MNKTSKV,length1,21
3,218306,218264,42,MPCKETNSCLLWKL,length1,42
3,218891,218849,42,MVYAQSQENFSIGK,length1,42
3,219083,218972,111,MESAVIISAIPALLSAPSKVVPSVTISVCPTNFCIKE,length1,111
3,219389,219215,174,MVFVKLGSLAGKNAVTTAYLLTSTFSKPSWINSFCNCMANFICPTELGECFALGFDWV,length1,174
3,220850,220817,33,MARRLGGCTQR,length1,33
3,221093,220967,126,MVATFMHSQLLLKTIQTCLIRFMHKLCGIHCLCRASPPLFAY,length1,126
3,221210,221204,6,ME,length1,6
3,221522,221519,3,M,length1,3
3,222770,222680,90,MLSKKLQKLRLLLMTLCISTLGLNMYQMVF,length1,90
3,222818,222773,45,MSLLKKLASKLSFQA,length1,45
3,222932,222875,57,MMLSHLLTTSFLKWHAKEC,length1,57
3,223037,223001,36,MIKVTNTLFRNF,length1,36
3,223178,223148,30,MRVKYSTSLY,length1,30
3,223244,223232,12,MKNY,length1,12
3,223373,223259,114,MYFLSIPITQLTRSSQAKWKWVNYGMVRYVLLKKKKHL,length1,114
3,223676,223628,48,MTLAMQFNSMNNIIKN,length1,48
3,223874,223829,45,MLFLIRLQYPPILLI,length1,45
3,223940,223907,33,MLDRLFQLEVR,length1,33
3,224348,224249,99,MCLDNQSKFLLKAPMFLHQGHWLVRQESINYLV,length1,99
3,224630,224600,30,MLAEFHPAII,length1,30
3,224894,224855,39,MLALALHFLCGEP,length1,39
3,225299,225206,93,MHVLVPLCVTNRPKVRIILCLDLNLVLTILH,length1,93
3,225806,225710,96,MPQLPHKNSVKINRTILYGLHKKSHQFDGILS,length1,96
3,225872,225833,39,MRVHPTYLQYNRK,length1,39
3,226220,226166,54,MHQWLVFVQNVYQRKVVG,length1,54
3,226370,226268,102,MRNVPLAIDEDLPRQSQWHLLNHVRHRQYHLPIP,length1,102
3,226826,226760,66,MPFRHHAQKADAQYHEQNTNSQ,length1,66
3,226925,226889,36,MFAKGFQRFLKI,length1,36
3,227150,227084,66,MVDDYLFRVEDQEENVLSKKNQ,length1,66
3,227282,227255,27,MNKVRLNFY,length1,27
3,227483,227462,21,MFNTQFF,length1,21
3,227609,227564,45,MTGNFHRNRHCDGFR,length1,45
3,228092,228056,36,MCKRLHLIQIMT,length1,36
3,228284,228266,18,MNHSCC,length1,18
3,229019,228539,480,MINRKILLTSLLLIFTVLSACSREKNTCRVVKISDGDTLTCLTKGNKSIKVRLAEIDAPEKSQAFGQKSKKTLSDLVYQKNVRLARKGKDRYQRTLAVVYYQKQNINLEMVKQGMAWAYKQYSHDPIYLQAQENAQAKGIGLWADNNPIEPSQWRRQEKN,length1,480
3,229244,229238,6,MG,length1,6
3,229931,229889,42,MGFYRSRTARYIFG,length1,42
3,230597,230219,378,MIEQLKQAKNWEDRYRLIIQAGKNLSRPSDDELAQMQPITGCEAQMWFQIMPKNDRTFQFSGFSEARIMNGLLWILFNKINGKTADELNTFDITVFFSELGISQHLSETRLNGLNQIGQQLKNLCI,length1,378
3,230669,230663,6,MQ,length1,6
3,230816,230738,78,MAHKVLLCVSFAQSKIVFSRKIITQK,length1,78
3,231014,230861,153,MVFNLWAMISIQIKRLKIHRQLGKCFTQPIYKVARRFIVEKISHQFRCINS,length1,153
3,231104,231092,12,MVRY,length1,12
3,231344,231299,45,MRFLIPFILNAIPVD,length1,45
3,231605,231569,36,MTALYYSLCHVR,length1,36
3,231755,231614,141,MDWALLKTNHLLSAPIFGRLMKSRGSTKKAYRKWLSQTFIWIIKAKI,length1,141
3,231875,231872,3,M,length1,3
3,231995,231905,90,MMLKKLSIYKAIALMNKILKLLATNLTLIG,length1,90
3,232034,232013,21,MKLSKKN,length1,21
3,232211,232106,105,MLVKKSITKNYCVTLYRSVSIMNSTNNVSNVFFAI,length1,105
3,233195,233141,54,MHVNNGQISRLIYHNRPQ,length1,54
3,233855,233735,120,MALLCSASKCKAGNLLTAVSVGSNRRSNSLNCCSLANFTR,length1,120
3,234737,234554,183,MMSFDDMPCGLSNKNTPSTSRQRLRGLDISCFPQRVFSHLHAQHLSQDLTYASLPLRIDHK,length1,183
3,234962,234785,177,MNEYKAMLFLSLSCLAQLPFHRDQIKKSQRFLRKINRSTLPHQKPSPSQYGDLSLRVVK,length1,177
3,236858,235190,1668,MQARRDTKIVDENHTLQQAFLNDLDEKLWSSADKLRQQLDAANYKHIVLGLIFLKYISDNFTHQQEKIQAELSDAENPLYLDRTFFDTEEEYQEALTAELENRDYYTADNVFWVPASARWQALQEVSILNTGAELPWGGKFSGVAKLIDDAFDAIEKDNEKLKGVLQRISGYAVNEDTLRGLIILFSDTNFTRPTYNGEPVHLGAKDILGHVYEYFLGRFAQAEGKRGGQYFTPKSIVSLIVEMLEPYSGRVYDPAMGSGGFFVQTERFITAHQGNINNVSIYGQEFNPTTWKLAAMNMAIRGIDYDFGKHNADSFTQPQHIDKKMDFIMANPPFNISDWWSESLADDPRWAYGTPPKGNANFAWLQHMIYHLSPNGKMALLLANGSMSSQTNNEGEIRKAIINADLVECMVALPGQLFTNTQIPACIWFLNRNKKRKGEVLFIDARQIGYMKDRVLRDFTADDIAKIADTLHTWQKSDGYEDQAAFCKSATLEEIKDNDFVLTPGRYVGTAEQEDDGVPFAEKMQNLTALLKEQFAKSAELEAEIKKNLGGLGYE,length1,1668
3,237740,237731,9,MHY,length1,9
3,237914,237857,57,MVLLFLYQTSFNRISAYCL,length1,57
3,237983,237968,15,MHSAK,length1,15
3,238286,238205,81,MKFYILLILKHIKTFLNFGKQKENKET,length1,81
3,238346,238289,57,MKPIEYWILLQIIEIDLFD,length1,57
3,238562,238529,33,MTVVLHTYKSS,length1,33
3,238601,238595,6,MK,length1,6
3,238610,238604,6,MV,length1,6
3,238721,238664,57,MTIYLVLFIKNAITHFLMN,length1,57
3,238736,238724,12,MDYT,length1,12
3,238823,238790,33,MVLLINHKIEY,length1,33
3,238871,238832,39,MTTINTTMTKLVN,length1,39
3,239036,239003,33,MLFYFQILKRT,length1,33
3,239138,239093,45,MMAIMMKALKPCWNY,length1,45
3,242324,239141,3183,MMENNKMLNENDIEQLTLQRLQSLGWEYRYGKDLPVHEGEFSRGNLSGVVFIEQLREAVRKLNPQLPESAVDSVVKSATKSDIGDLVVRNQTFYKLLRDGVRVEYQDDGEQKIEMARLVDFEHGENNRFVAVNQLEIRSRKGGKRIPDIIGFVNGLPLVVFELKNPLRESADLLQAFNQFETYKDEIAELFVYNQALIISDGIAARLGSLSADFQRFTPWKVVDEKNKSVRLYFDDELQSLLNGLMQPEDLLDYIRYFVLFERDSVGKTIKKIAAYHQYYGVNEAVESTIFATSEQGDKRIGVMWHTQGSGKSISMLFYAGKLLAQPELKNPTIVVVTDRNDLDGQLFQTFSSGKDLIKQTPQQVEDRDQLRQLLAQNEVGGVFFTTIQKFALNEEESRFPILNERNNIIVISDEAHRSQYGFTQKLHNGKFQTGYARHLRDALPNASFIGFTGTPISLEDKDTQDVFGRYVSIYDLQDAVEDGATVPIVYEARQIKLAENANHDELFAEIDELLEGEENPKLRLREKLLGSEARLHDLAIDFVQHFAKRNEVVDSKAMMVVSSRQICVDLYNQIIALHPEWHSDNINEGAIKIVMTGSASDASEMQKHVYSKQEKQTLERRFKDPNDPLKVVIVRDMWLTGFDAPCCNTMYLDKPMKGHNLMQAIARVNRVFRNKSRENGGLIVDYVGIADELEKATRQYTNSQGKGKLADSVIDVFFKMKEHLEVIRSLFATPVEGKTFDVQAALEKDNPNDLLMAIRFAANHILSLDQLSFDGKAHEQHWFNKKETEPRKKAFLKTAGLVKKGYMLCGTLAEVEPYNQEIAFYDAVRAILTKREQKGTGTNERQILLKKLVNQTVYSEGVIDLFDLLEKPQPQISLLSEEFLQTVKNSPTKNLWVSAMERYLASEIKVKSGTNLTLQKDFERRLKEALNQYHNHNLTVVEILDELFKMSQDFQERLALGKKLGLTKEELAFYEALSQNQSAKDLMGDEVLSKLAKEITETLRKSVTIDWQYKEAVRARIRLLVRRALQKYKYPPDKQEEAVTYVIKQAEEIAEDLTGL,length1,3183
3,242399,242372,27,MIFNRPLFC,length1,27
3,242684,242657,27,MTEYITNFS,length1,27
3,243530,243524,6,ML,length1,6
3,243857,243797,60,MLSNTTRFACSNFRFTNIVK,length1,60
3,244010,243989,21,MTKFFRY,length1,21
3,245492,245486,6,MA,length1,6
3,246653,246602,51,MHSDILPNIAFKLRQGK,length1,51
3,247022,246959,63,MKPYPKQYLSLYFSNSKKIVY,length1,63
3,247244,247172,72,MSPTSYQAAPPRVRNMCYIIVIKI,length1,72
3,247295,247274,21,MINTRIR,length1,21
3,247514,247505,9,MNC,length1,9
3,248162,248105,57,MSRGLFYSLSIKFLGKNNA,length1,57
3,248276,248186,90,MKTLYFCSLDGNPRKVFQSEELAKQWKEQG,length1,90
3,248462,248456,6,MR,length1,6
3,248588,248576,12,MFAE,length1,12
3,248633,248597,36,MIDTVYVFAPSL,length1,36
3,248900,248876,24,MQRLYQGV,length1,24
3,249419,249341,78,MPLVALVLIDRFALAHDVGFPFQILC,length1,78
3,249887,249878,9,MIR,length1,9
3,250103,250097,6,MR,length1,6
3,250160,250133,27,MILSSCLFC,length1,27
3,250658,250583,75,MNIGDRLTIHRRYLMSLNHVCFYQI,length1,75
3,250886,250853,33,MHQYRLCLFRI,length1,33
3,250988,250973,15,MNQNH,length1,15
3,251780,251699,81,MIQIRHIFLLLPFKCGLRRSELILCLI,length1,81
3,251849,251837,12,MTAF,length1,12
3,252482,252368,114,MQLKHHSLQKYFDRFCLMPSTIPTAPHQSYLQPKVRSK,length1,114
3,253007,252926,81,MHVIFLLAEESKVTQTDYQDLQPLQNC,length1,81
3,253655,253508,147,MIHTSSTRTVWNYLTNTTKINSTAPFTFNLCPYFKTDNFNIVIIIKPVA,length1,147
3,254117,254066,51,MHKSIITEIIIGCSCSA,length1,51
3,254741,254720,21,MPFPIFG,length1,21
3,255053,255041,12,MLAV,length1,12
3,255848,255770,78,MYESCCVRRWCDRFPIAITHCKLGEL,length1,78
3,255974,255956,18,MISPHC,length1,18
3,256331,256268,63,MRLTSSVQFSSHLSTENAQAK,length1,63
3,256460,256385,75,MGFSTALFRISAARFSNGVAPIGSK,length1,75
3,256712,256709,3,M,length1,3
3,257615,257456,159,MPPSTNSGLNCVICTRGSQRLIAVTAQAASCNNNVWLIGRSISIGIKLPYSRR,length1,159
3,257774,257654,120,MDCLMWSLSFFNVSPVYRFILCLCVRGSLAIALFKVDVVL,length1,120
3,258383,258329,54,MPYCWQYCAVWRVWECVE,length1,54
3,258431,258419,12,MLCQ,length1,12
3,258578,258542,36,MFLHSNLFLAHS,length1,36
3,258725,258689,36,MVYFYLLIVSLV,length1,36
3,258893,258890,3,M,length1,3
3,259328,259301,27,MIYRQWRNK,length1,27
3,259712,259670,42,MLAPQEDHFLHNLI,length1,42
3,259856,259742,114,MHHRLNCCLLHVRIDGLYFQHKLQQILVAAIMRLIQRD,length1,114
3,259904,259895,9,MQD,length1,9
3,260000,259994,6,MV,length1,6
3,261164,261158,6,MS,length1,6
3,261377,261323,54,MFINPCLDFIKQIANPVH,length1,54
3,261668,261629,39,MFRQFFYFFNNHH,length1,39
3,262730,262673,57,MLSVLHILSIRCGFLFCLL,length1,57
3,262826,262805,21,MLFILLI,length1,21
3,262856,262835,21,MNRFAFF,length1,21
3,263714,263426,288,MAALEPLKPTETSFPFDRTFKCRAVRSLANMALRLIRPFFFPNSLRGFLGSKAEPSGFCWRAIRFDWLFRKACPIFLPSCLRACGERLAISAINFA,length1,288
3,264104,264083,21,MMRHPLR,length1,21
3,264323,264317,6,MF,length1,6
3,265787,265667,120,MRHQPNLHLRTYRQCVQLRKRIFLMCKTLLMVCRAYQLQS,length1,120
3,265937,265853,84,MGIMGLSIKCGLSSQVISSKPSLRPKWR,length1,84
3,265973,265943,30,MASKLSFCCA,length1,30
3,266213,266204,9,MGQ,length1,9
3,266972,266876,96,MPVLVQGSFQPITSPIHAIIAHGFHRAYRNQR,length1,96
3,267266,267086,180,MARASVNHEIRHNRQSVRRDDIRHSQSPTRTMSSRHYLVYHFRPITPLQSMVDSQAKFAF,length1,180
3,267353,267269,84,MRLCVPSIGCFLNPFDGEQEYGTFCHIP,length1,84
3,267590,267566,24,MIAFWHIF,length1,24
3,268268,268160,108,MCVKVGLFARIGVFLQAVNISGFTCFGVGVGATCHW,length1,108
3,268742,268730,12,MACV,length1,12
3,268979,268808,171,MLCVSSTNSNSVSTAAVKMLSAFSLRLLRGFALAPAENTNISVPRLAGLSVTAKPTK,length1,171
3,269231,269189,42,MCSRLTRAPYFFGS,length1,42
3,269477,269399,78,MSCFCCMPIHRASGKTNIRPLSIMRL,length1,78
3,269684,269654,30,MGRYCACWSG,length1,30
3,270521,270497,24,MEADCEYL,length1,24
3,270698,270686,12,MARL,length1,12
3,271271,271187,84,MGNYELHFKCALWFRRRCIKQQINNIYL,length1,84
3,272504,272465,39,MKNRSQTLATPAH,length1,39
3,272714,272684,30,MVVSLVVSYF,length1,30
3,273110,272798,312,MIKLINPMSQCSAGKLKMPAGESTIFTILKIKLNDLLLEKKLYLVIKNLHLSWLFNPTFGVQIKSAANFFRILLKLNFRLIANQVWSQYQWNDKLALNKNALAQ,length1,312
3,273407,273362,45,MGWLVAKVQRCLVKY,length1,45
3,273632,273533,99,MSPQFDQTYPILALPKSHAPPKKHHPQAVNFCL,length1,99
3,274454,273794,660,MTQLTREQVLELFHQRSSTRYYDPAKKISDEDFECILECGRLSPSSVGSEPWKFLVIQNKTLREKMKPFSWGMINQLDNCSHLVVILAKKNARYDSPFFVDVMARKGLNAEQQQAALAKYKALQEEDMKLLENDRTLFDWCSKQTYIALANMLTGASALGIDSCPIEGFHYDKMNECLAEEGLFDPQEYAVSVAATFGYRSRDIAKKSRKGLDEVVRWVG,length1,660
3,275096,275006,90,MHYSPLGRAKLLHYLHSLKSQWNLQINHVL,length1,90
3,275237,275222,15,MLKLD,length1,15
3,275288,275249,39,MISLRRLYQNSQQ,length1,39
3,275783,275744,39,MLKKRIINDNSTP,length1,39
3,276212,276209,3,M,length1,3
3,276404,276377,27,MDSFWLTST,length1,27
3,276434,276428,6,MV,length1,6
3,276488,276452,36,MGYFTRCALFRF,length1,36
3,276572,276569,3,M,length1,3
3,276854,276821,33,MFALLLCSKIK,length1,33
3,277205,277190,15,MFNGY,length1,15
3,277565,277544,21,MRSSARI,length1,21
3,278783,277925,858,MKNELICYKQMPVWTKDKLPQMFQEKHNTKVGTWGKLTVLKGKLKFYELTENGDVVAEHTFTPESEIPFVEPQAWHRVEALSDDLECTLGFYCKKEDYFSKKYNMTAIHGDVVDAAKIISPCKVLDLGCGQGRNSLYLSLLGYDVTSWDHNENSIAFLNETKEKENLNISTALYDINAANIQENYDFIVSTVVFMFLNRERVPSIIKNMQEHTNVGGYNLIVAAMSTDDVPCPLPFSFTFAENELKEYYKDWEFLEYNENMGELHKTDENGNRIKMKFATMLARKK,length1,858
3,279050,278843,207,MSFALRSAVNSSSVFACKNGLISRSSFKVVGKLGLFSARCVSTKIRCFSTALFSTSTVSANAKFPKVYS,length1,207
3,279242,279230,12,MTSI,length1,12
3,279503,279500,3,M,length1,3
3,279638,279593,45,MRSTFHQINAHFFCP,length1,45
3,279818,279809,9,MPF,length1,9
3,280394,280388,6,MS,length1,6
3,281114,280640,474,MKFEVIYKFFLVWGLALSLLFVVASGISMWLGFPFSQALDIHLFFAGFTVFGLLLHFYSRKKKWVKINTQFADLITNNRMPSYCNLDRLMMTFEHFSIQQIAEQLNLSLPILLNELSQAQINITDSHRTLCENFPLNDEKIFAAITIALKVRFNPTLL,length1,474
3,281588,281576,12,MVPN,length1,12
3,286235,283595,2640,MTDSIQSSITPVNIEEELKSSYLDYAMSVIVGRALPDVRDGLKPVHRRVLFSMDREGNTANKKYVKSARVVGDVIGKYHPHGDSAVYDTIVRMAQPFSLRYMLVDGQGNFGSIDGDAPAAMRYTEVRMQKITQALLTDLDKETVNFSPNYDGELMIPDVLPTRIPALLANGSSGIAVGMATNIPPHNLNEVLNGCLAYIDNNEITIDELMQHIPGPDFPTAALINGRKGIEEAYRTGRGKVYVRARATVETNEKGREQIIVSELPYQVNKAKLVEKIAELIREKKIEGISNITDLSNKEGIRIEIDIKRDAVGEVVLNHLYSLTQMQVTFGINMVALDHGQPRLFNLKEIIESFVLHRREVVTRRSIFELRKARERTHILEGLAVARSNIDEMIAIIRNSKNREEAATAISSRSWTLHSDIINLLDVSARPDELEENLGIQGEQYYLSPAQVNAILELRLHRLTGIAFEEVIKEYEELLVKIADLLHILSSAEHLMEVIREELEEVKAQFGDDRLTEITAASGDIDLEDLIAQEDVVVTLSHEGYVKYQPLTDYEAQRRGGKGKSATKMKEEDFIEKLLVANTHDTILCFSSRGRLYWLKVYQLPQASRGARGRPIVNILPLQENERITAILPVSAYEEDKFVVMATAGGIVKKIALTEFSRPRSNGIIALNLRDEDELIGVDITDGSNEIMLFSSQGRVVRFAENAVRAMGRLATGVRGIKLALTNDISDDESAVEIEDISDDNAEASLDLNIDKVVSLVVPKGEGEILTATQNGYGKRTQLSEYPTKSRNTKGVISIKVSERNGKVVAATQVEETDQIMLITDAGTLVRTRVSEVSIVGRNTQGVRLIRTADDEHVVSLERVCDADEEDSLEESSSEE,length1,2640
3,286391,286388,3,M,length1,3
3,286595,286565,30,MQITIGIKTF,length1,30
3,286865,286826,39,MVKAYGFSTKING,length1,39
3,287072,286964,108,MANTKMFKQGFLYFNNILHNNIRKLAAIRFTRLRIN,length1,108
3,287237,287228,9,MAN,length1,9
3,287327,287297,30,MGKFAAKHQS,length1,30
3,287447,287393,54,MAFKLSVSRLACQEILAV,length1,54
3,288656,288635,21,MTFQFLC,length1,21
3,288725,288701,24,MPFINNRC,length1,24
3,288827,288728,99,MLKYPICIFVFEHPTHGNHFTLDATFKCGQFFR,length1,99
3,288911,288851,60,MPYINDNCWQGFNWYAKIIR,length1,60
3,289166,289163,3,M,length1,3
3,289355,289328,27,MAIHNIGRI,length1,27
3,289511,289415,96,MQCRKGAKFKISQRFCFVFINKSKRGGMCFIG,length1,96
3,289583,289556,27,MGRRIHAYT,length1,27
3,289679,289673,6,MK,length1,6
3,289751,289739,12,MAFF,length1,12
3,290255,290105,150,MAHLFHAFEQAQHWFLPFALKKTRLLAYVHRHLQRNIQTDNSFPLLFQLL,length1,150
3,290354,290312,42,MQPQQLAYYKVYLS,length1,42
3,291221,291200,21,MQAKVMF,length1,21
3,291299,291275,24,MAVNLKQN,length1,24
3,291332,291311,21,MNNQILR,length1,21
3,291536,291506,30,MKTIFKPMQP,length1,30
3,291671,291575,96,MANLLELIPQLFLQAVAMQELPLRFQVIKQAI,length1,96
3,291749,291740,9,MLI,length1,9
3,291767,291764,3,M,length1,3
3,292034,291992,42,MMAANFPLKLSCLH,length1,42
3,292049,292037,12,MAQH,length1,12
3,292112,292061,51,MQKAFKALKSQKFNLIR,length1,51
3,292265,292208,57,MNPPQLHLIFYEVTVISIY,length1,57
3,292928,292919,9,MSC,length1,9
3,293045,293039,6,MM,length1,6
3,293084,293072,12,MQLS,length1,12
3,293159,293093,66,MIRSFNNNGICRWYINTRFDNG,length1,66
3,293213,293186,27,MIKITHHTF,length1,27
3,293642,293630,12,MGTN,length1,12
3,293780,293768,12,MLLS,length1,12
3,294056,293816,240,MIHHSQKGSAHCHFSFTKTHITANKAIHCFWLTHIRNYRINCHFLIVGFFKRKSCSELLKFFTIIFKGKAFCRFTLCINI,length1,240
3,294137,294134,3,M,length1,3
3,294185,294182,3,M,length1,3
3,294416,294299,117,MIKMHNWLPYFQLGKIAYKRVRINRFTFISRTLLNTFAK,length1,117
3,294551,294527,24,MNLFWLEF,length1,24
3,294644,294626,18,MLNKLA,length1,18
3,295130,295034,96,MFGISTDLPKGFTKLCTEKFNPFIIRWKFVRW,length1,96
3,295490,295475,15,MEKRT,length1,15
3,295580,295514,66,MGRKGIIRQRFPIRKYAYILTA,length1,66
3,295730,295718,12,MIIR,length1,12
3,296129,296105,24,MGSCFFVK,length1,24
3,296303,296291,12,MANG,length1,12
3,296690,296552,138,MPFCCQFGCTAIREMRSERSLQAWERFSWKHNACGTRFPFGRRLPC,length1,138
3,297035,297029,6,ML,length1,6
3,297659,297650,9,MGK,length1,9
3,297986,297848,138,MPFRPSNKICSNSCPSKFVAFEKAMPLSPIIKTLSGTSGKVLLIKI,length1,138
3,298337,298334,3,M,length1,3
3,298346,298340,6,MN,length1,6
3,299111,299051,60,MINHQSKCGRHKIWLSFALQ,length1,60
3,300140,300077,63,MTLIIPHKKIRPILLENRAKI,length1,63
3,300539,300467,72,MKFLQCFVFMPMMIIQLCHSHYRF,length1,72
3,300761,300731,30,MMLNIHNNIQ,length1,30
3,301235,301202,33,MNQVRLRLFMI,length1,33
3,301442,301277,165,MMSWEISSVNIISAIYMTSKIIKSNIPLAQKITALTFKTYNFNIILMCHSPILKS,length1,165
3,301496,301487,9,MWR,length1,9
3,301640,301571,69,MWMKKSKPTHLHLINPKRTKMIP,length1,69
3,301793,301778,15,MAKRF,length1,15
3,302357,302354,3,M,length1,3
3,302705,302678,27,MMGSKSFGC,length1,27
3,303230,303221,9,MLK,length1,9
3,305558,305408,150,MPLFSLHQAPLLALKFLLIYHNDNLVLLYLAFELPHHYCLSSLLEFDRIA,length1,150
3,305645,305642,3,M,length1,3
3,305951,305930,21,MDRDCWN,length1,21
3,306683,306665,18,MPPWRG,length1,18
3,307061,307055,6,ML,length1,6
3,307205,307067,138,MLVRQINNKVPQHPFVRLAKIIATSHLRRIHALIAIQQVPNGIRKG,length1,138
3,307229,307226,3,M,length1,3
3,307592,307568,24,MRRFIHSH,length1,24
3,307805,307778,27,MWIALFDDL,length1,27
3,307919,307859,60,MRKQCNCRFNTKTMNFFCCH,length1,60
3,308393,308390,3,M,length1,3
3,308978,308921,57,MRSHTFNHILRKRTSRRTT,length1,57
3,309383,309269,114,MLVIMEYRNIHSLTQFLFDIEAFRCFNIFKIYPTESWL,length1,114
3,309959,309950,9,MRK,length1,9
3,310127,310094,33,MICTSRLIPLL,length1,33
3,310322,310292,30,MKNGNFARHE,length1,30
3,310556,310523,33,MGKNITINSIT,length1,33
3,311057,311021,36,MVTSHHFAKTSL,length1,36
3,311630,311537,93,MAWRLVSFFGGLLVIVSDENRSFYSVLLWVH,length1,93
3,311897,311861,36,MRFFTLFRLWDY,length1,36
3,312137,312101,36,MAFPSISSVISL,length1,36
3,312365,312347,18,MQWHQL,length1,18
3,312788,312692,96,MQNQNSRNHKMANKINDVGKNTVRINRTFHTI,length1,96
3,313325,313283,42,MRHCLLFRLQRKNK,length1,42
3,313508,313466,42,MKPILTALRYMNVT,length1,42
3,314048,313919,129,MQSNSSRVPKRTLCQHCAICHADLLRIKYTSSRTYTCRVTHTY,length1,129
3,314105,314087,18,MGVAGV,length1,18
3,315434,314183,1251,MLEQMGKQAKDAAFILAQLTTAEKNCALSIIAEQLQQQAPLILAENAKDIELAKQNGLSDALIDRLLLTQERLQSIANDVRHVISLADPVGKIIDGGTLDSGLKIERVRTPLGVIGTIYEARPNVTIDVASLCLKTGNAVILRGGKETQFSNKILIEVVQNALEQAGLPKFAVQAITDPNRELVMQLLKLDRYVDMIIPRGGSGLHELCKQHSTIPVIVGGVGVCHTFVEKSADQNKAIFVIDNAKTQRPSTCNTLETLLVQHSIAEEFLPKLVSHLATKNVKYHAKSTALNILKQAGANVCEVTEKELRKEWGSLDLNVVVVEDIHAAIEHIRQYGTQHSESILTSSQNLARQFINQVDAAAVYVNASTRFTDGGQFGLGAEVAVSTQKLHARGPMGLEALTSYKWVCEGEYTVRK,length1,1251
3,315563,315494,69,MRTFSLSLFVRFTQVIKEFFHTV,length1,69
3,315923,315896,27,MFSHVNHNI,length1,27
3,316280,316034,246,MNSSFSMTTATRFFNFLTATVTSWTNTFRYEETLLTTNSTRTVAMRTSFHFRTFFSPRATTAITMCKSIDLNIFGCTFYGFF,length1,246
3,316577,316562,15,MMFRR,length1,15
3,316838,316727,111,MLRRAVNYLLSFTSSNSASTTPSSFADDCCGCSPPAC,length1,111
3,317525,317447,78,MVSIPKDNGVTSNKRTSFTSPFNTPP,length1,78
3,317828,317801,27,MYGRFTSVD,length1,27
3,317942,317939,3,M,length1,3
3,318080,318044,36,MIEISNVPPPKS,length1,36
3,318203,318152,51,MIRLTSKPAILPASIVA,length1,51
3,318665,318536,129,MIDGVVRAPSAFSITRALSPSITATQEFVVPKSIPIIFPILYS,length1,129
3,319007,318986,21,MVYREKS,length1,21
3,319610,319595,15,MAIYL,length1,15
3,320624,320456,168,MVNWWAKAHPTTIKCGKFSLQFKLTALLNTLHNLVRQFPHLVQIKLKLKENLQSFD,length1,168
3,321098,321029,69,MECNILLVILANKKTQKNYRTFK,length1,69
3,321122,321107,15,MAKLI,length1,15
3,321191,321137,54,MKIHYLYLKKSSKIYKIC,length1,54
3,321230,321194,36,MFVKSKYCRIRV,length1,36
3,323936,321278,2658,MSEILKNDIDPIETQDWLQSLDSLIREEGVERAQYIVEQVIGQARTSGVSLPTGVTTDYVNTIPVAEQPAYPGDHAIERRIRSAVRWNAIAMVLRSQKKDLDLGGHISTFQSAATMYEVCYNHFFKAATEKNGGDLIFFQGHAAPGMYARAFLEGRLTEEQMDNFRQEAFTDGLSSYPHPKLMPEFWQFSTVSMGLGPVNAIYQARFLKYLDNRGLKDTKDQKVYAFLGDGEMDEIESKGALTFAAREKLDNLIFTISCNLQRLDGPVNGNGKIVQELEGLFTGAGWEVIKVLWGSDWDKLFAKDTSGKLTQLMMEVVDGDYLTFKSKDGAYIREHFFGRYPETAALVADMTDDEIWALRRGAHDSEKLYAAYAKAQNATKPVVILAHQVKGYKIPEAESKNTAHQSKKMSYESLKGFRDFFELPLTDEQVEKLEYIKFAEGTPEYEYLHGHRKALNGYVPARRTKFDVEYKVPALEEFKALLEEQPRGISTTMAFTRALNILLKDKNIGKTIVPMIADEARTFGMEGLFRQVGIYNPHGQNYVPSDRDLVAYYREAKDGQVLQEGINELGATASWLAAANSYSVNNQPMIPFFIYYSMFGFQRVGDMMWAAGDQLARGFMVGGTSGRTTLNGEGLQHEDGHSHIQAGVIPNCVTYDPSFAFEVAVIMQDGINRMYGEKQEDVFYYMTTLNEVMDQPAMPAGAEEGIRKGLYKFETVEGKKGKGHVQLLGSGAIMRHVREAAQILANDYGVTSDVFSAPSFNELAREGHDAARWNLLHPTETQRVPYVAQVLADLPTVASTDYVKGYADQIRAFVPSKHYHVLGTDGFGRSDSRANLREHFEVDARYVVVAALSQLAKEGTVSNQVVADAIAKFGLNVDRINPLYA,length1,2658
3,323975,323942,33,MKTAVKKHCVL,length1,33
3,324050,324038,12,MKLP,length1,12
3,324269,324251,18,MSLLLQ,length1,18
3,324326,324275,51,MRLLHQWLLPHQRLQLL,length1,51
3,324368,324335,33,MCQILVAMKSM,length1,33
3,324791,324761,30,MHTQHQLFVV,length1,30
3,324878,324875,3,M,length1,3
3,324938,324899,39,MKAVQQHKLLAMV,length1,39
3,324956,324944,12,MVLD,length1,12
3,325145,325139,6,MR,length1,6
3,325268,325256,12,MLNA,length1,12
3,325322,325316,6,MA,length1,6
3,325346,325343,3,M,length1,3
3,325514,325502,12,MRQK,length1,12
3,325670,325625,45,MVQMELVSLAILALF,length1,45
3,326912,326909,3,M,length1,3
3,327014,326984,30,MFRRYDEVNL,length1,30
3,330014,327950,2064,MSYQVLARKWRPKTFADVVGQEHIITALANGLKDNRLHHAYLFSGTRGVGKTSIARLFAKGLNCVHGVTATPCGECENCKTIEQGNFIDLIEIDAASRTKVEDTRELLDNVQYKPVVGRFKVYLIDEVHMLSRHSFNALLKTLEEPPEYVKFLLATTDPQKLPVTILSRCLQFHLKALDETQISQHLAHILTQENIPFEEPALVKLAKAAQGSIRDSLSLTDQAIAMGDRQVTNNVVSNMLGLLDDNYSVDILYALHQGNGELLMRTLQRVADAAGDWDKLLGECAEKLHQIALMQLLPQKSSDDNEHFSFLAKHISPEDVQFFYQVIVSGRKDLSNAPNRRIGAEMTLLRALAFHPKFLTAVPKTNTTITPPPSTPSAVENTGNYVDVPVLSQSIKSAYSQAKPNKTSIPNLASLSALDALEHLTQLENQERQEHKAESLAVVSETLHHIQELDEEKSHKKMTALPVREMTEPKPKHIEKPTSPPNAAQAPQENSTEENSSDDNAEVAQDEQEILSADTYRWEWSNPELAKADTGVRPSDIKQAILKDITPELRLKIITQTQQQDEWADIVERSGVTGFSKELALNCFLQSKTDDEINLGLHSEKSHLRQDRSIKNLVEALSKLQGKDIRLTINLDDSNVATPIEYRRNIYQALREKAQNELQKDSKLQMLLNEFDAKLDVESIRPV,length1,2064
3,331172,331130,42,MVFKLGVLRLRWAV,length1,42
3,331364,331343,21,MLITTQY,length1,21
3,331538,331511,27,MHLGSVCPN,length1,27
3,331721,331694,27,MASLLLQLL,length1,27
3,331769,331748,21,MRKLLVL,length1,21
3,332000,331961,39,MLPKRVIYVLFLL,length1,39
3,332051,332033,18,MWVTYH,length1,18
3,332123,332117,6,MK,length1,6
3,332495,332486,9,MLR,length1,9
3,332543,332525,18,MGISYF,length1,18
3,332993,332906,87,MCLFNHPPDNLTLNPFCSNNCLSKSRFSP,length1,87
3,333953,333941,12,MLPH,length1,12
3,334085,334016,69,MGNSTIAYEFDNHNLYNDKAMFA,length1,69
3,334910,334865,45,MHDQLRLENETDYQV,length1,45
3,335975,335951,24,MLQPLHLE,length1,24
3,336278,336257,21,MDLLQVV,length1,21
3,336641,336623,18,MGGYFY,length1,18
3,336980,336956,24,MHRTQLSF,length1,24
3,337217,337190,27,MHEHRLTQL,length1,27
3,337583,337541,42,MILQKVEQKILTYK,length1,42
3,338234,338228,6,MQ,length1,6
3,338321,338264,57,MHSPTFQPTHNKASLSQHH,length1,57
3,338531,338438,93,MFCMAYLIKLISQALGKRKLPFKLFLKFQKI,length1,93
3,338771,338711,60,MPFNIYAFFQTCSKDFSTLQ,length1,60
3,339236,339194,42,MWCQGFGRGLASYR,length1,42
3,340262,340259,3,M,length1,3
3,340388,340325,63,MRADNFHQKTEQLLDLKPNAR,length1,63
3,340658,340529,129,MRTESSMKAPTAWILRLPKYYIKQPFSCSLPIHDKSITLQCHI,length1,129
3,341036,341033,3,M,length1,3
3,341303,341300,3,M,length1,3
3,341363,341333,30,MPFPPILIIK,length1,30
3,341681,341417,264,MNLDTVCINLSLKCCGKKKNFLPMRSTFDFKEKSFGSQCVPNFLMTQKVSLPYFAAMSNASRWIYSPEMGSTSKFTNMWRRISLNTEV,length1,264
3,341966,341957,9,MPK,length1,9
3,342146,342095,51,MQDEPITEWGSRPNGLS,length1,51
3,342260,342206,54,MSWIPSIRIVLMTTISRS,length1,54
3,342419,342353,66,MFQNSSRVAGRTTARAFPVPNR,length1,66
3,342506,342497,9,MSC,length1,9
3,342587,342581,6,MF,length1,6
3,342884,342776,108,MPNERNIQNYHSTYNNIRDWLGYQKAGEEKAKSTIN,length1,108
3,342992,342986,6,MI,length1,6
3,343061,343025,36,MNSIFCFFHIIF,length1,36
3,343199,343151,48,MIDYQHILRENGIQSM,length1,48
3,343331,343313,18,MTELSP,length1,18
3,343685,343613,72,MTLFSRRTRQFNTKNFRKSSLHKC,length1,72
3,343931,343892,39,MTYRSWCIRTSGC,length1,39
3,344066,344054,12,MEFL,length1,12
3,345026,345008,18,MCHLSP,length1,18
3,345563,345476,87,MFELKDYLVSVMYLKLGLTYFFQSKVNIL,length1,87
3,345653,345647,6,MR,length1,6
3,346214,346193,21,MKTRVTD,length1,21
3,346349,346280,69,MRFFLFVMIVQSKKWLLNAVMDQ,length1,69
3,346385,346361,24,MASIFCCN,length1,24
3,346598,346544,54,MMEQRCLFYYKANVLKNV,length1,54
3,346706,346679,27,MQMQVLNFI,length1,27
3,346850,346835,15,MMRKN,length1,15
3,346934,346892,42,MPMKSHKINYVHWI,length1,42
3,347159,347057,102,MYNVVKIILIKLGLYCVQRILALLIMPLMKVMQL,length1,102
3,347351,347246,105,MLIQIMQPQRCSQKNCLHCLISNKRMCHKLVYSCH,length1,105
3,347450,347360,90,MDKFLVQPFNRVLTTRKVTQPFQCKCLIPQ,length1,90
3,347537,347534,3,M,length1,3
3,347585,347573,12,MCLH,length1,12
3,347726,347588,138,MPHHILVRFLNFVITDFLQKMKLNLPPIKCGTMACVIHLSQCRKMI,length1,138
3,347771,347744,27,MPLMYVGSN,length1,27
3,347819,347783,36,MRISVTTICLRM,length1,36
3,347870,347864,6,MP,length1,6
3,347999,347939,60,MPVLEQAQVRQTLIPTSSHR,length1,60
3,348179,348107,72,MQWVQMRGCSLINLMNYAKCQAIA,length1,72
3,348236,348221,15,MLNAI,length1,15
3,348320,348257,63,MVQLYQLQTNVFFKTSARGEL,length1,63
3,348395,348389,6,MW,length1,6
3,348569,348512,57,MVRCRKFMACKTKYELRRC,length1,57
3,348629,348620,9,MDS,length1,9
3,348683,348644,39,MAFYNVTKSKRYL,length1,39
3,348779,348764,15,MFIRR,length1,15
3,349877,349298,579,MTLSPLKKLAILLGATIFLQGCVAAVIGGGAVAAKVATDPRTTGTQIDDETLEFKVENAVEKDAQIKAEGRVNAVSYNGRVLLIGQVPNSDVKDTATALAKGVEGVNEVYNELTVSPKISFAQISKDSWLTTQVKSKMFVDGRVKATDVKVISENGEVFLLGNVTQSQANAAADIASKISGVKKVIKVFKYLD,length1,579
3,350255,350237,18,MFLFLK,length1,18
3,350339,350282,57,MKAFALQTSTKPLLKQPQI,length1,57
3,350459,350414,45,MVISIPLVYTITSKN,length1,45
3,350492,350477,15,MIKRY,length1,15
3,350555,350495,60,MIILVKNGTQWTASSIIGVI,length1,60
3,350576,350567,9,MLQ,length1,9
3,350711,350708,3,M,length1,3
3,350813,350726,87,MPHRLSKFPYLHQLWRVCVHQLVSSALAY,length1,87
3,350834,350825,9,MTV,length1,9
3,350867,350846,21,MQQHQLL,length1,21
3,350924,350873,51,MFHNVQGLVLMQGLFVH,length1,51
3,351149,351137,12,MASS,length1,12
3,351272,351212,60,MYLDFMKHSLRIKINLKNFT,length1,60
3,351539,351494,45,MKMGKLHFVHFPLLT,length1,45
3,351566,351560,6,MN,length1,6
3,351611,351602,9,MPY,length1,9
3,351749,351692,57,MRITLRKMVFAILMVQPTI,length1,57
3,351893,351839,54,MKPLMQKAFYRLIPIRKI,length1,54
3,351902,351896,6,MP,length1,6
3,351980,351923,57,MIGKVYVKIFKNLVYVTQH,length1,57
3,352058,352022,36,MRLMVLSHRVDT,length1,36
3,352088,352079,9,MVS,length1,9
3,352118,352109,9,MKI,length1,9
3,352175,352130,45,MNYFGIFQVMTATYT,length1,45
3,352265,352229,36,MIQNVLKTAKYQ,length1,36
3,352517,352352,165,MFKKILMTAVLVVLAKFKRPYCLPQLMGKIARHNELGYFPQSLIVSPDKQGKLNK,length1,165
3,353675,352547,1128,MAYTTFSQNKNDQLKEPMFFGQNVNVARYDQQKYETFEKLIEKQLSFFWRPEEVDVSQDRIDYAALPEHEKHIFISNLKYQTLLDSIQGRSPNVALLPLVSIPELETWIETWTFSETIHSRSYTHIIRNIVNDPSIVFDDIVTNEEIIKRAQDISSYYDDLIRDSQLYGLYSEGTYTVDGKECVVTLRSLKKQLYLCLMSVNALEAIRFYVSFACSFAFAERRLMEGNAKIIKFIARDEALHLTGTQHILNIMAAGQDDLEMAEIAEECKQEAYDLFVAAAEQEKAWADYLFKDGSMIGLNRDILVQYVEYITNIRMQAVGLPLPFQTRSNPIPWINAWLVSDNVQVAPQEVEVSSYLVGQIDSKVDTNDFDDFSL,length1,1128
3,355634,355598,36,MAINGRRILRKD,length1,36
3,355649,355646,3,M,length1,3
3,355913,355883,30,MVKVFGSVVA,length1,30
3,356168,356129,39,MVSAMPQSSNFSP,length1,39
3,356516,356495,21,MMLYIIG,length1,21
3,356792,356768,24,MRIVPPTL,length1,24
3,357491,357476,15,MVSRL,length1,15
3,358406,358367,39,MIFIVLLLCQENN,length1,39
3,358445,358442,3,M,length1,3
3,358631,358577,54,MDCSAFLAQWLCKIRVQR,length1,54
3,358751,358652,99,MGVILFELKKSMFHNPREGNRYDQFRLEIIHRP,length1,99
3,359171,359165,6,MR,length1,6
3,359411,359261,150,MAKTLIQLLSSLLQIIAQKLPHFQIPRVAKGYPFQSSSDLRVNVERHIGF,length1,150
3,359762,359711,51,MNDVRQSIEIIFFVLLN,length1,51
3,361442,361391,51,MIELFGDINDFLPLNFV,length1,51
3,361544,361529,15,MNTTN,length1,15
3,361793,361547,246,MLENEHFVCNISNLTKYHLITHHKPIRLVVLPMPMFLVKLPTILKYRLPPLPHNHVTIDELPHCQSITGHIYEKHINARVKA,length1,246
3,361934,361844,90,MFVFLPLNVADPHKWLLQALFFLRMTNGKD,length1,90
3,361952,361946,6,MI,length1,6
3,362045,362009,36,MIRRIMITLRCF,length1,36
3,362807,362789,18,MIIPRR,length1,18
3,363170,363128,42,MFFPDTFSKVSLAA,length1,42
3,363512,363347,165,MILSPGCSFLLRSAGAPGTRDLMLISSSSDCKVVPMPSKERFILSLKLFAVLGER,length1,165
3,363611,363599,12,MAKL,length1,12
3,363761,363674,87,MSFFTRASQSLFASASVCGAAAFSRSISI,length1,87
3,363878,363851,27,MSNAAERSP,length1,27
3,364178,364103,75,MSLGFNVGCTANAGIALLKHTDNHA,length1,75
3,364853,364799,54,MIAFALVNFCTSVCTSVT,length1,54
3,365045,364961,84,MLNKFHTKITPRLHKYVKTTIEWHVFDL,length1,84
3,366311,365231,1080,MIALSILILMPFSLNYPLLSLHLLGIKIDASIWDGIWKMAVGGYEYTAFMIFICAVVMPITFALLVIMLWLAKIFQIKPRSVLLFLGYIKAWVMFDVYLVALGVTIFKVREYATLEINIYLIPFIFTALLTTLLFIKLNLSALWQEFYPECTPVYTKQAVELCPACHYTFTQKSIYYDHQQKICCPRCQSPLNTSDKLKLQATWATLIAGIIMLFPANLLPISGIYLTGALSEDTLISGVISFVKSGSYFVAFVVFFASIFVPISKIFIMLYLLACVHFKWQHSIKWQMRLLHLVHFVGRWSMLDLFVLALMMSLVTRGEIINFTVGPGAFYFGAAVFCTMLSTSQFDSKLIWKIYDREK,length1,1080
3,366458,366410,48,MYRGNFILPNCERTRY,length1,48
3,367799,367748,51,MVTRWCSSTNKTSSGKS,length1,51
3,368990,368948,42,MKIFNLHLNELGCR,length1,42
3,369107,369011,96,MLLYRSLLLQSNARLDWFVLFSRTELWILKNP,length1,96
3,369800,369566,234,MPTYRLFEQGVHAPLPQWQNHLLIEWHQRQLIHEFEQKIKYLTSYFSSAIKWPDFPPHFSNRRTFSITMSFCTALHIS,length1,234
3,369881,369803,78,MVKAATLAAVSASISTPVFPVNLQRD,length1,78
3,370151,370073,78,MVTMASAWASRTVSAFAETSTILASP,length1,78
3,370373,370292,81,MISYTSIADMQIMMFTFALKCGKNTSL,length1,81
3,370463,370445,18,MKFTFC,length1,18
3,370589,370544,45,MREYFSRTISVRFML,length1,45
3,370772,370640,132,MEFIKETIHFARLHQLNKAHLNWAIFHPSEKLFKFFIIQIFHQN,length1,132
3,370973,370862,111,MEHFRIKAINTNVNRRNPCLLPISHIFCHAIAVCRDG,length1,111
3,371114,371099,15,MDNFF,length1,15
3,372398,371729,669,MSFAQQKLSELAVSIPGATKIFREYDLDFCCGGSVLLEVAAQQKNLNLAEIEKRLTDLQQSKAENNDKDWTSASYAEMIDHIITRFHNRHREQLPELITLAEKVENVHGDRDDCPVGVAAQLEKIYAELSQHLMKEEQILFPMIKMGNYAMASMPIRVMEMEHDEAGQDVEVIKSLTNNCTPPADACFSWKALYSGINEFIDDLMHHIHLENNILFPRVLNEK,length1,669
3,373598,373595,3,M,length1,3
3,374678,374498,180,MITNSSMLLLSKNEVTTNIAYLSPTYCPINNSSLSSINTVIWSQRRNYSTTSKVNFSPIQ,length1,180
3,374948,374834,114,MVSSFIFHLSSFIFHLSSFIFHLSSFIFHLSSFIFHMK,length1,114
3,375008,374981,27,MKRELNERK,length1,27
3,379514,375050,4464,MNKIYRLKFSKRLNALVAVSELTRGCDHSTEKVSEKPVRTKVRHLALKPLSAILLSLGIVSIPQSVLASGLQGMSVVHGTATMQVDGNKTTIRNSVNAIINWKQFNIDQNEMVQFLQESNNSAVFNRVTSDQISQLKGILDSNGQVFLINPNGITIGKDAIINTNGFTASTLDISNENIKARNFTLEQTKDKALAEIVNHGLITVGKDGSVNLIGGKVKNEGVISVNGGSISLLAGQKITISDIINPTITYSIAAPENEAINLGDIFAKGGNINVRAANIRNKGKLSADSVSKDKSGNIILSAKEGEAEIGGVISAQNQQAKGGKLMITGDKVTLKTGAVIDLSGKEGGETYLGGDERGEGKNGIQLAKKTSLEKGSTINVSGKEKGGRAIVWGDIALINGNINAQGSDIAKTGGFVETSGHDLFIGDNVIVDAKEWLLDPDNVSIDAPAGRNNTSEEEEYTSGMGDISSPKKNNQSKSTLTNSTLETILKRGSFVNITATRKIHVNSSINLSNGSLTLHTQSDGIEINADITSNSSTGANLTINSGSWVDIHNNITLGKGFLNITSKGSVAFEKSGKDKNRQATDATITAQGTINITGENTEFRLNNVSLNGTDKGINIISRAGNHTHKLTGEINITGNVTINQTSNDKFYKVSHDSFWNVSALNLAENANFTFIKYAQSNSSGTGNDRRSFAGVIFNGLDNNMSFNIAQGANVRFKLKPNERTDKNVLPIRFKANITATNKGSVLFDIYANLWGKGASLEMDTINISGGSKFAIKSHVRNHNAFEINKDLTINATGSNFTLEQSADQYNNMYPKKAINSTHNLTILGGNVTLGGQNSSSSISGNVTINNGASVTLKAYNDAGNASAGPKNITLGNLSVGGELSLVGASANINGNLSVKENAKFKGETQDNLNITGTFINNGDSKINISQGVVKLGNVTNDGSLNITTHAKGNQKSIIRGDIINKKGSLNITNNGRDTEIQIGGNISQKQGNLTISSDKINITQQITIKKGIDGESSVPDVTANLTIKTKKLELTKDLNISGFNKAEIVAKDNSDLIIGNTGSTDAKKVSFNQVKDSKISAGSHNVTLNSKVETSNGNNDAESNNGDSTSLTINAKNVTVNNNINSHKTVNITASENVTTKAGTTINATTGSVEVTAKTGDIKGGIESTSGSVTLTATGATLAVGNISGNTVTITADSGKLTSTAGSTINGTNSVTTSSQSGDIEGTISGNTVSVKATSDLITQSGSKIEAKTGEANVTSATGTIGGTISGNAVNVIANTGSLTVEGAAKIEATRGAATLTATKGTLTTAADSSISAASGILTINAKDAKLDGAASGNHTVVNATNASGSGSVTAKTSSSVNITGDLNTVNGLNIISKDGRNTVRLRGKEIEVKYIQPGVASVEEVIEAKRVLEKVKDLSDEERETLAKLGVSAVRFVEPNNAITVNTQNEFTTRPSSQVTISEGKACFSSGNGAAVCTNVADDGQP,length1,4464
3,379757,379739,18,MQKKRF,length1,18
3,379931,379928,3,M,length1,3
3,379979,379958,21,MAISCLS,length1,21
3,380174,380087,87,MKMVASGSICVNLIWQKKTRLRLPVYITN,length1,87
3,380291,380252,39,MIISVQGSLTINV,length1,39
3,380318,380309,9,MPI,length1,9
3,380339,380327,12,MMMC,length1,12
3,380363,380360,3,M,length1,3
3,380390,380384,6,MR,length1,6
3,380540,380459,81,MLILMISTAYQVRLIVNYQKVNLSLRI,length1,81
3,380747,380702,45,MDVSNLPLKQSLILI,length1,45
3,380963,380957,6,MV,length1,6
3,381023,381017,6,MN,length1,6
3,381077,381062,15,MRFMM,length1,15
3,381152,381104,48,MLKLTAKICTRYHLQV,length1,48
3,381236,381191,45,MLLLLVAWQMPIMTI,length1,45
3,381287,381239,48,MATKNAQAHLQPSGVD,length1,48
3,381431,381356,75,MLYPPIYSLYATLFLPLYIKQTKQC,length1,75
3,381455,381446,9,MIN,length1,9
3,381521,381473,48,MCHGDTGDFDTRDLII,length1,48
3,381689,381650,39,MLLKKIMSLLAAN,length1,39
3,381872,381713,159,MLILEAFTILNLTHPLSWHIYPKNYSFILPLVSLMQLQHSFPTPNWQFLKKGR,length1,159
3,382058,382049,9,MSI,length1,9
3,382214,382067,147,MRYGQGINNFVLHCVLRCNLHVLLVPHLRFIKERWFYSGFLKNSPKLLI,length1,147
3,382271,382217,54,MNCLQISFMMYICTAVMI,length1,54
3,382304,382289,15,MLSVH,length1,15
3,382517,382499,18,MRALIT,length1,18
3,382751,382742,9,MSS,length1,9
3,382886,382757,129,MIMWAVKIVSAKPFYAYPKMPYLMYLLHSPHKKWIMYSEKTLK,length1,129
3,383054,383027,27,MSNGLLKAI,length1,27
3,383165,383063,102,MPLHIPTHLITIIWQYCVIAICYSIRFLSVILTA,length1,102
3,383255,383213,42,MKFMSILMRVYLNA,length1,42
3,383459,383438,21,MNGNEST,length1,21
3,383642,383609,33,MAEILAKTGRN,length1,33
3,383765,383747,18,MLKIYR,length1,18
3,383906,383867,39,MSSDGDWITNYVV,length1,39
3,385199,385175,24,MIAQYYTN,length1,24
3,385394,385337,57,MVKASSINKPYSGRISELL,length1,57
3,385526,385460,66,MLQLGCLECVYAEINIAFRLQT,length1,66
3,385658,385601,57,MDLQNRQTCAERRNCQTAV,length1,57
3,385862,385817,45,MLDGFIYKQIFIYCD,length1,45
3,386030,386000,30,MSIKISKMKI,length1,30
3,386420,386384,36,MSIPLKFFRHFG,length1,36
3,386609,386546,63,MRITILYKIFFSIFPILWLNM,length1,63
3,386870,386858,12,MVGS,length1,12
3,386903,386888,15,MLGES,length1,15
3,387017,386999,18,MLLLLY,length1,18
3,387095,387020,75,MIHLLNSPQLVQQNVLHRALQYECN,length1,75
3,387356,387284,72,MKFAILRNLAHHVFVAQRVLQLLL,length1,72
3,387365,387359,6,MA,length1,6
3,387455,387428,27,MNYIDSLVL,length1,27
3,387608,387527,81,MEIFLLLDQIDNEPFHPFYSNFLVRLQ,length1,81
3,388049,388004,45,MHLLMLLMLLIFSFE,length1,45
3,389423,388745,678,MAMNNILGLFAHSPLKPLQKHSEKVTECSDLLIPFFQTTFSKNWEQAEEKRLEISQCEREADSLKREIRLKLPRGLFLPIDRTDLLELVTQQDKLANYAKDIAGRMIGRQFGIPEEMQEEFLHYVKRSLDAIHQAHRVIEEMDKLLETGFKGRELKLVNDMIQELDSIEDDTDQMQIKLRKMLYTIESRYNPIDVMFLYKIIEWVGVLADQAQRVGSRIELMLARS,length1,678
3,390710,389450,1260,MEIISQYGSWLVWITAAFGFFMAFGIGANDVSNSMGTSVGSGTVTAKQAIIIALIFESAGAYLAGGEVTQTIKSGVIDPIQFVDTPDILALGMLSTLFASGAWLFIVTKMGWPVSGIHTIIGAIIGFACITIGPSSVDWSNIGSIVGSWFITPVISGILAYAIFASTQKLIFDTEQPLKNAQKYGPYYMGITVFVLCIVTMKKGLKHVGLNLSNSETLIISLAISLIGMFFFHFYFKSKIFTQSANKGTFGAVEKVFSILMLLTACAMAFAHGSNDVANAIGPLSAVVSIVNEGGKIVSGGALTWWILPLGALGIAVGLITMGQKVMATVGSGITDLTPSRGFAAQFATAMTVVVASGTGLPISTTQTLVGAILGIGFARGIAALNLTVIRNIISSWIVTLPAGAFFAIIIFYVLRTIFN,length1,1260
3,390779,390761,18,MFKGKK,length1,18
3,390872,390833,39,MLLMRKPNMLLKI,length1,39
3,390953,390947,6,MY,length1,6
3,391184,391109,75,MAIGNNVPSKCNVEPNKLSNKVRIF,length1,75
3,391319,391259,60,MQVNEKLRSNGLFMAVQYWA,length1,60
3,391397,391349,48,MYYQNVAVVMVGHNHE,length1,48
3,391646,391568,78,MRLPEQNVNLAQVTLALFVISPQQSH,length1,78
3,391742,391724,18,MAENKI,length1,18
3,392054,392027,27,MPFMGCQIQ,length1,27
3,392246,392177,69,MILARLLHLKIFFLIIMGMNKLA,length1,69
3,392441,392393,48,MCGENHNAFKNFYKYV,length1,48
3,392531,392525,6,MK,length1,6
3,392588,392534,54,MYSKLLLMDLRNKQSKMN,length1,54
3,392702,392690,12,MRAY,length1,12
3,392921,392831,90,MATTFTKDSKNSILSSQRTNWLYQSYRTFF,length1,90
3,392966,392933,33,MAIPKSKILYT,length1,33
3,393254,393221,33,MDGRLSNLSLK,length1,33
3,394289,393338,951,MNTLMKSHQFSTALCQNTTQSNGQPLRFPSPAKLNLFLYINGKLPNGYHELQTLFQFLDFGDWLDISIREQDNQIVLTPEIPNLKTENNLIYRAAKLLQEKANIQLGANIHLDKILPMGGGVGGGSSNAATALVSLNYLWQANLSIDELAKLGLTLGADVPIFVYGQAAFAEGVGEKITYCEPAEKWFVILKPDDSISTAVIFQDPNLPRNTPKKSLEQLLSEPYKNDCEKVVINHYSNVEKALNWLLQYAPARLTGTGACVFAEFDHEAEAQAVFRQKPEAFFGFVAKGLNVSPLHAMLKQLSSTHTHRQSKPEVL,length1,951
3,395726,395690,36,MDEMKEGYTNPT,length1,36
3,395852,395843,9,MGV,length1,9
3,395990,395954,36,MQRNRSLAVMDK,length1,36
3,396266,396245,21,MDRPPFQ,length1,21
3,396479,396392,87,MGDFLSVFRLNPLLKGFHQYHALVPRERY,length1,87
3,397154,397133,21,MLQRQAD,length1,21
3,397631,397550,81,MWNKPICTTECVTKWHTNYPIRKKGNV,length1,81
3,398012,397973,39,MACDNSCTQRRKH,length1,39
3,398405,398402,3,M,length1,3
3,398561,398537,24,MGNAMALA,length1,24
3,399008,398993,15,MFNCN,length1,15
3,400190,400160,30,MGINTQEIIF,length1,30
3,400379,400331,48,MVQNIRKCGQNFRRNF,length1,48
3,400649,400643,6,ML,length1,6
3,400703,400700,3,M,length1,3
3,400802,400769,33,MRFFVISIANQ,length1,33
3,401063,400970,93,MQHTNHFCPFFIYGYGIKIIHFNHFFRANWV,length1,93
3,401315,401243,72,MEIFVCNHTFNSKIILICCRLWIG,length1,72
3,401645,401630,15,MTTIF,length1,15
3,401993,401984,9,MPV,length1,9
3,402080,402056,24,MFRIKLKI,length1,24
3,402179,402176,3,M,length1,3
3,402536,402419,117,MTLLRKSLNHECKQVCQTIYCFLNPPQSCQHNLYNLITS,length1,117
3,402701,402629,72,MFECSIIKSHSRACHFSLFITLLS,length1,72
3,403040,403034,6,MN,length1,6
3,403136,403055,81,MWKSSLLIVRLINFLNLLKMHKKMAIK,length1,81
3,403337,403325,12,MLDC,length1,12
3,403496,403364,132,MQNCFHACNLSVKAKRVMCLIIPIHAHKNIFRSDRTFKVRLFFS,length1,132
3,403580,403547,33,MYLATDNSAEC,length1,33
3,403622,403610,12,MLNP,length1,12
3,403703,403631,72,MRQFLTYLKMRSSRQKLNAGKKHL,length1,72
3,403760,403745,15,MYLDY,length1,15
3,403829,403793,36,MNSIFLPRLGVY,length1,36
3,403979,403850,129,MMFSKLLARKSSSNVEQADMMGVVNGLSAMKTKRTSLMTYLVK,length1,129
3,404024,404009,15,MKFLL,length1,15
3,404108,404042,66,MAKSVFIPLRITCNKMVFCVTV,length1,66
3,404186,404117,69,MHFLNNPHNKNKLKQCSAKLWIS,length1,69
3,404201,404192,9,MWV,length1,9
3,405932,404744,1188,MFEHIKAAPADPILGLGEAFKSETRENKINLGIGVYKDAQGTTPIMRAVKEAEKRLFDKEKTKNYLTIDGIADYNEQTKALLFGKDSEVIKSNRARTVQSLGGTGALRIAAEFIKRQTKAQNVWISTPTWPNHNAIFNAVGMTIREYRYYDAERKALDWDHLLEDLSQASEGDVVLLHGCCHNPTGIDPTPEQWQELAALSAKNGWLPLFDFAYQGLANGLDEDAYGLRAFAANHKELLVASSFSKNFGLYNERVGAFTLVAENAEIASTALTQVKSIIRTLYSNPASHGGATVATVLNDTQLRQEWENELTEMRERIKKMRHLFVQLLKEYGAEQDFSFIIEQNGMFSFSGLTGEQVDRLKEEFAIYAVRSGRINVAGITEDNIRYLCESIVKVL,length1,1188
3,406238,406103,135,MKSTWVRKAHAKVRSIFQYFFDLIHWWVHLIIKFLAASLRHQQVP,length1,135
3,406493,406361,132,MARRQHHPTLLGQKVDHRHFENKYQSCHERAQNLFLHDKLCQII,length1,132
3,406847,406829,18,MAISIF,length1,18
3,406874,406871,3,M,length1,3
3,406937,406931,6,MA,length1,6
3,407036,407030,6,MP,length1,6
3,407132,407051,81,MPFSPICQLNAAHIKAIKMTKANQRLR,length1,81
3,407258,407234,24,MISPQINR,length1,24
3,407615,407540,75,MPFVAVNENGKDNKRSQLVLPSRKD,length1,75
3,407807,407681,126,MLEKRPTQEINQPCHLKLNARYQFLQAHEWFLPQKMQRQKVR,length1,126
3,408032,408011,21,MQINFIF,length1,21
3,408062,408035,27,MRNIFTKQH,length1,27
3,408149,408095,54,MSSSNGRTVSFIAFHHNF,length1,54
3,408215,408158,57,MWYISNRKLKCTLAVCFSS,length1,57
3,408623,408620,3,M,length1,3
3,408812,408692,120,MRFERFSIPFQNRFTKFNRISTKFCCWFFTFCFFNVFTAW,length1,120
3,408851,408839,12,MNEN,length1,12
3,409013,408980,33,MSKFHYVFILR,length1,33
3,409061,409037,24,MCVSNRHT,length1,24
3,409157,409151,6,MK,length1,6
3,409265,409250,15,MNNKV,length1,15
3,409358,409310,48,MKNTCNVYHLFVTAEI,length1,48
3,409442,409403,39,MPPNNKQKKLIVC,length1,39
3,409550,409535,15,MMKIQ,length1,15
3,409625,409616,9,MAD,length1,9
3,409751,409685,66,MIFQVGFVSDKYYLTSSSHPYL,length1,66
3,410297,410288,9,MLK,length1,9
3,410417,410351,66,MPKNNVDFFVHASLILHKVLFQ,length1,66
3,410564,410426,138,MLDKSPPKVFFHQKCGQKSNRIPFQLGQKLRSLPSHSINCAHLFSW,length1,138
3,411251,411236,15,MGRSC,length1,15
3,412397,412313,84,MTPPETNVISSGIGTPNPQIIKTKRTAQ,length1,84
3,413333,413210,123,MAGVLGFEPRNAEIKTQCLTAWRYPNDYLNYKAINGAGRGT,length1,123
3,413459,413444,15,MSVVL,length1,15
3,413705,413684,21,MRSFIVN,length1,21
3,413846,413840,6,MR,length1,6
3,413951,413945,6,MV,length1,6
3,414053,413984,69,MICISLQVWQNVFLILFNLIMCE,length1,69
3,414092,414062,30,MGQVPTMFVC,length1,30
3,414158,414113,45,MKLYARYTNPYLNKI,length1,45
3,414323,414314,9,MGR,length1,9
3,415832,415796,36,MNFACFTIINFG,length1,36
3,416021,415994,27,MHVFTNLCA,length1,27
3,416351,416297,54,MCYPFASNFFGYTIFSRI,length1,54
3,416888,416843,45,MWQKWLVCPPQPYLT,length1,45
3,417149,417122,27,MILKKSKII,length1,27
3,417188,417176,12,MVCL,length1,12
3,417290,417275,15,MPIPM,length1,15
3,417323,417296,27,MIIVLMADI,length1,27
3,417446,417410,36,MKALKKQWKKLN,length1,36
3,417509,417494,15,MAMNV,length1,15
3,417566,417563,3,M,length1,3
3,417680,417641,39,MMIFTPHVSTHHH,length1,39
3,417791,417758,33,MKAFNNMVVLI,length1,33
3,418121,418091,30,MMHRARIFSS,length1,30
3,418256,418166,90,MIKQDKHCSIRSVVFLMKILFPSHVLSVNF,length1,90
3,418409,418367,42,MLQWKRCIKPSKNY,length1,42
3,418517,418511,6,MI,length1,6
3,418646,418619,27,MRLNGALRC,length1,27
3,418877,418781,96,MEIHLLPHKLPKKYFILPAGKRRIYSYKTSAN,length1,96
3,418895,418883,12,MNFQ,length1,12
3,418940,418910,30,MNFVINTANI,length1,30
3,419105,419006,99,MITYLIAHQESPKARLFWKIINCGSRFTIVINL,length1,99
3,419180,419135,45,MVHCWIFCTVLVVLV,length1,45
3,419306,419228,78,MPLLKSRAILVWAITLNGWKTINRLS,length1,78
3,419468,419432,36,MLFRWRAVHLMF,length1,36
3,419567,419552,15,MQPKK,length1,15
3,419606,419585,21,MWVGIVA,length1,21
3,419666,419657,9,MRE,length1,9
3,419828,419795,33,MRHYFLSHLVH,length1,33
3,419846,419834,12,MVYV,length1,12
3,420194,420134,60,MAAWKVYVRSRGFLLGCKTV,length1,60
3,420374,420362,12,MIND,length1,12
3,420470,420428,42,MIFKLCFHFLTKVN,length1,42
3,420611,420596,15,MWNKH,length1,15
3,420716,420665,51,MKKVRKIFRTFLFKSIT,length1,51
3,420773,420749,24,MRNALPLF,length1,24
3,421040,421007,33,MATTLLHNLAH,length1,33
3,421103,421076,27,MIRLGRNKH,length1,27
3,421172,421133,39,MKKISAAIMEIIK,length1,39
3,421403,421382,21,MFFRKMN,length1,21
3,421748,421742,6,MT,length1,6
3,421955,421949,6,ML,length1,6
3,421991,421961,30,MLINGEKLID,length1,30
3,423872,422180,1692,MLRLNLRFLSFLLCIIQSVELQAAPSVPTFLTENGLTYCTHASGFSFNPQTADAGTSMNVVTEQIYNKLFDIKNHSATLTPMLAQSYSISADGKEILLNLRHGVKFHQTPWFTPTRDFNAEDVVFSINRVLGHNTYLPTLAETNVTYSNPQYKVFHEQARKVRFPYFDSIKLNEKIKSVTALSPYQVKIELFEPDSSILSHLASQYAIIFSQEYAYQLSVDDNLTQLDTHPVGTGPYQVKDYVYNQYVRLVRNENYWKKEAKIQNIIVDLSTDRNGRLVKFFNNECQIASYPEVSQIGLLKSNDKHYYMQSTDGMNLAYLAFNFEKPLMQDRTIRESISQSLNRARIIHNIYHNTATVANNIIPEVSWASSVNTPEFEFDYNPKIAKNKLADKNLLLNLWVINEEQVYNPAPFKMAEMIKWDLAQAGVKVKVRAVTRPFLTAQLRNQSENYDLILSGWLAGNLDPDGFMRPILSCGTKNELTNLSNWCNEEFDQFMDRAITTSHLSSRAKAYNEAQELVLRELPIIPIANVKRILVANSRVKGVKMTPFGSLDFSTLYFIQEKH,length1,1692
3,424019,423971,48,MRILLHKTFISAISII,length1,48
3,424226,424223,3,M,length1,3
3,424424,424271,153,MLPRSHIGKLPLLDNIICFTKLNPLRDFLLLICGLWKYLIVQKSYKTYCNI,length1,153
3,424628,424571,57,MYSVILFPCLFHKYHVYSH,length1,57
3,424703,424697,6,MP,length1,6
3,424739,424706,33,MNKITTALPQV,length1,33
3,425714,424829,885,MQNKEPDEFRESTSIFQIWLRFRQNTIALFSFYLLIALIFTALFASYLAPYADNRQFIGQELMPPSWVDRGKIAFFFGTDDLGRDILSRLIMGTRYTLGSALLVVFSVAIIGGALGIIAGLLKGIKARFVGHIFDAFLSLPILLIAIVISTLMEPSLWNAMFATLLAILPYFIHAIYQAIQQELKKDYVLMLKLEGISNWELLKSTILPNITVIYIQEVARAFVIAVLDISALSFISLGAQRPTPEWGAMIKDSLELLYLAPWTVLLPGFAIIFTILLSIIFSNGLTKAINQHQE,length1,885
3,426767,425720,1047,MALLDICNLNIEIQTSNGRIKIVDGVNLSLNEGEISGLVGESGSGKSLIAKVICNAIKENWIITADRFRFHDVELLKLSPNKRRKLVGKEISMIFQNPLSCLDPSRKIGKQLIQNIPNWTFKNKWWKWFGWKKRRAIELLHRVGIKDHRDIMASYPNELTEGEGQKVMIAMAVANQPRLLIADEPTNTLESTTALQVFRLLSSMNQNQGTTILLTSNDIKSISEWCDQISVLYCGQNTESAPTEILIESPHHPYTQALINAVPDFTQPLGFKTKLGTLEGTAPILEQMPIGCRLGPRCPFAQKKCMEKPRRLKIKQHEFSCHYPINLREKNFKEKTTATPFILNCKGNE,length1,1047
3,426860,426845,15,MQWIK,length1,15
3,426929,426908,21,MALVNQP,length1,21
3,427076,426983,93,MIENYNIRMPNLELNIFVWFSKMPTLHLIHV,length1,93
3,427256,427142,114,MKKSLRPSLLLGFILITQISILSIFLLAKNSVSLWHVR,length1,114
3,427304,427286,18,MMQLVI,length1,18
3,427331,427307,24,MPRCAFNY,length1,24
3,427382,427379,3,M,length1,3
3,427448,427436,12,MKEK,length1,12
3,427511,427457,54,MAALKIFLLIHKLMLLVA,length1,54
3,427556,427541,15,MKPLG,length1,15
3,427982,427979,3,M,length1,3
3,428615,428552,63,MASDWGIFSELWNIKINIKFT,length1,63
3,429071,428930,141,MMHKSVRLNINNNIFSDTRHIQMMHITPRRMRLTLRRTERGKILFAK,length1,141
3,429107,429089,18,MHFFRI,length1,18
3,429140,429116,24,MTMGYSSR,length1,24
3,429263,429212,51,MEFIIDLFCPTHCNVIR,length1,51
3,429410,429266,144,MSIRTKSPSLLWTNRIGFKMNNLTRSTYARIRSASTKYFNFFICNVRK,length1,144
3,430745,429743,1002,MKTLSEFIVERQAEYPNAKGELSGILSSIRLLAKIIHRDINKAGLTNILGQSGIENVQGESQMKLDLFAHNTMKAALMAREEVAGFASEEEESFIAFDTERGRNAKYIILTDPLDGSSNIDVNVSVGTIFSIYRRVSPIGSPVTLEDFMQPGNKQVAAGYIVYGSSTMLVYTTGHGVNGFTYDPSIGTFCLSHENMQMPKEGKIYSINEGQYLKFPQGVKKYIKYCQEEDKATHRPYVSRYIGSLVADFHRNLLKGGIYIYPSATNYPNGKLRLLYEGNPIAFLAEQAGGVATDGYRRILDIQPTELHQRVPLFVGSEDMVKKAQEMMEEFKEE,length1,1002
3,431021,430958,63,MVLNNLYHIPYSSINTITKHK,length1,63
3,431120,431099,21,MLLHINP,length1,21
3,431267,431240,27,MLPYLGLRH,length1,27
3,431366,431324,42,MLFLQLLRYKHLLQ,length1,42
3,431831,431780,51,MIFVKTSYLSILAYWVA,length1,51
3,431975,431969,6,MR,length1,6
3,432107,432077,30,MTQLFGSQLH,length1,30
3,432215,432176,39,MFHQAINFFTYPH,length1,39
3,432332,432275,57,MLNRFLYQVYNNLKIHLLP,length1,57
3,433670,433664,6,MA,length1,6
3,433850,433841,9,MDS,length1,9
3,433949,433928,21,MPQNLHK,length1,21
3,436670,436661,9,MTT,length1,9
3,437096,437048,48,MRIFLSVRDACSIGSL,length1,48
3,437480,437447,33,MIFILPNCTLV,length1,33
3,437729,437618,111,MFFIKPIGNGLIKNMLEIIKMFFANTQACRHCVSAKF,length1,111
3,437765,437744,21,MLRMNTL,length1,21
3,437783,437780,3,M,length1,3
3,437876,437855,21,MILILNP,length1,21
3,437939,437903,36,MPIRLIKRNTIG,length1,36
3,438458,438446,12,MTLT,length1,12
3,438524,438509,15,MMIRD,length1,15
3,438917,438893,24,MTSAIKSI,length1,24
3,438932,438926,6,MV,length1,6
3,439208,439139,69,MMPKLCIYIIIFVLLMLLSSPAY,length1,69
3,439970,439826,144,MPEIGEDLIAIFDTLKDCNLRLIAASSAIALAAATHKSAVKIFFIFCS,length1,144
3,441188,440444,744,MFSGEHDACDCYVDLQAGSGGTEAQDWTEMLLRMYLRWAESKGFKTELMEVSDGDVAGLKSATIKVSGEYAFGWLRTETGIHRLVRKSPFDSNNRRHTSFSAAFVYPEIDDDIDIEINPADLRIDVYRASGAGGQHVNKTESAVRITHMPSGIVVQCQNDRSQHKNKDQAMKQLKAKLYELELQKKNADKQAMEDNKSDIGWGSQIRSYVLDDSRIKDLRTGVENRNTQAVLDGDLDRFIEASLKAGL,length1,744
3,442808,441302,1506,MSEQEVKELDLNGEMLVRREKLAALRAKGNAFPNKFRRDALAQDLHNQYDVEDGEILKEKGIEVQVAGRIMTRRAMGKATFITIQDMSGKIQLYVARDNLPEGVYAEDVGNWDLGDIIGVKGTLFKTKTNELTIKTTEVQLLTKALRPLPDKFHGLTDQEVRYRQRYLDLISNEESRRTFIIRSKVVAGIREYFISKGFMEVETPMLQVIPGGASARPFVTHHNALDVDMYLRIAPELYLKRLVVGGFERVFELNRNFRNEGVSVRHNPEFTMLEYYQAYADYHDLMDNTEELLRKLAIDILGTTIVKYGEYEFDFGKPFERITLHDATVKYGADKGIVKEDLYDFDRAKATAERLGIEVQKSWGLGSIVNAIFEEVAEHHLIQPTFLMAHPAEISPLARRNDENPDVTDRFELFIGGREIGNGFSELNDAEDQNERFDAQVAAKEAGDDEAMFKDEDFVVALEHGLPPTAGEGLGIDRLAMLYANAPSIRDVILFPAMRQK,length1,1506
3,443765,443483,282,MIPTQAFGQVIATFSIKPRTIPALILNKSERSIPGLRATPAEINTTSAPSSAGVGSSPEKPFTFTAVGIWLTSTATPGVTGAISYNAKSVPAGN,length1,282
3,443924,443879,45,MFILQLQIEKYHSMI,length1,45
3,444020,443999,21,MQFLCKF,length1,21
3,445382,444494,888,MNILLTGGTGLIGKALVEQLCLRNEQVTILTRSSSPHTLSKQKNIKFITALSELDLQEQFDAIINLAGEPIFHKVWSKNQKSILRESRLSLTTQLVEFINQYQQYPIFISGSATGIYGDQGEQKITETSKTAKTFTAQLCQDWENIAQQANARVCLIRTGMVFSTKGGALAKMLPLYKWGLGGKLGNGEQYFPWIALEDMVNGILFLLDHSECQGSFNFTAPNPIKQHKFNRTLAGILKRPAFATIPKWILHFILGERANLLLESQNVVPEKLLNAGFQFQYSDCKNYLEEILKNK,length1,888
3,445550,445478,72,MLVFHVFSLHYRCVEVRFYQDIQD,length1,72
3,446420,446267,153,MSHKRLRPQQYHAQTRNPQYLKLLFQRRTYNQFCHFLHVYPTPKDEYQKDL,length1,153
3,446444,446423,21,MQPFRVQ,length1,21
3,446918,446906,12,MLHK,length1,12
3,447323,447272,51,MAIAVPLRTYIDSICVR,length1,51
3,447458,447428,30,MEKAIMPIIM,length1,30
3,447767,447626,141,MSVFLAQKARVHFVVLSVRKYRKTIPHFDFLMANLHAYQANKALEKE,length1,141
3,447872,447806,66,MPLNHFLHKSVATVLQIQQQKA,length1,66
3,448370,448346,24,METQWRER,length1,24
3,448946,448877,69,MYRYVNGFNSTRRFGNGYALWRY,length1,69
3,449873,449837,36,MQIISTMKLHKH,length1,36
3,449891,449876,15,MQKSY,length1,15
3,450101,450011,90,MHLLMNLVVHAPILLKSLIHSNTIILAKQK,length1,90
3,450164,450155,9,MQI,length1,9
3,450311,450218,93,MKGKSIAVFVVSLSAQEVYQIWLSISVQAVY,length1,93
3,450344,450335,9,MCL,length1,9
3,450395,450368,27,MVLKSAVFY,length1,27
3,450506,450416,90,MLKLINFANLLLKKQNCRSSVLKAILGKRH,length1,90
3,450614,450542,72,MTKNVLRILNNTLANTLMLTLSII,length1,72
3,450788,450722,66,MNLVQSKQPYFAQNVALRNVCF,length1,66
3,450899,450872,27,MFEKTMLIV,length1,27
3,451001,450995,6,MK,length1,6
3,451010,451004,6,MV,length1,6
3,451298,451286,12,MWKK,length1,12
3,451376,451349,27,MAHYNTMQL,length1,27
3,451568,451547,21,MTCLAVP,length1,21
3,451598,451574,24,MILYTQLP,length1,24
3,451760,451757,3,M,length1,3
3,451787,451778,9,MLY,length1,9
3,451877,451856,21,MLIFTSQ,length1,21
3,452000,451979,21,MGIFPIT,length1,21
3,452360,452330,30,MRWKLHITKN,length1,30
3,452510,452489,21,MKACNLF,length1,21
3,452720,452675,45,MSMNEPLFHVLQLVL,length1,45
3,452837,452816,21,MLSRMRK,length1,21
3,452846,452840,6,MR,length1,6
3,452903,452861,42,MHLMSRRSIFHAIN,length1,42
3,453047,452990,57,MWMKKISPICRKNSILNQS,length1,57
3,453074,453065,9,MMV,length1,9
3,453161,453125,36,MAYWYVKWAIAW,length1,36
3,453203,453185,18,MYPLNG,length1,18
3,453224,453215,9,MAD,length1,9
3,453539,453485,54,MFKCNIRHTWAEQMACIN,length1,54
3,453596,453566,30,MCHRCHNSHP,length1,30
3,453836,453782,54,MFWRNNHSTIPPIAWNLN,length1,54
3,454025,453929,96,MNMQAHIRIFFRKTFNHAWQHITCLSICRRNT,length1,96
3,454178,454145,33,MFAMTLKNFQT,length1,33
3,454397,454298,99,MHFHKKVLIFYNVCSSPNNVLPLYEFAQILDDD,length1,99
3,454841,454835,6,MY,length1,6
3,455552,455543,9,MNN,length1,9
3,455630,455564,66,MFQTITNFFRIGLRSMFFIRQH,length1,66
3,455993,455876,117,MSFRQFTNCYNAIHCVFIAHHTAQGISRIRWIHNHTAFL,length1,117
3,456119,456083,36,MCADYSNFVLTL,length1,36
3,456596,456326,270,MPHPFSFWRSDTRNIRNHWFSNIIFNEDCCFFLCRAANLANHHNGFCFGILLKSFKNINKTRTWNRISPDTHTSRLSKAFICSLFYRFIS,length1,270
3,456731,456638,93,MYVSGHNADFTFIRRNHTWAIWPNHYYARFI,length1,93
3,456962,456923,39,MSGSTFIWRYATN,length1,39
3,457055,456995,60,MKSPLSTSKTLANHFSIFIN,length1,60
3,457400,457271,129,MPPKIFTKITLTEGSVKMILNASATRSFVAPPPTSRKFAGFPP,length1,129
3,457481,457418,63,MVPIASPAPFTIQPISPSKAT,length1,63
3,458297,458282,15,MLYEP,length1,15
3,458978,458957,21,MPDVKAR,length1,21
3,459395,459347,48,MRVYSFSSCLIELIIH,length1,48
3,459674,459671,3,M,length1,3
3,460463,460406,57,MSFRLKYDVVFAYSSGNRT,length1,57
3,460898,460799,99,MANGTKENSPQTILYIFTKVLPHFTTANNALKA,length1,99
3,460988,460919,69,MVQSTYSARKQMQSVCNVPQTVF,length1,69
3,461264,461231,33,MTVLHQWALVV,length1,33
3,461360,461348,12,MQSI,length1,12
3,461564,461534,30,MCISINSINS,length1,30
3,461693,461684,9,MMN,length1,9
3,462785,462104,681,MNIFNPNHDRKAIVIFSGGQDSTTCLFQAIAEYGKENIEAITFQYGQRHAIELEKARAIVQDLGIKQTLIDTSVMKAITHNALMDEQAHIEQKENELPNTFVDGRNALFLLYAAIYAKGQGIQDIITGVCETDFSGYPDCRDVFIKSMNVTLNLAMDYQFNIKTPLMYLTKAQTWQLADELGVLDYVQKHTHTCYEGIEGGCGKCPSCILRNKGLKKYLTQKGRKNV,length1,681
3,462872,462845,27,MSKFTWTHI,length1,27
3,463226,463166,60,MGNPSFILRVSGVNVDGKIS,length1,60
3,463349,463325,24,MQSRLSLV,length1,24
3,463820,463796,24,MAAKFTNT,length1,24
3,464030,464009,21,MNNIEFE,length1,21
3,464462,464231,231,MRGKRIKNLFIDSIKIAFKAYGFDVEFKDIGESRLILFLKCSTLLLIYSQILLFHKIDETIITVNLNRLKIVYDGYF,length1,231
3,464975,464969,6,MD,length1,6
3,465206,465155,51,MDQNSFWKNRQSHDCGR,length1,51
3,465395,465383,12,MDRG,length1,12
3,465854,465770,84,MASSTSRNTRKYVGRASLNSLITFPRIN,length1,84
3,466469,466376,93,MYPRNSFTRDSHACDEPSKSRFIVEYQCGRK,length1,93
3,466493,466472,21,MENGSKS,length1,21
3,466661,466589,72,MVDCAFGKIGKSAVEFKSIIFFTD,length1,72
3,467720,466721,999,MFKFVFKRILMVIPTFIAITLITFALVHFIPGDPVEILMGERGLTAEVHQQMMHQLGLDLPLYQQYFHYIGNVIQGDFGASFRTQQPVLTEFFTLFPATAELAFFALFWSLLGGIILGTIAAVKKDSWISHTVTAASLTGYSMPIFWWGLILILYVSPQLGLPQGGRLDNEFWIDTPTGFMLIDSWLSGMPGAFENAVKSLILPAIVLGTVPLAIITRMTRSAMLEVLGEDYIRTAKAKGLSYTRIVIVHALRNALIPVVTVVGLIVGQLLSGAVLTETIFSWPGIGKWIIDAIQARDYPVLQGSVLIIATIIIVVNLTVDLLYGVVNPRIRH,length1,999
3,468083,467936,147,MRAVILLIYSAQTILGEIFFRVLFMEREFPSLRDLSSYYYLAPLVPALA,length1,147
3,468110,468098,12,MAAC,length1,12
3,468218,468209,9,MPL,length1,9
3,468257,468248,9,MCV,length1,9
3,468299,468278,21,MKKIVIM,length1,21
3,468416,468407,9,MLS,length1,9
3,468644,468584,60,MACVMPLIQNSNNRKTEWHY,length1,60
3,468905,468902,3,M,length1,3
3,469106,469076,30,MFIPISCLVE,length1,30
3,469433,469316,117,MLDKSLKKAPQKIFSASQNTLTHKPCYVHYLNLQRENLA,length1,117
3,469568,469508,60,MPPNIVAKLNLNCIISVRIK,length1,60
3,470546,470540,6,MS,length1,6
3,470708,470693,15,MPRYL,length1,15
3,471248,471242,6,MK,length1,6
3,471356,471350,6,MG,length1,6
3,471704,471698,6,MC,length1,6
3,471851,471809,42,MAVRTVMRCILQKN,length1,42
3,471917,471905,12,MQAI,length1,12
3,472037,471932,105,MILAMNMSFLAMLKRWGKKAMCYSVYPLQAIQKIF,length1,105
3,472118,472097,21,MAEKWQD,length1,21
3,472199,472124,75,MLKFVYPILVMQIVFKKSISKLFIF,length1,75
3,472328,472325,3,M,length1,3
3,473831,473114,717,MKKTLLTAILLGSSIAVSAQELTFAMEPSYPPFETTNEKGEIIGFDVDVANAICQEIQATCKFKSETFDSLIPSLKAKRFDAAISAIDITDARAKQVLFSDAYYDSSASYVALKGKATLESAKNIGVQNGTTFQQYTVAETKQYSPKSYASLQNAILDLKSGRIDIILGDTAVLSDMISKEPEIQFIGEKVTNKKYFGNGLGIAMHKSNKDLAAQLNKGLAAIKANGEYQKIYDKWMTK,length1,717
3,474500,473837,663,MFSDFLSLMFTAALMTLGLAVCSLLLGLFLSLIFAVLEANRFVGKPMTVFVALLRGLPEIIVVLLVYFGSTELVEILTGEYIEFGAFGCGVFALSLIFAAYASQTLRGAIQAIPKGQWESGAALGLSKSYTFIHIVMPQVWRHALPGLSNQWLVLLKDTALVSLIGVDDLMHQADLINTNTHQPFTWYGIAALIYLAVTLISQVGIRKLELRFTRFERGMK,length1,663
3,474788,474707,81,MQGQANFNGLLTAHYGMSYPMRGSVPY,length1,81
3,474932,474926,6,MP,length1,6
3,475097,475043,54,MVQNMMQSQFTALRVVSI,length1,54
3,476153,476048,105,MMSIITRNTCISYFITHGYARFNSCIVTTVCFSLR,length1,105
3,476459,476354,105,MFSFIILLCRRIVRKWVWQAQRYSKVLPCTFFISN,length1,105
3,477311,477260,51,MTLIIHLQLFQFQRFRP,length1,51
3,477437,477317,120,MLDQPHQSHKKVGFHNDLLNLLPQYFLRHNVQHKPLNDLL,length1,120
3,477503,477440,63,MDLFLRMRHHRDEQHHRKYPR,length1,63
3,477827,477767,60,MLIYRFYALQLVFPLNDVHK,length1,60
3,477935,477908,27,MDFHDQRLD,length1,27
3,478226,478091,135,MPYRFLRKFHKLLVLLDLVLGFHQVLHQKFDRQFYLDALQRQIQM,length1,135
3,478337,478331,6,MG,length1,6
3,478691,478571,120,MENLTALLMFVSARDEHSLSYTMYHQKIHIRFDALNTHLK,length1,120
3,479936,478952,984,MAQSTMQHFIEQANHYGKQRTPFFFLIDFEKEKPLICPLENSAQQGIYFDILGKRNCTISPQSLPLNFTKHPMPFSHYQQGFELVQSELQKGNSYLLNLTYPTEISGNLSLEQIFHQTNAPYKLWLQDQFVCFSPECFVNIHDNNIFTYPMKGTINATLPDAENQLLTNEKEQREHYTIVDLMRNDLSMVAEHIQVKKFRYIDRIKTQKGEILQTSSEIYGKSNENWQNQIGDILEKLLPAGSISGAPKEKTTQIIQQAEKQKRGYYTGIFGIFDGKTLQSAVAIRFISQVDEKFYFHSGGGITIHSNAQDEYEELLEKVYLPIEGAD,length1,984
3,480050,480011,39,MNVVCVNIMAKVR,length1,39
3,480197,480131,66,MPKPHKFNILNTNEKSTALFNL,length1,66
3,480224,480206,18,MTLNIV,length1,18
3,480290,480281,9,MKL,length1,9
3,480311,480302,9,MEK,length1,9
3,480491,480467,24,MKLKSLTQ,length1,24
3,480860,480761,99,MRFWLSRILRLLSSISRLILFFKRYIRTYSNTS,length1,99
3,480926,480914,12,MTVP,length1,12
3,481031,480977,54,MIERIFLISVKSIDYRFL,length1,54
3,482165,481079,1086,MSQVFNFSAGPAMIFPEVLQKAQNELTNWLNQGVSVMEVSHRGKYFMELVTQAEKDLREVYNIPDNYRVLFLQGGARGQFAAIPMNLIGKKGKALYLNSGHWSATAAKEARNFAEIDEITIVENGEQTRITDLDFSHIADQYDYVHYCPNETISGVEIFDVPNVGNAVLVADMSSNILSRQIDISKFGIIYAGAQKNLGPAGITLVIIRDDLIGNARKETPSIWNYATQRDADSMINTPPTFAWYLCSLVFKHLKEIGGLEIIEKRNALKAQTLYDYIDSSKLYRNVVAKENRSTMNVTFITGNPELDAKFVAESTATGLQALKGHKVLGGMRASIYNAMSQNGVEALISFMKKFEAENLPQ,length1,1086
3,483353,482255,1098,MQYINIANRGVKSLSPYQAGKPIEELEREIGISNIVKLASNENPFGFPESAKKAIFEQLDKLTRYPDANGFELKQTIAKKFGVQPNQITLGNGSNDLLELFAHTFATEGNEIIYSQYAFIVYPLVTKAINAIAKEIPAKNWGHDLQGFLTALSDKTKLIYIANPNNPTGNFLTSQEIEDFLAKVPENVIVVLDEAYTEFTRSEERVDSFSLLKKYSNLIISRTLSKAYGLAGLRIGYAVSNPEIADLLNRVRQPFNCNSLALTAAVAVMNDDEFIEKVAENNRIEMRRYEDFCQKNQLDYIPSKGNFITIDFKQPAAPIYDALLREGVIVRPIAGYGMPNHLRISIGLPEENDKFFTALSKVLKFA,length1,1098
3,483704,483566,138,MLVIQHEYLDVAKYLHNQKALYNSLMPQMHEQKNHKMEILANLSYK,length1,138
3,484268,484202,66,MLLALEVLSLLYQMQKLHQNLS,length1,66
3,484985,484961,24,MRLQFFSF,length1,24
3,485204,485177,27,MNFKKIKLF,length1,27
3,485381,485327,54,MFKWVKYNVAKSKSHSTN,length1,54
3,486770,486764,6,MR,length1,6
3,487112,487106,6,MF,length1,6
3,487226,487205,21,MASIDGK,length1,21
3,487331,487316,15,MARQL,length1,15
3,487406,487397,9,MPD,length1,9
3,488096,488033,63,MVKTKITKCGFTREVKKHRQN,length1,63
3,488204,488168,36,MARNFWKIWTTT,length1,36
3,488252,488222,30,MLRYGWCIWT,length1,30
3,488447,488432,15,MKGTS,length1,15
3,488627,488606,21,MEGFLLL,length1,21
3,489008,488945,63,MAIFNGSSRGRFTPLQMVSTA,length1,63
3,489581,489548,33,MGNDVSIALWA,length1,33
3,489608,489587,21,MATALHR,length1,21
3,489854,489839,15,MVKRF,length1,15
3,490343,490331,12,MGTF,length1,12
3,490868,490790,78,MQLIALYYYLTTNKDSLCQISNTQNF,length1,78
3,490928,490910,18,MRHVQT,length1,18
3,491015,490982,33,MKLRTGRVILR,length1,33
3,491102,491054,48,MQKNLKQKSSSIISIA,length1,48
3,491165,491138,27,MCKISLVMH,length1,27
3,491333,491258,75,MVSFIVISLLVSLVEEIQRWKKPFT,length1,75
3,491492,491465,27,MKCWVTTWA,length1,27
3,491561,491549,12,MAYS,length1,12
3,491633,491618,15,MAISL,length1,15
3,491777,491654,123,MQPPLLWKACSQQAMSWITIIAKPSPPRELVVWQPWMQNAI,length1,123
3,491873,491780,93,MLKKHKSSNQFPSFNSFKEGNFFYNHDQNNE,length1,93
3,492017,491900,117,MASRTTRTYQKINACKHCLSYAFFIHFSRTNLFSCDVAR,length1,117
3,492179,492107,72,MGTRKNRFPKRTIITQPYSSKNSG,length1,72
3,493511,493508,3,M,length1,3
3,495356,493628,1728,MRTLLPFIRLFKFAKFPLILGLVLMILGLGSSMGLLTVSGWFLAATAIAGLGTLFNFFYPSASVRGLAIGRTVMRYFEKIVTHDATFRILSKLRVQVFEKIIPLSPAVLNRYRNSDLLNRLVSDVDTLDSLYLRLLAPFFTAVFVIIAITIGLSFINIPLALGLGLFLLILLIIIPTVFYRLGQQFGERLIQARATYRTQFLEFIQAQAELLLFNAEDKLKEKMSVTEKTWQEDQAKEAKLSGFSTALVLFLNGLLISGMLWFASNANFGTDEYRTAYIALFTFAALAAFEIIMPLGAAFLHIGQVIAAAERVTEIIEQKPLVEFNGNEEFETKVRLISAKNLNFSYPEQETLVLKNLTLDLEQGKKIAILGKTGSGKSSLLQLLVRNYDANQGELLLAEKPISTYSEETLRRQICFLTQRVHVFSDTLRQNLQFASADKISDEKMIEVLHQVGLSKLLEQEGKGLNLWLGDGGRPLSGGEQRRLGLARILLNNAPILLLDEPTEGLDRETERQILRLILQHAENKTLIIVTHRLSSIEQFDKICVIDNGRLIEEGDYNSLITKENGFFKRLIERV,length1,1728
3,495608,495602,6,MK,length1,6
3,495755,495635,120,MLSMAKVQDAHFSSVAVRTLAKVATTKKVGHFQRVYYLMT,length1,120
3,495782,495776,6,MI,length1,6
3,495941,495935,6,MN,length1,6
3,495983,495977,6,MC,length1,6
3,496025,495989,36,MGNLFKNRQTQV,length1,36
3,496403,496214,189,MAPFTLSAVRPISMIGSMEMSKPTNSSGKPNVDSTTIAANVAPPPTPAIPNEEMATTEIKVRM,length1,189
3,496466,496424,42,MPTIGATITASIAG,length1,42
3,496637,496469,168,MPPQPFCPIVAPNVAAKLAMTLLLPNFAVCVSIFNGIVAALERDVNAKLKVGNTFL,length1,168
3,496682,496676,6,MP,length1,6
3,497072,496955,117,MDVGLAPVRSAKGFFGIKDTNIAGTVKLDTCPALSNTLP,length1,117
3,497222,497159,63,MAVVISKVDNTPTLTLPNDLV,length1,63
3,497747,497741,6,MK,length1,6
3,498374,498368,6,MK,length1,6
3,498674,498665,9,MCV,length1,9
3,498839,498791,48,MLYIIGYSNHIFQHIL,length1,48
3,498992,498989,3,M,length1,3
3,499103,499055,48,MPCTWHTKFFTTVACH,length1,48
3,499232,499199,33,MWSLTDIEPIW,length1,33
3,499280,499250,30,MIEQETRFSI,length1,30
3,499592,499589,3,M,length1,3
3,499715,499703,12,MIKL,length1,12
3,500780,500777,3,M,length1,3
3,501005,500885,120,MWVIKWKQRFFPLRVKNNIWLYPIKLSIIQSMNKPFLPRL,length1,120
3,501062,501032,30,MKRNKIPIKM,length1,30
3,501164,501146,18,MSSCKV,length1,18
3,501866,501350,516,MKLVSNKILFLATMVLASSSAFALKDDVNQPINIVSDNQSLDMEKSVVTFTDNVVITQGSIIIKANKVVITRPAEKSGKKETVEAFGTPVTFHQQLDNGTPIDGKANKVHYDLGNEFLTLTNNAELKQLDSKINGSVITYDVKKQQLKANGNGKSRVTTVLIPSQLQQAKGK,length1,516
3,502595,501872,723,MSILTAENLAKSYKSRKVVSDVSLTVNSNEIVGLLGPNGAGKTTTFYMVVGLVRQDQGKIVIDGEDISLLPMHNRAQRGIGYLPQEASIFRRLTVYENLMAVLEIRKDLTPQQRCEKADELIEEFNISHIRDNLGQALSGGERRRVEIARALAANPKFILLDEPFAGVDPISVSDIKKIITDLRNRGLGVLITDHNVRETLDVCERAYIVGAGKIIATGTPAQVMNDEQVKRVYLGEQFKL,length1,723
3,502817,502784,33,MGLQCQKQKSP,length1,33
3,502904,502877,27,MLLIVNQWT,length1,27
3,502997,502991,6,MC,length1,6
3,503084,503027,57,MKFGKFLKLPINQKRHLKK,length1,57
3,503939,503849,90,MYWGKTSLRLYCPAVRRIFSSQRKNGTNST,length1,90
3,504140,504116,24,MMDICFNF,length1,24
3,504227,504209,18,MLFKHQ,length1,18
3,504632,504491,141,MHTIKTMNKLTTLLNHLRMTIQRINLTQICFIIDKHTVFDWISQLSN,length1,141
3,504656,504647,9,MLK,length1,9
3,504860,504857,3,M,length1,3
3,505106,505091,15,MTLRK,length1,15
3,505529,505502,27,MTNKFIFKA,length1,27
3,505751,505664,87,MNKCLGRKIHFIVTYIFANSRMVKINSEI,length1,87
3,506018,505979,39,MLNGRNANTLIIN,length1,39
3,506162,506159,3,M,length1,3
3,506450,506405,45,MFTRPSPSIFCVESP,length1,45
3,506663,506606,57,MLNSSKTKSIPAVILTKIP,length1,57
3,507548,507335,213,MRPCSSDVNELSPTKVPPISCFTIFITIWFTALPPPPPTPTTLISAPDSLKLSYSGYSGYSIDVLRYCQIS,length1,213
3,507845,507794,51,MDSQYAPDNGKHLKHIL,length1,51
3,507989,507986,3,M,length1,3
3,508094,508016,78,MNEAHDRQYLPPQFFYLRANELGKMH,length1,78
3,508451,508205,246,MRHSYKPSRSLCQHQNQLNTRRDLFHPQLAQNVLLQNQRKPLYPLAIHNVQRLFLSYFANLDDKRSNVLVLLNARLVIPMDF,length1,246
3,509495,509489,6,MH,length1,6
3,509864,509744,120,MARHSRISINLNQTEITFCITHYINTTPTTTSQCIISTFY,length1,120
3,510482,510461,21,MCIITLL,length1,21
3,510950,510815,135,MERQRDLLSAPTIGASPAAYTSSIIKASTSESTCTKSSNKSRVRE,length1,135
3,511037,511013,24,MVTSTSVG,length1,24
3,511313,511307,6,MR,length1,6
3,511874,511778,96,MRFCFDATNSGLSSFIALDTTTTLAPLICSSA,length1,96
3,511883,511880,3,M,length1,3
3,512018,511982,36,MPLIPAPPMPMK,length1,36
3,512375,512294,81,MPSAINFHELNFLNNSLAFQALNLPVL,length1,81
3,512513,512444,69,MVQKLLRLPLLQFHIRLMRQNGK,length1,69
3,512918,512840,78,MPVIHRLQFYLITYSLNPLSHFVHVK,length1,78
3,513668,513647,21,MCFRQII,length1,21
3,514052,514007,45,MSRPHFIITTSEITC,length1,45
3,514460,514415,45,MCDACPFIVIFFDVL,length1,45
3,514712,514607,105,MLGVKILSLVPLFQTNSFVMKILQAAHHLDQNNNK,length1,105
3,514850,514817,33,MQQLYSPHLLL,length1,33
3,515327,514973,354,MLLLPKCSYNYGDRLMLLLHKAKLLHLLPLSIACHFQFLANNPHYFPQKKRFVSLDFHLHQKSAYPHYSKLRPQHYDKCVILLGDNLLNPYSDPYDLQSRSKQSQPQLLSYKLSQAEN,length1,354
3,515447,515369,78,MTKRESQYFRPYQLSRQQLSPFHKLK,length1,78
3,516209,516185,24,MLENPRPP,length1,24
3,516641,516512,129,MESLNGWHQCRDQANKAKGLPLMPPQTSRNISNAQSIHQYFYG,length1,129
3,516935,516914,21,MQELRGR,length1,21
3,517211,517148,63,MLTQNSLRNNRTFIAIRTHQI,length1,63
3,517295,517247,48,MNSERIFAQFFHICDT,length1,48
3,517538,517520,18,MLSKIR,length1,18
3,517724,517688,36,MFSIDNRHTIFC,length1,36
3,517832,517787,45,MCGRNIINQCGIRLN,length1,45
3,517907,517862,45,MICTKFNHSKTMFFC,length1,45
3,518081,517991,90,MLQNTCCHFFYCGFSRRAGHRHSTRINFLA,length1,90
3,518237,518213,24,MSIKFFAF,length1,24
3,518939,518885,54,MGNQTITTWSLLIINYLH,length1,54
3,518984,518954,30,MGYAKHHYPS,length1,30
3,519314,519302,12,MKLQ,length1,12
3,519392,519356,36,MTEFLLLNLSYF,length1,36
3,520076,520058,18,MHNEDH,length1,18
3,520199,520100,99,MPHIYLHNVHFQSYVPYLFLRRHGSLPPLRVYF,length1,99
3,520511,520505,6,MR,length1,6
3,520553,520526,27,MQDDLHHGY,length1,27
3,521924,521891,33,MGYPNRSHCRN,length1,33
3,522080,522053,27,MALLERGLA,length1,27
3,522131,522104,27,MALPIILNF,length1,27
3,522584,522545,39,MDTCFNHSSADKP,length1,39
3,522941,522902,39,MPFSFNAKPFTAS,length1,39
3,523790,523757,33,MVVAKPRYTES,length1,33
3,524000,523985,15,MVEIK,length1,15
3,524252,524144,108,MAKIPPIKPKKCNELSYTTLDGEPAEIASCNACGFS,length1,108
3,524609,524321,288,MKRPSLSFSVQRAINGVCVAWKPDNAPQEIVKNKSGQIGTSPFTWKFCVNFAQVKPSPSALIVRKNSIGSVALKCETTNPYTIPTDIKSNNAPKSG,length1,288
3,524825,524810,15,MVPIN,length1,15
3,525311,525305,6,MP,length1,6
3,525692,525464,228,MSLTRCPECRKKISENAENCPNCGFSFKQKDLEMYKQRLEARRLHNEEVNRKSTKLHIIWFCIFAIFIAVTSWMVN,length1,228
3,525881,525821,60,MVDKNAKSNITSFFDNHLYT,length1,60
3,526064,526007,57,MYKILRELPLLSDYRKLKF,length1,57
3,526469,526442,27,MLPVELSFC,length1,27
3,529214,527591,1623,MQHKLLFSAIALALSYSVQAVIVPEGTQLDEKQHIVINNGAEPQSFDPHKTEGVPESNVAYQLLEGLVTSDSEGKLQPGAAESWENTPDFKTWTFHLRKDAKWSNGDPVTAHDFVFAWRRLVDPATAAPYASYLSYLQVENAQDIIDGKKKPAELGVEAKDDYTFVVHATNPVPYAVSLTTHQSLLPLPQKVVEKLGDAWVKKENYVGNGAYKLANHIINEKIEFERNPLYWNDKETVINSATFLAIENPSTDVARYRAGDLDMTSYGLPPEQFAKLKKELLGEVYVTRTLGTYSYELNNKKAPFDNVNIRKALNLSLDRNVITDKVLGQGQTPTYVFTPTYIEEGHLIQQPAYSKEPMAQRNEEAIKLLEEAGYSKANPLKFSILYNTNENHKKVAIAAASMWKANTKGLIDVKLENQEWKTYIDSRRAGRYDVARAGWHADYNQATTFGNYFLSNSSNNTAKYANPEYDKAMAESYAATDAEGRAKAYAKAEEILGKDYGIVPIFNYVNPRLVKPYVKGYSGKDPQDHIYLRNLYIIKH,length1,1623
3,529496,529463,33,MNHYINNISFI,length1,33
3,529562,529556,6,MI,length1,6
3,529886,529850,36,MLQGLRVSCVVR,length1,36
3,529991,529964,27,MLCVPHFYP,length1,27
3,530228,530165,63,MRLWIFYTPSSIQKFVIKDKL,length1,63
3,530381,530264,117,MRILWNKWLTVLKKCNWKAAAYGKMRNAVFSATKRPLSV,length1,117
3,530465,530444,21,MKIPIGI,length1,21
3,530600,530513,87,MPQVETCWYVLLSVDVFHYWSVLLVLSFP,length1,87
3,530639,530618,21,MGLFPVM,length1,21
3,530909,530903,6,MY,length1,6
3,530972,530927,45,MPRLKCLGSFYLNHS,length1,45
3,531068,531032,36,MVLHKWKCRLGY,length1,36
3,531170,531137,33,MRSIRKIDRSE,length1,33
3,531191,531188,3,M,length1,3
3,531242,531224,18,MASLQQ,length1,18
3,531251,531245,6,MT,length1,6
3,531290,531266,24,MQEARWAL,length1,24
3,531419,531410,9,MLN,length1,9
3,531566,531536,30,MINKLPLPNP,length1,30
3,531728,531704,24,MNQQPLWM,length1,24
3,531767,531761,6,MS,length1,6
3,531818,531806,12,MILG,length1,12
3,531923,531854,69,MLDEPWNTAQRNKFSIIQPIPIP,length1,69
3,531950,531935,15,MRFLA,length1,15
3,532079,531959,120,MKNTWSPFLAIHRIYCICQKVVHSHLVANLLPNNAKLRQN,length1,120
3,532436,532421,15,MERNA,length1,15
3,532679,532643,36,MSAYRYCSCVNH,length1,36
3,533699,533678,21,MSFQNQE,length1,21
3,533810,533804,6,MR,length1,6
3,534008,533993,15,MDKYP,length1,15
3,534122,534113,9,MLF,length1,9
3,534764,534149,615,MSEIKLNYHKTHFLTSAPNIRSIPEDTGIEIAFAGRSNAGKSTALNALTNQKNLARTSKTPGRTQLINLFEVEPNYKLVDLPGYGYAAVPEQMKIQWQKSLGEYLQKRECLSGLVVLMDIRHPLKDLDQQMIEWAVSADLPILLLLTKADKLSQSARSKQVKMVREAILPFQGDIQVEAFSAQNKIGIDKLAAKLDFWFSPLFAK,length1,615
3,534785,534770,15,MNFAI,length1,15
3,536408,534881,1527,MSLAIVYSRASMGVQAPLVTIEVHLSNGKPGFTLVGLPEKTVKEAQDRVRSALMNAQFKYPAKRITVNLAPADLPKEGGRFDLPIAIGILAASDQLDASRLKQFEFVAELALTGQLRGVHGVIPAILAAQKSKRELIIAKQNANEASLVSDQNTYFAQTLLDVVQFLNGQEKLPLATEIVKESAVNFSGKNTLDLTDIIGQQHAKRALTIAAAGQHNLLFLGPPGTGKTMLASRLTGLLPEMTDLEAIETASVTSLVQNELNFHNWKQRPFRAPHHSASMPALVGGGTIPKPGEISLATNGALFLDELPEFERKVLDALRQPLESGEIIISRANAKIQFPARFQLVAAMNPSPTGHYTGTHNRTSPQQIMRYLNRLSGPFLDRFDLSIEVPLLPQGSLQNTGDRGETSVQVREKVLKVREIQMERAGKINAYLNSKEIERDCKLNDKDAFFLEKALNKLGLSVRAYHRILKVSRTIADLQGEQQISQPHLAEALGYRAMDRLLQKLSNM,length1,1527
3,537107,537014,93,MFNRFITECRNILFIFFCGKCGVVDILSKLI,length1,93
3,537269,537251,18,MDYPSF,length1,18
3,537530,537518,12,MRRT,length1,12
3,537542,537533,9,MII,length1,9
3,537617,537551,66,MTTTSLRLMILKGNLQNDGKLM,length1,66
3,538706,537782,924,MIIVTGGAGFIGSNIVKALNDLGRKDILVVDNLKDGTKFANLVDLDIADYCDKEDFIASIIAGDEFGDIDAVFHEGACSATTEWDGKYIMHNNYEYSKELLHYCLDREIPFFYASSAATYGDTKVFREEREFEGPLNVYGYSKFLFDQYVRNILPEAKSPVCGFRYFNVYGPRENHKGSMASVAFHLNNQILKGENPKLFAGSEGFRRDFVYVGDVAAVNIWCWQNGISGIYNLGTGNAESFRAVADAVVKFHGKGEIETIPFPEHLKSRYQEYTQADLTKLRSTGYDKPFKTVAEGVTEYMAWLNRK,length1,924
3,538916,538862,54,MKVSHKNSSSPSPFAHIA,length1,54
3,539252,539162,90,MLAFALGKGGTLSPLKNGKIVMPFAPIGAC,length1,90
3,539684,539522,162,MTFSLKPNKVAISGLITPIFCSAESNFGNTSSIFNSGARYLKTSLFHSLFTTSK,length1,162
3,539795,539762,33,MILRILANLSG,length1,33
3,540155,539846,309,MMPNFSNTAVCPPNFSISISFSVAVSVSHQSLALYRGRSFLSNITSPCCCPEMPIPFTKLGEKCGEFFACFNAICNACCNASIHQFGCCSRLPLDCVINSCFA,length1,309
3,540308,540242,66,MSPKIKKCGEIQPHFCFIFSYK,length1,66
3,540608,540524,84,MPIHQLHRYERKINHKDQYFVGEFSHQN,length1,84
3,540809,540752,57,MHKLLQFHVERYGQQASRG,length1,57
3,540941,540932,9,MYL,length1,9
3,541658,541637,21,MKFFAFL,length1,21
3,541748,541682,66,MLFNFSMLIICNCGVDHSCEKT,length1,66
3,542999,541829,1170,MNNFYNFDVIIDRLNTFSAKWNVDNDIIPMSVADMDIPAPQIMIDELEKFNRLGIYGYTELPADYYKIISDYIFEQYHYSVLSEKIVFCPRIIQAVSIYIRAFTKENDGICILSPSYSPILNTIKLNDRKLYQCPLVYENRKYHIDFHLLEECFKHSKVFVLISPHNPTGTIWNKEVLIKIINLAKKHNVFIISDDVHADFTLTNDSHYLISSLDEWVANHSMICLSPAKTFNIPGLEIANLIIENKEIREKFIKEMMALGIHNPNYFSIPAIISLYKYCTDWVIYLKEYIKNNKKIVKEFFNEYIPLLDITESDGTYLLWINYKKLSINENELAYWINNLSRVKVSLGSEFGKEGDGFFRMNVAMPRKKLLEALNRIKNGFCLLNNREI,length1,1170
3,543773,543758,15,MGIYY,length1,15
3,544505,544262,243,MDCRRCIYGRHIRCCNIVLFTLGNFMLERYYLCYYLWCKWNRYCEAKKINVVLDIKMASYSGYFYLEAKYLFYYNLNSNFP,length1,243
3,544649,544622,27,MYVGYFCRR,length1,27
3,546851,546800,51,MKVCLVKRKLIKILLIR,length1,51
3,546977,546869,108,MLALGEHFYLLYFLSLRLYLLIQGLRKLSLTYQLRR,length1,108
3,547193,547130,63,MHRNRPAFRSQTYLKMPQQEA,length1,63
3,547520,547502,18,MNVIYQ,length1,18
3,547670,547607,63,MQGRYPLRTFHASQYAGAIMV,length1,63
3,547865,547709,156,MQHKMLLSLGGVQAMLLLLEPSQFQIHRLSQYQQLCDKSVNPNNLVQSHINQ,length1,156
3,548030,547928,102,MHQIKCRQIRHQSESKLREIHLGRVLDLSLRKLH,length1,102
3,548240,548228,12,MNRI,length1,12
3,548417,548306,111,MSFRLNYSSLNKSAVKIHRTLFFFVYPSIPSNSAVLK,length1,111
3,548651,548450,201,MSLSANSGNLAKRSAAATAAPDEIPARMPSSAIKRRAVASAVSLSTVSTRSIIDKSKFLGMKPAPIP,length1,201
3,548873,548702,171,MTGDSTGSTATEVICLPKSNLIAREIPVIEPPVPTPATTTSTLPSVSFQISGPVVSR,length1,171
3,548918,548912,6,MT,length1,6
3,549215,549107,108,MPVLPLVASTISFPFVSVPSFSACHTIFAPIRHFTL,length1,108
3,549374,549359,15,MLVYL,length1,15
3,549605,549593,12,MCNK,length1,12
3,550334,550271,63,MLKTDRTFPLKFHTLKYFFTY,length1,63
3,550388,550340,48,MVALAPFIALSPNYRA,length1,48
3,551384,550400,984,MDLNTILIIVGIVALVALIVHGLWSNRREKSKYFDKANKFDRTSPTSRSHTQEEMVQPNNISPNTYVENGHTPISQPTTEKLPSEAELIDYRQSDKSVDDIKISIPNTQPIYDMGNHRSEPIQPTQPQYDMPTANNVASMTLEQLEAQSQNVGFNGINSSSPELRVQLAELSHEEHQVDYNLSFNEPKAETTAQPKQTTGYIQLYLIPKSSEEFNGAKLVQALENLGFILGKDEMYHRHLDLSVASPVLFSVANLEQPGTFNAYNLAEFNTIGIVLFMQLPSPGNNLANLRMMMRAAHTLAEDLQGVILTEEQEIFDANAEQAYLARV,length1,984
3,553508,551498,2010,MTNIQTQLDNLRKTLRQYEYEYHVLDNPSVPDSEYDRLFHQLKALELEHPEFLTSDSPTQRVGAKPLSGFSQIRHEIPMLSLDNAFSDAEFNAFVKRIEDRLILLPKPLTFCCEPKLDGLAVSILYVNGELTQAATRGDGTTGEDITANIRTIRNVPLQLLTDNPPARLEVRGEVFMPHAGFERLNKYALEHNEKTFANPRNAAAGSLRQLDPNITSKRPLVLNAYGIGIAEGIDLPTTHYDRLQWLKSIGIPVNPEIRLCNGADEVLGFYRDIQNKRSSLGYDIDGTVLKINDIALQNELGFISKAPRWAIAYKFPAQEELTLLNDVEFQVGRTGAITPVAKLEPVFVAGVTVSNATLHNGDEIERLNIAIGDTVVIRRAGDVIPQIIGVLHERRPDNAKPIIFPTNCPVCDSQIIRIEGEAVARCTGGLFCAAQRKEALKHFVSRKAMDIDGVGGKLIEQLVDRELIHTPADLFKLDLTTLTRLERMGAKSAENALNSLENAKSTTLDRFIFALGIREVGEATALNLANHFKTLDALKDANLEELQQVPDVGEVVANRIFIFWREAHNVAVVEDLIAQGVHWETVEVKEASENLFKDKTVVLTGTLTQMGRNEAKALLQQLGAKVSGSVSSKTDFVIAGDGAGSKLAKAQELNITVLTEEEFLAQITR,length1,2010
3,553793,553760,33,MNMLLNLKLHN,length1,33
3,554357,554303,54,MKQNKEKSAIFIIHFSFL,length1,54
3,554654,554639,15,MLVCS,length1,15
3,556265,556259,6,ML,length1,6
3,556532,556475,57,MGIPTHGSINYFFNNTLNR,length1,57
3,556613,556547,66,MHNNPPNAINKPPIQIQRINGL,length1,66
3,558275,558209,66,MGKVVLELFTIYCTLKSLTANR,length1,66
3,558320,558296,24,MLRLANKP,length1,24
3,558908,558848,60,MAYKTSRYFDVMHTASIHLQ,length1,60
3,559403,559400,3,M,length1,3
3,559442,559430,12,MNNR,length1,12
3,559706,559682,24,MSLLNLPH,length1,24
3,559829,559772,57,MYIHNSETIALLVICWGEC,length1,57
3,559937,559934,3,M,length1,3
3,560171,560147,24,MKQKLKQE,length1,24
3,560309,560282,27,MSKPMPTKY,length1,27
3,560549,560492,57,MLKVMQLPMRYPVRYGKVI,length1,57
3,561338,561194,144,MPLCPSICTKSPLLKSQVKARKSTRSPRWQDKFCRDNLCCSNIITEGK,length1,144
3,561398,561365,33,MKFSQLKHITL,length1,33
3,561980,561962,18,MVSINR,length1,18
3,562379,562340,39,MFIFHKQSIIKIQ,length1,39
3,562544,562385,159,MKKCKASLVRSKRMLLWQNFKLLKIEFITIFYNYFYDHIKVKPKKCVAINNKT,length1,159
3,564197,563414,783,MIVNFISALGKQVIDFFRALGRAGFMLFGALIGKPQIRKHFPLLVKQMHVLGVQSLLIILLSGLFIGMVLGLQGYVVLVDFSAETSLGQLVALSLLRELGPVVTALLFAGRAGSALTAEIGLMKATEQLSSLEMMAVDPLRRVIAPRFWAGVISMPILSILFIAIGIWGSSLVGVDWKGVDSGSFWSVMQNSVSWSYDILNGFIKAVFFAVAVTWIALFNGYDCMPTSEGISQATTRTVVHASLVVLGLDFILTAIMFGAS,length1,783
3,564707,564209,498,MRQTIKYEFWVGLFLLLGIGALVFLGLRVANVQGFAETKSYTVTAIFNNIGGLKVRAPLKIGGVVIGRVSAITLDEKSYLPKVSIAINQEYNEIPENSSLSIKTSGLLGEQYIALTIGFDDGDTAMLKNGSQIQDTTSAIVLEDLIGQFLYGSKKSDGNEKSESAE,length1,498
3,564845,564839,6,MF,length1,6
3,564959,564941,18,MIYCLT,length1,18
3,564989,564971,18,MQVLKY,length1,18
3,565199,565178,21,MALLRSY,length1,21
3,565712,565397,315,MLNWDLQKNNDKITLFLFGELSRSTLLPMWQQRGVFLSESTLDKTIVEWNLSGLQHIDSAGFTALCDFLRECQKINKTVRLVYPPKQLLTLADLVGLSDWIANFT,length1,315
3,565823,565793,30,MHKVKMHILV,length1,30
3,565862,565838,24,MKLLHYLV,length1,24
3,565892,565883,9,MPL,length1,9
3,567275,566003,1272,MDKFRVYGQSRLSGSVNISGAKNAALPILFAAILATEPVKLTNVPELKDIETTLNILRQLGVIANRDETGAVLLDASNINHFTAPYELVKTMRASIWALAPLVARFHQAQVSLPGGCSIGARPVDLHISGLEKLGADIVLEEGYVKAQVSDRLVGTRIVIEKVSVGATLSIMMAATLAKGTTVIENAAREPEIVDTADFLNKMGAKITGAGSDHITIEGVERLTGCEHSIVPDRIETGTFLIAAAISGGRVVCQNTKADTLDAVIDKLREAGAQVDVTENSITLDMLGNRPKAVNIRTAPHPGFPTDMQAQFTLLNMVAEGTSIITETIFENRFMHIPELIRMGGKAEIEGNTAVCHGVEQLSGTEVIATDLRASISLVLAGCIATGETIVDRIYHIDRGYEHIEDKLRALGAKIERFSRSDEA,length1,1272
3,568349,567578,771,MKKLLFTTALLTGVIAFSTFSHAGEIADRVEQTKTLLVGTEGTYAPFTFHDKSGKLTGFDVEVIRKVAEKLGLKVEFKETQWDAMYAGLNAKRFDVIANQTNPSPERLKKYSFTTPYNYSGGVIVTKSSDNSIKSFEDLKGRKSAQSATSNWGKDAKAAGAQILVVDGLAQSLELIKQGRAEATINDKLAVLDYFKQHPNSGLKIAYDRGDKTPTAFAFLQGEDALITKFNQVLEALRQDGTLKQISIEWFGYDITQ,length1,771
3,568631,568556,75,MSSVYLYNSRYTDVSTNFYYFLWIT,length1,75
3,569882,569879,3,M,length1,3
3,569990,569927,63,MLLHLYITNSLCKNKNAHVKI,length1,63
3,570134,570110,24,MYKHLILG,length1,24
3,570263,570239,24,MLLGDRIS,length1,24
3,570365,570350,15,MVEKA,length1,15
3,570488,570482,6,MV,length1,6
3,570671,570647,24,MVIITGRN,length1,24
3,570782,570731,51,MINLTGIFLLQKHQVIS,length1,51
3,571100,571085,15,MVSLP,length1,15
3,571559,571433,126,MPSTPFNTSTPLVSTSWESIYLMLTLKRFVKPACFKASFTDL,length1,126
3,571631,571598,33,MVTSPTGLACL,length1,33
3,571862,571766,96,MTARSATLQNKAIFARSFGGIIRSERQINTSG,length1,96
3,571937,571934,3,M,length1,3
3,572132,572090,42,MTRSLISFVICGIT,length1,42
3,572246,572234,12,MKRS,length1,12
3,572459,572360,99,MVTFKPRASKIAANDAAAMPLPNDETTPPVTKI,length1,99
3,572678,572501,177,MIIANHLTDKINQKCGQKSKIISYQRRDGSLPDLRNELNASFGLILFILGKDQQLHYKC,length1,177
3,572690,572681,9,MIN,length1,9
3,572801,572771,30,MILHNEINHL,length1,30
3,572864,572849,15,MKYNK,length1,15
3,574688,573125,1563,MLDVVDLSRLQFALTALYHFIFVPLTLGLSFILVIMETIYVATGKEVYKDMTKFWGKLFGINFALGVTTGIIMEFQFGTNWSYYSHYVGDIFGAPLAIEALLAFFLESTFVGLFFFGWDRLSKGKHLLATYCVAFGSNLSAMWILVANGWMQAPTGSKFNFETVRMEMTNFLDLWLNPVAQSKFLHTLSAGYVTGAFFVLAISSYFLLKGRDFEFAKRSFSVAATFGFIASISVLILGDESGYDIGKAQPVKLAAMEAEFETHPAPAPFLPVAIPNTAEMKNDFAIEIPYLGGVIATRSIDKEIIGLKDLQALNETRVRSGIRAYELFTQLRAEKKANGQVNEETKAQFNEVKKDLGFGLLLKRYTNNVVDATEEQIKQAARDTIPNVGPNFWAFRAMIAAGGLIALLTFGAFVQNLRNKVTQIPLLLKVLLWGLPLPWIAIECGWFLAEYGRQPWAIYEILPVGVSASNLSTGDLWFSIGLICALYLAFIIVEMYLMFKYARLGPSALKTGKYYFEQSAK,length1,1563
3,574745,574715,30,MNFYVLFGGC,length1,30
3,574799,574781,18,MDLIWA,length1,18
3,574898,574877,21,MVTKFGY,length1,21
3,574973,574940,33,MQYLSQVFTLH,length1,33
3,575390,575381,9,MVM,length1,9
3,575513,575480,33,MKCQFFGFSLL,length1,33
3,575591,575537,54,MLHFLKRIVVVLHFSSLH,length1,54
3,575849,575801,48,MLISLIKINTHYTKEK,length1,48
3,575921,575909,12,MHHQ,length1,12
3,576095,576062,33,MLEYLPKFPFF,length1,33
3,576557,576107,450,MTLQLNTIALLLVILLILGVLSNNSAITISAAVLLIMQQTFLSSHIPLLEKYGVKIGIIILTIGVLSPLVSGKIQLPDLSGFLSWKMALSIAVGVLVAWLAGKGVPLMGEQPILVTGLLIGTIIGVAFLGGIPVGPLIAAGILALLLGKI,length1,450
3,576932,576560,372,MKNKYLTIATLSGFFCVALGAFAAHGLSHILEAKALSWIDTGLEYQMFHTIAVLAVALSALRDNKFARLSMSSWLIGILLFSGSLYALAFEASNVIVWITPIGGTLFLIGWISLAYGSFKSKSL,length1,372
3,577127,576995,132,MTSCGWINVAYPPAFMVLEKLKAKRLNKPLPLKSNSKLNKLDYV,length1,132
3,577559,577538,21,MKPTNVA,length1,21
3,577736,577646,90,MWNAFLNILIMHRSLKSQAEPILLKCVIVP,length1,90
3,577820,577778,42,MRWMNCKQKVEAIS,length1,42
3,577883,577832,51,MESVKFVILPKPCKSKI,length1,51
3,578027,578024,3,M,length1,3
3,578336,578276,60,MILKRSHLLMRQINAIFKMG,length1,60
3,578498,578492,6,MK,length1,6
3,578660,578570,90,MKNIVVLPIKNQISWLSSIFGIIYKNNKKH,length1,90
3,578948,578891,57,MPILQFSPILCFSKNNRNG,length1,57
3,579149,579101,48,MRKSRFTVCRLWLRDQ,length1,48
3,579449,579317,132,MIAHCLNFTISVLAQKLSLKNILIPGGKRHSKKILNCLILNVHF,length1,132
3,579473,579455,18,MMMRNK,length1,18
3,579566,579554,12,MRTA,length1,12
3,579731,579716,15,MLKLF,length1,15
3,579794,579779,15,MNCVV,length1,15
3,579905,579875,30,MKTVRKSQNP,length1,30
3,579920,579914,6,MS,length1,6
3,580079,579971,108,MMALSKAGCIFGALQIYHNVMNKNNVVSASKRSQLL,length1,108
3,580268,580082,186,MKKMRWVSNCLKQSLSNRWRCNKVYVVCYCSMCHHQLNIFMKNCRIRLNWVCILLRSVAYWI,length1,186
3,580295,580274,21,MTVLLVP,length1,21
3,580388,580334,54,MKQALKNCVISFEKILTK,length1,54
3,580625,580553,72,MIAYQIYNVICKPLINVLISWLKM,length1,72
3,580745,580721,24,MRWRRFDI,length1,24
3,581060,581027,33,MDINNNSQLST,length1,33
3,581495,581483,12,MLDM,length1,12
3,581576,581528,48,MGGKRLFQCEMGKGRA,length1,48
3,582353,582302,51,MALGLHCCKPWWSYACA,length1,51
3,582578,582563,15,MGATS,length1,15
3,582872,582866,6,MP,length1,6
3,583169,583160,9,MGA,length1,9
3,584018,583343,675,MTVCSRRNFVSGMGAVILMTGTSLPSFAKEDKADKPKRYAMIHDENACIGCTACMDSCRDVNQVPEGVSRLEILRSEPYGEFPNQEYEFFRQSCQHCTNAPCVAVCPTGASFIDKETGIVDVHKDLCVGCQYCIAVCPYRVRFIHPVHRTADKCNFCRDTNLANGKQPACVEACPTKALTFGDMNDPTSAVSRKVKEKSVYRTKVELGTQPNLYHIPFQHGEPRR,length1,675
3,584822,584777,45,MPYLVFGERYSGLEY,length1,45
3,584876,584867,9,MTV,length1,9
3,584975,584957,18,MRDNSL,length1,18
3,585137,585122,15,MLYLN,length1,15
3,585197,585185,12,MYFL,length1,12
3,585323,585311,12,MIAS,length1,12
3,585746,585710,36,MIAHHAIHPRFC,length1,36
3,586904,586832,72,MGTQLQLEFSRSHQICRRENLLAF,length1,72
3,587834,587819,15,MVKSD,length1,15
3,588602,588527,75,MFTLHTIAKLKITVFWQTMQRLQVT,length1,75
3,588620,588611,9,MIS,length1,9
3,588758,588707,51,MYHLMLWRKATTPVHLA,length1,51
3,589226,589124,102,MLALLVLQAQECWLKAVKRSSIWKSFLLWVWLKS,length1,102
3,589337,589262,75,MSFKLCCKKNLMFTSALMRLILIWM,length1,75
3,589601,589493,108,MSLAVLLDTQWQMLFRSNQTVPKHAKCYRLIPHNAI,length1,108
3,589814,589799,15,MHDKQ,length1,15
3,589892,589826,66,MQHFLLQEQQHLKQCFVNPQWW,length1,66
3,590000,589979,21,MKCSCLK,length1,21
3,590075,590060,15,MMKVR,length1,15
3,590174,590135,39,MPISKRLKQSLIY,length1,39
3,590780,590189,591,MFEYPQGYELIAGVDEVGRGPLVGAVVTAAVILDPNNPIEGLADSKKLSEKKRLALAEEIKEKALAWALGRAEANEIDEINILQASLLAMTRAVKSLKIQPHFVLVDGNKIPKDLAIPAQAVVKGDNLVAEISAASILAKVARDQEMEELDKQYPEYAFAQHKGYPTKLHLEKLAELGALPQHRRSFAPVKKALEQF,length1,591
3,590957,590828,129,MLSLKFDAHKQNFLTSVSQRKQVKRVIKPVRSINIPKHSAIPL,length1,129
3,590993,590975,18,MTYEDL,length1,18
3,591158,591149,9,MMS,length1,9
3,591281,591185,96,MVFWCLNCRIFVFSWTNTESIIPTQNTPIALA,length1,96
3,591488,591356,132,MADKAPKKAKKFILNAITASQPASQPASQPASQPASQPANYTLN,length1,132
3,591677,591536,141,MKLTDFLTQKHSQNSLAIPQMASNPLAKSNAILTARQPKISLSKAII,length1,141
3,591812,591758,54,MTVSNTTTNLIIPLGSLL,length1,54
3,591860,591851,9,MMA,length1,9
3,591899,591878,21,MTMNKPI,length1,21
3,592034,592001,33,MEILLKMLNIL,length1,33
3,592070,592049,21,MDIKILQ,length1,21
3,592124,592082,42,MICVQNMMNTIRYI,length1,42
3,592187,592133,54,MGLLGNLKNYMIIDFQKI,length1,54
3,592253,592235,18,MNLPRL,length1,18
3,592376,592352,24,MEENIFLH,length1,24
3,592406,592385,21,MAKFANY,length1,21
3,592532,592448,84,MMRDFIKFVVIGGKVFTLIWEMLEKKGA,length1,84
3,592565,592544,21,MAKKESV,length1,21
3,592907,592799,108,MPNLLHLTKQQNNKFWRAKIQTTSKRCLMNYANAIS,length1,108
3,592919,592916,3,M,length1,3
3,592994,592928,66,MNLVKSLKNLNFKPYHLTNKNK,length1,66
3,593072,593027,45,MFHYPKWTMNNLQVA,length1,45
3,593093,593078,15,MTIKR,length1,15
3,595304,593141,2163,MANNKTLFDWVEDRKSMLEEMEQTDFFALPEFVSNNLKYPFFEWQKSALENFVIFDRTPKLKDFPDIKNRPTHLLFNMATGAGKTMMMAALILYYFEKGYRHFLFFVNQNNIVDKTENNFTDPTHAKFLFTEKILQGDTVIPIRKVETFSPHSDGIEIKFTSIQKLYNDIRTRRENQTTLADLHKLNLVMLGDEAHHLNAQTKGKKQGELDLEKEMNDRTSNAEIERKGWEHMVLELLLNKNGNHSQNVLLEFTATLPENADVQQKYADKIITKFGLKEFLQKGYTKEINLVSSTLGKKERVLHALLFAWYRHRIALKYGIANFKPVMLFRSKTIDESKADYLAFLNWAENVQAVDFSFLTTFSTSLNDSDSDNANEQGKTRTEQALKFMQEKGVEFAHLADWVKQNYQKHNVIITNSESNKTKTEKTDSETEKLLNNLEAADNPIRAIFTVDRLTEGWDVLNLFDIVRLYEGQNGGGSNKKSGKTAAATVSEKQLIGRGVRYFPFAFEDKQPNKRKFDNDMQHELRILEELFYYTHDEQSRYISELKAELRKDGFIPENDKDKVLTTFKLKSEFADDETFKNLLIWANQKVKNPNAKANNADSLKANPQTLSFQIHGNQLLQETQFTADENDETARQIGTQNNFTQTIKMSEMERHIFNKALHIKGKNSQSLFHFDRLQSKLNIQNRNELQNNLLKDWQIEFLGLGQDKQISPDDNLQAA,length1,2163
3,595439,595337,102,MKVICHLSVQKNLRLKNCGKFLAHQNKNGSKKMM,length1,102
3,595475,595463,12,MIGM,length1,12
3,595571,595559,12,MTFI,length1,12
3,595598,595580,18,MKKCLN,length1,18
3,595649,595613,36,MVKDLCRTLFYC,length1,36
3,595682,595676,6,MV,length1,6
3,595832,595787,45,MGRIRSCKKIHRIIV,length1,45
3,595895,595868,27,MDNLRSYSL,length1,27
3,596009,596003,6,ME,length1,6
3,596093,596039,54,MLLMHVKNKYKLHLHLMR,length1,54
3,596165,596105,60,MQQQPQLHLHQLLLLLLRVR,length1,60
3,596210,596204,6,MR,length1,6
3,596288,596264,24,MLGKLVTF,length1,24
3,596324,596306,18,MRQMIF,length1,18
3,596360,596333,27,MCVLSNLQT,length1,27
3,596486,596426,60,MILAYLSQFLSLTSHYGLFR,length1,60
3,596603,596549,54,MANISSRKGCRKRHIPSY,length1,54
3,596933,596876,57,MRHAHSSFSAAFFARSTKK,length1,57
3,597734,597683,51,MARKKSFINWNGCSITY,length1,51
3,598433,598325,108,MEKWSSWRGCNSNGNGHGITRKWAFSLDYVGICPFV,length1,108
3,599882,599876,6,MK,length1,6
3,600041,599966,75,MVRCSTRLMPPQHLVRRLWQPKRIY,length1,75
3,600623,600377,246,MPCSFALPKAPFEYLPIFSAVPKRIPKISRAGMPAARASATNTELISVHLPFNTPVVRIFSTSPSPQPNTELSRSIFFTIQW,length1,246
3,600752,600692,60,MPSVLICGVAFKYSCTSTEY,length1,60
3,600914,600821,93,MTIVTFKSRFCASLSQVANKVFAPYLLFSVT,length1,93
3,600926,600923,3,M,length1,3
3,601097,601085,12,MVFA,length1,12
3,601166,601148,18,MKRSSS,length1,18
3,601226,601211,15,MLTDF,length1,15
3,601316,601295,21,MYLLIIS,length1,21
3,601499,601496,3,M,length1,3
3,601568,601526,42,MKIVRNVLFGVLVQ,length1,42
3,601733,601625,108,MWKPIIRGQKHIILIIRFVLVYVDVLCVVECITQTV,length1,108
3,601805,601796,9,MRL,length1,9
3,601868,601847,21,MAMNQFI,length1,21
3,601931,601874,57,MVREHSVAQWLNLGLLHPL,length1,57
3,602012,601976,36,MVITAPHKLQSV,length1,36
3,602078,602024,54,MVVVGHWEMEWLTLKTPN,length1,54
3,602177,602168,9,MPK,length1,9
3,602285,602201,84,MILVQGVKMSGSQFVRVLMQPLLLPLLM,length1,84
3,602402,602342,60,MMKKHYPLTPLKMVIIKPIF,length1,60
3,602567,602408,159,MVMMMVSLKPLNGRLKSLVFQRRELLNSHVKLVVQNLPLFPKAGGLNVVVMEN,length1,159
3,602684,602609,75,MLEFTVVTLVLVKVRTAFHLCGCQR,length1,75
3,602753,602729,24,MQLFAAQK,length1,24
3,602810,602768,42,MVFVVLINYLPPLK,length1,42
3,602903,602849,54,MHKSIVPTIFYKMIPNVK,length1,54
3,603047,603002,45,MPLYPIWPMSFLQIK,length1,45
3,603350,603170,180,MSNLEKNYLNYLLLKNLDNKVFLKRLILMALKLHTKISVIIQKPIHLKRHLAKLKFILLV,length1,180
3,603392,603386,6,MK,length1,6
3,603527,603509,18,MAMWMY,length1,18
3,603602,603569,33,MQNLVILKMAI,length1,33
3,603644,603617,27,MIEAKYVLM,length1,27
3,603803,603701,102,MHQIKIVSIIQVALMYLRHNAHHRLRKVIRNILI,length1,102
3,604391,603836,555,MEQYGFYFDSERCTGCKTCELACKDYKDLGTEVNFRRIYEYTGGQWNQQADGCWHQNIFAYYMSISCNHCADPACTKVCPTGAMHKNADGFVIVNEEICIGCRYCHMACPYDAPQYDAQKGHMTKCDGCYSCVKSGQKPICVDACPLRALDFAPIDELRAKYGTQASIAPLPPADITQPNSGKTQ,length1,555
3,604481,604469,12,MNCH,length1,12
3,604589,604550,39,MRKIQKVALIFIK,length1,39
3,604739,604706,33,MKLPLVQYFSH,length1,33
3,604811,604796,15,MYGEL,length1,15
3,604844,604841,3,M,length1,3
3,604895,604889,6,MH,length1,6
3,604958,604949,9,MRY,length1,9
3,605120,605090,30,MPLTSYQIMP,length1,30
3,605264,605252,12,MDYI,length1,12
3,605498,605435,63,MGVYSVQYFTMSLMMHDLLIF,length1,63
3,605552,605549,3,M,length1,3
3,605714,605642,72,MNYLRHLGDLYILILNVLFLVILS,length1,72
3,605792,605768,24,MNQKIILA,length1,24
3,605999,605987,12,MCRQ,length1,12
3,606206,606188,18,MRFSLP,length1,18
3,606317,606281,36,MRRSLSDKCTTS,length1,36
3,606476,606473,3,M,length1,3
3,606866,606863,3,M,length1,3
3,606947,606920,27,MVKCSCRKW,length1,27
3,607199,607175,24,MKKRISSH,length1,24
3,607421,607355,66,MPLIILKVAKKHVKYGMMRKWF,length1,66
3,607430,607424,6,MN,length1,6
3,607610,607496,114,MMLCYSLMKNARKQLAPLTAYANKRNVVKTARAHLTSA,length1,114
3,607766,607724,42,MTTMLSYYKLWATA,length1,42
3,607928,607859,69,MKIMLASDLHRVIQAARNTRKKP,length1,69
3,608120,608066,54,MKTKLKVMPNVKVGMRER,length1,54
3,608570,608564,6,MS,length1,6
3,608669,608627,42,MVGVSGTRVYLPFT,length1,42
3,608753,608738,15,MGYRR,length1,15
3,609548,609524,24,MDAKNAKI,length1,24
3,609617,609611,6,ME,length1,6
3,609911,609860,51,MFLLNSTSVDAGAIFLY,length1,51
3,610526,610520,6,MV,length1,6
3,610772,610679,93,MESKIPDKIVSFKGSSAITTLGKPPYFSYSE,length1,93
3,611231,611162,69,MSSTDLPERRTPEMTLIKSVSLN,length1,69
3,611621,611471,150,MNKLKMALLVVFLVSLFACTTTHQSKKTVKSRFLKNNRLNKISIINIYTT,length1,150
3,611897,611807,90,MALESRFLKDVVYVFFVIIKQPVFPPSQIV,length1,90
3,612038,611924,114,MLLRIFVKQHKAKSILKTPIRSFVKFGDKTGFLRIMVI,length1,114
3,612248,612236,12,MASG,length1,12
3,612332,612278,54,MLCEKHLLAKLTVLMMME,length1,54
3,612395,612350,45,MQKQEIRSISSQHFL,length1,45
3,612512,612404,108,MNLGQKWKMVDLCFLKMERKSPKLLGRQKKRLMMVL,length1,108
3,612725,612716,9,MNI,length1,9
3,613025,612965,60,MLFNTVNTPNTKSTFTDKPK,length1,60
3,613355,613301,54,MVSVRLRSLIQLPLDSHI,length1,54
3,613454,613400,54,MQLMLQEGTSQKQLRKIS,length1,54
3,613589,613523,66,MIHYAVAKIQYLVRFLVLVLTD,length1,66
3,613685,613625,60,MHVEYPSSTNELLSWCLLVP,length1,60
3,613736,613697,39,MLHQRLHLVFRLK,length1,39
3,613913,613886,27,MRVARDHAT,length1,27
3,614150,613991,159,MSEGVNHLHLQRNGRKLRYLPVLEKMLGSDLSLLVVFHVLRLSAQVNQAKWQY,length1,159
3,614246,614237,9,MNS,length1,9
3,614423,614393,30,MTVQSVCPSR,length1,30
3,614513,614438,75,MLRLKAVFVKFYQKTMATFRPYLKN,length1,75
3,614915,614795,120,MQDPIKISINCSSWKSDSVVILIVSFFSFNSITASTPRKS,length1,120
3,615236,615230,6,MF,length1,6
3,615365,615314,51,MQQNQVAIRLSNNPQNK,length1,51
3,615557,615494,63,MYPLDNANFARNLIPPSLHFP,length1,63
3,616010,616007,3,M,length1,3
3,616226,616217,9,MSS,length1,9
3,618341,616301,2040,MRKIIFQNELSQENKMATRRQLANAIRVLAMDSVQKAKSGHPGAPMGMADIAEVLWRDFLKHNPTNPKWADRDRFVLSNGHGSMLIYSLLHLTGYDLSIEDLKQFRQLHSKTPGHPEYGYAPGVETTTGPLGQGITNAVGMAIAEKTLAGQFNREGHEIVDHHTYVFLGDGCLMEGISHEACSLAGTLGLGKLIAFYDDNNISIDGHVDGWFSDDTAERFEAYGWQVIRNVNGHNAEQIRAAAVLAQAEKEKPTLIICKTIIGFGSPNKSGSHDCHGAPLGDEEIALTRKALGWEYAPFEIPAEYYAEWSAKEKGAAAEKSWEEKFAAYAKAYPELAAEFKRRVSGELPTNWAAESKAFIEKLQANPASIASRKASQNAIEAYAHLLPEFLGGSADLASSNLTLWSGSKPIRAHENVSGNYINYGVREFGMSAIMNGIALHGGFIPYGATFLMFYEYAHNAVRMAALMKQRTLFVYTHDSIGLGEDGPTHQPVEQTASLRLIPNLETWRPCDQVESAIAWQQAVERQDGPSALIFTRQNLAQMNRTSAQLDAVKRGAYVLKDCDGTPELIFIATGSEVELAVQAAEALSAEGKKVRVVSMPSTNRFDKQDEAYRESVLPAAVTKRVAIEAGIADFWYKYVGFNGRVVGMNSFGESAPADQLFKLFGFTVENVVAKAKEIL,length1,2040
3,618419,618413,6,MK,length1,6
3,619436,619373,63,MAFQITPQLCKQTNILHLDEV,length1,63
3,619532,619526,6,MN,length1,6
3,620024,620006,18,METGRS,length1,18
3,620351,620345,6,MR,length1,6
3,620561,620537,24,MKRCAQNT,length1,24
3,620738,620735,3,M,length1,3
3,620870,620855,15,MPNLE,length1,15
3,621395,621386,9,MGN,length1,9
3,621461,621419,42,MPLPRHSKKISKPS,length1,42
3,621668,621662,6,ML,length1,6
3,621818,621788,30,MTRAKLWMMK,length1,30
3,621848,621845,3,M,length1,3
3,622034,622028,6,MP,length1,6
3,622625,622166,459,MCCNLILNPLRLLRMHRKYLTSLYPLLPYAYLNFSKQIEFYLQDKLHSSKPINHVPHCWCEDLDKSHEDLGVQLILSNFSADFVIWFYRTQKHNYRNRKVRRSYLSILLVNQAELNPRYLVQKYLFFQLVPKKSYLNLAQYPLLFSFLPSEHG,length1,459
3,622802,622778,24,MQQWKKVR,length1,24
3,623426,623408,18,MFSLIS,length1,18
3,623453,623444,9,MNR,length1,9
3,623591,623552,39,MKKTKDLSLTISP,length1,39
3,623786,623756,30,MVFTSLNQSS,length1,30
3,624650,624605,45,MLTTLRQYKWQYQRY,length1,45
3,624749,624737,12,MHHQ,length1,12
3,624917,624890,27,MPHHNCGHR,length1,27
3,625349,625295,54,MPIVAFLFFLPFDYHSKT,length1,54
3,625520,625397,123,MINLQNPHNEQAHDQKSKSPNRVHFAILTANLIFLKTDPYI,length1,123
3,625799,625763,36,MLSYQIPQFCLD,length1,36
3,626033,625970,63,MVWFSMENHITTYNLFACFHR,length1,63
3,626282,626270,12,MLAV,length1,12
3,626471,626426,45,MEFHRKNQQSNKITR,length1,45
3,627740,627638,102,MQLRHLQRLLVIHSHLPSLNPRHSRQKFYPKISF,length1,102
3,629015,628988,27,MLCGFLKCI,length1,27
3,629033,629018,15,MTTTS,length1,15
3,629090,629081,9,MLT,length1,9
3,629177,629108,69,MRLSGKTNNLITTLFAFTCLFAI,length1,69
3,629555,629393,162,MQWHTVNMNMLTQYITGCTCNIRDDSRFATSKCIKQTRFTCIRATSNHYFHTFT,length1,162
3,630533,630530,3,M,length1,3
3,630641,630626,15,MKIGI,length1,15
3,631352,631346,6,MA,length1,6
3,631853,631748,105,MACELEGELAGTSEVAVIEVVCSVCTGGFLSNCHC,length1,105
3,632069,632042,27,MLQYHSKNK,length1,27
3,632270,632264,6,ML,length1,6
3,632357,632333,24,MFFSNGQT,length1,24
3,632459,632366,93,MFKIIFSSKDCNFGSTSSEWLFENIFELNGS,length1,93
3,632885,632786,99,MLEITQQLVYNLKIFFQFRDKFYFYHNDKKHDY,length1,99
3,633176,633050,126,MKYHETNPAPNQVSMSFVDKHYLMLVYFLDENPCQQTKIGCF,length1,126
3,633269,633191,78,MLMKRNNNYHLNVFGFYNEILHTQVR,length1,78
3,633887,633851,36,MRLERIIHDNKQ,length1,36
3,634295,634217,78,MISLLMIREKVVLRHFSYFIHELKKL,length1,78
3,634442,634439,3,M,length1,3
3,634892,634607,285,MKMAIYHIFPHFLRLKRMLKKLKKKRAYIQIQLGELMNLMKNQKILIHKNTFILVCTILRIGESFPNPKKKKKKLILAIMVMRFIMVIKLQQTCQ,length1,285
3,634967,634946,21,MANVILC,length1,21
3,635024,634973,51,MTYKLIPDVVQFQKILI,length1,51
3,635051,635030,21,MIQLMVT,length1,21
3,635168,635162,6,MI,length1,6
3,635417,635408,9,MAS,length1,9
3,635531,635450,81,MQQPMQQPIQKTLRRKIYQVLVKLITF,length1,81
3,635582,635567,15,MLVIS,length1,15
3,635603,635597,6,MR,length1,6
3,635654,635651,3,M,length1,3
3,635729,635672,57,MRIRRRKTKMKQDNTTNFC,length1,57
3,635900,635810,90,MARHLTPLQEINNKIKMLSPSLLLILAIKH,length1,90
3,636011,635918,93,MQTHKIPCLTLRQTLKIVVMPSKVQQPQQIL,length1,93
3,636068,636017,51,MVTIVKMEIPKLILKLK,length1,51
3,636104,636083,21,MDLMLLN,length1,21
3,636221,636182,39,MQELPLCLALKNK,length1,39
3,636263,636254,9,MEY,length1,9
3,636329,636326,3,M,length1,3
3,636467,636461,6,MK,length1,6
3,636569,636548,21,MIQGFQL,length1,21
3,636671,636644,27,MVYLKRNLM,length1,27
3,636746,636725,21,MKLNMKM,length1,21
3,636803,636788,15,MEMEH,length1,15
3,636923,636884,39,MLIQAKIKALPIL,length1,39
3,637013,637007,6,MH,length1,6
3,637040,637031,9,MID,length1,9
3,637079,637055,24,MIKLRHTL,length1,24
3,637166,637088,78,MSVQMVMTVVKIHPNHLRFYPPKKKP,length1,78
3,637241,637220,21,MKASLGF,length1,21
3,637487,637400,87,MVHINVLRMAEALNMQVGFISMNTIENSV,length1,87
3,637712,637679,33,MFIKKNIICCN,length1,33
3,637814,637778,36,MTLLPHFSIKII,length1,36
3,637925,637874,51,MVTPINLTYTQHQKQSW,length1,51
3,638156,638072,84,MTYLVQKLMNQLLVLVNLKISLGILVLS,length1,84
3,638270,638231,39,MVGGMVAIIAMFM,length1,39
3,638462,638363,99,MLIEILSPLLKNLVKMELLERAIMDIIMHKMQN,length1,99
3,638555,638498,57,MVYGNVFPTVGMQHLLITE,length1,57
3,638588,638579,9,MLV,length1,9
3,638648,638615,33,MPFSPAVISLV,length1,33
3,638729,638654,75,MIIQVILGELIQCLLNQKQNLKMNC,length1,75
3,638828,638807,21,MYRVITW,length1,21
3,638987,638882,105,MSLGKRCVKQHKERSINIKMLVIILATQHQDETIP,length1,105
3,639104,639089,15,MKTQH,length1,15
3,639341,639293,48,MWWRITTLFYMLLICL,length1,48
3,639686,639671,15,MAALV,length1,15
3,639791,639743,48,MRECFIFTQITLCNIW,length1,48
3,639857,639848,9,MRF,length1,9
3,639956,639863,93,MIFNFSLKKKKLKKNSSIYSITYLKRVAKLS,length1,93
3,640979,640946,33,MALLPFQQKNS,length1,33
3,641021,641003,18,MIQKSR,length1,18
3,641216,641201,15,MRAIS,length1,15
3,641225,641219,6,MV,length1,6
3,641330,641270,60,MVIDLRCVPFPLNKNYKIIL,length1,60
3,641432,641384,48,MNQRVYKLAPTIYVSI,length1,48
3,641540,641465,75,MVAFLTIAEYCLVMPQKLSKAIGKC,length1,75
3,641600,641576,24,MNERAACV,length1,24
3,641696,641672,24,MSITMAKN,length1,24
3,641714,641711,3,M,length1,3
3,641735,641729,6,MC,length1,6
3,641771,641738,33,MHLNVIKCECD,length1,33
3,641795,641777,18,MRSPAA,length1,18
3,642932,641828,1104,MSLCQCVYNMAISRLLVEKFRNLTAVDLDFDPCFNFLIGNNGSGKTSLLEAIFYLGHGRSFKSAVTNRIISYDEPHFTLFGQIQESQHQWSVGLQKLRQGNTLVKINGEDGNKISDLAHLLPMQLITPEGLTLLNGGPSYRRAFLDWGLFHHQTSFYSSWSNLNRLLKQRNAALAQNQPYSPIKIWDVELAKLAHQVSQWRAEYAEALRPEIEQTCQLFLPELEINVSFHQGWEKNADYYEILQQNFERDRALNYTFSGPQKADFRFKAQGLPVEDVLSRGQLKLLMCALRLAQGEHLMKEKQRHCIFLIDDFASELDQYKRALLAERLQQSGSQVFVTAITQRQLKEMQVENKKMFSVHNGIINTLN,length1,1104
3,648593,643160,5433,MLNKKFKLNFIALTVAYALTPYTEAALVRNDVDYQIFRDFAENKGKFSVGATNVEVRKKDNQPLGTALPKDIPMIDFSAVDVNKRIGTLVDPQYIVSVKHAHQYMNDFYFGHYNGHRDVSDDENKYSVVTQNNDKPEEKWDYQKRLDDYNMPRLNKFVTEVAPTTPTLAGGGLETYKDKEKYPYFVRVGAGTQFVYEKDTYYTTNSTIIDKKTESGHDIKFLAEAYRYAIGGTPYKEINIDKVETKEGLIGFGDSHQHPNAKDVLSQDPLTNYGVLGDSGSPLFAFDKQQNKWIFIGPYTYWAGYGKKSWQEWNIYKKDFADTIHSRDNAETVPFSTSEYHWTTTGNSSQIKNTQKTISVKLLEPNTTLVNYRKEENKNTGQNVTFDDNTNNGKGTLILDDHINQGAGGLFFKGNYEVKGTTDNITWVGGGISVEEGKTVTWKVRNPEGDHLAKIGKGKLIVEGKGDNKGSLKVGDGTVVLKQQTTKGQHAFASVGIVSGRSTVVLNDDNQVDPNSIYFGFRGGRLDANGNNLTFEHIRNIDDGARLVNHNMTNASNITITGESLITNPNTITPYNIEAPDYENNPYYSFRRIKDGGQLYLNLENYTYYALRKGAKATSDLPYNSNVSNETWLYMGKNPDEAKKKTMEYINNSRMNGFNGYFGEEATKADQNGKLNVTFKGKTEQNRFLLTGGTNLNGDLNVEKGTLFLSGRPTPHARDIANISSTEKDKLFSENNEVVVEDDWINRNFKATNINVTNNATLYSGRNVESITSNITASNKAQVHIGYKAGDTVCVRSDYTGYVTCHNGTLSTKALNSFNATNVSGNVNLSDNANFVLGKANLHGSIQAGGNSQVRLTENSHWHLTGDSNVHQLDLKNGHIHLNSADNSNNVTKYNTLTVNSLSGNGSFYYWVDFTKNQGDKVVVTQSATGNFTLQVANKTGEPNHNELTLFDASNATERNGLNVSLANGKVDRGAWSYTLKENNGRYYLHNPKVEKRNLTVDTPSITTPNIQADAPSVPSNHEEIARVDEPVPLPAPPAPATTSTAPQNQNGFNRTGTGYSIVADTPETVRITHKNPNGEIIDEGFALKSDFHNSVDTNKKSFDGLVADKITPDGTNAYIITYKKVKDLVTPKRPIELKTDQPLTDEEKDPKKVAVVKPEDTPNGVPSREHSETAPKSDTATKADTSNSESVSSDTTETAEKNEQEVAETTAQNGEVAKEAQPTVEASTQTNEVAQNGSEKEEIQDVQKVTSKKPDTTVKANAPKKEVPINTKIEEAQAQPQTQPTTVTAAEETSPNSKPVEETQPSEETNAEPVTPVVVSEHQPEKTVSKPTGTEETATVETEKAQEASQVTSQASPKQEQSEDAKPQAEPESENVSTDKNSEEVQAQPETSATAVTEQPAKETSTKAEQSVTESTTVSTGTPVVENPEKTPATTQPAVNSEAVQSETATTETVSQPKVTSAEETTVTSTQEVSTPKPRSRRTRRSVQTNSYEPIELSTANTENTQSRNNVVNSQSALRDLTSTNTNAVISDARAKAQFVALNVGKAVSQHISQLEMNNEGQYNVWVSNTSMNKNYSSEQYRRFSSKSTQTQLGWDQTISNNVQLGGVFTYVRNSNNFDKASSKNTLAQVNFYSKYYADNHWYLGIDLGYGKFQSNLQTNNNAKFARHTAQIGLTAGKAFNLGNFAVKPTVGVRYSYLSNANFALAQDRIKVNPISVKTAFAQVDLSYTYHLGEFSITPILSARYDANQGNGKINVSVYDFAYNVENQQQYNAGLKLKYHNVKLSLIGGLTKAKQAEKQKTAEVKLSFSF,length1,5433
3,648983,648959,24,MWLFKLLL,length1,24
3,649556,649214,342,MACKNCFGIIASVSTFAASNGTTKPESCLNPAIFLFPLLSLSLMLRHEYQQIYRTLLLPLPLQDLLNGYVHYDLDALQSYGLKWKHSVPIRLNGRRSFLNTLNNLDYAILHLRQ,length1,342
3,650030,650021,9,MQM,length1,9
3,650414,650219,195,MPLYHALQFSYFLLEPVLKFGWLIRVLLLRCRYQMPRHQMHRALRCVNRHKQLSYPVRLNLVQAP,length1,195
3,650966,650933,33,MASAASFKLKL,length1,33
3,651224,651014,210,MPLPAISGAEPPAGSYKPKPSSFKLADGNIPIEPVIIAASSEIISPKMLEQSKTSKDSGALINCIVALSI,length1,210
3,651395,651290,105,MEDCNTFALSTEVTFLLRFIAASKAARAMRSISYL,length1,105
3,651920,651749,171,MAAPPTKNSLKLSLKPNFSWALFNTLIASAITSGPIPSPANTAMLYDCILFFLFQSH,length1,171
3,652127,652064,63,MFMILNICHFMRSINRINRMN,length1,63
3,652427,652409,18,MRRKFI,length1,18
3,652610,652586,24,MTFHSGST,length1,24
3,652736,652706,30,MDTRRMGKSI,length1,30
3,652961,652805,156,MNFLGINTSIHAHKILTHFHCHNHFFKGSIARTFANSINGTFNLTRTILYSG,length1,156
3,653078,653000,78,MHRNHSFVDIRHAITHLSNNIAVFIW,length1,78
3,653387,653315,72,MNTKYFSNFQCFVCGINVFIYGSR,length1,72
3,653492,653414,78,MACNGLYRFKIPLRRNREPHFHYIHA,length1,78
3,653768,653765,3,M,length1,3
3,655268,654149,1119,MNDITYTLLRLMQVPKLGGVGIDKILSNITLNELLNYDDVAFRQMGWGAIQIRRWFKPEAKFIEPALAWSQKEGNHLVNYFSPFYPFLLKQTASFPPLLFVKGNLTALSQRQMAMVGSRYCTTYGEYWAKHFATELSLAGFTITSGLALGIDGHCHQAVVNIQGQTIAVLGSGLEQIYPSKHQRLSAQIIENNGALVSEFLPNQAPIAANFPRRNRIISGLSVGTLVVEATEKSGSLITARYALEQNREVFAVPGNIQNESSQGCHRLIKQGAMLVENAKDILETLYQHSIHSQTEIDFDQIAVPNYTPPPDPRRLVEAPSHPKLYSRIGYTPVSIDDLAEEFNLSVDVLLVQLLDLELQDLIISENGLYKRV,length1,1119
3,655595,655502,93,MLHVLLNGQKFTMKTIPALHSLHLKAMFIRV,length1,93
3,655676,655598,78,MLIPFRKRMSFLRNLIYVCCLGFMDF,length1,78
3,655772,655754,18,MPFGEM,length1,18
3,655823,655802,21,MHKAIMC,length1,21
3,655904,655841,63,MNIINRSKKANLTPKLSSQFS,length1,63
3,655931,655916,15,MENTK,length1,15
3,655964,655943,21,MLKKHEA,length1,21
3,656672,656093,579,MNKIFVILTALILSGCATKLTQLNVPTQLEYNGKHYVLTGSQDLGTIARYAYISKPDTLENWQSEIEILFDRNQSERSIKERIALRERIYRNTDVKDFHFDTIPENSTNPNELNGYVIYSPTKENPSWQVNVMKGRQLPQCGFVQFQYSQKIQQPTHSKHLSVDKVQQHLQKYIVDIERKHLQNLKWQLFCEK,length1,579
3,656726,656720,6,MM,length1,6
3,656819,656807,12,MRRV,length1,12
3,656840,656822,18,MPQFVA,length1,18
3,656927,656885,42,MMVTKVYTIIKSNN,length1,42
3,656951,656948,3,M,length1,3
3,657107,657011,96,MFVQNVQKFYVLTALMHLWLSVVTVLIWELNY,length1,96
3,657302,657158,144,MMLQVLTIPSAIKPHYKLQWMQSTVYVIHQAHTNVFLSLKLWVAIVVT,length1,144
3,657488,657452,36,MFILWQKKLKLA,length1,36
3,657752,657638,114,MNNSFITILLMPLIICSVYLRLIGLKWQNVWNNPLFTI,length1,114
3,658457,657974,483,MTKKKVKPNSNTIALNKRARHDYFIEDEIEAGLELQGWEVKSMRAGKANISDSYVIFKNGEAFLFGASIQPLNVASTHIVCDPTRTRKLLLNKRELASLFGKANRDGFTIVALSLYWKSAWAKVKIGLAKGKKQQDKRDDIKEREWKVTKDRIMKNAHRRS,length1,483
3,658607,658595,12,MYHG,length1,12
3,658877,658778,99,MVCWSLVIAHLILIPLRHRQDYVVVLTFFFIQN,length1,99
3,659036,659033,3,M,length1,3
3,659078,659048,30,MTQNLTALFV,length1,30
3,659114,659105,9,MLN,length1,9
3,659771,659768,3,M,length1,3
3,659819,659789,30,MHKGGGKAGQ,length1,30
3,659957,659864,93,MNRFAFYVTFLASLSLNLIYIELLDNRQGWL,length1,93
3,660515,660494,21,MRTSTKR,length1,21
3,661010,660944,66,MGRIIPIFSKVSVVKSSQVWLT,length1,66
3,661121,661040,81,MTAFRQVMIRQIRFRIMVQVQVKYQRY,length1,81
3,661253,661220,33,MIFASFLSVIR,length1,33
3,661271,661262,9,MLL,length1,9
3,661361,661295,66,MCKLALKLWQQLAASNVIQSQK,length1,66
3,661505,661460,45,MPLRRIASETILLCL,length1,45
3,661718,661631,87,MPTTKVVYALVYRFFSNDAKKVALPKSLQ,length1,87
3,661799,661784,15,MNCSK,length1,15
3,661844,661829,15,MYPCE,length1,15
3,662060,662030,30,MLMMVRFDGS,length1,30
3,662225,662183,42,MRLPVRQRQIGLTK,length1,42
3,662339,662291,48,MKNNSLFSHFLRLLVS,length1,48
3,662381,662372,9,MIE,length1,9
3,662687,662615,72,MPYIELRYVEDQPPRNKRVSRKKP,length1,72
3,662972,662882,90,MYRYLPLKQIRVMLEYKKCRWLFLINAHRQ,length1,90
3,663071,662999,72,MREEEQGLIAKLNICFYSDKRKDH,length1,72
3,663239,663131,108,MLTIQQGLESSQVIPSLSRIYKQPLALLQKNLHWHK,length1,108
3,663704,663698,6,MV,length1,6
3,663842,663827,15,MANHC,length1,15
3,663989,663944,45,MKWDIGFYTINNCFR,length1,45
3,664136,664067,69,MWRHSITTVHVRIPTNAQTTRRM,length1,69
3,665024,664970,54,MNCIRTCDFGGSNDSWNI,length1,54
3,665246,665243,3,M,length1,3
3,665354,665339,15,MKQAD,length1,15
3,665534,665474,60,MRFIIFIASTIQSASPTFTD,length1,60
3,665861,665798,63,MPDSSTNSINFLILRMSIRSS,length1,63
3,666020,665975,45,MNFAKNARFSYFLAR,length1,45
3,666377,666353,24,MDAREILP,length1,24
3,666884,666845,39,MQSQCRFELQIHD,length1,39
3,667343,667253,90,MVREVRHSLHCTMSLAIQLLVLEFGLGFLR,length1,90
3,667961,667934,27,MSNASCALY,length1,27
3,668123,668075,48,MAFSAAIVKSQSICNT,length1,48
3,668444,668312,132,MTPMFSSKRASENAVIISFTVCGRNALRTSGRLMVIFAMPSVDL,length1,132
3,669236,668696,540,MAALLSGCSMFDSQQSAIPAEFAGADYQLSDQHAKQWAIASKQVEQCVYPNLTRILQQHFSKEDSYIHSQYVFFYPLEKIIGEQYVKIIQADEKSMNYASYQFKKFRTKVSNVEPLTKQSCLKLRNEAHDDLAVVKGQYKNGMVEVQKNEDGTPKNSDGIATNQNKFFFDIIKWGSMLLL,length1,540
3,670319,670280,39,MVCYFCGIFWFCA,length1,39
3,670535,670520,15,MGLAG,length1,15
3,670955,670946,9,MGV,length1,9
3,671468,671285,183,MGENGFLYACLLACLVDCLSRDSLWHNVDFIRRSQAPFADKKLTSRYNAEILLFSWIRTCN,length1,183
3,671516,671486,30,MQIVFYKVVR,length1,30
3,671546,671534,12,MVCI,length1,12
3,671672,671657,15,MHLRV,length1,15
3,671726,671720,6,MS,length1,6
3,671810,671771,39,MFLLNKRLLIIYM,length1,39
3,671933,671831,102,MISNSAQNAKVILPCCKQLVSVLVLLLKITVVFV,length1,102
3,671975,671936,39,MHSELVARQFAKR,length1,39
3,672041,671981,60,MMTYNLQKIYSVNLIVFSGV,length1,60
3,672059,672047,12,MEIN,length1,12
3,672137,672131,6,MP,length1,6
3,672212,672206,6,MD,length1,6
3,672332,672260,72,MAKWWKWNSATRLETRLNSRLLMI,length1,72
3,672356,672353,3,M,length1,3
3,672398,672395,3,M,length1,3
3,675239,672416,2823,MTVDYKNTLNLPETSFPMRGDLAKREPDMLKNWYEKNLYQKIRKASKGKKSFILHDGPPYANGNIHIGHAVNKILKDIIIKSKTALGFDSPYIPGWDCHGLPIELKVEGLVGKPNEKISAAEFRQKCREYASEQVEGQKKDFIRLGVLGDWDNPYLTMNFDTEANIIRTLGKVIENGHLYKGSKPVHWCLDCGSSLAEAEVEYEDKVSPSIYVRFPAESAVEIEAKFSAQGRGQGKLSAIIWTTTPWTMPSNRAIAVNADLEYNLVQLGDERVILAAELVESVAKAVGVEQVEILGSVKGADLELSRFHHPFYDFTVPVILGDHVTTDGGTGLVHTAPDHGLDDFIVGKQYDLPMAGLVSNDGKFISTTEFFAGKGVFEANPLVIEKLQEVGNLLKVEKIKHSYPHCWRHKTPIIFRATPQWFIGMETQGLRQQALGEIKQVRWIPDWGQARIEKMVENRPDWCISRQRTWGVPMTLFVHKETEELHPRTLELLEEVAKRVERAGIQAWWDLDEKELLGADAETYRKVPDTLDVWFDSGSTYSSVVANRLEFNGQDIDMYLEGSDQHRGWFMSSLMLSTATNSKAPYKQVLTHGFTVDGQGRKMSKSIGNIVTPQEVMDKFGGDILRLWVASTDYTGEMTVSDEILKRAADSYRRIRNTARFLLANLNGFDPKRDLVKPEEMISLDRWAVACALDAQNEIKDAYDNYQFHTVVQRLMRFCSVEMGSFYLDIIKDRQYTTKADSLARRSCQTALWHIAEALVRWMAPILSFTADEIWQHLPQTESARAEFVFTEEFYQGLFGLGEDEKLDDAYWQQLIKVRSEVNRVLEISRNNKEIGGGLEAEVTVYANDEYRALLAQLGNELRFVLITSKVDVKSLSEKPADLADSELEGIAVSVTRSNAEKCPRCWHYSDEIGVSPGHPTLCARCVENVVGNGEVRYFA,length1,2823
3,675431,675425,6,MN,length1,6
3,675518,675512,6,MM,length1,6
3,675536,675530,6,MK,length1,6
3,675611,675599,12,MVTA,length1,12
3,675668,675632,36,MVGKKYSIYICI,length1,36
3,676472,676439,33,MSSDWRSQFFI,length1,33
3,676718,676715,3,M,length1,3
3,677342,677237,105,MKLNGWLLFNLMNKAFVIKLKWLLVVVLNARYLAF,length1,105
3,677453,677351,102,MIHKVRLICVIVLFILHIFQQFFQFSKILLVAQV,length1,102
3,677855,677789,66,MQPLNNGWLNSLFITCGIYFVA,length1,66
3,677993,677990,3,M,length1,3
3,678023,678011,12,MQQA,length1,12
3,678158,678152,6,MP,length1,6
3,678254,678245,9,MKY,length1,9
3,678563,678533,30,MIKSFILIVN,length1,30
3,678629,678617,12,MVLF,length1,12
3,678743,678683,60,MSVDKILILQHLNNAPHSFS,length1,60
3,678830,678803,27,MRHCFRLFS,length1,27
3,679193,679187,6,MN,length1,6
3,679247,679217,30,MQMAVSKKPI,length1,30
3,679427,679370,57,MSMDSCNSDHTINAIPLRI,length1,57
3,679913,679907,6,MS,length1,6
3,679931,679916,15,MRFIV,length1,15
3,680528,680462,66,MPCLWPRPERGKITAAKLGSAI,length1,66
3,680699,680660,39,MRESKIFTSIFFI,length1,39
3,681320,681278,42,MLQQSQIPFSLNYG,length1,42
3,682043,682028,15,MHRRF,length1,15
3,682859,682841,18,MKTKSV,length1,18
3,683405,683237,168,MAAKGAREKIRLVSTAETGHFYTTDKNKRNMPEKMEIKKFDPVVRKHVIYKEAKIK,length1,168
3,683591,683537,54,MYNCPRFDVTLHQNLFPT,length1,54
3,685055,685052,3,M,length1,3
3,685157,685142,15,MFCEF,length1,15
3,685496,685265,231,MIEASVFMTNRSQAVRLPAEVRFSEEIKKLSVRVSGSDRILSPLNQSWDSFFLNDQAVSDDFMNEREIAFQPEREAL,length1,231
3,685601,685583,18,MQEKCA,length1,18
3,685706,685631,75,MELKKANIPKETLRLLKISYHASPF,length1,75
3,685775,685724,51,MQLISAILKLNSLNKGN,length1,51
3,685799,685787,12,MIFI,length1,12
3,685826,685808,18,MLVVKG,length1,18
3,687449,685916,1533,MSNLKQHKQALFCNDNEAINDYETAMYNAVQAVSAWLKNEKMYTGGSIKQMRALISGFNPTKEGMGVQKSLDHLVKIFLNPSLKVHHPHSLAHLHCPTMVTSQIAEVLINATNQSMDSWDQSPAGSIMEEHLINWLRQKAGYGEGTSGVFTSGGTQSNLMGVLLARDWAIANHWKNEDGSEWSVQRDGIPAEAMQKVKVICSENAHFSVQKNMAMMGMGFQSVVTVPSNANAQMDLIALKQTLAQLKADGKITACIVATAGTTDAGAIDDLKAIRKLADEYQAWLHVDAAWGGALLLSKDYRYFLDGIELTDSITLDFHKHFFQTISCGAFLLKDPANYRFIDYKADYLNSEYDEAHGVPNLVAKSLQTTRRFDALKLWFTLEALGEDLYASMIDHGVKLTKEVEQYINDTPALEMLVPSQFASVLFRVIPKDYPAEFIDALNQNVADELFARGEANIGVTKVGDKQSLKMTTLSPIATLENVKALLTQVLTEANRIKDDIKNGTYTPPID,length1,1533
3,687821,687818,3,M,length1,3
3,687968,687950,18,MIILIL,length1,18
3,688040,687977,63,MASYYAITILAVSVLGCGRRI,length1,63
3,688061,688043,18,MTFIFS,length1,18
3,688154,688088,66,MNLMPNIYSKNLVKNLPHLKLS,length1,66
3,688250,688193,57,MRMKVCLFVAFIPLNSLKI,length1,57
3,688298,688292,6,MF,length1,6
3,688442,688352,90,MVAQVILHKNYWYMAIKINLVQSAVEKLKV,length1,90
3,689618,689573,45,MEKFFKHLDSFRCVS,length1,45
3,689960,689954,6,MG,length1,6
3,689996,689972,24,MSRLNAML,length1,24
3,690620,690548,72,MRLSCLKMKAFPHNFTIFNQYASH,length1,72
3,690896,690893,3,M,length1,3
3,691061,691022,39,MINSAISKVVKRS,length1,39
3,691178,691124,54,MTLVSSVSQNGQRIDNSP,length1,54
3,691712,691676,36,MTCESSPNKASI,length1,36
3,692024,692000,24,MRSSLSRK,length1,24
3,692291,692261,30,MTVRTFSFCP,length1,30
3,692369,692354,15,MERPT,length1,15
3,692723,692639,84,MTSAITSACNFSVKWSIFRCSANSLIFS,length1,84
3,692900,692810,90,MECACCRVSCSKESAVKKYDKFPASSPFKP,length1,90
3,693014,693005,9,MPS,length1,9
3,693950,693896,54,MREGNFFGAFLSASKAKN,length1,54
3,694493,694418,75,MPVSLASSICSHCAILGLCTKIISC,length1,75
3,694598,694577,21,MNTMATF,length1,21
3,694760,694676,84,MRSFSHRIRKVKPFCCINCSQANPKNWR,length1,84
3,696215,696035,180,MAVPCSSNSNKNKLLSVSFAFNARNPNRRRSLPINCNIRCNSACNFKCNNICWFCVCICT,length1,180
3,696362,696227,135,MLSSNKEDKASEIISANRVCPFNNVFIINYKHYQIDWFLNEYCQH,length1,135
3,696722,696647,75,MNFLHEPEFVVEINTSDVALWLKSF,length1,75
3,696770,696743,27,MARQNSAQC,length1,27
3,696821,696803,18,MSHLSA,length1,18
3,696884,696881,3,M,length1,3
3,697004,696980,24,MVRNFSVL,length1,24
3,697073,697070,3,M,length1,3
3,697139,697088,51,MNAVMLSKAHKKVLMIM,length1,51
3,697286,697262,24,MYNGLLIR,length1,24
3,697307,697289,18,MVLVIL,length1,18
3,697433,697394,39,MNYLLLCVAKVQN,length1,39
3,697454,697436,18,MKYVYV,length1,18
3,697553,697547,6,MP,length1,6
3,697598,697562,36,MPLISVVRVLPH,length1,36
3,697652,697610,42,MWRQTVLMVILKWA,length1,42
3,697775,697721,54,MLVTATYAVAISLLHHHA,length1,54
3,698153,698051,102,MLLGRLVIFLPLRRRSQLVCLLILLRWMISPLNM,length1,102
3,698249,698216,33,MKVQCCFGYFH,length1,33
3,698333,698291,42,MTALFPLNLYLYWD,length1,42
3,698447,698438,9,MWD,length1,9
3,698495,698471,24,MLAMWALR,length1,24
3,698687,698678,9,MRL,length1,9
3,698888,698876,12,MCCY,length1,12
3,699584,699512,72,MNFTIANFLMKSDQTLRQKSPFLT,length1,72
3,699650,699593,57,MVNLMQKLSPNAVITMFVQ,length1,57
3,699704,699674,30,MAVFGAIYIL,length1,30
3,701516,700376,1140,MKSLLDIFTRVQKTFVFATALLFAFSLFTQAEMVDTYQFQNQDDRTRAVELAKSLRCPQCQNQNLVESNSPIAYDLRLEVYKMVDEGKSNQQIIDKMTARFGDFVNYKPPFKWNTALLWLLPVALLILAAVLLYFSNRKKQFSEKVVAQQLENDEIISLPSTFGSSPRKQGEPSKLSKGKVNSKIYFVLFTLLIAIPATYYFSLDRFSRVQQGEQSMIEQHNQNVEMNDEHKNENVIEKLQNKLRTDPNNAETWLQLGEAYVQNNEFDSALVAYSNAEKLSGSKPNILGLAATALYYQAGQQVTPKVEQLLNEALAKDKNEVSSLSLLATIALENRQYQQAGMYLQQLLDSGNAAVDRRSVIQRMKMLDFLQRGEKGQNP,length1,1140
3,701858,701828,30,MRVQNKSLKC,length1,30
3,701963,701879,84,MVLRFYCVAKFLKLNGFKMMKKCGLFYR,length1,84
3,702362,702311,51,MWKRKLIKQNNIHQNKC,length1,51
3,702467,702434,33,MKLALTSAKCG,length1,33
3,702569,702512,57,MAQRAIVQLKSQWVGWILK,length1,57
3,702638,702635,3,M,length1,3
3,702701,702689,12,MPAL,length1,12
3,703121,703088,33,MQQTKLKSTKS,length1,33
3,703187,703166,21,MQSWRYL,length1,21
3,703289,703253,36,MALLVFILCHYQ,length1,36
3,703349,703316,33,MQITTLISKNS,length1,33
3,703550,703544,6,MY,length1,6
3,703625,703610,15,MVCTK,length1,15
3,703766,703715,51,MVKMNLTGKVLHTKLKC,length1,51
3,703805,703793,12,MIYS,length1,12
3,703943,703925,18,MQVTPL,length1,18
3,703991,703973,18,MQLSLI,length1,18
3,704693,704627,66,MARRENHSIKIENNEKEKSDFS,length1,66
3,705455,705434,21,MFRFCGG,length1,21
3,705668,705647,21,MAVVGAN,length1,21
3,705974,705959,15,MAKPR,length1,15
3,706439,706427,12,MIYI,length1,12
3,706550,706544,6,MN,length1,6
3,706802,706685,117,MQDQYHELLMHLQRLNLMLSQRLHRMRHHTSGSYEYDDI,length1,117
3,706880,706850,30,MIVFDLHSLS,length1,30
3,706901,706886,15,MHEVG,length1,15
3,707375,707225,150,MQIVLHQRRSFLGYGLIQTRRLQLTDNLFSATLWLGRTGGKALFPHLLLA,length1,150
3,707399,707390,9,MSI,length1,9
3,707684,707648,36,MLLVIMSRNPSY,length1,36
3,707885,707825,60,MQNHEYHAQHLLHHVRLPRW,length1,60
3,707996,707981,15,MHQNL,length1,15
3,708191,708077,114,MDHADQLLSCFGYQQRVHRYPLLSLLQLSARKDIENSL,length1,114
3,708251,708230,21,MNFLRII,length1,21
3,708707,708626,81,MFNLHAAQRTVATAKTQTVYSITTNSK,length1,81
3,708953,708947,6,MV,length1,6
3,709001,708995,6,MT,length1,6
3,709154,709037,117,MAMFSIKMKLSNQPITLNTQTPISYSTASINTKKKHRSY,length1,117
3,709199,709187,12,MNVF,length1,12
3,709289,709229,60,MHVKQFRSPNANAIFYAFVP,length1,60
3,709334,709316,18,MQAVKP,length1,18
3,709676,709418,258,MSKPILFYAETCLDTVPFVAELDRLGVDYDEVEIMTSLPNLKQFIRLRDSSAEFDNSKANGYLGIPALLLPNDDVVLDESKLKEIF,length1,258
3,710060,709718,342,MILTACSNTQPQAEMPTFGGQTNAHGCLPSAGQSYSYLRKACVQVFDVVDIKLDDPANKIQAVYGILSADKQQVEVFASDLPENTVLDVVKGGYASKDGKVRLMKTKTSWKLRL,length1,342
3,710105,710066,39,MICIIILENLETL,length1,39
3,710243,710222,21,MHSVFFL,length1,21
3,710279,710270,9,MGC,length1,9
3,710309,710303,6,MI,length1,6
3,710345,710324,21,MSLNLTV,length1,21
3,710579,710531,48,MQQVGGKIIISQKQVI,length1,48
3,710672,710603,69,MFGKMASILIQKSVQFILSLVRK,length1,69
3,710708,710687,21,MIIININ,length1,21
3,710723,710717,6,ME,length1,6
3,710804,710789,15,MIWQT,length1,15
3,710915,710912,3,M,length1,3
3,710975,710969,6,MK,length1,6
3,711020,710996,24,MNLIGVKL,length1,24
3,711203,711197,6,MM,length1,6
3,711260,711251,9,MMN,length1,9
3,711323,711263,60,MVYLCQYFELIICIIVICQH,length1,60
3,711413,711356,57,MQRNSTLLNLITISRIYFQ,length1,57
3,711440,711431,9,MQR,length1,9
3,711488,711464,24,MHHKLIKF,length1,24
3,713672,711506,2166,MTTQNFLVEIGTEELPPKALKALATSFADNVEVELNQAGLSFDKIEWFAAPRRLAVKVLSLATQQPSKEMEKRGPAVSAAFDAEGKPTKAAEGWARGCGITVEQAERIATDKGEWLIHRAKIEGQPTKNLLNDIVANALAKLPIPKPMRWADKTVQFIRPVHTVTMLLGDELIEGEILGVASARTIRGHRFLGEKEFEIQHADQYPQLLREKGSVVADFNERKAEILAKSQAKATALGGVADIEESLLEEVTSLVEYPNVLAAKFEERFLAVPAEALVYTMKGDQKYFPIYGKDGKLLPHFIFVSNINPEDPTAIIEGNEKVVRPRLTDAEFFFKTDLKQKLVDRLPRLETVLFQQQLGTLKDKTDRIEQLAGEIAKQIGADEAKAKRAGLLSKCDLMTNMVFEFTDTQGVMGMHYARHDGEDEEVAVALNEQYMPRFAGDELPKSLVASAVALADKFDTLTGIFGIGQAPKGSADPFALRRAALGALRIIVKKNLPLDLNDIISKAFDLYKELDNERLRNAPIAKTRGGFSEYPEGYVSFFTRGDDLVPKQKILDEVVDFMLGRFRAWYQDEGIAVDVIQAVLARRPTRPADFDARVRAVSHFRTLDSAEALAAANKRVSNILAKAGAAIGEINLTACVEPAEKALAEAVLALRTEVQPLIAQGDYTAVLDKLANLRAPVDSFFDNVMVNAEDPALRQNRLAILNTLQGLFLQVADISVLQ,length1,2166
3,714341,714329,12,MTRL,length1,12
3,714824,714785,39,MLFFSSKPCWFAT,length1,39
3,715097,715052,45,MLHVHYQRKYGLLSH,length1,45
3,715208,715190,18,MRLDLK,length1,18
3,715358,715337,21,MFAIHLA,length1,21
3,715415,715406,9,MLR,length1,9
3,715520,715505,15,MVREF,length1,15
3,715811,715598,213,MLIINKFLHIFIRESNRFDCFFICICRNGNFATNLTVYLYHNKFFVFYHCIFVGFYPFCGINSTFIAKSLP,length1,213
3,715865,715826,39,MWRNWIKHTNNCT,length1,39
3,716042,716009,33,MYFTTKRFLRG,length1,33
3,716561,716528,33,MFNTTDILIHW,length1,33
3,717293,717194,99,MNGEQARCHSFFLHCRKISFCHFGVFRFLDKGG,length1,99
3,717350,717332,18,MCCSNA,length1,18
3,718166,717980,186,MQATRRIWEHRKTVIFFFRFVFDCFENFIFCPILLNLWFDHIGAILFLHKITLNFNRTFAAF,length1,186
3,718196,718178,18,MWHRIP,length1,18
3,718331,718325,6,MI,length1,6
3,718604,718427,177,MVMAVGQNRKIKCEFSDTPMALLRYAKQWLMHDKSVWKYSHFMPLVAKIGVAQNKKSAR,length1,177
3,718739,718685,54,MYLVLVKLYKKKSKKRKI,length1,54
3,718925,718904,21,MHHLWIY,length1,21
3,719030,718982,48,MRNYIFPMCFGLILIN,length1,48
3,719327,719162,165,MCTIFIHTFLFCPRFRGGSDFRHLGMDSICSPKTTFDTFFCDYLFRRIYLLMALY,length1,165
3,720878,720863,15,MVCWG,length1,15
3,721445,721427,18,MVFKVI,length1,18
3,721535,721502,33,MMWLILSALYS,length1,33
3,721556,721550,6,MM,length1,6
3,721661,721577,84,MCLLLALWLNRSFQMLKSKVTLLFPLKH,length1,84
3,721706,721676,30,MLTGLKLAMF,length1,30
3,721742,721724,18,MNLPKV,length1,18
3,721763,721754,9,MQV,length1,9
3,721871,721841,30,MKMIKQNWHH,length1,30
3,722066,722024,42,MAMPKHKLLKRMFS,length1,42
3,722093,722069,24,MMKKQKLM,length1,24
3,722105,722102,3,M,length1,3
3,722147,722108,39,MKVYSMTFVVHAL,length1,39
3,722240,722207,33,MILSAVVILQM,length1,33
3,722294,722246,48,MQLKQNLENAVTVAQR,length1,48
3,722333,722315,18,MMQIKH,length1,18
3,722369,722354,15,MLDDV,length1,15
3,722696,722546,150,MVIMMKWMSYIKSKNVTRVVSTLVLVTVQRVVLVIKQVLNKIISWEQGRQ,length1,150
3,722777,722717,60,MIMVRVSIWVIPSPILLKMV,length1,60
3,722876,722792,84,MFSLKTTITLKVIHPLTISVRLTEVMLL,length1,84
3,722912,722891,21,MKITPIM,length1,21
3,723146,723002,144,MALKQMTLIFLLVGTITALIEAISQLKGLKQILVDELQFQVLITNTTN,length1,144
3,723419,723224,195,MQMALETSVYRSIKLIQRVASAHYVVLLMVVLVLTQFIKIQVIKNLQESAQMLLVAMQLQPQLQN,length1,195
3,723533,723485,48,MQQVFGILNGNQIKMD,length1,48
3,723548,723542,6,MS,length1,6
3,723770,723566,204,MANQAVFALLQVSDSNGNPLLVHWCFLMLNQLKNMKMMMSNSSNLVLEVLSNKLNFFLHQNSKTTFSA,length1,204
3,725543,725525,18,MCIKFT,length1,18
3,725648,725633,15,MRYRQ,length1,15
3,725816,725786,30,MLDLLMKLHQ,length1,30
3,726110,725960,150,MQLRALLLFSVHQQNLRPQLIRQFLHRVSIVQLLDHLGKQHDEYSCSHRF,length1,150
3,726161,726119,42,MQHVFLQIALVMLR,length1,42
3,726470,726404,66,MLFYIPSYLRQYGHEVLLLMML,length1,66
3,726650,726563,87,MPINRLIIKGFALLQNLNYSASAANSSAT,length1,87
3,727223,727160,63,MRVNSAKASLNKGKVFSRLMM,length1,63
3,727274,727247,27,MKGFICGFQ,length1,27
3,727361,727313,48,MSRIETCAIIFSFCWG,length1,48
3,727496,727418,78,MCVLLVIKKLLLKGKNSGAIYTIKCG,length1,78
3,727634,727610,24,MGSSICSI,length1,24
3,728228,728174,54,MVGFSIISLRLIGFARSF,length1,54
3,728396,728387,9,MII,length1,9
3,728528,728465,63,MRFNKWSWCPIFFYYFIRKTV,length1,63
3,728801,728771,30,MFNSLCIVNT,length1,30
3,729194,729059,135,MFRLCTLYKFASNLSNNRRKKHRNNHCSSECRLFFITDYFRSCCG,length1,135
3,729338,729260,78,MIKTGNSGNNINSTGFSKYIKKNNSK,length1,78
3,729362,729350,12,MIKH,length1,12
3,729374,729365,9,MQI,length1,9
3,729461,729449,12,MAKR,length1,12
3,729770,729689,81,MWCRFFRMGSKKSDRSQKWYNSNIFKN,length1,81
3,730124,730058,66,MYHSCWILHYAKDRWTNQTTCH,length1,66
3,730298,730295,3,M,length1,3
3,730385,730379,6,MN,length1,6
3,730793,730778,15,MKKVR,length1,15
3,731699,731648,51,MQSLSPTFSTPLPRLLP,length1,51
3,732437,732338,99,MLRYPQSPSYPQDVHINGSSFDKKLTQPFGFRS,length1,99
3,732602,732578,24,MCAHAMQP,length1,24
3,732893,732866,27,MAYALHRLR,length1,27
3,733247,733205,42,MFYLHQYAFLRYSG,length1,42
3,733448,733331,117,MLLVKFVAKFRHHLNDHETLVFLLLIHHHLMPQKQAPFY,length1,117
3,733652,733586,66,MHNNFLKYRYFNSNILHKKQKN,length1,66
3,733817,733766,51,MACRCTSRATFTVSNAC,length1,51
3,733838,733820,18,METLEE,length1,18
3,734006,733898,108,MILKSNRDQKFGLTVPEIIRLIVYYENCVYCSGNLN,length1,108
3,734345,734033,312,MENKADRYQKAVNIMDVLEQSPFAKIIKKGLAINELNQKFNRIFPQEFHGKFRIGNITDHLIFIEVSNAIVRQGILFKQIELLTLIQEEFPQVTGFEITINPGF,length1,312
3,734537,734501,36,MIHLVIIKKMKT,length1,36
3,734633,734597,36,MQNCPCTHCARL,length1,36
3,734813,734714,99,MCGRIALNNGEIPTFSNNISSVINQNRPHRNLT,length1,99
3,735557,735380,177,MVSPLGLRHALPCTPYTRPISSTPLRCGFASQAAFTFALASQVFVPSARKSAALSYPRI,length1,177
3,735590,735575,15,MAAFQ,length1,15
3,735785,735656,129,MTVRQCLPVRSLATHSPSLTMRRQRSRYCFIKISYFMTALLRE,length1,129
3,735917,735800,117,MKAPPIIIGKQRACPRVIIPKKFSTSGSRTYSTIKRKTP,length1,117
3,736205,736115,90,MKLPILPKPKPNGIKGATKSAVCQKLRFCE,length1,90
3,736697,736685,12,MKWQ,length1,12
3,736775,736751,24,MDFPNHSL,length1,24
3,736832,736817,15,MRKNR,length1,15
3,736955,736910,45,MPYQSKYRRLRKQGG,length1,45
3,737216,737198,18,MMFQVR,length1,18
3,737354,737327,27,MHQQVNKEE,length1,27
3,737444,737390,54,MAFRVFCLRIFFVCRIML,length1,54
3,737753,737738,15,MFRNI,length1,15
3,738155,738107,48,MSADFLPLINCRASLL,length1,48
3,738191,738176,15,MSLPD,length1,15
3,738407,738281,126,MAFCAPLSMVIIPADGAAKSHCLRLSNRSDWCAINFVPIFCS,length1,126
3,738557,738452,105,MVSIPERVATSAAMILVIIPPVPRFVPLPPAIDRI,length1,105
3,738866,738761,105,MWLSKRACKVSRAFKKRSRSSISARVNKSCPIWIS,length1,105
3,739724,739244,480,MTFSLIVATTLNNVIGKDNQMPWHLPADLAWFRQNTTGKPVIMGRKTFESIGRPLPKRTNIVLSRQLFEHEGVIWKDSFESAVNFVRDFDEIMLIGGGELFKQYLPKADKLYLTQIQTELDGDTFFPQLNWEEWEIEFDEYRKADAQNRYDCRFLILTRK,length1,480
3,739751,739736,15,MKQYF,length1,15
3,739799,739784,15,MIISP,length1,15
3,741575,741569,6,MD,length1,6
3,741674,741596,78,MDLFYQCSDRFVSCANQLEDFGKQRK,length1,78
3,741752,741734,18,MFAINA,length1,18
3,741923,741917,6,MY,length1,6
3,743627,743621,6,MF,length1,6
3,744284,744251,33,MLLKPSNGITT,length1,33
3,745250,745202,48,MFYAFFHPCWFSIGFE,length1,48
3,745523,745478,45,MTINILQHHNSIIYD,length1,45
3,746816,746768,48,MSFLIHSTRLPLPIPC,length1,48
3,747131,747068,63,MRKRENIPESNLCPSSGSKVA,length1,63
3,747236,747161,75,MAGSIAVIRAENVLPKRASVVAVTR,length1,75
3,747905,747788,117,MARLIITPFIILKPMTPTKIKTNTTKIIFIKKICERFGL,length1,117
3,747941,747923,18,MFKAPL,length1,18
3,748445,748340,105,MCKLFKQLIFVFEIKVNRSCCYICLFCDFMHRKPI,length1,105
3,749318,749297,21,MDKKVLL,length1,21
3,749486,749384,102,MLIHALYKKASLKITSLNALAERGIYAINNEYHG,length1,102
3,750938,750914,24,MPPVKPTI,length1,24
3,751487,751481,6,MN,length1,6
3,751640,751598,42,MGCCCHNMCMREWI,length1,42
3,751691,751673,18,MRHIHK,length1,18
3,751931,751904,27,MTTVSQIHT,length1,27
3,752318,752195,123,MFFLTTIFILDRLPQYWIVISDSHISCKHCVLLLCNLWQIV,length1,123
3,752393,752327,66,MDKNLIKISFLNFHYLNEINSS,length1,66
3,753719,753596,123,MKLKLKNTATSNKPNNNGYMNLSIIVKPAFVISLISLNASE,length1,123
3,753980,753959,21,MTNCRIS,length1,21
3,754484,754478,6,ML,length1,6
3,754988,754940,48,MSSQRLRLYPPPSHPL,length1,48
3,755045,755027,18,MQVRLR,length1,18
3,755135,755102,33,MPLNLPIAQPL,length1,33
3,755405,755171,234,MHQLPQSLRGLQDQQWLIQFVYLEQISLMLEYLSQKYSRFLLCVPMQYQRYPVRQKLYLLMEIVQLSKPRRVHDRRFR,length1,234
3,755600,755519,81,MSKMSHSSQYHYHIMFIRRIDDFLIAH,length1,81
3,755852,755612,240,MDHTLNSHFRCSINAITEWEERIRCHHTTCHGQAFILCFDTCNFGRIHTAHLTCTNADSLIVFGVNNGIRFHKFCHFPAE,length1,240
3,756380,756242,138,MFNDYASWIVKFFHAFKCCISVGNIIVRQGFTLQLISCSHARFFHI,length1,138
3,756458,756407,51,MGVFAVTHSLFTHEVKV,length1,51
3,756527,756512,15,MIRFY,length1,15
3,756617,756572,45,MFKCFNRKVKTSFKS,length1,45
3,756647,756629,18,MLIHFG,length1,18
3,756905,756839,66,MLLHDGIICTTTTKNPAMYFGM,length1,66
3,757178,757151,27,MRIITQTFA,length1,27
3,757286,757259,27,MWAKIRIKL,length1,27
3,757481,757385,96,MQAHRHLQLGKIGFLFLLRGERNRHMPFPLTK,length1,96
3,757757,757667,90,MPRNTGDIFQDCSFAFLLFKDELKRRHINL,length1,90
3,758099,757955,144,MLYFLGYSLSYSLVTIRYFEIAVALVDLKTSAFQILYKQHTNPRINPT,length1,144
3,758495,758432,63,MFVLRYSSTHLIWAKFYYQTM,length1,63
3,758735,758609,126,MCKAMPPAQQSFPSQRHRQKHPRFVFGSMYSIYFVSYLAIEW,length1,126
3,759239,759230,9,MCP,length1,9
3,759629,759623,6,MI,length1,6
3,760457,759749,708,MATPKILVVEDEIVTRNTLKGIFEAEGYDVFEAENGVEMHHILANHNINLVVMDINLPGKNGLLLARELREELSLPLIFLTGRDNEVDKILGLEIGADDYLTKPFNPRELTIRARNLLHRTMSHQEKENTFGREFYRFNGWKLDLNSHSLITPEGQEFKLPRSEFRAMLHFCENPGKLQTREELLKKMTGRELKPQDRTVDVTIRRIRKHFEDHPNTPNIIMTIHGEGYRFCGDIE,length1,708
3,760556,760538,18,MESEFG,length1,18
3,760757,760667,90,MDAEGAKERLIFQSFFKRSGKRTGAKDNLL,length1,90
3,761273,761183,90,MLNVYSRLNTVFAIKMALWLAARCITLNVD,length1,90
3,761402,761357,45,MRLPMQCKILLIFQF,length1,45
3,761573,761561,12,MRFY,length1,12
3,761690,761678,12,MNQV,length1,12
3,761888,761870,18,MPLHKV,length1,18
3,762107,762101,6,MV,length1,6
3,762218,762203,15,MIKMK,length1,15
3,762824,762503,321,MSTAIDLIHIFPARNSQATSKYRETMFMSIFSSFFKAHIKTHCAANTSFRLPFHTLSTIKPILTIVISINKWNTKFFCKTDIFFFTNQIFFEWMNVWIIKINCKFNA,length1,321
3,762998,762875,123,MQKELIVSIWQLKFFTNKRCVRILTDFLFSRFSLKIDRTFF,length1,123
3,763064,763043,21,MGIKYIS,length1,21
3,764168,764039,129,MLIRSCFFIFHHLSVKSAVHFTRIFRLSEINPQMKGIFLFYYK,length1,129
3,764228,764219,9,MNF,length1,9
3,764864,764609,255,MATKKAGGSTRNGRDSEAKRLGVKRFGGESVLAGSIIVRQRGTKFHAGNNVGMGRDHTLFATADGKVKFEVKGEKSRKYVSIVTE,length1,255
3,765866,764948,918,MKQQPLLGFTFALITAMAWGSLPIALKQVLSVMNAQTIVWYRFIIAAVSLLALLAYKKQLPELMKVRQYAWIMLIGVIGLTSNFLLFSSSLNYIEPSVAQIFIHLSSFGMLICGVLIFKEKLGLHQKIGLFLLLIGLGLFFNDRFDAFAGLNQYSTGVILGVGGALIWVAYGMAQKLMLRKFNSQQILLMMYLGCAIAFMPMAEFSQVQELTPLALICFIYCCLNTLIGYGSYAEALNRWDVSKVSVVITLVPLFTILFSHIAHYFSPTDFAAPELNNISYIGAFVVVCGAILSAIGHKLLPHKTH,length1,918
3,767066,765896,1170,MKFIDESLIRIEAGDGGNGCVSFRREKFIPKGGPDGGDGGDGGDVYLQADENLNTLIDYRFNKRFAAERGENGRSSDCTGRRGKDIILPVPVGTRAIDNDTKETLGDLTQHGQKMLVAKGGYHGLGNTRFKSSVNRAPRQKTMGTPGEKRDLLLELTLLADVGMLGFPNAGKSTFIRAVSAAKPKVADYPFTTLVPSLGVVKVDDSHSFVVADIPGLIEGAADGAGLGIRFLKHLERCRVLIHLVDIAPIDGSNPADNVAIIESELFQYSEKLSEKPRWLVFNKIDTMSDEEAEERVREITEQLGWEEDYYLISAATGKNVPPLCRDIMDFIIANPREAEIQQVAPEEVKFKWEDYHQEQLAEHQFDDDEDWDDDWTEEDDEGIEFIYKP,length1,1170
3,767438,767402,36,MLCIKAFSLLTS,length1,36
3,767723,767684,39,MQPILLIIFYKIR,length1,39
3,767831,767813,18,MKIFKW,length1,18
3,767951,767912,39,MIVISYSHFCCAS,length1,39
3,768677,768599,78,MIQMRKLNPVILFCGIKTLIKRPAKF,length1,78
3,768848,768785,63,MNCCFIRVKAQNSIFSPSIIR,length1,63
3,768938,768887,51,MYKQNKFRNYTSFISNS,length1,51
3,769430,769376,54,MELIFQGTDTGHNYLNYV,length1,54
3,769514,769451,63,MFYTKPARDDRLPPLKQNKGC,length1,63
3,769538,769529,9,MFQ,length1,9
3,770126,770063,63,MITSMTLRIIHFKFNWMWCHI,length1,63
3,770795,770738,57,MLQCHILHHIFIDLSFIRF,length1,57
3,770873,770852,21,MMMGFDD,length1,21
3,771488,771398,90,MFFTFNVSKTKQYKPNIILFDQFKHGSNGI,length1,90
3,772610,771908,702,MQLIKNNEYEYADIILSSFLNLGDSELKKIQRLEKLLPQIDLGHSYLKKLRAFDAHLQYHELYENKRITSGVYMCAVATAMGYKDLYLTGIDFYQEKGNPYAFHHQKENIIKLLPSFSQNKSQNDIHSMEYDLNALYFLQKHYGVNIYCISPESPLCNYFPLSPLNNPFTFIPEEKKNYTQDILIPPESVYKKIGIYSKPRIYQNLVFRLIWDILRLPNDIKKALKAKKMRLRK,length1,702
3,772742,772625,117,MPRFLQHKTTTYIRIRCSKLHLFYKIIYRAKLHPTRSIR,length1,117
3,772823,772805,18,MVKPLL,length1,18
3,773051,772871,180,MWMNALWTQTILKKNVALPFLQKIPRLTGMTTALTSWILQGTQTSVAKLNVYFLWWILFY,length1,180
3,773096,773060,36,MRLMAQCHKPVS,length1,36
3,773234,773225,9,MNN,length1,9
3,773264,773252,12,MLQR,length1,12
3,773297,773267,30,MVLQVLNTKI,length1,30
3,773342,773339,3,M,length1,3
3,773396,773366,30,MHHSKCKFHN,length1,30
3,773414,773411,3,M,length1,3
3,773597,773549,48,MKKTLLMLAILLLSLV,length1,48
3,773699,773669,30,MNQQSPCSSV,length1,30
3,773867,773822,45,MNSVFLVVVNYIFLC,length1,45
3,773921,773894,27,MSLPFLAQK,length1,27
3,773969,773939,30,MAKNKSHTNK,length1,30
3,774005,773978,27,MWKNNIKVL,length1,27
3,774224,774176,48,MMKSKAAKLVSAKMVC,length1,48
3,774290,774233,57,MQQVKHLAMHYLAYKNVVS,length1,57
3,774308,774299,9,MQT,length1,9
3,774359,774317,42,MKVKLSVFIAAQMT,length1,42
3,774431,774419,12,MRLC,length1,12
3,774491,774479,12,MMMN,length1,12
3,774797,774734,63,MRSCKRLGRPCQNSTVSGTTK,length1,63
3,775634,775532,102,MINKNVVQSSGSAFSTYSSLQRAITLYKSLLKSR,length1,102
3,775778,775754,24,MREKSSSW,length1,24
3,775934,775931,3,M,length1,3
3,776153,776147,6,MA,length1,6
3,776192,776162,30,MLFYENYKCS,length1,30
3,777491,777449,42,MLSEPTSGSFVYGL,length1,42
3,777857,777809,48,MYDSCEYRSSQFYGKT,length1,48
3,778334,778331,3,M,length1,3
3,779102,778931,171,MSFIPWELVCNLLIDKHLIKKPMVRFIRVSLLEYKRQKNLMKMILMKFLRINKIRFY,length1,171
3,779117,779111,6,MA,length1,6
3,779180,779159,21,MQRAQWQ,length1,21
3,779540,779489,51,MYLSQQGYVYLKLHVSV,length1,51
3,779933,779870,63,MEYHSFVNTVDEFGTEMLAYH,length1,63
3,780131,780110,21,MGFFNFI,length1,21
3,780461,780458,3,M,length1,3
3,780827,780737,90,MLRARKRCFFRFPYFFKFGVFTFFFSQFFL,length1,90
3,781028,781025,3,M,length1,3
3,781109,781076,33,MMNFIAFFQTT,length1,33
3,781235,781232,3,M,length1,3
3,781382,781316,66,MNFINKEDHATFFFRKFIEHRF,length1,66
3,782102,782060,42,MHGFNKLIVFSDSK,length1,42
3,782378,782276,102,MIGFNPPKYQTVAHPNAQWEDFLLADIGALNQLE,length1,102
3,782474,782468,6,MA,length1,6
3,782600,782498,102,MAKHFEHLALAPKCQTDFVSLAYQVNSVKTINSV,length1,102
3,782732,782702,30,MQYFWLVVAR,length1,30
3,782993,782957,36,MNESKVKPTHQR,length1,36
3,783080,783068,12,MGLY,length1,12
3,783161,783149,12,MTLI,length1,12
3,783437,783413,24,MGTFKRKT,length1,24
3,786413,783623,2790,MAQIATNPLVLVDGSSYLYRAFHAFPSLTNAAGEPTNAMYGVLNMLKRLISQVQPTHIAVVFDAKGKTFRDEMFEQYKSHRPPMPDDLRKQIQPLHDMIRALGIPLLVVEGIEADDVIGTLALQASSLGKKVLISTGDKDMAQLVDDNIMLINTMNNSLLDREGVIEKYGIPPELIIDYLALMGDSADNIPGVAGVGEKTALGLLQGIGSMAEIYANLEKVAELPIRGAKKLGEKLLAEKPNADLSYTLATIKTDVELNVTTDQLLLGESQKDQLIEYFARYEFKRWLNEVMNGADSITQTTEQPVKMNQYQATSQDQSAVENTPKIQIDRTKYETLLTQADLTRWIEKLNTAKLIAVDTETDSLDYMSANLVGISFALENGEAAYLPLQLDYLDAPKTLEKSTALAAIKPILENPDIHKIGQNIKFDESIFARHGIELQGVEFDTMLLSYTLNSTGRHNMDDLAKRYLGHETIAFESIAGKGKNQLTFNQIPLEQATEYAAEDADVTMKLQQALWLKLQQEPTLVELYKTMELPLLHVLSRMERTGVLIDSNALFMQSNEIATRLTALEEQAYELAGQPFNLASTKQLQEILFDKLGLPILQKTPKGAPSTNEEVLEELAYSHELPKILVEHRGLSKLKSTYTDKLPQMVNSQTGRVHTSYHQAVTATGRLSSSDPNLQNIPIRNEEGRRIRQAFIAREGYSIVAADYSQIELRIMAHLSGDQGLINAFSQGKDIHRSTAAEIFGVSLDEVTSEQRRNAKAINFGLIYGMSAFGLSRQLDISRPDAKKYMDLYFQRYPSVQQFMTDIREKAKAQGYVETLFGRRLYLPDINSSNAMRRKGAERVAINAPMQGTAADIIKRAMIKLDEVIYHDPDIEMIMQVHDELVFEVRSEKVEFFREQIKQQMEDASELVVPLIVEVGVGQNWDEAH,length1,2790
3,786503,786488,15,MLCQP,length1,15
3,786674,786614,60,MDWALQCQEQVWLDCLLLRQ,length1,60
3,786854,786797,57,MKIKCGKKIKKFQFHSNLS,length1,57
3,787043,786935,108,MWIAFDTNMRNFPISINQISLAKTSYKTTCSKCKFN,length1,108
3,787343,787268,75,MLCNGTDINIIFSIKENNWCIRRHR,length1,75
3,787691,787634,57,MMIIHMSDNSIEIHFCSLY,length1,57
3,787928,787895,33,MGFVHNLLHED,length1,33
3,788240,788123,117,MGIRNYQDRHCRQTNQRYPQLILPLLLVFYNQPIHKSLG,length1,117
3,788729,788573,156,MRYTLRSNLFVPKVVLLDRFSFWLNPLHLGIKLNRKYPPVILHNVLLHQAQC,length1,156
3,789053,789038,15,MDKSP,length1,15
3,789122,789068,54,MDDLDLTDVGMKIQHHLH,length1,54
3,789410,789344,66,MELSLCNKRKYYLTRILLQFEQ,length1,66
3,789494,789476,18,MLLLVS,length1,18
3,789578,789521,57,MPYHLWLNDGAISTNKKYQ,length1,57
3,789680,789659,21,MIAIIFV,length1,21
3,789794,789779,15,MSIKI,length1,15
3,790385,790367,18,MLTFSE,length1,18
3,790913,790910,3,M,length1,3
3,791129,791087,42,MRLISNKVRSISRE,length1,42
3,791351,791345,6,MT,length1,6
3,791447,791444,3,M,length1,3
3,791810,791759,51,MSKKIIFHPFRKSGCSP,length1,51
3,792272,792251,21,MLATFTV,length1,21
3,793142,793076,66,MLCSAQSAINSANVFSVDSEIS,length1,66
3,794324,794264,60,MKTNRSYKDRRIKLSAVNYA,length1,60
3,795164,795062,102,MVILLYFLHLMPLLTPKHVLSFQIDDLRNLHDIV,length1,102
3,795353,795251,102,MRKTQSLLFAVKPVDSLEHIVCLLVNLRQNYLQT,length1,102
3,795461,795416,45,MIPRARSNAVLKSSS,length1,45
3,795734,795710,24,MILEIMID,length1,24
3,796316,795740,576,MTITISAVILAGGKARRMGGQDKGLQILGKQSLIEHVINRLQPQIHQISINTNRNQTEYAKFGFPVFSDELPDFQGPLSGMLTALEKTKSDFILFTPCDTPFFPMNLLDKLKSAVKNDRTLIAYACDEEREHPVFCLMSVQLKEKLRHYLASGERRLLQFMKENGGISVKFTQEEGNFENFNTLDDLKKTVI,length1,576
3,796787,796673,114,MEWHKIFFAITVNPCHRTGYHHHFGFTHFFVKFVAIFF,length1,114
3,796793,796790,3,M,length1,3
3,796946,796811,135,MDTYNSPLHSVFNGFVAKLLGFFFTWIVELVYMYMTHNSKRFGLI,length1,135
3,797219,797111,108,MFIHFAGFVCGNNCTIFTNWVYIDKSTKCGYTLGYH,length1,108
3,797474,797318,156,MINPNFLWRHRKSAVSMSMGIYPPAFFDNFIANIGFKTTNMAFHTNSVKKKG,length1,156
3,797543,797531,12,MIML,length1,12
3,797771,797768,3,M,length1,3
3,798158,798080,78,MTNVFSSGVLSNAFVKRESMSCKVRS,length1,78
3,798368,798329,39,MLSLKFVAENKPN,length1,39
3,798437,798425,12,MLSV,length1,12
3,799139,798845,294,MNVVVKNIPVPFSHFWRSRLRNFSQLQRENNICASKIIGIGAKKICQSRDISPFSGLTSKFHTTEDKCRLKRLKTAVSNNNKVVQMVEKITVNPRKVR,length1,294
3,799277,799265,12,MIKA,length1,12
3,799430,799304,126,MILKKANQWPHEIFRETSSRYCLPLKVPFLIHFILTCFYRIN,length1,126
3,799556,799547,9,MFF,length1,9
3,799679,799613,66,MLSHNVKNKKNLAYDTRLFGRT,length1,66
3,799814,799796,18,MWMATV,length1,18
3,800033,800027,6,MS,length1,6
3,800156,800147,9,MSI,length1,9
3,800483,800465,18,MVTILN,length1,18
3,800594,800555,39,MVWKRVFHQYVQH,length1,39
3,800660,800648,12,MRNY,length1,12
3,801980,801299,681,MSKLLLVDDDIELTELLSTLLELEGFDVETANNGLEALQKLNESYKLVLLDVMMPKLNGIETLKEIRKVSNVPVMMLTARGEDIDRVLGLELGADDCLPKPFNDRELIARIKAILRRSVSPSNNTANVEILSFDGITLHFSHGIATYNEENLNLTDYEFKILCLLLKSKGNVVSREELSLEVMEKPLTPFDRSLDMHISNLRRKLPERKNKPSWFKTLRGKGYALVT,length1,681
3,802142,802067,75,MMSLVITVPNFDLRIYSPIKRSEYC,length1,75
3,802274,802196,78,MDHPLNKNDNNFYRTFTFKHCPQQKK,length1,78
3,802400,802331,69,MRHLKHLAYPLLRQQESVHQFLE,length1,69
3,803747,803732,15,MSLEP,length1,15
3,804335,804323,12,MEKR,length1,12
3,804614,804572,42,MRIFRFTWCKSFRI,length1,42
3,805292,805244,48,MLKYYATILKSIKSHI,length1,48
3,805343,805313,30,MIIKLHCLMR,length1,30
3,805745,805610,135,MVNHIHRKNCKLAVLNKRQHSLRNIVNSQCVSTVVYAMPLALNLV,length1,135
3,805841,805814,27,MVKQNVCHY,length1,27
3,805976,805844,132,MVKTGFGVVLSLAIAQKFVQNMWILLLQLTKAKWKVPKIMLSLC,length1,132
3,806411,806003,408,MSVTVSKRKKYVRPMTATWWQKLDFYKAYMLREATSVFAVWFCIVLLYGVLCLASNPMPGLGILSFIEFLRNPIVVFLNIITLIATLYHTVTYFLMTPKVMNIIVKNERLPHTVVRNALWAVTTLVSVIALVLVYI,length1,408
3,806768,806426,342,MVDQNPKRSGEPPVWLMFGAGGTVSAIFLPVVILIIGLLLPFGLVDAHNLITFAYSWIGKLVILVLTIFPMWCGLHRIHHGMHDLKVHVPAGGFIFYGLATIYTVWVLFAVINL,length1,342
3,807344,807320,24,MFKKTLIF,length1,24
3,807899,807872,27,MHSIALNYG,length1,27
3,810071,810041,30,MISFYLQGLF,length1,30
3,810671,810590,81,MVAITVIPIIPKDLKSTQASSDILWLI,length1,81
3,810794,810686,108,MQIIKNNAQPRLSVFQAFSGSCSSLPSNFLINGVLN,length1,108
3,811028,810998,30,MAASRTPPSL,length1,30
3,811151,811145,6,MR,length1,6
3,811211,811193,18,MRLIGK,length1,18
3,811511,811424,87,MQQRLHQDQVTLVQPLIDLTQLRLQNGAR,length1,87
3,812042,811994,48,MATARMIMLPLMMYCQ,length1,48
3,812060,812057,3,M,length1,3
3,812420,812417,3,M,length1,3
3,812588,812540,48,MMIIVPMVAMNGVTFK,length1,48
3,812918,812840,78,MLLKLTKFKNVGSCAMMMPSKINNTK,length1,78
3,813545,813521,24,MIFHSFSV,length1,24
3,814058,813950,108,MLNFFFRKRGCWFIHDYDFSVIRERLRNFDHLHLRN,length1,108
3,814397,814385,12,MNRM,length1,12
3,814619,814568,51,MENYFKKSPKLSLSTPT,length1,51
3,814703,814625,78,MRTTRSFNSHFVPSVADLPCAKLLDN,length1,78
3,815045,814880,165,MTSMSFALELDNQASTLSFAIAASHIPVSINNCSVWIPFALSSSTTYFVRTSASG,length1,165
3,815471,815399,72,MPPTTLASLSISLRIKDIKLSSYL,length1,72
3,815639,815597,42,MWIDKVVYIINKLS,length1,42
3,815984,815957,27,MAPAAIESL,length1,27
3,816095,816086,9,MMG,length1,9
3,816158,816152,6,MA,length1,6
3,816314,816284,30,MITIPCTVFK,length1,30
3,816806,816800,6,MN,length1,6
3,817118,817046,72,MKNKNQVMIQLVIFVRVISVLQGN,length1,72
3,817172,817142,30,MYLKMIFPRF,length1,30
3,817496,817421,75,MVKFGQIVSCQMKLLVKIVHNVIIC,length1,75
3,817511,817502,9,MAQ,length1,9
3,817529,817526,3,M,length1,3
3,817646,817643,3,M,length1,3
3,817700,817670,30,MNNQKILRLF,length1,30
3,817880,817766,114,MRHRLMAKITNIGSYMLIFTLLFYAQQLCVNLWWDMKC,length1,114
3,819200,818048,1152,MTPIQNAQQIFNRQHKNLPEITVYAPGRVNIIGEHTDYNDGFVMPCAINFGTAISGAIRDDHIWNVYAADLDETDEFSLNVEIPKSEHKWANYVRGVVKFIQERYPHFQQGANLVISGNVPLSSGLSSSAALEVAVGKFCQQLGDLPLSHTDIALNGQKAENQFVGANCGNMDQLISALGQENHLLMIDCRSLETTPTPVPQDVAVIIVNSNVPHDLVTGEYNTRRQQCEEAAKFFGVKALRDVSVEQFQKREAELTALSPLAAKRARHVVTENQRVLDAVEALKNNDLTCLGKLMEASHDSMRDDFEITVPQIDYLVELVQLVIGKSGGARMTGGGFGGCIVALAPHDKVDAVRKIIADNYEKTTGLKETFYVCTASQGVRVI,length1,1152
3,820232,819212,1020,MLEQTTFNAPDGAPYQLITLQNENGMRVQFLDWGATWLSCKVPVNDTLREVLLGCKVENYPTHQSYLGASVGRYANRIANAQFELNGELIKLSSNQGKHQLHGGEGFDKRRWTIQKCGKNFVCFSLHSEHGDQGFPGNVDVSVTYTLTDDNSVKIEYAGICDKDTALNLTNHAYFNLENAAQGSDVREHTLRLNADFYLPVDNEGIPNSPLKHVVNTSFDFRIAKPIKQDFLQGDQQATKGYDHSFIVNKAWQKPCVLLTSPTGDLSLEVRTSQAALQVYTGNYLAGTPTRNGELYADFSGIALETQCLPDTPNHPEWQNYGGIQKASEQYYQWTEFKFK,length1,1020
3,820487,820463,24,MQQNYTAF,length1,24
3,820580,820553,27,MIITLTQQH,length1,27
3,820661,820604,57,MKKLVKPYQMLKDLPLDLV,length1,57
3,820739,820670,69,MKMSLHKRIAYLTGQTNSYLVLA,length1,69
3,820859,820790,69,MIYKIFANLVIMKMIMKKSLRKH,length1,69
3,820961,820877,84,MFAPLQCYSILISTKEKLRANLYYIKEI,length1,84
3,822782,822359,423,MYKHVLVAVDLSEESPVLLKKAVGIAKRHDAKLSIIHVDVNFSDLYTGLIDVNMSSMQDRISTETQKALLYLAESEDYPISEKLSGSGDLGQVLSDAIEQYDVDLLVTGHHQDFWSKLMSSTRQVMNTIKIDMLVVPLRDE,length1,423
3,823340,823325,15,MAWFT,length1,15
3,824210,824204,6,MP,length1,6
3,825863,825674,189,MLILTRKVGESVLIGDDISITVLSVRGNQVKLGVEAPKEVSVHREEIYQRIKQTKDEPYLGSS,length1,189
3,826772,825887,885,MKAIIPVAGLGTRMLPATKAIPKEMLTLVDKPLIQYVVNECVAAGIKEIVLVTHSSKNAIENHFDTSFELETMLEKRVKRQLLEEVRSICPKNVTIMHVRQGNAKGLGHAVLCGRPLVGNESFAVMLPDVLLAEFSADQKKENLAAMIQRFNETGASQIMVTPVPQENVSSYGVADCGGIELNGGESAKINSIVEKPSIEDAPSNLAVVGRYVFSAAIWDLLEKTPIGVGDEIQLTDAIDMLIEKETVEAFHMTGETFDCGDKIGYMEAFVEYGIRHEKLGKEFKSFIKNLAKTL,length1,885
3,826889,826865,24,MHNNRIIN,length1,24
3,827039,826967,72,MTHYVLTIVWQNRIFKAQLAGPRP,length1,72
3,827057,827051,6,MY,length1,6
3,827183,827096,87,MNYLLKCGQIRKQFYKMMLKIFIVGLRVS,length1,87
3,827456,827423,33,MWKCSTATIHV,length1,33
3,827477,827462,15,MRIIV,length1,15
3,827528,827522,6,ML,length1,6
3,827780,827768,12,MLVS,length1,12
3,827903,827897,6,MP,length1,6
3,827954,827948,6,MN,length1,6
3,827990,827963,27,MLNVLVKLR,length1,27
3,828113,828089,24,MQSRKAKD,length1,24
3,828200,828164,36,MTFTRFFLSNLA,length1,36
3,828428,828365,63,MIKTKSAEKTTALFISIRNNQ,length1,63
3,828518,828458,60,MTNFTVIFSNIVQFVENGFA,length1,60
3,828677,828662,15,MAHYA,length1,15
3,828752,828689,63,MVMINNKSAPLLEWMATSLKI,length1,63
3,829010,828929,81,MKASQWQQVCYYKLCLMVLVHQKILSI,length1,81
3,829205,829037,168,MKNYLVSLQKSYSIVYITKKPSIFIQHKMYNFSVAALLSVLVLHYCSSLMKKLTKY,length1,168
3,829469,829325,144,MSGFLLYITISLKRGKVLKKMFKNEIYLTFFYIDIHYNKPQLNFNLIY,length1,144
3,831095,829481,1614,MTDLNKVVKELEALGIYDVKEVVYNPSYEQLFEEETKPGLEGFEKGTLTTTGAVAVDTGIFTGRSPKDKYIVLDEKTKDTVWWTSETAKNDNKPMNQATWQSLKDLVTNQLSRKRLFVVDGFCGASEHDRIAVRIVTEVAWQAHFVKNMFIRPTEEQLKNFEPDFVVMNGSKVTNPNWKEQGLNSENFVAFNLTERIQLIGGTWYGGEMKKGMFSMMNYFLPLKGVGAMHCSANVGKDGDVAIFFGLSGTGKTTLSTDPKRELIGDDEHGWDDVGIFNFEGGCYAKTIHLSEENEPDIYRAIRRDALLENVVVRSDGSVDFDDGSKTENTRVSYPIYHIDNIVKPVSRAGHATKVIFLTADAFGVLPPVSKLTPEQTKYYFLSGFTAKLAGTERGITEPTPTFSACFGAAFLTLHPTQYAEVLVKRMQAAGAEAYLVNTGWNGTGKRISIKDTRGIIDAILDGSIEKAEMGELPIFNLAIPKALPGVDSAILDPRDTYADKAQWQSKAEDLAGRFVKNFVKYATNEEGKALIAAGPKA,length1,1614
3,831869,831860,9,MRI,length1,9
3,832037,832007,30,MHLHSSAEKM,length1,30
3,832097,832091,6,MM,length1,6
3,832127,832100,27,MRLKFYVKN,length1,27
3,832211,832199,12,MPIR,length1,12
3,832337,832331,6,MP,length1,6
3,832367,832346,21,MARSFYQ,length1,21
3,832448,832382,66,MLSFNHYRQKHKKKSVFAHFLN,length1,66
3,832724,832640,84,MQVRKKWKSLFIHNQLFILWCVMLMAQS,length1,84
3,832925,832889,36,MPLLRVNMRQQQ,length1,36
3,832961,832928,33,MQLMKLPYKHF,length1,33
3,833096,833048,48,MMYSKLMHKQERLRKH,length1,48
3,833189,833144,45,MEYKFQNAHIGCNTK,length1,45
3,833750,833741,9,MEK,length1,9
3,834029,834008,21,MIAIIYS,length1,21
3,834119,834044,75,MIKRIRRIRRYEFISINGKTYWFNL,length1,75
3,834284,834251,33,MARRRANPSRS,length1,33
3,834773,834386,387,MAYLGLQPSLCIFRETCGDQLVIEQNGDIYSCDHYVYPEYKLGNLIETPLIQLLDNNTKQKNFGAAKSFLSEQCKICKFRFACHGGCPKHRTIQGFGKAHNQLCEAYYSALSHMDPYLKSFAKSFGKIK,length1,387
3,834947,834935,12,MYYF,length1,12
3,835400,835397,3,M,length1,3
3,835508,835481,27,MLLKFTTAR,length1,27
3,835763,835670,93,MPLVHYRLHGNHISKCECNHLHVEQNVDLIH,length1,93
3,835820,835805,15,MLNDG,length1,15
3,835847,835844,3,M,length1,3
3,836807,836687,120,MSAATTGPIPDLFNVRITSSLFCTLTARPLRFKSTSRISS,length1,120
3,837107,837089,18,MFVNVC,length1,18
3,837332,837323,9,MTH,length1,9
3,837800,837746,54,MRNRSHISNIRDTETRCV,length1,54
3,838187,838034,153,MCYAIYNLFFYTFTCTNWCFSHSYLPRLFFDRLTWTLTGTRISFSTLTTYW,length1,153
3,838205,838199,6,MT,length1,6
3,838493,838436,57,MIRNVNACNTGHYALLYFN,length1,57
3,838565,838559,6,MS,length1,6
3,838634,838604,30,MLINLDVVYV,length1,30
3,838802,838745,57,MNNYCPKPLRFAFFNADSY,length1,57
3,838886,838835,51,MKSIITTTTIKRDVPPK,length1,51
3,839615,839477,138,MADGKPATIPPKTRIEIPLPIPLSVICSPNHIRNIVPVTKLTTEVK,length1,138
3,839927,839831,96,MIPNAKMDARLRAPPENMLNMSMIVPFCCSTN,length1,96
3,839981,839963,18,MNEPIR,length1,18
3,840440,840416,24,MTAATSLA,length1,24
3,840503,840479,24,MLCTFSRR,length1,24
3,840653,840611,42,MAKTKTTQGSFMLR,length1,42
3,840968,840944,24,MNTFNWML,length1,24
3,842027,842012,15,MNFAR,length1,15
3,842723,842663,60,MRTSSLAATVTLTRWARITW,length1,60
3,843044,843017,27,MICSRTPML,length1,27
3,843362,843350,12,MTDL,length1,12
3,843626,843602,24,MQELVFHA,length1,24
3,844043,843791,252,MIFMNFSERSSRVTGPKIRVPIGCSVLLFKITQALPSKRITEPSGRRTPFLVRTTTAFNTSPFFTLPRGIASFTVILMMSPIAA,length1,252
3,844274,844205,69,MADRRRILSKEKEKGNDNLASSY,length1,69
3,844406,844382,24,MKRSLLLP,length1,24
3,844721,844652,69,MMTTIFSCKRVKILLLTTNCYFS,length1,69
3,844883,844787,96,MLCNMMNSKYICTINIVRNIYIIKHWLYKSII,length1,96
3,845027,845021,6,MY,length1,6
3,845141,845054,87,MTPPIPIFIRNIPSSICIIDKFFWEFILC,length1,87
3,845261,845195,66,MSQITSIPLIRIFKTKIFRNFS,length1,66
3,847400,847340,60,MFCDSFHLFTSYFLAFLSAA,length1,60
3,847661,847502,159,MVNPIIDGMIIERRDQVLIGFLSPLSTAFSTFFNKCRSRKGPFLRERGMANPL,length1,159
3,847901,847895,6,MF,length1,6
3,848078,848069,9,MYC,length1,9
3,848804,848768,36,MCGARSTLSKRS,length1,36
3,848849,848810,39,MLGSPQFVSQHQQ,length1,39
3,849434,849428,6,ML,length1,6
3,850964,850916,48,MFDQKLPFSADVNQPM,length1,48
3,851372,851363,9,MPV,length1,9
3,851468,851423,45,MQVETHINFETLGLN,length1,45
3,851825,851816,9,MMV,length1,9
3,851951,851924,27,MTQPLLTLA,length1,27
3,852053,852050,3,M,length1,3
3,852209,852179,30,MAKNIYLNSH,length1,30
3,852251,852233,18,MLKKVT,length1,18
3,852263,852254,9,MAI,length1,9
3,852299,852269,30,MNYLLGTLIH,length1,30
3,852395,852371,24,MKSSRQPH,length1,24
3,853097,852434,663,MNAKELIARRIAMELHDGDIVNLGIGLPTQVVNYLPDNVNITLQSENGFLGLTAFDPENANSNLVNAGGQPCGIKKGGTTFDSAFSFALIRGGHVDACVLGGLEVDQEANLANWMVPGKMVPGMGGAMDLVTGAKKVIIGMEHCAKSGSSKILKKCTLPLTASKKVAMVVTELAVFNFIEGRLVLKEHAPHVDLETIKAKTEADFIVADDFKEMQISQKGL,length1,663
3,853298,853256,42,MAFGIYLVLVCKWH,length1,42
3,853370,853316,54,MLLQPHHKFVSFFLQSLQ,length1,54
3,853859,853748,111,MAKQKVLIQNLLRPIQHLIKNWIKMQHLLKKWKKAAS,length1,111
3,853943,853940,3,M,length1,3
3,854042,853979,63,MARQWPICEQLLMPQEAQQGS,length1,63
3,854075,854060,15,MRVCN,length1,15
3,854156,854126,30,MLLTKILSHY,length1,30
3,854309,854294,15,MVSNG,length1,15
3,854774,854720,54,MWIWSKKCRIRCTVYYQW,length1,54
3,856679,856667,12,MIIP,length1,12
3,856748,856742,6,MS,length1,6
3,857438,857366,72,MNNASINSFALNSRKSSIFSPTPI,length1,72
3,857804,857468,336,MAKITPPFAVPSNLVREIPVKPTASLNNFAWLMAFCPVPASSVSIISCGAVSSYFFITRTIFFSSSIKLFLFCKRPAVSAIRISILRAAADCIASKITDAESEPVLCATTGI,length1,336
3,858314,858104,210,MILLVVGTPISAINSCSSNSSNNSSSIFFPKKKLRKPAPIFCLVFSNPLTKRLKKPPSLGFSRVSISATG,length1,210
3,858617,858344,273,MISSIGSSAVEISCIFSSSTKSLASNFSIDGSISVIFSSSIIGSILGSSCFLLRPNNDAQNPPFLFSSAIKCSLNCNPIKMSFILAKNRLN,length1,273
3,858731,858671,60,MQRARFALLQGYGEGENFLY,length1,60
3,858848,858824,24,MALRGVVR,length1,24
3,859106,859028,78,MSCFWIHPFILIWQNKQLTCFVKIIG,length1,78
3,859121,859115,6,MR,length1,6
3,859331,859259,72,MNQKSHKIRGTLFAFVPIQDFACT,length1,72
3,859439,859358,81,MINAYAAQVWIITNLRKSNATKPLKPF,length1,81
3,859610,859574,36,MKCRWNKKSAFQ,length1,36
3,859682,859664,18,MKRGDN,length1,18
3,860516,860411,105,MSGVIASKNSKGIFCLPNSSVICFRRFCSVVKLMT,length1,105
3,860648,860642,6,MC,length1,6
3,860885,860870,15,MAWTM,length1,15
3,861038,861020,18,MFYHWR,length1,18
3,861425,861344,81,MNDLGTQLVLFSFIQTLLSALEFHQIC,length1,81
3,861797,861734,63,MKRSVKSMNCTLSCVVIRNVI,length1,63
3,862052,861980,72,MKNILNLQSYLVASLKIKRLTRNT,length1,72
3,862193,862097,96,MCPQPKFAPLHSNIGSLFRKKLVLSLPKRWRF,length1,96
3,862472,862373,99,MPCAILIKLHLLIRISLPRKRSAFNMKEKLIHF,length1,99
3,862559,862502,57,MSLFYLKIILNGWMMACAA,length1,57
3,862745,862703,42,MKRKSVNYKTQPFL,length1,42
3,863810,863747,63,MVPRGGIEPPTRGFSIPCSTD,length1,63
3,863966,863945,21,MFIKTTK,length1,21
3,864041,864017,24,MVLASEHF,length1,24
3,864446,864428,18,MRHNLH,length1,18
3,864644,864632,12,MPIL,length1,12
3,864791,864728,63,MIYNLPQKKWTRANRHITRCK,length1,63
3,864848,864830,18,MNNSIM,length1,18
3,864962,864905,57,MATRIKRICIFHIIFTACH,length1,57
3,865025,864998,27,MRELPCENI,length1,27
3,865445,865424,21,MIPYKLY,length1,21
3,865631,865622,9,MNI,length1,9
3,865700,865634,66,MKMAKCMSKTRPFLIMRDFFLG,length1,66
3,865748,865706,42,MKQRGFIFKLWKTK,length1,42
3,866255,866252,3,M,length1,3
3,866300,866297,3,M,length1,3
3,866489,866459,30,MLASKLVVPS,length1,30
3,866714,866639,75,MAYYSLTRCGEKVPIAAWLHFEVFL,length1,75
3,866774,866771,3,M,length1,3
3,866972,866816,156,MCVVTATHSILVNNVLLILVVVLSVSTAVSKFQAQNNLDLFKNPANLRGFVL,length1,156
3,867389,867206,183,MEVRVLMLILNFLRLALRQMEYLRNDGHCVQNLDLADLNLVEKYHKNDAKYELVRHRIAPQ,length1,183
3,867629,867530,99,MRCRIHNLFLTVFYPQLLLLPHRVQLNSHHANP,length1,99
3,868160,868136,24,MQISSSNN,length1,24
3,868499,868481,18,MNSIKI,length1,18
3,868529,868523,6,MH,length1,6
3,868925,868880,45,MVMVIWLLLNTAKLI,length1,45
3,868958,868934,24,MASIKLYQ,length1,24
3,869825,869816,9,MAK,length1,9
3,870104,870074,30,MISVSFVSHK,length1,30
3,870269,870140,129,MVLLHKVALYSQKNDPLSHPRLNTTPCFVLKISLLLGELNNNL,length1,129
3,870722,870674,48,MALHICTYLAVHTSPV,length1,48
3,871085,870824,261,MTNFRMRTEQEMMIELALVAVKEHDGFIADGSQYSLPNGRGQTFVYNTAFLDVRFVEDGHKDCVVRFTSTLAPFAPPFYCLLSELED,length1,261
3,871700,871634,66,MHSALQSFVIRLFFDVALPTTE,length1,66
3,871754,871733,21,MCANRSA,length1,21
3,871961,871775,186,MTRAFGFNRLAVWLNKPLPPNVSIIVQPSPSPLIFSFKTVSKCLRNIRFCPINGNGACLKVF,length1,186
3,872012,871997,15,MLKAF,length1,15
3,872135,872117,18,MCNGLL,length1,18
3,872726,872684,42,MAISQCEYLPFVQN,length1,42
3,872798,872732,66,MRSAIALTGSLPQSRLCLYIAK,length1,66
3,872864,872858,6,MD,length1,6
3,873668,873641,27,MSFVKFPPL,length1,27
3,873824,873794,30,MGMITRCFIL,length1,30
3,874166,874151,15,MHMSF,length1,15
3,874397,874391,6,MG,length1,6
3,874712,874673,39,MPFPIFRKILTAC,length1,39
3,874985,874973,12,MVSI,length1,12
3,875006,874994,12,MRVV,length1,12
3,875339,875324,15,MRLSL,length1,15
3,875522,875510,12,MCRF,length1,12
3,875705,875570,135,MITCKGTTCAKIHNIVIPIKHRYSPHKNQVITRFIAKLSQISRRW,length1,135
3,877136,877046,90,MLTSALGSNDCTSRKIAWRISSKLGTINMV,length1,90
3,877418,877403,15,MVWSI,length1,15
3,878492,878456,36,MYRLAFCDRVQR,length1,36
3,878954,878918,36,MLDYFPHAMPLF,length1,36
3,879908,879695,213,MYSISCGNKSSSSTNSVAIRNKATLEANCIIKCTDSVSSLLKEVVNDFNAACSLADLIFLPLTKSAGICLI,length1,213
3,880133,879995,138,MVTKSRTARLDFALKLSCVTTGDTPYLVLSKSNNPRTCSKQPNNAP,length1,138
3,880580,880568,12,MVER,length1,12
3,880817,880775,42,MAVFNPSLMVCPKC,length1,42
3,881732,881555,177,MPSICANSTAFLACSTFALLVDITTLWDLSVAPSEFVTSSFTCLPSSTLLRIPRSAIKA,length1,177
3,881846,881756,90,MAVPSTKFVICSIKACCSSFLAVFNFAFKA,length1,90
3,882248,881933,315,MDLIKSMPWVLPSLPLISNLEKRSAVSLDVSLASKLTRLFPASSLVPAVTRACWFATNNASKPSMPESPADLAAAICCGSQRAISESSKLPACPAATALSNTAPI,length1,315
3,882551,882260,291,MPNCCIAEIAIADKSSVLAPVATAPFCKVGNNFIAVSAFTVPEANNLSNAPKASSFVPPPVSTALFTASCNSFFPAIRPATSRSEKAVLDTIAKRRS,length1,291
3,882767,882569,198,MGCAITIAPAAMPAPTLAMAVPTLPNRCPQEVFPISALSPAIFERVASAARANSRLVAVPLRFNRL,length1,198
3,882782,882776,6,MV,length1,6
3,883049,883028,21,MHRVAFF,length1,21
3,883157,883073,84,MLPTCHPCSNFGMTHCSYFFSSKPKFSQ,length1,84
3,883298,883205,93,MLFYSVSALLGFSPASMCFFRSSAIACVIST,length1,93
3,884798,884708,90,MLMPLLNRHFRHHLQGQKHSLPYHLRLMWH,length1,90
3,885191,885146,45,MYFLHLHPNKSVSVR,length1,45
3,885422,885194,228,MLLLHLTSVLRLRRFAHLLAKYSLHCVSCILYKHPVYEDSSGYYQNQYSFQPLSFSCSLRERVSVITIKSPSLIRR,length1,228
3,885596,885500,96,MPIAAFTFILCLHLKRHFGTAYWVINVVTNTF,length1,96
3,885695,885626,69,MIMRKQIIRIFAILCHFRITAIF,length1,69
3,886025,885971,54,MTLQISAHTFDTCAPKSD,length1,54
3,886484,886460,24,MQHQANCH,length1,24
3,887258,887204,54,MQNLHYHAHARPKYRYLP,length1,54
3,887396,887330,66,MASRHSSYPTNKTLVFLLHCLW,length1,66
3,888692,888509,183,MKDLANIALCVVSKHSRDITIFAIFDIVRGFISPTHISKNPLWGKIEIFHPARTRCFFAVF,length1,183
3,888980,888944,36,MAEYRIEQDNKR,length1,36
3,889058,889022,36,MRNKPHIKDVKD,length1,36
3,889088,889061,27,MIENNPNPF,length1,27
3,889625,889361,264,MASLLLYSEVMLSIKFSVSTKGVPWRSFNFFHSGRPPTSKFCVTADSIVPAMLRIKGARCAVACANRSSKAVTSCALLISMSIIIVDF,length1,264
3,890114,889919,195,MISGNASYSSIPKSCPSRLLNCLIKVSSESHTVPVLLFNKSLLSALKTPAANLKFLVRLSRTCNI,length1,195
3,891059,890999,60,MACLGSTPMANLGALGIGCS,length1,60
3,891116,891101,15,MAFTG,length1,15
3,891689,891560,129,MWRNIRININLQIRQNDLLSNCLRNLFRIANHQITTNFIMHIT,length1,129
3,891902,891830,72,MQFNLHRFRHNACRIMPNFCQRTQ,length1,72
3,892040,892004,36,MLIHIKPCQCSI,length1,36
3,892106,892076,30,MAMYHPAKRT,length1,30
3,892505,892469,36,MLRLNITVFGIL,length1,36
3,893096,892946,150,MWGCRLSIRNILSVFGFVAVAGTGMPRCAERFTNSSFKNSWNCTVSTNQR,length1,150
3,893279,893219,60,MAEGSLLAPAFPKDGSSAPK,length1,60
3,893972,893867,105,MVAACHTRPCPAISGKSMRKRWLNSNSTLMASNIG,length1,105
3,894149,894092,57,MAKCTDDVCCNTCGNCSKR,length1,57
3,894326,894260,66,MAARESSHPSNFASTFCRKLSE,length1,66
3,894380,894374,6,MP,length1,6
3,894461,894452,9,MHK,length1,9
3,894521,894476,45,MATEKLRVSCFKFLI,length1,45
3,895025,894995,30,MCHLNPRILL,length1,30
3,895475,895424,51,MLIFSHFIVYRFPHPAD,length1,51
3,895670,895628,42,MPNPLQLGLITEIA,length1,42
3,895805,895748,57,MFYLSFSHGFLRLQLGIGF,length1,57
3,895865,895832,33,MFQLKHHIRTQ,length1,33
3,896297,896261,36,MHFYCKSAVDIA,length1,36
3,896651,896516,135,MVILPIMPSSATFTARCNIRLALPNPWFTAASKNWKATASGILSH,length1,135
3,897056,896957,99,MGFFRMANLCQNLPTAPIRKLIFRTKLKHSHTP,length1,99
3,897176,897068,108,MLGKIIIIGFKTIITQHTQCRLTTRNIQPLPTKNLS,length1,108
3,897335,897227,108,MHPISKSKGSPTKICNNFFHRSKSHQIHHLLHCFRQ,length1,108
3,897566,897557,9,MND,length1,9
3,898187,898139,48,MSCVICSKASLKRRFS,length1,48
3,898523,898436,87,MLFYSDHTLPTSAPPFSTATAATNAQNPL,length1,87
3,898952,898937,15,MAAIR,length1,15
3,899420,899414,6,ML,length1,6
3,899459,899438,21,MSLLNHL,length1,21
3,899495,899480,15,MSHFH,length1,15
3,899747,899708,39,MGFNNLVPFAHQS,length1,39
3,900263,900230,33,MPYRLLFCHCQ,length1,33
3,900404,900398,6,MG,length1,6
3,900476,900470,6,MI,length1,6
3,900503,900494,9,MRI,length1,9
3,900800,900596,204,MLLCRALISKAPYAIRSNVSSQIYSRICSSSTFILSPISFSTLATNSVHFPHKQQHIELALCEDRFVL,length1,204
3,901169,901163,6,MR,length1,6
3,901454,901418,36,MHQHVPFPQRVG,length1,36
3,901556,901517,39,MPLISSPSFVKRG,length1,39
3,901706,901652,54,MPDSLIYAPATSNAIGTY,length1,54
3,902288,902120,168,MPSLKLRISLFKDTPFSTHSRTSTSRALSMSFTNSAGVKFPLASRQYSFPSIICFI,length1,168
3,903032,902972,60,MAKSSSGRALPRSQANPTRL,length1,60
3,903389,903125,264,MRRINSKERVESNSASSIINKRSAPLSFSTIPESTSLFTPRLVEPTFSAILRSNTFGVQLGSTSIKMAELCSFAYCLSICVLPKPAAP,length1,264
3,903755,903593,162,MDTSNKVATCFWLILCASINAFNSCAFIFLPFTHSLTFFFVPTLLYPLWLRKLG,length1,162
3,904154,904115,39,MYLGGINPLLPLA,length1,39
3,904748,904733,15,MSPQE,length1,15
3,905033,904925,108,MQRELGQYSVSFLNVTARLQNVHPIQPKNSDRLLPH,length1,108
3,905567,905501,66,MPRHILFHHLCQLFFELPNHSS,length1,66
3,905726,905705,21,MVTLLIT,length1,21
3,905843,905837,6,ML,length1,6
3,905936,905903,33,MPINSCFFSFH,length1,33
3,905999,905972,27,MRILNHKNN,length1,27
3,906857,906146,711,MRVKFKNNSSIGNRIRELREFKKVSRNAMAEKLGLSLSALQNWETNQTEPVASMIITLAEELEVSPNYLLTGETNATLDENSNRITLRESENSRSVADDEGFEWIDDCRDVIVTAGYGGINSDYLEVKKTKIEREWLRARGLKAEDCGKYKVCGDSMDDTLKDGEDIIVNHASKTLIDGKIFVLNNQGSMLIKRIQRTFSGVELISDNNAYRPIKLTAEEADSLLVIGQVVLGYRNF,length1,711
3,907343,907280,63,MQNKTQFSTIFLQSPPFSIFA,length1,63
3,907514,907496,18,MARITA,length1,18
3,907769,907760,9,MER,length1,9
3,907973,907898,75,MYYLSHSLLACQDYLKFHFLLSSYY,length1,75
3,907988,907985,3,M,length1,3
3,908975,908900,75,MLLPFHNGYLHLVHAKLQWLVLHLY,length1,75
3,908990,908981,9,MVQ,length1,9
3,909053,909020,33,MRINLCRQGFS,length1,33
3,909770,909686,84,MKVGQSLIFVRHYRSKWFSSTLSLYPQE,length1,84
3,910205,910175,30,MLLLIEYLLF,length1,30
3,910496,910466,30,MATYLFHHKE,length1,30
3,910955,910931,24,MLGDQIHY,length1,24
3,910988,910958,30,MPHYLKAHLS,length1,30
3,911060,911027,33,MDFPKVVQSLE,length1,33
3,911357,911171,186,MAKLLWDGYAFPLSLKCAHLLDEHDIVHQDQETNGRLSNLPLLQHYLYKQKAQNQAFAQRYF,length1,186
3,911603,911570,33,MLDGHHLKYQW,length1,33
3,911630,911609,21,MLWVLVE,length1,21
3,911924,911912,12,MLVI,length1,12
3,911993,911948,45,MFFVQQNANTLHKLT,length1,45
3,912335,912284,51,MNSQPKITQLKYFCLIM,length1,51
3,912488,912413,75,MSLFSEPSKRRYGVAIFCRFYLCFR,length1,75
3,912530,912491,39,MGSGASFSTEQPY,length1,39
3,912815,912809,6,MI,length1,6
3,912830,912821,9,MLH,length1,9
3,913064,913016,48,MPKQFRLSVTTHYTHN,length1,48
3,913157,913127,30,MNKTMFYTAS,length1,30
3,913208,913187,21,MKLHWQC,length1,21
3,913331,913313,18,MLVLIT,length1,18
3,913967,913871,96,MEFLLVPKLVRPYSHEFDYHLLPSKPYYPFVC,length1,96
3,914069,914003,66,MSQTEQNNEHHFRIAKLRFHQH,length1,66
3,914333,914315,18,MANKAL,length1,18
3,914516,914426,90,MPTAIPSISKFFCSSRLTTIGSNSSFSACR,length1,90
3,914666,914519,147,MIEPFFSRRFTVTSSSIRATTICPLRTSLVLCTANKSPSKIPTFFIDKP,length1,147
3,915050,914849,201,MISIAPLRESAFKCSSAAFADLKPNSRDISARVGGIPVVSKWRFNKSNTSCWRAVNGLIYTPVFKHR,length1,201
3,915161,915155,6,MC,length1,6
3,916787,916766,21,MVYTCGK,length1,21
3,918686,918629,57,MSSNARFSENFKNNSNSLC,length1,57
3,918788,918773,15,MAITK,length1,15
3,918839,918812,27,MTSISPSCP,length1,27
3,919166,919157,9,MLH,length1,9
3,919469,919463,6,MQ,length1,6
3,919685,919550,135,MRYQEGTMSLLLHLGCLLILKVQIAQKQMPMVQFQLSLSPFLLLQ,length1,135
3,919826,919817,9,MHQ,length1,9
3,920297,920231,66,MQLPPLTLGVQDGYRFDGSLQR,length1,66
3,920345,920315,30,MPRDQYPLRE,length1,30
3,920792,920756,36,MLKNSVIFHQLK,length1,36
3,921053,921038,15,MKLFG,length1,15
3,921080,921065,15,MKPLW,length1,15
3,921176,921134,42,MCFQAKLKIKISEN,length1,42
3,921251,921218,33,MVLQPLLLQYF,length1,33
3,921866,921359,507,MSEQKQDVAATEEQQPVLQIQRIYVKDVSFEAPNLPHIFQQEWKPKLGFDLSTETTQVGDDLYEVVLNISVETTLEDSGDVAFICEVKQAGVFTISGLEDVQMAHCLTSQCPNMLFPYARELVSNLVNRGTFPALNLSPVNFDALFVEYMNRQQAENAEEKSEEEQTKH,length1,507
3,922145,921899,246,MICTPKAGLNNQLRCRFFMTKYHTLCKQQVNAPFDVSTSHCAISSLICHKYLGEECDEHLHQILPIRNLHLLDLYRAHLSRI,length1,246
3,922559,922511,48,MPLQNRTISQILYQCI,length1,48
3,922787,922646,141,MYLVCLDIVLPNTTLRNSQPRYRVVISSCLVHQAQQRLNGLHLGHSQ,length1,141
3,922976,922835,141,MRLFLLDLGNSPLGMCHLAKLDLRLRGVVVILLLPVFYLKLHSQHHA,length1,141
3,923036,923021,15,MMQFL,length1,15
3,923270,923129,141,MLRCLYLLVKRFDRHHLLYLNTLCSHYLLVGYGLLLPLHLQWYQNIG,length1,141
3,924041,924020,21,MKWLLWD,length1,21
3,924128,924125,3,M,length1,3
3,924278,924155,123,MNTLILLCWLKIMKAIEILLYCYQRLINAVITIYLILIKIG,length1,123
3,924347,924329,18,MWVKNC,length1,18
3,924473,924446,27,MKNVTFKQR,length1,27
3,924521,924515,6,MM,length1,6
3,924566,924533,33,MQRILKPTKFA,length1,33
3,924590,924578,12,MAIL,length1,12
3,924860,924845,15,MKKCG,length1,15
3,924902,924878,24,MMNACKLS,length1,24
3,924908,924905,3,M,length1,3
3,925037,925031,6,MH,length1,6
3,925157,925142,15,MVAIA,length1,15
3,925250,925181,69,MVVARYHKLLPLAQWRRKRLFEM,length1,69
3,925301,925274,27,MVSLIVFLN,length1,27
3,925397,925379,18,MKKCEH,length1,18
3,925478,925436,42,MQVNMQVAWSFRQP,length1,42
3,925571,925511,60,MKAYIRLLTLIKMMWNMQGL,length1,60
3,925667,925634,33,MFVWCVKASLE,length1,33
3,925763,925691,72,MILNLLNYLNVPKPPLCSSWNHEV,length1,72
3,925934,925925,9,MQV,length1,9
3,926141,926126,15,MASYL,length1,15
3,926273,926177,96,MVLINLTPLLMPWCLTKLFGLKLISLQNLWLQ,length1,96
3,926522,926393,129,MNKAKLCMGLARLKAWGKARLKHLWRQEMKGGFSKIYSIYALV,length1,129
3,926696,926627,69,MHLELPISMRKMKQWDKRICSVC,length1,69
3,926798,926708,90,MKTWKMPMLIHHLTLKNKSLMANEKPWGFI,length1,90
3,927101,927083,18,MISLVA,length1,18
3,927236,927134,102,MRHVLVMSNPWLLVFLSIKLHQVSLNNLKHYLSQ,length1,102
3,927341,927332,9,MKF,length1,9
3,927896,927722,174,MRFRNIIIRHILNIKTIFREVCNNICFFLLICRSYPNKHASTFIICITITEFGYSSVT,length1,174
3,928100,928061,39,MVLFRIFFQTSQT,length1,39
3,928277,928271,6,MG,length1,6
3,928535,928496,39,MIEWWNKCHIFFF,length1,39
3,928751,928703,48,MVTCRCRYYACCFLFL,length1,48
3,929051,929033,18,MKEGNR,length1,18
3,929153,929066,87,MFYRVPHLCPLRSQSDRILLKRKILHVHG,length1,87
3,929444,929333,111,MYRQRSDHPLIKRIFCPSPSILSNWLGITFLAYLVRL,length1,111
3,929795,929723,72,MLELCGYLQGLHGRIYVILHLDCE,length1,72
3,931076,931037,39,MSVISIVVTVNPQ,length1,39
3,931115,931094,21,MCCTDHI,length1,21
3,931391,931292,99,MESIMASPNPITKLVAPEPDAAIQTPTFPVERA,length1,99
3,931607,931538,69,MISCAPVIVFVSCYFYFGISLAL,length1,69
3,931979,931931,48,MKTVVAHLSSLTLLHY,length1,48
3,932099,932012,87,MPLGTVIVVVRHFLIVVLARTLKCLAGGK,length1,87
3,932135,932108,27,MSSSDYITL,length1,27
3,932549,932444,105,MHYLHQIGQNYPTRVCGLPPMGKSSSLFQSALGLW,length1,105
3,932990,932972,18,MCSINL,length1,18
3,933077,933047,30,MKNSVYWVIT,length1,30
3,933131,933080,51,MKRHLSKWVSSGVYALY,length1,51
3,933428,933314,114,MKLKENKMTTGAIIMMIIALTLLWGGLIYASLRLPKEN,length1,114
3,933701,933668,33,MNRLTVCVSVN,length1,33
3,933941,933875,66,MHSTAKLLVSLIINTKRIAMTK,length1,66
3,934298,934244,54,MQIRNKIAMFHKNSTIFV,length1,54
3,935279,935264,15,MAHTM,length1,15
3,935591,935579,12,MSKA,length1,12
3,935636,935624,12,MIFH,length1,12
3,935705,935663,42,MMVSNYSNKINRTL,length1,42
3,935747,935726,21,MVLKHHI,length1,21
3,935795,935750,45,MLHGVGFVYVCSMPH,length1,45
3,935858,935807,51,MIYAWIMIKKCYLLHKI,length1,51
3,935996,935939,57,MKLTTYLSLAEVNVACTKK,length1,57
3,936095,936020,75,MNSLITPSLNYVLKDNYPHLTNNRI,length1,75
3,936179,936110,69,MHQQYYNKPLHKLENLILMSQTV,length1,69
3,936254,936215,39,MLWLVKAPLNAGF,length1,39
3,936344,936257,87,MQVYLLDLLFKVPNLWWKAKENINYKLKN,length1,87
3,936725,936701,24,MFNGRAKI,length1,24
3,937187,937115,72,MFARRQCLGCRCVRNSSIRERRIC,length1,72
3,937847,937808,39,MVKFQITFTSSSF,length1,39
3,937898,937877,21,MAFPCRT,length1,21
3,938477,938462,15,MVLAW,length1,15
3,939383,939356,27,MGRFRLMAR,length1,27
3,940430,940400,30,MKKLLGGLNL,length1,30
3,940790,940664,126,MPLGESYLHATLIGGSQPEHHLAFLLGWKINIDLYALFNLKF,length1,126
3,940913,940907,6,MP,length1,6
3,941549,941519,30,MVFVDARQNN,length1,30
3,942719,942695,24,MVKENPAF,length1,24
3,943235,943121,114,MKKLLSILVLSAICIVTTGCGVKGSLYFPEKDQAQQTQ,length1,114
3,943394,943319,75,MPKICQFNNLLNNSVHLFMYILARH,length1,75
3,943580,943568,12,MRQK,length1,12
3,943733,943652,81,MWNQFLSSSTLTKSREKWVKSHLFLYV,length1,81
3,943781,943742,39,MLMLIHTLIFQQD,length1,39
3,943835,943811,24,MKLERYIN,length1,24
3,943934,943919,15,MQQID,length1,15
3,943976,943964,12,MELH,length1,12
3,944063,944021,42,MKHHRIQAITQMRY,length1,42
3,944141,944129,12,MQEF,length1,12
3,944207,944171,36,MKAVISPLPIQE,length1,36
3,944246,944234,12,MRLT,length1,12
3,944303,944294,9,MML,length1,9
3,944453,944399,54,MEQVCHQTIIQEPALQKF,length1,54
3,944477,944459,18,MAINPI,length1,18
3,945362,944738,624,MQDKLKVLLIDDHPLMRRGIKQLVELDDNFEVVADVSSGTEGISVALQTSPDVIILDLNMKGLSGLDTLKGLRAEGVDARILILTVSDAKNDIYTLIDAGADGYLLKDTEPDTLLDQIKRIAQGEVILSDSIKNLLLERTHEDNPLDSLTDREMGVLRQIATGLSNKQIAAQLFISEETVKVHIRNLLRKLNVHSRVAATVLFFEQNR,length1,624
3,945386,945380,6,MR,length1,6
3,945653,945620,33,MINSYQKALIA,length1,33
3,946676,946631,45,MGKPHTTIGITAFHF,length1,45
3,947252,947186,66,MRPLRSSRTRSSPNQSSNAHGR,length1,66
3,947480,947447,33,MALPFRTTGSL,length1,33
3,947786,947714,72,MTGVTASKAPTYPTHQNSMFSVKL,length1,72
3,948083,947999,84,MTPSINLPAPGRHHTLYVHFRVCRVLCF,length1,84
3,949325,949286,39,MARSPGFGSIPCN,length1,39
3,949652,949535,117,MGLPLLVRTRFQVLFHSPHRGSFRLSFTVLVHYRSIRSI,length1,117
3,949721,949664,57,MVPPSSNRISRVPPYFSLA,length1,57
3,949841,949733,108,MVFRYGIITLFDCASQHILLTILLSLTGSFAFARRY,length1,108
3,950069,949916,153,MNSLVDSRFFIYWVSPFGYLGLNASYRLIQAFRRLARPSSPLIAKASTLYA,length1,153
3,950168,950141,27,MRIFIQLNT,length1,27
3,950216,950195,21,MQNRFCF,length1,21
3,950777,950732,45,MFSSAHLSTTISQSV,length1,45
3,951359,951290,69,MQHLSLSSRRHKLISELFLGCQE,length1,69
3,951704,951584,120,MSVSTFPRGCLRLRYSSTSLRISPLHVEFYPSLKYSSYPV,length1,120
3,953012,952964,48,MMWTIVNAIQIHILFS,length1,48
3,953906,953903,3,M,length1,3
3,954479,954449,30,MISWQHSASN,length1,30
3,954560,954518,42,MKLFISALHLLYLP,length1,42
3,954644,954608,36,MRFYKTTALILC,length1,36
3,954812,954806,6,MH,length1,6
3,954833,954827,6,MV,length1,6
3,954938,954920,18,MASRSR,length1,18
3,955079,955037,42,MSLGWQPLLLCYSL,length1,42
3,955151,955136,15,MQLLT,length1,15
3,956066,956060,6,MF,length1,6
3,956213,956159,54,MFNYRKDNNSAREYLDYF,length1,54
3,956441,956354,87,MPSGTSPVNKYSTSLNSPKRTIAWRVNLE,length1,87
3,957236,957212,24,MRSPPITL,length1,24
3,957407,957380,27,MLQHTTSII,length1,27
3,957566,957497,69,MYVKYNATLRYLALRKRGSASNT,length1,69
3,957809,957806,3,M,length1,3
3,957842,957836,6,MP,length1,6
3,957857,957854,3,M,length1,3
3,957929,957869,60,MRSACHGRQFHASTVIGQTC,length1,60
3,958106,958046,60,MPPNNRLIMFFRFTFAKLTF,length1,60
3,958529,958172,357,MSWLAKAEFFFHSAHCTIVILWLITRHRKQTARFVHHAQMIILINNIQIRFKGRIVFNQCHFYSLFVTMTRKQSKRQFALESSSSDCVRCCSKISISLWRIFLFTARKACKRLISALNC,length1,357
3,958640,958613,27,MLLRAIFTI,length1,27
3,958805,958709,96,MLFPLLSSSRRIGVGGKKRLSCNPFGDWLSTT,length1,96
3,960248,960218,30,MIRASCSTNK,length1,30
3,960656,960581,75,MVFPKPTSSANNTRGLTRLPTSAAI,length1,75
3,961346,961340,6,MN,length1,6
3,961607,961544,63,MQQLNDILPKKPWICYMKMPL,length1,63
3,961649,961616,33,MQAQQVGILLI,length1,33
3,961706,961700,6,MP,length1,6
3,961880,961721,159,MLKLLLLAEFIQQNMKHFTVPYLSTYYNDYILIFQCFLVQELIKTVISGNQTS,length1,159
3,961892,961883,9,MPL,length1,9
3,964073,962306,1767,MALATQSNRIKIGIRPTIDGRRMGVRESLETQTIRMAQSVAQLLQTHIRHTDGTFVECVVADSTIGGVTEAAACADKFKRENVGLTITVTPCWCYGSETIDMDPHMPKAIWGFNGTERPGAVYLAAALAGHSQLGLPAFSIYGTEVQEADDTNIPEDVKEKLLRFARAGLAVASIRGKSYLSIGSVSMGIAGSIVNQAFFQEYLGMRNEYVDMMEIKRRLDRKIYDQEEVDLALSWVKQYCKEGVDVNSLENQRNAEERAELWENVVKMTIITRDLMVGNPKLATLNYAEEALGHNAIAAGFQGQRHWTDHLPNGDFMEAMLNSTYDWNGVRPPYILATENDSLNAIGMLFGHQLTGKAQIFADVRTYWSQDSVERVTGWRPESGFIHLINSGSAALDGTGEHQDAQGNPTLKPAWDVTEEEAKRCLENTRWCPAVHEYFRGGGLSSQFLTKGGIPFTMHRINLIKGLGPVLQIAEGWSIDLPQDVHNKLNQRTNETWPTTWFVPRLTGKGAFTDVYSVMANWGANHCVATHGHVGADLITLASMLRIPVCMHNVSEKNIFRPSAWNGFGQDKEGQDYRACQNFGPLYK,length1,1767
3,965558,964148,1410,MAIALIFDCGATNLRTIAINEKGQILASHHLANNTKQGIESSDYHIWDIEEIWQKLISCATQTFNQLIQQGIDLKDIVGISVTTFGVDGAPFDKNDQQLYPIISWKCPRTIPVMENLSNQLDIKSLYQRNGIGQYSFNTLFKLHWLKTHKPDVFQKMAKFVFISSMLTQRLTGQFTTDHTMAGTSMMTNLTSGNWDPSILASLGLSNNHFPPMRYAGEKVGKLRTPLAQKWGLNPVPVISCGHDTQFAVFGSGAGLNQPVLSSGTWEILMARTQHAEPRFEFVSQGLTTEFDAQSNCFNPAVQWVGSGVIEWLGKLLFSDVYGSDHYYTTMIKEGEKAFNAGKRAVNFEGIFSQKGQGNISGLSMFATRGEIYVSALQHMANKLKNGLSVLHQVSQFQAKSLICVGGGSKNVLWNQIRANTLNLPIDVVDISESTVLGAAMFTFAGVGIYENVNAAQQAMQPTRKRIYPN,length1,1410
3,966143,966134,9,MEC,length1,9
3,966260,966197,63,MLMEMANTKKINYHQANGNFT,length1,63
3,966371,966290,81,MPLSTIIPFTVQAYPFSKNLFLQFITW,length1,81
3,966434,966410,24,MQHLVVTN,length1,24
3,966482,966443,39,MSQRESKKAKPFY,length1,39
3,966497,966491,6,MV,length1,6
3,966704,966653,51,MDYVLKNPKSCYTPSLT,length1,51
3,967889,967718,171,MGSILPNFNLRFYVFNVPYHLWYCPLWLKRGIDIRSCRFSNGYCRRRINATTTRNDY,length1,171
3,968159,968060,99,MMQIMSIKSNRLKVLIFEKTKQDLVKQTTNGTP,length1,99
3,968462,968390,72,MKFLIFQLNCSKLFHFKKYPPFSL,length1,72
3,969377,968531,846,MAAKIISGTELSKQIKANLADKITHYIEQGKRAPGLAVILVGADPASQIYVGNKRKSCEEVGILSKSYDLPETTTQNELLAIIDQLNADKNIDGILVQLPLPKQINAEAIIERIDPKKDVDGFHPYNVGRLCQRIPTLRACTPYGVMKLLETTGIDLHGKHAVIVGASNIVGRPMSLELLLAGATVTVTHRFTKNLENHVRQADILVVAVGKPNLISGDWIKESAVVIDVGINRVDGKLVGDVEFDKAAEKAAYITPVPGGVGPMTVAMLMSNTLYAYEHNK,length1,846
3,969410,969404,6,MG,length1,6
3,969476,969443,33,MALLYFLRLNL,length1,33
3,969833,969803,30,MNAATNKPIR,length1,30
3,970196,970046,150,MFFCNPSNPEINGLILPLNIHVKAMTEKIINVNIRIGFISIFSKVCSKLR,length1,150
3,970520,970442,78,MARGNIIAAVAVLLIHIERKAVIKKR,length1,78
3,970874,970862,12,MPFL,length1,12
3,971009,970949,60,MNVIKMQRAIFRNVIESNKF,length1,60
3,971441,971357,84,MRSHKVRRDIDLFLRCVRKFLISQNLNF,length1,84
3,971657,971558,99,MHAKSHYRSRWYLRIQWLVLTDEFHLKMAYKFL,length1,99
3,971708,971660,48,MALKQHNHGCLMRERL,length1,48
3,971750,971738,12,MLYK,length1,12
3,972218,972179,39,MFHPQQYLLHGRT,length1,39
3,972449,972377,72,MEWTTILQRDLGGGQLGYRKQRNQ,length1,72
3,972668,972662,6,MS,length1,6
3,973541,973520,21,MTSGKKR,length1,21
3,973988,973856,132,MLNDIVRIFIAFLFGVLIKLINLPHFFIFFTIAVAIDFEMIRFI,length1,132
3,974540,974453,87,MERSDFVPHVTISKINTAHKALLKRSKTK,length1,87
3,974801,974777,24,MIEISPRN,length1,24
3,974939,974855,84,MVYWLIDKVPTIFKMFIATNFHKSQVCF,length1,84
3,975083,975059,24,MMLSSKFH,length1,24
3,975332,975173,159,MFYRFCRPSPFLRKDFHITNTPIIGLVTCKIFRCFHIETTVHKIQTFKFRKCG,length1,159
3,975401,975377,24,MVIRIGIA,length1,24
3,975530,975524,6,MP,length1,6
3,975680,975668,12,MQPK,length1,12
3,975938,975782,156,MFIAETLLIHQIKINFHIKLHCPFTNPLGFLSKKCIFIWTQAITDTNPSIKI,length1,156
3,976166,976046,120,MIGIVNTVFIGEPFFLIIRSKEIRNARGGVNNIAGKLRMV,length1,120
3,976370,976367,3,M,length1,3
3,977087,977066,21,MPCVNLF,length1,21
3,977120,977096,24,MLIQRFLY,length1,24
3,977198,977132,66,MKPSSRLIIHKQMKFVVQSIKI,length1,66
3,977240,977234,6,MR,length1,6
3,977291,977276,15,MNYRL,length1,15
3,977297,977294,3,M,length1,3
3,977390,977306,84,MKHLKIMINYPTTLLTGNKILKKVQPLS,length1,84
3,977549,977528,21,MNFISNL,length1,21
3,977633,977627,6,MD,length1,6
3,977654,977651,3,M,length1,3
3,977672,977657,15,MYQSN,length1,15
3,979109,977825,1284,MFRVLFLMLTLLVGLVAGPYISGQQGYVRIETANRIIEMSITTLVIFFIISLAIIYAFEWGITRFFRLSRSSYQWFSNRKRVKAQKQTLEGLVKMNEGDYAKAEKLIGKNAKHSAEPVLNLIKAAEAAQQRGDEFSANRYLIEATELAGSDNLLVEIARTRILLQQNKLPAARSSVDSLLEMARRNKEVLKLAVEIYLRSKAHQALDKILDNVANSGLFNDEEFKDLRSKTENGLLDEKMNEEGIDGLLTWWNQQPRHRRNNIELKISLIQRLIDCNDHESATELTFEILKKLGDNTAISLPLCTQITRLQPEDNSKLLKLIEKRAKRVDEKQKCCINRALGYLYVRNNEFIKAADVFKNVIACPEQLEQNDLMMASYVFEQAGDKALAEQVRQESLKSVMAIQDVIPESAEEKTEENSTALLESKSE,length1,1284
3,979289,979274,15,MINND,length1,15
3,979886,979727,159,MNKCHIYTTRIGLFLTRKFLQCSKLLKMKGFLMAGAERLELPTPGFGDRCSTN,length1,159
3,979967,979922,45,MNWRNGRDSNPRPPA,length1,45
3,980177,980012,165,MMIGSALLSHGETPHYHQRYNISLLSSVWYQVDLLHYLCQKFFIFLIYSMNKLKK,length1,165
3,980249,980204,45,MGKPHTTIGITAFHF,length1,45
3,980825,980759,66,MRPLRSSRTRSSPNQSSNAHGR,length1,66
3,981053,981020,33,MALPFRTTGSL,length1,33
3,981359,981287,72,MTGVTASKAPTYPTHQNSMFSVKL,length1,72
3,981656,981572,84,MTPSINLPAPGRHHTLYVHFRVCRVLCF,length1,84
3,982898,982859,39,MARSPGFGSIPCN,length1,39
3,983225,983108,117,MGLPLLVRTRFQVLFHSPHRGSFRLSFTVLVHYRSIRSI,length1,117
3,983294,983237,57,MVPPSSNRISRVPPYFSLA,length1,57
3,983414,983306,108,MVFRYGIITLFDCASQHILLTILLSLTGSFAFARRY,length1,108
3,983642,983489,153,MNSLVDSRFFIYWVSPFGYLGLNASYRLIQAFRRLARPSSPLIAKASTLYA,length1,153
3,983741,983714,27,MRIFIQLNT,length1,27
3,983789,983768,21,MQNRFCF,length1,21
3,984350,984305,45,MFSSAHLSTTISQSV,length1,45
3,984932,984863,69,MQHLSLSSRRHKLISELFLGCQE,length1,69
3,985277,985157,120,MSVSTFPRGCLRLRYSSTSLRISPLHVEFYPSLKYSSYPV,length1,120
3,986609,986603,6,MD,length1,6
3,986666,986615,51,MQFSIDLFPQYKCPYRF,length1,51
3,986975,986972,3,M,length1,3
3,987131,987101,30,MPNGIKKIHS,length1,30
3,987461,987455,6,MW,length1,6
3,987674,987560,114,MVMAWPPKQCARCQAQHKSLHKCLAAPITINQSNKCRN,length1,114
3,988055,988046,9,MPP,length1,9
3,988403,988385,18,MTLVYH,length1,18
3,988715,988448,267,MALFFKRKKNMSEISVTQTLNTLGLRCPEPVMLVRKNIRHLNDGEILLIIADDPATTRDIPSFCQFMDHTLLQSEVEKPPFKYWVKRGK,length1,267
3,988964,988904,60,MIIFSLPTKLAEPASARNSR,length1,60
3,989312,989228,84,MLFNNPVLTATKELLFVAPVAKAFTSGE,length1,84
3,989393,989333,60,MGIPAFCAWRLTVSINQRSV,length1,60
3,989663,989507,156,MPPVLFPAIPVTLKIIPNTSITAILVAKKRRIRIIMCSLKVRVKYFLSGENS,length1,156
3,989684,989681,3,M,length1,3
3,991187,991058,129,MLFQQTLKTKNRTTKVRLYFNHFLVYFFNLTKFKLNWCSTAKD,length1,129
3,991340,991289,51,MIFITMTRFISILFKTI,length1,51
3,991547,991433,114,MPSFIIHFHFYKYITWKKFTFTFATFTCYIFHHFFSWH,length1,114
3,991853,991787,66,MLFDALQHGLAIRLYALLYESH,length1,66
3,991910,991904,6,MQ,length1,6
3,991922,991916,6,MQ,length1,6
3,992039,992024,15,MYLNL,length1,15
3,992438,992426,12,MLLV,length1,12
3,992510,992492,18,MRFLVL,length1,18
3,992576,992549,27,MGQSLASVR,length1,27
3,992753,992738,15,MHRRK,length1,15
3,992921,992900,21,MRLPIYG,length1,21
3,993128,993047,81,MWLHLPSQRVHLNDELMFAQVTFFRYL,length1,81
3,993635,993608,27,MLNDHLRCV,length1,27
3,993725,993674,51,MLDHGNHPKVDESSLVH,length1,51
3,993821,993731,90,MQLVYQQFRQQARMRPLNRLDQYKECEYLA,length1,90
3,994934,994880,54,MTNNSFFKTWNHTTLTHK,length1,54
3,995282,995273,9,MTW,length1,9
3,995462,995339,123,MGRHMTFTETIYAHIFCSTFKFFTNGFRDNFSWNGNRYAAF,length1,123
3,995777,995756,21,MYNNYYH,length1,21
3,996086,995798,288,MTNFKFSLLACSIAFALNASTAYAAQPTNQPTNQPTNQPTNQPTNQPTNQPTNQPTNQPTNQPTNQPTNQPTNQPTNQPTNQPTNQPTKIVMFLNN,length1,288
3,996173,996098,75,MFQVHQKILISKRKKSGKPKFQPKN,length1,75
3,996233,996215,18,MKQVLR,length1,18
3,996296,996266,30,MPFEGLMKTA,length1,30
3,996335,996311,24,MDFVKLKL,length1,24
3,996452,996371,81,MAILIILAIALKLKMLKQQLLPKVLTP,length1,81
3,996518,996503,15,MLEII,length1,15
3,996659,996647,12,MGTK,length1,12
3,996806,996791,15,MKTIA,length1,15
3,996833,996821,12,MILL,length1,12
3,997004,996962,42,MKISPKRLFGIILN,length1,42
3,997103,997046,57,MNIVINPLVMVYVIHKGYI,length1,57
3,997163,997160,3,M,length1,3
3,997235,997193,42,MNYTIPKVKKLVMM,length1,42
3,997370,997328,42,MKTTRKNTLIRIEK,length1,42
3,997418,997391,27,MVKNMGKSH,length1,27
3,997445,997439,6,MD,length1,6
3,997523,997454,69,MKVLNFYFQKALATVQTSSMIVI,length1,69
3,997625,997601,24,MVVFMKKH,length1,24
3,997754,997664,90,MCNGGLTTFSVLEERMEILAWRKYHNLISA,length1,90
3,997811,997769,42,MVHYFIPIKAKRPI,length1,42
3,997877,997835,42,MCCILEIMCNLPLG,length1,42
3,997910,997901,9,MTT,length1,9
3,997958,997928,30,MTKKSPFLMD,length1,30
3,998141,997997,144,MFMVIKIRCLKIKDIKIALTPQSVIKKIFKTILPCYYAKLTINIILTI,length1,144
3,998231,998195,36,MVFVHQPLMKFI,length1,36
3,998384,998348,36,MHSKTITVILLT,length1,36
3,998588,998582,6,MD,length1,6
3,998882,998675,207,MPYNQPHRYIILAMMHQAKNGAWMCISLMLQPKKQKIHLIHNGQVWLNEKKRFMAVKQMYQLQKQTAKK,length1,207
3,999149,999146,3,M,length1,3
3,999398,999338,60,MRDLGSFRVKVNDLINSILQ,length1,60
3,999599,999488,111,MASLLTLLTTIKNAFCKFFGRIIFTSFNKEALCVTTI,length1,111
3,1000883,1000736,147,MAELINAATSVFFILFSFLNHKSKTFLSRRIWLLPLRRKNPIRSKYSIS,length1,147
3,1000979,1000967,12,MSLA,length1,12
3,1001033,1000988,45,MVSVKKNLSFTIGVR,length1,45
3,1001123,1001117,6,MA,length1,6
3,1001402,1001399,3,M,length1,3
3,1001807,1001723,84,MISAKERSFFAAFFPCNKVSLPVVRLAP,length1,84
3,1002005,1001867,138,MRSVGGSGSFCNNQSPRFIDVRSKSAFKFNAKRCPAIPCSLDVFCA,length1,138
3,1002623,1002542,81,MVIPRFFSSGKCAVLVPVNAFNNTVLP,length1,81
3,1002686,1002665,21,MYLIMFQ,length1,21
3,1002968,1002959,9,MVA,length1,9
3,1003052,1003028,24,MWLLSQLK,length1,24
3,1003079,1003070,9,MHA,length1,9
3,1003271,1003250,21,MRRYLNQ,length1,21
3,1003526,1003490,36,MHRRFQLIRHEK,length1,36
3,1003964,1003931,33,MLPRLQCDQIR,length1,33
3,1004510,1004465,45,MTDCGKPAKAATAKP,length1,45
3,1004585,1004555,30,MVLLCSRASK,length1,30
3,1004636,1004597,39,MPSSCSGNAVNSK,length1,39
3,1005122,1005032,90,MKGSFNTCSTTGWRPFSIFTLTSSQNVGIT,length1,90
3,1005320,1005317,3,M,length1,3
3,1005395,1005362,33,MGALCAWPWLI,length1,33
3,1005401,1005398,3,M,length1,3
3,1006043,1006028,15,MQSWF,length1,15
3,1006061,1006055,6,ML,length1,6
3,1006361,1006199,162,MAVLSSNSQIGRRRNPLQCSMAAISLNSSQYSNSTGTIRCNSARNVSLSAGSQS,length1,162
3,1006706,1006631,75,MGCPADCPRFVKEISNNAAAFFASS,length1,75
3,1006736,1006730,6,MR,length1,6
3,1007045,1007039,6,MQ,length1,6
3,1007150,1007081,69,MLQLYLFCGIYRQEEQELYLSKS,length1,69
3,1007210,1007192,18,MEIKLT,length1,18
3,1007276,1007240,36,MTLFVQFYNYQI,length1,36
3,1007345,1007327,18,MIKLRR,length1,18
3,1007405,1007399,6,MC,length1,6
3,1007687,1007603,84,MLMQRETFLPHILHNLSPFHQYLIKCLN,length1,84
3,1007837,1007834,3,M,length1,3
3,1007864,1007840,24,MNQNQSTV,length1,24
3,1007948,1007891,57,MQWYKHKVKYPRQNIPQDY,length1,57
3,1008017,1007996,21,MKLLNHK,length1,21
3,1008056,1008050,6,MS,length1,6
3,1008155,1008116,39,MSANQAFLPQHKH,length1,39
3,1008443,1008410,33,MRLRISCTWYS,length1,33
3,1008599,1008593,6,MW,length1,6
3,1008773,1008734,39,MQANSQTFHCTTF,length1,39
3,1009175,1009145,30,MCSRLLNAFF,length1,30
3,1009334,1009208,126,MFCCCIKCLFDINIANRCPINLAMSLCGIKEIVRENHHFAAI,length1,126
3,1009721,1009685,36,MFKIFHSKIPKN,length1,36
3,1009817,1009772,45,MVNKKGLINYGKIKR,length1,45
3,1010507,1010501,6,MM,length1,6
3,1010540,1010519,21,MKLPQIH,length1,21
3,1010663,1010657,6,MP,length1,6
3,1011038,1011020,18,MQVVQV,length1,18
3,1011182,1011113,69,MNFFEFQVAKHHLHYCHLQIALH,length1,69
3,1011530,1011413,117,MPFGNASGSLTGSDAHPTKRNPATKTRLNLFIFYPSFSV,length1,117
3,1011674,1011620,54,MQLILLLARNVLNVKQMR,length1,54
3,1011722,1011692,30,MPFALLQRRA,length1,30
3,1011953,1011920,33,MQISPHFLALT,length1,33
3,1012244,1012151,93,MICGKIRLNWCDRHITILHGIKICSFAFIFG,length1,93
3,1012421,1012415,6,MM,length1,6
3,1012481,1012466,15,MLTTI,length1,15
3,1012535,1012511,24,MTTLKGCS,length1,24
3,1012685,1012637,48,MYTICRCAIYTIIAII,length1,48
3,1012727,1012688,39,MAWAQWLNQCERA,length1,39
3,1012841,1012817,24,MKTIIITN,length1,24
3,1013084,1013045,39,MLIYDFIFNIACC,length1,39
3,1013438,1013372,66,MTFPTKTLFRKIIWETKICHKI,length1,66
3,1013546,1013531,15,MSSNR,length1,15
3,1013822,1013786,36,MLFYNKIRAFSL,length1,36
3,1014410,1013990,420,MSKLAELQAETREIIEDLLNDGSDPNALYIIEHHIAHHDFDLLEKIAVDAFKAGYEVSEAEEFKDDDGKPIFCFDIISEVELKAEIIDAQQKQILPLLEKHKGIYDGWGTYFEDPNADDDEYGDDGEFFDDEDEEEPRVH,length1,420
3,1014509,1014506,3,M,length1,3
3,1014557,1014545,12,MAYW,length1,12
3,1014584,1014560,24,MKLQQINH,length1,24
3,1014779,1014692,87,MVRTAKIWFNVYQKMYSKVLMNLKSVCVS,length1,87
3,1014842,1014827,15,MAMKL,length1,15
3,1014863,1014848,15,METIC,length1,15
3,1015064,1014965,99,MMTKKVTVVAVVVIITNIITNIITAAVVAAVTN,length1,99
3,1015139,1015097,42,MKCGIFYEKTDKMH,length1,42
3,1015355,1015346,9,MLI,length1,9
3,1015403,1015376,27,MAPNAINIW,length1,27
3,1015499,1015445,54,MNLPCVLNENSVKANAIY,length1,54
3,1015679,1015508,171,MLHQASQQKLRGLMCKLRGKPHKMKILMHCVKTYRKMAFWLSTKLTMITKQRFHAWH,length1,171
3,1015721,1015697,24,MGTLKFHV,length1,24
3,1015835,1015790,45,MAILLLAIHKFGMIT,length1,45
3,1016063,1015949,114,MLIIKAKLWMWRLFFIHVKKMRWNWVLALPLMAAFTDK,length1,114
3,1016456,1016195,261,MILPSVGKGKKRMIPIRECLRCQRYVIGIMRVVGNILADFVRDTTVLHKRISLIKPYFFIQLLDLLVLDYVVVPLPLGAMCKKLLLI,length1,261
3,1016690,1016528,162,MQKIIVSLLVLKSGIYTQKILKKFRLHCVSLLVAIVVCAVTAIKKLRLKIKTEN,length1,162
3,1016960,1016819,141,MAQALVCVGHRQLVRLNLILPPRFVIKITAKIFNFTSDLVQKFKVNL,length1,141
3,1017122,1017104,18,MRGKKV,length1,18
3,1017200,1017188,12,MAWC,length1,12
3,1017314,1017206,108,MFVIKPLGLRHILHKHVYSSILVVCFHVKFVYETSP,length1,108
3,1017452,1017419,33,MQKIWWCKIYL,length1,33
3,1017524,1017512,12,MKKA,length1,12
3,1017746,1017671,75,MYQKSFFLLIYIFLKFQAKTGSIKQ,length1,75
3,1017791,1017749,42,MKKAKRFNLLKCLV,length1,42
3,1017914,1017893,21,MAICLSI,length1,21
3,1018004,1017950,54,MEKKFCPRVMWILLFRDH,length1,54
3,1018058,1018049,9,MLN,length1,9
3,1018076,1018061,15,MATCN,length1,15
3,1018139,1018112,27,MWQKDNTLL,length1,27
3,1018172,1018166,6,MM,length1,6
3,1018229,1018226,3,M,length1,3
3,1018316,1018271,45,MPTVNFMKSPSINWG,length1,45
3,1018355,1018352,3,M,length1,3
3,1018397,1018367,30,MVQTGIFKPI,length1,30
3,1018550,1018520,30,MEYCLQNQLA,length1,30
3,1018586,1018577,9,MYF,length1,9
3,1018646,1018613,33,MAKIILKPVAY,length1,33
3,1018670,1018649,21,MIILILH,length1,21
3,1018712,1018679,33,MRQIYVDYGQI,length1,33
3,1018874,1018850,24,MPHSRVEN,length1,24
3,1018967,1018901,66,MAKILNSIYLILIYQAMNKITN,length1,66
3,1019093,1019090,3,M,length1,3
3,1019261,1019207,54,MQASKVISLSNSNVLIWI,length1,54
3,1019363,1019318,45,MWLGLRINHSNLAQK,length1,45
3,1019378,1019366,12,MAII,length1,12
3,1019471,1019441,30,MPTFKIIIWF,length1,30
3,1019570,1019528,42,MILLKLANLAEPLR,length1,42
3,1019636,1019627,9,MVR,length1,9
3,1019720,1019684,36,MVTSIFVIFVPN,length1,36
3,1019810,1019747,63,MAILPYALMVTVQHCKGKSKQ,length1,63
3,1019951,1019879,72,MHKQIISTWIFHLWRSYVSVQISR,length1,72
3,1020062,1020056,6,MK,length1,6
3,1020200,1020188,12,MPMA,length1,12
3,1020230,1020215,15,MVYFL,length1,15
3,1020365,1020290,75,MLLSDKIYSFVKGLLVFLGKRHNLR,length1,75
3,1020734,1020728,6,MA,length1,6
3,1020752,1020746,6,MG,length1,6
3,1021463,1020863,600,MNDAILEPKHRGNVREIAAIDLGSNSFHMIVARIVNGSIQVLSRLKQKVKLAEGLDENAVLNQEAITRGVNCLALFAERLQGFPMENVNVVGTYTLRRAVNNDEFLRQAAKVFPYPINIISGQTEAKTIYAGVCHTQPEKGRKLVIDIGGGSTEMIIGDDFTPLMAESRHMGCVSFATQFFYRWHHFPRKLSTRAPKCGQ,length1,600
3,1023722,1023650,72,MFLFIKDIVSLSEKHFSIEKIISS,length1,72
3,1023950,1023944,6,MW,length1,6
3,1024034,1023974,60,MPENYQNVYFQLLNGKVLLR,length1,60
3,1024199,1024157,42,MQPKCQMVAKDLSW,length1,42
3,1024208,1024202,6,MI,length1,6
3,1024301,1024256,45,MQNLSLYLQNLQVRN,length1,45
3,1024316,1024307,9,MIT,length1,9
3,1024478,1024463,15,MRINL,length1,15
3,1024520,1024511,9,MSV,length1,9
3,1024946,1024916,30,MDPNMVHLSL,length1,30
3,1025069,1025057,12,MHPR,length1,12
3,1025150,1025147,3,M,length1,3
3,1025657,1025432,225,MRWYNRLRALGLESISIQAKYQRYQIIIRLVQLFLVRLQRYPKSILLLYQRSKGQPLSLWYYEYILHGHRLLIYR,length1,225
3,1025783,1025780,3,M,length1,3
3,1025972,1025966,6,MQ,length1,6
3,1026428,1026395,33,MRISGECTRKA,length1,33
3,1026629,1026617,12,MCAR,length1,12
3,1026857,1026836,21,MKSVFPK,length1,21
3,1026962,1026947,15,MMLLC,length1,15
3,1028123,1028063,60,MNGCYNLLVRQLLIKKGLKF,length1,60
3,1028747,1028660,87,MKPVKPRLPLNTLSDTQPHNNVPGTAANS,length1,87
3,1028804,1028777,27,MLKCFTSLK,length1,27
3,1029449,1029311,138,MAMPEVAHGNKPIKVIHKPESNKPNGKNTRGLERSDIPAITNFDKP,length1,138
3,1029797,1029794,3,M,length1,3
3,1029848,1029833,15,MRKLL,length1,15
3,1031660,1029971,1689,MGLSPSIYKDVGDLSSLSTDVIIIGGGATGAGIVRDCALRGIDCILLERRDIATGATGRNHGLLHSGARYAVNDQESAEECIKENRILRKIARHCVDETEGLFITLPEDSLDYQKTFLESCAKSGIDAQAIDPDLAKIMEPSVNPDLVGAVVVPDGSIDPFRLTASNMMDATENGAKMFTYCEVKNLIREGGKVIGVNVYDHKNRRERQFFAPLVVNAGGIWGQGIAEYADLKIKMFPAKGALLVMGHRINKLVINRCRKPADADILVPGDTICVIGTTSSRIPYDQIDNMEVTPEEVDILFREGEKLAPSLRHTRVLRAYAGVRPLVASDDDPSGRNVSRGIVLLDHAERDGLDGFITITGGKLMTYRLMAEWATDLVCKKLNKTARCVTAEQPLPGSTESRQETNQKVISLPSTIRYSAVYRHGSRATRLLEKERLDRSMVCECEAVTAGEVRYAIDELDVNNLVDLRRRSRVGMGTCQAELCACRAAGLMNRFEVATPRQSTTQLSAFMEERWRGIEPIAWGEAIREAEFTSWMYGSVLGLNDVKPLDEQAQQGTDSNEF,length1,1689
3,1031765,1031720,45,MRQTLRDYQQRSSGH,length1,45
3,1032851,1032800,51,MPSAKVRSIFNEFICRR,length1,51
3,1033157,1033139,18,MASVYA,length1,18
3,1033238,1033175,63,MMKHLNIAPTVNVVKWLVRLM,length1,63
3,1033328,1033319,9,MRF,length1,9
3,1033367,1033340,27,MLWVKLIRH,length1,27
3,1033493,1033463,30,MRLARSVVGI,length1,30
3,1033535,1033499,36,MRYKTNKNLSEK,length1,36
3,1033613,1033556,57,MLIIIIHSLAKNFLKCSMQ,length1,57
3,1033751,1033739,12,MKME,length1,12
3,1033757,1033754,3,M,length1,3
3,1034192,1034075,117,MKFHNLLVKIYSIILTRVDLITLYLNVKPVNGKLICHLT,length1,117
3,1034243,1034234,9,MLK,length1,9
3,1034459,1034279,180,MINFIYEKTDFILIKSVFNSVQFNINLQQQYVSYLSYNHVILDRLIQQGGYELHRLHRVR,length1,180
3,1034735,1034645,90,MVIHEVIHNKLILHKYRLQPSHQRLILHQL,length1,90
3,1034906,1034843,63,MRINLYRHLPSLPSWLQRSDR,length1,63
3,1035020,1034975,45,MHVILRCLIGDPSLM,length1,45
3,1035131,1035086,45,MQDLYRQPLICHNIR,length1,45
3,1035389,1035203,186,MKILKHLLYDRLLQQPKLSRSPSLRLSGHFQDEPQLMLAHRNHVCILHVLQYPGILVQPSQP,length1,186
3,1035494,1035449,45,MQSLFSLKASHQQPL,length1,45
3,1035641,1035596,45,MTHVFQQLLQDVRHS,length1,45
3,1035815,1035809,6,MC,length1,6
3,1035926,1035866,60,MMLCLHIFCCGLIIGFFVVA,length1,60
3,1035947,1035938,9,MGM,length1,9
3,1037390,1036448,942,MSKEKVGRHRRNPKLNKIKEEIMEFTDLQIFIHLSDTKNFAKTATQNHMSPSTLSRQIQRLEDELGKTLFIRDNRQVKLTEYGEKFLQFAKTEWQNWQQFKQQLKDKSDEFCGEIKLFCSVTASYSHLPHVLKEFRQRYPKVEIQLTTGDPALALELIQAQQVDLALAGKPNNLPSSVVFHKIDDISLSLIAPRVACLATQLLQEKPIDWQQMPFIFPVEGHARQRIEQWLREKQIKHPKIYATVAGHEGIVPMVGLGFGLAMLPDAVIDSSPMNNQISRLNLDKPIEPFELGICTQKRNLEQPLVRAFWAMLE,length1,942
3,1038203,1038173,30,MRIIFDRRTN,length1,30
3,1038605,1038581,24,MVQSRIAD,length1,24
3,1038800,1038743,57,MQGLLMMRHPLMHHRCLAE,length1,57
3,1038989,1038902,87,MHERLVLVLELQIYPCQLPRLVRMRSLHR,length1,87
3,1039013,1038992,21,MLLRLMH,length1,21
3,1039190,1039121,69,MHQIFSPQIRRFLYDKCGVQSGQ,length1,69
3,1039262,1039247,15,MHLSH,length1,15
3,1039472,1039439,33,MLCYRLISSYP,length1,33
3,1039691,1039682,9,MEY,length1,9
3,1040978,1040093,885,MLTALNRYWDYLRIERQMSPHTITNYQHQLDATIKILAQQDIHSWTQVTPSVVRFILAESKKQGLKEKSLALRLSALRRFLSFLVQQGELKVNPATGISAPKQGWHLPKNMDGEQIQQLLANDSKEPIDIRDRAILELMYSSGLRLSELQGLDLNSINTRVREVRVIGKGNKERVVPFGRYASHAIQEWLKVRALFNPKDEALFVSQLGNRISHRAIQKRLETWGIRQGLNSHLNPHKLRHSFATHMLEASSDLRAVQELLGHSNLSTTQIYTHLNFQHLAEVYDQAHPRAKRKK,length1,885
3,1041407,1041392,15,MNELK,length1,15
3,1041476,1041455,21,MNFLQHF,length1,21
3,1042214,1042154,60,MWYLVLSPILHQYKVELDLW,length1,60
3,1043063,1042598,465,MSEKYVVTWDMFQMHARRLSERLLPASQWKGIIAVSRGGLFPAAVLARELGLRHIETVCIASYHDHNNQGELQVLHAAQVPNGGEGFIVVDDLVDTGNTARAIRQMYPNAKFVTVFAKPAGAELVDDYVIDIPQNTWIEQPWDLGLTFVPPLSRK,length1,465
3,1043366,1043282,84,MLRKLRKIKQKMKSYLNVISVLMQKFKD,length1,84
3,1043417,1043411,6,MA,length1,6
3,1043450,1043429,21,MKCSIIL,length1,21
3,1043915,1043891,24,MYCKNRRS,length1,24
3,1044614,1044140,474,MIRIGHGFDVHAFGEDRPLIIGGVEVPYHTGFIAHSDGDVALHALTDAILGAAALGDIGKLFPDTDMQYKNADSRGLLREAFRQVQEKGYKIGNVDITIIAQAPKMRPHIDAMRAKIAEDILCDIEQVNVKATTTEKLGFTGRQEGIACEAVALLIRQ,length1,474
3,1045688,1045667,21,MSDKFGP,length1,21
3,1045847,1045787,60,MCILLSYIYFLLKEKRKLLK,length1,60
3,1046054,1045919,135,MNEYALASYDVRFSAVHFQFVSFRYFFEILRFSLLILQLLIEVIG,length1,135
3,1046240,1046222,18,MMLFLP,length1,18
3,1047272,1046273,999,MNRALAIEFSRVTEAAALAAYTWLGRGDKNAADDAAVKAMRYMLNLIHMDAEIVIGEGEIDEAPMLYIGEKVGSGLGELVSIAVDPIDGTRMTAMGQSNAISVLAAGGKNTFLKAPDMYMEKLVVGSNVKGIIDLNLPLEQNLRRIASKLGKSLSDLTVMVLAKPRHDAVIKQIHNLGAKVLAIPDGDVAGSVLCCLPDAEVDLLYGIGGAPEGVAAAAAIRALGGDMQARLIPRNEVKGDTEENKKIAANEIQRCAALGIKVNEVLKLEDLVRDDNLVFTATGITNGDLLKGISRKGNLASTETILIRGKSRTIRKIQSIHYLDDLYKILNI,length1,999
3,1047338,1047329,9,MTY,length1,9
3,1047785,1047479,306,MNNLSAQLENQIDELKKLQKSVITYEQSQRQQLYAGKITDLKAFGKMLNDKRKSLGIELSMLELQTGVSISTLNRLFQDPSQVRFTTVFLVAQTLGVSLCAI,length1,306
3,1047962,1047848,114,MVFIFLTTPIIKEYRSLSAFLLSKALFILTPYSLILHR,length1,114
3,1048061,1047992,69,MHFINELMKVICFAFYLIMVKIC,length1,69
3,1049597,1049579,18,MVSLKI,length1,18
3,1049699,1049612,87,MYAILSRKLRVLIFGKVSPLILILPDFGS,length1,87
3,1049990,1049846,144,MRETSFKSTALSTSFNSGSSANKLNTRSPEAKVCNKLLERLLKAITGP,length1,144
3,1050113,1050083,30,MLKTDTATSV,length1,30
3,1050209,1050143,66,MRSKAISIFWLRCWISAKRCCA,length1,66
3,1050461,1050449,12,MVCA,length1,12
3,1050887,1050752,135,MAARKPSVPIVMVNAIICASGVTNFNKCPITTKPFLRICHLSNLF,length1,135
3,1051268,1051247,21,MGKIDLL,length1,21
3,1051664,1051580,84,MQIFNFHLNVIFGFKIHRTLLGFHWCIK,length1,84
3,1051718,1051709,9,MEE,length1,9
3,1051976,1051919,57,MLSLFIHLFRFVSIILIDF,length1,57
3,1052441,1052333,108,MLHFCAGKIRCLHRFFPCKSTQCQCCNQNDAQNDRT,length1,108
3,1053086,1053077,9,MRT,length1,9
3,1056188,1056134,54,MEKQILYYSRFNWICATN,length1,54
3,1058465,1056551,1914,MIIFSNLSLKRGQTELLENASATINPKQKVGLVGKNGCGKSSLFSLLKKELTPEGGEVNYPANWRVSWVNQETPALDISAIDYVIQGDREYCRLQQELEQANERNDGNAIARIHGQLEMLDAWTIQSRAASLLHGLGFSQEETIQPVKAFSGGWRMRLNLAQALLCPSDLLLLDEPTNHLDLDAVIWLERWLVQYQGTLVLISHDRDFLDPIVTKILHIENQKLNEYTGDYSSFEVQRATKLAQQTAMYRQQQQKISHLQKYIDRFKAKATKAKQAQSRMKALERMELIAPAYVDNPFTFEFRPPQSLPNPLVMIEQASAGYGSGESAVEILSKIKLNLVPGSRIGLLGKNGAGKSTLIKLLAGELTALSGTVQLAKGVQLGYFAQHQLDTLRADESALWHMQKLAPEQTEQQVRDYLGSFAFHGDKVNQAVKSFSGGEKARLVLALIVWQRPNLLLLDEPTNHLDLDMRQALTEALVDYEGSLVVVSHDRHLLRNTVEEFYLVHDKKVEEFKGDLEDYQKWLSEQNSTSENKVSEKVGDNENSVQNRKEQKRREAELRQQTAPLRKKITQLEEKMNKFSSELANIENQLADAELYNAENKEKLTALLAQQVDVKKALDDVETEWMTAQEELEEMLQA,length1,1914
3,1059011,1058477,534,MNQSLFHHSKQQEYCPQCGAPLQIKQGKKGLFLGCSAYPECDYLRPLQRSEHKVLKTLDEICPKCGNLLQLKQGSFGMFIGCSHYPECDFVVREESETEEKIACPECKTGHLISRRGRQGKIFYGCDNFPKCKFSLPAKPYSVPCPTCHFPLSLLKSENGEKQIFQCANKTCRHIFEQ,length1,534
3,1059578,1059029,549,MNREQIAEALRQNQVVAYPTEAVFGLGCNPQSESAVKKLLDLKQRPVEKGLILVAPSLDFFRPFVDFEQINDEQLSHLQGKYERPTTWIVPAKSTTSHFLTGKFDSIAIRLCDHPSVKALCELTGFALTSTSANLTGEPPCRTADEVRLQFGADFPVLDEIVGDARNPSEIRDLRTNQLFRQG,length1,549
3,1060388,1059584,804,MDLYAVWGNPITQSKSPLIQRQLAAQTHQTMEYIAKLGNLDSFEQQLLAFFEEGAKGCNITSPFKERAYQLADEYSQRAKLAEACNTLKKLDDGKLYADNTDGIGLVTDLERLNWLRPNQHVLILGAGGATKGVLLPLLQAQQNIVLANRTFSKTKELAERFQPYGNIQAVSMDSIPLQTYDVVINATSAGLSGGTAPVDVEILKLGLAFYDMQYAKGTDTPFIALCKSLGLTNVSDGFGMLVAQAAHSFHLWRGVMPDFVAVYEQLK,length1,804
3,1060559,1060433,126,MSMKVEITVYSQLIKTILCLYLHSVFFIKTIIEIILFHRYRR,length1,126
3,1060589,1060580,9,MIW,length1,9
3,1060724,1060598,126,MSMKSAKKKAILIFSLLVNSVKVLWNVFHLLLKILILFLLPV,length1,126
3,1060793,1060751,42,MKQHTLIIFHSNIV,length1,42
3,1060889,1060874,15,MRIES,length1,15
3,1060955,1060916,39,MDKINLKSPCLFK,length1,39
3,1061279,1061177,102,MKLTEAITPTKHPRSTWLGIYQNVLFCQVLICNK,length1,102
3,1061426,1061327,99,MTRNGESLNSTAKSYLKKFVWKGSKRDFRGLRF,length1,99
3,1061531,1061507,24,MLACKIQD,length1,24
3,1061636,1061570,66,MRKLIWQWKSAVKISVILFGHL,length1,66
3,1061723,1061657,66,MMCLICDLCQLKQKYRKHFLKP,length1,66
3,1061804,1061765,39,MRLCNLWGWWTII,length1,39
3,1062011,1061807,204,MIVLAKLASVYADLAPINRRILQRLNALITPLIKILVCHLKNPLLTNTSSQNNQARAKFLAKVWLFFL,length1,204
3,1063937,1062656,1281,MWRFFYTSLLLICQPLILCFIGLLSVKSPRYRQRLAERYGFYGNVPCPPPQGIFIHAASVGEVIAAIPLVRQLQQDYPHLSITFTTFTPTGSERVKATFGDSVFHYYLPLDLPFSIHRFINFVQPKLCIVMETELWPNLIHQLFLRNIPFVIANARLSARSAHRYGKIKAHLQTMWSQISLIAAQDNISGKRYATLGYPKEKLNITGNIKYDLNTNDELLRKIDSLRTLWKQDRPIWIAASTHNGEDEIILKSHRALLAKYPNLLLLLVPRHPERFNVVADLLKKEKFQFIRRSTNELPNENTQVILGDSMGELMLMYGISDIAFVGGSLVKHGGHNPLEPLAFKMPVITGKHTFNFPEIFRMLVEVQGVLEVNSTADSLERAVEALLNSKEARERLGNAGYEVLMENRGALQRLLDLLKPYLERNV,length1,1281
3,1064162,1064123,39,MWRCLAFLICWQM,length1,39
3,1064270,1064225,45,MNCNWPPLIVYSQKA,length1,45
3,1064366,1064345,21,MAEMSLS,length1,21
3,1064393,1064387,6,MR,length1,6
3,1066637,1064537,2100,MGIANLRFASLIFIRHCITALCVGSIILMKLNPQQQQAVEYVTGPCLVLAGAGSGKTRVIINKIAHLIEKCGYSPKQIAAVTFTNKAAREMKERVAHSIGKEQSKGLLVSTFHTLGFDIIKREYKALGFKSNMTLFDEHDQFALLKELTADVLKEDKDLLRELISVISNWKNDLISPKQAFALARDAKYQTFAKCYERYATQIRAYNALDFDDLIMLPTLLFKQNEEVRSKWQAKIRYLLVDEYQDTNTSQYELIKLLVGERACFTVVGDDDQSIYSWRGARPENMVRLRDDFPRLNVIKLEQNYRSTQRILHCANILIDNNEHVFDKKLFSTIGTGEKLLVIEAKNEEHEAERIVAELIAHRFSRKTKYKDYAILYRGNHQSRLLEKVLMQNRIPYKISGGTSFFSRAEIKDMMAYLRLVVNQDDDGAFLRIVNTPKREIGTATLQKLGELAQEKHISLFDAIFEFELIQRITPKAYDSLQKFGRWIVELNDEIQRSEPERAVRSMLSAIHYEEYLYEYATNPKAAEMQSKNVATLFDWVADMLKGDETNEPMNLNQVVTRLTLRDMLERGEGEDDDDSDQVQLMTLHASKGLEFPYVYLIGMEEGILPHQTSIDEDNVEEERRLAYVGITRAQKELTFSLCRERRQYGELVRPEPSRFLAELPNDDVLWERDKPKLTTEQKQEKTQNQLDRLRAILKS,length1,2100
3,1067042,1067027,15,MSKKL,length1,15
3,1067102,1067048,54,MLVMTLKLKSKNSCGWMP,length1,54
3,1067147,1067132,15,MSLGQ,length1,15
3,1067282,1067204,78,MADTALIQPRAMAQAACCKAKNTCFH,length1,78
3,1067393,1067291,102,MHRLKPLLAKAISLKAKAWMFCICISTNSTSSSA,length1,102
3,1067444,1067423,21,MWLKVRK,length1,21
3,1067657,1067600,57,MVTLITSPTLTLIPLKLST,length1,57
3,1068167,1067798,369,MKRWKRSSFTSSGTWSAISVAGAPSTGLNLKQPTRSSWASFKKSSNNWKSSSVSPGKPTIKVERNVKSGQISRHCLMRSKVRSILPGLFIAFKILGLACCNGMSKYGNSVPSAINGIKSSTWG,length1,369
3,1068257,1068197,60,MPSFLGNQGLQSQCLGLNFA,length1,60
3,1068371,1068368,3,M,length1,3
3,1069811,1069754,57,MDFCGNLPSGFRCWRKKYA,length1,57
3,1070081,1070021,60,MERLCRNQQNFRFKRQSNSC,length1,60
3,1070138,1070090,48,MCAYRCITLPQPSVYH,length1,48
3,1070219,1070198,21,MGKSNSK,length1,21
3,1070450,1070354,96,MGCGRASSPYLKTIGGVSLLSLQRAYLLRPFH,length1,96
3,1071392,1070459,933,MIREPYFHQFALAELLPFFEQFPTQYLSGKRNIKLAYRHLIQPESAVRKLMILVNGRAENMLKWSELAYDFYHQGYDVLLFDHRGQGYSQRIIPQKGHLDEFRFYVDDMAKIIEKVTALFSYSTQHLLAHSMGALIATYYLANYDHHINKAVLSSPFYGILLKHPIRDELIIALMNILGQGERYVFGKGPYQQAHLEYNELTFCKTRMKWMNRVNRKNPAINLGGPTFRWVHLCLNAIKRLPKVIPKIEIPILILQAEKEKIVDNNNLEKLTVLFPNARCEVVFNAKHEILFEQDKLRKETIFKILEFLNN,length1,933
3,1071746,1071737,9,MNN,length1,9
3,1072490,1072460,30,MIVLNLFAPS,length1,30
3,1072553,1072502,51,MTPAPILQFEPISESPT,length1,51
3,1073060,1072988,72,MTSVACTATTWQLSWFARAIRSVK,length1,72
3,1073234,1073195,39,MATTFPFSRIIRP,length1,39
3,1073342,1073273,69,MPFSGFASINFSNVSLVINGASP,length1,69
3,1073390,1073354,36,MFSLSLKKGAAC,length1,36
3,1073672,1073594,78,MRVPFPAAKITALNAFFVINFLFIHQ,length1,78
3,1073789,1073762,27,MVSHRFFEF,length1,27
3,1074179,1074173,6,MT,length1,6
3,1074401,1074230,171,MIKLLLVICRVMPRRCEQVCLLQLLSLCPLNVQSLLRKLVMLPRIQHLGFYLQRLHL,length1,171
3,1074740,1074719,21,MPLAFSS,length1,21
3,1074965,1074956,9,MFL,length1,9
3,1075298,1075277,21,MPLRVEA,length1,21
3,1075520,1075475,45,MVEEPISPAIVRCLK,length1,45
3,1075610,1075532,78,MYPHKSRSKSMIMVLKRTTASKNSAM,length1,78
3,1076015,1075991,24,MSSEVQAK,length1,24
3,1076675,1076657,18,MNFLFF,length1,18
3,1076804,1076798,6,MN,length1,6
3,1076900,1076828,72,MTNFATKNIFNSLRLSNEKAIKCG,length1,72
3,1076957,1076942,15,MNQFC,length1,15
3,1077116,1077098,18,MMCEQF,length1,18
3,1077257,1077239,18,MNVFSA,length1,18
3,1077338,1077269,69,MRSLFVKILLPFAKQRLMCLHFI,length1,69
3,1077527,1077485,42,MQKILTWVCLITLC,length1,42
3,1077596,1077578,18,MTKNNT,length1,18
3,1077755,1077629,126,MRFMAIFSLFLKFSLEKQVRVLCHCKILKRKCQNQMITATTW,length1,126
3,1077875,1077818,57,MSRLLFVMMCKIKREYPIF,length1,57
3,1078040,1077971,69,MKSQLYLLVYKNVSINIVMMKLY,length1,69
3,1078196,1078109,87,MKQWVLSLQNNLNKRIILWQFKLKNRLNV,length1,87
3,1078313,1078268,45,MTVKNKLKKHSHFLL,length1,45
3,1078328,1078325,3,M,length1,3
3,1078388,1078373,15,MMAIY,length1,15
3,1078643,1078613,30,MRLAYGGRYD,length1,30
3,1078979,1078916,63,MVEFLDFLWDLTLKAKLFVHG,length1,63
3,1079513,1079372,141,MRALKIGDENNDNGVLSNLTLAQQKNGRGKSAVDFEAFLFLLFGFAA,length1,141
3,1079810,1079792,18,MPPRMP,length1,18
3,1080041,1080026,15,MRKIN,length1,15
3,1080200,1080185,15,MEKIA,length1,15
3,1080536,1080470,66,MIFATTPAPTVRPPSRIAKRKP,length1,66
3,1080653,1080578,75,MLSPGITISTPSGNSIVPVTSVVRK,length1,75
3,1081052,1080824,228,MFSPARPSSSNLRNISTPVTVVFAVSLIPTISTSSPVRMIPRSTRPVTTVPRPEIENTSSIGRRNGWSIARSGSGI,length1,228
3,1081355,1081229,126,MSHLFKNTMMYGTPTWRPNKMCSRVCGIGPSVAATTKIAPSI,length1,126
3,1081529,1081460,69,MVIPRAFSSGALSIWSNARAAPP,length1,69
3,1082081,1082075,6,MV,length1,6
3,1083587,1083569,18,MLWELL,length1,18
3,1083944,1083938,6,MR,length1,6
3,1084388,1084277,111,MITLINFASNSEPNFGSGRILRASILRRRGIANFSVF,length1,111
3,1085573,1085387,186,MALKKSKYRRSFLDGVINLHRWLHAQVDCQALYWLLLNIQNADAAKCCVSAGVLAQSFPFFD,length1,186
3,1085804,1085696,108,MVLWYQVCKGHPPIRQYKIDHGVDTMHPSLEHKDLR,length1,108
3,1085990,1085903,87,MLVLNRVDQNNRIQWHNLVSQYVRFLNLS,length1,87
3,1086239,1086137,102,MGNNVDQSLQSHQYTLDCDPNYYGSLHEFVHWCR,length1,102
3,1086689,1086638,51,MQYEQLDDIELCQLELE,length1,51
3,1087253,1087241,12,MESY,length1,12
3,1087364,1087316,48,MSYPQILLGHAIKKII,length1,48
3,1088057,1087424,633,MTNELTFNSDWFTHNVPALEAIMADLKPSKILEIGSFEGRSTVFFLENMLNIHDKVEIHCIDSWLGGREHIQSGWDMDSVEHQFEENIRTFLHSFNEKKECKVVKRKGYSHAKMIELLTQGYENYFDFIYVDGSHEATDVLFDALLAHRLVRGGGIIAFDDYLWSPDPLGQQDHFNLVKPAVDAYVNIYQRKVAVINMLPIYQLYVKKLSD,length1,633
3,1088186,1088144,42,MAFYFPNYYLDKSI,length1,42
3,1089014,1088984,30,MVGSSCTNAR,length1,30
3,1089341,1089287,54,MSAFGDFANSLFGNKRCE,length1,54
3,1089584,1089581,3,M,length1,3
3,1089647,1089641,6,MT,length1,6
3,1089737,1089722,15,MASAR,length1,15
3,1090115,1090034,81,MRKSTSLFPFAIAKRFALNARILVAPI,length1,81
3,1090355,1090349,6,MK,length1,6
3,1090739,1090478,261,MSFISSTSLFISTASPTISVSYATSKLMEIPLAICMTCSVMYSLIALFSPRTSNCNSAEDGMTFRPSPAFSTPTLILVMPSPWRAIP,length1,261
3,1090922,1090904,18,MCEEAK,length1,18
3,1091033,1090940,93,MPLCAMAAAPRTPSSAGWNTIFTFPVSLSLF,length1,93
3,1091285,1091069,216,MCESCPQACIKPSLIEAKPSLFGICSGERVSVTFTQSISKRNAIVFPGLPESNNATQPVYPSIFSSHFSLAP,length1,216
3,1091459,1091411,48,MREVVQNSLQPISGKR,length1,48
3,1091786,1091591,195,MLRIKQQVSCLVRYVLPFLLGLPSQGLHKQWLHLQLVKLYDRLHQQSLLPYQDLHECNRVLQHVV,length1,195
3,1091927,1091849,78,MVQLLHPNVQIRWILLRKKLQHPLHP,length1,78
3,1092152,1092128,24,MTFHQSLK,length1,24
3,1092191,1092158,33,MVLMVQGHKVH,length1,33
3,1092356,1092329,27,MAHVKGLLE,length1,27
3,1092536,1092494,42,MLLQPQQHNQQQKE,length1,42
3,1092611,1092602,9,MVW,length1,9
3,1092746,1092704,42,MSCFWQKHLMHPLD,length1,42
3,1093016,1092995,21,MKRRTFR,length1,21
3,1093145,1093130,15,MRKKL,length1,15
3,1093406,1093367,39,MLFTMINGNNIHP,length1,39
3,1093688,1093634,54,MPKLKTKSSIKAGFLWIA,length1,54
3,1093838,1093784,54,MIMLSVTNVPYRRGGVYG,length1,54
3,1093865,1093850,15,MSSDK,length1,15
3,1094258,1093874,384,MLSATQFLVLEKALSKERLSTYKNYVKNKTSESINDNMVALYEWNSEIAGYFLELCNIYEISLRNAIYRSIDSYDHYGIRQRQILRQSPKLREKVEELGRNATDGKIISSLHFHFWEFFEEVFLVEFS,length1,384
3,1094684,1094588,96,MSISCLVYECQTQSKQEMLVFYFYNRLEFKLN,length1,96
3,1094957,1094912,45,MFILNIFFISCCSIF,length1,45
3,1095011,1094999,12,MSKI,length1,12
3,1095050,1095038,12,MRIG,length1,12
3,1095269,1095245,24,MLSCLRTK,length1,24
3,1095359,1095356,3,M,length1,3
3,1096016,1096001,15,MLAFS,length1,15
3,1096034,1096025,9,MFC,length1,9
3,1096661,1096658,3,M,length1,3
3,1096760,1096706,54,MFVTSCSLSNTLICIREF,length1,54
3,1096889,1096832,57,MSMASIYFIIITNIFRASM,length1,57
3,1097156,1097084,72,MTITPSADSKYIEYTCFSCKSNRI,length1,72
3,1098233,1098212,21,MPSLELR,length1,21
3,1098428,1098287,141,MEPISNKHPIIGMTNLTHLSNGICNIWSVTKTNPVGAKNSIAYCPQL,length1,141
3,1098797,1098674,123,MIKDTPTNSDAPSVKDSTTSFSDKPLINIMMIVMARKDAAI,length1,123
3,1098926,1098851,75,MQKSVKINLRRAENGIVVFGSKFFI,length1,75
3,1099490,1099370,120,MTPIIPPNTKIKTITSTASMVPSTILLVISSMPLWCCSTR,length1,120
3,1100387,1100342,45,MGLAQRDDIYHHLVR,length1,45
3,1100708,1100516,192,MALQMELNYRVLVESYNQSFQLFLLPIHLKDRLAHQYRQHLVRRANPLVGHYRVLSLIHYLAKS,length1,192
3,1100855,1100783,72,MHYRLMQSLFSYVLLMPNLLPLPL,length1,72
3,1100939,1100888,51,MQCSLAIQIPLQLLQYH,length1,51
3,1101146,1101110,36,MVHPLKPTHQYG,length1,36
3,1101263,1101257,6,ML,length1,6
3,1101398,1101371,27,MVCRNVQSW,length1,27
3,1101677,1101641,36,MHSVCGWRFFQR,length1,36
3,1101992,1101929,63,MKFVVVFQLVMPVCRILLRDF,length1,63
3,1102235,1102202,33,MISIVYFLRFL,length1,33
3,1102283,1102271,12,MVHF,length1,12
3,1102430,1102385,45,MCHPFLEKLVRNVRL,length1,45
3,1102505,1102442,63,MVLVYGIYRVICFIAIACLKN,length1,63
3,1102643,1102568,75,MKAGLLIKIFLQCVSSIKNLDLIIT,length1,75
3,1102715,1102664,51,MDVGQKKSFLLVKRQRI,length1,51
3,1102757,1102754,3,M,length1,3
3,1102829,1102808,21,MFQKGMH,length1,21
3,1102892,1102856,36,MSQKTVLLLVME,length1,36
3,1102901,1102895,6,MM,length1,6
3,1102958,1102943,15,MLIFV,length1,15
3,1103324,1103240,84,MAIIFNYRFFRIANHIFFFFFRSCGIIF,length1,84
3,1104629,1104545,84,MRIAHIAFNFSFWCQCGNGVHNNYINCT,length1,84
3,1105070,1105055,15,MFKFL,length1,15
3,1105145,1105127,18,MGYIFQ,length1,18
3,1105346,1105340,6,MI,length1,6
3,1105385,1105349,36,MKSEVLLLTLLK,length1,36
3,1105430,1105421,9,MSI,length1,9
3,1105589,1105469,120,MFPLKIFLLVTVCFTRKRQCLLFGKIKNFIYAVRVFSQFN,length1,120
3,1105628,1105622,6,MN,length1,6
3,1105706,1105658,48,MHFLIRFYVVIDCVEN,length1,48
3,1105817,1105805,12,MKEL,length1,12
3,1105850,1105838,12,MLRC,length1,12
3,1105886,1105871,15,MHWWN,length1,15
3,1106030,1106024,6,MA,length1,6
3,1106078,1106051,27,MMNKICSFK,length1,27
3,1106507,1106477,30,MLGNLAYGGG,length1,30
3,1106564,1106549,15,MKVRD,length1,15
3,1106606,1106585,21,MSPSGIR,length1,21
3,1106744,1106621,123,MPTKPAISSWSERMTSHTGTETRSRLLREAAVGNIAQWGEP,length1,123
3,1106786,1106765,21,MKKAFGL,length1,21
3,1107146,1107053,93,MRRDVEEYRRRRQPLGNVLTLMCESVGSKQD,length1,93
3,1107446,1107371,75,MSLCLRELRDRCCMAVVSSCCEMLG,length1,75
3,1108331,1108301,30,MKIRIKLTAL,length1,30
3,1108463,1108454,9,MSR,length1,9
3,1108547,1108508,39,MKNLLSTSEFIAC,length1,39
3,1108733,1108670,63,MCWEAQSKRVIIPYLKTILWY,length1,63
3,1108961,1108943,18,MKSNRT,length1,18
3,1109021,1108967,54,MVRGAKRVKPPKRSSGIK,length1,54
3,1109189,1109168,21,MGRLKVG,length1,21
3,1109540,1109531,9,MLA,length1,9
3,1109606,1109603,3,M,length1,3
3,1109774,1109750,24,MISDTPVG,length1,24
3,1109849,1109840,9,MLT,length1,9
3,1110062,1110005,57,MWGRSRLGYRTVGYVRLSW,length1,57
3,1110236,1110107,129,MMTRLYGAEVTDTTLPGKATKRKALLNRTENRHRWSGREYSGA,length1,129
3,1110443,1110416,27,MPARCWKVN,length1,27
3,1110563,1110557,6,MA,length1,6
3,1110638,1110620,18,MRCTRG,length1,18
3,1110719,1110695,24,MCRIGGSL,length1,24
3,1112174,1112075,99,MNLKQEKSVCLSQFLKMVRKYIKIALVISTSMI,length1,99
3,1112699,1112264,435,MEGEFMSNFFNSLFSDKGEIKGIDNQYSVSEIVDILKEEGYSINVIQNNFLVFRLQGTNVVVVPHDGGDIQFFIMYDDDENRFSLRKVNKINIDYRLGKFYLTDDDKLGIELLLRNDGNGVTKSQIIQGLSDISLLNGLAKKEFW,length1,435
3,1113398,1112891,507,MTALNVLIYPDDHLKVVCEPVTEVNDAIRKIVDDMFDTMYQEKGIGLAAPQVDILQRIITIDVEGDKQNQFVLINPEILASEGETGIEEGCLSIPGFRALVPRKEKVTVRALDRDGKEFTLDADGLLAICIQHEIDHLNGILFVDYLSPLKRQRIKEKLIKYKKQIAKS,length1,507
3,1114442,1114427,15,MVYYW,length1,15
3,1115810,1114457,1353,MKKFSSKTIKAKNSVKMTALSTRAIAANLILQVLDEGKSLSALIPEVQLSVKAQDLPLLQEICFGVCRVLPRLDQIIKRLVDKPLKGKTRIVHCLLLVGLYQLLYMRVPAHAAVDEVVNATKSLKSDSFRGLVNAVLRRFLREQDEILAIIDKNWQTLHPEWFVNKLKKAYPNWREIIEANNQKPPMWLRVNSQKNALETYRTLLEEQGVSSKTSHHPNALYLDIPIAVQKLPHFEEGAVTVQDLSAQWAATLLEPKNEEWILDACAAPGGKTTHILELAPQSNVIALDVETHRLKRVEENLARLNQQAIVVCGDASKPDEWLAEISKSAVKFDRILLDAPCSATGVIRRHPDIKWLRKETDIAQLVELQKKILSALWEKLKPNGVLLYATCSVLPEENCEQIQEFLNAHADAELLSLPFSDDKSAVGFQFIPQPNSGDGFYYAKLLKRAS,length1,1353
3,1117199,1115825,1374,MKIIILGAGQVGTTLAENLVSEDNDITLVDNESPQLQTLQEKHDLRVVQGSPSSPKVLRDAGAADADLMVAVTASDEINMVACQMGYTLFNTPTRIARIRNSEYLREKDKLFNNENIPIDHLISPENLVTDEITRLIAYPGALQVAHFANNRISIVVVKAYYGGPLVGYALSAFREHMPHIDCRIMSILRNGKPIRPQGSTIVEAGDEITFICATEHIKAVMGELQRLEKPYKRVMIVGGGNVAFGVAKRLENSCTVKLIERDSNRAQALAEKLPKTLVFNGDASDQNLLFEEHIESVDVFLSLSSDDEANIMSALLAKRLGAKKAMVLIQRIAYINLIQGGAIDIAVSPQQVTISALLGHVRKGDVKNVATLRHGIAEAIEIVVHGDGNTSNVVGRKIGELCLPMGTIIGALLRGNDVIIARRQVIIEEGDHIVIYLSDKKNVPEIEKLFQPSAFFI,length1,1374
3,1117658,1117274,384,MNFIKEFREFAMRGNVVDMAVGVIIGSAFGKIVSSLVSDIFMPVLGILTGGIDFKDMKFVLAQAQGDVPAVTLNYGLFIQNVIDFIIIAFAIFMMIKVINKVRKPEEKKPVPKAETLLTEIRDLLKNK,length1,384
3,1117853,1117847,6,MN,length1,6
3,1117889,1117859,30,MTKKISLFAY,length1,30
3,1117949,1117946,3,M,length1,3
3,1118018,1118003,15,MKIID,length1,15
3,1118351,1118330,21,MALSNCR,length1,21
3,1119071,1119035,36,MFSGSTWCSIFQ,length1,36
3,1119596,1119506,90,MKLPLCKLLPQIWIRFVIDISNKITKLTHN,length1,90
3,1119644,1119608,36,MAISKKLFSVII,length1,36
3,1119698,1119665,33,MHKHLRLIVAI,length1,33
3,1119764,1119704,60,MRCQQLCVQILISFLLIMIS,length1,60
3,1119935,1119827,108,MIFGINIWCLSMKKMACYCAVICLIVKASYSINSES,length1,108
3,1119959,1119950,9,MTD,length1,9
3,1120118,1120109,9,MKS,length1,9
3,1120175,1120139,36,MVYLLLRCLFLM,length1,36
3,1120238,1120184,54,MTYQKILGNKGPIRFIVK,length1,54
3,1120826,1120772,54,MSGLSTTSNLSGIISYVK,length1,54
3,1120904,1120886,18,MSLGVS,length1,18
3,1121015,1120985,30,MRSTFLSVGQ,length1,30
3,1121090,1121087,3,M,length1,3
3,1121162,1121159,3,M,length1,3
3,1121876,1121762,114,MDPDGTDEFRTCGHRIMAITLAFQANDAGSIPAARSRR,length1,114
3,1122479,1122464,15,MRYGR,length1,15
3,1122674,1122605,69,MGRKNPRISRSLRYLYSRTRTCD,length1,69
3,1123526,1123499,27,MQFPLHLAK,length1,27
3,1124024,1123982,42,MCHVEMCEIKRLSS,length1,42
3,1124222,1124174,48,MQRNIVGDGKHLPMFL,length1,48
3,1124438,1124429,9,MYR,length1,9
3,1124516,1124504,12,MPFS,length1,12
3,1124744,1124696,48,MGTSKLILMQSKPIIR,length1,48
3,1124810,1124759,51,MAIVTDFISTLPFARVK,length1,51
3,1125026,1125017,9,MIA,length1,9
3,1125224,1125206,18,MLNLVE,length1,18
3,1125269,1125227,42,MHQHLVRHSLIQVQ,length1,42
3,1125611,1125587,24,MQPLILLQ,length1,24
3,1125857,1125779,78,MPLSHRMCYLLQKLGQKSPHLPLMLQ,length1,78
3,1126061,1126055,6,MN,length1,6
3,1126277,1126223,54,MKRALNAPFKLHSQIIIS,length1,54
3,1127219,1127216,3,M,length1,3
3,1127282,1127261,21,MSLVLFC,length1,21
3,1127537,1127513,24,MKRKRINY,length1,24
3,1127714,1127699,15,MVKKC,length1,15
3,1127753,1127723,30,MMVIVCVIKR,length1,30
3,1127867,1127840,27,MLVSLLCLN,length1,27
3,1127900,1127879,21,MKVRAKV,length1,21
3,1128029,1127984,45,MSVWQVRSAMKLNLF,length1,45
3,1128038,1128032,6,MG,length1,6
3,1130126,1130120,6,MA,length1,6
3,1130972,1130948,24,MCRLYAYC,length1,24
3,1131734,1131728,6,MR,length1,6
3,1134158,1131740,2418,MSETTNDNYGASSIKVLKGLDAVRKRPGMYIGDTDDGTGLHHMVFEVVDNAIDEALAGHCSDIIVTIHDDNSVSVQDDGRGIPVDIHPEEGVSAAEVIMTVLHAGGKFDDNSYKVSGGLHGVGVSVVNALSDKLQLTIRRQGHVHEQFYHLGEPQSPLTVIGETEATGTTVRFWPSSDIFAITTFDYKILAKRLRELSFLNSGVSIRLIDKRDGSEDHFHYEGGIQAFVEYLNKNKNPIHPKPFYFTAEKDGIGVEVALQWNDGVNENVYCFTNNIPQRDGGTHLAGFRGALTRSLNSYMENEGMLKKEKVATSGDDAREGLVAIISVKVPDPKFSSQTKDKLVSSEVKSAVESAMNEKMQEYLLENPADAKIIVNQIIMAARAREAARKAREMTRRKGALDIAGLPGKLADCQEKDPALSELYLVEGDSAGGSAKVGRDRKTQAILPLKGKILNVEKARFDKMLSSQEVGTLITALGCGIGRDEYNPDKLRYHHIIIMTDADVDGSHIRTLLLTFFYRQMPELIERGYVYIAQPPLYKVKKGKQERYIKDADEMEQYELTLALDGAELHISANAPAMNALVFEKLVAEYNSVQKLIGRLNRHYPVPVLQGLIYQSPISVEMMKNESAVENWGKSFVEQLTAKETEAHQYSVRTQFNAERQVYEAVITVRKHGIDTDYFLNFDFVHGNEYAKIVSLNKQLNGLLEEGAYVTRGEKVQPVRSFEQAVEWLVKESRKGLEVQRYKGLGEMNADQLWETTMDPNSRRMLKVSIKDAVAADQLFTTLMGDEVEPRREFIELNALRANLDV,length1,2418
3,1134239,1134206,33,MPFLCLSCYFI,length1,33
3,1134482,1134467,15,MSSFT,length1,15
3,1135307,1135304,3,M,length1,3
3,1135532,1135514,18,MRKIWF,length1,18
3,1135934,1135919,15,MVETV,length1,15
3,1136432,1136357,75,MASFKVCREKGIAWTMQRWKVSLGD,length1,75
3,1136480,1136450,30,MVGNLTVERR,length1,30
3,1136534,1136486,48,MPSGIIWITIITDGFN,length1,48
3,1136711,1136699,12,METS,length1,12
3,1136903,1136840,63,MNMSFYKNYRLMSLYEILCTI,length1,63
3,1137056,1136996,60,MYQFLRFYTYKITLGTKPFI,length1,60
3,1137161,1137149,12,MNIC,length1,12
3,1137683,1137602,81,MLSFNCTFSSHFAVFHGKPSQVFRNNR,length1,81
3,1137797,1137749,48,MENAALYFGIASSGTP,length1,48
3,1137854,1137803,51,MVESLSEKRYKWVPSQT,length1,51
3,1138421,1138070,351,MLVQEMLLQAVKKLQRNANLILHSDQGIHYQMLSYQRLLAKNRISQSMSRKGNCLDNAAMESFFGRLKTECFYGREFNSREEIVDAVRNYLDYYNHRRIQLKLKGLSPIQYRKQSFK,length1,351
3,1138589,1138493,96,MFENSSNISFGHTLDCTSPICFLRSKSIAKRD,length1,96
3,1138793,1138772,21,MSPFKPL,length1,21
3,1139057,1139000,57,MEGISKRASTANSVKRIAR,length1,57
3,1139504,1139327,177,MPDRLSCIPLPTWLKIGPCTSIMPSCSIRFWVKVFFTKLISCCCKINVFFILITFFNEE,length1,177
3,1139795,1139684,111,MREHHTQKWLKILVLVQERFTFGSKKCVNRALLKAQK,length1,111
3,1139816,1139804,12,MNVN,length1,12
3,1139852,1139822,30,MMYVVLSALF,length1,30
3,1139879,1139870,9,MKK,length1,9
3,1139909,1139903,6,MK,length1,6
3,1140041,1140017,24,MKFNPLKP,length1,24
3,1140191,1140182,9,MGH,length1,9
3,1140482,1140404,78,MHFTTFNHRFSNAPCFVKSGSPQPFI,length1,78
3,1142717,1140734,1983,MHNENLKELTVRGIILGALITVIFTASNVYLGLKVGVTFASSIPAAVISMAVLKFFKDSSILENNMVQTQASSAGTLSSVIFVLPGLLMMGYWQDFPFWQTMLICAAGGTLGVLFTIPLRRAMVVNSNLPYPEGVAAAEILKAGNHADGDSGVKDIAYGGVLAGLVAFLTNGLRVMADGASAWIQTGKAAFQLPMGFSLALLGAGYLIGIVGGIAMLIGVILTWGVAVPYFTMSEDIAADASLIDSAMTVWKTKVRYIGVGTIGIAAIWTLLILMKPMIEGMVHSFRMLKGGQEASEHRIDIDLYPKTMIYILIATVALIVISLHHFIAAAPISPELSILLVVVCTFLAVFIGFFVAAASGYMAGLVGSSSSPISGIGIISVIVISLVLVSIGNASGLFETVDGQKFLTALTLFTASIVITTACISNDNLQDLKTGLLVEATPWRQQVALIIGCFVGALVIAPVLEILYHAYGFSGALPRPDMDPSQALSAPQATLMTAISQGIFTNKLEWTYILTGVGLGAVLITIDAFLKKVSNKVFSLPVIAVGIGIYLPPSINTPVIVGAFLAWIMARHIAKLGNKEVSAKAERFGTLFSAGLIVGESLMGVILAFIIAASVTTGGSEAPLSLNLENWDTIGEWFGLIVFIVGIVIFASRVLRAKKI,length1,1983
3,1142936,1142855,81,MMTQVALSFLFLAMLSQHFFSPQFPHF,length1,81
3,1143158,1143146,12,MLYL,length1,12
3,1144004,1143197,807,MLTLNEHLLNQVLLIAYQAGKHLQQFYQKQVHVELKEDNTPVTEADLFVSQFLTEKLTALFPNVPVLSEENCHISFEERKNWKEYWLIDPLDGTQQFINRTDQFSVLITLVRKNKPVLSIIHAPILSITYYAMRDFGAFKKQLDQVKKLTKNTTNFDRPLRIAVGATTSQEKVRSILPKDFTCEFVVVGSSSLKSGLVAEGAVDCYVRLGQTGEWDTAGAEVLLNETHGAIFDSHFEPLTYNQRETLINPHFVMVGDQSFDWRSVFQFN,length1,807
3,1145564,1144082,1482,MQTDNNCIVIFGASGDLTHRKLIPALYNLYKIGRLSENFSVLGVARSDLNDETFRKKMREALIHNEETTPDTLDAFCSHLYYQAVNTSDAQDYGKLVPRLDELHDKYQTCGNTLYYMSTPPSLYGVIPECLAAHGLNTEEYGWKRIIVEKPFGYDEKTAQALDVQIHRFFEEHQIYRIDHYLGKETVQNLLVLRFSNGWFEPLWNRNFIDYVEITGAESIGVEERGGYYDGSGAMRDMFQNHLLQVLAMVAMEPPAIINANSMRDEVAKVMHSLRPLTSEDMENNLVLGQYTAAEINGKMEKGYLEEKGVPADSRTETYISLRCEIENWRWAGVPFYVRTGKRLPARVTEIVIHFKTTPHPVFSQNAPENKLIIRIQPDEAISMRFGLKKPGAGFEAKEVSMDFRYADLAGTQVLTAYERLLLDAMKGDATLFARTDAVHAAWKFVQPILDYKANGGRIHEYEAGTWGPVAADKLIAKQGKVWRKPSGLMKKKV,length1,1482
3,1146347,1145651,696,MNYISFPTAQHAVDKIAQEFVIYSQLNHPVHISLSGGSTPKLLFKTLAKSPYAEQINWKNLHFWWGDDRMVPPSDPESNYGEVQKLLFDHIQIPMENIHRIRGENEPHFELKRFEEELSAVIPNGVFDWIILGMGTDGHTASLFPHQTSFDDENRAVIAKHPESGQIRISKTAKLIEQAKRITYLVTGESKADILKEIQTTPVDNLPYPAAKIKAKNGVTEWYLDKAAARLL,length1,696
3,1146440,1146431,9,MVA,length1,9
3,1147043,1146503,540,MTTKYNAGIHHRRSIRLKHYNYRSEGFYFITICCKNKECLFGHIINQQMQLNDLGNYVKQCWENIPMFFPQVRIDEFVIMPNHLHGIIEIIEQVKGKCNLPLQLRATQLPQKGTSQTIGSIVRGFKAGVTSWARKNSEIFDVWQRNYYEHIIRDEKSYLQIYEYIQNNPILWEQDQSYVD,length1,540
3,1147841,1147829,12,MEKY,length1,12
3,1148009,1147958,51,MDRYQCVRFWYSINFNH,length1,51
3,1148120,1148114,6,MD,length1,6
3,1148249,1148243,6,MA,length1,6
3,1148708,1148705,3,M,length1,3
3,1148744,1148735,9,MFY,length1,9
3,1148813,1148780,33,MVCVINETGSI,length1,33
3,1148978,1148834,144,MLFPMHQKSSSERKIRFFSEMTFTWRKSSYSLSSSRQISKSANCLKSN,length1,144
3,1149125,1149089,36,MAAEFWLNSYLK,length1,36
3,1149548,1149533,15,MGICL,length1,15
3,1149677,1149674,3,M,length1,3
3,1149752,1149746,6,MR,length1,6
3,1150004,1149935,69,MASTRSRGLTFLIPSAVAIKCKS,length1,69
3,1151225,1150319,906,MSAIENIVISMENATERRKHITKQFESKKLSFSFFNAYTYQSINQSINQSINQSINQSINQSINQSINQSNSILHNIEESRILTKGEKGCLISHFLLWNKCVNENLEYLTIFEDDVILGENAEVFLAQDEWLKTRFDFNDIFIIRLETFLQPVKLEKQTKIPPFNSRNFDILKSTHWGTAGYIISQGAAKYVIEYLKNIPSDEIVAVDELIFNKLVDVDNYIVYQLNPAICIQELQANQSKSVLTSGLEKERQKRPKIRKKKTLKQRLTRIKENIIRALNRKKWKEQQRIKEMQGKEIVRFM,length1,906
3,1151768,1151762,6,ML,length1,6
3,1152080,1152053,27,MTEVSCKKF,length1,27
3,1152209,1152200,9,MPN,length1,9
3,1152551,1152335,216,MAKEDCIEMQGTILETLPNTMFRVELENGHVVTAHISGKMRKNYIRILTGDKVTVEMTPYDLSKGRIIFRSR,length1,216
3,1153436,1153415,21,MPSKSNL,length1,21
3,1153541,1153505,36,MLLKSITKISLH,length1,36
3,1154147,1153700,447,MQVILLDKIVHLGQVGDQVNVKSGFARNFLIPQGKAVMATKANIEHFEARRAELEATAAANLAAAQARAAEVTALGSVTIASKAGDEGRLFGAITTRDVAEAVTAAGVKIAKSEVRLPNGPIRTLGDHDVRFQLHGEVFATLDVIVVAE,length1,447
3,1154771,1154768,3,M,length1,3
3,1156889,1156871,18,MSAEKP,length1,18
3,1157006,1156964,42,MPLNLTALWRVECA,length1,42
3,1157051,1157009,42,MCHQAMRCVLNQVK,length1,42
3,1157201,1157096,105,MVSIIKLMANYKVGQNGINNFKSTICSNLWPNRWR,length1,105
3,1157240,1157228,12,MGNH,length1,12
3,1157747,1157684,63,MVYGTYVSSGRSLACKRRIFW,length1,63
3,1158299,1158284,15,MANCR,length1,15
3,1158488,1158458,30,METDVLWGKT,length1,30
3,1159157,1159106,51,MKANAIFCVKLQIRGVK,length1,51
3,1159205,1159199,6,MM,length1,6
3,1159226,1159220,6,MN,length1,6
3,1159340,1159307,33,MKSATNIRRFF,length1,33
3,1159355,1159343,12,MAMK,length1,12
3,1159613,1159469,144,MDILIAIRMIIMAIIITEMDIGTNIKPLFNGFRCVVALGRSHLADWWI,length1,144
3,1160183,1160156,27,MAWCGNAGE,length1,27
3,1161071,1161068,3,M,length1,3
3,1161905,1161092,813,MNSKLSLSTKLSSSGKTQLAEYFATPPFKVITLPSYDDAWANGLNAMQMSSSPGVLAGDLLEIDISLAKLTALSLNTQAFTRVQAMNEGDSAMQTTHILLAENSRLFYLPHPLVLHKDSVFKQQTQIEMGEQSELIYGEIVAIGRVLNDERFAFRQFSSHLKIYTLKDDGKKRPLVSDCIQWLPSKMNLTALSQMENYSHQGSLTYLNLAKNNAEIKQQVQALQQQSTEEKDLLIGISQLNEYGLMVRVLGCRAEQIQKLFEKIGRLLKSV,length1,813
3,1161980,1161953,27,MKICLESIF,length1,27
3,1162142,1162106,36,MCLQKHTGGFIH,length1,36
3,1162253,1162244,9,MAN,length1,9
3,1162328,1162301,27,MKSLPLENA,length1,27
3,1162382,1162346,36,MYIKVVQVRLSI,length1,36
3,1162451,1162391,60,MKWLLILPLKKLVIKKANIT,length1,60
3,1162541,1162475,66,MQANQPTMRILLVSVLQCITAS,length1,66
3,1162652,1162640,12,MRCQ,length1,12
3,1162910,1162889,21,MSWFTVH,length1,21
3,1162985,1162946,39,MTCVYFLLAHVQV,length1,39
3,1163210,1163201,9,MLV,length1,9
3,1163246,1163234,12,MASL,length1,12
3,1163435,1163420,15,MTFFL,length1,15
3,1163588,1163573,15,MIKMF,length1,15
3,1163654,1163618,36,MLMAYLTKIVEI,length1,36
3,1163678,1163657,21,MHINAVL,length1,21
3,1163993,1163933,60,MPKRIRNTFASRGVKPSSTS,length1,60
3,1164557,1164458,99,MEITKRKLASTISFLARRAFCSPRATASQMSRI,length1,99
3,1164614,1164563,51,MVSLVFSSVIARLFKAS,length1,51
3,1165388,1165277,111,MLISSSRVRRSTVPISRIYMRTGSVVRPISDSTFERI,length1,111
3,1165514,1165421,93,MVSLNIISSLSGASSNTGIPASFCNVCSNLS,length1,93
3,1165862,1165703,159,MNLRFYHCYSGFTNCFFCCSLPAKRCTSTVFSSLVRPSVRSLAISISISRSIA,length1,159
3,1165925,1165904,21,MSDSSNK,length1,21
3,1166168,1166003,165,MPSRWRQSAVNFSRISNPASARNACTPLSDIRFTNSGFCRSNEMTIRIGVFLILL,length1,165
3,1166450,1166420,30,MYSSNFSLPY,length1,30
3,1166459,1166456,3,M,length1,3
3,1166915,1166795,120,MVSGEFRYFGFSSVNTRPPKATVRPRLSRIGNMMRFRNLS,length1,120
3,1167092,1166945,147,MPNSMSFCCSSRLTPNLRSTVSIAFGTNPIWKRSIISGESPRCCKYSCA,length1,147
3,1167884,1167872,12,MSLI,length1,12
3,1169114,1168088,1026,MKILGIETSCDETGVAIYDEEKGLIANQLYTQIALHADYGGVVPELASRDHIRKTAPLIKAALEEANLTASDIDGIAYTSGPGLVGALLVGATIARSLAYAWNVPAIGVHHMEGHLLAPMLDENSPHFPFVALLVSGGHTQLVRVDGVGKYEVIGESIDDAAGEAFDKTAKLLGLDYPGGAALSRLAEKGTPNRFIFPRPMTDRAGLDFSFSGLKTFAANTVNQAIKNEGELTEQTKSDIAYAFQDAVVDTLAIKCKRALKETGYKRLVIAGGVSANKKLRETLAHLMQNLGGEVFYPQPQFCTDNGAMIAYTGFLRLKQGQHSDLAIDVKPRWAMTELPAI,length1,1026
3,1169351,1169246,105,MIVLAWEKSHRVLAFRKMPFYFARKPICLMKSMST,length1,105
3,1169423,1169384,39,MKLNFLANNKFTS,length1,39
3,1169546,1169429,117,MLLINSKSLCFVMACVQISKRNFLKEVNIYWLGRINSKN,length1,117
3,1169747,1169597,150,MIRARSLKKVHKFKLGAMILIFLFAVYTIKKSAVKFKLVFKHNIIRTILC,length1,150
3,1170002,1169939,63,MMVSPRSLKNILGFLGEFSPR,length1,63
3,1170140,1170023,117,MHFQPLILLVVDLYFQACQRLLEWTQSHLKRRLLSLLLY,length1,117
3,1170182,1170176,6,MV,length1,6
3,1170344,1170287,57,MLLWFLRHQYFLLLSVSTL,length1,57
3,1170467,1170458,9,MVY,length1,9
3,1170521,1170515,6,MA,length1,6
3,1170596,1170527,69,MQHVKLQVLILWERLYVCSHHLL,length1,69
3,1171349,1171112,237,MMNHYKAFPKLFFGFLMFRIGLNTVSDWANFLAGWGVVMADTFRAKYRIDHINLIANGNGFVWAFRQAHIAVGTFASDE,length1,237
3,1171676,1171655,21,MFLQTMM,length1,21
3,1171946,1171688,258,MIILGKTQRHRSIIICWHYLGRLDFVIFSVKNMAISCLIPLNINVEITALLVGLYMGYGHKMQMLALFQIILVFAKAIYPPCQKVY,length1,258
3,1172120,1172102,18,MNFLVG,length1,18
3,1172156,1172147,9,MRI,length1,9
3,1172207,1172171,36,MNYLFVMIKNGR,length1,36
3,1173572,1173512,60,MVASKMPSSIQILQIVGLSR,length1,60
3,1174673,1173596,1077,MAKLLDIVKPGVVTGEDVQKVFAYAKEHNFAIPAVNCVGSDSVNAVLETAARVKAPVIIQFSNGGAAFYAGKGIKPTSGTRPDVLGAIAGAKQVHTLAKEYGVPVILHTDHAAKKLLPWIDGLLDAGEKHFAETGRPLFSSHMIDLSEESMEENMAICREYLARMDKMGMTLEIEIGITGGEEDGVDNSDVDESRLYTQPSDVLYVYDQLHPVSPNFTVAAAFGNVHGVYKPGNVKLKPSILGASQEFVSKERNLPAKPINFVFHGGSGSSREEIREAIGYGAIKMNIDTDTQWASWNGILNFYKANEAYLQGQLGNPEGPDAPNKKYYDPRVWLRKMEESMSKRLEQSFEDLNCVDVL,length1,1077
3,1174898,1174796,102,MACFCNVESLKSRAKINRTCAELHCAFSGNLSIY,length1,102
3,1175087,1175069,18,MGSNSL,length1,18
3,1175303,1175288,15,MDLCA,length1,15
3,1176137,1176113,24,MSQAQGVI,length1,24
3,1176269,1176182,87,MTSQYQNLSVLLYLVKVQSKVSILNLIIQ,length1,87
3,1176374,1176344,30,MMWQPKMCEV,length1,30
3,1176452,1176437,15,MQKQK,length1,15
3,1178150,1176608,1542,MLASLQDILDTVKANNLTYHQKLMTLGNIAERLFDPRDLLGYTDEEWGFLQNQMICDLCEGYAIYRPRYILPDYNVYIQKGCEFLELPPPKDLDEALDGLLILYSRVPSITTYPVYVGRLDVLLEPFITDEEKDYIKIKRFLNHIDKTVPDSFCHANIGPYDTKAGRLILRAVIELEAPTPNMIIRYDKSKTSRDFAELAAKACLLVSKPSFANDAYYISDLGEEYGVASCYNALPECGGAYTLTRLRLGTIARTCKSADEMLNELLPRVAKCALSTMDKRHKFVVEESNFFNSSFLEKEGFIKRTNFTGMFAIVGLADAANHLLQCEGLNETFGKSVRGDEIATAIMDKLKEITDAHEGVYAERTGNRYLLHAQVGASNHEEDKRNAPAHRIRVGEEPTLLAHLKQSAPFHKYFPSGTGDLFAFDQTYVDHCDAVVDIIDGAFSLGYRYITTYLKNTDLIRVTGYLVKKSEVEKYRKGEVALRDTTWYGSGTDECANVFDRQLRNEKDVIAEK,length1,1542
3,1178219,1178216,3,M,length1,3
3,1178387,1178348,39,MNRLWRQFHLFAV,length1,39
3,1178627,1178525,102,MSLTNFYLISKARALACKHFVSIGKIKLALYHSK,length1,102
3,1178810,1178750,60,MLNIWWAKLLNYYEIILMWH,length1,60
3,1178936,1178846,90,MKLGYQRISQVWKKLMCYLLMRVNVELTRF,length1,90
3,1179974,1179884,90,MVRLWRLNVTIYLWFNFQAISILNRCNRWC,length1,90
3,1180373,1180334,39,MTALYSFLFIIKN,length1,39
3,1181099,1180385,714,MTPHINAPEGAFADVVLMPGDPLRAKYIAETFLQDVVEVTNVRNMLGFTGTYKGRKISIMGHGMGIPSCSIYAKELITEYGVKKIIRVGSCGAVRMDVKVRDVIIGLGACTDSKVNRIRFKDNDFAAIADFDMAQAAVQAAKAKGKAVRVGNLFSADLFYTPDVEMFDVMEKYGILGVEMEAAGIYGVAAEYGAKALTICTVSDHIRTHEQTTAEERQLTFNDMIEIALDSVLIGDAQ,length1,714
3,1181237,1181168,69,MSRLRLIFLCGAIYCTENYRGAI,length1,69
3,1181354,1181294,60,MLSCKLQLVWQTHHHQLVLH,length1,60
3,1181510,1181456,54,MQTVHLLSSLKLHQQQYY,length1,54
3,1182392,1181705,687,MAKLTKKMKAIKAGVDSTKAYEINEAIAVLKQFATAKFVESVDVAVNLGIDPRKSDQNVRGATVLPHGTGREVRVAVFTQGANADAAKEAGADLVGMEDLAEQIKKGEMNFDVVIASPDAMRVVGQLGQVLGPRGLMPNPKVGTVTPNVAEAVKNAKSGQIRYRNDKNGIIHTTIGKANFSEVQLKENLQALLAALNKAKPTTAKGIFIKKVSISTTMGAGVAVDQASL,length1,687
3,1182860,1182845,15,MFLIY,length1,15
3,1182989,1182965,24,MAIQNYNM,length1,24
3,1183070,1183019,51,MYVSAKFVAQLMQQAYV,length1,51
3,1183163,1183136,27,MKFIWAKSH,length1,27
3,1183328,1183193,135,MVPSVLSFHNYTVVQAYSSILTKVKPILQVKCFITHVLFLTVVLG,length1,135
3,1183607,1183550,57,MAKFMLNVVVVLPHVISKH,length1,57
3,1183688,1183679,9,MLI,length1,9
3,1183733,1183718,15,MAKFR,length1,15
3,1183883,1183847,36,MIKPVRFTKFIV,length1,36
3,1183976,1183961,15,MIYLQ,length1,15
3,1184060,1184042,18,MKILLR,length1,18
3,1184102,1184087,15,MVVAK,length1,15
3,1184252,1184231,21,MRSRHKT,length1,21
3,1184489,1184441,48,MVVYVRLKPLKVQTSV,length1,48
3,1184537,1184522,15,MIMVS,length1,15
3,1184600,1184564,36,MVKLLKKLNTYL,length1,36
3,1184645,1184606,39,MKQTTSLHRQTQT,length1,39
3,1184780,1184669,111,MLSLLLVVNVVNLVYINLKIFIIWMFRHNKWYLLRLH,length1,111
3,1184819,1184798,21,MTMRTVH,length1,21
3,1184978,1184963,15,MRLVL,length1,15
3,1185038,1184990,48,MKMKPLQVKLVLIFII,length1,48
3,1185152,1185134,18,MVLQLI,length1,18
3,1185428,1185377,51,MNLVSFMSVLRLKVATS,length1,51
3,1185518,1185515,3,M,length1,3
3,1185596,1185545,51,MVHQVRLLMFKSSLVTA,length1,51
3,1185746,1185734,12,MQRN,length1,12
3,1185812,1185791,21,MKKNKTN,length1,21
3,1185920,1185899,21,MILHRAY,length1,21
3,1186073,1186043,30,MKMVSQLKSY,length1,30
3,1186235,1186166,69,MQCLNKNKKWKNYVAISKKHTIY,length1,69
3,1186262,1186241,21,MVHKKWI,length1,21
3,1186295,1186277,18,MKKYCV,length1,18
3,1186376,1186343,33,MVQTKRKSKSY,length1,33
3,1186454,1186421,33,MVVLARNLNVQ,length1,33
3,1186652,1186499,153,MIKCTLVQQVLIALLHNSHWAVRHNLVVSVSVRWRYGHLKHMVQPTPYKKC,length1,153
3,1186673,1186667,6,MM,length1,6
3,1186706,1186676,30,MVVRRCIKIS,length1,30
3,1186967,1186826,141,MVLIPWLHPFTGGAGAKRLRGDLYPKPPSALRAPSPAKQGKARGTTT,length1,141
3,1191302,1187141,4161,MIRSWSFGEVKKPETINYRTFKPERDGLFCARIFGPVKDYECLCGKYKRLKHRGVICEKCGVEVTQTKVRRERMGHIELASPVAHIWFLKSLPSRIGLLLDMPLRDIERVLYFEMYIVTEPGMTDLERGQLLTEEQYLDAEDRWQDEFEAKMGAEAIQDLLKGMDLEAECEKLREELQETNSETKRKKITKRLKLLEAFVQSGNKPEWMVMTVLPVLPPDLRPLVPLDGGRFATSDLNDLYRRVINRNNRLKRLLDLIAPDIIVRNEKRMLQESVDALLDNGRRGRAITGSNRRPLKSLADMIKGKQGRFRQNLLGKRVDYSGRSVITVGPYLHLHQCGLPKKMALELFRPFIYAKLESRGYATTIKAAKKMVEREEAIVWDILAEVIREHPILLNRAPTLHRLGIQAFEPILIEGKAIQLHPLVCAAFNADFDGDQMAVHVPLTLEAQLEARALMMSTNNVLSPANGDPIIVPSQDVVLGLYYMTREKVNGKGEGMLLQDPREAEKAYRTGEAELHSRVKVRITEYVKNEAGEFDAKTTLTDTTIGRAILWMIAPKGMPYSLFNQTLGKKAISKLINEAYRRLGLKEAVMFADQIMYTGFAYAARSGSSVGIDDMEIPAKKYEIISAAEEEVAEIQEQFQSGLVTAGERYNKVIDIWAAANERVAKAMMENLSQEEVINREGNPEKQASFNSIFMMADSGARGSAAQIRQLAGMRGLMARPDGSIIETPITANFREGLNVLQYFISTHGARKGLADTALKTANSGYLTRRLVDVAQDLVIVEDDCGTHEGLVMTPLIEGGDEKVPLRELVLGRVAAEDILKPGAEEVLIPRNTLLDEKLCDVLDANSVDSVKVRSVVTCDTDFGVCAKCYGRDLARGHLINQGEAVGVIAAQSIGEPGTQLTMRTFHIGGAASAAAKESSVQVKNTGTVHLMNAKFVTNDESKLVLTSRNTELTITDAFGRTKEHYKVPYGAVLSKGDGQEVTAGETIANWDPHTMPVVSEVSGFVKFVDIIDGLTVMRQTDELTGLSSIVVQDVGERATAGKDLRPTIKLVDANGNDIFLPETDVLAQYFLPGKAIVSLDDGAAVKVGEPLARIPQESVGTKDITGGLPRVADLFEARKPKEPAILAEISGIVSFGKETKGKRRLLITPAEGETYEEMIPKWRQLNVFEGEMVQRGDVISDGAETPHDILRLRGVRAVTEYIVNEVQDVYRLQGVKINDKHIEVIVRQMLRKAVITKAYDSEFLEGEQVEVARVKIVNRQREAEGKPPVEFERELLGITKASLATESFISAASFQETTRVLTEAAVAGKRDELRGLKENVIVGRLIPAGTGFAYHQNRHKHRLVDDVVAKLSEEDEAAIADEFVMTADDASANLAEMLNMADDAE,length1,4161
3,1191332,1191317,15,MRKPE,length1,15
3,1191485,1191356,129,MKMGRGFMPEQQVCFFIEIHKNLRLLEKSVVDSYVTLCSYFSK,length1,129
3,1191896,1191878,18,MARWCI,length1,18
3,1192409,1192268,141,MDILIRISVYGKQCYRFLSWQCFTRRVYFCLCFLKCNDWLIGFNDNI,length1,141
3,1192889,1192820,69,MGVPSTKSTAPKWRKMLPLMHST,length1,69
3,1193168,1193111,57,MPTPSSTNLGWRGTENFSL,length1,57
3,1193228,1193183,45,MAIGDKVKSFINWVS,length1,45
3,1194191,1193276,915,MINEKLKMWWETARPKTLPLALASIFTGSALGYWANPQGFNGLVMVLCLLTTILLQVLSNFANDYGDHQKGSDTEERIGPLRGIQKGAISAKELKWGLILMVMASFLSGSFLIGIAYENLSDLFAFAGLGILAIVAAITYTVGAKPYGYMGLGDISVLVFFGLLGVGGTYYLQTHSIASHIILPAIGSGLLASAVLNINNLRDIEQDAKASKNTLAVRLGAYKGRVYHCILLSVAALCYLAFAVATATATSWTNYLFVLAMPLLAKHAIFVYRSQQPSELRPMLAQMSMISLLINILFSLGLLIG,length1,915
3,1194731,1194245,486,MFIDTSELCDLYAEQVDVVEPIFSSFGGVSHFYGKVTTVKCFESNGLIAEVLEENGEGRVLVIDGGGAVRRGLIDAELAQLAVDNGWEGIIVYGAVRQIQQLENLDIGIHALAPIPVSADESSAGESDIPVNFGGVTFFPEDYIYADLTGIILSQEPLDLED,length1,486
3,1195040,1195028,12,MKCR,length1,12
3,1195835,1195775,60,MHRQQWCHYNKKLLLDVKIE,length1,60
3,1196087,1196021,66,MLLSPNSHQVLNFRVFYLHLTQ,length1,66
3,1196732,1196714,18,MYHQLR,length1,18
3,1197221,1197188,33,MPFLSFPVKRY,length1,33
3,1197545,1197542,3,M,length1,3
3,1199858,1199837,21,MTNTAFL,length1,21
3,1199900,1199864,36,MIERCERHIFFY,length1,36
3,1200188,1200110,78,MQFEGNIINAASAHIFHIQYTFAFFL,length1,78
3,1200239,1200194,45,MRILFIKTTTNHHFN,length1,45
3,1200398,1200341,57,MRDINNATIFCFEFTNHIE,length1,57
3,1201016,1200956,60,MARQNIKSHWHKVNIRQYEQ,length1,60
3,1201322,1201241,81,MRDRYVPHLMELEVPHRKSSNFPYDQV,length1,81
3,1202048,1202024,24,MQIVNMGF,length1,24
3,1202069,1202060,9,MFF,length1,9
3,1202279,1202219,60,MRLSAVMYIFFKSCQLQRSF,length1,60
3,1202744,1202717,27,MMYLFITFS,length1,27
3,1202906,1202879,27,MKMCIFLLA,length1,27
3,1203044,1202987,57,MENTNCSEKYYFNSCFKVR,length1,57
3,1203119,1203107,12,MAML,length1,12
3,1203674,1203578,96,MPLLMTESATAWLNGSVAIIKLSTGNILRLMP,length1,96
3,1204349,1204073,276,MPYFSIRSSIISMVSNDIFQSLCALSSPTCLTYSSMPSSKPLIACPPLRPEAPNPTRAPSKTMTFFPFSASSNAADKPKNPAPITHTSAYSI,length1,276
3,1205054,1205045,9,MET,length1,9
3,1205924,1205888,36,MLPQQFSSLHLL,length1,36
3,1206032,1205927,105,MQYSPLLLPSRLCIARLKKHVALLKYAQNPPHLMR,length1,105
3,1206116,1206101,15,MHPMQ,length1,15
3,1206470,1206425,45,MIAVDLSFLPCLEEP,length1,45
3,1206809,1206800,9,MVR,length1,9
3,1207364,1207250,114,MIKLSFSSATISIASNLRSARSVRQSFANSTALFSKCP,length1,114
3,1207619,1207607,12,MATN,length1,12
3,1207751,1207745,6,MI,length1,6
3,1208666,1208597,69,MVVIMNILMSCFFSCLNVSNRLS,length1,69
3,1209074,1209071,3,M,length1,3
3,1209737,1209719,18,MLSPFK,length1,18
3,1209905,1209779,126,MPFGERISLFGIQKRKSKTVILSPFGVRIVFAMRTAGAFIFV,length1,126
3,1210130,1210112,18,MQKFLF,length1,18
3,1210331,1210277,54,MVYSKTITQHNEPFFPER,length1,54
3,1210796,1210724,72,MKKYPLSWRNNFSCANIKHIHSRT,length1,72
3,1210991,1210892,99,MWFMFFYIICTDNCIKVRCDSQFIHQHINNFTV,length1,99
3,1211057,1211024,33,MEGFNNFKGWQ,length1,33
3,1211279,1211258,21,MHGHCIN,length1,21
3,1211906,1211831,75,MNYAEVHSIYGVKLDIDSVNNSSNY,length1,75
3,1212266,1212185,81,MSVQGLVCLVYLWQLLILPNNLSSLIA,length1,81
3,1212314,1212293,21,MLYVSLD,length1,21
3,1212323,1212320,3,M,length1,3
3,1212383,1212374,9,MVY,length1,9
3,1212464,1212446,18,MDIFMH,length1,18
3,1212500,1212485,15,MKLMN,length1,15
3,1212650,1212641,9,MCF,length1,9
3,1212833,1212806,27,MATPKCGRF,length1,27
3,1213052,1212989,63,MVIRYQFYCVFCWFFIGISAE,length1,63
3,1213313,1213304,9,MLS,length1,9
3,1213334,1213328,6,MG,length1,6
3,1214156,1214144,12,MRLQ,length1,12
3,1214738,1214333,405,MKFVWPPIINAIETRQSQIANALASAEAAKKEQADTKNLVEQELSAAKLQAQDILDAANKRRNEVLDEVKAEAEELKAKIIAQGYAEVEAERKRVQEELRLKVASLAVAGAEKIVGRSIDEAANNDIIDKLVAEL,length1,405
3,1215284,1214753,531,MSELTTIARPYAKAAFDFAIEQSAVEKWTEMLGFAAAVAEDETVKAYLSSSLSAQKLADTVISICGEQLDQYGQNLIRLMAENKRLSAIPAVFEEFKHHVEEHQAIAEVEVTSAQPLNATQIEKIAAAMEKRLARKVKLNCNVDNALIAGVIVRTEDFVIDGSSRGQLTRLANELQL,length1,531
3,1216838,1215299,1539,MQLNSTEISELIKKRIAQFDVVSEARNTGTIVSVSDGIIRIHGLSDVMQGEMIALPGNRYAMALNLERDSVGAVVMGPYADLAEGMEVQCTGRILEVPVGSGLLGRVVNTLGQPIDGKGEIENDDFSPVEVIAPGVIDRRSVDQPVQTGYKAVDSMVPIGRGQRELIIGDRQTGKTALAIDAIINQRNSGIKCIYVAIGQKASTIANVVRKLEEHGALANTIVVAASASESAALQYLAPYAGCAMGEYFRDRGEDALIVYDDLSKQAVAYRQISLLLRRPPGREAYPGDVFYLHSRLLERASRVNEDYVEKFTKGEVKGKTGSLTALPIIETQAGDVSAFVPTNVISITDGQIFLESNLFNSGIRPAVNPGISVSRVGGSAQTKVIKKLAGGIRTALAQYRELAAFAQFASDLDDATRKQLSHGEKVTELLKQKQFAPLSVAEQAVILFAVEFGYLDDVELSKIASFETALLDYSNRNHAEFMQELNKTGNYNDEIKDTLKSILDGFKANSAW,length1,1539
3,1217723,1216856,867,MAGAKEIKTKIASVQSTQKITKAMEMVATSKMRKTQDRMAASRPYSETIRNVISHVSKASIGYKHPFLVEREVKKIGILVISTDRGMCGGLNVNLFKTTLNQIKNWKEQNISTDLGLIGSKGISFFRSFGFNIKGQLSGLGDTPALEELIGVANTMFDAYRNGEIDAVYIAYNKFVNTMSQKPVVQQLVPLPESKDDHLNERQQTWDYLYEPEPKALLDSLLVRYLESQIYQAVVDNLASEQAARMVAMKAATDNAGNLINDLRLVYNKARQASITNELNEIVAGAAAI,length1,867
3,1219571,1219145,426,MATFNLTIVSAEQKIFEGEVKQIQVTGVEGELGILPGHTPLLTAIKPGIVKFTLKDGNEEVIYVSGGFLEVQPNIVTVLADIAIRGSELDADRIHEAKRKAEENIVSRGSDADHDLLVAKLSKELAKLRAYELTEKLLKTRR,length1,426
3,1219934,1219805,129,MDVMITPNTNTIIKVRFPPHTLYGKLAWARRAFQTRLTGNTTA,length1,129
3,1220291,1220183,108,MAKVAFTKPFKVASSFKICKNSFCVSKPCVDSCHRI,length1,108
3,1220672,1220306,366,MAEPTKIEKRNAFTLPSKYLFKLGMEPWKPNAVKNTGLAEIIKALSIGVAIKLSNLISGNIKLNTTAKAASITKNNTRLILSTLCVPMTINEPKITVNNKTLTLSPKLSGNKSFSSEPPPLI,length1,366
3,1220789,1220723,66,MRPVLPKYCSASVPIPASLSAV,length1,66
3,1220975,1220873,102,MPAEVSGIANIPAPIIVPATRSVLPTVLFIFVSL,length1,102
3,1221476,1221458,18,MLQYKN,length1,18
3,1221980,1221962,18,MEYAGS,length1,18
3,1222055,1222022,33,MYHFTRTARCN,length1,33
3,1222319,1222199,120,MSLSGTCFIACILVYPILTCFLFKPTINTYYNRLYAKTIC,length1,120
3,1223063,1223036,27,MNQFFTIER,length1,27
3,1223264,1223141,123,MPPPTCTLHCVASTIFPISAVCLDWGFFAPVKSTRCSCFAP,length1,123
3,1224221,1224194,27,MMIVITRDI,length1,27
3,1224242,1224224,18,MNRGKH,length1,18
3,1224347,1224266,81,MFSEFRTKIAHFIAFKAGIEFDPRSAR,length1,81
3,1224494,1224479,15,MFVNP,length1,15
3,1224608,1224557,51,MVKKTNASFDFIYTSFI,length1,51
3,1224956,1224908,48,MRANEYFIKGNALRFK,length1,48
3,1225250,1225208,42,MNGMRFIICFIQTV,length1,42
3,1225403,1225379,24,MQCLILVS,length1,24
3,1225508,1225505,3,M,length1,3
3,1225979,1225937,42,MIFDFWQIKLKIVS,length1,42
3,1227542,1227479,63,MFVLACSIALRSFTEIRLLAA,length1,63
3,1227665,1227563,102,MSLSNFTPSNFSQSSNNARSPLYATFSRMALTAC,length1,102
3,1227731,1227668,63,MFSPFCWTGRIMTLRFSVSDK,length1,63
3,1228022,1227980,42,MVKWSDFQRQVKAQ,length1,42
3,1228268,1228229,39,MILNRKSHKQYPH,length1,39
3,1228472,1228469,3,M,length1,3
3,1228988,1228952,36,MLAQMLLDFILP,length1,36
3,1229087,1229078,9,MFT,length1,9
3,1229300,1229261,39,MRYGKFVPSINVI,length1,39
3,1229438,1229429,9,MLN,length1,9
3,1229597,1229576,21,MRLVKIY,length1,21
3,1229618,1229609,9,MIY,length1,9
3,1229699,1229687,12,MPLQ,length1,12
3,1229819,1229777,42,MLNLILIHSVWNKK,length1,42
3,1229879,1229843,36,MWRKNSIVYKCT,length1,36
3,1230020,1229990,30,MRISRLLRWN,length1,30
3,1230137,1230134,3,M,length1,3
3,1230182,1230170,12,MLCD,length1,12
3,1230260,1230236,24,MQFTVCLK,length1,24
3,1230323,1230317,6,ML,length1,6
3,1230386,1230332,54,MRYFPKLVLIYVIGKSSA,length1,54
3,1230458,1230437,21,MDSVQFY,length1,21
3,1230479,1230461,18,MKLNYP,length1,18
3,1230512,1230488,24,MAMKKFGK,length1,24
3,1230581,1230560,21,MNLSHKH,length1,21
3,1230884,1230833,51,MTWIQSNNLDCRVMKYC,length1,51
3,1231718,1231670,48,MPNDSAIILNCEPMWP,length1,48
3,1231754,1231727,27,MPNFLPRTS,length1,27
3,1232081,1232042,39,MASFNSSPSSAFL,length1,39
3,1232300,1232285,15,MRISH,length1,15
3,1232528,1232492,36,MGKSNLTHLLVY,length1,36
3,1232585,1232561,24,MPQRFFHE,length1,24
3,1232759,1232720,39,MLLKPQLRLEFYF,length1,39
3,1232954,1232843,111,MQLVRRVFSFLIDSFLFLISISKRLRYFITSLSNKQV,length1,111
3,1232999,1232984,15,MFFHD,length1,15
3,1233137,1233122,15,MAKSI,length1,15
3,1233380,1233371,9,MAK,length1,9
3,1233542,1233500,42,MSQSASSSGNLGGR,length1,42
3,1233821,1233806,15,MPADT,length1,15
3,1233995,1233929,66,MLSAENKLGVPPPIKIEWSFRC,length1,66
3,1234142,1234133,9,MCI,length1,9
3,1234475,1234388,87,MQNQALHQWFLPHELQDFVLRFLEFLQDL,length1,87
3,1234736,1234637,99,MQYTLQYLHLGHLLVLHHLARECECHVFRGIQH,length1,99
3,1234820,1234811,9,MNQ,length1,9
3,1235276,1235258,18,MGLEYS,length1,18
3,1235342,1235285,57,MLPQTSHQKDHNPLLNSDR,length1,57
3,1235582,1235387,195,MQDHLAYRMPFCRFHQARIMDFLRPLLPSFELIYLAMHQYRFYGDHGFLLHHARRLMPYVHIYDQ,length1,195
3,1236698,1236659,39,MAIRALYVGYSSP,length1,39
3,1236947,1236842,105,MAKITKNFIKFHKILSYVHEKSFYFPHLRSNVSLF,length1,105
3,1237046,1237004,42,MVISKAMSSISGFP,length1,42
3,1237097,1237061,36,MAVFIYTRLLSY,length1,36
3,1237523,1237514,9,MAM,length1,9
3,1237817,1237787,30,MREIFTALLN,length1,30
3,1238483,1238450,33,MSFFSMASITS,length1,33
3,1238519,1238510,9,MDS,length1,9
3,1238579,1238573,6,MS,length1,6
3,1238639,1238624,15,MECFG,length1,15
3,1240703,1240697,6,MD,length1,6
3,1241603,1241501,102,MNLVFKMSYLHENLVERHWLRNYAISSNMKPKNP,length1,102
3,1241663,1241633,30,MRLVFSWWIT,length1,30
3,1242020,1241972,48,MQSRVLNLFKLISKER,length1,48
3,1242260,1242230,30,MPFLSFNASP,length1,30
3,1242545,1242518,27,MPSVESVCA,length1,27
3,1243772,1243769,3,M,length1,3
3,1244417,1243895,522,MRKFFKYFLFIVVFLFHGFMFSVVNYVFPHYDVTRVTGVEVKRVDKDGPITKSNPADGPTRDVYYINTQNDDGKIMVYRNEDTRWGFPFYFKFGSANLQAEAQALGNDNKLVQIKYYGWRITMMDEYRNATSIKEITADDTPSNPIVSWILYVFLLATLFLSIQFIRGWFDSDK,length1,522
3,1245005,1244915,90,MCLNRLCGFLILLLMYFSAYFAFLLCVKMA,length1,90
3,1245251,1245233,18,MASTKS,length1,18
3,1245419,1245296,123,MKMWCSQILNYSVKPYLCLIRFLFTKCWNCLNLLAKILRLL,length1,123
3,1245455,1245422,33,MNMLLWWVLLR,length1,33
3,1245464,1245458,6,MM,length1,6
3,1245539,1245524,15,MKTRG,length1,15
3,1245560,1245545,15,MAQRH,length1,15
3,1245635,1245602,33,MKKTTKLSVVL,length1,33
3,1245812,1245806,6,ML,length1,6
3,1246316,1246040,276,MYAIAFDLVVKDTQDDHPKGVQEAYTDIGAVLAKFGFVRTQGSLYTNMNEDMANLFQAMNALKQLAWISQSVRDIRAFRIEQWSDFTDFIRN,length1,276
3,1246601,1246556,45,MQLLMKRLWRHIKVA,length1,45
3,1246619,1246604,15,MKISL,length1,15
3,1246655,1246643,12,MTGI,length1,12
3,1246784,1246712,72,MILMYMPIIAACYMRKHCKRTLNV,length1,72
3,1246919,1246838,81,MMRCVIYKKAKRAEKMMNILCKVVKRC,length1,81
3,1247321,1247270,51,MGRRKYCLCRDWYCGAI,length1,51
3,1247660,1247612,48,MGNGLCRRKCEKCLSI,length1,48
3,1248557,1248542,15,MPPMI,length1,15
3,1248656,1248641,15,MSQKY,length1,15
3,1248683,1248674,9,MLQ,length1,9
3,1248791,1248770,21,MAKHVSM,length1,21
3,1248818,1248815,3,M,length1,3
3,1248971,1248905,66,MTLSQFVAVYLEVCLLNCLLIG,length1,66
3,1249040,1249019,21,MLRLPLD,length1,21
3,1249256,1249211,45,MKACLKPNQQNVKMS,length1,45
3,1249337,1249301,36,MVLKKVYRKQKP,length1,36
3,1251125,1249457,1668,MKLFLTQSANVGDAKAYLLHEVFRAAAQKANVSIVETPAEADLVLVFGSVLPNNPALVGKKVFIIGEAIAMISPEVTLANALANGADYVAPKSAVSFTGVSGVKNIVAVTACPTGVAHTFMSAEAIEAYAKKQGWNVKVETRGQVGAGNEITAEEVAAADLVFVAADIDVPLDKFKGKPIYRTSTGLALKKTEQEFDKAFKEAKIFDGGNNAGTKEESREKKGVYKHLMTGVSHMLPLVVAGGLLIAISFMFSFNVIENTGVFQDLPNMLINIGSGVAFKLMIAVFAGYVAFSIADRPGLAVGLIAGMLASEAGAGILGGIIAGFLAGYVVKGLNVIIRLPASLTSLKPILILPLLGSMIVGLTMIYLINPPVAEIMKELSNWLTSMGEVNAIVLGVIIGAMMCIDMGGPVNKAAYTFSVGLIASQVYTPMAAAMAAGMVPPIGMTVATWIARNKFTVSQRDAGKASFVLGLCFISEGALPFVAADPIRVIISSVIGGAVAGAISMGLNITLQAPHGGLFVIPFVSEPLKYLGAIAIGALSTGVVYAIIKSKNNAE,length1,1668
3,1251251,1251176,75,MKSRTKLCNLQGLVLLVMDVFVNRL,length1,75
3,1251401,1251392,9,MLF,length1,9
3,1251848,1251827,21,MRLLKSR,length1,21
3,1251956,1251899,57,MRHHQKMHQRSLLYLVERE,length1,57
3,1252226,1252220,6,MH,length1,6
3,1252424,1252370,54,MPELKFFQFLYCEYFALF,length1,54
3,1252772,1252769,3,M,length1,3
3,1253222,1253105,117,MHLIRLERTYRIALLHQFVTQKVNKARAPFLFHERLCIR,length1,117
3,1253612,1253597,15,MWQEE,length1,15
3,1254827,1254704,123,MKYKATFRSLYLRGNTEDLGGTPFRRFATPSLASRGRQVFD,length1,123
3,1255274,1254986,288,MSIRRQLCAPLIVIFTKPAPDSPVTSSCAISSCIFCIFSCICWACFIKPPKPPFPNIMLSFIKSKIACILAKKWAFGNSRVNDFGDLKSQKISPHF,length1,288
3,1255391,1255310,81,MGRDGYSGVIHSTVQLPVPSGTNVFVR,length1,81
3,1255649,1255628,21,MALTTRS,length1,21
3,1255730,1255679,51,MSTKPRRSFGGSVALTC,length1,51
3,1256501,1256429,72,MFFSTIFGGSGNLRSGLSLKAIFI,length1,72
3,1256582,1256519,63,MAVFAPASPRPSTRLLSSNPT,length1,63
3,1256732,1256690,42,MRQLVPFQSKPCSP,length1,42
3,1256912,1256759,153,MRKASSPLMTRGAYSIFDEAFFAAAIKSIASSLSAVKFDCNSGSSGTVSGC,length1,153
3,1257092,1257041,51,MQAILGFAINKSLPVLS,length1,51
3,1257110,1257104,6,MI,length1,6
3,1257149,1257119,30,MRKPPLSNTA,length1,30
3,1257887,1257830,57,MRSLSQAASFFCHNGAPLR,length1,57
3,1258199,1258133,66,MYFSSNIRLSTTLRRSSERFSE,length1,66
3,1258469,1258427,42,MVFSGVKKKLRANC,length1,42
3,1258556,1258535,21,MPIGSNP,length1,21
3,1259219,1259204,15,MSSTM,length1,15
3,1259270,1259264,6,MV,length1,6
3,1259828,1259693,135,MAKRFTSTKSGWLNVDEFIALAYLSTSKAFTSFSFLYRFIYLACY,length1,135
3,1260755,1260236,519,MKAFFNDPFTPFGKWLSQPFYVHGLTFLLLLSAVIFRPVLDYIEGSSRFHEIENELAVKRSELLHQQKILTSLQQQSESRKLSPELAAQIIPLNKQIQRLAARNGLSQHLRWEMGQKPILHLQLTGHFEKTKTFLTALLANSSQLSVSRLQFIKPEDNPLQTEIIFQLDKETK,length1,519
3,1260953,1260896,57,MYLIIYAERMKIAKRLKFL,length1,57
3,1261079,1261055,24,MWLKRAIL,length1,24
3,1261157,1261100,57,MFNLCVSSESNVIVVNGKN,length1,57
3,1261337,1261334,3,M,length1,3
3,1261472,1261454,18,MMGFII,length1,18
3,1261535,1261523,12,MNRT,length1,12
3,1261706,1261643,63,MIAVICWLFRMNLVLCKISKN,length1,63
3,1261781,1261772,9,MRV,length1,9
3,1261892,1261826,66,MQDELRAALQAIALKILRIILM,length1,66
3,1261970,1261952,18,MGDCLI,length1,18
3,1262003,1262000,3,M,length1,3
3,1262435,1262231,204,MDKMRWFLLISKKLILRFLPKMGKPLCLAAYFTTQSRKAKIKCHCLAIYPLLNDYLAKKVNDIKNVSS,length1,204
3,1262753,1262585,168,MGYVQVAKNKLNLFLIAVIVVRNCNIMRSIVVIVLNKNQVGIRWSLLGIILNLFRY,length1,168
3,1262945,1262831,114,MLNERINLNCQKQSFQCLYIIFVSGDGVIIRQIYYLGN,length1,114
3,1263119,1263053,66,MPFLLLFRKMNFLIAVLRWWMM,length1,66
3,1263170,1263143,27,MKSQNCCEN,length1,27
3,1263353,1263323,30,MPHKRIFENF,length1,30
3,1263473,1263413,60,MRNVAYLIAPRMPWKKAILK,length1,60
3,1263509,1263503,6,MK,length1,6
3,1263572,1263545,27,MLPKSLVRN,length1,27
3,1263626,1263590,36,MPKCVRWLMMRH,length1,36
3,1263647,1263644,3,M,length1,3
3,1263782,1263719,63,MVTQFYNLVVAVTVVQWWMLR,length1,63
3,1263794,1263788,6,MA,length1,6
3,1263830,1263824,6,MN,length1,6
3,1263953,1263941,12,MEKK,length1,12
3,1264016,1263971,45,MILVIGCLHKVLICI,length1,45
3,1264151,1264025,126,MNCLLVSLKILIWKDYRQCKLENGKIIRCGLWLSKKVMNENM,length1,126
3,1264199,1264184,15,MNSIY,length1,15
3,1264331,1264283,48,MNLQCNVFTVGIKLIL,length1,48
3,1264601,1264586,15,MKAEK,length1,15
3,1264697,1264625,72,MMHNGFLMINPCQNYRQRVLSLAN,length1,72
3,1264706,1264703,3,M,length1,3
3,1264856,1264853,3,M,length1,3
3,1265273,1265252,21,MASLSFA,length1,21
3,1265282,1265279,3,M,length1,3
3,1265513,1265402,111,MLLIHLKLDYPLHSFCDKFAKILLKNQTFYLTEGTNL,length1,111
3,1265558,1265534,24,MQLQTLQS,length1,24
3,1265618,1265600,18,MQLLRA,length1,18
3,1265765,1265669,96,MNVLLVLVVTHKLVLKSKSQHLKCQHLYLVKH,length1,96
3,1265786,1265771,15,MQSNN,length1,15
3,1265858,1265855,3,M,length1,3
3,1267727,1265897,1830,MCGIVGAVAQRDVAEILINGLHRLEYRGYDSAGVAVINKQNELQRIRCLGKVKALDEAVSEKPLIGGTGIAHTRWATHGEPSETNAHPHSSGTFAVVHNGIIENHEELRELLKSRGYVFLSQTDTEVIAHLVEWEMRSTDSLLEAVQKSVKQLTGAYGMVVMDSRHPEHLVAARSGSPLVIGLGIGENFLASDQLALLSVTRRFIFLEEGDIAEITRRTVDIYDTHGNKAKREIHESNLENDAAEKGKFRHFMQKEIYEQPTALINTMEGRINHENVIVDSIGNGAKGILEKVEHIQIVACGTSYNAGMVARYWFESLAGVSCDVEIASEFRYRKFVTRPNSLLITLSQSGETADTLAALRLAKEKGYMAALTICNVAGSSLVRESDLAFMTRAGVEVGVASTKAFTTQLAALLMLVTALGKVKGHISVEKEREIIKAMQSLPAEIEKALAFDREIEALAEDFAEKHHALFLGRGAFYPIAVEASLKLKEISYIHAEAYAAGELKHGPLALIDADMPVIVVAPNNELLEKVKSNIEEVRARGGQLYVFADKEAGFTPSEGMKIITMPKVNDIVAPIFYTIPMQLLSYYVALIKGTDVDQPRNLAKSVTVE,length1,1830
3,1267973,1267964,9,MKW,length1,9
3,1268051,1268042,9,MTK,length1,9
3,1268696,1268585,111,MRCNYSICQCSFSFININRCNKYIIRNRRKQAIKQIE,length1,111
3,1268894,1268846,48,MFIRHTSERRSKNDDT,length1,48
3,1268930,1268921,9,MEC,length1,9
3,1269263,1269254,9,MHH,length1,9
3,1270997,1270985,12,MLEG,length1,12
3,1271180,1271165,15,MPPPF,length1,15
3,1271234,1271183,51,MVVLVECKNRLRLYRQQ,length1,51
3,1271300,1271264,36,MLLFYVAMCVGN,length1,36
3,1271507,1271306,201,MAYKSPIFLVLVRINLQLLDLIRCPMRLSQTVAIRLKHSVISPHFLMNILHFEQGLYDKLEYYRGSL,length1,201
3,1272125,1272083,42,MANYLNFVQLVWFY,length1,42
3,1273334,1272281,1053,MNDKRKPSFQSAGKTFQERSVGEKYREKPSQNRPHFNDKFNGNRNEKSRFPRDKQEVKETRIKQLSLSRAPSNKNTEQPKVQVTIKSTGTVYKTKEKKTGALSPRAPEKIKKNRAEEMKVYGENACLALFAERPESIVRLWATVQMSHKIGEVLSYLAENKKAYHVVDSEELARVSGTEHHGGICLLVKKPRAFTLQGYLDIPHKEDCLVLLDNVNNAQNIGGVLRTCAYFGVKNIVADNVENLYSGASMRVAEGGAEYIRVLETDDIDSALMHLRKSGYQIIHVSHNKQGDPLDKVRLKNKVVFVLSESSTESLATPEDTQVRLTLASPIKSGLNIAVNAGVLLAKWYFR,length1,1053
3,1273457,1273340,117,MIKGETISPLKFQIKVFSQFNKRFSVLIIRIINYQLILH,length1,117
3,1273817,1273772,45,MLYIRLSKLNAIFPH,length1,45
3,1273985,1273961,24,MLYISPST,length1,24
3,1274081,1274036,45,MELFKGKSAHKFFVN,length1,45
3,1275452,1274135,1317,MNLSQFEQFDLSPELLKALEKKGYSRPTAIQMEAIPAAMEERDVLGSAPTGTGKTAAFLLPALQHLLDYPRRKPGPPCILILTPTRELAMQVAEQAEELAQFTHLNIATITGGVAYQNHGDVFNTNQDLVVATPGRLLQYIKEENFDCRSVEMLIFDEADRMLQMGFGQDAEKIAAETRWRKQTLLFSATLEGELLVDFAERLLNDPVKVDAEPSRRERKKINQWYYHADSNEHKIKLLARFIETEKVTRGIVFVRRREDAREVSETLRKRGIRSAYLEGEMAQTQRNNAIDKLKSGIVTVLVATDVAARGIDIDDVSHVMNFDLPYSADTYLHRIGRTARAGKKGTAVSFVEAHDYKLLGKIKRYTEEILKARILAGLEPRTKPPKDGEVKSVSKKQKARIKEKREEKKKTEAKKKVKLRHKDTKNIGKRRKPSNSNV,length1,1317
3,1275467,1275461,6,MI,length1,6
3,1275521,1275494,27,MWVSCIGIN,length1,27
3,1275596,1275584,12,MPIT,length1,12
3,1275833,1275824,9,MAT,length1,9
3,1275872,1275857,15,MRKGF,length1,15
3,1276043,1275998,45,MHTKCGQFFHMLYGT,length1,45
3,1276424,1276361,63,MYENFEFNIWHLLANFSNFIY,length1,63
3,1276559,1276517,42,MNINIREIFTHQHN,length1,42
3,1276751,1276646,105,MGCNVYHYIEFFAKGMGFIDPDFQIGVIKFIIAYT,length1,105
3,1278170,1278122,48,MPEQYCSQRASNKSKC,length1,48
3,1278320,1278215,105,MEELMVKYQYRCHCVNVVIEILNCSADHRRCCYLL,length1,105
3,1278392,1278356,36,MLLLRLAHYRRA,length1,36
3,1278650,1278518,132,MPFLVLVWDFLLIALGKSGQFQNNQFPLNFPQFLPRLNDSPTNQ,length1,132
3,1279640,1279358,282,MSSTIAIPVNASASGMFGVITSANGSNFWLNALTACCCNKGAPPLAIITGSSTSVPKGLSARKSATHSIISALPNIPILQLAIWKSFLTASSCA,length1,282
3,1279913,1279763,150,MPAPPPLSDPAMVKTCFTLLIDAPSLSNGFRGKGSKLVQQTDLELSHLCG,length1,150
3,1280600,1280558,42,MNERILLTDFGEIN,length1,42
3,1280678,1280675,3,M,length1,3
3,1281056,1281050,6,MS,length1,6
3,1281119,1281086,33,MRFMLLEPDVS,length1,33
3,1281326,1281302,24,MLSIKLYL,length1,24
3,1282970,1282868,102,MVCTCLVFSFNASSSSKRKIDKERDSLSRTLPVP,length1,102
3,1283195,1283150,45,MKSMTTNPPKSRKRN,length1,45
3,1283372,1283288,84,MAVNASVTSITIEPPEGKRTSRWNADSI,length1,84
3,1283528,1283435,93,MKSGRTSLICSFAFSKIFGLSIRISPISRRK,length1,93
3,1284161,1284104,57,MSKSKRRCPSTSATRNSSF,length1,57
3,1284431,1284395,36,MLIINVLCQLPH,length1,36
3,1285577,1284611,966,MTKQNEKIINSSVKMLTISEDESGQRIDNYLLAKLKGVPKSLIYRIVRKGEVRVNKGRIKPEYKLQTGDVVRIPPVRVAEKNDAPISKNLNKVAALENQILFEDDCLIILNKPSGIAVHGGSGLNFGVIEALRALRPEARFLELVHRLDRDTSGILLIAKKRSALRNLHEQLRVKTVQKDYLALVRGQWQSHIKVIQAPLLKNELSSGERIVRVSEQGKPSETRFSIEERYINATLVKASPVTGRTHQIRVHTQYAGHPIALDDKYGDKDFDKQMNELGLNRLFLHAFSIRFEHPKNGETLRFNASLDHQMKAILQKLRESK,length1,966
3,1285943,1285670,273,MAKGQSLQDPYLNALRRERIPVSIYLVNGIKLQGQIESFDQFVILLKNTVNQMVYKHAISTVVPARSVSHHNNNHHTTPTEAVENVETQAE,length1,273
3,1286264,1286174,90,MISSKVLFPNSSKEITALCGGARFKLSIVK,length1,90
3,1286492,1286444,48,MRSRNGGTLRVRTFKR,length1,48
3,1286822,1286714,108,MVSLSPTFRPNISLSASSSGNPAQFTAINFLSRRKL,length1,108
3,1287356,1287272,84,MPVLPESAIRSPFLTVCPAFTKDLLKCI,length1,84
3,1287749,1287740,9,MAN,length1,9
3,1288178,1288172,6,MA,length1,6
3,1288652,1288397,255,MGFSSDLSFIVSKMPVKISRIATKNTPTFIYVRFFRLSRANFTCCTGIPKIKKFSAFRLQIIKKIHSYGKSIIQMLKYSTLDRKS,length1,255
3,1288817,1288775,42,MWFSHKKPLCKILI,length1,42
3,1288883,1288859,24,MVVANLRC,length1,24
3,1289018,1288940,78,MFALVMYHKKSIWIIVCLLRLSDFFR,length1,78
3,1289522,1289357,165,MFSQMIQHLCVYGEIRSHKMSAFIPIITIIITPCTAMCAVVIHQQCIVKIRINNV,length1,165
3,1290485,1290470,15,MIKLI,length1,15
3,1290605,1290491,114,MKSNAYKRKVTNSLKKPLLTSMLGKFHVWRVIQIVLIH,length1,114
3,1290701,1290668,33,MIKRLLVAWRV,length1,33
3,1290716,1290704,12,MVVQ,length1,12
3,1291223,1291214,9,MRK,length1,9
3,1291277,1291271,6,MN,length1,6
3,1291316,1291307,9,MNV,length1,9
3,1291340,1291325,15,MVIAN,length1,15
3,1292528,1292486,42,MHPKIRTKHVKFTR,length1,42
3,1293101,1293089,12,MAFT,length1,12
3,1293188,1293110,78,MTAAFNRHPKYTRKFMTNMGIFPFNP,length1,78
3,1293323,1293281,42,MRKILFSFTPCRCA,length1,42
3,1293404,1293389,15,MQFIS,length1,15
3,1293620,1293614,6,MR,length1,6
3,1293716,1293635,81,MLIGLLPTAPPTARTALGLLIRNASSP,length1,81
3,1293770,1293761,9,MAC,length1,9
3,1293860,1293800,60,MSEKHSTSPLKYRSKANRTF,length1,60
3,1293986,1293938,48,MLSPSDKIKSRPTGEG,length1,48
3,1294223,1294127,96,MCLRSVICSCIDCQCTFVTYCVYFFKVNFFAF,length1,96
3,1294367,1294328,39,MTRCRLIVSNTCT,length1,39
3,1294541,1294499,42,MGIFITIMHCKFVS,length1,42
3,1294565,1294547,18,MESRKF,length1,18
3,1294667,1294658,9,MIG,length1,9
3,1294796,1294790,6,MF,length1,6
3,1295936,1295651,285,MTVKCKAEESLTCSCVDVGTIIDGSDCSVEVHQFYSTEADANAALERLMKKARNTESDPCEIKSEIVAVENGVQLNASFTFSCQAEAMIFELANR,length1,285
3,1297142,1296863,279,MPPSYVSNFVVTEHNLIEATAARSLQCHYQFSPRTSIDTPVHVLLPVLECLHFLQPNREYLSLVSYPLRLQINESAPLCHLGYPTHLNNALNF,length1,279
3,1297652,1297616,36,MIIYSTITAFFF,length1,36
3,1298009,1297838,171,MGLSHPVFRIMLPVYFDVPSLGDLRKNLTALLTALSLVDNVVCDMAMDFVLNEQKVR,length1,171
3,1298243,1298180,63,MPYLNVAVDGEVVAIIHLDYD,length1,63
3,1298456,1298405,51,MNHHHDPQLIHPLLVAH,length1,51
3,1298588,1298576,12,MPHL,length1,12
3,1299218,1299062,156,MESNNKSIEVSGSSVLLAKSDKNTQSKLSPSDKRFNTSLSIILSSSNHSPFA,length1,156
3,1299590,1299560,30,MPSIKLLKFG,length1,30
3,1299734,1299695,39,MTNSPISSKIRID,length1,39
3,1300382,1300319,63,MDDKFQYDRPLLIHQSILLDD,length1,63
3,1300832,1300781,51,MQANGLLNAWLVVLTFH,length1,51
3,1300901,1300880,21,MEKKYAF,length1,21
3,1301003,1300997,6,MN,length1,6
3,1301066,1301048,18,MVGITA,length1,18
3,1301168,1301162,6,MF,length1,6
3,1301213,1301195,18,MHLKKC,length1,18
3,1301234,1301216,18,MRQLIV,length1,18
3,1301258,1301252,6,ME,length1,6
3,1301402,1301357,45,MWYCGIAKCGQIYSF,length1,45
3,1302065,1302053,12,MCCD,length1,12
3,1302464,1302368,96,MAFRRQRLHRARWRCNAFPIQRIKTHKKLPHF,length1,96
3,1302653,1302542,111,MDYAQLLLFQSLFIILMKTGYQAVFLGWIFSLLFLVF,length1,111
3,1302815,1302800,15,MISIN,length1,15
3,1302929,1302899,30,MKTLYYIFGH,length1,30
3,1303247,1303232,15,MLLQY,length1,15
3,1303319,1303289,30,MILHIFQVLL,length1,30
3,1303754,1303721,33,MKIIILLRSLF,length1,33
3,1303862,1303796,66,MWEIKKAGKQIFSKINLNVALL,length1,66
3,1303880,1303865,15,MNNIN,length1,15
3,1303955,1303949,6,MT,length1,6
3,1304093,1304069,24,MFLLIIAQ,length1,24
3,1304150,1304132,18,MDLKNI,length1,18
3,1304207,1304180,27,MRVTKLFMI,length1,27
3,1304237,1304225,12,MFIG,length1,12
3,1304312,1304240,72,MLNSIYQKIVLWQKENTCMGIKIT,length1,72
3,1305425,1305410,15,MRSPS,length1,15
3,1305572,1305548,24,MTLKCGGF,length1,24
3,1305653,1305617,36,MGYCYPILTLMF,length1,36
3,1305803,1305779,24,MVAKFITS,length1,24
3,1306232,1306199,33,MFHNINRTSGD,length1,33
3,1306655,1306586,69,MIANKWLCNPFCLEDIGYNISVR,length1,69
3,1307273,1307225,48,MFARCFVEHIQNRFIF,length1,48
3,1308230,1308215,15,MISRH,length1,15
3,1308488,1308383,105,MTGKSAPNAKPCAIPAPTRTPVKLPGPRPKAKAST,length1,105
3,1309109,1308914,195,MRAFNKGSSGAVKGSLSIMTKESASPRTSTPSQKLEVATKTLCVSFINCSSNLPFEVSPCNKIER,length1,195
3,1309355,1309334,21,MPKRWQK,length1,21
3,1309679,1309550,129,MDSTRSKILSKVWERPSANLITSDKKSIFSCNNSKAFFTALCL,length1,129
3,1310471,1310378,93,MVFLPKTKVGARYAKVFPVPVPASTTREDLF,length1,93
3,1311329,1310921,408,MLDNCFSFPVRVYYEDTDAGGVVYHARYLHFFERARTECLRTLNFTQQTLLEEQQLAFVVKTLAIDYCVAAKLDDLLMVETEVSEVKGATILFEQRLMRNTLMLSKATVKVACVDLGKMKPVAFPKEVKAAFHHLK,length1,408
3,1312172,1312163,9,MCF,length1,9
3,1312352,1312268,84,MKIKYPSFLKWQVLENMRFLLAENVKKV,length1,84
3,1312454,1312445,9,MKK,length1,9
3,1312619,1312571,48,MLLLFLSFCTLSCLAY,length1,48
3,1312682,1312679,3,M,length1,3
3,1313021,1313003,18,MQRLNV,length1,18
3,1313216,1313195,21,MQKLRQN,length1,21
3,1313375,1313291,84,MQKLKRKPLLRQKLKLLRKRNVKQIKQA,length1,84
3,1313387,1313378,9,MIS,length1,9
3,1313516,1313390,126,MAEILVAAVHLKGETQIKVELKVAVLHLALAMVVRLGINTQV,length1,126
3,1313663,1313603,60,MAQSWGIKKFQALMIFVQLH,length1,60
3,1313789,1313708,81,MKFMKNINHQLLTLIFDNSLEKFIVKF,length1,81
3,1314254,1314224,30,MVTLWSAYCE,length1,30
3,1315568,1315109,459,MNKFVKSLLVAGSVAALAACSSSNNDAAGNGAAQTFGGYSVADLQQRYNTVYFGFDKYDITGEYVQILDAHAAYLNATPAAKVLVEGNTDERGTPEYNIALGQRRADAVKGYLAGKGVDAGKLGTVSYGEEKPAVLGHDEAAYSKNRRAVLAY,length1,459
3,1315688,1315667,21,MNLFFRF,length1,21
3,1316315,1316291,24,MRGESCSV,length1,24
3,1316414,1316381,33,MSLSLEYSSES,length1,33
3,1316831,1316813,18,MQLQPF,length1,18
3,1316864,1316846,18,MQMAGL,length1,18
3,1317053,1317038,15,MKIFT,length1,15
3,1317101,1317086,15,MVWNV,length1,15
3,1317164,1317152,12,MRLR,length1,12
3,1317191,1317188,3,M,length1,3
3,1317374,1317353,21,MNVLRKK,length1,21
3,1317629,1317395,234,MAHLAIQPLAHINLVGKQKKLLILRVIKSLISLAQILVKLSLLLVRQNLTTSQLKVRRISIKLKVNTLLPVKLNIKQC,length1,234
3,1317698,1317692,6,MV,length1,6
3,1317890,1317770,120,MKLVCYKILKLLANFVVQIKQFSMWMQLKVLVKLKLIWKN,length1,120
3,1317983,1317956,27,MFVVNLAYV,length1,27
3,1318055,1317998,57,MVVVTNVACVQVHYLFIKS,length1,57
3,1318148,1318142,6,MA,length1,6
3,1318172,1318169,3,M,length1,3
3,1318196,1318175,21,MVQWNIV,length1,21
3,1318244,1318226,18,MLRESP,length1,18
3,1318337,1318316,21,MYCAHLA,length1,21
3,1318376,1318340,36,MMNWRTVQFVSH,length1,36
3,1318967,1318964,3,M,length1,3
3,1319675,1319651,24,MARTIRRC,length1,24
3,1319804,1319780,24,MGESISIL,length1,24
3,1319915,1319912,3,M,length1,3
3,1320614,1319930,684,MQTLEQLTSPEHSAWITLSQWIDNARNHCEVIKKDQSSAERELFTMQMPTSSPMGAVIYETGGILIHYGWLRILGSGSFKLPRGLMDWNFSKSFSESGEKPKYLLVADDVIGGYFALNGGSLGNNIGKIYYYSSKDLTWHNLNFTYTEFLAWALNGDVEAFYQGLFWKNWQDDVKQLDGNQVFVFTPDLNQDRKIAIDERQKQEVNIETHYQANFAEKNKFDLAYSVA,length1,684
3,1322492,1320635,1857,MALLQIAEPGQAAAPHQHRLAVGIDLGTTNSLVASVRSGQSVILNDEQERSLVPSVVHYGVEEKKVGLEAFEQASLDPKNTVISVKRLIGRSLPDVQSRYSSLPYEFVASENGLPLIITAQGPKSPIEVSSDILSRLNHIAEQRLGGELSGVVITVPAYFDDAQRQSTKDAARLAGLNVLRLLNEPTAAALAYGLDSGQEGIIAVYDLGGGTFDISILRLSKGIFEVLATGGDTALGGDDFDHLIADWVIEQTKLKPQTANQQRELITLANQAKITLTNEKSAVISWQDFSVEISREQFNELIYPLVKRSLLTCRRALKDANVESEEVQAVVMVGGSTRVPYVREQVGEFFGKTPLTSIDPDKVVALGAAIQADILVGNKTDSDMLLLDVVPLSLGIETMGGLVEKIIPRNTTIPVARAQEFTTFKDGQTAMSVHVLQGERELVDDCRSLGRFTLRGIPPMAAGAAHIRVTYQVDADGLLSVTAMEKSTKVQASIQIKPSYGLTDEEVTAMIKSSFDNAQEDLQARELAEQRVEADRVIESVIVALQADGAELLSTDEFHHIETVLKQLMDVKQGSDRDAIAQGIKALDTATQEFAARRMNASINKALTGKNLSDIENP,length1,1857
3,1322873,1322534,339,MPKVIFLPNEDFCPEGMVVDAATGDNLLEVAHNAGVEIHHACDGSCACTTCHVIVREGFDSLNETSDQEEDMLDKAWGLEMDSRLSCQCVVGNEDLVVEIPKYNLNHANEAAH,length1,339
3,1323044,1322996,48,MTIRINQMNQFLRLFY,length1,48
3,1323083,1323056,27,MNLNNQKFD,length1,27
3,1323263,1323104,159,MRVLFFKGCLISFLPFVVLIGYHFVVLAQSCFSPQLYLLLQLGYRPLKSLCEH,length1,159
3,1323356,1323347,9,MQQ,length1,9
3,1323524,1323359,165,MLILHLEIGLMLGLNLLLLLKNLVFEWLFSLHLTKQIQRMQFCYSLAQIVLYLLF,length1,165
3,1324340,1324319,21,MRTAFII,length1,21
3,1324472,1324463,9,MVF,length1,9
3,1324562,1324547,15,MLIDT,length1,15
3,1324712,1324649,63,MELTVTPFLWTFVTEHWPDIP,length1,63
3,1325528,1325525,3,M,length1,3
3,1325663,1325645,18,MTQCGF,length1,18
3,1325984,1325873,111,MNICYERDIHLLFNLFKCFRSIHCWNRYTNNICTNTF,length1,111
3,1326599,1326434,165,MSETDFSSFLGCETLFSCAISGNRLFVISTGCETGAAVSGADLLVSSVVTRAVVG,length1,165
3,1327283,1327190,93,MFADKYPFFSRNKHKARYFQMYLLDDNNSAN,length1,93
3,1328009,1327928,81,MFFGSGRYAYSSFLHKVPLGTDSTELN,length1,81
3,1328303,1328228,75,MKLPVPHRSFCSNYLVLAQPQKLIK,length1,75
3,1328696,1328537,159,MYKLRHSQLGKIHKASRDLLREYTQFQLAARPLALPILSCHRLNAVQRQLLGL,length1,159
3,1328831,1328810,21,MVFRRVL,length1,21
3,1329134,1329008,126,MNGDCTDLSPHNLAELKNDGKSYRTFLRSRSQIFSITAEKVR,length1,126
3,1329869,1329842,27,MQKCNYWRN,length1,27
3,1330103,1330046,57,MFINIKMRDNSLFYLAFFS,length1,57
3,1330505,1330472,33,MQNSKLLPPSP,length1,33
3,1330613,1330526,87,MWQAMRQQWNLLPNQVLKFTNMNQRQKTL,length1,87
3,1330712,1330688,24,MLKINLLW,length1,24
3,1330805,1330745,60,MKARIKMRLIHTLGCRHLML,length1,60
3,1330835,1330829,6,MR,length1,6
3,1330934,1330856,78,MQLCMKKMPLTMLKKLNNLMNRFVQN,length1,78
3,1331078,1331039,39,MLNNKAHHNKCVK,length1,39
3,1333112,1333103,9,MPY,length1,9
3,1333250,1333190,60,MQFLTLYYLVLYLLIWQEFL,length1,60
3,1333445,1333433,12,MCWV,length1,12
3,1333598,1333589,9,MVY,length1,9
3,1333838,1333787,51,MPQQVLVSFFCKPHFLL,length1,51
3,1334195,1334192,3,M,length1,3
3,1334285,1334267,18,MPQSSK,length1,18
3,1334363,1334300,63,MQAALSWVVKISCSLIPHSRQ,length1,63
3,1334711,1334603,108,MSCSIIFFPYSISTAYSFNAKAFGIKPFCCINSAIC,length1,108
3,1335461,1335449,12,MMAA,length1,12
3,1335596,1335560,36,MIIFIFSPLMKS,length1,36
3,1335716,1335632,84,MLKYKQSEIDTKISKAANIKSTCIRALA,length1,84
3,1335926,1335869,57,MLKVFAKSSHACGVLRSPS,length1,57
3,1336082,1336049,33,MTKIGNKTAEI,length1,33
3,1336241,1336238,3,M,length1,3
3,1336577,1336436,141,MLFDEIQANATQKYADLAVMPLADRGSRAALIYLLAVQRLNLEVDGD,length1,141
3,1337081,1337063,18,MIKGNA,length1,18
3,1337138,1337120,18,MDFLAY,length1,18
3,1337291,1337270,21,MEQEKHF,length1,21
3,1338470,1337450,1020,MSINQSINQSINQSINQSINQSINQSINQSINQSINQSINQSINQSKSVIIAGNGTSLKSIDYSLLPKDYDVFRCNQFYFEDHYFLGKKIKKVFFNCSVIFEQYYTFMQLIKNNEYKYEYTDIILASFLNLGDSTLKKIQHLEKLLPQIDLGHCYLKKLRAFNAHLQYHELYENKRITSGVYMCAVATAMGYKDLYLTGIDFYQEKGNPYAFHHQKENIIKLLPSFSQNKSQSDIHSMEYDLNALYFLQKHYGVNIYCISPESPLCNYFPLSPLNNPIAFIPEEKKNYTQDILIPPKFVYKKIGIYSKPRIYQNLIFRLFWDILRLPNDIKHALKSRKWD,length1,1020
3,1339754,1339700,54,MLNIRGMIKNPLIFTKIL,length1,54
3,1340414,1340333,81,MDRTLYVSRHLHDTIFSQRAENQRATI,length1,81
3,1340861,1340780,81,METRCCDCSRIYRRWTWYRSFCGFYGT,length1,81
3,1341200,1341152,48,MEIFYENYSFRCTGCR,length1,48
3,1342871,1342829,42,MWNHWRLVYIVQCG,length1,42
3,1343201,1343114,87,MQSLESTSRLSSFFPCKGERNTWASGQTL,length1,87
3,1343612,1343519,93,MPNLRRSHAAQSVTTFSGHTQPQNTLLPSTA,length1,93
3,1343918,1343786,132,MARMLSWLNRRQNKKRFAYHQPHFSRASFPANFGAFAIICHSLK,length1,132
3,1344221,1344218,3,M,length1,3
3,1344335,1344239,96,MDKPDNKHRNVILDNLSKFRDLTVLTAPYAIH,length1,96
3,1344368,1344359,9,MHH,length1,9
3,1344665,1344560,105,MEGVMAHLRAQDFDFAAIPTKSQRQLNHPQYGLLL,length1,105
3,1344827,1344785,42,MVFTQPFPLLPHIF,length1,42
3,1344989,1344980,9,MKS,length1,9
3,1345196,1345031,165,MGASILNYLEMRDAILVHGVSLSPYANVQEHDLLITINRIHYLVTQLVVHKAPQE,length1,165
3,1345493,1345343,150,MELNRDRDRDQIQRILQINLCERSNQNILIHRLIGLQQVRSMGIYLLDHF,length1,150
3,1346102,1346015,87,MNLLHAPYHKQKADQLMKMAHNLGLKFFQ,length1,87
3,1346405,1346357,48,MDALDANHSQYSFLRV,length1,48
3,1346774,1346723,51,MQPLQMPYSDGHSGLRC,length1,51
3,1347104,1347083,21,MPQHVHL,length1,21
3,1347485,1347404,81,MLIVRLHYHHKFPKLFIKSWNFSMLNC,length1,81
3,1347836,1347770,66,MLNKLRQCRFYVTKVTGHADKK,length1,66
3,1348172,1348160,12,MCLR,length1,12
3,1348196,1348175,21,MNENNPK,length1,21
3,1349198,1349189,9,MPR,length1,9
3,1349777,1349639,138,MMFHYKSVCVFLCLLAPKNVSPLWLIFRQNRTCQRINSRLFFNHWI,length1,138
3,1349876,1349852,24,MCYFKPCL,length1,24
3,1349969,1349909,60,MTALFGGLRMRGKMSLNKAN,length1,60
3,1350170,1350155,15,MLKIV,length1,15
3,1350251,1350230,21,MYGCSMA,length1,21
3,1350416,1350398,18,MYCILI,length1,18
3,1350476,1350437,39,MYGIAPALDKVPL,length1,39
3,1350620,1350548,72,MRLTNSKTVGVTMRETWRLCWLKN,length1,72
3,1350701,1350674,27,MYKTANTNI,length1,27
3,1351028,1350887,141,MNVVGSHNALIVKNLIPIISIKMYCVVIIVAHKKLFLANVAIAVLPI,length1,141
3,1351244,1351226,18,MLLSLP,length1,18
3,1351253,1351250,3,M,length1,3
3,1351535,1351412,123,MATKLLQKKPYNYAIQWDCRLLLFRRYSKHRLDILILQKIA,length1,123
3,1351778,1351772,6,MR,length1,6
3,1352003,1351886,117,MPSSKEQTVAFPLFQAAIPKTIMKGTPLRLKALIVAPSF,length1,117
3,1352798,1352756,42,MAPRFLPPILRQLR,length1,42
3,1353116,1353068,48,MTFLATKSAYFRDCHT,length1,48
3,1353806,1353740,66,MRDQKQTPDQFLKVRSYFSLFL,length1,66
3,1353845,1353839,6,MR,length1,6
3,1354262,1353983,279,MRSTTASTALFKSSNAITSKTEEIINIISIFVSPKKKVRGIKMQAKKHSWRKAISFLNALFKPCNEYFVELIKWVSPVVLYINFPIFINASLR,length1,279
3,1355207,1355123,84,MAQYAPQLLPRYSDDQFHYEWRKQNLMV,length1,84
3,1356257,1356239,18,MFPHPY,length1,18
3,1356647,1356584,63,MPRMREHIYHRTFFNLVAKIT,length1,63
3,1357082,1357079,3,M,length1,3
3,1357310,1357277,33,MPKLFRCGKFF,length1,33
3,1357637,1357586,51,MLSLATTTTHKMSTFRF,length1,51
3,1357781,1357679,102,MPILAFIFQNTTFHFFVRKRIFNKPSFTINFRHA,length1,102
3,1358984,1358969,15,MFFST,length1,15
3,1360376,1360352,24,MLVLIYIN,length1,24
3,1360490,1360418,72,MCILSDLILRIKSYLARPQFLVQV,length1,72
3,1361579,1361570,9,MNL,length1,9
3,1361705,1361687,18,MLWILT,length1,18
3,1361789,1361726,63,MHSGTLCTQKHLNSTLQMQKP,length1,63
3,1361813,1361795,18,MQKNGY,length1,18
3,1361888,1361846,42,MAHQLLLRHQTLLN,length1,42
3,1362839,1362812,27,MSLFYLAFD,length1,27
3,1364021,1364009,12,MHWK,length1,12
3,1364663,1364612,51,MFIFYLQIRIAFKLLEK,length1,51
3,1365248,1365245,3,M,length1,3
3,1365617,1365536,81,MTVDPPFTGPASRVTLPPLARTASQVA,length1,81
3,1365905,1365899,6,MS,length1,6
3,1366328,1366307,21,MILVSNI,length1,21
3,1366910,1366865,45,MINFSIFKTEFFRKY,length1,45
3,1367192,1367072,120,MICRNMLATTFNHRLRIIDTNNFYVGLMNISTCRKCGSSS,length1,120
3,1367447,1367441,6,MI,length1,6
3,1367540,1367528,12,MRYI,length1,12
3,1367777,1367759,18,MTGFAY,length1,18
3,1367870,1367804,66,MQHGQWTTVWNCVYHTVLHPLQ,length1,66
3,1369940,1368176,1764,MMRTHYCGALNRNNIGQDVTLSGWVHRRRDLGGLIFIDMRDRDGIVQVCFDPKYQDALTAAAGLRNEFCIQIKGEVIARPENQINKNMATGEVEVLAKELRIYNASDVLPLDFNQNNTEEQRLKYRYLDLRRPEMAQRLKTRAKITSFVRRFMDDNGFLDIETPMLTKATPEGARDYLVPSRVHKGKFYALPQSPQLFKQLLMMSGFDRYYQIVKCFRDEDLRADRQPEFTQIDVETSFLTAPEVREIMERMVHDLWLDTIGVDLGKFPVMTWQEAMRRFGSDKPDLRNPLEMVDVADIVKDVEFKVFNEPANNPNGRVAVIRVPNGAEITRKQIDEYTQFVGIYGAKGLAWAKVNDINAGLEGVQSPIAKFLNEEVWKALAERVNAQTGDILFFGADKWQTTTDAMGALRLKLGCDLGLTRLDEWQPLWVIDFPMFERDEEGNLAAMHHPFTSPKDFSPEQLEADPTSAVANAYDMVINGYEVGGGSVRIFDPKMQQTVFRILGIDEEQQREKFGFLLDALKFGTPPHAGLAFGLDRLTMLLTGTENIRDVIAFPKTTAAACLMTEAPSFVNPQALEELAISVVKAE,length1,1764
3,1370435,1369991,444,MMQYKNNQSVLVVIYAKNTNRVLMLQRQDDPDFWQSVTGTIESGETPKKTAIRELWEEVRLEISENSTALFDCNESIEFEIFPHFRYKYAPNITHCKEHLFLCEAEKEFIPVLSEHLAYQWVSPEQAIQMTKSSNNAEAIRKYILKDK,length1,444
3,1370531,1370501,30,MHNAVKFLLN,length1,30
3,1370576,1370573,3,M,length1,3
3,1370753,1370681,72,MIPIWKPKSMKVMAQAVQRLWWNV,length1,72
3,1370864,1370762,102,MQTVRSHKYAQVLLNVVVTWEQKVLWVIYLAKKV,length1,102
3,1370897,1370885,12,MKMP,length1,12
3,1370984,1370927,57,MIFNHKMMVHLKSILLGKI,length1,57
3,1371041,1370999,42,MALKQLVLKYKKLK,length1,42
3,1371206,1371128,78,MTYKTYITTEKSVTKWHLNFNNAING,length1,78
3,1371806,1371236,570,MSIILGIDPGSRVTGYGVIRQTGRHLEYLGSGAIRTQVEDLPTRLKRIYAGVTEIITQFQPNMFAIEQVFMAKNADSALKLGQARGTAIVAAVNNDLPVFEYAARLVKQTVVGIGSADKVQVQEMVTRILKLSDKPQADAADALAIAITHAHSIQHSLHIANSVKMTETQEKMTALLKTRYSRGRFRLKI,length1,570
3,1371845,1371839,6,MR,length1,6
3,1371941,1371929,12,MCKA,length1,12
3,1371965,1371947,18,MNCFCR,length1,18
3,1372094,1371977,117,MIYQKLDKKLLYSPILLFGKMLTYSLDLPRKQTALYFVN,length1,117
3,1372124,1372106,18,MGLGLN,length1,18
3,1372373,1372355,18,MKQFQP,length1,18
3,1373498,1372493,1005,MIEADRIISGQAKVDEDVIDRAIRPKLLADYVGQPQVREQMDIFIKAAKLRQDALDHLLIFGPPGLGKTTLANIVANEMGVNIRTTSGPVLEKAGDLAAMLTNLEPHDVLFIDEIHRLSPAIEEVLYPAMEDYQLDIMIGEGPAARSIKLDLPPFTLVGATTRAGSLTSPLRDRFGIVQRLEFYSVEDLTSIVARSADCLNLELEQQAAFEVARRSRGTPRIANRLLRRVRDYADVRNGGIISINVAKQALSMLDVDDAGFDYLDRKLLSAVIERFDGGPVGLDNLAAAIGEERDTIEDVLEPYLIQQGFLQRTPRGRIATSQTYRHFGLQKLSD,length1,1005
3,1373894,1373873,21,MSKFFAR,length1,21
3,1373957,1373903,54,MLELSNFLFKICDACQIN,length1,54
3,1375004,1374989,15,MLQLQ,length1,15
3,1375067,1375022,45,MSSLATLDKSCQQSQ,length1,45
3,1375508,1375481,27,MSSDFSVKQ,length1,27
3,1375802,1375745,57,MPTNPQSAFLLNSQKHTNR,length1,57
3,1375892,1375865,27,MLTPIGVRK,length1,27
3,1375970,1375922,48,MKKIIRPQIGKYKHCR,length1,48
3,1376108,1376015,93,MRERKAKIRHKRSSNLESSVRANKKDELASE,length1,93
3,1376195,1376174,21,MLCVKYC,length1,21
3,1377050,1377044,6,MF,length1,6
3,1377221,1377215,6,MS,length1,6
3,1377260,1377227,33,MFLPSSCCDLI,length1,33
3,1377317,1377311,6,MG,length1,6
3,1377431,1377416,15,MLFLY,length1,15
3,1377788,1377752,36,MSLYLCVRSTYL,length1,36
3,1378100,1378091,9,MFR,length1,9
3,1378319,1378283,36,MGKATNYQERVV,length1,36
3,1378439,1378421,18,MGEIKK,length1,18
3,1378538,1378493,45,MARNSNLFINIRRQC,length1,45
3,1379075,1378946,129,MSSFLNSKLINSSVSVSECGLKFGNFFIILSSLYLINVYRYLM,length1,129
3,1379120,1379105,15,MHLVD,length1,15
3,1379294,1379252,42,MNLSFCRLVEHCRV,length1,42
3,1379336,1379303,33,MLCLKVCIHHE,length1,33
3,1379375,1379357,18,MFLKAQ,length1,18
3,1379474,1379393,81,MENVSLQNKYNHHISLVLSHLVQVGIQ,length1,81
3,1379534,1379492,42,MQYWSLKQALRKQF,length1,42
3,1379657,1379654,3,M,length1,3
3,1379795,1379705,90,MPACNAKLGDKKIVLKILIPIVIPDNVGWE,length1,90
3,1379921,1379834,87,MYKPITGIKIEIAAKINATIERAFMLVSY,length1,87
3,1379975,1379957,18,MCETRL,length1,18
3,1380041,1379996,45,MCSNKQGILLTSISV,length1,45
3,1380686,1380581,105,MVFVVQDRLSDCRRYELDFCFDEKGTLQEFPDSFR,length1,105
3,1380698,1380689,9,MSR,length1,9
3,1380764,1380734,30,MLIDLYNQRV,length1,30
3,1380827,1380794,33,MVFQDNVGFEK,length1,33
3,1380899,1380890,9,MEW,length1,9
3,1381217,1381211,6,MQ,length1,6
3,1381262,1381256,6,MV,length1,6
3,1381358,1381319,39,MEMHIFLAFSIGF,length1,39
3,1381490,1381421,69,MYCFVVVIAIIHAVLCILADQSY,length1,69
3,1381700,1381667,33,MYMVCLMLLLS,length1,33
3,1381868,1381847,21,MMIYYEL,length1,21
3,1381889,1381871,18,MVFCNK,length1,18
3,1381940,1381919,21,MVKYYEL,length1,21
3,1382855,1382279,576,MNLLPRAFSKNQHTALWIDMENNLIHIDAASSKRAEDALALLRKSLGSLPVVPLAFANEPSTILTNWILQDNLPHWLLALEEAELRGSQEDSVIRCKKQPLENEEILALLQDGKKVVSKLALEWEDTLTFVFNEDCTIKRLKFADTVREKNDDILKEDFAQRFDADFVLMTGILAKLTENLLDEFGGEKARL,length1,576
3,1382987,1382981,6,ML,length1,6
3,1383347,1383332,15,MPHLR,length1,15
3,1383377,1383365,12,MNTK,length1,12
3,1383638,1383608,30,MLKSIKRILM,length1,30
3,1383731,1383659,72,MHRPTRNHHFITKSAVIFHHKIEF,length1,72
3,1383842,1383800,42,MLTHKHHRAIKIIV,length1,42
3,1383875,1383845,30,MWHCDQKFSL,length1,30
3,1384472,1384334,138,MVNSIRSPREITCPKWIFKWDSLSASSRPKISTFTDFLFDSIIFAG,length1,138
3,1384658,1384613,45,MRIMFIYMNEKVRSF,length1,45
3,1384988,1384943,45,MLPRSNRISKPRIIR,length1,45
3,1385276,1385207,69,MMFIITIWRIWLIRKIWVSCSHN,length1,69
3,1386047,1385981,66,MNADIKPTYSKAEKSHRPQESG,length1,66
3,1386836,1386704,132,MKINQRFPHLHVKILINLLRAKCLRYYRGHRHRQSQENENERIQ,length1,132
3,1387373,1387313,60,MTKSIYIVDNIVNNGFLIVN,length1,60
3,1387628,1387523,105,MVLFTKDLFTISLSYSIFLWIKLWLRKSVMLYNSN,length1,105
3,1387901,1387832,69,MSNNSIFRNLRVTFHYYIGKFLQ,length1,69
3,1388078,1388072,6,MC,length1,6
3,1388129,1388114,15,MDLRI,length1,15
3,1388210,1388195,15,MDYQK,length1,15
3,1388297,1388243,54,MRRWNLPTIGQYTLFNIF,length1,54
3,1388870,1388423,447,MKLTTQQTLKKGFTLIELMIVIAIIAILATIAIPSYQNYTKKAAVSELLQASAPYKADVELCVYSTNETTNCTGGKNGIAADITTAKGYVASVKTQSGGITVKGNGTLANMEYILQATGNAATGVTWTTTCKGTDASLFPANFCGSVTQ,length1,447
3,1388903,1388879,24,MLYFILSV,length1,24
3,1389029,1388915,114,MARSLRSRQIYGNAIGSNNPCFCGILLCHLKKKIIVFG,length1,114
3,1389296,1389221,75,MMNLLSAYLIRFLNLPYKKMPLIFI,length1,75
3,1389362,1389338,24,MVFYNHNP,length1,24
3,1389563,1389449,114,MGDFNLKRLFPIFLIFAFQPYQPIGAKKSCCERNKINQ,length1,114
3,1389806,1389767,39,MVLFKAKLIRRLD,length1,39
3,1390079,1389878,201,MKKVQGLHYVPLKRDIWCFQLYIPMMQYLPFLAYNNSVFNNMKLKTVYYSSLHSVLYEKSVQSAVEI,length1,201
3,1390217,1390154,63,MAIKRILRIYERVVWKKLAKA,length1,63
3,1390247,1390223,24,MRKKLNVC,length1,24
3,1390547,1390541,6,MA,length1,6
3,1391231,1391204,27,MGFSRLCVF,length1,27
3,1392167,1391477,690,MIYFTMFLLGGILGIALWFYLSGFITHLQQEIYATYVELFPQNSSPFQPHFASIQQKKCGHILRYFFSIGVGFIFLQIAFKDSIFTVWIGLTLIILWTISYLDWHYQLISTTPCLWLLTLGLFGTDNNFSLLTLSESIKSAAIFFIVFYAIYWIAKCYYRKEAFGRGDYWLAMALGSFIHLETLPHFLLLASVLGICFSLIHRKKKEFLPFAPFMNLSAVIIYFVKYYGY,length1,690
3,1392662,1392410,252,MAGNTRLSAILRERCNSILPVPLNSSKITSSIFEPVSTSAVAIIVKLPPSSTLRAAPKKRFGRCNALASTPPDKILPEAGVTVL,length1,252
3,1392761,1392698,63,MTTSFLCSTERFAFSITISAT,length1,63
3,1392887,1392800,87,MTSPFTERCISVTSSGRSSISNTISSTSG,length1,87
3,1393505,1393487,18,MNKCWN,length1,18
3,1393556,1393526,30,MVGLHPLNGA,length1,30
3,1394048,1393733,315,MANWDGKYISPYAEHGKKSEQVKKITVSIPIKVLEILTNERTRRQLKSLRHATNSELLCEAFLHAFTGQPLPTDADLMKERNDEIPEDAKVLMRELGVDPESWEY,length1,315
3,1394231,1394180,51,MSQYVEQLALSLLGSYA,length1,51
3,1394636,1394609,27,MVYNLLMCN,length1,27
3,1394690,1394663,27,MKIESILHS,length1,27
3,1394795,1394708,87,MLDLTPQSKKISIQIGGMTCQSCANRIHQ,length1,87
3,1395023,1394819,204,MKTITLNIKGIHCGCCVKSLTQVLTELDGVQSADVQLEGKSNITFDENRVNIAQLIEVIEDAGFDATE,length1,204
3,1395512,1395485,27,MAYNLLMCN,length1,27
3,1395566,1395539,27,MKIESMLHS,length1,27
3,1397750,1395584,2166,MLDLTPQSKKISIQIGGMTCQSCANRIEKVLNKKPFVQQAGVNFAVEEAQVVFDATQASETQIIEIIHKTGFSAHIKQANELPIEENTSIPWRLIILWIINIPFLIGMLGMIGGSHHLMLPPIWQFALASIVQLWLAIPFYCGAIGSIRGGLANMDVLVSTGTLTIYLYSAFMLFYHADHAMGHVYFEASVMVIGFVSLGKFLEDRTKKHSLNSLSMLLQLTPKKVTVLRNEKWTEIALDQVNIGEIIRANQGERIAADGIIESGNGWCDESHLTGESRPEEKQKGGKVLAGAMVTEGSIIYQANQLGSQTLLGDMMNALSDAQGSKAPIARFADKVASVFVPVVLVISLVTFALTYILTNDSVSSLIHAVSVLVIACPCALGLATPAAIMVGLGKAVNAGVWFKDAAAMEETAHVDTVVLDKTGTLTKGELEISALWQPQSAVYSEDDLYRFAAAVERQANHPIAKAIVQAAEQKMLEIPTALFSKMEVGQGIQAELEQVGTIKVGKPDYCGLILPKNLEDIWQIASIVAVSINDEPIGAFALTDTLKNDSLHAIQRLQQQNIDVVIMSGDQQSVVDYIAKQLGIKKAFGGLSPRDKAEQIQKLKAQGHIVAMVGDGINDAPALASANVSFAMKSGSDIAEQTASATLMQHSVNQLVDALFIARATLKNIKQNLFFALIYNILGIPLAAFGFLSPIIAGAAMALSSISVLMNALRLKKVRF,length1,2166
3,1399211,1397975,1236,MKSTEKLKWNKFDATWMLNLFGTAVGAGVLFLPINAGMGGFWPLVLMAIIVGPMTYFAHRGLAYFVLSSKNPGSDITEVVEEHFGKTAGKLITLLYFFAIFPILLIYGNGITNTVDSFIVNQLGMASPNRVILSFVLIAVLISVMLFNEKVMLKITEWLVYPLVLILFVLSIYLIPEWNSAVLYEFPTTGGFLTTLWLTIPVLVFSFNHSPATSSFTCSQFREYKTFEGAERHISHTEKGASTILLFFVMFFVFSCVLTLTPEELVAAKEQNISILSFLANKFDNPYISYFGPLVAFLAITSSFFGHYMGAREGLEGLYLKMKGESVNRKKLNYATALFFLLTLWGVAIINPSILGLIESLGGPIIAMILFIMPMYAIRKIPAMKRYSGRFSNVFVTIMGLIAISAVVYGLL,length1,1236
3,1400357,1400345,12,MHRS,length1,12
3,1400987,1400972,15,MAVKK,length1,15
3,1401086,1401080,6,MK,length1,6
3,1401194,1401116,78,MRWKGIPLQYIYVKPLIMQKHRRLFQ,length1,78
3,1401281,1401263,18,MLSPYQ,length1,18
3,1401638,1401629,9,MLG,length1,9
3,1402127,1402079,48,MLSKHSLLTVIRQKSC,length1,48
3,1402226,1402196,30,MPIKSFTVHK,length1,30
3,1402484,1402460,24,MLHWYVGT,length1,24
3,1402550,1402535,15,MFWAV,length1,15
3,1402670,1402649,21,MMHCAIV,length1,21
3,1402967,1402877,90,MNSFTARKCYRCSPKRIIRHRHEDFIAIIK,length1,90
3,1403282,1403246,36,MHWPTNVITYVF,length1,36
3,1404737,1403468,1269,MSYLAQAIGELKSKIHAYLQQSRNELVRFQVKLDKVDLLAWLKSQSAYPQFYLHFRDEEKALAALGEVQSFSQLNLAQEFIEESGFPLVGGLQFQGTAQFVLPKILVEQDEKGVLVSFFVKDEQSANDTLAHLKTFENITALSALPKQIPLHTEPRANERTWCDWVNQALVEIKSGELTKIVLANETTFHLKQAINAYDFLAESEKQNQGCYHFLWAENPHSVFVGSTPERLFAREYNLLLTEALAGTASVSESEEETQSQANWLLNDEKNLKENWLVVEDISQNLRKQVESFDVSNVELKPLRKVQHLIRKIRANLTAHYADVNILKAIHPTAAVSGLPQQQAKMILSEIETFDRGWYAGTLGVMSDACSEFCVAIRSAFIEGHRIRVFAGAGIVAGSQPLEEWKEIERKAAGLISLFAEEK,length1,1269
3,1404935,1404890,45,MRVQSLVIRILMNAV,length1,45
3,1405205,1405160,45,MLIYLNRKLIILRSG,length1,45
3,1405313,1405268,45,MCHLPSHFMMQLMRL,length1,45
3,1405379,1405376,3,M,length1,3
3,1405523,1405409,114,MKIGIIGVPNVVLLWLVNYLQNKRWALTLGQVLWAGCY,length1,114
3,1405622,1405562,60,MKIFGWQTKLFVKNFCKLIL,length1,60
3,1405823,1405754,69,MLKHIIGCVRILLYAKSLGCLSH,length1,69
3,1405976,1405970,6,MR,length1,6
3,1406060,1406033,27,MVCWLLLLE,length1,27
3,1406123,1406117,6,MI,length1,6
3,1406372,1406186,186,MVARFLICYLWMNKSKISSIDYRIMAIFLKLRQCSILNTLILILGRISIPLLNRLIVAARQR,length1,186
3,1406423,1406399,24,MVAVCINA,length1,24
3,1406615,1406564,51,MTGKKSLKIYRTLIVLR,length1,51
3,1406744,1406714,30,MNPIFLLGIL,length1,30
3,1406816,1406768,48,MRCKLRWKDLICKALF,length1,48
3,1406960,1406927,33,MIGINSLCFLI,length1,33
3,1408634,1407320,1314,MSTQLRNNPMKVALASMVGTAIEFFDYYIYAAAAVLVFNTQFFQSDDPLSNDLLSLSTLALAFFARPIGSALFGHFGDKIGRKKTLVASLVLMGGSTVVIGLLPNYAQIGIWAPILLCVCRVGQGIGLGGEWGGAALVATENAPEGKRAWYGTFPQLGAPIGLFVANGTFFLVSYLLGHNALVEWAWRIPFVSSILLVAVGLYVRLTLHESHVFVEAEQKGKKLNAPVSVVFTKHLKPMIIGTFIMVATYSLFYIMTAFAQAYSRTAPKLSEAGYALGLGIPANTFTGLLLISAIVFGIFISISGVYADKIGRRKWLIWVTIAIGVLGLAMPLFLENGTPVSVFAFLVIGMAIMGMTFGPMAALLPELFPTEVRYSGASLAYNLASIIGATIAAMISLKINASFGVMGVGIYLAINVLMTLLALLASKETKNVDLTEI,length1,1314
3,1410512,1409852,660,MNAKILVIKVGQVETLTFSDGSQYESAIRKKTVPSVKIHSLGAEGNDVGLKKHHGGVDKALFFMSADSFNELNALLNKDFSYMDTATYGENFVVSGLNEDNVCIGDRYQIGSTILEVSQPRKPCERLSKNTENEETRDIIYKTGLSGWYVRIIETGTIKQKDELKLLARPYPQVTIRHLNRLLSAPENEAELEAALDIEVLAEAFKRSIRSQISKFKQQG,length1,660
3,1410665,1410659,6,MC,length1,6
3,1411850,1411805,45,MLDLRKLSGNRQCLV,length1,45
3,1411874,1411856,18,MAIIIE,length1,18
3,1412147,1412033,114,MTTITSYNKLCHIIRLCIIPFLRWDNIIKCHLVITEIT,length1,114
3,1412174,1412171,3,M,length1,3
3,1412366,1412315,51,MFTHSQYINKHWLIYIF,length1,51
3,1412480,1412375,105,MLFFQNHSGVLHHFFTTNIPKIFTDRCRITKVLRL,length1,105
3,1412579,1412501,78,MIISRFRIVITFCKRRQGNTKISLSF,length1,78
3,1412828,1412714,114,MYTQRRSKYCIMLGFKHGKWWNRLLTKSKLMRVQRGFH,length1,114
3,1413077,1413044,33,MPHQAKANDKQ,length1,33
3,1413197,1413191,6,MN,length1,6
3,1413275,1413266,9,MNF,length1,9
3,1413287,1413281,6,MK,length1,6
3,1413452,1413413,39,MGVYNKNHCRNRE,length1,39
3,1413545,1413518,27,MTMPAHFIT,length1,27
3,1414115,1414061,54,MLWVGIIGRMHFQSIPFY,length1,54
3,1414253,1414238,15,MLLLI,length1,15
3,1414265,1414262,3,M,length1,3
3,1414313,1414310,3,M,length1,3
3,1414517,1414472,45,MALITKLNALIVITK,length1,45
3,1414529,1414523,6,MK,length1,6
3,1414709,1414625,84,MTVTAYTITTIHLMNPMLYVLKIQLKAR,length1,84
3,1414814,1414718,96,MMPYVAVLKSATVSLMILLFAAQTVLQLITSV,length1,96
3,1414901,1414823,78,MTGTWVSHMLYVAKIISTTRLVKLTF,length1,78
3,1414946,1414931,15,MHTFL,length1,15
3,1414994,1414952,42,MAMMVKNSLNDMAQ,length1,42
3,1415039,1415015,24,MMVTYPKL,length1,24
3,1415105,1415072,33,MATKKFLVAKK,length1,33
3,1415279,1415213,66,MWLNILNGITKIKALIQAMVLH,length1,66
3,1415432,1415375,57,MKPQRKNISKAMLLKRLQK,length1,57
3,1415594,1415585,9,MLP,length1,9
3,1415675,1415654,21,MHKTLNI,length1,21
3,1416122,1416038,84,MLKVLCLLNLGTPKCFVLQQWKMLCHVS,length1,84
3,1416248,1416158,90,MECCHVQHIVVCNVRRLKVNKVDAQWKFNA,length1,90
3,1416401,1416320,81,MLFKRMAAHELHPLLVLQSHYVMRSMV,length1,81
3,1416419,1416410,9,MAR,length1,9
3,1416530,1416473,57,MVKLFVIWNMWKILQRKPI,length1,57
3,1416539,1416533,6,ML,length1,6
3,1416560,1416551,9,MVE,length1,9
3,1416614,1416602,12,MKNY,length1,12
3,1417256,1417235,21,MPSAINH,length1,21
3,1418630,1418318,312,MQGVLDPFVRQLLTEVNDYDLCITEFVRVVDQFLPEKVFYRLCPELKNQGFTSSGTPVRVQLLGQHPECLGMRFKKSCKNMLMSKMNMTAVFTMWHELNSGYVI,length1,312
3,1418699,1418642,57,MTRRTKCLIRLRPAKLLKI,length1,57
3,1418756,1418714,42,MRNKKPANQQVFFF,length1,42
3,1419482,1419452,30,MSFFAASKSS,length1,30
3,1419665,1419644,21,MYLVIAQ,length1,21
3,1419941,1419896,45,MLVFYEPQPLLFENL,length1,45
3,1420793,1420778,15,MYVAR,length1,15
3,1421174,1421078,96,MVIDNSHSFALLFVSVMNQSLVLVQAVNSLLV,length1,96
3,1421372,1421330,42,MIRLEPKNRATLAQ,length1,42
3,1421585,1421582,3,M,length1,3
3,1422344,1422233,111,MNEGLYDNGVSSFPRFLVVLAFHKVSDNFAYAKNLKY,length1,111
3,1422596,1422584,12,MTIN,length1,12
3,1422839,1422833,6,MP,length1,6
3,1423556,1423541,15,MFKII,length1,15
3,1423601,1423589,12,MQFN,length1,12
3,1424309,1424273,36,MRFHKNRTFFPY,length1,36
3,1424390,1424387,3,M,length1,3
3,1424585,1424519,66,MHKSIFQINITVRNINFCAFNS,length1,66
3,1425131,1425089,42,MNIRIIDLNMTFVS,length1,42
3,1425182,1425170,12,MNTS,length1,12
3,1425458,1425359,99,MLIVIVCFTIVTPKVTIDINTFAFKIDFRRGNF,length1,99
3,1426496,1426490,6,MA,length1,6
3,1428530,1428479,51,MFDKASPLSLSLPLVLP,length1,51
3,1428611,1428605,6,MF,length1,6
3,1429220,1429217,3,M,length1,3
3,1429739,1429715,24,MRKLSALL,length1,24
3,1430081,1430033,48,MTCTTRLSLNPRILGF,length1,48
3,1430198,1430087,111,MLLEPPLISTLGMSSNAAATLVACLERRLSLDCFSGV,length1,111
3,1431518,1431410,108,MHEMLFAYLIAHQTVYFLIVSRIIKRLSIPLFYRKE,length1,108
3,1431689,1431599,90,MPECAEPPLRRGKHRLQQTIGEYKEILELR,length1,90
3,1431746,1431695,51,MALTFLYHLICAYFKVE,length1,51
3,1432133,1432076,57,MKRVYLCLNPLPHVFKKAS,length1,57
3,1432292,1432265,27,MIYRFVILT,length1,27
3,1432346,1432295,51,MHTIFCFNKLNKSKNVG,length1,51
3,1433624,1433606,18,MSRYFY,length1,18
3,1433759,1433714,45,MERRKYFPKINKLDE,length1,45
3,1434008,1433957,51,MQSLKLSYRKFTFKRNG,length1,51
3,1434497,1434314,183,MSEWLKEHAWKACMWETASRVQIPFSPPLIPSNNIYLVKKYKYNLYLSLVFISIKTNLRKN,length1,183
3,1434923,1434851,72,MSICLLVILSVIAFTSLLRDLNSS,length1,72
3,1435016,1435004,12,MSHF,length1,12
3,1435316,1435202,114,MQNRYGNRTYIRRHYLFYLIFYFYRFIANSFCFCPIGR,length1,114
3,1435616,1435586,30,MGNARLRFLK,length1,30
3,1435973,1435961,12,MNRS,length1,12
3,1436297,1436069,228,MLFVTDITPSAPNFIASKPVASSPLKTIKFLPASCLILTIRLTSPVASLIPTIFSISAKRATVSGFISLPVRLGTL,length1,228
3,1436345,1436330,15,MALKC,length1,15
3,1436648,1436516,132,MTFTFSSILSVADSPVVPTETSALEPASMWCSTNFSKQEKSTSP,length1,132
3,1436714,1436678,36,MLPENKGFCADI,length1,36
3,1437278,1436813,465,MNPLSVGNQAPAFTLLNQQEKPVSLNDFRGKKVLIYFYPKALTPGCTTQACGLRDSKSELDALGLVVLGISPDAPKKLAQFIEKKALNFTLLSDPDHQVAVQFGVWGEKKFMGRTYHGIHRISFLINESGNIMQVFDKFKTKDHHQMIIDYLRSL,length1,465
3,1437866,1437839,27,MESIKRTKR,length1,27
3,1438133,1438127,6,ME,length1,6
3,1438421,1438409,12,MELE,length1,12
3,1439150,1439135,15,MEDKW,length1,15
3,1439300,1439297,3,M,length1,3
3,1439405,1439381,24,MIDNYYHC,length1,24
3,1439954,1439921,33,MIAKFTFISYF,length1,33
3,1440164,1440101,63,MRKGNAAMLNLFRRMHVNFCL,length1,63
3,1440308,1440179,129,MWILLRDFLLQFPLNKNLPHTIHVLRWEQLRKFMIIYVYCLHE,length1,129
3,1440344,1440332,12,MMFH,length1,12
3,1440539,1440503,36,MARFAIYLIRQN,length1,36
3,1440884,1440806,78,MAWVCSNILMKIVWCKIQLFLLLVVR,length1,78
3,1441046,1440956,90,MLKPLMNLCQRKFNISLCRVQAKRKLNSNI,length1,90
3,1441097,1441049,48,MIVAMWLFASTLLKGF,length1,48
3,1441253,1441223,30,MCILEKPICR,length1,30
3,1441388,1441379,9,MLV,length1,9
3,1441499,1441493,6,MY,length1,6
3,1441556,1441502,54,MNPLLACTNVIMNAYLIR,length1,54
3,1441832,1441604,228,MKTQFVRLTILLILGLVLAYMEDKLLHKEMPMKLCSIQIPSRENFYRAQIKSKSRKNAPHLIRKNGSNLKVHQVIT,length1,228
3,1441841,1441838,3,M,length1,3
3,1441949,1441916,33,MTPYFHLRKMR,length1,33
3,1442000,1441973,27,MHLINLSRD,length1,27
3,1442291,1442237,54,MFMFLATNVKANAIIAKP,length1,54
3,1442378,1442366,12,MRFQ,length1,12
3,1442432,1442408,24,MWDYPIFD,length1,24
3,1442618,1442534,84,MNRRLVCISLTLSNYLKYCIDYATKEIL,length1,84
3,1442645,1442642,3,M,length1,3
3,1443302,1443278,24,MFITKKGK,length1,24
3,1443374,1443323,51,MYLCLIYHRLQKEDMLH,length1,51
3,1443623,1443410,213,MWVIKMLILVQLEKIQTDIITATKLLSVTIIKKMKGTISRLITSIHVLLNLLQRLRQLIWLLTRVDICMQT,length1,213
3,1443893,1443695,198,MVIWRMVVLGLRVVTPLWMVAQVMVCFILMEECNNLINMGLSLSQAHEEIVDRLFLFMIKSRKNGY,length1,198
3,1443968,1443896,72,MVYCVRGILMLERVMLIRWRDKSI,length1,72
3,1444031,1444016,15,MQIMR,length1,15
3,1444322,1444052,270,MERLHKMIEFQWILGYIVMHFRTTLEAETREIFRQITKAQILGHLHCITVKPCIWEIQEKVRLPLKIMSIKGLVGFILKEILSLSQEKIM,length1,270
3,1444433,1444358,75,MQRLNGKLKIQKEIAYLKLVLEPFL,length1,75
3,1444442,1444436,6,MV,length1,6
3,1444547,1444505,42,MMMVTSKPSKRWGL,length1,42
3,1444694,1444640,54,MGVILPLLVFKTLMKVQC,length1,54
3,1444772,1444754,18,MTKKVT,length1,18
3,1444835,1444799,36,MVGLAIKMIQEI,length1,36
3,1444940,1444928,12,MGGT,length1,12
3,1444982,1444967,15,MPIII,length1,15
3,1445222,1445111,111,MFLQLKEIGQSAITPTPHLVLCQINKIPFVRVQIGQD,length1,111
3,1445306,1445291,15,MVLLI,length1,15
3,1445339,1445327,12,MLKV,length1,12
3,1445366,1445351,15,MVMSL,length1,15
3,1445465,1445399,66,MPPKQAISNFQITQMQRWIMQI,length1,66
3,1445477,1445474,3,M,length1,3
3,1445696,1445669,27,MHHSVAAVH,length1,27
3,1445762,1445753,9,MVN,length1,9
3,1445888,1445834,54,MTLRAITHYLFATQAKNP,length1,54
3,1446002,1445966,36,MTTLMQVHYVIN,length1,36
3,1446041,1446014,27,MANSACITQ,length1,27
3,1446068,1446062,6,MT,length1,6
3,1446434,1446359,75,MSNSKQKKNVKLKRKKRKDNANKKN,length1,75
3,1446527,1446506,21,MNWIVFL,length1,21
3,1446650,1446581,69,MILMLSVLISRKRTCVKLGCKKP,length1,69
3,1446734,1446656,78,MDELGQFSRIAVQIILLMNRLKITRH,length1,78
3,1446872,1446866,6,MA,length1,6
3,1446896,1446875,21,MQVIRSI,length1,21
3,1447124,1447013,111,MLAFELIIHLPRQIISALSLISSSIMLMFQTLTYKPL,length1,111
3,1447268,1447259,9,MWA,length1,9
3,1447391,1447364,27,MELYFIKGI,length1,27
3,1447877,1447433,444,MNLTKILPTFAAVVVLSACAKDAPEMTKSSAQIAEMQTLPTITDKTVVYSCNKQTVTAVYQFENQEPVAAMVSVGDGIIAKDFTRDKSQNDFTSFVSGDYVWNVDSGLTLDKFDSVVPVNLIQKGKSSDNIIVKNCDVNVKATKKANL,length1,444
3,1449092,1448003,1089,MRVSDFNFDLPDELIARYPKTDRVSCRLLQLNGENGEIFHRTFSDVLDLIDEGDLLIFNNTRVIPARMFGRKASGGKIEVLVERMLDEHRFLAHIRSSKSPKEGAELFLGEDKLGENNGIKAVMKARHSSLFEVELSDKSTALLDVLQIIGHMPLPPYIDRPDEEADKECYQTVYSKVPGAVAAPTAGLHFDENLLEKLKAKGVNFEFVTLHVGAGTFQPVRVENIEDHVMHAEYVEVSQEVCNAIIATKKAGKRVIAVGTTSVRSIESAALSAEEFGNPDLIEPYFSDTSIFIYPGKKFRVVDCLITNFHLPESTLIMLVSAFAGYKNTMNAYKHAVQEKYRFFSYGDAMFINKNSNVRELE,length1,1089
3,1449440,1449359,81,MISQSLYFLTGFFVQKNLRTVYSLEQK,length1,81
3,1449452,1449446,6,MN,length1,6
3,1449521,1449470,51,MLVAVAWCLNVHKARSV,length1,51
3,1449563,1449554,9,MAR,length1,9
3,1449866,1449845,21,MIWVLIS,length1,21
3,1449977,1449878,99,MNVRLIQRLSIMRKNLWKCHFVGQNAAAIALMN,length1,99
3,1450046,1449989,57,MPYLVLSKAVYLKNYVKSH,length1,57
3,1450094,1450079,15,MRWAV,length1,15
3,1450286,1450271,15,MAIYL,length1,15
3,1450343,1450313,30,MQNIVMIPAR,length1,30
3,1450571,1450514,57,MILWWNSMLAWANLFRHYN,length1,57
3,1451168,1450652,516,MQILEPQQFATWNEPIEMLYACHSKVKRFCRQLSILPDYLEKHGYTQAVLNDVEQILTYFNRAAPLHHDDEESDFFPQLVKVAPQAQTSIDELEKQHEYLHENWNALSVQLEELISEQRQNIDEYLIERFIQGYDRHIALEEPLFEMGRECLSADILTEMGKRMSARRQVKE,length1,516
3,1451261,1451252,9,MMS,length1,9
3,1451948,1451879,69,MEEFDGYFYCGHRDFIFSSKYLW,length1,69
3,1452362,1452224,138,MGIRLTRWGSFFDGSRYECRTCKTPRAITRQFAWRTSQRKNSIYCH,length1,138
3,1453775,1453769,6,MG,length1,6
3,1454027,1453979,48,MELKVQLFKPQDRFRM,length1,48
3,1454099,1454054,45,MILPLVNTSKVCYRM,length1,45
3,1454159,1454144,15,MLVKN,length1,15
3,1454186,1454177,9,MRL,length1,9
3,1454240,1454213,27,MWGHVLNGV,length1,27
3,1454651,1454627,24,MLVYVVNI,length1,24
3,1454696,1454681,15,MNYLS,length1,15
3,1455032,1455023,9,MLG,length1,9
3,1455074,1455059,15,MQQES,length1,15
3,1455329,1455260,69,MRDFYFLVRIDLPLVKVLIYLST,length1,69
3,1455386,1455344,42,MALKRHKSLKKPSS,length1,42
3,1456415,1456385,30,MKPFICTLEA,length1,30
3,1456433,1456427,6,MQ,length1,6
3,1456991,1456985,6,MI,length1,6
3,1457408,1457297,111,MIIYDAIHIAANIFYILIGFIASCIAVFQLGIIAFFC,length1,111
3,1457744,1457642,102,MLCGIFGEHHYATYSSWRCCVRIPMRFLISHCCE,length1,102
3,1457864,1457858,6,MS,length1,6
3,1458326,1458278,48,MICRTYLETFCIFRMV,length1,48
3,1458572,1458551,21,MIFFSMT,length1,21
3,1458689,1458680,9,MGL,length1,9
3,1459181,1459082,99,MTNITAVNIAFVSNRTNDMTNFYTICTTDFDTI,length1,99
3,1459481,1459427,54,MLKLFRNFCNEFFAAAFL,length1,54
3,1459529,1459490,39,MIWQFHFIDTFFN,length1,39
3,1460087,1460075,12,MIFW,length1,12
3,1460252,1460201,51,MVKNTTWCTHNHLCALF,length1,51
3,1460384,1460312,72,MRIFNKLFASIGNLNSKFASRCHY,length1,72
3,1460423,1460396,27,MFFTWIDLC,length1,27
3,1460546,1460501,45,MWDTSLLNWRRGFKT,length1,45
3,1460702,1460663,39,MLLLKRSPRVNIL,length1,39
3,1461434,1461344,90,MHRRNLLQAINKALSNCTQKPFSAVMQGLE,length1,90
3,1461620,1461503,117,MLVLHYSFFQPVVLGLIVRSSLLVQSEYSGFAQPTRHDF,length1,117
3,1461839,1461737,102,MPKSWKTTKLGSECYQVLILYSKIISVLLQNLLG,length1,102
3,1462052,1462028,24,MHQNQQDE,length1,24
3,1462244,1462184,60,MYQFLQLVNGLLHHLYQSHL,length1,60
3,1462385,1462373,12,MQFA,length1,12
3,1462622,1462592,30,MLKTHHIQMP,length1,30
3,1462847,1462787,60,MEGNYNGIRSDLGVRLLIHQ,length1,60
3,1462910,1462889,21,MLAFHHG,length1,21
3,1463012,1462961,51,MHERYQRYGHQYVVRLQ,length1,51
3,1463210,1463168,42,MHRLNALQQSLLLC,length1,42
3,1463567,1463528,39,MLQRHRSLPLSQG,length1,39
3,1463705,1463636,69,MGELGGRLNEQLRFRLQMDDLHV,length1,69
3,1463801,1463765,36,MGRSLDLLSHLF,length1,36
3,1464068,1464065,3,M,length1,3
3,1464170,1464110,60,MANFILHCQLVIIVSTVFSS,length1,60
3,1465097,1464209,888,MKYNVMMASDANYLPYVEITLKSLLMHNENLSVFILHTGDISESWQNDLQPYFAKRYSTLQLVHIDKSELDSFSANNYITSATYLRFYIDRLLHYSDIPYWIYLDCDIVINGNITHPFECLDFSRHSLAAVLDPYVTRIGHPYKNKDYFNAGVLYFNMDKYQLGISSFSKELITLYTQLKESLIYGDQDILNYYFKDQWIPLDKRYNFQLDHMISINSFDISPVIFHFTGPHKPLDNIFSENACISAVISLFRLYASISWQIFALFHSVLQELIGLIKRDDVIGGFISFNRLGIIV,length1,888
3,1465226,1465220,6,MR,length1,6
3,1465265,1465232,33,MVAMILTIKFI,length1,33
3,1465331,1465322,9,MNT,length1,9
3,1465472,1465334,138,MYKCLFVARKISKWAQPIRIYLSMKITTKRMIINFVQILMINSPSQ,length1,138
3,1465529,1465505,24,MNRTSLAV,length1,24
3,1465562,1465535,27,MEKQKKLKN,length1,27
3,1465733,1465721,12,MLFQ,length1,12
3,1465820,1465790,30,MKEGSVSIMN,length1,30
3,1465904,1465889,15,MYYCM,length1,15
3,1465958,1465916,42,MEVFFVRIAIKQAQ,length1,42
3,1466117,1466066,51,MDKKNAQRILKNNQQMR,length1,51
3,1466516,1466378,138,MLGRQFHRKRWLQVHPWFDNHWLSRLIKNGYFHKHYLVLEFQIKAK,length1,138
3,1466927,1466852,75,MALKRQLKQSLRKHSSNVVLRKILP,length1,75
3,1467200,1467188,12,MLPL,length1,12
3,1467236,1467233,3,M,length1,3
3,1467359,1467350,9,MIF,length1,9
3,1467455,1467428,27,MVLWRCFLY,length1,27
3,1467665,1467605,60,MAGQFQWQQTLLLHWELWRY,length1,60
3,1467737,1467722,15,MTSVR,length1,15
3,1467917,1467908,9,MLL,length1,9
3,1468055,1467980,75,MISSIFYPLGHLSLFYHFSHLPMLV,length1,75
3,1468076,1468073,3,M,length1,3
3,1468268,1468196,72,MELILNKFLLLRFYVESVLRCQCS,length1,72
3,1468325,1468286,39,MLMRGKVSILFLV,length1,39
3,1468580,1468538,42,MRDSFPYLLHGVAT,length1,42
3,1468901,1468772,129,MIAHVVDRLQRNYSLSLTVLLTESWHLVVIHSKYDDLIYPVFA,length1,129
3,1468922,1468919,3,M,length1,3
3,1469909,1469009,900,MRFKMKVVTQGVLLCIFSQCLFGILYLFSIWLQPLSGTDVFAWRMLTMIFGLLLILFPTIGCRSLLSLITTTLGKSWTRWVLFLLGTLDAGSQFWLFMWAPLNGEGINIAMGYFLFPLIMAVLGWAWLKERLSFIQKIALLLAACGVAHELWHTQSFSWTSLWVCTVYPFYYLSRKLMKIPALQGITLDIILISIPCFIYILSQSDTLSLVTQEYRYWLLLPALGIVSAISLSANLKSSQQIPVSIFAVLSYIEPILLFLIAVFVLDNQITTSDYFTYVPIWLSLIVIGIEGLLNKNKVR,length1,900
3,1470257,1470209,48,MLGWFFHTNRCCVILR,length1,48
3,1470356,1470344,12,MDGG,length1,12
3,1470410,1470380,30,MPNRFYVLHL,length1,30
3,1470485,1470425,60,MVQPSQVSYSLVSHLRYGVI,length1,60
3,1470887,1470818,69,MQPQKSPHHQINLKSLHHRLLAL,length1,69
3,1471571,1471550,21,MLLLLIV,length1,21
3,1471841,1471718,123,MPAPLMRTNSALVRNSSIVAQPVKPIQERKPPICWWMISFK,length1,123
3,1472360,1472120,240,MPRSFNAAAASAIAVICGTPTPVTIRVVQIEPGPIPTFTALAPASANAIAPSAVATLPATIGKFGYFARVSRTRCNTPSE,length1,240
3,1472756,1472717,39,MIPIKLFSSSTTG,length1,39
3,1473140,1473107,33,MRNDIAIFSLS,length1,33
3,1473248,1473215,33,MIFILFAIRNE,length1,33
3,1473398,1473380,18,MDKIIA,length1,18
3,1473476,1473455,21,MASIISR,length1,21
3,1473521,1473491,30,MNGYYKIFFH,length1,30
3,1473710,1473701,9,MYK,length1,9
3,1473749,1473722,27,MIFCLMKES,length1,27
3,1473800,1473785,15,MACSI,length1,15
3,1473890,1473821,69,MRRCQNKQKLVSLMRKCVKLILM,length1,69
3,1474022,1473959,63,MVLMRNFNKHGNHIMRFQIVK,length1,63
3,1474070,1474025,45,MCLLSKALFQVLNKA,length1,45
3,1474088,1474073,15,MNAVI,length1,15
3,1474265,1474124,141,MVEKFHYVRNNSNKSLTILTALFNKMFIFPSKEHFFKYFCKKYLQGL,length1,141
3,1474559,1474529,30,MAQIERWRQA,length1,30
3,1474580,1474565,15,MQVER,length1,15
3,1474703,1474649,54,MEGDNDGKLSLIPRIIGR,length1,54
3,1474919,1474907,12,MPRE,length1,12
3,1475261,1475216,45,MWRNTEGEGSPLGMY,length1,45
3,1475429,1475423,6,MN,length1,6
3,1475726,1475696,30,MTSSHHGPYE,length1,30
3,1475948,1475747,201,MAYTEGSEAARWSESHKVRLSPDWSLQLDSMKSESLVIANQNVAVNTFPGLVHTARHTMGVGCTRSR,length1,201
3,1476014,1475981,33,MIHDWGEVVTR,length1,33
3,1476608,1476554,54,MPWQSEAKKDVLICEKLG,length1,54
3,1476662,1476644,18,MGKPSR,length1,18
3,1477895,1477835,60,MARSGMKGCSSNPNVESGYF,length1,60
3,1478693,1478600,93,MVSSQEKHLIEAPVNGGRNYNGPKVAKFLVG,length1,93
3,1478753,1478720,33,MMARLSPPETQ,length1,33
3,1478939,1478933,6,MF,length1,6
3,1479173,1479149,24,MEGPSLNG,length1,24
3,1479275,1479245,30,MSAHHILGLK,length1,30
3,1479395,1479374,21,MIDWGCS,length1,21
3,1479731,1479683,48,MKSEANKSRAETEVKD,length1,48
3,1480016,1480007,9,MLI,length1,9
3,1480064,1480055,9,MGF,length1,9
3,1480469,1480430,39,MIKAVIVCENGWE,length1,39
3,1480685,1480646,39,MHRNIIYPKIKIM,length1,39
3,1482794,1482791,3,M,length1,3
3,1483106,1483076,30,MDRWFESLSI,length1,30
3,1483271,1483265,6,MA,length1,6
3,1484177,1484162,15,MMLEN,length1,15
3,1484438,1484399,39,MYLLEFLHCNRII,length1,39
3,1485149,1485131,18,MLLLCL,length1,18
3,1485494,1485452,42,MQFRTEHTCCRFRT,length1,42
3,1485662,1485596,66,MCFIENKDHLFLINRQVFFTFH,length1,66
3,1485959,1485908,51,MPNIATTFFVAPIFGVI,length1,51
3,1486352,1486340,12,MHKG,length1,12
3,1487069,1487066,3,M,length1,3
3,1488122,1488116,6,MK,length1,6
3,1489400,1489370,30,MLPTSTCSTN,length1,30
3,1490171,1490060,111,MLIDIFCILEINFSTFNIFGSDIWNSSIIIKFWSSWH,length1,111
3,1490462,1490309,153,MCYRKLVGFSPPCVIVNWWAKAHPTFYPSISATILSISARKRSILATVLRI,length1,153
3,1490693,1490567,126,MDFAKCGTSSLSANSLRICSICSSSKMLLLVADLNKPLASIN,length1,126
3,1491113,1491038,75,MASKGLSSPNCGSIKVLPKAISNLS,length1,75
3,1491155,1491119,36,MLCKNIFIRARL,length1,36
3,1491263,1491197,66,MMCSSNCFFACNNKEPEPAAGS,length1,66
3,1491566,1491548,18,MSCSEG,length1,18
3,1491749,1491698,51,MASVLMSGVMISSGNWA,length1,51
3,1491779,1491776,3,M,length1,3
3,1492040,1492016,24,MSLSYSYL,length1,24
3,1492163,1492097,66,MFLCRGKYLRKGMLCMPYSLTY,length1,66
3,1492490,1492445,45,MTATCDFTDLSVSKI,length1,45
3,1492928,1492895,33,MLPSSLRLRPI,length1,33
3,1493195,1493087,108,MRLINSNNPEITRFSGKYGRSSSSLMAYKCCFCFSL,length1,108
3,1493750,1493663,87,MSFSQPIVASNTLLLNCEFNSDKRATISP,length1,87
3,1493840,1493780,60,MPESSKSRSEFSMAFFCAIE,length1,60
3,1494110,1494047,63,MKFSQVKCGCFNTCSIVLRQS,length1,63
3,1494176,1494137,39,MCSGLICENGGKA,length1,39
3,1494686,1494179,507,MLSNGFDIDINVPFLKTVFLCDGKFYNIKVEKSKKSVIIVCIFFFIRNIMKIIYIILGFLSLAIGIIGIFLPLLPTTPFLLLTLFFFTKGSKRLEQWFLGTSIYQKHLKSFHENRSLKKNTKICILTFVTTMLLIGFYFTPSVIGRSVIVALICIKFWFFLFWIKTENE,length1,507
3,1495097,1495031,66,MVKWRAYHCIRFCTILANTFSI,length1,66
3,1497065,1496963,102,MLSPVGTHNRILSCEAHRQLNIQNGYVLIQVHQH,length1,102
3,1497344,1497335,9,MAW,length1,9
3,1497551,1497473,78,MAIRRNCDGDFSYCNSSGKNRGKSII,length1,78
3,1497932,1497923,9,MVD,length1,9
3,1498286,1498271,15,MFLFG,length1,15
3,1498367,1498301,66,MLIEYKEFDTLQVYCIPKFFVD,length1,66
3,1498487,1498451,36,MNFLIQSMRFIW,length1,36
3,1498775,1498727,48,MVLLFPFLSYLLYTKE,length1,48
3,1499057,1498994,63,MVIHNILFYCGFKITILVLLV,length1,63
3,1500017,1499984,33,MIGIIRHISLA,length1,33
3,1500083,1500077,6,MR,length1,6
3,1500260,1500239,21,MKPVSIT,length1,21
3,1500431,1500278,153,MSKSMSKIKQCTIAFFCFISRNNICFNLATTRNTMLKRLRMQSDKFINMLL,length1,153
3,1500617,1500590,27,MINRRFTAH,length1,27
3,1500782,1500752,30,MIILQKCGEN,length1,30
3,1500962,1500833,129,MIDYATTFFQRIDDCIKIKLCNRGIRYNHHAIPTFNRVTTFIL,length1,129
3,1501328,1501226,102,MDVFYHVECVGIVFPPLFLNKLQYHVLINNYGFP,length1,102
3,1501709,1501640,69,MKINCVKMQKIERSPKKWGRLSQ,length1,69
3,1502024,1501946,78,MFFHKFYETFCIRQVGINAFIFWIVK,length1,78
3,1502732,1502720,12,MRTH,length1,12
3,1502933,1502930,3,M,length1,3
3,1503314,1503305,9,MIT,length1,9
3,1503512,1503326,186,MKITCVHHSCICRTTKQREVKRTSNGIACMQYQWIFVFFTQFVKFCIDSRKTTNIHFGLLTI,length1,186
3,1503575,1503548,27,MVIIDVQNT,length1,27
3,1504409,1504403,6,MD,length1,6
3,1504472,1504439,33,MMLIQLTQNEN,length1,33
3,1504805,1504595,210,MIIKRNTTYFMHTKLAILLEKYKIRRLFVYIYREKSKLYSQITFEFENILLVIKHLEEGYGNHSFISWRS,length1,210
3,1505591,1505066,525,MEQQHIEVVGKLGSTYGIRGWLRIYSSTEQAESIFDYQPWFLKIKGEWQSIELENWRYHNHEIIVKLKGVDDRETAQILANVEIGVDLSVFPELEEGDYYWHDLIGCTVVNLEGYTMGTVTEMMETGSNDVLVVKANTKDAFGKQERLIPFLYEQVVKRVDLTTKTIEVDWDAGF,length1,525
3,1505618,1505615,3,M,length1,3
3,1505768,1505732,36,MLESKKFYIRQA,length1,36
3,1505984,1505963,21,MWTLRRD,length1,21
3,1506077,1506020,57,MVNRRLRSNWWGIAGNDIN,length1,57
3,1506293,1506248,45,MAIKTIATENVVPTP,length1,45
3,1506506,1506497,9,MGS,length1,9
3,1506782,1506773,9,MII,length1,9
3,1507145,1507007,138,MFEDRTKSLFVLPLMRQLYVHNFQNYALFHRVRNLEQYNLLLRPRF,length1,138
3,1508042,1508036,6,MV,length1,6
3,1508330,1508216,114,MSLYKSQRNQQIRFVPPQNLHLVSNNPFRLYEHDLKKV,length1,114
3,1508426,1508402,24,MDYGVDYT,length1,24
3,1508921,1508792,129,MLTTIKRKYQAKSPNIEALNTTMKSALHSPLSPSNVNFVDYPT,length1,129
3,1509293,1509023,270,MITTIGRIKVLPFVITILAPKFAPKMLPAIITKPTFQRICPPNKKSAKEARFEVKFITFACAVAFGRLNPSKVTQAKLMIEPVPGPKKPS,length1,270
3,1509335,1509332,3,M,length1,3
3,1509821,1509614,207,MPVISNAGIVINPPPPAIASINDATKPTQNNIAKRSMPISILIYLNAILTIHSDSGNLKFVGTKTAQAV,length1,207
3,1510046,1509932,114,MHLRGKLNEHENESCVHTKDELCVANRDHCQRFDIILP,length1,114
3,1510457,1510442,15,MLALQ,length1,15
3,1511270,1511198,72,MREQDLHLNGQILARPILQVHFLQ,length1,72
3,1511405,1511366,39,MDCCLPFPNQFLR,length1,39
3,1511912,1511756,156,MSQVYDDLNLAEYLAQIIQDLAVPHQRYSLMQSHVTPQRSSHEKVVQLYYLP,length1,156
3,1512149,1512143,6,MV,length1,6
3,1512320,1512272,48,MPNWLLDLSQKIYLAQ,length1,48
3,1512350,1512347,3,M,length1,3
3,1512578,1512554,24,MPTHHQWR,length1,24
3,1512602,1512596,6,MS,length1,6
3,1512866,1512854,12,MLSK,length1,12
3,1513499,1513484,15,MKSKM,length1,15
3,1513559,1513529,30,MTNAKILLDF,length1,30
3,1514060,1514027,33,MSFFDAQLIAF,length1,33
3,1514288,1514282,6,MH,length1,6
3,1514519,1514366,153,MNSLFLFVVIDTDQAVHCDQVLFECNHFAQFFAVAAELVLVDFVIAEDFFD,length1,153
3,1514729,1514693,36,MRYQYHYWPIVD,length1,36
3,1514786,1514762,24,MPLELVQK,length1,24
3,1514861,1514825,36,MRFAYLVIDHLT,length1,36
3,1514966,1514939,27,MLEFLHYSF,length1,27
3,1515011,1514990,21,MLFAMHH,length1,21
3,1515113,1515053,60,MFVILLTTYFLLPPHSFFER,length1,60
3,1515191,1515173,18,MPLVKH,length1,18
3,1515245,1515230,15,MEVFS,length1,15
3,1515386,1515380,6,MQ,length1,6
3,1515902,1515692,210,MKQFVDPSNNPSPNPHLSAKLHHLLSDILCLRAVAPHLVFHQIFWQKLSKPFPSFRSQNKFQYHISLFFS,length1,210
3,1515959,1515953,6,MK,length1,6
3,1516241,1516037,204,MKHKNHLLGNVIVHHNITNAKQYLVLKRDIRVMKVTKIDYNQTSLSYIPLLHYPNALGHYAQLLLVSL,length1,204
3,1516817,1516802,15,MIASH,length1,15
3,1517150,1517141,9,MHR,length1,9
3,1518137,1518131,6,MI,length1,6
3,1518635,1518629,6,MY,length1,6
3,1518686,1518680,6,MV,length1,6
3,1518914,1518851,63,MNIFLQKMFIKFCWNKVVKLD,length1,63
3,1518962,1518947,15,MKHIL,length1,15
3,1519646,1519580,66,MLLLLQLLLAYSHLQPLISHHF,length1,66
3,1519913,1519862,51,MNQNKLLLLHQEIMLFQ,length1,51
3,1520225,1520207,18,MLGKNA,length1,18
3,1520309,1520291,18,MLLKHF,length1,18
3,1520381,1520357,24,MDGNAFPL,length1,24
3,1520402,1520384,18,MGLWHY,length1,18
3,1520525,1520417,108,MLCLLALALYRQSTPHGIEMHVQAQLNVLIMLLNDI,length1,108
3,1520558,1520555,3,M,length1,3
3,1520654,1520627,27,MRLRKQLLT,length1,27
3,1520885,1520864,21,MIFSIKI,length1,21
3,1521047,1520930,117,MFYEKTKLGLYQYNKNGGKAPILLTIKFIIVFFLIHHYF,length1,117
3,1521194,1521182,12,MLQQ,length1,12
3,1521803,1521797,6,MI,length1,6
3,1523141,1522985,156,MMVHSAKRLMSFKFIPVFFKHCNKLNHCKSLSVKRRLPYSSRPTLGNKPSLS,length1,156
3,1523639,1523627,12,MWRM,length1,12
3,1523684,1523669,15,MRLST,length1,15
3,1524125,1524116,9,MGH,length1,9
3,1524317,1524140,177,MYRQRKRNASSIRKCSPWLGAIYHHRRSGCRTRNFNASVPIGNRPCVERQCIWWCERSL,length1,177
3,1525298,1524473,825,MKLIEQHQIFGGSQQVWAHNAQMLQCEMKFAVYLPNNPENQPLGVIYWLSGLTCTEQNFITKSGFQRYAAEHQVIVVAPDTSPRGEQVPNDAAYDLGQGAGFYLNATEQPWATNYQMYDYVLNELPSLIEANFPTNGKRSIMGHSMGGHGALVLALRNQERYQSVSAFSPILSPSLVPWGEKAFTAYLGEDREKWQQYDARSLIQQGYKVQGMRIDQGLEDEFLPTQLRTEDFIETCRAINQPIDVRFHKGYDHSYYFIASFIGEHIAYHAAFLK,length1,825
3,1525574,1525496,78,MRESNIFLRNSGWSSILNSGVFPSLS,length1,78
3,1525793,1525640,153,MIAMTAITVSAKFHTTLPERTEPKYTKNSTIKRNNKTNQGLFLIKRILLSA,length1,153
3,1525874,1525871,3,M,length1,3
3,1526498,1526396,102,MEFACTELNAKPNVKINASAKATAIQRDFKPCTI,length1,102
3,1527032,1526663,369,MLPTPTRLARPVVNAWKGVNELPSTERPNHISRRLAGNKRNCTNPVVMVKNRPVPSKIIMVASHKGPSRCATIQVSTSSNIFENSNSIIIPQAINNLIVWLFNEKARFFNNFSREKKHKQEKI,length1,369
3,1527296,1527290,6,MP,length1,6
3,1527743,1527404,339,MFRLSNLDKAFQNHDQTDNYPNKPCCRNRIDKLGRYPIPIISKHDNLILNDQALPPFPLDLNELYRLRQSHHQNQSQELNQVQSNIADFPYPMLQITQNNLRHFLPALHGPNA,length1,339
3,1528271,1528193,78,MNLPVVNNQGFGKVDDYLGEFTVLRE,length1,78
3,1528331,1528313,18,MKLSEY,length1,18
3,1528511,1528412,99,MKGEESKIAPIIEVFVVVNLLKVLNFHQFFQCQ,length1,99
3,1529000,1528967,33,MGFNNSCNRPT,length1,33
3,1529048,1529045,3,M,length1,3
3,1529549,1529432,117,MKCKNWRGLVLLVAIGKKMSMYVTLSKKTIPLMKAMTLS,length1,117
3,1529699,1529642,57,MNIHHLPLSLTHPVTLTKI,length1,57
3,1529735,1529726,9,MNL,length1,9
3,1529819,1529795,24,MVVNLIQK,length1,24
3,1529915,1529870,45,MFTRQIFYVAVNLGY,length1,45
3,1529972,1529930,42,MLMVVVVSSVTTVV,length1,42
3,1529987,1529981,6,MV,length1,6
3,1530041,1530011,30,MHNSLLYKKI,length1,30
3,1530053,1530047,6,MA,length1,6
3,1530218,1530140,78,MVMIFLTQQLMLKKPFNGCTLLILLQ,length1,78
3,1530293,1530230,63,MVLQCHSVVPQPLLTCTLSVI,length1,63
3,1530464,1530452,12,MVVH,length1,12
3,1530632,1530626,6,MI,length1,6
3,1530689,1530653,36,MMTTQSHVVYHQ,length1,36
3,1530782,1530773,9,MKN,length1,9
3,1530830,1530821,9,MKY,length1,9
3,1530893,1530890,3,M,length1,3
3,1531109,1530962,147,MIVMYTVPWLVVSQVFLLRLTHFQQSNMQKLNQFVATSKIKMAMLLQLT,length1,147
3,1531190,1531148,42,MVITITVLMTSLVT,length1,42
3,1531262,1531238,24,MQCLHNLY,length1,24
3,1531385,1531286,99,MVRKRATPQMAVVLVHHSDQVRTQCTDVTKKVR,length1,99
3,1531472,1531433,39,MVFLIPSQSYQMR,length1,39
3,1531514,1531481,33,MPKHNVATLLA,length1,33
3,1531565,1531520,45,MVTSTTKQRLKVANT,length1,45
3,1531571,1531568,3,M,length1,3
3,1531634,1531601,33,MQWKIRINIHN,length1,33
3,1532594,1531856,738,MSVLGRIHSFESCGTVDGPGIRFILFMQGCLMRCKYCHNRDTWDLEGGKEISVEDLMKEVVTYRHFMNATGGGVTASGGEAVLQAEFVRDWFRACKAEGINTCLDTNGFVRHYNHIIDELLDVTDLVLLDLKELNDQVHQNLIGVPNKRTLEFAKYLQKRNQHTWIRYVVVPGYTDSDHDVHLLGQFIEGMTNIEKVELLPYHRLGAHKWKTLGLDYELEDVLPPTKESLEHIKTILEGYGHTVKF,length1,738
3,1533356,1533293,63,MRLNPFFHKLPASEIILHKLL,length1,63
3,1533929,1533854,75,MMLYLLCIIHLPMLVQHLLNHLNIQ,length1,75
3,1533989,1533935,54,MLPRQAMPKILFYALFFP,length1,54
3,1535057,1534085,972,MPQITLSAEVQPEQMGQRLDQTLAELFPEYSRSRLKTWIEADLVKLNDRITNIPREKVFGGERIEIIVEVEDETRFEAENIPLNIVYEDDDIIVINKPKDLVVHPGAGNPNGTVLNALLYHYPPISEVPRAGIVHRLDKDTTGLMVVAKTIPAQTKLVRDLQKRKITREYEAVASGIMTKGGTVDQPMARHATKRTLMAVHPMGKPAVTHYRIMENYRNYTRLRLRLETGRTHQIRVHMAHIAHPLLGDQTYGGRPRPPKNASEDFMEVLRNFKRQALHAVMLRLAHPITGEIMEWYAPLPDDFVELLNALKADYLKHQDELDY,length1,972
3,1535486,1535444,42,MRWRTRRNSEIFSS,length1,42
3,1536221,1536191,30,MPNPLRCPNV,length1,30
3,1536467,1536404,63,MGFSISPTGNKLCPTCLWLKV,length1,63
3,1537682,1537571,111,MMLNWITCFRINFMSKAFAIFFKVNTVIARTCHSHIV,length1,111
3,1538270,1538243,27,MRLFRCCFY,length1,27
3,1538324,1538294,30,MISCPHCFTA,length1,30
3,1538654,1538579,75,MFSSSTPRSFNILITAAFITGGPHI,length1,75
3,1539146,1539110,36,MIPFSSGYEAIE,length1,36
3,1539491,1539488,3,M,length1,3
3,1539809,1539665,144,MPIVISPESTNFDFANKMIATNTNTITVNAAIPSARITESLIDYTPYN,length1,144
3,1540082,1540013,69,MKDTPPKIAQFTAIKGKKIPNAL,length1,69
3,1540220,1540148,72,MKVMKFKNDKSTPSIKAFSFSTFA,length1,72
3,1540388,1540358,30,MKTALTNRLI,length1,30
3,1540502,1540457,45,MIKNALGASRNKPFA,length1,45
3,1540835,1540793,42,MIASCTIIRMLLGI,length1,42
3,1541081,1541060,21,MDQSHLC,length1,21
3,1541807,1541804,3,M,length1,3
3,1542263,1542086,177,MPIITPAIMRQAAMRVNTITAPPIKIARVETSPIEPGKLPTKASIQVIGAPVTVCCNAP,length1,177
3,1542542,1542437,105,MIPKVIPNAACHSGNVGGTINANKMVETNIPSFTS,length1,105
3,1543163,1543160,3,M,length1,3
3,1543241,1543178,63,MALRAHSYRLAPLHVRHHFLK,length1,63
3,1543811,1543769,42,MVLKGIDDLIRLNR,length1,42
3,1543928,1543862,66,MDWYPSHLQKEKMLHFQWMELY,length1,66
3,1544036,1543931,105,MDEYVMPSISQILSSFVLLVQKKVYSIVLCYILQK,length1,105
3,1544708,1544705,3,M,length1,3
3,1544735,1544729,6,MI,length1,6
3,1544828,1544768,60,MTLYFSNIFKVCADNNAFKM,length1,60
3,1544855,1544852,3,M,length1,3
3,1544879,1544858,21,MAFIFYC,length1,21
3,1545011,1544963,48,MKRYTLIRKFVRIAQF,length1,48
3,1545629,1545032,597,MALVNKIKTLSSVGILAATLFLAGCQAQSNILAFTPPVPSASMNVNRTAVVSVTTKDSRTIQEIASYTKHGELIKLNASPSVTQLFQQVMQQNLISKGFRIGQLNGSNAWVTVDVHEFGTQVEQGNLRYKLNTKIQATVYVQGAKGSYNKSFNVTRSQEGVFNADNDEIHKVLSQTFNDIVNNIYQDQEVAAAINQYSN,length1,597
3,1545905,1545860,45,MIILLLAVAVAVLRL,length1,45
3,1545974,1545923,51,MEKNVQSLKQNILEALV,length1,51
3,1545980,1545977,3,M,length1,3
3,1546073,1546010,63,MARILQKQSTIMRQIMVLMLK,length1,63
3,1546154,1546148,6,MY,length1,6
3,1546175,1546172,3,M,length1,3
3,1546220,1546181,39,MVSENLSMPILLK,length1,39
3,1546250,1546232,18,MVQKSK,length1,18
3,1546349,1546334,15,MVSLH,length1,15
3,1546487,1546460,27,MRQCVIRIH,length1,27
3,1546565,1546523,42,MEFNYIPILPHLKL,length1,42
3,1546592,1546571,21,MQMVHLL,length1,21
3,1546622,1546601,21,MVNLMLP,length1,21
3,1546691,1546682,9,MQV,length1,9
3,1546721,1546700,21,MNTAMSK,length1,21
3,1546745,1546742,3,M,length1,3
3,1546763,1546757,6,MR,length1,6
3,1547009,1546964,45,MLRYINLFSQRCTLR,length1,45
3,1547099,1547060,39,MKKLWVYMVLVSV,length1,39
3,1547108,1547102,6,MK,length1,6
3,1547381,1547309,72,MEINPVYFLYAKISPMRTGSFTLK,length1,72
3,1547705,1547567,138,MVAPTKICTIVPNSVSNTQITRSLRANKFGTCWAKNGFTENKSPGT,length1,138
3,1547942,1547903,39,MRPSAGKQSVVGF,length1,39
3,1548122,1548029,93,MLISMLYFFAKALITKCVVLPHFCLANQPAI,length1,93
3,1548152,1548143,9,MTY,length1,9
3,1548305,1548302,3,M,length1,3
3,1548875,1548353,522,MQKVKLPLTVDPVKDAQRRLDYVGYYSANQLERLAESVVNVLSDAQVTLSFYVDPQKLVVMKGKVQIDIELECQRCNEPYKQTLECEFTYSPVANWDQADDLPEIYEPIEFNEFGEIDLIGTVEDELILALPLVPMHSSEHCEVSAQEQVFGELPEELAKKPNPFAVLANLKQK,length1,522
3,1549121,1549118,3,M,length1,3
3,1549376,1549349,27,MDCHSFWYP,length1,27
3,1550252,1550228,24,MILKCGKN,length1,24
3,1550318,1550273,45,MSGVRLTATYFLLLV,length1,45
3,1550906,1550819,87,MRLVMIYGILFNKVQLKNLIKLGKLSPHF,length1,87
3,1551047,1551035,12,MRLN,length1,12
3,1551122,1551107,15,MQSLV,length1,15
3,1551185,1551128,57,MKQLLMLANKQRKAKSYLR,length1,57
3,1551410,1551407,3,M,length1,3
3,1551518,1551509,9,MVF,length1,9
3,1551560,1551554,6,MV,length1,6
3,1551626,1551602,24,MMLHHSMR,length1,24
3,1552388,1551662,726,MQGKIALVTGASRGIGRAIAEELSSKGAFVIGTATSEKGAEAISAYLGDKGKGLVLNVTDKESIETLLEQIKNDFGDIDILVNNAGITRDNLLMRMKDEEWFDIMQTNLTSVYHLSKAMLRSMMKKRFGRIINIGSVVGSTGNPGQTNYCAAKAGVVGFSKSLAKEVAARGVTVNVVAPGFIATDMTEVLTDEQKAGILSNVPAGRLGEAKDIAKAVAFLASDDAGYITGTTLHVNGGLYLS,length1,726
3,1552493,1552454,39,MLKSRSQCNLVTP,length1,39
3,1552622,1552616,6,MS,length1,6
3,1554410,1553081,1329,MLYLEFLFLLLMLYIGSRYGGIGLGVVSGIGLAIEVFVFRMPVGKAPIDVMLIILAVVTCASVLEAAGGLKFMLQIAERILRKNPKRVTLLGPLVVYLLTFMLGTGHSVYTIMPIIGDVALKNKIRPERPMAASSVASQLAITSSPLSAAVVFYLGKITAMPAFEHISLLDIICVTVPATLAGTIALSLYSMRRGKELEQDPEYQRRLQDPVWRERILNTTSTTLNETLPQGAKKSVYLFLLALVVIVAIAMIPEIRTIGSGKAISMSLIIQMMMLCFGGVILLATKTNPQIVQNGVVFKSGMVAAIAIYGIAWMSDTYFKYAMPEFKAAITDMVQTYPWTFALALFAVSVVINSQAATAVMLLPVGIGLGIPAPILVGLMPATYAYFFIPNYPSDIATVNFDVTGTTKIGKYYFNHSFMVPGLIGVVVACLVGVSVAELVIR,length1,1329
3,1554539,1554533,6,MN,length1,6
3,1554722,1554713,9,MSE,length1,9
3,1555070,1554980,90,MFVIFLNNKKFFQIIVRRGSCGLLMNFLFI,length1,90
3,1555139,1555112,27,MNGIEKVYR,length1,27
3,1555172,1555157,15,MFFMK,length1,15
3,1556519,1555289,1230,MENEMSQNGSDRDPWSKPGQSNDQQPGNSSNNNGWNNNQNRGNQEQSPPDIEEIFNNLLKKLGGGNKKSGQNNGSSQGNTPFHFGKVIPLAVAIGAIIWGVSGFYTIKEAERGVVLRFGELHSIVQPGLNWKPTFVDKVLPVNVEQVKELRTQGAMLTQDENMVKVEMTVQYRVQDPAKYLFSVTNADDSLNQATDSALRYVIGHMSMNDILTTGRSVVRENTWKALNEIIKSYDMGLEVIDVNFQSARPPEEVKDAFDDAIKAQEDEQRFIREAEAYAREKEPIARGDAQRILEEATAYKDRIVLDAKGEVERLQRLLPEFKAAPDLLRERLYIQTMEKVMANTPKVMLDGNNGNNLTVLPLEQIMGKKSVTSAPSAVNSSPAFTAPERQNSYQPQPTTVAPIRQGRFN,length1,1230
3,1556693,1556639,54,MLITKWLYMNQACILKCL,length1,54
3,1556735,1556717,18,MRVFVL,length1,18
3,1556783,1556738,45,MALQHVLLLLRKKIC,length1,45
3,1556798,1556795,3,M,length1,3
3,1556876,1556855,21,MLKLQIY,length1,21
3,1557041,1557032,9,MCV,length1,9
3,1557170,1557062,108,MKSLLRFTNVCVQNVMQWRVNIVLKGKKKQHLFKLM,length1,108
3,1557311,1557200,111,MQIKLHKNYEVQAMQLQQNYIQMLLLKNHNSLLLCVA,length1,111
3,1557350,1557320,30,MKRVLQILTI,length1,30
3,1557776,1557764,12,MKGK,length1,12
3,1558250,1558235,15,MPSFA,length1,15
3,1558295,1558259,36,MCVKFSFFELFD,length1,36
3,1558364,1558331,33,MTVTIACKRTS,length1,33
3,1558580,1558448,132,MGFSGAKSRFNFAIDNHEIITLNCKGCTSTTREWNASFIAPFIG,length1,132
3,1559378,1559351,27,MVSIDLAQV,length1,27
3,1559414,1559411,3,M,length1,3
3,1559579,1559543,36,MWSLHQRRLSQY,length1,36
3,1559642,1559627,15,MLGHQ,length1,15
3,1559924,1559891,33,MRLQQWQILLD,length1,33
3,1560194,1560185,9,MAQ,length1,9
3,1560530,1560464,66,MGSCLGYRLIFQLRHLRHSNVS,length1,66
3,1560881,1560869,12,MMRR,length1,12
3,1561187,1561157,30,MCHPAILQAY,length1,30
3,1561559,1561556,3,M,length1,3
3,1562267,1562216,51,MAVARKSFVNFIIFAPV,length1,51
3,1562396,1562330,66,MYVFSPKIGFESNSKSKKTNLK,length1,66
3,1562468,1562441,27,MKKHFKNIL,length1,27
3,1563287,1562603,684,MSKLSYQEVLSQIQYGLISSCQPVDDGPMDKPEIVSAMAQASVMGGASGLRIEGVDNLKATRPFVNVPIIGIVKRDLPDSPVRITPFLQDIEDLANAGADIIAVDGTKRPRPVDIESAVKKIHEMGCLAMADCSNLEEGLYCKALGFDIVGSTMSGYTGGSVPEEPDYQLVKDLKSAGCFVMAEGRYNTPELAKVAIEIGADCVTVGSALTRLEHIVSWFANSVKSAR,length1,684
3,1563464,1563392,72,MAKLSNVSKFIHHVKMSWRECTKR,length1,72
3,1563506,1563485,21,MKGSLIM,length1,21
3,1563545,1563536,9,MAF,length1,9
3,1563749,1563641,108,MMHKLRLMRNINCKILNRYQILFLLPFQQELAEGLC,length1,108
3,1564004,1563818,186,MVRSVVVGVEVVSKRLLQGEQLKQFLPNGKIRAIQKKCLSVLEKMMKKRPHLSSVLRKPLLI,length1,186
3,1564169,1564160,9,MQV,length1,9
3,1565093,1564196,897,MFYWISLKEQFMAKSGNVLNKIGSLYQSLTKSEKKIADTILRSPDLVSQCPLSEIAKHLEVGEATIVRFCRTIGFKGFSEFKLELSIELATKDNQDESILETEIMPSDDSLTIAQKLQTAVANVMEETINLLDLKQLEEVVKVLKKARRIFLFGVGSSGVTAEDAKNKLMRIGFQVDASGNNHFMYMQAALLTSSDVAIGLSHSGYSAETAHTIKIAKQNGATTVALTHSLRSPVTEYADYVLVNGNKQGKLQGDSIGTKIAQLFVLDLIYALLVQGEEEIAAQTKQKTLNVILEQRIK,length1,897
3,1566224,1566188,36,MILWWAKVQPTI,length1,36
3,1566650,1566473,177,MNRIITVNNKGRLICVLFHYKQNNKSVVGLHNISSIVSTILNLPPSVLLYWGYLLAVHH,length1,177
3,1566932,1566728,204,MNMWVYQRNTLKVTTALCITIFSIISIFYLKISIFLTAIPMTIMQNAVVMKKKLNPTAKFICLWGGLA,length1,204
3,1566971,1566935,36,MDISHLMNLLLH,length1,36
3,1567070,1567043,27,MLLKCQNML,length1,27
3,1567109,1567097,12,MQKK,length1,12
3,1567253,1567232,21,MKLLNKS,length1,21
3,1567349,1567346,3,M,length1,3
3,1567439,1567430,9,MLN,length1,9
3,1568606,1567463,1143,MKYALTNSVIYTKYEILRDYAVVIDSETIEAVIPQAELETGIKTIDLQGNNLTAGFIDLQLNGCGGVMFNDQTSVETLEIMQETNLKSGCTSFLPTFITAPDENIKSAVKIMREYLNKHKNQALGLHIEGPYLSIEKKGVHRPEYIREITPEMKDFLCENGDVITKITIAAENPTINYTPDFVKAGIIVSVGHSNATYEVAKAAFHKGATFATHLHNAMSPISSGREMGVVGAVLDSDVYTGIIVDGVHINYGNVRIDKKIKGDKLCIVTDSIAAAGAPPELESFTFVGKTIYIKEGRCYDANGTIAGASITMMESIKNAVEYVEIPLAEAIRMSNLYPARAIGIDDRLGSVEKGKIANLAVFTPNYQVIGTVVNGKWKEN,length1,1143
3,1569899,1569863,36,MHQRLMLQVFFS,length1,36
3,1569935,1569914,21,MVVTIYD,length1,21
3,1570130,1570079,51,MNLIVFCSFLGLSIKYF,length1,51
3,1570259,1570145,114,MMLYQLYYSSMYPISSNVGFSAPFFANSSQISFSLCPA,length1,114
3,1570427,1570298,129,MDSSKAIHKSWFFTGFPELAFQLFFFQLKIHFVMPFFIYWLSL,length1,129
3,1570514,1570472,42,MTARNSIRLLVVLK,length1,42
3,1570691,1570652,39,MASILMERERLNK,length1,39
3,1570799,1570760,39,MKDTALLKLVQLN,length1,39
3,1570904,1570868,36,MRLKFMVLLMKC,length1,36
3,1571039,1570958,81,MVRNCLFTMPPLTLDLWIMNFVNLTLM,length1,81
3,1571138,1571120,18,MHFVSV,length1,18
3,1571210,1571183,27,MPRSWRMFI,length1,27
3,1571303,1571243,60,MKNLLSLKLSMLCKKKRRKK,length1,60
3,1571375,1571354,21,MMSYKHI,length1,21
3,1571489,1571447,42,MCINRVEFKQVSKI,length1,42
3,1571855,1571843,12,MSCY,length1,12
3,1571990,1571900,90,MSLIIFLSSSNVAKKRNTRFQAGFLKARLL,length1,90
3,1572071,1572065,6,MK,length1,6
3,1572227,1572176,51,MWENPHYLIALLVREMR,length1,51
3,1572341,1572266,75,MVTHILLAMILLLLILAVLMERKRG,length1,75
3,1572425,1572380,45,MKRILFFSLWMLELV,length1,45
3,1572548,1572506,42,MVLMRILIVLNFIS,length1,42
3,1572734,1572653,81,MKMTALLRKNKTNGNKNSILIQKKIRH,length1,81
3,1572749,1572740,9,MMR,length1,9
3,1572830,1572812,18,MWVNLL,length1,18
3,1572938,1572920,18,MDSNIP,length1,18
3,1573046,1573028,18,MLMLYC,length1,18
3,1573127,1573109,18,MQGVLW,length1,18
3,1573154,1573148,6,MV,length1,6
3,1573166,1573163,3,M,length1,3
3,1573313,1573292,21,MLVPLKK,length1,21
3,1573373,1573355,18,MSTNRR,length1,18
3,1573436,1573403,33,MLTQVVIIRRL,length1,33
3,1573823,1573787,36,MMKPIKPNAAPV,length1,36
3,1573910,1573901,9,MPE,length1,9
3,1574231,1573988,243,MPIPQINTRLNIAIIASVENNRSNRENINKLIETTINFVGANRYNLLNNRLAAMPEKPKTNNTAVAKFGSKCPTSIINGSI,length1,243
3,1574279,1574258,21,MTIAVVT,length1,21
3,1574513,1574381,132,MMDNASTAIMPKVTRQPTSCPTILPIGKPKMVASAVPIASIPNA,length1,132
3,1574753,1574537,216,MRITSEAVIDQNTEWANAMHIRARSNIQKFHAMTDKICPTINIMKSLISRLLRSILPVASMAGKDIISTVHA,length1,216
3,1575359,1575350,9,MKS,length1,9
3,1575689,1575626,63,MLRSLNSLYGKKNGKFLFFHK,length1,63
3,1575965,1575956,9,MIN,length1,9
3,1576322,1576178,144,MVVLLRHLILQNLTHQLPYLGVMLMVISLNYKIPARFFLPNLDQYGVR,length1,144
3,1576466,1576448,18,MLPPLE,length1,18
3,1576733,1576715,18,MKDLSF,length1,18
3,1577093,1577021,72,MRCFVGASMFYIAINRHIYCTAIF,length1,72
3,1577117,1577105,12,MLDK,length1,12
3,1577177,1577141,36,MIVIRFYPLSHF,length1,36
3,1577237,1577180,57,MTLIFIVTVFSNDTNFLAA,length1,57
3,1577354,1577351,3,M,length1,3
3,1578977,1578941,36,MRSKRLREFYLG,length1,36
3,1579085,1578995,90,MNSYEIIYLLIFSTNETASQQKNCYTCHVF,length1,90
3,1579133,1579097,36,MKETKWLILIKF,length1,36
3,1579148,1579145,3,M,length1,3
3,1579169,1579151,18,MLALSM,length1,18
3,1579238,1579175,63,MKFQKVAAIKSNGTVKLRHSS,length1,63
3,1579301,1579280,21,MVSFHKL,length1,21
3,1579322,1579304,18,MKMAMS,length1,18
3,1579334,1579325,9,MCY,length1,9
3,1579481,1579406,75,MMAKWMIKSFVFLQMIVIQEMPTIH,length1,75
3,1579586,1579583,3,M,length1,3
3,1579643,1579631,12,MSVN,length1,12
3,1580270,1580168,102,MVIIKNNCVLFKFIIEYYLASFLLLLVNIGSLTI,length1,102
3,1580450,1580441,9,MRR,length1,9
3,1580630,1580498,132,MYVDVRQLKLVQPLPLLYQQQDQEMHQSAWSVSIYELDSHLASQ,length1,132
3,1580720,1580672,48,MIQWVNKMQSRKKESK,length1,48
3,1580819,1580792,27,MPILKYLRI,length1,27
3,1581446,1581371,75,MCFLKLKLSTISPLLNTADEVKSGA,length1,75
3,1582787,1581602,1185,MQQHNLSTTFVHAGRQKRFSQGSVNPVLQRASSLLFDSIEDKKHATQRRAKGELFYGRRGTLTHFALQDLMCEMEGGAGCYLYPCGTAAVTNSILSFVKTGDHVLMSGAAYEPTQYFCNIVLKKMQIDITYYDPLIGADIATLIQPNTKVLFLEAPSSITMEIPDIPTIVKAARKVNPNIVIMIDNTWSAGVLFKALEHDIDISIQAGTKYLVGHSDIMIGTAVANARTWDQLREHSYLMGQMVDADSAYTTARGIRTLGVRLKQHQESSIKVAKWLSEQPEVKTVYHPALPSCPGHEFFLRDFSGSSGLFSFELTQRLTSEQVSKFMDHFQLFAMAYSWGGFESLILCNQPEEIAHIRPNIKRNLTGSLIRVHIGFENVDELIADLKAGFERIA,length1,1185
3,1582889,1582883,6,MN,length1,6
3,1584530,1583174,1356,MKHIHILGICGTFMGGVAMIAKQMGYHVTGSDTNVYPPMNTFLEEQGIEIIPNYDVAQLQPAPDMVIVGNAMKRGNPCVEYVLENNLKYTSGPQWLHDHLLRDRWVLAISGTHGKTTTTGMLTWILEQNGLKPGFLIGGIAGNFGISARLGDSPYFVIEADEYDTAFFDKRSKFVHYNPRTLIVNNISFDHADIFDDLKAIQRQFHHMIRTIPASGLVLSSASEQSAKETLALGCWSQQQFLGKDNEWFAERITNDASHFAVFHHGEKVAEVKWNVVGQHNMHNALMAIAAAHHTGVAIEDACKALGSFVNAKRRLEVKGEVNGITVYDDFAHHPEAILATLTALRDKVGGVRILAVLEPRSNTMKMGVHKDDIAPALGRADAVFMLQPEQLSWEVADIANQCVQPAYWNANLDRLVDMIVAEAQPTDHILVMSNGSFGGIHQKILDKLKLK,length1,1356
3,1585118,1585097,21,MANAFAF,length1,21
3,1585223,1585160,63,MTALLCAVIVFRKIYLAKHSM,length1,63
3,1585460,1585409,51,MCAKVFAPGATNGLMVK,length1,51
3,1586009,1585907,102,MVITFLRSIWLIGLSKNESMSSPIHTTKSADFTF,length1,102
3,1586342,1586213,129,MFPYLLVVILKGKKEYAFLYKLQRFYSKKRENFSFSKSIGFIQ,length1,129
3,1586387,1586348,39,MHIYGQCAFSRGD,length1,39
3,1586792,1586777,15,MASMT,length1,15
3,1587104,1586897,207,MTSVFNLPIVPLIAGSWRLIFVTQISSISINVSSQIPERAKASTTQEPTPPMPITQICAWRKRAKPSGV,length1,207
3,1587137,1587116,21,MPPKRCS,length1,21
3,1587452,1587383,69,MPLKPLLQEERPQSLSLCHLDHF,length1,69
3,1587803,1587710,93,MLTLIFFPLMRPHKFVLDLDVFLQAYDKLDF,length1,93
3,1588280,1588247,33,MVYTPTFSILK,length1,33
3,1588625,1588589,36,MMISIRSSFSML,length1,36
3,1590791,1588658,2133,MKQLFATTSRGFEELLKVELTELGAQEAKVVQGGVHYQADDETLYRTLLWSRLASRILFPLIETKIYSDLDLYAAVSGFNWLGLFDERVTFFVDFNGTNQEIRHTQFGAMRVKDGIVDYFERQGKARPDVDKIQPDVRIHAYLNRENLVISLDLSGEALHLRGYREDAGQAPLRETLAAAIVLRSGWQVGSRLVDPMCGSGTLLIEAAQMEAKIAPQLYRLHWGFDFWKAHNQSAWEKVKNEAIELAEEKQREIQPHFYGFDLDHRVLKKAQKNAQNAGVSHLIKWQQGDVAALKNPRLNEVGTVICNPPYGERLGTTPALIALYSVFGQRLKKEFCGWNVSVFSSESTLLDCLRMRASRQFKAKNGPLDCVQKNYQVSERKSDEITAENELEFNRTSEVATDFANRLQKNIKKISKWAKQQGLDAYRLYDADLPEYNLAVDRYADYIVVQEYAAPKNIDENKARQRLLDAVTATLHVTGVETNKLILKVRQKQKGTNQYEKLANKGEYFYVNEYGAQLWVNLTDYLDTGLFLDHRLTRKMIGALAKGKDFLNLFAYTGSATVHAALGGAKSTTTVDMSNTYLNWAEQNLILNDIEGKQHKLIQADCLQWLEKCDRQFDLIFVDPPTFSNSKRMEDSWDVQRDHVKLMRNLKRVLSNNGTIVFSNNKRGFKMNLVALEELGLSAVEISHKTLPLDFERNKQIHNCWMIQHI,length1,2133
3,1590941,1590902,39,MKSLIYAPATTTQ,length1,39
3,1591622,1591616,6,MP,length1,6
3,1591844,1591772,72,MGGTLTQPCRVNEEGLRVVKFFRY,length1,72
3,1591862,1591856,6,MC,length1,6
3,1592396,1592345,51,MWFNSMQREEPYLLLTS,length1,51
3,1592693,1592600,93,MALTSRATHVLQWRIQREAKLRGGANLIKYV,length1,93
3,1592768,1592759,9,MSR,length1,9
3,1592894,1592876,18,MTGVKS,length1,18
3,1593335,1593068,267,MSPSSRGLGHRPFTAVTGVRIPVGTPIKDNFIRLSYCSLKNWKQAENKRFSRESLSRQDRKVKERTEKETLKTNLFCKKILIEQKQSSV,length1,267
3,1594070,1594064,6,MG,length1,6
3,1594199,1594091,108,MGQRLIFCSEVNRIGEPKGNRVLTGRLVARYRPETR,length1,108
3,1594271,1594259,12,MLKN,length1,12
3,1594295,1594277,18,MTCGWG,length1,18
3,1594445,1594421,24,MQTTNTKE,length1,24
3,1594892,1594883,9,MLT,length1,9
3,1595105,1595048,57,MWGRSRLGYRTVGYVRLSW,length1,57
3,1595279,1595150,129,MMTRLYGAEVTDTTLPGKATKRKALLNRTENRHRWSGREYSGA,length1,129
3,1595486,1595459,27,MPARCWKVN,length1,27
3,1595606,1595600,6,MA,length1,6
3,1595681,1595663,18,MRCTRG,length1,18
3,1595762,1595738,24,MCRIGGSL,length1,24
3,1597244,1597169,75,MYFVRTLYYLGHCYKFITGYIVIML,length1,75
3,1597817,1597766,51,MDIIVRFCLIIVMIKPD,length1,51
3,1598348,1598330,18,MILGQT,length1,18
3,1600424,1600130,294,MIKARYFYLYKLIVRCRFFIAKYNTLFKQQVIEFYIQNGKNYSLISKHFQLDSRTLRHWINQFNHSRINWLAVLGKKRNYSLKFKLNVIQTVKNGQFL,length1,294
3,1600571,1600568,3,M,length1,3
3,1600616,1600613,3,M,length1,3
3,1601096,1601087,9,MIY,length1,9
3,1601267,1601261,6,ML,length1,6
3,1601774,1601765,9,MTC,length1,9
3,1601930,1601909,21,MCGHFYW,length1,21
3,1602038,1602032,6,ME,length1,6
3,1602146,1602137,9,MKI,length1,9
3,1602317,1602272,45,MIFHFKIKCMRCTPT,length1,45
3,1603175,1603160,15,MEIVI,length1,15
3,1603319,1603202,117,MSFMNTSRKNHKNSRKPTNVGFFVALFLVLHHRFLSIKQ,length1,117
3,1603439,1603421,18,MMNLYH,length1,18
3,1603517,1603460,57,MNTGDHGDNCGNGEGFGMG,length1,57
3,1603544,1603526,18,MGKMHA,length1,18
3,1603607,1603601,6,MQ,length1,6
3,1603640,1603625,15,MPKCG,length1,15
3,1603838,1603826,12,MRQK,length1,12
3,1604177,1604153,24,MLHKISQS,length1,24
3,1605398,1605227,171,MCSMIELAHNSSPIIINIYTADFVAGNHNVINSDCLHIQNRQQHLWMLFIWCCFACF,length1,171
3,1605548,1605542,6,MT,length1,6
3,1606109,1606097,12,MLSS,length1,12
3,1606160,1606145,15,MMKNA,length1,15
3,1607726,1607699,27,METIFNFLF,length1,27
3,1608194,1607909,285,MAFAHHIAQNGLESQFTGMNIRVILIFLLKVFMAADALGNIDKFYPLLIRRCAPILKPSFVKYTNNFINRIFFFIFTMRTARIGVLRVKLCFFII,length1,285
3,1608749,1608593,156,MQDIDIGCLRQRSRSIKRLKCLLNIFNAVKKVQYKQIFRAFTQLIRTAIQTR,length1,156
3,1609007,1609001,6,MF,length1,6
3,1609442,1609109,333,MIQHYLRFSINRLLRTLHIGFQTALSLFTIKLRIIFNRLSDLIKTFIGGVIGDYIQNKAFFNRLLHRIKVERLKLAIRLFFAEFFQSAVFRCGGESKIRRIAVHFAGLHGL,length1,333
3,1609958,1609889,69,MLNQITFTHAMFTDISNQTADHI,length1,69
3,1610081,1610033,48,MLNNVGKACFAEHLLP,length1,48
3,1610258,1610219,39,MRQTTPEMEQRLA,length1,39
3,1610384,1610312,72,MVFQLKGNNRQAIGKQHHIHRFIA,length1,72
3,1610561,1610492,69,MGAINIQAFFQQVQHAVFLYLAV,length1,69
3,1610789,1610717,72,MMARQVFSLRLAQLIFHVFTPSAS,length1,72
3,1611023,1611011,12,MGCF,length1,12
3,1611290,1611248,42,MRQTNGINWCCFTI,length1,42
3,1611563,1611521,42,MLRHLPYPFHAGIF,length1,42
3,1611785,1611755,30,MPIVNRLSYT,length1,30
3,1611824,1611821,3,M,length1,3
3,1612103,1612085,18,MFFFNK,length1,18
3,1612148,1612130,18,MARYLP,length1,18
3,1612289,1612229,60,MQFVVRLTIKKLAYFMPNLA,length1,60
3,1612646,1612619,27,MCGNTVAQC,length1,27
3,1612943,1612874,69,MFNINNITLNIVRTMTKRIYNTF,length1,69
3,1613150,1613099,51,MLSTDFRYCTFITNIAD,length1,51
3,1614152,1614125,27,MCACTSALK,length1,27
3,1614248,1614179,69,MDSLSRKSLLVSYRIYSPALPVA,length1,69
3,1614650,1614587,63,MPCASHQAVISCSVWAKNPAL,length1,63
3,1614782,1614770,12,MVTL,length1,12
3,1614980,1614974,6,MS,length1,6
3,1615301,1615079,222,MASSKSFSIIWRRMLLSPEPASPVNRLEPLCTEATRLPILLSFGDFILLTISIRNSSCPSLERGVASRVSTLPQ,length1,222
3,1615514,1615463,51,MFSGLSPLIIMSDLQMA,length1,51
3,1615646,1615550,96,MERSPCDSDSGYFCSIKFCDSVSMPPLPQAGS,length1,96
3,1615793,1615658,135,MAGIWSLSGSKTKCVISSITSRGVKCSPASSLFSSLNLRISSSNT,length1,135
3,1615871,1615799,72,MPRLVSAGNLLPSGSCCSLGVRLI,length1,72
3,1615967,1615958,9,MIS,length1,9
3,1616042,1615970,72,MLVLKPSRYSSKLASIYCGVLLAV,length1,72
3,1616468,1616432,36,MIVGSYREESVR,length1,36
3,1616525,1616504,21,MLDYLYL,length1,21
3,1616576,1616570,6,MP,length1,6
3,1616984,1616678,306,MRRSLVLQQDQYNLVRHQCRCQFFGLSAVRFQCKLTVFDLTLFLFFLQSLYLSSVLLIRPKQEYSQCLFLMVVNFQCRAVWLIVHCYLILGAHLMANDSHIN,length1,306
3,1617824,1617683,141,MLLMRQINYALKHFPTLLYMKAMATCVCVLALMRIKALSQLAITALV,length1,141
3,1618097,1618094,3,M,length1,3
3,1618133,1618118,15,MKKNF,length1,15
3,1618202,1618136,66,MNGVCVKLLVNILTILACQWKC,length1,66
3,1618334,1618217,117,MMRAKSAAKNGKKSINLMPFGRVLKMMFPMRNTKRFTNT,length1,117
3,1618358,1618340,18,MILLIL,length1,18
3,1618466,1618412,54,MYQLKHLGIYLIANINTA,length1,54
3,1618547,1618475,72,MFNVYLLWMMLSNLCRIIYVLCVV,length1,72
3,1618571,1618559,12,MTCH,length1,12
3,1618631,1618574,57,MYLVKFYRITKLRLHYAKH,length1,57
3,1618715,1618673,42,MMQKNILNSGKSLV,length1,42
3,1618823,1618796,27,MMVVSKLSL,length1,27
3,1618982,1618889,93,MLQRKIAHTWNYSIKKALRFYYFPIVLMNGC,length1,93
3,1619381,1619330,51,MKLNLLIGWNCCLNKLC,length1,51
3,1619465,1619459,6,MK,length1,6
3,1619636,1619630,6,MG,length1,6
3,1619687,1619681,6,MC,length1,6
3,1619789,1619723,66,MSKLKIPLIKPPHFPCWLRIQL,length1,66
3,1619828,1619816,12,MKRH,length1,12
3,1619888,1619840,48,MKRNIRLFLLKVRLFS,length1,48
3,1619996,1619960,36,MTKAVSKLLPNV,length1,36
3,1620044,1620035,9,MTR,length1,9
3,1620200,1620104,96,MLCLLAMKINGRLRRFLRRLLMACFMGVVRRI,length1,96
3,1620344,1620296,48,MKRLPQKMELYAWLRR,length1,48
3,1620407,1620353,54,MMKKLLIVWLESHRVLKT,length1,54
3,1620482,1620413,69,MLSKMVAAAQLQEISILKVFKDT,length1,69
3,1620635,1620569,66,MNFSRQQAYKLLTFTRVREVIM,length1,66
3,1620725,1620692,33,MKSLSKKSLKC,length1,33
3,1620968,1620953,15,MNVSV,length1,15
3,1621712,1621034,678,MKLTLEMLTGKSREHLVNLPTTHSSNHFLQTQAMQAFQALQQSAAKNGFNLQPASSFRDFERQKLIWNSKFKGERKVHDDAGKALDLNQLDDWQKCQAILRWSALPGASRHHWGTEVDIFDPDLLPQGQSLQLEPWEYEKGGYFFELSEFLAENLPHFDFALPFMNMQSNKKVGREPWHISYLPLAELASQQFSPEILQQAWKGENILGADCLISHLEQIFSEYIV,length1,678
3,1621940,1621934,6,MF,length1,6
3,1622579,1622354,225,MLRVVVVRLKVDVESDPPVQKYPLVALFVQSAFFLRYFFLCRCLIRKQCCDRHLSEEKVRPLAPHNRDDVVALED,length1,225
3,1622666,1622663,3,M,length1,3
3,1622756,1622726,30,MKYRAELVVH,length1,30
3,1623059,1622924,135,MDKVLISFDVSKSVAVSSFIKFKKTKANAAATPGNMAGSVKVRKI,length1,135
3,1623194,1623173,21,MIITKKV,length1,21
3,1623227,1623218,9,MEK,length1,9
3,1623305,1623245,60,MTKPGTACNRYGKRSIQIVK,length1,60
3,1623461,1623380,81,MINELLNADKNSEKSPALSSEVPTISQ,length1,81
3,1623563,1623488,75,MLKMNMLEKNPKVKHCFPKESVFTR,length1,75
3,1623734,1623716,18,MAVVKV,length1,18
3,1623929,1623806,123,MAGLSCGKITYQKVYTGLLPSERLTSSRERSSLFSMAETGK,length1,123
3,1624340,1624244,96,MTYRNGKHNGSPIKMISKVSQNGGLRGKVKSF,length1,96
3,1625210,1625138,72,MVCSEIGAKSPASERSAKVAVCSV,length1,72
3,1625351,1625297,54,MPVSCSKAFATAVAASLC,length1,54
3,1625507,1625456,51,MLSANYSVQPELWLFYA,length1,51
3,1625939,1625798,141,MRFIQIFYVAVIHISSTNILICAFYQCFYILSKAFRYVSFVIFKGIN,length1,141
3,1626092,1626086,6,MK,length1,6
3,1626203,1626173,30,MAILAKIKKC,length1,30
3,1626296,1626284,12,MKMR,length1,12
3,1626368,1626326,42,MACKKKFMYSVRMR,length1,42
3,1626479,1626386,93,MKVLILSSMKRCSQCYPWKRRKKPLQNIFEC,length1,93
3,1626545,1626488,57,MVYCLLTMLCWWGMIIKLF,length1,57
3,1626572,1626569,3,M,length1,3
3,1626659,1626596,63,MDGKAYSKKVALDMLILSLVR,length1,63
3,1626713,1626689,24,MMKEFSVR,length1,24
3,1626734,1626728,6,MR,length1,6
3,1626932,1626782,150,MILNINYILLLYVAKNNIKTNRTLICTLMSKLICLVLGCRSFILIYLYDS,length1,150
3,1627052,1627025,27,MECRHFLIF,length1,27
3,1627487,1627406,81,MGISHYGLCREYSYCLTDFTYFHQSYS,length1,81
3,1627511,1627499,12,MMVL,length1,12
3,1627652,1627559,93,MFKFRIKHYSDKNAVRENSLPSFLADKTIFD,length1,93
3,1627913,1627904,9,MEF,length1,9
3,1629047,1629014,33,MVCWWELWLEG,length1,33
3,1629290,1629281,9,MWQ,length1,9
3,1629455,1629410,45,MPLRQQILFICHSLQ,length1,45
3,1629755,1629740,15,MLSMD,length1,15
3,1629977,1629956,21,MCSVVPC,length1,21
3,1630085,1630019,66,MQGRPYLIICHMVLSSMPQAVV,length1,66
3,1630142,1630124,18,MKVRSV,length1,18
3,1630388,1630385,3,M,length1,3
3,1630673,1630655,18,MFRFAR,length1,18
3,1630847,1630802,45,MWCICHFWTTKRRNA,length1,45
3,1631441,1631372,69,MIIYFVMLNNFSHQKSQCQCVPL,length1,69
3,1631852,1631729,123,MEPCWSVVVHLNDLQFLLDQAFASNQNVLQRDGFYSIVMGR,length1,123
3,1634858,1632413,2445,MRVLKFGGTSLANPERFSQAAKLIEQAHLEEQAAGVLSAPAKITNHLVALSEKAALNQSTDTHFNEAIEIFYNIINGLHAENNQFDLNGTKALIDAEFAQIKGLLEEIRQAGKVEDAVKATIDCRGEKLSIAMMKAWFEARGYSVHIVDPVKQLLAKGGYLESSVEIEESTKRVDAANIAKDKVVLMAGFTAGNEKGELVLLGRNGSDYSAACLAACLGASVCEIWTDVDGVYTCDPRLVPDARLLPTLSYREAMELSYFGAKVIHPRTIGPLLPQNIPCVIKNTGNPSAPGSIIDGNVKSESLQVKGITNLDNLAMFNVSGPGMQGMVGMASRVFSAMSGAGISVILITQSSSEYSISFCVPVKSAEVAKTVLETEFANELNEHQLESIEVIKDLSIISVVGDGMKQAKGIAARFFSALAQANISIVAIAQGSSERSISAVVPQNKAIEAVKATHQALFNNKKVVDMFLVGVGGVGGELIEQVKRQKEYLAKKNVEIRVCAIANSNRMLLDENGLNLEDWKNDLENATQPSDFDVLLSFIKLHHVVNPVFVDCTSAESVAGLYARALKEGFHVVTPNKKANTRELVYYNELRQNAQASQHKFLYETNVGAGLPVIENLQNLLAAGDELEYFEGILSGSLSFIFGKLEEGLSLSEVTALAREKGFTEPDPRDDLSGQDVARKLLILAREAGIELELSDVEVEGVLPKGFSEGKSADEFMAMLPQLDKEFKTRVATAKAEGKVLRYVGKISEGKCKVSIVAVDLNNPLYKVKDGENALAFYTRYYQPIPLLLRGYGAGNAVTAAGIFADILRTLQH,length1,2445
3,1635815,1634873,942,MLRIYAPASSANISVGFDTLGAAISPIDGSLLGDVVQIESISSGFELESAGYFVRKLPKEPQKNIVYQAYVLFSEQLKLRGANVKPLRLTLEKNMPIGSGLGSSACSIVAALVALNQFHNEPFSKMELLEMMGELEGRISGSIHYDNVAPCYLGGVQFMVQSLGNICQKLPFFDNWYWVLAYPGIEVSTAEARAILPKSYTRQNVIAHGRHLGGFVHACHTHQENLAAIMMKDVIAEPYRESLLPNFAEVKQATRDLGALATGISGSGPTIFSIAPDLQTAIKLSSYLESHYLQNNEGFVHVCKVDNEGTREIK,length1,942
3,1637135,1635860,1275,MNLYNIKHPEEQVTFSQAVRQGLGWDQGLFFPEVIPKLNNINELLELPLVERSQKILGALIDGELPQATLDAMVKNAFTFTAPLEKVEDNIYALELFHGPTLAFKDFGGRFMAQALAAVRGDGKITILTATSGDTGAAVAHAFYGLENINVVILYPKGKISPLQEKLFCTLGGNIRTVAINADFDACQALVKQAFDDVELRQAIGLNSANSINISRLLAQVCYYFEAVAQLPKEKRDNVVVSVPSGNFGNLTAGLIAKTLGLPIKRFVASTNANDTVPRYLKSGNWDPKTTVATLSNAMDVSRPNNWPRVEELFKRNGWDLTDLGSGMLSDSETEDTLKAMQSKGYLCEPHGAIAYQVLKEQLKASETGIFLCTAHPAKFKESVERILGIQLPLPETLDKHNQLPLLSDEMDNDFAQLRAYLLKS,length1,1275
3,1637885,1637873,12,MMEK,length1,12
3,1637897,1637894,3,M,length1,3
3,1637957,1637942,15,MLNVF,length1,15
3,1638005,1637999,6,ML,length1,6
3,1638035,1638017,18,MLLILY,length1,18
3,1638179,1638059,120,MSVRARFLHQFFFLRLMVIVVSVKVRDLITHVPKIQLAQY,length1,120
3,1638257,1638206,51,MEIVVLRFLLVWLQFKF,length1,51
3,1638329,1638281,48,MNGLFLAMCMVVLIDY,length1,48
3,1638458,1638371,87,MLIQHLLQQLRLPLTQIRKRFLLKPHRIL,length1,87
3,1638512,1638473,39,MWLKLQNLRKNIT,length1,39
3,1638584,1638578,6,MW,length1,6
3,1638638,1638620,18,MMHLLV,length1,18
3,1638728,1638689,39,MVQGRCFLLLILG,length1,39
3,1638806,1638782,24,MHKPLRNF,length1,24
3,1638902,1638878,24,MKLGLIHS,length1,24
3,1639064,1639061,3,M,length1,3
3,1639205,1639157,48,MTENILSSLMRNIISI,length1,48
3,1639307,1639283,24,MIMVAEKY,length1,24
3,1639376,1639367,9,MLI,length1,9
3,1639697,1639688,9,MLN,length1,9
3,1639769,1639700,69,MSFMLNLMSLRFIAQQRQKTIIY,length1,69
3,1639805,1639799,6,MV,length1,6
3,1639865,1639859,6,MR,length1,6
3,1640000,1639898,102,MCMRMNEICSLKISLTKSFKMIFSAVYLLAIMYC,length1,102
3,1640054,1640051,3,M,length1,3
3,1640078,1640066,12,MFIN,length1,12
3,1640876,1640735,141,MTPKPKIHFCLNISLSNNELNSPALGVENSSIKISGNADSNKSTNDV,length1,141
3,1641251,1641248,3,M,length1,3
3,1641566,1641545,21,MEYVLKK,length1,21
3,1642175,1642163,12,MSLH,length1,12
3,1642427,1642406,21,MKLVQLK,length1,21
3,1642604,1642601,3,M,length1,3
3,1643087,1643084,3,M,length1,3
3,1643858,1643819,39,MFGYELQTAWRTF,length1,39
3,1644959,1644911,48,MVATFIPFCKKPFSCG,length1,48
3,1645310,1645295,15,MVFLC,length1,15
3,1645370,1645313,57,MAFTRNAEKLRPSRKVSTS,length1,57
3,1645499,1645430,69,MRSSGATCIAADNACATTCPPNT,length1,69
3,1645607,1645571,36,MRLLRISDILLS,length1,36
3,1646333,1646318,15,MPFFI,length1,15
3,1646426,1646351,75,MNTDIAERNRGSSIFENLCHIFIRF,length1,75
3,1646666,1646642,24,MTIFFVCT,length1,24
3,1646897,1646864,33,MIFSESTNPIF,length1,33
3,1646987,1646984,3,M,length1,3
3,1647290,1647092,198,MFEMFFVTDLHIRGKHFINTINGCAAVNMAGNLGDNLCCHCRCGADRFRGFDFRIAHFETTRKHPF,length1,198
3,1647491,1647350,141,MNFTFFVSLYHIAWKNMVLGIMFCHNSSKQITLRWNHFRVFIGVFIK,length1,141
3,1647902,1647572,330,MTIFDIRTSNLRITTCHQFIFNDFLNLININLALMTGENFIPYFLPNLVAIKFIGNIDRTCGFFNGINDTLNLKLRTRTIALDDPKVTHDIAPIYSVFEMRIALYIDLKR,length1,330
3,1647920,1647917,3,M,length1,3
3,1648427,1648412,15,MGCLS,length1,15
3,1648910,1648844,66,MLLFRKKKKRSKNRPLFRQNIN,length1,66
3,1648961,1648940,21,MTRPLKV,length1,21
3,1649030,1649024,6,MA,length1,6
3,1649348,1649213,135,MSFENFSTANLCAFSTSCSVRRRRFSISARERSKISCSLFAASSI,length1,135
3,1649606,1649570,36,MTKMLNSSAVIL,length1,36
3,1649702,1649660,42,MILTYKCTKTYFIG,length1,42
3,1649882,1649870,12,MIFH,length1,12
3,1649963,1649936,27,MPIPSLKLV,length1,27
3,1650053,1650047,6,MR,length1,6
3,1650092,1650056,36,MKRLFIPPKLHI,length1,36
3,1650152,1650116,36,MISLHFLNVLMD,length1,36
3,1650239,1650227,12,MPLH,length1,12
3,1650338,1650287,51,MGIVKYRFVLLNIIPLN,length1,51
3,1650434,1650383,51,MMWCIFKKASINSDCFI,length1,51
3,1650461,1650455,6,MC,length1,6
3,1650731,1650725,6,ML,length1,6
3,1650965,1650908,57,MQTDVLRLLLIVHQYPLLN,length1,57
3,1651025,1650998,27,MGNTLLNYC,length1,27
3,1651049,1651031,18,MTISFS,length1,18
3,1651205,1651163,42,MKHVNNFYSIKWMS,length1,42
3,1651244,1651208,36,MNLTFDQMNIWN,length1,36
3,1651283,1651250,33,MNNVVYLAANS,length1,33
3,1651334,1651325,9,MTP,length1,9
3,1651382,1651376,6,MN,length1,6
3,1651424,1651403,21,MLKCKIC,length1,21
3,1651436,1651427,9,MMR,length1,9
3,1651763,1651748,15,MSHSR,length1,15
3,1651799,1651796,3,M,length1,3
3,1651850,1651835,15,MVRIM,length1,15
3,1652054,1651991,63,MKWTWALVEKQQALSENSYVN,length1,63
3,1652129,1652108,21,MAIISSM,length1,21
3,1652267,1652252,15,MHRKC,length1,15
3,1652696,1652651,45,MPPRSVLRLNSLCFE,length1,45
3,1653023,1652984,39,MLKILTIFCAKRR,length1,39
3,1653260,1653245,15,MDSAR,length1,15
3,1653641,1653611,30,MFSIRGSKVR,length1,30
3,1653686,1653659,27,MSASTVGIK,length1,27
3,1653989,1653983,6,MV,length1,6
3,1654127,1654088,39,MACRMFSTRRKKI,length1,39
3,1654247,1654241,6,MS,length1,6
3,1654988,1654976,12,MLRN,length1,12
3,1655162,1655156,6,MA,length1,6
3,1655426,1655291,135,MRAESAVIFSNLFDRNLSDVIRFLSLVEVANYLAIVLVFSSRAAK,length1,135
3,1655990,1655843,147,MLPNLVELLFVQARHEYFHQQKAREKALQLRLCNTTSYHPLVTGFCLVR,length1,147
3,1656140,1656050,90,MDLKYQSNGEAQEQVLLLMVSLCQYPFLYK,length1,90
3,1656938,1656809,129,MILAVSEIFCCAVSDISFCSVGGNVRNNSAYKRCSVLLGASER,length1,129
3,1657076,1657070,6,ML,length1,6
3,1657187,1657178,9,MPS,length1,9
3,1657214,1657202,12,MRRC,length1,12
3,1657643,1657619,24,MRRMTSSI,length1,24
3,1658264,1657985,279,MRIKFAPPFSISIWILFAPASRLFSTNSFTTDAGRSTTSPAAIWLASCGERILIGIYFSLNFIFCPVITLPFFKCGFRLNSIFTGMLYSLEIA,length1,279
3,1658732,1658576,156,MPLSLILSSFIFCSEVRLFFPDFFISFCLMFCTKLSLTKVLVLPLRNATKPS,length1,156
3,1658759,1658747,12,MRRR,length1,12
3,1659164,1659152,12,MEIR,length1,12
3,1659788,1659686,102,MINHFACNIVFFNQRISWAFYITLMTDALQHSAR,length1,102
3,1659857,1659848,9,MQF,length1,9
3,1659965,1659947,18,MKKNVG,length1,18
3,1660160,1660136,24,MHIIMGNY,length1,24
3,1660406,1660394,12,MRVW,length1,12
3,1660436,1660433,3,M,length1,3
3,1660799,1660649,150,MVSPPSISARIASKSKPARNFGCSMVRIGAEPVRFNNCNCKNQMSRMTAV,length1,150
3,1661288,1661270,18,MRTGSS,length1,18
3,1661357,1661345,12,MPSK,length1,12
3,1661489,1661465,24,MPSLLCFA,length1,24
3,1661708,1661612,96,MFWICSGRAFVATSKSFGFLPSNKSRIHPPTI,length1,96
3,1662512,1662380,132,MCNGARSFFHDLLVPSIKNFSEMKNLLFIHIFFIFFHLIRLNAC,length1,132
3,1662731,1662716,15,MDRKI,length1,15
3,1665167,1662803,2364,MKLNLITLAVLLIVADLTLLFLPQPLLLPWQVALVIALVLIFLFIFLRRNFLVSLAFFVASLGYFHYSALSLSQQAQNITAQNQVVTFKIQEILHQQDYQTLIATATLENNLQEQRIFLNWKAKEVPQLSEIWQAEISLRPLSARLNFGGFDRQQWYFSKGITAVGTVKSAVKIADVSSLRAEKLQQVKKQTEGLSLQGLLIALAFGERAWLDKTTWSIYQQTNTAHLIAISGLHIGLAMGIGFCLARVVQVFCPTRFIHPYFPLVFGVLFALIYAYLAGFSVPTFRAISALVFVLFIQIMRRHYSPIQLFTLVVGFLLFCDPLMPLSVSFWLSCGAVGCLLLWYRYVPFSLFQWKNRPFSPKVRWIFSLFHLQFGLLLFFTPLQLFLFNGLSLSGFLANLMAVPIYSFLLVPLILFAVFTNGTMFSWQLANKLAEGITGLISVFQGNWFNVSFNLALVLTALCAGIFMLIIWSIYREPEVSSSTWKIKRPRFFTLNLSKPLLKTDRINVLRCSFGIILMCFMILLFKQLSKPTWQVDTLDVGQGLATLIVKNGKGILYDTGSSWRGGSMAELEILPYLQREGIVLEKLILSHDDNDHAGGASTILKAYPNVELITPSRKNYGENYRTFCTAGRDWHWQGLHFQILSPHNVATRADNPHSCVILVDDGKNSVLLTGDAEAKNEQIFARTLGKIDVLQVGHHGSKTSTSEYLLSQVRPDVAIISSGRWNPWKFPHYSVMERLHRYKSAVENTAVSGQVRVNFFQDRLEIQQARTKFSPWYARVIGLSKE,length1,2364
3,1666211,1666166,45,MSNAICHFRFRTRKR,length1,45
3,1667927,1667906,21,MPIFCQR,length1,21
3,1667981,1667978,3,M,length1,3
3,1668248,1668209,39,MYLRKRCSLGRTE,length1,39
3,1668314,1668266,48,MKMWLMLPKILARKCA,length1,48
3,1668422,1668386,36,MKSLSIFKAMSL,length1,36
3,1668497,1668473,24,MSIWQVLR,length1,24
3,1668539,1668506,33,MMLRNYSIQMQ,length1,33
3,1668617,1668566,51,MCYIFPVRLFLTIVISL,length1,51
3,1668701,1668629,72,MFRKYSLRTLTYVILAFTHIVRGS,length1,72
3,1668743,1668710,33,MCNGLRLNLKI,length1,33
3,1670708,1668881,1827,MFDAKKFLADVSHEPGVYRMYDDKDQVIYVGKAKDLKKRLSSYFRKNLSSKKTEALVASIHHIDTMLTSSETEALLLEHNFIKLYQPRYNVLLRDDKSYPFILLTKERHPRITSYRGSKKFAGEYFGPYPHAGAVRETLSLLQKLFPVRQCENSVYSNRSRPCLQYQIGRCSAPCVQGYVSDEEYNQQVELARLFLQGKDQQVLDYLIGKMEQASRNLDFEQAARYRDQIQAVRSVIEKQFVSNERLDDMDIMSIAYQHGLACVQVMFIRQGKVLGNRSYFPKVPANTDLSELTETFVGQFYLQGHQGRSIPNSIIVDRQLAEKSELEQLLTEQAGRKVTIQESVKGDKSKYLQLAQVNAKAALNVQLKQSSRMSERYQALCDLLNLPEIKRMECFDISHTMGNQTVASCVVFNQEGPLKSDYRRFNIEGITGGDDYAAMEQALQKRYERDLEEDKIPDIIFIDGGKGQLNRALNVFQHLQVKWDKNRPHLIGVAKGVDRRAGQEVLIISKQDREIHLPDDSLALHLIQHIRDESHNHAISGHRKKRQKAFTQSGLETIEGVGAKRRQALLKYLGGLQGVKKATLDEIASVPGISLKLAETIFETLKND,length1,1827
3,1670729,1670726,3,M,length1,3
3,1670786,1670762,24,MIRTFGSI,length1,24
3,1670831,1670816,15,MDYRS,length1,15
3,1671656,1671647,9,MAE,length1,9
3,1672061,1672019,42,MRGKPKIGRGGSSG,length1,42
3,1673462,1673456,6,ML,length1,6
3,1674722,1673696,1026,MKERIKAICLEKPNNVVVKEVPYPEKSDNDVLIQVESMGICGSDIGAYRGTNPLVTYPRILGHEIVGRVIESGIGMPDRVRVGDRVIVDPYVFCGQCYPCSIGRTNCCESLKVIGVHIDGGMQEVIRHPAHLLTKVPDNLPIHQLPLAEPLTIALHALHRTTLKSGEHIVIIGAGAIGLMAALAAVQYGAIPILVDILEQRLEYAKSLGIEHIVNPHKEDDIKRIKEITSGRMAEVVMEASGANISIKNTLHYTSFAGRIALTGWPKTETPLPTNLITFKELNIYGSRTSKGEFEEALDMLATNKINASHIITKCIKFEEIPSFISDLSDHPENYLKINAVF,length1,1026
3,1674980,1674911,69,MKQIIDMRLDFILIINLAVKIKL,length1,69
3,1675004,1674983,21,MDYVMAL,length1,21
3,1675040,1675037,3,M,length1,3
3,1675181,1675154,27,MELNYLPMV,length1,27
3,1675217,1675184,33,MDFVLFHLIKN,length1,33
3,1675385,1675361,24,MVKKIRIC,length1,24
3,1675472,1675406,66,MKYKNILSKVTIFSLQDYYKLA,length1,66
3,1675649,1675601,48,MEMKLSYQVKHLKMTW,length1,48
3,1675709,1675652,57,MHLRCFMIVFIKNMIGLRM,length1,57
3,1676234,1676078,156,MHSDCNDFYSLWCITTDVFDLYSTNASYRYIFIFFIFSCCYICRILLFYCHV,length1,156
3,1676858,1676834,24,MGYLENFV,length1,24
3,1676918,1676906,12,MGCF,length1,12
3,1677326,1677257,69,MCNGFNSCGINFCSSLITSVKSI,length1,69
3,1677665,1677617,48,MGNPLRKCGKVMVVIP,length1,48
3,1677734,1677722,12,MSLH,length1,12
3,1677839,1677782,57,MASKQIGFYRMNSINQVFI,length1,57
3,1677962,1677851,111,MLKANARSFIGVINLQHIIWFNIRILLRLLQNFSKLM,length1,111
3,1678019,1678004,15,MTALF,length1,15
3,1678214,1678169,45,MMNKHYGKIKHLGIL,length1,45
3,1678313,1678268,45,MVLFFQIGIYLNMGK,length1,45
3,1678340,1678334,6,MW,length1,6
3,1678382,1678370,12,MLDF,length1,12
3,1678613,1678598,15,MFISS,length1,15
3,1679135,1679096,39,MACCIFLKSWYSL,length1,39
3,1679624,1679567,57,MASFAYSWSTRRIDYREGY,length1,57
3,1679777,1679774,3,M,length1,3
3,1680536,1680527,9,MVV,length1,9
3,1680698,1680692,6,MG,length1,6
3,1681433,1680797,636,MSYTTQQIIEKLRELKIVPVIALDNADDILPLADTLAKNGLPVAEITFRSEAAADAIRLLRANRPDFLIAAGTVLTAEQVVLAKSSGADFVVTPGFNPKIVKLCQDLNFPITPGVNNPMAIEIALEMGISAVKFFPAEASGGVKMIKALLGPYAQLQIMPTGGIGLHNIRDYLAIPNIVACGGSWFVEKKLIQSKNWDEIGRLVREVIEIIK,length1,636
3,1681625,1681601,24,MNLLILNL,length1,24
3,1681958,1681913,45,MYEKTNSCLSLWRNV,length1,45
3,1682657,1682639,18,MNILLM,length1,18
3,1683458,1682798,660,MQSRLIVDAQKESLLSTHKVLRNTYFLLGLTMAFSAVVAFISMSLNLPYPNIIVLLVGFYGLLFLTNKLADRPAGILAAFAFTGFMGYTIGPILNMYVARGMEDLIMLAFAGTAIVFFACSAYVLTTKKDMSFLSSAMFALFIVLLLGMVASFFFQIPALSVAISALFVVFSTMTILYETSNIIHGGETNYIRATVNIYVSIYNLFLSLLRLLSIFSSDE,length1,660
3,1683554,1683479,75,MTPLFSGVIFWNRQWKNKFLNIQLM,length1,75
3,1683659,1683611,48,MKRWMESYLMLNLNKH,length1,48
3,1683980,1683929,51,MAMFFPFITQKKVKFFA,length1,51
3,1684025,1684010,15,MILQR,length1,15
3,1684130,1684049,81,MKLIRRKKLLIYSVVMFCLLLMHKLKN,length1,81
3,1684262,1684250,12,MGLN,length1,12
3,1684373,1684370,3,M,length1,3
3,1684739,1684718,21,MVGSSLR,length1,21
3,1684973,1684913,60,METLSNQRKSSNYTFCKCKL,length1,60
3,1686107,1685306,801,MKFISFNINGLRARPHQLEAIIEKYQPDVIGLQEIKVADEAFPYEITENLGYHVFHHGQKGHYGVALLTKQEPKVIRRGFPTDNEDAQKRIIMADLETEFGLLTVINGYFPQGESRAHETKFPAKEKFYADLQQYLEKEHDRSNPILIMGDMNISPSDLDIGIGDENRKRWLRTGKCSFLPEERAWYQRLYDYGLEDSFRKLNPTANDKFSWFDYRSKGFDDNRGLRIDHILISQKLAERCVDVGIALDIRAMEKPSDHAPIWAEFK,length1,801
3,1686893,1686119,774,MDMANWQNYRSTVNGMPAVFTANIEDVEKYHGKGLDKIVQFTIDYQADDETGLPSEVEYDKLINRVFKILTQLTALPNVFFAGHFICNSQIKIHFYCKHENLIVETLQQIDFVKDINVQKDLIWDTYFDFLLASPLEIKLNATEELLDLLKSKGRNLSDTYLVEHSFHFDEEQKMFPFMDELSLGDYSFTTLQYSAQAIQFNEDDEPYFLVKLEQEISLENSEIFEQVERFEKLAEQFSGEYIGWECDSLLDSNKPLN,length1,774
3,1687043,1687031,12,MACQ,length1,12
3,1687160,1687097,63,MKTKSTTNKLWNQSDKFRRIK,length1,63
3,1687205,1687172,33,MMYMLVESTRA,length1,33
3,1688435,1688426,9,MQR,length1,9
3,1688834,1688666,168,MITGTPDSLESKISILRNKAPPPVNTIPRSKMSAACSGWHSSSAVRTAATIPFNGC,length1,168
3,1688939,1688837,102,MASRTSRDVKVNERGAPSAKLCPCTSISLISSPS,length1,102
3,1689020,1688969,51,MRSAVGSPITEPKVRRT,length1,51
3,1689494,1689467,27,MLFNVPTRS,length1,27
3,1689659,1689641,18,MKVSFV,length1,18
3,1689875,1689839,36,MIVVCGSSCCNN,length1,36
3,1690265,1690223,42,MVRKSVVFPAPDFP,length1,42
3,1690322,1690298,24,MFRCLISV,length1,24
3,1690421,1690415,6,MA,length1,6
3,1690694,1690676,18,MTALNC,length1,18
3,1690775,1690739,36,MLSAYSFIRIKE,length1,36
3,1690868,1690847,21,MRVVKMT,length1,21
3,1691018,1690982,36,MTPVLKESVVFT,length1,36
3,1691171,1691150,21,MTKRCSK,length1,21
3,1691387,1691210,177,MTQNKPICCQNTCSLNSCNDVYIFLYHSECTRLIRTLSSVIATISRKNKIGLMLRLGER,length1,177
3,1691525,1691447,78,MPKLKTTEVMASVCKIQIREVMASWL,length1,78
3,1691672,1691618,54,MLNFARKNVTNVSFFEFG,length1,54
3,1693391,1691738,1653,MSDIAITISLLALVAVIGLWIGHWKIRGVGLGIGGVLFGGIIVAHFTNQYGLKLDAHTLHFVQEFGLILFVYTIGIQVGPGFFSSLRKSGLKLNAFAILIIVLGSIAVVLVHKIADVPLDIALGIYSGAVTNTPALGAGQQILAELGVPQTTVTMGVSYAMAYPFGICGILLAMWLIRLFFKVKVDDEAARFNAESSQDKESLHNISLKVTNQNLDGLTLIQIPGFSDEEVVCSRLKRDDMEIVPKASTEIRINDILQLVGDDNSLAKMRLIIGYEVDAPTVAYSGEIRSERVVVTNEKVLGKKIRALGIHQKYGVVISRLNRAGIELVPTGNTTLQFGDVLHMVGRSDVLNQAISVIGNAQQKLLQVQMLPVFIGIGLGVLVGSIPFYIPGFPVALKLGLAGGPLVVALILARIGTIGKLYWFMPPSANLALREIGIVLFLAVVGLKSGGSFFDTLVNGSGLEWMGYGIFITFIPLMITGILARLYGKLNYLTICGLLAGSMTDPPALAFANEIKEDNGAAALSYATVYPLVMFLRIMSPQLLAVLLWAA,length1,1653
3,1693508,1693478,30,MIEFRTFIAK,length1,30
3,1693685,1693682,3,M,length1,3
3,1694345,1693913,432,MPSWVTTGFEEYQRRFPKDMPFELIEIPAGKRGKNADIKRILEQEGKAMLAACGKGKVVTLDIPGKPWTTPQLAEQLEAWKNDGCDVCLLIGGPEGLSPECKAAAEQSWSLSPLTLPHPLVRVVVAESLYRAWSLTTNHPYHRE,length1,432
3,1696322,1694369,1953,MNLKKFFNTPTHEPFRDKKAERNLFARRTLVAFLGILLLTGVLFTNIYQLQIVNFDTYRTRSNGNRIKLLPLPPTRGLIYDRYGKLLAENLTFFGLYIVPEKTENLDRTLDELRYIVGLTDNDIEHFKKERLRGTRYTPILLKPNLTEEQISRFAVNGYQYPSLEVRPYFKRHYLYGETMAHILGYVGKMNDKDVERLKREDKFANYAGTNDIGKLGIERYYEDILQGTTGFEEVEINNRGKVIRTLRSRPAVAGKSIHLTIDLALQRYITELLSGLKGAVVVLDPKDSSVLAMVSTPSYDNNLFVDGISSEDYKRLLNDPARPLYSRATQGAYPPASTVKPFIAVAAQTENVITPNTTIFDPGYWVLPNSTKRFRDWKKTGHGDTDLNKAITESSDTYFYQVAYNMGIDRLSNWMKDFGFGMPTGIEIQEETAANMPTREWKQKRYKRPWVQGDTISVGIGQGYWTATPLQVAKATTILVNNGKVNTPHLMKAIEGAVLEPYEDPLIYPDISTPKVTAWEAAKRGMYNVVNAANGTGRKAFADANYRVAGKSGTAQVFSLKENEKYNAVGLKKELHDHAWFTAYAPYENPRLVVTVILENAGGGSSNAAPLARKVMDYYLNQRLPQVEKYNVPIQQKKDLSQESEQINGR,length1,1953
3,1697483,1697462,21,MKSVSIL,length1,21
3,1697636,1697573,63,MVFEGIIFLSQLKCLHQGLIQ,length1,63
3,1697699,1697669,30,MKPNLILKKV,length1,30
3,1697798,1697726,72,MGEKQQVAMFITQNNLLQHIKHCQ,length1,72
3,1697813,1697807,6,ML,length1,6
3,1697888,1697858,30,MIVGLLVINV,length1,30
3,1698053,1697981,72,MGIYQVQPQKHWLNKQKLRKLPIV,length1,72
3,1698107,1698101,6,ML,length1,6
3,1698281,1698233,48,MKFILGLLMTKQKWHK,length1,48
3,1698488,1698482,6,MY,length1,6
3,1698581,1698578,3,M,length1,3
3,1698767,1698749,18,MMRLLH,length1,18
3,1698803,1698788,15,MYRTL,length1,15
3,1698839,1698821,18,MFNNLV,length1,18
3,1698872,1698866,6,MV,length1,6
3,1699049,1699010,39,MDYYGIKLSMLME,length1,39
3,1699280,1699262,18,MAIKIQ,length1,18
3,1699358,1699352,6,MN,length1,6
3,1699460,1699427,33,MVRILQVPIYK,length1,33
3,1699511,1699466,45,MMWEKRVFLVNYGIG,length1,45
3,1699874,1699598,276,MTIENDYAKLKELMEFPAKMTFKVAGINREGLAQDLIQVVQKYIKGDYIPKEKRSSKGTYNSVSIDIIAENFDQVETLYKELAKVEGVKMVI,length1,276
3,1700558,1700534,24,MPNLGIFI,length1,24
3,1701530,1700570,960,MSTPFKMERGVKYRDAAKTSIIPVKNIDPNQELLKKPEWMKIKLPASSAKIESIKNGMRRHGLHSVCEEASCPNLHECFNHGTATFMILGAICTRRCPFCDVAHGKPLPPDPEEPQKLAETIQDMKLKYVVITSVDRDDLPDRGAGHFSECVKAVRELNPNIKIEILVPDFRGRITQALEKLKDNPPDVFNHNLENVPRLYKEIRPGADYEWSLKLLREFKEIFPNIPTKSGLMVGLGETNEEILQVMQDLRDNGVTMLTLGQYLQPSRHHLPVARYVPPTEFDEFRDKANEMGFEHAACGPFVRSSYHADLQASGGLVK,length1,960
3,1701656,1701635,21,MYNAVLR,length1,21
3,1701791,1701752,39,MLCFLLFWRVDAI,length1,39
3,1701962,1701950,12,MCCD,length1,12
3,1702202,1702169,33,MLIMGENACGW,length1,33
3,1702286,1702283,3,M,length1,3
3,1702931,1702874,57,MFKYGFNLLIHSILKSIAQ,length1,57
3,1703168,1703084,84,MKRLTGRLCYEIKKKYVICAGLKCRHVE,length1,84
3,1705502,1704002,1500,MTTREQRIEKYHADRSVYQAVPKSESLSRTAKDRKLCTSLEEAIKRSGLKDGMTVSFHHAFRGGDFVVNMVMNKIAEMGFKNLTLASSSLIDSHFPIVEYIKNGVVTKIYSSGLRGELAEQISRGLLNEPVNIHSHGGRVHLVKSGELKIDVAFLGVPCCDTFGNANGFTGKSKCGSLGYARVDAEYADKVVLLTEEFVEYPHYPISIAQDQVDLIVQVEAVGDPKKIGGGATRMTTNPRELLIARKCAEVIFASGYFKDGFSLQTGSGGAALAVTRFLEEKMRRENITADFALGGITASMVALHETGLIKKLLDVQSFDSVAAESLARNPNHIEVSANQYANYSSKGASVERLDMVILSALEIDTKFNVNVLTGSDGVIRGASGGHCDTAASAQVAIIVAPLVRGRIPTVVENVITCVTPGENVDILVTDHGVAVNPKRPDLIEALSKTDIPLFTIEQLCERAYSITGKPKEIEFTNKPVAVVRYRDGSVIDTVYQVKD,length1,1500
3,1707080,1706012,1068,MIELEESIPLARLWDLDVFNAKGNLLSRTDFDLSPRTCLVCGENAKICARTRKHEIDEIVDKIQSLAQNHDFAEHIGEQVYLALIQEARLSPKPGLVDAINNGSHKDMNLHTFEQSAISLKPFFTQFVLKGMMTAHLSENQILAEIRPLGLLAEKAMFKVTDGVNTHKGAIFSFGLVCTAIGRLLAQKSLVQSAVDFDVKLICSLVAQFTQGLTDELKNYPEHLPSTAGVRLFQKYGLTGVRGEAENGFNLIQTLLPQFDEYHQLEWEHRLLILLLNLMAINSDTNVVHRGGLAGLHFIQQTAQDLLTDQHLVTDKTALTQALMKFDTACIERNLSSGGSADLLALTIFFLSFRGN,length1,1068
3,1707416,1707359,57,MAYFYRIHFEFSICNHRSR,length1,57
3,1707845,1707749,96,MVLSCIRTRLTLLILNSVNLLLGISTRIEKSG,length1,96
3,1708109,1708058,51,MEYPSMVWWYHRYVWLA,length1,51
3,1708166,1708130,36,MVSKHLKYHTSV,length1,36
3,1708526,1708487,39,MVEIINEFRLVIS,length1,39
3,1708736,1708730,6,MN,length1,6
3,1708814,1708796,18,MIYKPF,length1,18
3,1710365,1708943,1422,MTQKLHIKTWGCQMNEYDSSKMADLLLSTHGLELTEAPEEADVLLLNTCSIREKAQEKVFHQLGRWKELKKNNPNLVIGVGGCVASQEGEHIRHRAPYVDIIFGPQTLHRLPEMINQIRGGKSSVVDVSFPEIEKFDRLPEPRAEGPTAFVSIMEGCNKYCTFCVVPYTRGEEVSRPVDDVLFEIAQLAEQGVREVNLLGQNVNAYRGPTHDGQICSFAELLRLVASIDGIDRLRFTTSHPIEFTDDIIDVYRDTPELVSFLHLPVQAGSDRVLTMMKRAHTALEYKSIIRKLRAVRPDIQISSDFIVGFPGETSEDFEQTMNLIAQVNFDMSFSFVYSARPGTPAADMLDDVTEDEKKQRLYVLQERINQQAAQFSRRMLGTEQRVLVEGPSKKDIMELTGRTETNRIVNFQGSPEMIGKFVDVKITDVYTNSLRGEVVRTEDEMGLRIAQSPQEVMNRTRKEDELGVGRYHG,length1,1422
3,1710530,1710500,30,MMTAKKTSMG,length1,30
3,1710689,1710641,48,MFIKHCNNFICKPFPT,length1,48
3,1710743,1710704,39,MCHTTFYGKHCVK,length1,39
3,1710785,1710782,3,M,length1,3
3,1711034,1711022,12,MNLL,length1,12
3,1711178,1711166,12,MLNY,length1,12
3,1711301,1711295,6,MI,length1,6
3,1711418,1711388,30,MTICLIHSGY,length1,30
3,1711490,1711433,57,MKRVACVQKANLLKTKLLQ,length1,57
3,1711613,1711607,6,MR,length1,6
3,1712393,1712384,9,MLS,length1,9
3,1712690,1712657,33,MWRSGLGRLCD,length1,33
3,1713122,1713119,3,M,length1,3
3,1713572,1713560,12,MLWW,length1,12
3,1714757,1713710,1047,MSNLFFVILLAVGFGVWKVLDYFQLPNTFSILLLILTALSGVLWCYHRFVVLPKRHRQVARAEQRSGKTLSEEEKAKIEPISEASEFLSSLFPVLAVVFLVRSFLFEPFQIPSGSMESTLRVGDFLVVNKYAYGVKDPIFQNTIIEGEKPQRGDVIVFKAPQQALIRTGLGATRAAFAENLALSSKDNMSGVDYIKRIIGKGGDRIIFDAEQKTLKVVYGKEGKPCEIDCETKAFEYTQNPTNPAFPNELELTEKGDVTHNVLISEYRRYSDLEFFPQEGMQTAEWLVPEGQYFVMGDHRDHSDDSRFWGFVPEKNIVGKATYIWMSLEKEANEWPTGFRFDRFFTAIK,length1,1047
3,1715354,1715327,27,MQSEKCGEN,length1,27
3,1716347,1715441,906,MTEQFDKTYCGFIAIVGRPNVGKSTLLNKILGQKISITSRKAQTTRHRIVGIKTEGAYQEIYVDTPGLHIEEKRAINRLMNRAASSAIGDVDLIIFVVDGTHWNADDEMVLNKLRNAKAPVVLAINKVDNIKNKDDLLPFITDLSSKFNFAHIVPISAQRGNNVHELEKIVRQSLREGVHHFPEDYVTDRSQRFMASEIIREKLMRFTGEELPYSVTVEIEQFKVNERGTYEINGLILVEREGQKKMVIGAGGQKIKTIGMEARADMERLFDNKVHLELWVKVKSGWADDERALRSLGYMDE,length1,906
3,1716425,1716395,30,MGIFLFLIFH,length1,30
3,1716488,1716476,12,MLSK,length1,12
3,1716623,1716548,75,MPFCLSDEFCHCSIGGINAIMEWWI,length1,75
3,1716860,1716737,123,MNICHCNLCVRRAFFYHRANYPCATAKIKHFSFYFIINGCK,length1,123
3,1716995,1716941,54,MLIGFPEIFKFKVRFILE,length1,54
3,1717007,1717001,6,MI,length1,6
3,1717283,1717262,21,MATPNLD,length1,21
3,1717379,1717370,9,MAF,length1,9
3,1717913,1717511,402,MNRRDLLLQEMGISQWELYRPEVLQGSVGISVAENIRLITVSDENISSSPLLADVLLSLNLKKENCLCLNYDQIQHMECKQPIRYWLLSENSDQIDRTLPFCKQAEQVYRSPSWQQFQSNHQAKRALWQQIQQP,length1,402
3,1718012,1717964,48,MKSSSKPIWCLGHLVR,length1,48
3,1718171,1718102,69,MKRLCLILRFCLLIKVADLANYC,length1,69
3,1718339,1718258,81,MKKLVLMKWIFGKIIIRTPVVDEKMQW,length1,81
3,1718420,1718399,21,MLLLQEK,length1,21
3,1718480,1718423,57,MDLIHFGRNLFLPFQYLRK,length1,57
3,1718849,1718600,249,MTTFRVCHDYYNWCIVHVPNSIHFHINYNVSSVNLVMYQFVPYLQQAMSHKQGSDVNFRCFQLGYYEEFVELLVTNKGKVQPK,length1,249
3,1718972,1718930,42,MLFQEIQLLQQFAR,length1,42
3,1719272,1719254,18,MNLLLV,length1,18
3,1719587,1719557,30,MPYIYALRYQ,length1,30
3,1719788,1719719,69,MSKRAFFDQGYICHYQQPRVHSL,length1,69
3,1719947,1719902,45,MGEWRAQFVVYPKFL,length1,45
3,1719986,1719974,12,MQRQ,length1,12
3,1720808,1720649,159,MIAPGAGQAFKQPGSAQCIQPSLRISHSKRSFSSTSLKRITVHAFASRSTGLS,length1,159
3,1721312,1721183,129,MVYDTSINFEIFKTFCNHGNRFNIATTRSNFYHIAFLDAFFCR,length1,129
3,1721399,1721390,9,MLG,length1,9
3,1721585,1721501,84,MKWVCINWAFNWFIVFWHWAICNFINGK,length1,84
3,1721933,1721915,18,MCKSIE,length1,18
3,1722698,1722590,108,MTIIVHLVWNDIFWCNCVNVLIVRGIFIVWQTHITW,length1,108
3,1722860,1722845,15,MLCKT,length1,15
3,1722896,1722872,24,MRHRFIWH,length1,24
3,1723028,1723022,6,ML,length1,6
3,1723412,1723274,138,MKISNGCCTVKTRINNDDFRTVFLRFNCPTEANRMGFCRVTALNDD,length1,138
3,1723868,1723835,33,MIWIALNMKEF,length1,33
3,1723898,1723889,9,MAA,length1,9
3,1724267,1724246,21,MARVTIF,length1,21
3,1724318,1724288,30,MTLASTNIVI,length1,30
3,1724375,1724366,9,MDW,length1,9
3,1725191,1724381,810,MQCWIRQTINFFRKTKNTEKLTALLQQKEDILAVEIPVSLVYNGISHAVMMCSPNNLEDFALGFSLTEGIINKPEDIYGIDVVEVCNGIEVQIELSSRKFMALKEHRRNLTGRTGCGICGTEQLNQVYKTFPKLDCTFQFDLNLLDSCLIDLQKNQLLGCKTGATHACAFFDLYGSMLAIYEDVGRHVALDKLLGWHAKSGKPRGFILASSRASYEMVQKTVACGVEMLVTISAATDLAVTMAEKHNLTLIGFAREGKGNIYSGHLRLHN,length1,810
3,1725917,1725455,462,MGSVLVDLQIATENIEGLPTEEQIVQWATGAVQPEGNEVEMTVRIVDEAESHELNLTYRGKDRPTNVLSFPFECPDEVELPLLGDLVICRQVVEREAAEQEKPLMAHWAHMVVHGCLHLLGYDHIEDDEAEEMESLETQIMQGLGFDDPYLAEK,length1,462
3,1726721,1725935,786,MMYKAVFSDFDGTLLTSQHTISPRTVAVIKRLTANGIPFVPISARSPLGILPYWKQLETNNVLVAFSGALILNQNLEPIYSVQIDPKDILEINTVLAEHPLLGVNYYTNNDCHARDVENKWVIYECSVTKIEIHPFDEVATSSPHKIQIIGEAEEIIEIEVLLKKKFPHLSICRSHANFLEVMHKNATKGSAVRFLEDYFGVQTNEVIAFGDNFNDLDMLQHAGLGVAMGNAPDEIKQAANVITATNNEDGLALILEEKFPE,length1,786
3,1726835,1726775,60,MIHCFNLLAITFQNHFSTQF,length1,60
3,1727162,1726994,168,MIFNIDLFSVLFQTIKARHNQCGHIFFRICDDCNLFDKFIFTDFAFDILWRDIFTV,length1,168
3,1727450,1727405,45,MPARNGCGCFCHAIA,length1,45
3,1727762,1727642,120,MFLSYRNCPMEHYLAKFWCFLNFIQHGCINFFVKTWDGTH,length1,120
3,1727885,1727837,48,MKNISRPCPFKNMREW,length1,48
3,1727969,1727948,21,MREISVI,length1,21
3,1728254,1728179,75,MMSNFQCLIVLLLIADEENFYIGVI,length1,75
3,1728575,1728359,216,MGKNGDFILYVNIVSKQCSRKLIELLLKIFPRNVSPQAVFFIAKCGHICTSLGLLLNTMNKMEIEIHINPIF,length1,216
3,1728905,1728857,48,MRYLLLHQIQKLKHNR,length1,48
3,1729160,1729109,51,MQVILYLLLSLHLLKME,length1,51
3,1729199,1729172,27,MHRGRRASL,length1,27
3,1729268,1729205,63,MDHPQFFELQSLREQWSLNHL,length1,63
3,1729334,1729328,6,MR,length1,6
3,1729364,1729358,6,MR,length1,6
3,1729442,1729406,36,MGQLIQLFLRLQ,length1,36
3,1729994,1729961,33,MIFYREICIID,length1,33
3,1730303,1730243,60,MPKFLVAIIMEPLYLRLKKI,length1,60
3,1730327,1730318,9,MYF,length1,9
3,1730528,1730504,24,MTNMIMSL,length1,24
3,1730552,1730531,21,MMILRKH,length1,21
3,1730624,1730615,9,MQC,length1,9
3,1732487,1732421,66,MVKFCGNGSCENTDSPLSQTAL,length1,66
3,1732796,1732775,21,MLPSNPR,length1,21
3,1732892,1732811,81,MLYRKKYSCGTPSTLCKFEKCLSSIVG,length1,81
3,1732901,1732895,6,MG,length1,6
3,1735241,1733162,2079,MSLELLDAVPLTSLSGVGAAISNKLAKIGIQNLQDLLFHLPIRYEDRTRITPIANLRPEQYFTIEGIVQTCEVAFGRRPILSVSLSDGTSKIMLRFFNFNAGMRNSFQAGVRVKAFGEVKRGRHMPEIHHPEYQIVRDNAPIVLEETLTPIYSTTEGLKQNSLRKLTDQALTLLDKVQIAEILPNEFNPHQYSLKEALRLLHRPPPDISLEMLEQGKHPAQQRLIFEELLAHNLAMQKVRLGTQQFSALPLHYQTDLKQRFLATLPFQPTNAQKRVVSDIEQDLIKDYPMMRLVQGDVGSGKTLVAALAALTAIDNGKQVALMAPTEILAEQHANNFRRWFEPFGIEVGWLAGKVKGKSRQAELEKIKTGAVQMVVGTHALFQEEVEFSDLALVIIDEQHRFGVHQRLMLREKGEKAGFHPHQLIMTATPIPRTLAMTVYADLDTSIIDELPPGRTPITTVVVSEERRAEIVMRVKNACVNEKRQAYWVCTLIDESEVLEAQAAEAIWEDLTKALPMLNIGLVHGRMKPQEKQDVMMRFKNAELDLLVATTVIEVGVDVPNASLMIIENAERLGLSQLHQLRGRVGRGSTASFCVLMYKPPLGKVSQKRLQVLRDSQDGFVISEKDLEIRGPGEVLGTKQTGIAELRIANLMRDRKMIPTVQHYAKSLIQKYPDVAESLICRWLNNKEIYSNA,length1,2079
3,1735448,1735394,54,MRDSLIQNAKKKVLFTAL,length1,54
3,1735496,1735487,9,MQS,length1,9
3,1735670,1735664,6,MS,length1,6
3,1735826,1735784,42,MSYLRGQAWQIWIH,length1,42
3,1736066,1735862,204,MKFSYACHKLNILWIRAQQLLNGSNIYLMIKIYKCKMKNIIKCFAPHIFPKNLNLKKLYIYGDLNLWK,length1,204
3,1737437,1736294,1143,MIISSASDYREAARRRVPPFMFHYADGGSYAEQTLARNVSDLENIALRQRVLKDMSELDTSIELFGEKLSMPTILAPVGACGMYARRGEVQAAQAADNKGVPFTLSTVSICPIEEVAPAIKRPMWFQLYVLKDRGFMKNALERAKAAGCSTLVFTVDMPTPGARYRDMHSGMSGPYKEIRRVLQGFTHPFWAYDVGIKGKPHTLGNVSTYMGRQIGLDDYIGWLTENFDPSISWKDLEWIREFWEGPMVIKGILDPEDAKDAVRFGADGIVVSNHGGRQLDGVLSSARALPPIADAVKGDIKIIADSGIRNGLDIVRMLALGADATMLGRAFVYALGAAGRQGVENMLDIFKKEMRVAMTLTSNRTIVDIKPEALVDLSKL,length1,1143
3,1737854,1737824,30,MAQIERWRQA,length1,30
3,1737875,1737860,15,MQVER,length1,15
3,1737998,1737944,54,MEGDNDGKLSLIPRIIGR,length1,54
3,1738214,1738202,12,MPRE,length1,12
3,1738556,1738511,45,MWRNTEGEGSPLGMY,length1,45
3,1738724,1738718,6,MN,length1,6
3,1739021,1738991,30,MTSSHHGPYE,length1,30
3,1739243,1739042,201,MAYTEGSEAARWSESHKVRLSPDWSLQLDSMKSESLVIANQNVAVNTFPGLVHTARHTMGVGCTRSR,length1,201
3,1739309,1739276,33,MIHDWGEVVTR,length1,33
3,1739594,1739585,9,MGI,length1,9
3,1740149,1740095,54,MPWQSEAKKDVLICEKLG,length1,54
3,1740203,1740185,18,MGKPSR,length1,18
3,1741439,1741376,63,MARSDMKGCSSNPNVESGILE,length1,63
3,1741718,1741658,60,MGNRLIFLYLVKLRCGDGVG,length1,60
3,1741748,1741739,9,MCV,length1,9
3,1742615,1742486,129,MTKRGLGQCLVGSLTGAVSSQSVTEEHEGLLITVGHREVSAMV,length1,129
3,1742867,1742828,39,MAVRHLKWYASWV,length1,39
3,1743020,1743008,12,MRKR,length1,12
3,1743071,1743059,12,MSHP,length1,12
3,1743518,1743488,30,MPMVVWGFPM,length1,30
3,1743797,1743761,36,MNIINETNLSRI,length1,36
3,1744097,1744082,15,MPYLF,length1,15
3,1744403,1744397,6,MA,length1,6
3,1745771,1745444,327,MTLTEQIITIGICIVAVQFTRLLPFFVFPVNRPIPQYIRYLGKVLPPAMFGMLVVYCYKNIEILTGYHGIPDLLAGIVVLGLHFWKKNMFLSIAVGTLFYMALVQLIFI,length1,327
3,1746107,1745876,231,MDFNFIEFLGYMATFFVAVSFLFKSIVYLRIVNSIGAILFVIYSVIITAYPVALLNAFLVVVNIYQLWRLKQENLSK,length1,231
3,1746236,1746188,48,MFASFVKNDIRITFLS,length1,48
3,1746674,1746671,3,M,length1,3
3,1746995,1746974,21,MIHPKIT,length1,21
3,1747379,1747223,156,MINALKQLPTANWPSNWRTTNFQHIFHLVQQFHRITNITVEFIHKCNNGRIT,length1,156
3,1747844,1747793,51,MWAIFPDFRFLLKRICK,length1,51
3,1748648,1748642,6,ML,length1,6
3,1748828,1748801,27,MFQNNYVSR,length1,27
3,1749305,1749299,6,MN,length1,6
3,1749383,1749374,9,MKC,length1,9
3,1749482,1749461,21,MPYISNP,length1,21
3,1749662,1749647,15,MNYVP,length1,15
3,1749803,1749671,132,MKPAPHLSVISKPILQATSQPNRILFPLMYNLKPNWLITKCRII,length1,132
3,1750025,1749818,207,MHGSQKRQKQHNKFTGYINLPKPAFNGTKPIPYSLKKNPIMPLCWQKTAKCKKSKQNIAALPIKLWKKQ,length1,207
3,1750196,1750157,39,MNKIKLNWQNVIQ,length1,39
3,1750406,1750352,54,MPLGHRPSANIQIWLIIA,length1,54
3,1750499,1750436,63,MKKHKMTCWHVCKRLAAKIAS,length1,63
3,1750589,1750559,30,MWNLMQKCKM,length1,30
3,1750685,1750625,60,MAPQCLYLRPLYIIIKKKCR,length1,60
3,1750736,1750694,42,MRLPFILKANALIK,length1,42
3,1750871,1750847,24,MPESRFFF,length1,24
3,1751375,1751342,33,MGESEVRIYLM,length1,33
3,1751717,1751699,18,MGLNYD,length1,18
3,1752128,1752050,78,MCSRWFCFASSIEFLQHGFESGNRGH,length1,78
3,1752314,1752299,15,MDVAK,length1,15
3,1752863,1752647,216,MQILQRVFLLMKVYCSCFLLQILLVAYTLGAQRKCKVRSNLRKKIRCVLVHILVFLIAKILVVRQWRCLHRN,length1,216
3,1752926,1752911,15,MARGR,length1,15
3,1752986,1752935,51,MLNLTVRYITKQQKMKK,length1,51
3,1753214,1753133,81,MGVWCLVLNQMQWWNLIRKPFNKCYKW,length1,81
3,1753259,1753232,27,MPLMEALCL,length1,27
3,1754600,1753409,1191,MASITHRRNAVLGAAFLMATSAIGPGFLTQTATFTNTLLASFGFVILLSILLDIGAQLNIWRIVIVSGKRAQDISNAVFPKAGYFLAALIVMGGLAFNIGNVGGAGLGLNSIFGIAPEMGAVISGIIAILIFLRKEAGLLMDRFAQLMGFIMVALTFYVMFKTEPPVAEAAYHSFIPEKIDPIAIVTLVGGTVGGYITFAGAHRLLDAGIQGEKAMAEVSRSSVSAILIASTMRVVLFLAVLGVVSKGVSLNPKNPAETPFEYVAGNFGQVLFGVVIWAASVTSVIGAAYTSVSFLTTLCPTIERNRNRWIIAFIVISTVVLVTVGKPAAVLVFVGTLNGLILPIALALILLAAYRSDIVGTYKHPVFLAFSGWFVVIIMAILSGKTIISYISSFFS,length1,1191
3,1754708,1754657,51,MQILLFIFCLIVAIRNL,length1,51
3,1754894,1754816,78,MAHLPLFPYLNALLRRLSLAIRYLKL,length1,78
3,1755038,1754981,57,MLADQTNDLDITNDLSECH,length1,57
3,1755155,1755110,45,MPFLVLHKYHEIWLQ,length1,45
3,1755287,1755260,27,MPQARHLQK,length1,27
3,1755344,1755332,12,MRHP,length1,12
3,1755833,1755737,96,MHHIELRQCLHEQVESGNQLIEHFQHHTPWLF,length1,96
3,1755932,1755923,9,MLH,length1,9
3,1756871,1756817,54,MIGHNVSKFIKPKIGNLS,length1,54
3,1757159,1757144,15,MLGEV,length1,15
3,1757411,1757300,111,MMFRHRNSDHYLAKQELFDNSHNPSHRIDLSPPISLL,length1,111
3,1757537,1757474,63,MRQKHQSVLFRHYHRDQARRC,length1,63
3,1757780,1757690,90,MPLLVAPLVLHFYRVEKLGYLDDLQYYRRL,length1,90
3,1758191,1758182,9,MHD,length1,9
3,1758626,1758449,177,MQGIYARFALSFAHLKVADLIIDKVHRRSFYVQALALKQCCDVRVRFVDYAKDYKVKGL,length1,177
3,1758836,1758806,30,MTSRLRWLYV,length1,30
3,1758959,1758935,24,MRVKSPLD,length1,24
3,1759043,1759004,39,MYQLINGDNFVKE,length1,39
3,1759532,1759523,9,MIF,length1,9
3,1759784,1759727,57,MYIPRQLRFFLDFQRVIVQ,length1,57
3,1761200,1760075,1125,MVKSPSLTFSSKVKPYWKPLHPPPVIYTRNFKSVFSSSLIKLFTLFAAASVNVSGTAISSIITISYFPKISIPPLSNNPLLHSSAIQFFPRNRAIISQSFFQKSEIKMAIPIRTEKEIVKLREVCKLASDVLVMIEPYVKAGVTTGELDRICHEYMVNEQKVIPACLNYHGFPKATCISINEVVCHGIPSDDKVLKNGDIVNIDVTVIKDGYFGDNSKMYIVGGETNIRSKKLVEAAQEALYVGIRTVKPDIRLNEIGKAVQKYTESQTFSVVREYCGHGVGTEFHCEPQVLHYYADDGGVILKPGMVFTIEPMINAGKKEVRVMGDGWTVKTKDRSHSAQYEHQLVVTETGCEVMTIRDEEIAEGRISRIMVNV,length1,1125
3,1763885,1761296,2589,MLFSPRLSSPLTPSAVKIERENLKQFELENFSCYSIFELIENRSDFYDALLIQLWQEIELSEQQGISLIAVGGYGRREMFPLSDLDFLILVEQTPSPEIEEKITQFIQFLWDCGFEVGNSVRTLAQCESEGKQDITIATNLLEARFLTGNRPHFDALNELVKRADFWSKEDFFNAKVQEQIERYQRYHNTAYNLEPDIKYSPGGLRDLHLLYWVALRHSGALTLEAILQSGFIYPQEYQQLQESRAFLFKVRFALHLILKRYDNRLLFDRQIKVSELLGFRGEGNPAVEKMMKCFFQALHRISLISNLLIQHYRENVLPSNQDTVIDQLDDDFQLINQCLCLRNSFVFQEKPARILDLFFYLTQYEQADIHSETLRQLQISLEQLPQKLCEIPAAREKFLRLFNQPNAIKRAFMPMHQYGVLTAYLPQWQAIEGLMQFDLFHIYTVDEHTLRVMLKLESFLSQESAQEHPIAHRIFSQLSDRTLLYIAALFHDIAKGRGGDHAELGVEDVADFAQLHGLDRREIDTLAWLVQSHLLMSITAQRRDIHDPEVVMNFAEAVQNQVRLDYLTCLTVADICATNGNLWNSWKRSLFASLYEFTEQQFSQGMKELLDYSEKSAENRKLAQQILTQDYSDIAPISIEQLWTRCPEDYFVRNTPKQIAWHTSLLVDFVEALLVKISNRFSLGGTEVFIYCQDQPHLFNKVVSTIGAKKFSIHDAQIITTQDGYVFDSFIITELNGELVEFDRRRELEQALTVALQSEKLPALSITPNRQLQHFIVQTDVRFLHENKKEHTEMELVALDKPGLLAQVSQIFTELNLNLLNAKITTVGEKAEDFFILTNQFGQALDSQQREILRNVLYRNIG,length1,2589
3,1763966,1763927,39,MLSFTKNFRVTLC,length1,39
3,1764239,1764212,27,MIALILALF,length1,27
3,1764404,1764392,12,MPLI,length1,12
3,1764470,1764410,60,MVLMDCSVGFLVFLLRRLVF,length1,60
3,1764518,1764482,36,MGKWIWRIGVLL,length1,36
3,1764611,1764596,15,MPGVH,length1,15
3,1764794,1764782,12,MFII,length1,12
3,1764896,1764893,3,M,length1,3
3,1764986,1764899,87,MNGRCLLAFSFYFSFMSIQLRMHGELPVG,length1,87
3,1765121,1765103,18,MIYFCR,length1,18
3,1765457,1765442,15,MKCSR,length1,15
3,1765592,1765475,117,MDSRMSSSAKCVFSFLKPSKISGFQRAASSFNVLTSKWR,length1,117
3,1765829,1765652,177,MLLPQIGDAPLGTHFFKKSKVCNSAARSVSLLAFTRSIKPFSLCVFWHQSFILLSNSSD,length1,177
3,1767086,1766048,1038,MAKRKLTQNQTRRIQSNNAKTLHRHKKKDIEWSDEMLGESQEGVVVTRYSIHADVENEQGEIYRCNLRRTLSSLVVGDKVVWRKGNEQLQGVSGVIEAIHPRENEISRPDYYDGLKPIAANIDRIIIVSAVLPTLSLNIIDRYLVVCEIAGITPLIVLNKVDLLAQEQRQEIEDQLKIYQDIGYEILMISAKSGENMEKLTALLAQGTAIFVGQSGVGKSSLINHILPSVNAQVGDVSETSGLGQHTTTSSRLYHLPQGGNLIDSPGIREFGLWHLDAEQITKGYREFQYVLGTCKFRDCKHLSDPGCALREAVEQGKISPVRYDSYHRLIESLSETKSQRHFSLV,length1,1038
3,1767314,1767260,54,MWKLLHQTVYTRALLHNL,length1,54
3,1767476,1767443,33,MEKTSNRQLNI,length1,33
3,1767563,1767536,27,MAIVYLLLC,length1,27
3,1769309,1767584,1725,MISGILASPGIAFGKALVLKEEKIVLDTQKITDDQIDEEVARFYEGRAAAVEQLNSIRERALISLGEEKAAIFEGHLMILEDEELEEEILDYLRSNKVNAGVAASKILDQQVTMLSEIDDEYLKERAGDIRDIANRLVKNILGMHIVDLGDIQEESILVAYDLTPSETAQLNLEKVLGVVTDIGGRTSHTSIMARSLELPAIVGTNKVTKLVNTGDYLILDAINNQVYINPTASQIDELKALEAKISEEKAELAKLKDLPAITLDGHKVDIVANIGTIRDCDGAERNGAEGIGLYRTEFLFMDREQLPTEEEQFIAYKQVVEAMNGRLTVLRTMDIGGDKELSYLDLPKEMNPFLGWRAIRIALDRREILNAQLRAVLRASAFGKLAVMFPMIISVEEIRELKAVIETLKAELREEGRVFDNNIQVGVMVETPSAAVNAKFLAKEVDFFSIGTNDLTQYTLAVDRGNEFISHLYNPMHPSVLGLIKQVIDASHTEGKWTGMCGELAGDERATLLLLGMGLDEFSMSAISVPRIKKLIRNVNFQDAKALADAALQKPTAAEIDQLIEEFLLENSLN,length1,1725
3,1769561,1769354,207,MDRRLKWAYLTSYLVQKKTNLWKLKFMHRSLARSLILKMFLMWFSLKKSLAMVLLFVLLVTKSLRQWMV,length1,207
3,1769813,1769795,18,MKFLVS,length1,18
3,1770344,1770326,18,MNYRIY,length1,18
3,1770410,1770356,54,MSPNLFPFNFIQQKRKLK,length1,54
3,1770446,1770428,18,MRKALI,length1,18
3,1770554,1770527,27,MVLKINRIL,length1,27
3,1770614,1770611,3,M,length1,3
3,1771259,1770740,519,MNISLDKLDAGLICFYLFNIVHLKKGEGISQDAGIPHAYLRGQNIELMACSDNVIRGGLTPKYVDIPELLKIVDCREVEPKIIPTAPQDARIFTYATPAKDFDLQNIQYECGETHHLKAQSASILLVMKGQLNLRSETTALSLKQGEVAFITANASYEVDGLIEGYAVVAKLP,length1,519
3,1771739,1771376,363,MKKFALATIFALATTSAFAGFNGNNSQGGFQQTAPAAISVKQALSAADNSMITLVGNITQQIDDDEFWFTDGTGQIKIEIKKRVWNGLNVDSKDKVKIYGKLDNEAFEKAELDVLRVEKAE,length1,363
3,1772468,1771805,663,MRILLIEDDNLIGNGLQIGLTKLGFAVDWFTDGKTGMAALTSASYDAVVLDLTLPKLDGLDVLQQWRSNHQDVPVLILTARDTLDERVKGLQSGADDYLCKPFALAEVAARLQALIRRRYGYHHSVIEQAGVKLDQNQRSVWLNNQPISLTSREYKLLELFMLNKDRVLSRSSIEEKLSSWDEEISSGALDVHIYNLRQKLGKQFIRTVHGVGYALGQVEK,length1,663
3,1772576,1772573,3,M,length1,3
3,1772636,1772591,45,MHNKFSLLNGSQIQI,length1,45
3,1772720,1772705,15,MTMMP,length1,15
3,1772882,1772765,117,MDEMEKILFLIIKRGFIMRIFMMMTINGEFFGVWQLMEN,length1,117
3,1773080,1773068,12,MCHC,length1,12
3,1773251,1773188,63,MQLTNCVVHWRHCVFKLKLRN,length1,63
3,1773266,1773260,6,MM,length1,6
3,1773587,1773548,39,MLLNIVLKIQSFQ,length1,39
3,1773650,1773623,27,MVVALNLKI,length1,27
3,1773764,1773692,72,MKREVAWDFLLLCELRNYTDLKCG,length1,72
3,1773776,1773770,6,ML,length1,6
3,1774079,1774046,33,MFIKSIFNLFI,length1,33
3,1774295,1774271,24,MYSLFQCF,length1,24
3,1774424,1774352,72,MKKNLNLVSYLGLRCYLPLEWGLG,length1,72
3,1774571,1774556,15,MAPLL,length1,15
3,1774724,1774655,69,MAKLAMRLMLWHYLPHYLGLLLH,length1,69
3,1775165,1775018,147,MLMNKNILAGLADGLCFIGLGGVLGLRLWVYLLRVFLKGELSVNLFLAY,length1,147
3,1775300,1775231,69,MMALLRAGLANLFLPQKFYYLNF,length1,69
3,1775396,1775390,6,MC,length1,6
3,1775912,1775873,39,MVLNLLGEKCQSN,length1,39
3,1776026,1775921,105,MKIYRTFSIVLLTSLTLIFLMDESVTMFNIWIKMN,length1,105
3,1776062,1776050,12,MNVI,length1,12
3,1776092,1776074,18,MMWVRN,length1,18
3,1776314,1776302,12,MHPL,length1,12
3,1776467,1776395,72,MVNATLCQWFLLRLGVVHWQDCYL,length1,72
3,1776815,1776719,96,MVSSTVQWLSLCRRQRLHRTYHISFHPYLRRV,length1,96
3,1776971,1776899,72,MLKQTYKHGFQSLLRRQDKRSFQV,length1,72
3,1777013,1777001,12,MKVR,length1,12
3,1777718,1777685,33,MRPILSSFPPF,length1,33
3,1778846,1777745,1101,MILIRYLIKEVFKSQIAILLILLLIFFSQQFVRVLGAAANGNVPADLVFSLLGLGMPTMAQLMLPLCLFIAILLTFGRLYAESEITVMRACGVGQRILVKVALIMSLLTAGIAAYNALWLSPWAIQKQVNMVEDAKANPTVGVLSSGQFISTNNNNVVLFIDKIKDNQIRNVYLFQMTPQKQTKPSVITAEKGELIALPNGDQVLNLKNTKRVEGTSALPDFRITHFDEYHAYLGYQSAENTNDEVAELTLSQLIDLDSSSAKAELHWRITLILAVPLMALIAVPLSRVNPRQGRFAKILPALLLYLIYFLLQSSFKSAGSAGKLEAELLMPLVNIGFFLLAVVLNSWDSEIMYKFRYLFSKKGSAK,length1,1101
3,1778996,1778978,18,MIFGKR,length1,18
3,1779335,1779287,48,MVCGRKMVIILYLLGV,length1,48
3,1779353,1779341,12,MIQN,length1,12
3,1779482,1779410,72,MQTRRVILKMKLNGHCVKLIIQRL,length1,72
3,1779536,1779488,48,MKSSQRIIYQKLGKLV,length1,48
3,1779638,1779635,3,M,length1,3
3,1779812,1779794,18,MLLMKF,length1,18
3,1780028,1779986,42,MNLFNVNPENNKFA,length1,42
3,1780061,1780034,27,MKIKHSILV,length1,27
3,1782383,1780115,2268,MTTSHILGFPRVGAKRELKFAQERYWRKELAEQDLLDLAKALREKNWKHQAAANADFVAVGDFTFYDHILDLQVATGAIPARFGFDSQNLTLDQYFQLARGNKDQFAIEMTKWFDTNYHYLVPEFQKSTAFKANPAHYVNQIREAKALGLNFKPVIVGPLTFLWLGKEKGEAFNRFDLLNQLVPVYVEILNALVAEGAEWIQIDEPALALDLPAEWVEAYKSVYAELSKVNAKLLLATYFGSVAEHAELLKALPVAGLHLDLVRAPEQLAAFEDYSKVLSAGVIEGRNIWRANLNKVLDVLEPLKAKLGERLWIAPSCSLLHTPFDLEVEVQLKEKNTALYSWLSFTLQKVEELNVLKQALNNGRASVQAALDASQAAADARATSKEIHRPEVAERLANLPKGADQRKSPFAERIVKQNAWLNLPLLPTTNIGSFPQTTEIRHARASFKKGELSLADYEAAMKKEIEYVVRRQEELDLDVLVHGEAERNDMVEYFGELLDGFAFTKFGWVQSYGSRCVKPPVIYGDVTRPEPMTVRWSQYAQSLTNRVMKGMLTGPVTILQWSFVRNDIPRSTVCKQIGVALSDEVLDLEAAGIKVIQIDEPAIREGLPLKRADWDAYLQWAGEAFRLSSMGVQDDTQIHTHMCYSEFNDILPAIAALDADVITIETSRSDMELLTAFADFKYPNDIGPGVYDIHSPRVPTAAEVEHLLRKALNVIPKERLWVNPDCGLKTRGWTETIDQLKVMVDVTKKLRAELA,length1,2268
3,1782650,1782620,30,MGFPITNPLF,length1,30
3,1782812,1782794,18,MPLICY,length1,18
3,1782842,1782830,12,MIFH,length1,12
3,1783289,1783256,33,MNTINNRCNNQ,length1,33
3,1783625,1783595,30,MAHFLIIKLF,length1,30
3,1783745,1783730,15,MLIPR,length1,15
3,1783847,1783838,9,MFS,length1,9
3,1783991,1783883,108,MLLFNFHLLLRELYLPSHCLSIIKMILLKKEFWQFY,length1,108
3,1784141,1784126,15,MQVFS,length1,15
3,1784228,1784204,24,MLWGLNLL,length1,24
3,1784291,1784282,9,MKP,length1,9
3,1784399,1784393,6,MC,length1,6
3,1784567,1784513,54,MGKINLFPNVPFYLQSFM,length1,54
3,1784663,1784615,48,MLELLVRFPLFLFFIL,length1,48
3,1784798,1784792,6,MG,length1,6
3,1784990,1784972,18,MATNLS,length1,18
3,1785221,1785215,6,MG,length1,6
3,1785590,1785542,48,MAILLRFIFRPWINDI,length1,48
3,1785776,1785671,105,MLLMLLLNRDMMFLLLALAVTSLFSKLMKKLIFTQ,length1,105
3,1785920,1785878,42,MVQLCFFLLWRWLI,length1,42
3,1786412,1786343,69,MMSLFIMKAVQFIVYLHKQKACL,length1,69
3,1786550,1786502,48,MVFFVKKIILKKWLKV,length1,48
3,1786670,1786622,48,MALRKLLKNGKGFYKE,length1,48
3,1787156,1787117,39,MQKNRQCKLRFPL,length1,39
3,1788344,1787462,882,MLSIIVPSYNRKAEVPALLESLTQQTSSNFEVIIVDDYSKERVVVEQRYSFPVTVIRNETNQGAAESRNIGARASKGDWLLFLDDDDRFMPEKSEKILQVIEQNPDINFIYHPAKCEMVNEGFSYVTQPIEPQEISTERILLANKIGGMPMVAIKKEMFLKIGGLSTALRSLEDYDFLLKLLQEPSFTPYKINEPLTYCTFHTKRSSVSTDTTNTQKAIDYIREHYVKTVEQARNFDINASYILAYPHIMNLSRKAAKYYFDIFKKTKSIKQFIITLVILISPKLAINLKRLGK,length1,882
3,1789145,1789010,135,MAFVQIEIPFGNSGFVIWIIYFCIAFWFSFIANLVIEKTLSNFFT,length1,135
3,1789208,1789160,48,MKLNILFKILFDLRLF,length1,48
3,1789301,1789298,3,M,length1,3
3,1789382,1789364,18,MLLSAN,length1,18
3,1789430,1789388,42,MASSSLSDLIFTEN,length1,42
3,1789640,1789607,33,MIRCCATRPKN,length1,33
3,1789874,1789862,12,MASK,length1,12
3,1790432,1790414,18,MDEISF,length1,18
3,1790564,1790543,21,MDQCIKR,length1,21
3,1790648,1790642,6,MG,length1,6
3,1791053,1791005,48,MWDIPINKGFKERLFR,length1,48
3,1791791,1791104,687,MEISAINLSLSVAVSSMLWSLPLAIFVAWLLARKNFYGKSLITGVIHLPLVLPPVVIGYLLLVAMGRNGFIGKYLYQWFGLSFGFSWKGAVLSSAVVAFPLVVRAIRLSLENIDIKLEQAAQTLGASAWRVFFTITLPLSLPGVLAGLVLGFARSLGEFGATITFVSNIAGETQTIPLAMYSFIQTPAAEEQTARLCLFAIILSLISLLLSEWLSKRMQKKLGQGNVAN,length1,687
3,1792772,1792760,12,MGAK,length1,12
3,1793453,1793447,6,MD,length1,6
3,1793828,1793783,45,MKIVEIFGNVFCDGG,length1,45
3,1794560,1794539,21,MLCLKPR,length1,21
3,1794656,1794587,69,MLLRLHDFRGFRRCAFRLNLGKF,length1,69
3,1795124,1795106,18,MRLVAE,length1,18
3,1795262,1795241,21,MRREWLD,length1,21
3,1795349,1795331,18,MLLRDR,length1,18
3,1795379,1795373,6,ME,length1,6
3,1795829,1795805,24,MINAERLV,length1,24
3,1795871,1795853,18,MVAPEN,length1,18
3,1796351,1796345,6,MP,length1,6
3,1796507,1796471,36,MPRRLDNFRDNE,length1,36
3,1796543,1796531,12,MRQK,length1,12
3,1796621,1796597,24,MHQTSLRH,length1,24
3,1797020,1796978,42,MKKYLKKSVVPVIN,length1,42
3,1797095,1797050,45,MGMKLEELHSQSSRD,length1,45
3,1797161,1797098,63,MGFALNPHKPVYLIKLHRVFQ,length1,63
3,1797359,1797314,45,MRIEAPRQIQNNKFA,length1,45
3,1798652,1798628,24,MGVPRRTQ,length1,24
3,1798823,1798775,48,MLDERSPLGTSIPVSK,length1,48
3,1798976,1798919,57,MASGLLSSMAMTTFSGCNI,length1,57
3,1799048,1798991,57,MPFMISSARSRIRRSSQVI,length1,57
3,1799453,1799450,3,M,length1,3
3,1799942,1799525,417,MPPLKSHNLPELKRDNTSAIYSPTTNFFSEPSTFITGITSFASNFQSQLSIFFFTGIIKIQSVGQGATQSSQPVQRSGMIVCIALFVPIMASTGQAWIHFVQPIHIFSSIKATFSIGSSIPSIVGTSTPKISAIFTIVV,length1,417
3,1799996,1799984,12,MASA,length1,12
3,1800206,1800149,57,MNKKVIISFFFLKNTERTQ,length1,57
3,1800425,1800317,108,MDEPRKVAGISAATKRSRSAAKSTNTKEKPRDAPKP,length1,108
3,1800647,1800518,129,MPSKRYNVGLVLFIAISVNCTTTAITKINTNVRKKVAFKGIRI,length1,129
3,1801016,1801010,6,MN,length1,6
3,1801205,1801055,150,MTKICLVNIEIKTSFFVDKCLVHKVSRLFCTITMNDINCTFFSLSSEFFY,length1,150
3,1801361,1801331,30,MFACCDFINI,length1,30
3,1801529,1801403,126,MCFFQFLLKFLFAFFRIFAQYGHCTFKFARSHYVYIDIVFFQ,length1,126
3,1801664,1801535,129,MNIWNLSDNANRTDNSERCGYNFIGNASHHITATCSHFINGNG,length1,129
3,1801745,1801721,24,MHNATRTF,length1,24
3,1802114,1802069,45,MLAIRNNQTNNSKNE,length1,45
3,1802204,1802198,6,MD,length1,6
3,1802459,1802414,45,MRKYGNLCWNGFYVI,length1,45
3,1803110,1803041,69,MTALYTIKSEPCCSLFYFDKDLK,length1,69
3,1803134,1803125,9,MLK,length1,9
3,1803515,1803494,21,MYGLLTL,length1,21
3,1803875,1803713,162,MQMLSRHLISCEPHFFTALGGNIAILVPRECYVTILPRKIFTNAPTLRILIINK,length1,162
3,1804019,1803995,24,MNVWNVRF,length1,24
3,1804079,1804064,15,MCKMN,length1,15
3,1804613,1804583,30,MSWDLIRQLR,length1,30
3,1804805,1804736,69,MRCIYCILLVNCNLVKATILNIA,length1,69
3,1804841,1804817,24,MHINMQPH,length1,24
3,1804877,1804868,9,MNQ,length1,9
3,1805237,1805216,21,MGILRKR,length1,21
3,1805423,1805405,18,MDEGRL,length1,18
3,1805567,1805519,48,MFREYRLSAILVVLSV,length1,48
3,1805636,1805633,3,M,length1,3
3,1805906,1805870,36,MLAKIQGLISLW,length1,36
3,1806521,1806512,9,MDA,length1,9
3,1806680,1806668,12,MRYQ,length1,12
3,1806761,1806710,51,MKHKVVDSLPITHLNSY,length1,51
3,1807097,1807046,51,MPAERVRQIQYRERLQN,length1,51
3,1807415,1807334,81,MAHGMEYTLVYHINCFLALLGLLDIQG,length1,81
3,1807547,1807523,24,MLIYPRRL,length1,24
3,1807706,1807673,33,MIPCAYLRRKF,length1,33
3,1808078,1808003,75,MFRQYAPFQKSLVIYSRNNDELNQY,length1,75
3,1808288,1808249,39,MSGDNNSISDSQR,length1,39
3,1808507,1808462,45,MRLGLTHHHVQLNWH,length1,45
3,1808846,1808750,96,MAGYERYFLHYNPGSPYKKLGFLRLISRLAQT,length1,96
3,1809119,1809080,39,MMKKPGQAILILH,length1,39
3,1809296,1809257,39,MTSLQDEIYLVNY,length1,39
3,1812209,1812176,33,MNIHPSAGLNG,length1,33
3,1812284,1812275,9,MEN,length1,9
3,1812524,1812461,63,MLDTLSLARREFSFNCYIFRV,length1,63
3,1812581,1812575,6,MP,length1,6
3,1813850,1813757,93,MVTTPCQFRHSNQSIQAFAEFETIYLVHIFS,length1,93
3,1813976,1813961,15,MKDER,length1,15
3,1813997,1813982,15,MKDER,length1,15
3,1814018,1814003,15,MKDER,length1,15
3,1814039,1814024,15,MKDER,length1,15
3,1814060,1814045,15,MKDER,length1,15
3,1814081,1814066,15,MKDER,length1,15
3,1814102,1814087,15,MKDER,length1,15
3,1814123,1814108,15,MKDER,length1,15
3,1814144,1814129,15,MKDER,length1,15
3,1814252,1814165,87,MADLYYFFKIFAYRLQKRCCNCCLSSQKS,length1,87
3,1814933,1814927,6,MA,length1,6
3,1815452,1815449,3,M,length1,3
3,1816958,1815584,1374,MAKAPKTAYVCNDCGAEFSRWQGQCSACKAWNTITEVRLISTAKSKNDRFSGYAGETQAKIQTLSEISLQETPRFSSGFNELDRVLGGGIVSGSAILIGGHPGAGKSTLLLQVMCGLAKNMTALYVTGEESLQQVAMRASRLGLPNDQLKMLSETSVEQICNLADQLKPQIIVVDSIQVMHLADIQSSPGSVAQVRECASFLTRYAKTRQVAIIMVGHVTKDGTLAGPKVLEHAIDCSLLLEGEADSRYRTLRSHKNRFGAVNELGVFGMTEQGLREVKNPSAIFLSRGDEITSGSSVMVLWEGTRPLLVEIQALVDHSMLANPRRVAVGLEQNRLALLLAVLHRHGGLQMADQDVFVNVVGGVKVSETSADLALLLALISSFRNRPLPQDLVIFGEVGLAGEIRPVPSGQERISEAAKHGFKRAIVPFGNKPKSAVENMQVFTVKKLTDALAVLDNF,length1,1374
3,1817057,1816982,75,MKVKFCRIVVPFYVQRNKENGKKTK,length1,75
3,1817369,1817345,24,MPFGIGRF,length1,24
3,1817711,1817669,42,METQLIKWGHLERG,length1,42
3,1817792,1817741,51,MSPILFLSPLFSCLFIY,length1,51
3,1818137,1818092,45,MSNQKMLNKKNQQKN,length1,45
3,1818206,1818203,3,M,length1,3
3,1818407,1818335,72,MNLRTKRMKNRNFLLGLILKACLV,length1,72
3,1818440,1818428,12,MNKG,length1,12
3,1818479,1818449,30,MILSQFGISL,length1,30
3,1818548,1818524,24,MILLKFLC,length1,24
3,1818578,1818557,21,MKCQQFY,length1,21
3,1818599,1818590,9,MNL,length1,9
3,1818650,1818641,9,MKR,length1,9
3,1818671,1818665,6,ME,length1,6
3,1818716,1818695,21,MIWKPFN,length1,21
3,1818881,1818854,27,MNNALHQMK,length1,27
3,1818929,1818926,3,M,length1,3
3,1818983,1818947,36,MCLLALLLRVMN,length1,36
3,1819154,1819148,6,MY,length1,6
3,1819202,1819163,39,MNSVIARQLYLLL,length1,39
3,1819349,1819346,3,M,length1,3
3,1819415,1819397,18,MIFHIY,length1,18
3,1819469,1819451,18,MRCVGA,length1,18
3,1819628,1819472,156,MKWNVVISCFQLYAYETLKALMKKLMNTKQWECLCQIQFGDRAIRWMQCHQR,length1,156
3,1819676,1819661,15,MSLLI,length1,15
3,1819787,1819784,3,M,length1,3
3,1819964,1819952,12,MEPI,length1,12
3,1820039,1819970,69,MMKSSILPMIGEHAVNLIILMEF,length1,69
3,1820096,1820054,42,MRKVQKKGYQAVEN,length1,42
3,1820117,1820111,6,MK,length1,6
3,1820303,1820249,54,MVSVKFYRIVQNTNLKGK,length1,54
3,1820630,1820570,60,MVLRSICATSDRTMGKKCGK,length1,60
3,1821947,1821932,15,MGLLY,length1,15
3,1822355,1822349,6,ME,length1,6
3,1822772,1822712,60,MCFTTSISYFLLPSCRKLIS,length1,60
3,1822805,1822793,12,MFSH,length1,12
3,1823150,1823129,21,MGYSYIT,length1,21
3,1823348,1823339,9,MFP,length1,9
3,1823504,1823474,30,MIKKIIDSIH,length1,30
3,1823522,1823519,3,M,length1,3
3,1823816,1823804,12,MLYA,length1,12
3,1823927,1823840,87,MMFRSDCWANRIKFNFNLPLTMVSHIFGF,length1,87
3,1824077,1824026,51,MSWGRIWIVILSNIFFL,length1,51
3,1824263,1824227,36,MFNNFFYIFKVR,length1,36
3,1824413,1824386,27,MMIFVRIKS,length1,27
3,1824968,1824959,9,MIL,length1,9
3,1825082,1825079,3,M,length1,3
3,1825625,1825589,36,MPMMHPLLPNIY,length1,36
3,1825841,1825820,21,MKLNHQF,length1,21
3,1826093,1826036,57,MDALQSQHCQERVKDCPVY,length1,57
3,1826126,1826096,30,MFHLILLLHK,length1,30
3,1826177,1826162,15,MLSVR,length1,15
3,1826276,1826255,21,MRDSINF,length1,21
3,1826510,1826465,45,MIHINHILHNDWALI,length1,45
3,1826609,1826528,81,MCRCANNFYTAFIGLLIRLGTNKSRQE,length1,81
3,1826663,1826612,51,MMDINHSIWITCDKFRV,length1,51
3,1826810,1826774,36,MKWNIKTFNKFT,length1,36
3,1827086,1827041,45,MFGFKIYKFIIMKNI,length1,45
3,1827125,1827092,33,MFVTNISYFCD,length1,33
3,1827395,1827332,63,MLAIFINKRIFCRAWSTFCLN,length1,63
3,1827842,1827740,102,MVETDIFFCVYFLYIFIKVYKIFIKSVGILFVLR,length1,102
3,1828073,1828016,57,MECYGCSGLILSYAFRSLH,length1,57
3,1828412,1828394,18,MGAKPY,length1,18
3,1829447,1829384,63,MWRSLLASIGYNNFVFNGCEM,length1,63
3,1829708,1829705,3,M,length1,3
3,1829849,1829813,36,MMWNIDIICSYF,length1,36
3,1831598,1829879,1719,MKKLSGAEMVVQSLRDEGVEYVFGYPGGAVLDIYDAIHTLGGIEHILVRHEQAAVHMADGYARSTGKVGCVLVTSGPGATNAITGILTAYTDSVPMVIISGQVMSNLIGSDAFQECDMLGISRPVVKHSFIVKKAEDIPSTLKKAFYIASTGRPGPVVVDIPKDTVNPNFKYPYEYPESVELRSYNPTVNGHKGQIKKALKALLVAKKPILFVGGGAITAECSKQLIQFAQRLNLPVTSSLMGLGAYPSTDKQFLGMLGMHGTLEANTAMHESDLILGIGVRFDDRTTNNLEKYCPNAKVIHIDIDPTSISKNVPVAIPIVGNAKNVLEEFLGLLNEEGLKSQTDLESWWQEINQWKAKKCLEFDRTSGVIKPQQVVEAVYRLTKGQAYVASDVGQHQMFAALHYPFDEPRHWINSGGAGTMGFGFPAALGVKLAHPEGTVVCVTGDGSIQMNIQELSTATQYGIPVVIICLNNHFLGMVKQWQDLIYSGRHSQTYMNSLPDFAKLAESYGHVGIKIATPDELESKLQEAFSIKNKLVFVDINVDESEHVYPMQIRGGAMNEMILSKPQEETN,length1,1719
3,1831697,1831631,66,MSLVLYRVLLVYSHNVPLILKV,length1,66
3,1831736,1831715,21,MIQRFLE,length1,21
3,1831799,1831757,42,MLRHWSKSKNNFIN,length1,42
3,1831826,1831805,21,MCLKWLI,length1,21
3,1831910,1831895,15,MKLND,length1,15
3,1831970,1831940,30,MSHQSLTQFN,length1,30
3,1832012,1831982,30,MIKLMRLFLH,length1,30
3,1832480,1832453,27,MLISNDLIL,length1,27
3,1832624,1832522,102,MTRRCQQVHINKHKARVVCLLFRQFARLLQIVEA,length1,102
3,1833065,1832981,84,MVCHLYQASSQSFYVLKRNCLVHNLLYE,length1,84
3,1833176,1833137,39,MFHNDILLQQYLL,length1,39
3,1833302,1833266,36,MHHHFPQLNLVF,length1,36
3,1833791,1833758,33,MNNQSQLFVYW,length1,33
3,1834331,1834304,27,MKLIILHYG,length1,27
3,1834436,1834409,27,MVVRFILLN,length1,27
3,1834616,1834571,45,MNGLTVLICIFYGTN,length1,45
3,1834688,1834655,33,MGKDYQIHLLQ,length1,33
3,1835066,1834883,183,MEGKNLKLTVRKNDCSGNQQKGEEVVIVHKYDSTLVVGACVLVSDNGNTKNISTFSPRNPL,length1,183
3,1835954,1835942,12,MTHY,length1,12
3,1835996,1835993,3,M,length1,3
3,1836104,1836053,51,MMLGFHVVYILPMLQDN,length1,51
3,1836320,1836278,42,MDFSIYLQFYIENR,length1,42
3,1836371,1836356,15,MIPLL,length1,15
3,1836425,1836419,6,MV,length1,6
3,1836692,1836644,48,MKCFHLYIAQRYKHKQ,length1,48
3,1836746,1836704,42,MEDFPYKLQFYTLI,length1,42
3,1837139,1837136,3,M,length1,3
3,1837187,1837172,15,MKVIS,length1,15
3,1837823,1837769,54,MIRQWIVGLGWCDKITRN,length1,54
3,1837844,1837838,6,MN,length1,6
3,1837952,1837859,93,MLSVCTWFSPNDRASLIIVNDIAITIHIFTI,length1,93
3,1837994,1837991,3,M,length1,3
3,1838138,1838111,27,MFIHFMCAI,length1,27
3,1838342,1838303,39,MFCNRTFIFRRFQ,length1,39
3,1838540,1838495,45,MIFIRAKCFGYHIRP,length1,45
3,1838828,1838726,102,MQHGTIFCTIDFFASKHRFFCTIKCAFLSKLAKM,length1,102
3,1839035,1838966,69,MCFERFPRLGVSWVNIFHGISFH,length1,69
3,1839113,1839086,27,MTPSVQKMQ,length1,27
3,1839473,1839455,18,MMANGN,length1,18
3,1839728,1839713,15,MADKA,length1,15
3,1841048,1841030,18,MIFKFA,length1,18
3,1841435,1841414,21,MFHFCKN,length1,21
3,1841546,1841441,105,MLKSIKIVSNHTFSNAIPMLIAQHDATQHGLFSLN,length1,105
3,1841675,1841636,39,MSPMIPQISIGFK,length1,39
3,1843142,1843052,90,MVIRCTVREVHTNYVCARCDNFFKIVITVS,length1,90
3,1843541,1843460,81,MVGVTGSSPASRTKFSFQSLSIHIKSN,length1,81
3,1844984,1843739,1245,MAVLVKPLSITEINNAKPKEKDYSLSDGQGLFLLVRMNGSKIWRFQYYKPISKKRTLISLGVYPEISLKDVREIRDLYRSLLAKNIDPQDYRLQQEQKAIQERQFTLTEMGKEWLYLKKNEVDTGRLKEVTFIDIGKRLERHLFKVLGHYSISEISAPLAIEKLKPLERAGKLDTLHRIIGYLNQIMIYSVNRGVINYNATADIGRVFIRPIAENNPTIRPEQLPKLFEDLQNSTLEIETRCALELLLLTAGRAGAITQLEWENVDFENSLLNIPKEKMKGRQGKVQDFILPLSKQAVTILRLLQKLNRCNSKFVFPSKKNPRQPISKETPNKALGRIGYRNILTAHGLRSVFSTAMNEAEFNSEIIEVCLAHFEYSSVRGTYNKAKYMPQRIEYMRWWGNFVEEASDGKALMGC,length1,1245
3,1845020,1845017,3,M,length1,3
3,1845443,1845383,60,MFADVSSFGGLGKGIQCLML,length1,60
3,1845494,1845482,12,MLTH,length1,12
3,1845590,1845524,66,MPGSGKLSVHLIHPLFSLIFVL,length1,66
3,1846187,1846052,135,MVRLASHGWIVSSSGCITNSPFLVLAITFSGKSGLPSHSTRKFSL,length1,135
3,1846349,1846334,15,MPING,length1,15
3,1846397,1846391,6,MR,length1,6
3,1846706,1846649,57,MGFACNLEENLVIFRILKG,length1,57
3,1846775,1846739,36,MECYSHLSPFLR,length1,36
3,1846895,1846886,9,MWK,length1,9
3,1847366,1847288,78,MRCLLWIVHPERFPTTKRTAAYRLGI,length1,78
3,1847609,1847459,150,MLDKEYHQQAHQAQEFHGLRFFRVRWSYHQDLGCWDNDKQARRKEKAQFR,length1,150
3,1847684,1847639,45,MPRLPLQSLNRLNRR,length1,45
3,1848086,1848041,45,MLISFIFVCFSFYVY,length1,45
3,1849034,1849028,6,MC,length1,6
3,1849088,1849073,15,MANIC,length1,15
3,1849631,1849418,213,MLFSPTFDALIWISSPSSLRYTQTIAPSILALALDCQPSATAIDCLLDTSAADRSPVLVAADRSPVLVAAD,length1,213
3,1850993,1850879,114,MRTFNCITLFISVIIADSKIKCGNLPAILELADFWVTA,length1,114
3,1851005,1850996,9,MTD,length1,9
3,1851197,1851104,93,MIFSSRLIVTVVIRFSWGICSTKSMYLFGSS,length1,93
3,1851401,1851377,24,MINFRLGT,length1,24
3,1852793,1852772,21,MRLIALF,length1,21
3,1853162,1853024,138,MPPFSSHRVSCWICWLNSLSCQSVGWALACRLIPPTIMAIIKAARK,length1,138
3,1853888,1853780,108,MHKFGNAEIFICIKKTTVGFVAFAVFVIAVYIPFRV,length1,108
3,1854293,1854215,78,MGVTESTAIFVSYVINGSSVVRTNLF,length1,78
3,1854710,1854629,81,MSTRNFSTGFAPEIMRFPFITFNACFY,length1,81
3,1854980,1854947,33,MLKAWNIVFLF,length1,33
3,1855067,1855064,3,M,length1,3
3,1855139,1855085,54,MFIGEFKSFRIRGHRLAP,length1,54
3,1855205,1855193,12,MSLL,length1,12
3,1855469,1855427,42,MLILLRCYQNALKH,length1,42
3,1855541,1855472,69,MIAYHFLIFSMLIRINQINSITN,length1,69
3,1855865,1855727,138,MPLCLCTSKCVLKYPHWDIRLLELHFRQLHRFSLALHGQTLKLTLN,length1,138
3,1856051,1856048,3,M,length1,3
3,1856351,1856318,33,MLVRLKPRLSY,length1,33
3,1857266,1857254,12,MCVW,length1,12
3,1857581,1857569,12,MGLK,length1,12
3,1857821,1857794,27,MYARSNANQ,length1,27
3,1858289,1858244,45,MVCELLWVPSECIEL,length1,45
3,1858361,1858343,18,MLLIFL,length1,18
3,1858478,1858454,24,MHLSHLWI,length1,24
3,1859873,1859819,54,MAHSGEQTFCKLETIFIK,length1,54
3,1861556,1861334,222,MKFIPADQPVCVSSNLGLLRCDCPKCGEFGRSFSSRQSHDALNPCQLRSMQISTASQIEIPALSACFCRRLSCV,length1,222
3,1861697,1861562,135,MTPFLALRCAIKSFASCPVIPNCSSNISASLFCVVFLGSLTGSKE,length1,135
3,1861892,1861826,66,MEPSLFLRSFLLTNPILIKYSM,length1,66
3,1861940,1861934,6,MY,length1,6
3,1862348,1862258,90,MHAQAFLKSSPSHEMIYSSLLPHSDQQKRL,length1,90
3,1862753,1862747,6,MN,length1,6
3,1863008,1862819,189,MSASMLAEIVCFSLLDNSRPKSELGWTALLICSPIFPALVVMSKKPCTTSAQQLAHLGIGTIR,length1,189
3,1863092,1863026,66,MAATVRVLLVISMRSRASIKLR,length1,66
3,1863251,1863215,36,MSLLFIKTFPFS,length1,36
3,1863671,1863665,6,MI,length1,6
3,1863767,1863761,6,MR,length1,6
3,1863806,1863794,12,MAAI,length1,12
3,1863932,1863893,39,MNYARCCISSRFH,length1,39
3,1863974,1863971,3,M,length1,3
3,1864055,1864004,51,MRISLALLKLCTFRKMG,length1,51
3,1864130,1864112,18,MRVCRR,length1,18
3,1864205,1864178,27,MLAKGFICL,length1,27
3,1864259,1864214,45,MSCMCVVYIKHRAVY,length1,45
3,1864322,1864262,60,MRWRRMSAWDRALKLMICHV,length1,60
3,1864454,1864442,12,MASY,length1,12
3,1864613,1864550,63,MQKKSRGAGTLRLFSFLLSSI,length1,63
3,1864787,1864628,159,MIKYTPKYQVKVGGKMSEKAADKVGNKLANAALIITTCWGISAIIFAVAYFVK,length1,159
3,1864955,1864943,12,MGGV,length1,12
3,1865063,1864970,93,MQEAKVFFGLALVRSGQCIHFKNGWLLWGLL,length1,93
3,1865159,1865093,66,MLNAKKGKLEKMKNGVQKKYTM,length1,66
3,1865732,1865189,543,MMILTKTRKALGVCSVITVMGLMYAQFGSELRLSPVGAEIIGNAEGCRRDPYQCPADVLTVGIGSTEYGGKKINPKHRYTDLEIAERWKNDIVIAERCVNKYGNGEMLPQSVFDSAVSITFNVGCGAVSKSTMFKYLRAKQYEKACGEFPRWVYASGKKLAGLVVRREKEKALCLADLKLP,length1,543
3,1865870,1865855,15,MLTNH,length1,15
3,1865933,1865897,36,MPLLLNKSVMMK,length1,36
3,1866233,1865954,279,MLNQLKQSLRHNLVPTLVCLSLFLTACTNKITTKAEYIYPPQAYTVPCVKTAFTGETYGDVVIQLVKVTAERDKCASQVDHLNKWINQTKTAN,length1,279
3,1866395,1866332,63,MDKTKIYRVIFIKNRDGKRYS,length1,63
3,1866977,1866506,471,MDNLYDLKLNINQIAELVGMHRQTVSQRLAGLTPAIGSNSKLKLYALSDLIKIGLAEKMTADVDSLSPVERRAFWQAENERLKYERDTGELVPSFEVAQEMGFLAKAVVQSLDTLPDILERDCALTPAQLTRVIQVIDDVKSQMSLHIQAGDNKSEE,length1,471
3,1867223,1867172,51,MTQLFLLDQLVLVKQSD,length1,51
3,1867238,1867229,9,MAG,length1,9
3,1867325,1867244,81,MRLFAIRQISSWCNLHKRKPVSIVVNV,length1,81
3,1867427,1867391,36,MSTINILGQVIY,length1,36
3,1867544,1867496,48,MTDGPMMWTARVTDLV,length1,48
3,1867844,1867778,66,MILIMLRQAKTLVYNARIVNLS,length1,66
3,1868006,1867928,78,MAREETLVLHHFGWKALPPLIKHGRN,length1,78
3,1868045,1868033,12,MNLK,length1,12
3,1868144,1868138,6,MS,length1,6
3,1868429,1868186,243,MGAVFYWLQLMYRVGGIAVLSSKLLDMVKTANGGSLIDTTLNHQCGAIPMEKVSRLIRPPTLRIGIYSSVMCLISNIVLRD,length1,243
3,1868588,1868531,57,MAYQNECISLKVIVPNAKN,length1,57
3,1868708,1868633,75,MLKHEVMCRYTYFKQTNSKIALVTH,length1,75
3,1868780,1868774,6,MN,length1,6
3,1868951,1868786,165,MRSEDKTVSGANQAKVTMRHLTYFAMPMRSLFCVVMSVLSGAMRTMSHTGRNCQV,length1,165
3,1869233,1869218,15,MDKTT,length1,15
3,1869437,1869365,72,MGRTASKKPICDECIRGSNAKPYT,length1,72
3,1869686,1869662,24,MGRMVYLS,length1,24
3,1869917,1869905,12,MASS,length1,12
3,1870517,1870490,27,MAKNGDCQR,length1,27
3,1870955,1870907,48,MRSDFGAYLLRALRRI,length1,48
3,1871048,1871015,33,MFLMGSRFTTC,length1,33
3,1871135,1871129,6,MR,length1,6
3,1871156,1871150,6,MQ,length1,6
3,1871228,1871195,33,MLRICASMPTY,length1,33
3,1871294,1871261,33,MQAKQEKHLKN,length1,33
3,1871654,1871645,9,MIC,length1,9
3,1871792,1871759,33,MPITVTLLVIA,length1,33
3,1871867,1871840,27,MLKTTPTMR,length1,27
3,1871936,1871930,6,MQ,length1,6
3,1871999,1871996,3,M,length1,3
3,1872194,1872173,21,MRALALH,length1,21
3,1872260,1872242,18,MTICTC,length1,18
3,1872413,1872410,3,M,length1,3
3,1872476,1872446,30,MDLSILVVNH,length1,30
3,1872785,1872743,42,MAYLPRCALMQVLM,length1,42
3,1872977,1872974,3,M,length1,3
3,1873511,1873208,303,MSRSTLSPFDDALAQADKVITDVMMSVYVINGKKYKAVLDETPKEMDPMNGVYRTLTMFKSSGYKPKKGDKTTINGVDYVVTGFTFNSGTIMLQLEEDASY,length1,303
3,1873622,1873523,99,MTTSKKRRKPYPTLIKKQYLKPWHARLITLLLK,length1,99
3,1873676,1873661,15,MYQSA,length1,15
3,1873925,1873922,3,M,length1,3
3,1873976,1873967,9,MPK,length1,9
3,1874651,1874636,15,MRITI,length1,15
3,1874717,1874657,60,MQTPIGNPQAKAQNQPVKLH,length1,60
3,1874852,1874825,27,MCITLGCHL,length1,27
3,1875707,1875404,303,MLREMSVAEYFCWCKYFGKRPFTLELLDYGYGTVASAVYNVAALKQVVTAQDFSVLHTAKPNAEMTTEEMMDASIANDGVLRIGPDQQFKNQTRGRDGKIY,length1,303
3,1876481,1876454,27,MADKSHERG,length1,27
3,1878572,1878554,18,MGFIEI,length1,18
3,1878659,1878653,6,MC,length1,6
3,1878674,1878668,6,ML,length1,6
3,1878689,1878677,12,MGKL,length1,12
3,1878782,1878698,84,MLQLLIITQKKMLFGDIAKNLSKSRSFT,length1,84
3,1878857,1878785,72,MIYKECLTLSQEKMLKMLPNIFCS,length1,72
3,1878899,1878887,12,MIHQ,length1,12
3,1879247,1879223,24,MHKICDLV,length1,24
3,1879334,1879295,39,MSGGRRIQHPKGE,length1,39
3,1880363,1880354,9,MMQ,length1,9
3,1880453,1880420,33,MANCSMSPVPI,length1,33
3,1880480,1880471,9,MSF,length1,9
3,1880597,1880498,99,MPERKEWGKLEPLFIPIQTRAVYQALQIKMHIK,length1,99
3,1880711,1880636,75,MRYLRILCLHLQRCLICMGVSLSMA,length1,75
3,1880864,1880789,75,MAGGIMVAISMLITLRTRDFIQSKT,length1,75
3,1880942,1880903,39,MYLIMLVFILVMV,length1,39
3,1881704,1880981,723,MYMDNSTANEQRTSCDIRKIRLKGELGKRFGKVHKLAVKTPAEAIRALCVLKRGFKEFLLESEKHGIVYRFLVQREELTTSSDEFQMWYGAQAEFHLIPIIRGSKRGGFFQLIAGAAMIGLAFWNPLGWATIGGTGFLSSAATLPLTIGASLVLGGISQLLVPVPKVSGPQERPENKPSYLFNGAVNTTEQGQPIPLLYGELIVGSAVVSAGLTDKEIPIRTNSTSNNETRGKLKFKRVSG,length1,723
3,1882958,1881710,1248,MQIVGRKGGGKGGGGGGRAPVEAPDSLKSCSYAKFIDVISCGEIEGPVNGLNSVYFGDVQLQDEKGKFNFNNVAIEWRPGSVRQAPSEICQTNEVTTDVNTEVKKDKPITRSIIAPEADIVRVTITVPGLSHQNKSNGDINGTKVELKVEYQANGSQWIDAGNIVIEGKTTSSYNREHSFRLTGEAPWNIKVTRLTDDSDSQVLQNKTIFSKITTVFEEKLTYPGVAYVGVQIDAEQFSSIPSRGYHCRGIKLKVPSNYNPETREYSGDWDGTFIVKYSNNPVWIYFDLLTNEEYGAGEYIKEDMLDKWSMYQIAKYCDELVPDGFGGREPRFTCNVYIQTKQEAFKLLRDLTSVFRAMSYWSSGTQMLVQDSPKEPIYQFNNTNVIGGKFSRSGSNIKNSSQCCISDVERPEKVL,length1,1248
3,1883093,1883078,15,MATLY,length1,15
3,1883408,1883396,12,MDYC,length1,12
3,1883828,1883819,9,MVR,length1,9
3,1884779,1884764,15,MGRAF,length1,15
3,1885199,1885172,27,MGKLCNRVY,length1,27
3,1885490,1885466,24,MGSTLMSR,length1,24
3,1885742,1885538,204,MVLNGCPWLQSINYPLIITHSKTSHSQTLLLTTKVTQSLRVQQPLKRLMIKRRKQKKLLALNNPQPQP,length1,204
3,1885772,1885751,21,MVLGILK,length1,21
3,1885826,1885790,36,MLMAIKPMAIIT,length1,36
3,1885874,1885853,21,MGNGILK,length1,21
3,1886015,1885895,120,MRCVKLHVKRMITKSKHAFLMAQIGQNGKMQAAMVCLLVP,length1,120
3,1886141,1886066,75,MVQHSANKPSPIYTALWATATNFLI,length1,75
3,1886162,1886153,9,MWG,length1,9
3,1886342,1886294,48,MYHLRKTDLLEIQGMD,length1,48
3,1886456,1886435,21,MTKRKQL,length1,21
3,1886528,1886489,39,MTISVIMDLCIRF,length1,39
3,1886633,1886615,18,MTCNSG,length1,18
3,1886669,1886657,12,MLGL,length1,12
3,1886729,1886672,57,MRVHLRKICKRYLRVLNKK,length1,57
3,1886783,1886768,15,MQKLI,length1,15
3,1887071,1886945,126,MIITILNSSVLKWVQKLKVKQEAEFIGLMFVKYEDFPVMVHF,length1,126
3,1887080,1887077,3,M,length1,3
3,1887383,1887371,12,MEWK,length1,12
2,172,67,105,MRKYELKHEELSEEELQQIHNDIIRKMKALAEAQQ,length1,105
2,382,352,30,MVEYVVRSCT,length1,30
2,403,388,15,MRSGI,length1,15
2,490,472,18,MTGGVR,length1,18
2,601,553,48,MQLKIVMRVGDLVRIN,length1,48
2,694,619,75,MMTKDKPIINFHWKFYAIYPIPRRP,length1,75
2,859,850,9,MMI,length1,9
2,922,907,15,MNGII,length1,15
2,1366,1324,42,MGRNARKTARIRKV,length1,42
2,2320,1624,696,MGFYNSPPLKYLEKPKAPAPRTRRYNEHEIERLIFVSGYDVEHIEPPKTLQNCTGAAFLFAIETAMRAGEIASLTWNNINFEKRTAFLPITKNGHSSTVPLSVKAIAILQHLTSVKTESDLRVFQMEARQLDHNFRKLKKMEGLENANLHFHDTRRERLAEKVDVMVLAKISGHRDLSILQNTYYAPDMAEGYKTKAGYDLTPTKGLSQRNFFFFNENFIVFTTNPPIVIKL,length1,696
2,2338,2329,9,MEH,length1,9
2,2413,2401,12,MFNF,length1,12
2,2647,2452,195,MRLVCSVVSELSAVEPNALFADLITQFFNLVMIFFSVNLFFTPTIFLRISPYLFGSHSSYSIQIG,length1,195
2,3625,3142,483,MKGGEFKHDFELLAKHMAEMKQTLSLDGKKLTVDQMLQVRDSLTKNFKFAAGVLSAESKDLLKSKTGTVWLSDDTLIKQFNSRDGQDFGLESYALFPDLFNQPDIVLQDNDRFYFIKNFEKQRILGVIKHLSKFNEIFVLSAREINIKEVEKMKGKLAVIK,length1,483
2,3748,3733,15,MNIPP,length1,15
2,3862,3826,36,MSIYPKKINKNK,length1,36
2,3955,3949,6,MF,length1,6
2,5089,4645,444,MRFTKTLFTTALLGASIFSFQSTAWADTLEQQFQQGSEATTRGDYQTTFKFLLPLAEQGNAEAQLMLGVMYARGIGVKQDDFEAVKWYRQAAEQGYANAQAILGFSYLLGQSGVQVNKSLAKEWFGKACDNGNQNGCEYYGKLNRGEL,length1,444
2,5122,5119,3,M,length1,3
2,5227,5188,39,MVCKFLIMVQSQF,length1,39
2,5485,5398,87,MSKATIKPPLNFGYLWRSREMQMFNLIWA,length1,87
2,5533,5491,42,MLRGKASNKMILKR,length1,42
2,5581,5566,15,MQMLN,length1,15
2,5617,5599,18,MQSDVA,length1,18
2,5641,5626,15,MVLKR,length1,15
2,5701,5674,27,MQRLKMVWA,length1,27
2,5725,5707,18,MTEDLA,length1,18
2,5839,5782,57,MEVLKLCWDSHIFREKVFK,length1,57
2,5920,5884,36,MVNKWVVNIMAS,length1,36
2,6082,5953,129,MRILECRARVIFKWAYSNGRRPSLSLGLWFASSSSWFKANFSE,length1,129
2,6613,6604,9,MVW,length1,9
2,6856,6682,174,MPTLQCEFWNVGQGLFSSGRIQVGDAQAFHWVYGLQVPHHGSKPILVNKNKRLSIHSI,length1,174
2,7420,6871,549,MKLTKTLLTTALLGASVFSFQSTAWADTLEQQFQQGLTAYEQSNYQTAFKLWLPLAEQGDANVQFNLGVMYAEGQGVKQDDFEAVKWYRKAAEQGDANAQAYLGLAYTEGRGVRQDYTEAVKWFRKAAEQGHANAQAILGFSYLLGKGVQVNKSLAKEWFGKACDNGDQGGCKYYGKLNRGER,length1,549
2,7546,7465,81,MWGRDYFRVGVFKWDTPQFPIGFMIMA,length1,81
2,7663,7573,90,MPYKNIKIKSQIKRLRFLISFSLSIFPKIG,length1,90
2,7756,7747,9,MKS,length1,9
2,7783,7774,9,MFL,length1,9
2,8038,8017,21,MMNITAI,length1,21
2,8137,8065,72,MKQVFLRVIYSVCTAVMRKVNAGV,length1,72
2,8314,8215,99,MASLNLNRAVIVCNVYQKQKAKGVSTRLLVPLR,length1,99
2,8521,8476,45,MSVHSTKIKRKQCQY,length1,45
2,8695,8689,6,MK,length1,6
2,8719,8701,18,MVKLMN,length1,18
2,9274,8806,468,MSFLTLKGNKMIIENQKDAEFSSAFKPSQPAQASRFKRWLASMINGIVLWVMVGLGFALGDFAGVVGTIVYAGFQLYFMKTYGQTMAKRWLGLRVFNYHTNQPVEFGKYIGREIIDILLAWTSFLLIISGIVALVRDDRRSLTDLVAGTIVLKDEK,length1,468
2,9442,9352,90,MHLCFFNMLLANRVRKSLLLMIPRLMKKCG,length1,90
2,9550,9532,18,MSQKAH,length1,18
2,9769,9757,12,MLWH,length1,12
2,9799,9781,18,MQKEIS,length1,18
2,9805,9802,3,M,length1,3
2,9940,9883,57,MCKMNICIKAMCVLNLFLH,length1,57
2,9988,9949,39,MMQGMLIYVILLN,length1,39
2,10072,10012,60,MAYYCLNTDGNKAKKCGQFS,length1,60
2,10135,10120,15,MSVSL,length1,15
2,11824,10972,852,MQNKIVKIGNIDVANDKPFVLFGGMNVLESRDMAMQVCESYVKVTEKLGVPYVFKASFDKANRSSIHSYRGPGMEEGLKIFQELKDTFGVKIITDVHEIYQCQPVADVVDIIQLPAFLARQTDLVEAMAKTGAVINVKKPQFLSPSQMGNIVEKIEECGNDKIILCDRGTNFGYDNLIVDMLGFSVMKKASKGSPVIFDVTHSLQCRDPFGAASSGRRAQVTELARSGLAVGIAGLFLEAHPNPNQAKCDGPSALPLSALEGFVFQMKAIDDLVKSFPELDTSI,length1,852
2,12079,11971,108,MIIRLLPKPLSERGMRTLLLPAKSFLIVKLCNNCQN,length1,108
2,12163,12115,48,MLILWLQKKWASPCVM,length1,48
2,12355,12313,42,MCAVQRWAYLVKVA,length1,42
2,12394,12382,12,MPWE,length1,12
2,12466,12406,60,MQNIKMLLFAVKVIRPLMKY,length1,60
2,12532,12529,3,M,length1,3
2,12610,12598,12,MNLP,length1,12
2,12622,12616,6,MR,length1,6
2,12658,12655,3,M,length1,3
2,15058,14947,111,MFYARPHFYGKSVGLCDCSGVYPFIVGKSLAAKYSAN,length1,111
2,16474,15334,1140,MDAFKQQLEQLSAKNQYRSIPDLVHQGRYIMRENRKMLNMSSNDYLGLASNENLRQSFLQQYGGNFPSFTSSSSRLLTGNFPIYTDLEELVAQRFQRESALLFNSGYHANIGILPALTTTKSLILADKLVHASMIDGIRLSQCEFFRYRHNDYEHLKSLLEKNAGKFDRTFIVTESVFSMDGDVADLKQLVQLKKQFSNTYLYVDEAHAVGVYGQNGLGIAERANVIADIDLLVGTFGKALASMGAYVVCDQILKECLINQMRPLIFSTALPPFNVAWTHFIFERLPQLSKERTHLEQLSAFLRQEVEHRTQIMPSQTCIVPYILGENEATLAKAKDLQEQGYYCLPIRPPTVPKGTSRIRLSLTADMTMDEVKQFVACL,length1,1140
2,17131,16681,450,MGVWAAERALQGIRLKSATAVNGTGLPCDDSFGIPYAIFKGTLENLTENTRLKFERRICVDKASFERYQLFPARPFDEIHQELTALFAMIQQDKRTDLIHWANAWVSSRDKIFTPANQHQYWASRCAVQEIEGEHYVFSRFSHWSALWNH,length1,450
2,17203,17188,15,MMNMR,length1,15
2,17269,17260,9,MGH,length1,9
2,17461,17356,105,MICAMCRPNWLKNCRNPLIFIAAMPNISFFCNNLT,length1,105
2,17749,17719,30,MYSNTLNIQA,length1,30
2,17848,17791,57,MDLLAITCRRSVCRRAKCA,length1,57
2,17992,17950,42,MRGKRLLQAFMLKS,length1,42
2,18097,18058,39,MICLYIERFKGLI,length1,39
2,18163,18133,30,MFLNILVRHI,length1,30
2,18271,18238,33,MIMYYWRVLVD,length1,33
2,18487,18451,36,MILLLVKKPNAI,length1,36
2,18877,18841,36,MDNPCKKHRLMN,length1,36
2,18958,18955,3,M,length1,3
2,19195,19144,51,MNPQEILITRPLKVFLS,length1,51
2,20776,20752,24,MKTQHLKV,length1,24
2,21874,20788,1086,MAKEKIEIVVANDDTRIEKVDQVLPPIALLEKYPASEQAAALVKQTRHEAHNIIHGKDDRLLVVIGPCSIHDPKVAIEYATRLKPLREKYKDSLEIIMRVYFEKPRTTVGWKGLINDPYLNDTYRLNDGLRIARKLLSDINDLGVPAAGEFLDMITPQYLADFMSWGAIGARTTESQVHRELASGLSCAVGFKNATNGGVKVALDAIGAAEAPHYFLSVTKFGHSAIVSTKGNEDCHIILRGGDKGPNYSAEDVEKVCADIEKTGRIPHVMVDFSHANSSKQYKKQMDVCQDVCNQIAFGSKQIFGVMVESHLVEGRQDLVDGKAQTYGQSITDACIGWEDSERLLQQLSDAVIARRKATSN,length1,1086
2,22018,21985,33,MNRIGYGADNR,length1,33
2,22132,22090,42,MRHKFIDMKFVIFF,length1,42
2,22276,22231,45,MNKTSLFWTFDTVKI,length1,45
2,22528,22510,18,MFLENI,length1,18
2,23086,23035,51,MQAQHRKLLAKFYLPLS,length1,51
2,23143,23110,33,MQFSKQTLLVY,length1,33
2,23245,23179,66,MHLMQLRTYYLILQKAYQKLFT,length1,66
2,23350,23329,21,MCNYLLY,length1,21
2,23614,23536,78,MKKLILFLFHWVRTLIWRVRRLLLLS,length1,78
2,23779,23773,6,MM,length1,6
2,24643,24037,606,MNHLIIFAHPNSVRSFGRAIANRIEQISQENGVNVFFRDLYEMNFNPILSHEELQNANKGIIPEDIQQEHDFILQADLITLVYPLWWMGFPAILKGYLDRVLSHGFAYKTENGESVGLLKNKQMQQFITIGSNVDQYKEFGVDKSLNHCLINGLFNYCGIENVEFELFGDIHLIDDEARKAMIELAAQKTQAKLTALLKEKE,length1,606
2,24892,24883,9,MGK,length1,9
2,24937,24913,24,MALMLKNL,length1,24
2,25219,25180,39,MNWKKSRQYFAFL,length1,39
2,25555,25549,6,MC,length1,6
2,25675,25663,12,MIRM,length1,12
2,27559,27547,12,MVYR,length1,12
2,27685,27628,57,MAWSAGSNSKITKRIECIN,length1,57
2,27931,27928,3,M,length1,3
2,28219,28189,30,MIFGSFGTPS,length1,30
2,28906,28837,69,MIQSQYVLLAHYYLKSVAIHCAF,length1,69
2,28966,28939,27,MVSLEKYYD,length1,27
2,29230,29209,21,MIYVCFV,length1,21
2,29899,29890,9,MNA,length1,9
2,30592,30400,192,MIVAISNSGSFKPEYSQSIKNSRSSCNNIFSGTKSLWHGRKIISLLISSNCQNTAESLSILESA,length1,192
2,30991,30967,24,MEEKGMEC,length1,24
2,31324,31294,30,MPSLIGNGSP,length1,30
2,31408,31327,81,MIEAKVSPNSGAEVSPREPKAAIKKIF,length1,81
2,31579,31540,39,MPTRARLSDVFTS,length1,39
2,31705,31684,21,MQCEVFN,length1,21
2,31873,31861,12,MTTS,length1,12
2,31996,31957,39,MMTPCFSRNEKAF,length1,39
2,32248,32209,39,MFCAIAQSSNWRP,length1,39
2,32470,32401,69,MAAQREAIPPPIIATSCFSIFAG,length1,69
2,33103,33058,45,MTKLASLCVIQRSQS,length1,45
2,33367,33307,60,MNYCLKYFYFIVILSRYFYI,length1,60
2,34606,33388,1218,MRRTVITGFGIISSIGNNKEEVLASLKAGKSGIEVVPEFVEMNMRSHVAGTIKLNPSEHIDRKVFRFMGDAAAYAYLSMREAIEDAGLTEDQVSNDRTGLVIGAGTGSAHNQLVACDAVRGPRGVKAIGPYAVTKTMASSVSACLATPYKIRGVNYSMSSACATSAHCIGHAVELIQLGKQDIVFAGGAEELSWECATEFDAMGAVSTKYNETPEKASRAYDANRDGFVIAGGGAVVVVEELEHALARGAKIYAEIVGYGATSDGYDMVAPSGEGAERCMKQAMATVDTPIDYINVHGTSTPVGDVKELGAIKNVFGDKIPAISSTKSMTGHSLGAAGAHEAIYTLLMLDNDFIAPSINIETLDEAAEGCNIVTETKENAGLQTVMSNSFGFGGTNATLIFKRYNG,length1,1218
2,34639,34618,21,MKKATFD,length1,21
2,35959,35053,906,MKLLMLCREPRLYSCQRLKEAAKHQGHEMDILDPNHCFLKLSQNPPHFQIFYQENSESKPYLLFDYDAVLPRFGTTSTQMGCSVLQHFEGKGTFCLNSSQAFLNARDKWKSLQLLLKAGVPVPNSLLSGGEVQAQATIPHISSPTILKTLNGSQGIGVILAEKPQSAVSIMEAFKQTNISMLQQDFIEEAGNADIRCFVMGDQVVATMQRIGQNGEFRANCHRGGKTEKITLSDDEKQIAIRATKAIGLDVAGVDLIRSKNGLLVLEVNASPGLEMIEKTSGIDIAAEIIDYIEINAFINSR,length1,906
2,36268,36235,33,MKIAKAAINAT,length1,33
2,36511,36352,159,MDKPTLPNTSIADSATWKRKMLVKILRTITPVNKHHTKVGNWSAVPFVCTSKY,length1,159
2,36760,36610,150,MSSTSSFSGFSPCFWRFNKKRATGPPMIPPNTKPKVAQAMAISVAPCRLN,length1,150
2,37150,36874,276,MPITFCPKINNAAMNKNTTSGFPPLIRREKLALKPIEVKNTNIIVVCRFLSKLKDVPSILCQIKRPMATIKPPTTGSGMLNVFNTLMRLTKK,length1,276
2,37273,37246,27,MCCVTARLP,length1,27
2,37414,37306,108,MSNLFCLVLRGTFADLLVLIQFFVFQNEIQDLLDLK,length1,108
2,37549,37546,3,M,length1,3
2,37588,37582,6,MF,length1,6
2,37852,37810,42,MKADRVHNSAPCYQ,length1,42
2,37927,37921,6,MI,length1,6
2,39721,39661,60,MYLSLDLPLNHKLIERDGAY,length1,60
2,39775,39751,24,MGSFHLNL,length1,24
2,40288,39850,438,MRRRLLYLSQCDKVVALRRKRDRLVPISENDVRTGRRVGWQYADHRSQHPREYRLYHSEVVINHCCQDRSLEPRRYREFRLNLILDQGKLPMCLRFSHVTAKSLDIRDHVLVLLSRQQSRPPLKIIPFFLNPVSHNQLIFLVMLGH,length1,438
2,40498,40450,48,MISVPLFALRIAHPAF,length1,48
2,40717,40708,9,MPS,length1,9
2,40795,40753,42,MVFPEGFQSHLLLR,length1,42
2,41641,41620,21,MISFSTI,length1,21
2,42010,41884,126,MVSSWRKALIIPRKSLRSSISLLERKRPCVCSQSSKGLSFGR,length1,126
2,42028,42019,9,MPG,length1,9
2,42073,42043,30,MRAPSSSVKK,length1,30
2,42343,42178,165,MPVSIIAMPTERRFSCKIASRSFSDISGKQSSRLRRAMAARRLPTFKCENSQPRP,length1,165
2,42742,42706,36,MKNARVVQQMWR,length1,36
2,42775,42760,15,MYPFS,length1,15
2,42826,42796,30,MKLVLHFPSY,length1,30
2,42952,42949,3,M,length1,3
2,43057,43045,12,MFRK,length1,12
2,43093,43081,12,MCLC,length1,12
2,43345,43342,3,M,length1,3
2,43426,43396,30,MDVLLRNLVT,length1,30
2,43435,43432,3,M,length1,3
2,43537,43498,39,MRFMLVLKLDLAL,length1,39
2,43597,43558,39,MLSHKLKRAVKKL,length1,39
2,43648,43606,42,MAVLIFCIQGIFLI,length1,42
2,43678,43654,24,MHANWAIV,length1,24
2,43936,43924,12,MLKC,length1,12
2,43969,43948,21,MVVQQQM,length1,21
2,44095,44071,24,MVIHSFVD,length1,24
2,44287,44254,33,MLDFASYFPLS,length1,33
2,44494,44458,36,MMSSLVCGLNLP,length1,36
2,44590,44554,36,MNNFSVNSTACS,length1,36
2,44932,44920,12,MKYK,length1,12
2,45256,45022,234,MQNRTTKLSALSGGWLRKAALARALVCDPDVLLLDEPTTWMWKLLNGWKISYWISKVALYLFPMTVLLFAKWQHALWI,length1,234
2,45442,45346,96,MNYLINVLHRKKCGFAKVSRLAVQEMKGECEH,length1,96
2,45691,45673,18,MLFIRR,length1,18
2,46192,46129,63,MYFQDDLFSKYFLHQVLINER,length1,63
2,46369,46291,78,MRVFVRVPKHFLQLMCALDCKPVPLR,length1,78
2,47122,46924,198,MELHHEYFERQLHRRLNVQNQDQNQNVEHCRIYEDRDTTNNHLDLIPFLPCVYQAPLNVLHVVNHR,length1,198
2,47203,47197,6,ML,length1,6
2,47572,47527,45,MQLQVQPSRIQLSDG,length1,45
2,47701,47596,105,MLGQKYKFCLMHKHRFRRLTDLKPLKMILYRRNLG,length1,105
2,47797,47791,6,MQ,length1,6
2,47893,47803,90,MGLPPSRNLAHGRNGELLETSNDEHARPRQ,length1,90
2,48289,48280,9,MPL,length1,9
2,48571,48556,15,MQKLQ,length1,15
2,48613,48601,12,MKVY,length1,12
2,48634,48628,6,MH,length1,6
2,48706,48658,48,MKISLSCVPQARMSCH,length1,48
2,48757,48742,15,MRLWH,length1,15
2,48799,48796,3,M,length1,3
2,48871,48841,30,MLKSLSLLVY,length1,30
2,49000,48985,15,MRHKS,length1,15
2,49147,49141,6,MG,length1,6
2,49306,49243,63,MSLILLKRQFYVWPFMNCASS,length1,63
2,49420,49309,111,MCHIKWLSMKRLKWQKYSVQMKAINISMAYLIKSHQH,length1,111
2,49522,49450,72,MARVFNACLFFYKIGEKWQWVNLI,length1,72
2,49717,49558,159,MIPFNYLLATIVRWFPCQRIISLPLRPIQWWKIRIFYQPFHLRTWLIRRLQQI,length1,159
2,49783,49780,3,M,length1,3
2,49981,49966,15,MFQAL,length1,15
2,50104,50041,63,MMFFCNNDILDPHLELNLGGR,length1,63
2,50146,50119,27,MLPLIFPMG,length1,27
2,50272,50242,30,MIALKRNNLP,length1,30
2,50332,50290,42,MNFVLPYRPNIKMN,length1,42
2,50437,50386,51,MKSAVTFLPVFYGMENL,length1,51
2,50839,50803,36,MDFGCFCVIPLF,length1,36
2,51601,50974,627,MLNLIIVHLFGLMTPGPDFFYVSRMAASNSRRNTVCGILGITLGIAFWGMLSMLGLAVLFVTIPALHGVIMLLGGSYLAYLGFLMARSKKYAQFEPHSDTEFNQQTTIKKEILKGLLVNLSNAKVVVYFSSVMSLVLVNITEMWQIILAFMVIVVETFCYFYVISLIFSRNIAKRLYSQYSRYIDNMAGIVFLFFGCALVYNGINEIIH,length1,627
2,52378,52366,12,MVRK,length1,12
2,52660,52642,18,MWCYGG,length1,18
2,53275,53254,21,MDNCASL,length1,21
2,53443,53410,33,MAKRAVRKFCE,length1,33
2,53737,53689,48,MKSVSNILVRKGILRN,length1,48
2,53818,53755,63,MCQQKNVLRWAQKLTKQNKLR,length1,63
2,53875,53830,45,MQKKRSGNRLNLTQN,length1,45
2,53947,53893,54,MSVYQVAKLKQVAYTQLP,length1,54
2,54043,54001,42,MALKLKVIITTLMR,length1,42
2,54283,54202,81,MTTIKRIRQCSIKLNCFMWIKKQISPN,length1,81
2,54391,54388,3,M,length1,3
2,54520,54448,72,MCCVMLVLIRMNILVLQWGWVLSV,length1,72
2,54781,54730,51,MAWKALRVHLMVSLLVK,length1,51
2,54823,54805,18,MQINYV,length1,18
2,55084,55015,69,MLKRMVLLNCHLMHQLVLIYVNI,length1,69
2,55117,55093,24,MIMPSKLA,length1,24
2,55309,55306,3,M,length1,3
2,55471,55426,45,MRLMQLKLHNLFKFA,length1,45
2,55540,55504,36,MAQPQNFNQIRY,length1,36
2,55564,55555,9,MGL,length1,9
2,55624,55621,3,M,length1,3
2,55735,55681,54,MVYILMYRIVLNVVWILN,length1,54
2,55882,55873,9,MHF,length1,9
2,55969,55939,30,MLLMQMIFGR,length1,30
2,56071,56038,33,MVITAFQTMRH,length1,33
2,56275,56143,132,MQIIKKLLLIALWIQKFKVYYIHSKKHLYCQTQFLWKCPQCVCL,length1,132
2,56407,56368,39,MPMLNLACVKNLF,length1,39
2,56593,56557,36,MHYILANLLLLN,length1,36
2,56656,56596,60,MVKKLVLLVQFIHLLAKNLA,length1,60
2,56761,56659,102,MAKLLYLKFFGMQLRHVMWCKQKKFLNSQQTVVI,length1,102
2,56899,56857,42,MYIKVWASLKAIRV,length1,42
2,56962,56926,36,MKKHLKMKKLMQ,length1,36
2,57010,57001,9,MLN,length1,9
2,57310,57022,288,MATITKLDIIEYLSDKYHLSKQDTKNVVENFLEEIRLSLESGQDVKLSGFGNFELRDKSSRPGRNPKTGDVVPVSARRVVTFKPGQKLRARVENTK,length1,288
2,57439,57355,84,MKRYESISIIFNRYCLVVFIRLFQFSKR,length1,84
2,57607,57517,90,MGRYTLCARRCFTPWGRLFWFCAENFLRSF,length1,90
2,57928,57859,69,MLEFSSIFYNDFFQIWEIKCPQT,length1,69
2,58162,58114,48,MDIDGNQMLKAWIYRF,length1,48
2,58234,58165,69,MNSNHLCLCLLNNISMAFCLLAL,length1,69
2,58510,58282,228,MTAIKNQGQNGLIKLLLPQLVSRYYLPKSIQKFFLKLVPHFIKIDFCRCIIGVFTVKNIRHRSSHWLWFNKDQVAI,length1,228
2,58570,58522,48,MRMAIFYTLLCIACLR,length1,48
2,58624,58621,3,M,length1,3
2,58669,58651,18,MVEKFD,length1,18
2,58777,58759,18,MKFPLP,length1,18
2,58900,58861,39,MPNDINCRFIFYH,length1,39
2,59380,58927,453,MKKIVYIDMDNVMVDFPSGIAKLDEKTKQEYEGRYDEVEGIFSLMEPMPNAISAVHKLMKKYHIYVLSTAPWHNPSAWSDKVKWIQHYFGEEKGSALYKRLILSHHKNLNQGDYLIDDRTKNGAGKFQGEHVHFGTEQFANKRSLKNDREK,length1,453
2,60343,60301,42,MRHYVYYHLKKDDS,length1,42
2,60631,60547,84,MYRLAVFVVRQVNLHHIVVAIKTYAYNG,length1,84
2,60697,60676,21,MNLPFFE,length1,21
2,62380,61537,843,MKNDLNYAVELIRKADGILITAGAGMSVDSGLPDFRSVGGFWNAYPMFKGRNINFQDIATPLAYETHQELAYWFYGHRLSQYRATSPHEGYQILKRWAESKPYGYFVFTSNVDGHFQKAEFEEGRIYEVHGTLERLQCVNNCRGLNWSASSFQPVVDNENLCLTSEKPHCPYCGGFARQNVLMFNDWSYASQYQDFKKVRLESWLKEVQNLVVIELGAGKAIPTVRRFSERTAKAKKGGFIRINLQDSGVPKMHFLSLEMKALDALKAIDRLLNPSQQAVE,length1,843
2,62599,62446,153,MPFLMARRCFNINSKRLKNALKTDRTLLWAWQTVFPIVIVLKKRASWLCNY,length1,153
2,62899,62878,21,MEVFLLV,length1,21
2,63079,63010,69,MKCAKKFGRNIPMINIALRFAAR,length1,69
2,63115,63103,12,MICR,length1,12
2,63298,63277,21,MLGKRLY,length1,21
2,63382,63373,9,MFE,length1,9
2,63394,63388,6,MG,length1,6
2,63832,63823,9,MVE,length1,9
2,63898,63874,24,MATILCFR,length1,24
2,64180,64171,9,MVD,length1,9
2,64429,64393,36,MKLPVHLGCLKN,length1,36
2,64471,64435,36,MIKIYARLLVGF,length1,36
2,64573,64537,36,MKIWQRWQNFCN,length1,36
2,64768,64756,12,MLMA,length1,12
2,64810,64801,9,MII,length1,9
2,64846,64837,9,MNL,length1,9
2,64945,64921,24,MILTILPA,length1,24
2,65140,65017,123,MACLALVKQNSPGCLHRRWGFRRITLLTWILTEMLWRQSNA,length1,123
2,65302,65200,102,MKLKMCLTARLWSVLLHKKIKRGQISYWKTITCR,length1,102
2,65476,65446,30,MCSILLKCGH,length1,30
2,65680,65638,42,MWLVTTIFIVLVKG,length1,42
2,65785,65713,72,MARREQEKLLGQRGLRNSWTCRYC,length1,72
2,65887,65815,72,MWAGQNKILLKPLNKRKPIMQYWC,length1,72
2,65896,65890,6,MK,length1,6
2,65965,65956,9,MKC,length1,9
2,66778,66343,435,MIIKDPNSDRVNQEDDNLVYLHDLTSTVFDLANQKVPESFEGQSILPIMRQHQDNQRKGVLGQLAGHFVYFEQRMWRRKDYKLVFNATDVCELYNIRNDPEEMHNLFYDPQYNRIKKEMLEEIRAEMKRLNDPLENWVYRIIDEI,length1,435
2,67672,66862,810,MKTTLLKTLTPELHLVQHNDIPILYLKHAVGTAKISLQGAQLISWKPQNAKQDVLWLSEVEPFKNGNAIRGGVPICYPWFGGVKQPAHGTARIRLWQLSHYDISAHKVRLEFELFSDLNIIEAKIAMVFTDKCHLTFTHYGEESAQAALHTYFNIGDINQVEVQGLPETCFNSLNQQQENVPSPRHISENVDCVYSAENMQNQILDKSFNRTIALHHHNASQFVLWNPWHKKTSGMSETGYQTMLCLETARIHHLLEFGESLSVEISLKG,length1,810
2,68347,67942,405,MAEQAELDLVEISPNAEPPVCRIMNYGKFLYEKSKTAKEQKKKQKVVQVKEIKFRPGTDEGDYQVKLRSLIRFLEDGDKAKITVRFRGREMAHQDIGLDVLERVKNDLAEISVVESAPGKLEGRQAVMVLAPKKK,length1,405
2,68461,68416,45,MLGTLRSLTAFEKAI,length1,45
2,68755,68560,195,MPKIKTVRGAAKRFKKTASGGFKRKQSHLRHILTKKTTKRKRHLRHKSMVAKADQVLVVACLPYA,length1,195
2,68938,68896,42,MVHVHACIALLSKR,length1,42
2,72922,69289,3633,MAETIPLNPITLPLNQISLIEASAGTGKTYTIGSLYLRLLLKAGENNFSRPLNVEEILVVTFTEMATEELKKKIRERITDAINKLTAFAKTQDKSAFKNDEFLTALCDNLDIFEAIHRLKLAEQNMDLAAIYTIHGFCRRMLMQYAFHSGIHFNLELIKDQSDLLVRFANEFWREHFYPLDFESANFIATELVSPAKVLSLLKADLGKDLQVEIENKQALSVPIQIFLPQYLGGYQKALNELKAFWLESADEILAIITNELEKDYPKDQLKSLNRKKYQVKRLGDWINKINQWSNNPRDYQINTTLKDYFLQSSIEKNCEESTDKNKDKKPATPFYSPIFAELEKRVNALMTPDLLSKLTLYHYRQGLQQKLLDYKLNHQEKSFDDLLRLLCEALQDAQGDELAEMIRFQYPFAMIDEFQDTDSQQYAIFSKIYRDNPEKNTGFIMIGDPKQAIYRFRGADIFTYLKASDEAQSRFELTKNYRSEKHLVDGVNALFDFPQSPFIYQNIKFTAVDSRDDHLRFYLNGKAEPAYRFYLTESDKVNKTEMAKICAISIQHWLKSAAENQAVFQNEDTRKTLQAANIAVLVRDKNEAALVKNELQKLGIASVYLSDQNSVFDSNVAKELAWVLKACLNVAERPILNAIATALFGLNAADIHQIQQNEADWQRWADSFAQYQQTWQRQGILAMLHQILLEQGISERLLSQATGERDLTDFLHLAEILQQAATLHESESALLSWFEKQIQGEGRQEAQIRLESERQLVKIVTIHKSKGLEYDLVWLPFLAVPSKDPSKKDINIYYSKERDETLWDIENRNLNALCEETFAEELRLLYVALTRAKYQMAFALPAQFDKKWNALHYVLSQGEIGKEINLSNSKDTETLLQAFKEKMRDNVEICTKPNLEAFPALSINTKNDELKAAEFTGNIEQDWRITSFTSIEQGHRRQNYFAESAEKKHAVFDDAKDYDSQNAIEISTALLNENESNILDLPRGKQVGTALHRHFENCYFSDLANIEEIDKLRQSLQLDETFTEPLQNWLQQISHTPLSHEIGIALADLANKDCIKEMPFYLAIWEHFDVEEFNRTLKAHHHLPSEPLQFEQIQGMVRGSIDLVFRHNGKYYLIDYKSNFLGSTLADYNQEALKKEMLHSHYDWQYLIYTLALHRYLQSVVPHYDYARDFGGVFYLFLRGMNGEPQSGVFYDRPSVELITELDGVF,length1,3633
2,73045,73024,21,MRNQSKI,length1,21
2,73348,73222,126,MRCAGIWHLRKIPSIKLHQWYFNLARCISIVLGKMNIVSRNI,length1,126
2,73411,73390,21,MMKFIKN,length1,21
2,73648,73642,6,MR,length1,6
2,73738,73672,66,MYPIHFSMRFHKKPAPCIVYWA,length1,66
2,73789,73750,39,MITRAITAITLCN,length1,39
2,73798,73792,6,MC,length1,6
2,73819,73807,12,MKHQ,length1,12
2,73858,73852,6,MR,length1,6
2,73990,73969,21,MNKSHTY,length1,21
2,74188,74182,6,MP,length1,6
2,74221,74191,30,MMKAMRSIKW,length1,30
2,74356,74305,51,MNKAFPMPKPFKRNLIL,length1,51
2,74491,74458,33,MNKIGISASQL,length1,33
2,74587,74503,84,MIITFAFITAILDYAWQMAKYGLAIEKC,length1,84
2,74839,74764,75,MKKYGKQRFVRPSNARADWENYWKI,length1,75
2,75421,75409,12,MLIF,length1,12
2,75454,75448,6,MR,length1,6
2,76051,76012,39,MGAIKTNFANPNF,length1,39
2,76627,76603,24,MFRRTFAY,length1,24
2,78241,78220,21,MMIFKNM,length1,21
2,78313,78268,45,MNEFILFNMKEKNIG,length1,45
2,78400,78382,18,MNYILY,length1,18
2,78481,78418,63,MRQCQKSLIIVIIFLCWKMWD,length1,63
2,78535,78517,18,MNNRNF,length1,18
2,78562,78544,18,MMLVLL,length1,18
2,78586,78574,12,MLKI,length1,12
2,78688,78592,96,MVALLFEILLGIREKLLFLILNLAQIAKIKIG,length1,96
2,79150,79072,78,MKSAVSLIFILHLSLFIVRMQALCHR,length1,78
2,79219,79168,51,MMYLQHYLLGVKNVSKY,length1,51
2,79588,79579,9,MEI,length1,9
2,79693,79660,33,MPLNFCKWRFA,length1,33
2,79723,79720,3,M,length1,3
2,79798,79759,39,MRKWLNSLTSSTS,length1,39
2,79900,79825,75,MLSGLTFSRIIGNNVSDCALGTTTV,length1,75
2,80068,80050,18,MSKRNR,length1,18
2,80182,80152,30,MSLFYLCWLK,length1,30
2,80686,80503,183,MGKVSIKCSLSSFLAMYSKTDSIVLGATRLWRDRPEPSAKMLLPKRIPCFCNMDLTANVPN,length1,183
2,81316,81283,33,MPCFFNSASKL,length1,33
2,81742,81550,192,MKPTLEPSGSFCVKSETLILAKVGRLKLTESKKEPSAVEIEDNFFILGLLWLLFFFRRTIISPE,length1,192
2,82324,81850,474,MQQIPMTVRGAEQLREELDFLKNVRRPEIIKAIAEAREHGDLKENAEYHAAREQQGFCEGRIQEIEGKLGNAQIIDVTKMPNNGKVIFGATVVLVNTNTDEEVTYRIVGDDEADIKSGLISVNSPIARGLIGKELDDTVNITTPGGVVEFDIIEVNYI,length1,474
2,82531,82522,9,MSS,length1,9
2,82831,82702,129,MFFIDFNQPRLEFDRLYPNIGETTTKNRRLWERKNVQRVLLVG,length1,129
2,82948,82834,114,MNILVINLCKKHISKSCDHALILRLMKFSKRINYLNRE,length1,114
2,83107,83095,12,MKMF,length1,12
2,83119,83110,9,MLY,length1,9
2,83152,83146,6,ML,length1,6
2,83314,83305,9,MNI,length1,9
2,83344,83338,6,MW,length1,6
2,83464,83446,18,MMCSIL,length1,18
2,83629,83626,3,M,length1,3
2,83680,83662,18,MPMKLR,length1,18
2,83713,83692,21,MVLNIQP,length1,21
2,83755,83746,9,MIY,length1,9
2,84073,83965,108,MWLVAMKQKKKWAKSLISCVIRINSKIWAVKFQKVF,length1,108
2,84247,84235,12,MHLA,length1,12
2,84298,84259,39,MKSMQWVANVVRA,length1,39
2,84331,84313,18,MSVNKP,length1,18
2,84379,84355,24,MALAVMTV,length1,24
2,84427,84409,18,MCLIQL,length1,18
2,84478,84475,3,M,length1,3
2,84547,84535,12,MLMQ,length1,12
2,84631,84604,27,MRRLCLLLE,length1,27
2,84778,84748,30,MKLVTPLWVI,length1,30
2,84928,84916,12,MQGV,length1,12
2,85018,84979,39,MILKSQLISRVIW,length1,39
2,85087,85069,18,MRARFS,length1,18
2,85198,85123,75,MKPRIRLMKKFERLSVATMREQDRF,length1,75
2,85240,85234,6,MR,length1,6
2,85282,85249,33,MKPLKKNKLNS,length1,33
2,85390,85348,42,MQIQQRMMQSLKVR,length1,42
2,85489,85411,78,MFNLSKPFFRKALFFPNDFFLGCISL,length1,78
2,85834,85723,111,MQMKFRNKRNCIVLCLWWKQCEAVLIAGFPLIPQKQL,length1,111
2,85906,85873,33,MIFVLCKSQMR,length1,33
2,86074,85990,84,MKMSCKIYWLFYKNVLMNVFRLALKKKI,length1,84
2,86173,86143,30,MNFVRMVILY,length1,30
2,86380,86302,78,MLQQHQICSKFGRQQKMPDGFITIKN,length1,78
2,87730,86395,1335,MANRKYFGTDGVRGKVGSYPITPDFALKLGWAAGKVLASQGSKMVLIGKDTRISGYMLESALEAGLAAAGLSAAFTGPMPTPAIAYLTRTFRAEAGIVISASHNPYYDNGIKFFSAKGTKLLDEIEEAIEAMLEQSMDCVESAELGKASRINDAAGRYIEFCKGTFPAHLGLEGYKIVVDCANGATYHIAPNVLRELGAEVIEIGTDPNGLNINEKCGATDVTALQAKVVETKADVGLAYDGDGDRIMMVDHLGNKVDGDQILFIIAREALRSGQLKGGVVGTLMSNMSLEIALKMLGVPFLRANVGDRYVLEKMVENDWTLGGENSGHIIIADKNTTGDGIVASLAVLAAMAQHKLSLNELASAVKLFPQVLINVRFAGGDNPLESDAVKSVAAEVEKRLESKGRILLRKSGTEPLIRVMVECQDASLAQQCAEEIAEAVKKIN,length1,1335
2,88231,88222,9,MGW,length1,9
2,88441,88423,18,MKIPVN,length1,18
2,89305,89293,12,MGLL,length1,12
2,89506,89503,3,M,length1,3
2,89722,89704,18,MWERDI,length1,18
2,90532,90505,27,MILTALFYL,length1,27
2,90757,90727,30,MLIFSFHLSS,length1,30
2,91009,90940,69,MVYIIQYWGCQIRLKVHITCYRL,length1,69
2,91753,91750,3,M,length1,3
2,92401,91858,543,MNVISDLELQQIRTQMLTFAQLQVNQADLAEDLVQEAFLSAFKNLDNFKHQSAFKTWIFAILKNKIIDYLRQKGRFVLESELEDEDTNNSFFDEKGYWKPEHYPSELQGEEETVYSDEFWLIFETCLTCLPAKQAKIFMMREFLDLSSEEICQETHLTSSNLHTTLYRARLQLQNCLSKKL,length1,543
2,92860,92758,102,MMPKEPVENARENHASESKRSNDIGGCVFKSARE,length1,102
2,93019,92977,42,MKIKYDIFWCVVFV,length1,42
2,93199,93184,15,MEKKQ,length1,15
2,93535,93532,3,M,length1,3
2,93631,93610,21,MDFNQFL,length1,21
2,94777,93718,1059,MKLSKTFLFITALCCAAPTLAIQNSTSSSGEQKMVMENTQNIREIYLAGGCFWGMEAYMERIHGVKDAISGYANGNTGKTSYHMIGLTDHAETVKVTYDANQISLDKLLKYYFKVIDPTSVNKQGNDRGRQYRTGIYYQDGADKAVIEQALAQLQTKYKKPVQIEVQPIKNYIVAEEYHQDYLKKNPNGYCHIDITKADEPVIDEKDYPKPSDAELKAKLTPLQYSVTQNKHTERSFSNEYWDNFQPGIYVDVTTGEPVFSSNDKFESGCGWPSFTKPIIKDVVHYETDNSFNMQRTEVLSRAGNAHLGHVFDDGPKDKGGLRYCINSASIKFIPLAEMEKAGYGYLIQSIKK,length1,1059
2,95257,95227,30,MKALHFTVHQ,length1,30
2,95275,95269,6,MS,length1,6
2,95563,95545,18,MCNSKT,length1,18
2,95614,95611,3,M,length1,3
2,95674,95668,6,MI,length1,6
2,95866,95806,60,MKKAKSLTKQECVAIRSISF,length1,60
2,96100,96082,18,MILLLV,length1,18
2,96508,96442,66,MTALCLSLLIIYRENCHLVGIR,length1,66
2,96622,96571,51,MIGCISHMVPIFTCLLL,length1,51
2,96667,96655,12,MAFP,length1,12
2,96898,96838,60,MLGGRCRGVLPFLMIYRVKF,length1,60
2,97441,97393,48,MSAGSKFSPAISKKIS,length1,48
2,97534,97453,81,MAVSGSSFLISVVIMFVVKVMINKKCG,length1,81
2,97936,97846,90,MEFLHDYIGDPIDYGFPHCLYNLKQYQSAE,length1,90
2,98689,98581,108,MVVQVDKMSLMQKQDYRVNHRTKRFLIYQKRMVCPV,length1,108
2,98863,98815,48,MLFQIQLRYQVIALNQ,length1,48
2,99055,98938,117,MACRLPQVHRQLRVRRLLIGDSILLLQCLERLIMARKQE,length1,117
2,99382,99271,111,MDYLQKIFLLSKALKIVVNPINVQHSHPLLNYRKREH,length1,111
2,99502,99499,3,M,length1,3
2,99676,99664,12,MRRM,length1,12
2,99688,99682,6,MP,length1,6
2,99769,99739,30,MNAEKALQNI,length1,30
2,99778,99772,6,MK,length1,6
2,99838,99808,30,MIVWKKRQIV,length1,30
2,99898,99856,42,MRFSVEWIMPIFLK,length1,42
2,99958,99946,12,MTSR,length1,12
2,100033,99994,39,MVKFVWRTIQKIG,length1,39
2,100165,100147,18,MMSRYM,length1,18
2,100252,100237,15,MVAYF,length1,15
2,100480,100411,69,MLPIERIFLQFPAFYSNILVNQN,length1,69
2,100525,100522,3,M,length1,3
2,100579,100534,45,MKYWKQLNTKDFIYK,length1,45
2,100612,100591,21,MMVYLIA,length1,21
2,101779,101755,24,MMPFFGVV,length1,24
2,101887,101833,54,MHNDHENAGSFQYQRKIA,length1,54
2,102064,102043,21,MVFSRNL,length1,21
2,102424,102397,27,MYQFLSRSS,length1,27
2,102568,102535,33,MDNDCSIIINF,length1,33
2,102748,102733,15,MKKRV,length1,15
2,102877,102820,57,MIKINGCVHKNTGYQTNFW,length1,57
2,103471,103438,33,MFTLVAKQHVW,length1,33
2,103813,103603,210,MKHYAQHFVQLVSLLVTHVALNVKKWVYTKHVVVHNTQNVNFYFRFQKKSREKSLLFYYLSYSNLLIIKQ,length1,210
2,103978,103957,21,MIFIAIR,length1,21
2,104053,104011,42,MKTQRLICKLYQKI,length1,42
2,104167,104143,24,MSVFHILH,length1,24
2,104290,104260,30,MAQKKKKLQH,length1,30
2,104407,104356,51,MKNLVWLIAMLHHYYGN,length1,51
2,104551,104533,18,MINNGI,length1,18
2,105034,105007,27,MKLSSRLFL,length1,27
2,105661,105613,48,MCSPICANYPCSINRK,length1,48
2,105697,105691,6,MN,length1,6
2,106117,106066,51,MQKLWAFQITHIRKHCH,length1,51
2,106177,106132,45,MPIHWANIVKTEFFK,length1,45
2,106333,106213,120,MFFGFFHKVFDWRNFIKDFFTAITKRRVKRARENTRKMII,length1,120
2,106417,106396,21,MQCPRVI,length1,21
2,106645,106594,51,MNTVFLANCGHLLSATR,length1,51
2,106687,106654,33,MWISLMSHIPN,length1,33
2,106732,106717,15,MQRNG,length1,15
2,106789,106762,27,MSASLTNRF,length1,27
2,107416,107197,219,MASAYCVKDCSNLLSVKCGEQMKPNFNAAISNAPVLLRWINSNSLKLICLCSEIRSKLCPKHIPCTPAPCAKI,length1,219
2,107635,107611,24,MASMAAAA,length1,24
2,107776,107764,12,MPSN,length1,12
2,108115,108076,39,MRVYAPWNYPFSR,length1,39
2,109708,108253,1455,MKFIVKLFPEIMIKSETVRKRFAKILTSNIRNILQKYDEETAVVRHWDYIEVRSKNEENREELIALLQRIPGIHHFLEVEEKPFTDLHHIFELTLADVAQQLQGKTFCVRVKRKGKHKFSSIEAERYIGGGLNQHIESAKVRLKNPDVTVRIDIEDDKMMLVKTRHAGIGGYPIGTQEDVLSLISGGFDSGVSSYMLIRRGSRVHYCFFNLGGAAHEIGVKQMAYHIWQRYSASHKVRFITINFEGVVGEILEKVDNGQMGVVLKRMMVRAASKVAQRFNIEAIVTGEALGQVSSQTLTNLRLIDEAADALVLRPLITHDKEQIIAMAKEIGTDDIAKSMPEFCGVISKNPTIKAVREKILEEEGHFNFEILESSVQNAKYLDIRQIAEETEKEVVEVEAISVLGENEVILDIRSPEETDEKPFESGTHDVIQMPFYKLSSQFGSLDQSKNYVLYCERGVMSKLQALYLKENGFSNVRVFAKNIH,length1,1455
2,109996,109978,18,MSYNNY,length1,18
2,110767,110716,51,MASINKSIWVGKCLILT,length1,51
2,110971,110884,87,MIKKLQIIKFFVIYLSFLNIARCITVQNI,length1,87
2,111274,111058,216,MEIGIVKWFNNAKGFGFISAEGVDADIFAHYSVIEMDGYRSLKAGQKVQFEVLHSDKGSHATKIIPIADTQE,length1,216
2,111871,111808,63,MLIIRIMIISVQDKRNFLFFK,length1,63
2,112942,112903,39,MKLRRIVCKIFYL,length1,39
2,112975,112960,15,MVDGS,length1,15
2,113638,113626,12,MTCS,length1,12
2,114073,114010,63,MPSCFANSWNALRASSSVIDT,length1,63
2,114226,114211,15,MPTFA,length1,15
2,114400,114259,141,MPFPAGSTPIKRTFGSSIKSVNIPIALEPPPTAAITASGKRPSRSRI,length1,141
2,115162,115153,9,MKP,length1,9
2,115549,115537,12,MCWL,length1,12
2,115771,115690,81,MDFCQSICTSTRANHFIACFDQFFTDR,length1,81
2,115930,115909,21,MSLNELI,length1,21
2,116062,116029,33,MLASIFTLEMN,length1,33
2,116086,116083,3,M,length1,3
2,116227,116191,36,MALAQNYVLRLT,length1,36
2,116281,116275,6,MT,length1,6
2,116338,116323,15,MLQGN,length1,15
2,116362,116347,15,MWQQV,length1,15
2,116407,116380,27,MVVKCLAVR,length1,27
2,116479,116458,21,MIWRVSA,length1,21
2,116683,116680,3,M,length1,3
2,116899,116803,96,MNQAGNGLRSSTGYKKKATSVVMKCIAPLTVA,length1,96
2,117160,117148,12,MPAI,length1,12
2,117220,117208,12,MLTA,length1,12
2,117520,117481,39,MNTVQPFILSMKK,length1,39
2,117631,117523,108,MVVRLSYGRKCQSSLKIASKKWRLKPVSKNIKFIRL,length1,108
2,117766,117688,78,MGKLCQNLDMQMNNLEFRQTISVFFI,length1,78
2,117937,117877,60,MCYSLQIADKFVDLQMVFYE,length1,60
2,117973,117967,6,ME,length1,6
2,118156,118099,57,MADLGRKFEQGTVRLISLC,length1,57
2,118240,118222,18,MVFYQR,length1,18
2,118459,118387,72,MLSLIDIDSFRLFGLRFVFLHLDE,length1,72
2,118630,118558,72,MLISSVLEPKLHELVLCQLKPIIL,length1,72
2,118699,118636,63,MSFSYISLIRMEELKMSVNTK,length1,63
2,118801,118765,36,MKNTIRNSIKIP,length1,36
2,118924,118906,18,MFCSIA,length1,18
2,119071,119041,30,MIFINPKLLT,length1,30
2,119122,119092,30,MLTSNTVFIT,length1,30
2,119206,119188,18,MDITTI,length1,18
2,119338,119311,27,MFPIAITNH,length1,27
2,119509,119500,9,MRL,length1,9
2,119593,119557,36,MAVFFNYLLMHF,length1,36
2,119878,119821,57,MARYKINLDKFIFIKHKKA,length1,57
2,119911,119908,3,M,length1,3
2,120394,120388,6,MK,length1,6
2,121213,121177,36,MHRLRQNYANAT,length1,36
2,121696,121651,45,MFSIDPPQRTTSPAI,length1,45
2,122062,122047,15,MHTRA,length1,15
2,122437,122215,222,MVQLISEFFAHIEGNVIFLAWASVGAFGDDEVVFILDEAIFVDAVFDPISVLLFAFYECVKFTSVAKLNGLILD,length1,222
2,123100,123055,45,MPLLRNICSYNPPLI,length1,45
2,123238,123232,6,MK,length1,6
2,123319,123244,75,MLQQVTQAKFYLQLSFYYRYFQIEF,length1,75
2,123472,123466,6,MS,length1,6
2,123859,123811,48,MNLHHIHPIYYSLFFY,length1,48
2,124330,124318,12,MSRL,length1,12
2,125233,125095,138,MPLCLCTSKCVLKYPHWDIRLLELHFRQLHRFSLALHGQTLKLTLN,length1,138
2,125419,125416,3,M,length1,3
2,126700,126667,33,MKSHILLCHLN,length1,33
2,127081,127030,51,MSQSCSGFFNEGRGFYI,length1,51
2,127366,127291,75,MFYRICNRFNVTRIYPFHPHTFKFI,length1,75
2,127444,127414,30,MPTFHIFLRR,length1,30
2,127543,127486,57,MTKYSINIIGNMFTMICWF,length1,57
2,127873,127801,72,MSKMFIFRLSASLSDFLFFTCESS,length1,72
2,127942,127939,3,M,length1,3
2,128554,128485,69,MSRGNSKVLRYSFNFIISRGCSA,length1,69
2,129022,128800,222,MKSWAVFRLWLDISILPLGLFPSGVKKYLRNVAQRLKNLQMEKSRNPNYVLICGINLPTFTKKKTIKIRQKLWK,length1,222
2,129160,129151,9,MKN,length1,9
2,129244,129181,63,MAARNLLMNYAVWLVGVLYLM,length1,63
2,129259,129253,6,MN,length1,6
2,129706,129694,12,MSTI,length1,12
2,129919,129880,39,MRLKSLLLITMWK,length1,39
2,130168,130156,12,MLRS,length1,12
2,130330,130312,18,MRDDPT,length1,18
2,131515,130876,639,MANSITQNQINTLPPERTQRAEETINWLFQELKSIFPGWRAAFETEADYLSAKKTWLRVLVREKITRPQLENGICEAEKSLDKFLPSVGLFVYWCKAYDYHALGLPNEAELYQRYNTFLGYARFNRDEFQYRSKVEFWLLKNLYEKCKKKSEEDTLKAIPKLLTKAAEKVRSNFPFEDIPKMIPEKPSFYDKAKADKARDSLMAMMKGKGALQ,length1,639
2,131629,131599,30,MTIVFAVTVT,length1,30
2,131767,131734,33,MSIAMLFKRWE,length1,33
2,132208,132178,30,MGALNETLKR,length1,30
2,132502,132283,219,MAKEYKCKVCGKAFVKTFSSTQKVCSPECAIKLVREQSRKRQKKAEKQEQIERKKRLLDGERALAKSSSKRGK,length1,219
2,132565,132556,9,MET,length1,9
2,132691,132652,39,MQSFRRWRKYTWI,length1,39
2,132778,132766,12,MGNF,length1,12
2,132913,132847,66,MVATERLCIKLIAFAKCTILDL,length1,66
2,132988,132928,60,MIFFRNQSENTEDTMERVIS,length1,60
2,133051,133024,27,MGMFMSIDL,length1,27
2,133165,133144,21,MTLPTTR,length1,21
2,133270,133264,6,MD,length1,6
2,133309,133303,6,MA,length1,6
2,133360,133348,12,MGGA,length1,12
2,133447,133399,48,MQQLSTLLLSIKIDLK,length1,48
2,133528,133489,39,MIKHYKAKIKELT,length1,39
2,133540,133537,3,M,length1,3
2,133600,133579,21,MRLNFHV,length1,21
2,133666,133630,36,MLVMLKNIVCVL,length1,36
2,133678,133672,6,MN,length1,6
2,133708,133693,15,MATLV,length1,15
2,133750,133735,15,MMYSF,length1,15
2,134092,134056,36,MFTQFRVPYVFR,length1,36
2,134254,134197,57,MPEELWKLIIIFRRELNAI,length1,57
2,134854,134839,15,MFPAC,length1,15
2,134968,134914,54,MLLHCLFITFISIMLNYI,length1,54
2,135133,134986,147,MLYILKIFLYYFIQGLKSLIKNGNSPRQRDFFMRKIYLVCFIAIKTYNA,length1,147
2,135937,135154,783,MFDSATNTIPKGNKSAGFLTSFELSNARFIGGFHQKEIKMTTQIQFSIFNFKNSPVRTITDPNSEIWFCGTDVCDILGYVNAPDAMKKHCKEAGIAKRYISYPSGRKEAIFINEPNLYRLIIKSRKPEAEPFEAWVFEEVLPQIRKTGKYQLQPQQLALPEPEKKFSFEFTEYELQQLVWLWFAFMRGIVTFQHIEKAFRVLGSNMSSQIYGQAYEYLSVLRSTNQILNRITSDFDIDQMTNWRVLKHLRGFNPKAVKIDF,length1,783
2,136150,136015,135,MFRILFAVALLWAAYELNLNQDCDGYICDTSSLITALHKPLDSAH,length1,135
2,136630,136276,354,MPIKEPDVWALIWSWLQTNLSSSSAQSAFWALFISLLRFGFMRKKPAIRYVLIDAAMCASIAGVAVPICTHLFGHTEYSSFLGTMIGFVGTEKIREFLFKFINRRIEKDDNDDFRSDI,length1,354
2,136747,136738,9,MWT,length1,9
2,137008,136999,9,MVR,length1,9
2,137086,137080,6,ML,length1,6
2,137290,137278,12,MSWK,length1,12
2,137347,137332,15,MLTNH,length1,15
2,137410,137374,36,MPLLSNKSVIMK,length1,36
2,137710,137431,279,MLNQLKQSLRLNLVLTLVCLSLFLTACTNKITTKPEYIYPPQAYTAPCVKTAFTGETYGDVVIQLVKVTAERDKCASQVDHLNKWINQAKGGK,length1,279
2,137953,137884,69,MQNNRSIKLIWQPLLEYLSQVDW,length1,69
2,138025,137974,51,MLINGSSFYFISFIQVF,length1,51
2,138547,138037,510,MSDVKGKSTSGRGLTPKQEKFCQLYIELGNASEAYRQSYDCQDMKSESINRLAKKELDKIKIRSRVDVLQQEHRQRHNLTLDNIIADLQEYRDICMGRKPLTITTVVKNAQEGTAQSVNTECFVFEPTGANKALELLGKHLGMFTNKVDVTTDGKPLPTVINVTFSDEPA,length1,510
2,139210,139204,6,MD,length1,6
2,139252,139213,39,MCGGCASQARFYR,length1,39
2,139915,139894,21,MASNHLR,length1,21
2,139966,139948,18,MLVGLA,length1,18
2,139978,139972,6,MT,length1,6
2,140086,140080,6,MT,length1,6
2,140251,140179,72,MGQWVYYLSLTQLTSLRHCSLQND,length1,72
2,140377,140305,72,MMMCFRQTLVDIVNIPLLAAHNLF,length1,72
2,140584,140407,177,MPMMHLYLIMMFGVCQTLKRLLMYLNALIVPQRMSATLFLKVKSIFSKLQGYLTRFQLG,length1,177
2,140701,140590,111,MMWLTLFQRCSRLNQQPIVCCLMRKMSTTEKNYLLVG,length1,111
2,140947,140728,219,MRWQVRQICQSPFCLGNLFRDWQVEMRIFKTTTNPFIDCKKQDCVLCLKCLIHYYAMNYLVGNLMTGGLSFYH,length1,219
2,141028,141022,6,MA,length1,6
2,141046,141034,12,MNIK,length1,12
2,141826,141115,711,MLMNLPEILKSQKTRKMRKFKPVKMSKRTELWYRQQLKQFVKTMTDDVERAMQQPQGSFFMDDAKGFQAISAKALMKVLEKYEKSDRTSQAENIANGFVGRGDAQNHAEVSTNLKNQTGIDLSAYLRNSPNIAERVNALTAGNIQLIKSIRSQYLDKVQNTVMQAMVRGSLNKDLAAQVKDLGKTTEKRAMFIARDQSSKLNAALTQARHEEVGIKKYMWSTSGDERVRESHAEKDG,length1,711
2,142423,141988,435,MDLDELFESSIGGGGNKSFSNFGGVNSELITLAKESIGLDITDWQHSIDESSIRHILKQHGNEKAENKRGQRAVTKKDILLLPLVVSAFDSIEYTGTSDSGNETFLIKKEIDDEIFSVQEVRKRHKKIAVKTMWIKRKKKATSSA,length1,435
2,142630,142621,9,MVF,length1,9
2,143923,142906,1017,MYQLFRHGIFQMDAEKAHDFTIQCLKLAGNPLFQPILKSLIHAPKGFPKTVMGVNFPNPIGLAAGADKNGDAIEGFGALGFGFLELGTVTPVAQDGNAKPRQFRLIEAEGIINRNGFNNNGIDYLIENVKNARYKGVIGINIGKNKFTPLEQGKDDYIFCLNKAYNYAGYITVNISSPNTPDLRQLQYGDYFDDLLRSIKDRQTILANQYNKYVPIAVKIAPDLTESELVQIADTLVRHKMDGVIATNTTISRDTVMGMKNAEQQGGLSGKPLQHKSTEIIKRLHQELKGQIPIIGSGGIDGLQNAQEKIEAGAELLQVYSGLIYHGPKLVKELVKNIK,length1,1017
2,143977,143968,9,MEC,length1,9
2,144019,144007,12,MRKA,length1,12
2,144091,144064,27,MKLRLQRKK,length1,27
2,144301,144277,24,MLMTGQKP,length1,24
2,144394,144307,87,MVKLRVLITHVIWCRLVRYLMMVRLLNAI,length1,87
2,144478,144463,15,MPQAV,length1,15
2,144694,144565,129,MEWKWRIVVKQKISVKCLLVGQKNLICWDPLAPIFISLVAGLS,length1,129
2,145051,145042,9,MLD,length1,9
2,145456,145291,165,MDVHFLDKCQFQKTNQWYKHGTAPKCIRHFRWVANEQKVRQKKTLSLPQKGISFS,length1,165
2,145726,145564,162,MLICAMNYFKLPTISSGRTHLSKSSADTKPKLIASSRNVVPFLCAVFAILAAFS,length1,162
2,145795,145786,9,MRG,length1,9
2,146233,146230,3,M,length1,3
2,146593,146497,96,MVCSTTFLYAAMCIAVGKVSFEDCDLFTSSFG,length1,96
2,147076,147064,12,MLVL,length1,12
2,147112,147106,6,MD,length1,6
2,147181,147157,24,MRSKLTAL,length1,24
2,147352,147349,3,M,length1,3
2,147490,147469,21,MLKLITS,length1,21
2,147619,147550,69,MLFSRHLFRLINITPVLIYCCFS,length1,69
2,147817,147814,3,M,length1,3
2,147970,147961,9,MLL,length1,9
2,148063,148039,24,MFIITPQF,length1,24
2,148366,148285,81,MPVVVPTVNESQLLELRQRNIVSLPYP,length1,81
2,148597,148426,171,MFVTSLLPASYTGVETVTKLAGQTAHLLNSIPLDEEDTRFAFDVYPHQTPCLSNQLQ,length1,171
2,148681,148669,12,MGQD,length1,12
2,149134,148702,432,MAKTAQFYILTENCTLTVEEIACNLAASIWRSGKKVLISCESESQALEIDELLWQRDPNEFVPHNLSGEATQYPTPIEISWLGKRNLQHRDLLINLQQEIPDFSHSFTQIIDFVPKDDALKTQARERYKQLRLQGWNLSTENVG,length1,432
2,149176,149140,36,MNDIAFYQRFQF,length1,36
2,149389,149221,168,MTEREKIIQQQKQLKALFSVWMKEKMNHEVVIFQKTDGKIVEHYLDGSEKIVGYAK,length1,168
2,149776,149491,285,MQINPQNPRLADIDAGRKAIGLFRFAIKLHIDFSMESTLSGNSIIQRIKNAKENGFYVHLNYIGINRIEINLARIKARVKSGGHFIAEDIVKYRY,length1,285
2,150196,150190,6,MN,length1,6
2,150241,150208,33,MRSRRIWGWIS,length1,33
2,150289,150271,18,MNMSLG,length1,18
2,150757,150358,399,MNFSYILEQLKSFTIEDVILKICYFVISIIVGKVSRQCWKLIRIYVNECRTIRELSESDKEFIQNNNFEFEVDKENEYQNLEELKRKGLVNIEFCEDELQDASGIYLCTVTNKNRLKISLTKFGKQIKYLIEK,length1,399
2,153673,150811,2862,MTQKFEMADRFNPSAVEQALYQHWEESGYFKPSENENAPSYCIAIPPPNVTGSLHMGHAFQQTLMDTLIRFNRMEGHNTLWQAGTDHAGIATQMVVERKIAAEEGKTRHDYGREAFINKIWDWKAYSGGTISQQMRRLGNSIDWERERFTMDDGLSNAVKEVFVRLHEEGLIYRGKRLVNWDPKLHTAISDLEVENKESKGSLWHFRYPLANGAKTADGKDYLVVATTRPETMLGDTAVAVHPEDERYQSLIGKTVVLPLANREIPIIADEYVDREFGTGVVKITPAHDFNDYEVGKRHNLPMVNVLTLNANIRDEAEIIGTDGKPLAGYEATIPADYRGLERFAARKKIVADFEALGLLDEIKPHDLKVPYGDRGGVPIEPMLTDQWYVSVKPLADVAIKAVEDGEIQFVPKQYENLYFSWMRDIQDWCISRQLWWGHRIPAWYDAEGNVYVARNEEEVRSKYNLDSAVELKQDEDVLDTWFSSGLWTFSTLGWPEQTKELKMFHPTDVLITGFDIIFFWVARMIMFTMHFVKDENGKPQVPFKTVYVTGLIRDEQGQKMSKSKGNVLDPIDMIDGISLEDLLEKRTGNMMQPQLAEKIAKATRKEFAEGIAAHGTDALRFTLAALASNGRDINWDMKRLEGYRNFCNKLWNASRFVLTNDKLDLSQGEIEFSLADRWIQSEFNRTVETFRSSLSQYRFDLCANAIYEFTWNQFCDWYLELTKPVFANGNAAQIRAASQTLVHVLEKLLRLAHPLIPFITEEIWQKVKGFVGITADSIMLQPFPQVEENGFDLEAEAEIEWLKEVIVAVRNIRAESNIAPSKGLDLLFRNLNAENAKILEKQTALLKAMAKLDNVQMLAANETAPLAVAKLVGNAELLVPMAGFINKEAELARLTKEIEKYQNEVKRIENKLSNEAFVAKAPEAVIAKEREKQAEYQSGLEKIQEQYKAIEAL,length1,2862
2,153853,153745,108,MFELAHCDQSLLGFLSFIFINNIHCKAHMNKHPFAK,length1,108
2,154306,154219,87,MTNQKFSPCHLAGSMFGYQKYNDPHSNHL,length1,87
2,154459,154399,60,MPQFLHHVIAPHKAVIGWLF,length1,60
2,156484,156430,54,MTALKRAVLSEVESECPL,length1,54
2,156589,156541,48,MDLLIFYILLNINIVI,length1,48
2,156697,156634,63,MCRLFFNRNFHIVSSNAEFVL,length1,63
2,156865,156844,21,MLAFWNV,length1,21
2,157012,156874,138,MKIVINYFREFFTTWCEFGFKSEYSDHFFSFKVRLKITALFDVLSI,length1,138
2,157165,157108,57,MTNCHNNAIIFRIDDKFFW,length1,57
2,157330,157186,144,MITRHRHWICKIFKHRFVIMGYTRNFTMQHFASVNNLTTKGLNQRLMA,length1,144
2,157876,157717,159,MGYPILYESRTNHDTGIKMSIRREITHRTAVTMAFLLLKLINKLHCFNFGGSS,length1,159
2,157993,157960,33,MHNVRIAIHLH,length1,33
2,158104,158068,36,MFRLFFMIKAKF,length1,36
2,158398,158389,9,MVF,length1,9
2,158602,158587,15,MVDSN,length1,15
2,158791,158737,54,MLIKSRNNTQPIKNSSRL,length1,54
2,158908,158896,12,MNFF,length1,12
2,159895,159814,81,MSSSTRKAATALIAPLSIPFFPVFIGK,length1,81
2,160402,160378,24,MLFFHIPL,length1,24
2,160513,160483,30,MLIGSFNYFF,length1,30
2,160564,160528,36,MCRCFNCRNYSK,length1,36
2,160630,160603,27,MLHFFSSMN,length1,27
2,160954,160882,72,MLFCYIPLQEVKSRVVFAFKSNFN,length1,72
2,160993,160987,6,MF,length1,6
2,161056,161032,24,MFRCINFS,length1,24
2,161113,161107,6,MF,length1,6
2,161137,161128,9,MTK,length1,9
2,161302,161296,6,MQ,length1,6
2,162178,162166,12,MERS,length1,12
2,162571,162532,39,MARKGRNGCYINQ,length1,39
2,162832,162763,69,MENRAKTIKISLFYTALYTKPST,length1,69
2,163102,163081,21,MGQLFLF,length1,21
2,163459,163447,12,MSLV,length1,12
2,163495,163489,6,MD,length1,6
2,163729,163699,30,MKQVDYKNLH,length1,30
2,164674,163828,846,MKTNQNLRFYWRKTHNKLMLGLSYISVIIGLFWLCWILFTLITKGIPALSIDLFTQSTPAPNEKGGLLNALIGSFFIVGAGTLIGTPIGVLAGTYLAEYGRYSRFAQITRFLNDILLSAPSIIIGLFVYSLYVSKIEHFSGWAGAFALALLLIPIVVRTTDNMLLLVPNNLREAAAALGCSQWQVIMMICYRAAKSGILTGVLLAVARISGETAPLLFTALSNQFLSWNMNEPIANLPVVIYQYAASPFTDWNNLAWAGAALITLFVLCLNIFTRLFFQHKK,length1,846
2,165451,164686,765,MISLQETKIAVQNLNFYYEDFHALKNINLRIAKNKVTAFIGPSGCGKSTLLRSFNRMFELYPNQKATGEINLDGENLLTTKMDISLIRAKVGMVFQKPTPFPMSIYDNIAFGVRLFEKLSKEKMNERVEWALTKAALWNEVKDKLHKSGDSLSGGQQQRLCIARGIAIKPSVLLLDEPCSALDPISTMKIEELITELKQDYTVVIVTHNMQQATRCSDYTAFMYLGELVEFGQTQQIFDRPKIQRTEDYIRGKMG,length1,765
2,165529,165523,6,MP,length1,6
2,166243,165550,693,MTRKILIVEDECAIREMIALFLSQKYYDVIEASDFKTAINKIKENPKLILLDWMLPGRSGIQFIQYIKKQESYAAIPIIMLTAKSTEEDCIACLNAGADDYITKPFSPQILLARIEAVWRRIYEQQSQFIQIDELSIDENAQRVFFQQQEINLSSTEFKLLHFFMRHPEKVYSREQLLNRIWHNDLEVEYRTVDSYIRRLRRNLAPFQCEHYIQTVRGSGYRFSSYLRDKQ,length1,693
2,166396,166366,30,MNIVYSNISI,length1,30
2,166708,166540,168,MQLLSVSIMVIFLGVIQLRNRCLIFVGIKKSRKIFLMLFFMNNLNIIFSVKKKDDR,length1,168
2,167164,167152,12,MNLN,length1,12
2,167272,167194,78,MLLSILVNSVIFKFNGKLVNRVLNLT,length1,78
2,167317,167281,36,MVLAYHHSIFHI,length1,36
2,167359,167341,18,MNLVAI,length1,18
2,167665,167662,3,M,length1,3
2,167782,167716,66,MLQYFHTHESNTVNKHHSMALN,length1,66
2,167977,167956,21,MHKCHRY,length1,21
2,168052,168046,6,MN,length1,6
2,168070,168067,3,M,length1,3
2,168199,168196,3,M,length1,3
2,169105,169096,9,MAS,length1,9
2,169432,169348,84,MTQVLGWENSAKIFAANSGSESPFSLHS,length1,84
2,169600,169519,81,MILKSASVRIPANCAGRSVAGFTPKLS,length1,81
2,169669,169633,36,MTTLFYAISLSK,length1,36
2,169933,169882,51,MPPITLDDVHCARFKNK,length1,51
2,170038,170029,9,MMP,length1,9
2,170179,170152,27,MILDWLSVS,length1,27
2,170347,170203,144,MGRNNERRCAASERTIPANSTAFDIIINTLGSNKPSAKKMGEFSLCAM,length1,144
2,170416,170404,12,MAVM,length1,12
2,170527,170443,84,MIFFLRAIFSKTETATLQRMAKIRLCIY,length1,84
2,170599,170560,39,MYSRYWVLSMVIS,length1,39
2,170752,170749,3,M,length1,3
2,170827,170797,30,MPCLKSSYSS,length1,30
2,171247,171235,12,MTKA,length1,12
2,171772,171607,165,MFSGAAISNCISKRSQSSNKVEIDLPSKRAASSKNNKRQGTISLPRIRRLSSSQL,length1,165
2,172027,172003,24,MQLSLNKS,length1,24
2,172114,172066,48,MAWVSRIFTTKRTDFT,length1,48
2,172141,172126,15,MFCKP,length1,15
2,172321,172285,36,MASIGSSVLMMS,length1,36
2,172924,172861,63,MRLYSANWLCFWRTCSRCISR,length1,63
2,173353,173323,30,MRNCCSPLLN,length1,30
2,173845,173830,15,MVTSS,length1,15
2,174667,174658,9,MAC,length1,9
2,175393,175387,6,MP,length1,6
2,175411,175405,6,ME,length1,6
2,175654,175636,18,MVSNTA,length1,18
2,176158,175927,231,MLKGIGASTISSTFSFSIMTSSLSNSISFSNSKTSDIILVLRQILRQFHPHFLYRFPLIVLVFPTIRIQVLPLPHHE,length1,231
2,176233,176179,54,MDHLRYALPPQNEIQIQK,length1,54
2,176665,176530,135,MSLLSGEDRRILLAHELVPRYSDDKIRLIHFGNPLKMRDYLNAPC,length1,135
2,176827,176791,36,MLYCIHIHEKSD,length1,36
2,176962,176908,54,MQISRAMLYRTILLDLPQ,length1,54
2,177139,177061,78,MKLKIQCFQLILQLMINVLFELPYQN,length1,78
2,177484,177334,150,MKTTHKQLFHKLYQYFVLNRVLTKKEQEIHLDENYLEYENNYTLRLMTSD,length1,150
2,177655,177622,33,MLILFLKNGYK,length1,33
2,177709,177688,21,MFLYLIN,length1,21
2,178141,178132,9,MPN,length1,9
2,178300,178288,12,MQFI,length1,12
2,178387,178369,18,MIYRIS,length1,18
2,178444,178435,9,MCC,length1,9
2,178699,178600,99,MIWYIARRYIINISKRFFAKIYFIHTLSILIPF,length1,99
2,178882,178822,60,MRLHFSTTFINCLPIWINTR,length1,60
2,178981,178945,36,MTRKWIIFQLFF,length1,36
2,179065,179044,21,MLYNLIV,length1,21
2,179224,179194,30,MIKIMMNRIT,length1,30
2,179308,179281,27,MHMAVITNP,length1,27
2,179713,179677,36,MFAFVILHALFC,length1,36
2,180271,180253,18,MCAFHE,length1,18
2,180475,180409,66,MAIKSWCVYPEAKTVIRFSIFC,length1,66
2,180799,180787,12,MAAK,length1,12
2,180847,180832,15,MANKL,length1,15
2,180967,180892,75,MPSRKNFRLFLVIYVAHNQIFNAKL,length1,75
2,181204,181111,93,MGLKAIPHLMKNKSRQCNLRTKIKLIFQTTK,length1,93
2,181558,181231,327,MLNINGIEVETDKDGYLLNSQQWNEDVARSIAQLESIELTDAHWEVIYFVRDFYQEYNTSPAIRMLVKAMAEKLGADKGNSRYLQRLFPEGPAKQATKLAGLPKPAKCL,length1,327
2,181669,181663,6,ML,length1,6
2,181789,181732,57,MQSFTLISVAVTCFLLLYL,length1,57
2,183508,183502,6,MA,length1,6
2,184285,184279,6,MG,length1,6
2,184711,184690,21,MVCNTLY,length1,21
2,184807,184759,48,MQAQCTKMMIKKALPI,length1,48
2,184870,184828,42,MAQRNIQKIKLLMR,length1,42
2,184942,184906,36,MLSPILKIQSIL,length1,36
2,185005,184987,18,MSSMNG,length1,18
2,185053,185032,21,MWMANVV,length1,21
2,185245,185140,105,MYCVILLEIWILLKQFQLNASLIFTTNGIDQIICQ,length1,105
2,185554,185548,6,MA,length1,6
2,185710,185704,6,MN,length1,6
2,185755,185743,12,MKNN,length1,12
2,185827,185788,39,MISLLLWQISKWY,length1,39
2,185881,185836,45,MIVMNSINVFYLKLH,length1,45
2,185980,185977,3,M,length1,3
2,186013,186007,6,MQ,length1,6
2,186070,186037,33,MKKNNSKNYRT,length1,33
2,186139,186127,12,MNFV,length1,12
2,186346,186280,66,MKQVLENFLFLQLIKFFRVIHW,length1,66
2,186421,186364,57,MMINKVLLVYLNLKIWKIY,length1,57
2,186817,186811,6,MA,length1,6
2,186838,186835,3,M,length1,3
2,187045,186988,57,MFIHHKLREKLNLVAILSE,length1,57
2,187090,187081,9,MIL,length1,9
2,187129,187096,33,MALMKIYYVKN,length1,33
2,187249,187225,24,MPFIPINI,length1,24
2,187300,187279,21,MRWRKKL,length1,21
2,187681,187645,36,MLTNFEAHFFVT,length1,36
2,188347,188314,33,MARTKFRHTDW,length1,33
2,188641,188635,6,MI,length1,6
2,188872,188815,57,MLTETHIWHVWSTAHINIF,length1,57
2,188884,188878,6,MI,length1,6
2,189196,189181,15,MADNL,length1,15
2,189610,189574,36,MPIFYKKEIMFF,length1,36
2,190099,190078,21,MCIWWIV,length1,21
2,190303,190297,6,MY,length1,6
2,191236,191110,126,MAIFLSQVGHLISVSTRLFGRIPPSSSSNSALESWLEKSLKN,length1,126
2,191443,191422,21,MVEIIAA,length1,21
2,191986,191983,3,M,length1,3
2,192613,192493,120,MAFLVISLNTTRLKRSSLPPITSRKCHAIASPSLSKSVAR,length1,120
2,192619,192616,3,M,length1,3
2,194095,194032,63,MLLRYLQRDLLHHQRAFAYSL,length1,63
2,194146,194104,42,MGFVRQRNPLPLNV,length1,42
2,194638,194614,24,MNGSSLYT,length1,24
2,194749,194743,6,MS,length1,6
2,194953,194791,162,MPLSAIQMQAQSLSLITQGKCFLDYSRMQPSIMQIPQVRLNLIYGDAVTLMLLN,length1,162
2,194995,194977,18,MRQQNQ,length1,18
2,195142,195076,66,MRLVLLHLTLLALMPHGVNHSY,length1,66
2,195256,195226,30,MHVEHRLLHQ,length1,30
2,195316,195280,36,MFLQNEGQKWLR,length1,36
2,195463,195409,54,MLLKYTQPVLNLQTLCAP,length1,54
2,195583,195523,60,MLATKIATKANASINRLPVG,length1,60
2,195655,195616,39,MPEIAFVTAINGV,length1,39
2,196276,196228,48,MAAVVIIISTSLACSA,length1,48
2,196585,196573,12,MTAR,length1,12
2,196756,196714,42,MRQIKLTSVAPSFI,length1,42
2,197113,197071,42,MTKSQTDANVSLIE,length1,42
2,197638,197581,57,MIDTLLDEVVQLVPLCYRK,length1,57
2,197797,197707,90,MLHLRQISYYWCLMLQYQQGIFAQKYLLQE,length1,90
2,198193,198178,15,MLFLA,length1,15
2,198202,198196,6,MV,length1,6
2,198307,198262,45,MRLIVGSPRLTNDAV,length1,45
2,198889,198835,54,MQRLRNTLDVNAIRDHSK,length1,54
2,198970,198946,24,MRLNVRHG,length1,24
2,199147,199021,126,MLLQNYFDNLGSFDRKQVRLLFRYLAKYIFCLRNECFHQILR,length1,126
2,199168,199159,9,MDE,length1,9
2,199303,199198,105,MHQDARLADHFQFFGGTYHIHNEYRSPYPVNQGSQ,length1,105
2,199726,199699,27,MENQSYPLS,length1,27
2,199831,199756,75,MINVGCVNFQNSRTFAKINQNLTAL,length1,75
2,199867,199834,33,MRECCLHSLQK,length1,33
2,200164,200062,102,MHAVFAIRQRHVASNGGELQALHFQTQNLLRCEL,length1,102
2,200551,200521,30,MPRQIHLVAN,length1,30
2,200929,200911,18,MPSCEW,length1,18
2,201262,200968,294,MLHTNLRANHERVPLLHATSYLNLWLILPPPNRAKQNVCSCRRSRCNRHRDKDCLRDRISAVRQSNRSRHHYILHNATPRAQRSCQIRQPLEYSECLL,length1,294
2,201424,201328,96,MPLKHRQARLFLRADRVPNKRVVFSLSFLFSL,length1,96
2,201487,201436,51,MLDQPPLFAKEGFRKCG,length1,51
2,201559,201520,39,MTFFANLVSLKYL,length1,39
2,202408,202396,12,MVAR,length1,12
2,202630,202579,51,MTKQGVCRILSHDPNSV,length1,51
2,203065,203008,57,MLWFVDFANLQLSSVRLQC,length1,57
2,203719,203578,141,MHRFRHFSIARNGRDHHGIGRSIRQNNLGNCRLDNRNVQYPKARQSI,length1,141
2,204028,203992,36,MLGKFALILQNG,length1,36
2,204124,204100,24,MDYLLPHI,length1,24
2,204880,204877,3,M,length1,3
2,205786,205594,192,MILAVNGVKLHISQCIVHPAHIPFEIEAQAAVFAWVGYACKRGRFLRNRNCSRHFAVNFPVGVF,length1,192
2,206059,206002,57,MIAFARVFMFIQGCAIKCD,length1,57
2,206101,206065,36,MGITWEMPWHPI,length1,36
2,206287,206254,33,MGKAHLFYIRN,length1,33
2,206434,206356,78,MHFINRNRLICLICLTTLFRHFHHIW,length1,78
2,206767,206719,48,MCTKHFIWAKHRSFRK,length1,48
2,206851,206797,54,MKTIRIFDNLCFITPKNL,length1,54
2,207331,207316,15,MDHSI,length1,15
2,207382,207373,9,MRR,length1,9
2,207400,207397,3,M,length1,3
2,207523,207508,15,MPKTL,length1,15
2,207649,207538,111,MCTNSGISISRIIRYTRKFAISLGKIQYKIRENLKLV,length1,111
2,207817,207760,57,MHISTVSRGFSFWNPPQTE,length1,57
2,207841,207829,12,MIDA,length1,12
2,208174,208162,12,MVYF,length1,12
2,208276,208204,72,MLPFLTPAKPTNGIFFCLMVSVFL,length1,72
2,208636,208633,3,M,length1,3
2,209224,209125,99,MPINIIVRKRDTAFFCFLFERIRDLHRHHMTTV,length1,99
2,209278,209260,18,MTTGFI,length1,18
2,209962,209845,117,MFRSAIFTICTEITLTFKLVAFLCFCICEALLYKTLFYH,length1,117
2,210124,210055,69,MIINRRNPMNDTFHFTSICWIFT,length1,69
2,210361,210346,15,MIWGS,length1,15
2,210691,210685,6,MR,length1,6
2,210934,210856,78,MAGKFNTINYWITHDHKWRSHINFCT,length1,78
2,211393,211330,63,MQITIRLWRKTGMNAFMFTRS,length1,63
2,211492,211426,66,MSAGIFCTQRCLCMAHHFLSLK,length1,66
2,211699,211630,69,MYKCTKCGKFFECLAYQTQPAPI,length1,69
2,211759,211756,3,M,length1,3
2,212497,212335,162,MIMPPRLRSWSCCAMALVASILVLKMVSSRLRCPTNAPVLISMVVMASVCSIIK,length1,162
2,212983,212935,48,MRCETPTWLFSGIKTR,length1,48
2,213244,213091,153,MLLTLNCFCSFSSTHSVWDTMSAACKKAAFSKPISTKADCIPGNTRVTRPL,length1,153
2,213382,213247,135,MFPTIPRLAWRSICTSRNIPVSTSAMRVSLGVTFINNSTASILYS,length1,135
2,214999,213487,1512,MFGFDPSLITFTIYIFGMLLIGVLAYYYTNNLSDYILGGRRLGSFVTAMSAGASDMSGWLLMGLPGAVYLSGLVEGWIAIGLTIGAYFNWLLVAGRLRVYTELNNNALTLPEYFHNRFGSSHKLLKLVSATIILVFFTIYCASGVVAGAKLFQNIFSVEYSTALWYGAAATIAYTFIGGFLAVSWTDTIQATLMIFALILTPVFVLLSFADTAQFSAVLEQAEAAVNKDFTDLFTSTTPLGLLSLAAWGLGYFGQPHILARFMAADSVKSLIKARRISMGWMVLCLAGAIGIGLFAIPYFFANPAIAGTVNNEPEQVFIELAKLLFNPWIAGILLSAILAAVMSTLSAQLLISSSSITEDFYKGFIRPKASEKELVWLGRIMVLVIAALAIWIAQDENSKVLKLVEFAWAGFGSAFGPVVLFSLFWKRMTSSGAMAGMLVGAVTVFAWKEVVPADTDWFKVYEMIPGFAFASLAIIVISLLSNKPEQDILNTFDKAEKAYKEAK,length1,1512
2,215170,215101,69,MAIMRNGAKLLIFYQIYMLMKSI,length1,69
2,215296,215293,3,M,length1,3
2,215416,215377,39,MWAVAAVIICGEW,length1,39
2,215554,215503,51,MIVEQILSHLVLSKCNH,length1,51
2,215692,215683,9,MAM,length1,9
2,215731,215722,9,MRK,length1,9
2,215767,215737,30,MFILSPLSPH,length1,30
2,215818,215815,3,M,length1,3
2,215875,215866,9,MKA,length1,9
2,215944,215896,48,MITVKPLKAIKHRKER,length1,48
2,216268,216247,21,MPCGLFE,length1,21
2,216619,216598,21,MAELANS,length1,21
2,217288,217255,33,MCGATTGTLKA,length1,33
2,217372,217351,21,MRWLNVF,length1,21
2,217414,217396,18,MLTANT,length1,18
2,217567,217543,24,MMKVLHHK,length1,24
2,218335,218296,39,MEIIAASKNIWAC,length1,39
2,218437,218386,51,MIWFNSHRFHCAISKFN,length1,51
2,218722,218647,75,MIKARFPIGFFWYFINRKNLLKFTS,length1,75
2,219064,218893,171,MDSQTNFFIRRKSNTNIAMGNILFLKNGKCGHNFCNSCLIIRPKQSGSISNNKRLSD,length1,171
2,219208,219199,9,MRN,length1,9
2,219379,219361,18,MLRIRF,length1,18
2,219406,219403,3,M,length1,3
2,219607,219583,24,MNGSFFTF,length1,24
2,219721,219667,54,MSPLQSCRFYFYSVPNHW,length1,54
2,219922,219805,117,MVLTPLLTISILQLITVSLSLFLALQAVVRPQFYAYLQA,length1,117
2,220036,219955,81,MVKISPMCQRKNVILIRYSKAMRYFHI,length1,81
2,220498,220240,258,MSLYLHWITNCVNKCNKNSKCYNVSLALPLFLSPTIKKKRLQCLIVLYYCVKVKSHRMVLHVKSMKIQLTYSLLVSLAKLTYLKPL,length1,258
2,220624,220534,90,MLKVVFVIFIRICLWKKIKNFKYSFALKIL,length1,90
2,220699,220639,60,MKMNILKQLSVILLTALIKE,length1,60
2,220795,220765,30,MKMIHIWIIA,length1,30
2,221707,220849,858,MKIINNKFQKITVAIIFSWLIFFVLIPNLLVLAVSFLTRDGSNFYAFPITIENYTNLFNPLYAQVVWNSLSMSGIATIICLLIGYPFAFMMSKIHPKYRPLLLFLVVLPFWTNSLIRIYGMKVFLGVKGILNTMLIDMGILSAPIRILNTEIAVIIGLVYLLLPFMILPLYSAIEKLDNRLLEAARDLGANTFQRFFRVILPLTMPGIIAGCLLVLLPAMGMFYVADLLGGAKVLLVGNVIKSEFLISRNWAFGSAVSIGLTVLMALLIFVYYRANKLLNKKVELE,length1,858
2,221779,221728,51,MHLCLWYTLICISQLLF,length1,51
2,221815,221809,6,MV,length1,6
2,222133,222130,3,M,length1,3
2,222181,222160,21,MALIPEC,length1,21
2,222331,222298,33,MMLWFHHLSAV,length1,33
2,222352,222337,15,MKSYH,length1,15
2,222403,222397,6,ML,length1,6
2,223690,222610,1080,MKKFAGLITASFVAATLTACNDKDAKQETAKATAAANDTVYLYTWTEYVPDGLLDEFTKETGIKVIVSSLESNETMYAKLKTQGESGGYDVIAPSNYFVSKMAREGMLKELDHSKLPVLKELDPDWLNKPYDKGNKYSLPQLLGAPGIAFNTNTYKGEEFTSWADLWKPEFANKVQLLDDAREVFNIALLKIGQDPNTQDPAIIKQAYEELLKLRPNVLSFNSDNPANSFISGEVEVGQLWNGSVRIAKKEKAPLNMVFPKEGPVLWVDTLAIPATAKNPEGAHKLINYMLGKKTAEKLTLAIGYPTSNIEAKKALPKEITEDPAIYPSADILKNSHWQDDVGDAIQFYEQYYQELKAAK,length1,1080
2,224737,224632,105,MNVVFPQPFTPTSAILSPRKIVVEKSFNKVFPAIS,length1,105
2,225346,225049,297,MRVAILRIKERSWEINTILPWKSSKKFSSHSIASTSKWLVGSSSNNTSGSHTNARASAALRNQPPESADNFVFGFKPSFNNTSLILFSNRQPSACSNLA,length1,297
2,225655,225571,84,MIFNKVDLPAPLRPTKQTRSFGSICSSA,length1,84
2,226291,226174,117,MACFRSKCLSEKSRWLIESIFSCNQAEGICFNAECAACH,length1,117
2,226345,226318,27,MASSKSCTP,length1,27
2,226441,226372,69,MLQSKDLKLVCKNSAGFSRTFLN,length1,69
2,226540,226516,24,MPFPGIQS,length1,24
2,227200,227149,51,MISGFISLCFISFFCII,length1,51
2,227332,227320,12,MVRE,length1,12
2,227692,227650,42,MLKARHLTSPKKRL,length1,42
2,227794,227758,36,MREQRCSSQVNY,length1,36
2,227968,227953,15,MYKDK,length1,15
2,228352,228334,18,MECNKQ,length1,18
2,228895,228886,9,MGL,length1,9
2,229093,228997,96,MAQTREKLIWLLIIKCSVKHFPISNVKMRLFI,length1,96
2,229303,229153,150,MLLQVRCIVANMMLPKLCNMNRLAHRLKNGLMRKINALLFGLRVQLTRLT,length1,150
2,229318,229312,6,MD,length1,6
2,229351,229342,9,MKF,length1,9
2,229441,229372,69,MLILSLGMKRRKSAVQKFEFYRF,length1,69
2,229471,229459,12,MKMH,length1,12
2,229558,229525,33,MSLAQNSRLND,length1,33
2,229597,229585,12,MRWF,length1,12
2,229648,229603,45,MLHKRLVILKLIYKI,length1,45
2,229711,229651,60,MQTFSHFLPIKFMAQMDLAF,length1,60
2,229822,229786,36,MIVLLLPNCLIV,length1,36
2,229873,229864,9,MPY,length1,9
2,230173,230170,3,M,length1,3
2,231373,230590,783,MYLIETYFRLTALENNIESQSRLLNAVIDQWRYNGQIIGREIPLYLAEEDGAQGFAMRVICPEQDSLFPQNNNAEVNRALQEAEKCGVIFDGFQLVGDDFNSDQTAENTSPAWQVLYTTHLQSCSPIHSGENLAPIPLYKQLKNQPHLSQDLIKWQENWQACDQLQMNGAVLEQQSLAEISDHQSTLSKHGRYLAQEIEKETGIPTYYYLYRVGGQSLKSEKSRCCPSCGANWALKNAIFDTFHFKCDTCRLVSNLSWNFL,length1,783
2,231418,231385,33,MPQLSVGMIKS,length1,33
2,232339,231502,837,MNYQDNSLKSLKLGQKTEYASQYDRTLLQPVPRALNRDGLGITQNQPFTIGADIWTAYEISWLNEKGLPQVAIADIYLDYQSQNLIESKSFKLYLNSFNQSKFADFNAVQQTMQRDLIECAQGDVKVRLNPVAVYDAQKIEHLQGDCIDEQDIEITSYEFNANWLKDCVSDEIVEEKLVSHLLKSNCLITNQPDWGTLHIHYVGKKINHEKLLRYVVSFRQHNEFHEQCVERIFCDLMHYAKPEKLTVYARYTRRGGLDINPFRSNFENLPENLRLARQ,length1,837
2,233008,232993,15,MFSVK,length1,15
2,233368,233305,63,MPAFSASKRRAWSIAISRSGA,length1,63
2,233605,233581,24,MKLCGLCN,length1,24
2,233800,233761,39,MQSGQFTYCGIGW,length1,39
2,233932,233893,39,MQSGQFTYCGIGW,length1,39
2,234067,234052,15,MRATT,length1,15
2,234130,234121,9,MHF,length1,9
2,234253,234148,105,MIFNKIEFKNRNWTRLTLNRNTLSGIFIKRFAVMF,length1,105
2,234535,234511,24,MPGFVRLK,length1,24
2,234850,234823,27,MPCSIAVSS,length1,27
2,234988,234961,27,MTAISFCIS,length1,27
2,236101,236062,39,MEARRHEYGDSRH,length1,39
2,236563,236416,147,MYGCPARSALHQHPNPCLYLVFKPQQKTQRRSVVYRCPPNRLYERPRIA,length1,147
2,236881,236872,9,MNL,length1,9
2,237004,236974,30,MKLKLKHLEL,length1,30
2,237082,237079,3,M,length1,3
2,237157,237154,3,M,length1,3
2,237580,237541,39,MGLKCRRGGRLKP,length1,39
2,237610,237583,27,MKLQIIRMV,length1,27
2,237661,237637,24,MTNHFYLL,length1,24
2,237781,237688,93,MQMAMKKQKQILSLNALLIMVMSFFLGLVVY,length1,93
2,237925,237913,12,MTKQ,length1,12
2,237994,237982,12,MTNY,length1,12
2,239155,238099,1056,MVNSMDRTTDYLERLFIEELNSEGEIIISGNSFFRHEILYTLDPEAYKDVFEFWKTERKQRNLNEANRILDITSDNRNRFIRLKELFKEKKIIPFIGAGMSMSTGLPSWSEFLRSVQQETRTDRFYFEDLLSQGEFEEAAQYLDDCSPSHLQEQLDNIFGRKYLFNEINGVICLLPKFFNNTPIITTNYDNILSTVYQKCDYPFSDELNGLYLEDLYNKLLDKQNFLLKIHGTFDKPQNRILTKNDYDKHYNDQTSKLKNCVESLFSSSLLFIGCSLTIDRLIKALAEIVQEKGSENLPRHYAFLFSDPKKDVNRINKKEELAKSNIFPIWYDGDHDESIEALLELLNDGEQ,length1,1056
2,240901,240883,18,MAFGQY,length1,18
2,241834,241828,6,MG,length1,6
2,242344,242332,12,MRFI,length1,12
2,242866,242860,6,MR,length1,6
2,243325,243112,213,MPLHVLFSHHVQRLLHHPLQAHLKDLIIQLELKDLLHPLLSRFHHALRAHGHIQNHKVRCHLYVVYLIEPR,length1,213
2,245407,245395,12,MLSI,length1,12
2,245719,245530,189,MIIFINDNRRNIRRCHRINHKLCWIIIPKHDIYTLTTKFIRNCLNTRTTHSYASTNWINSLII,length1,189
2,246904,246901,3,M,length1,3
2,247522,247480,42,MIVSNQFRDELLIR,length1,42
2,247921,247912,9,MLK,length1,9
2,248305,248260,45,MERTGVTLFFKRSCI,length1,45
2,248572,248548,24,MRKSDRTF,length1,24
2,248602,248587,15,MKVDD,length1,15
2,249754,249733,21,MEFCINI,length1,21
2,249901,249859,42,MPMNFSYDTMIFAQ,length1,42
2,250042,249985,57,MPFGCVLSLRKSRPAINSL,length1,57
2,250300,250084,216,MWLFNALELSVSVKSRNDFVIVSFLLIALPNKPIPDPSIAPGGPKADKPTCAAVIPLSIHLSFVSYFSRAFL,length1,216
2,250333,250312,21,MKSTLVS,length1,21
2,250678,250561,117,MSARSRTDEYWGSLDHTSPLFNVIEPRMFLSNIEGVRSE,length1,117
2,251419,251305,114,MVVHPIHCTSSCFPQPFTSATNCIPCTIPKRHNLSPLN,length1,114
2,251491,251452,39,MTTSFVAWSEFPA,length1,39
2,251869,251863,6,MR,length1,6
2,252193,252142,51,MYLLSEIEWKLLGLAVF,length1,51
2,252766,252628,138,MPTDKYFFHYCNFTMRIHAFCQFTSEPVTQTCQKCVRVFTRFFTFV,length1,138
2,252949,252844,105,MFFSSSSLNASCFNSYLRILCTANCCCNARNLSAC,length1,105
2,253255,253111,144,MFAAVSSMLSTRFLMSSRLISVFFFSSTIQLFPFHLCNSVGCLSTRMY,length1,144
2,253678,253657,21,MMTEDTK,length1,21
2,253837,253753,84,MCQFEINSFVPAKIADLYQLLHCLFLVK,length1,84
2,253951,253945,6,ML,length1,6
2,254002,253975,27,MCFLLLYKV,length1,27
2,254212,254170,42,MNQPSVFSLCERAF,length1,42
2,254581,254509,72,MLNHQHVKNQRDWLPHEGMIQLHQ,length1,72
2,255529,255517,12,MSPH,length1,12
2,255880,255868,12,MRER,length1,12
2,255928,255922,6,MP,length1,6
2,256039,256033,6,MS,length1,6
2,256495,256459,36,MISNHHLSLSPN,length1,36
2,256612,256588,24,MRHKYPIG,length1,24
2,257038,257005,33,MRCHLLKFRGF,length1,33
2,257281,257251,30,MPFHLVGKVR,length1,30
2,257389,257383,6,MS,length1,6
2,257728,257716,12,MPLR,length1,12
2,257998,257974,24,MHHLIGCK,length1,24
2,258178,258175,3,M,length1,3
2,258520,258430,90,MIGFGVSHSRGNGSCCGEKAIITICSSDIF,length1,90
2,258778,258661,117,MSLRLSSSQDGLFLPLNSFPCLMDCIKSKMSCNSSSDMA,length1,117
2,258817,258781,36,MSLKKGVFKRPS,length1,36
2,259018,258895,123,MICRCTLHLQICDKGVITLLHLIVACIFLISSYCKACAFYC,length1,123
2,259060,259021,39,MIVALLIILEFYY,length1,39
2,259156,259144,12,MILP,length1,12
2,259324,259315,9,MAQ,length1,9
2,259411,259396,15,MIDLS,length1,15
2,259528,259480,48,MCNKKGLSPFYFLLPN,length1,48
2,259612,259576,36,MNFSSFVPNKVS,length1,36
2,260299,260185,114,MLCPTLNFLLWLGVGFQCVVFVLPLVVQWLVRPCLVRH,length1,114
2,260611,260479,132,MWLLWSSRIRHRGQCPWVHICHRFQCSRLTNFDSVIFCHLNQSQ,length1,132
2,260704,260623,81,MIPKHFLPFLLLIAKRCSKCFLFFPMH,length1,81
2,260794,260782,12,MGSE,length1,12
2,261025,260941,84,MRCLAVGIFQGRGRDLILNPPKNRQKRL,length1,84
2,261088,261052,36,MQQRTIKLSLVD,length1,36
2,261172,261151,21,MINVLKI,length1,21
2,261304,261253,51,MHLIDLNFPRLQLLFLL,length1,51
2,261382,261337,45,MSRFYQANCQPRPLS,length1,45
2,261745,261670,75,MCLGHLLPLLFESLLDLNLTLLVRY,length1,75
2,261871,261808,63,MYWLRFLPLIKLNQVQQDSFH,length1,63
2,261916,261898,18,MCYLGN,length1,18
2,262093,262063,30,MLLPFGYLSE,length1,30
2,262477,262459,18,MRLLDF,length1,18
2,262771,262705,66,MRLFVLLALILDSANLILISMG,length1,66
2,262939,262888,51,MHCELEQKFYQWHLIKR,length1,51
2,263401,263398,3,M,length1,3
2,263437,263413,24,MHCNNGST,length1,24
2,263584,263488,96,MSGSTKFGEHGFAFDSPFLFSKFFTWFSRFKG,length1,96
2,263920,263863,57,MTRSVSWISKLISAVWLLL,length1,57
2,264124,264103,21,MICPPST,length1,21
2,264433,264409,24,MGASQSSQ,length1,24
2,264547,264529,18,MAVPFC,length1,18
2,264901,264898,3,M,length1,3
2,265171,265021,150,MLLSFAVKKLNIGFSPFVGVQLSLLAVFLRHKSNAQTDRTWLCCSLGVPF,length1,150
2,265216,265213,3,M,length1,3
2,265276,265237,39,MHLVAWFARWHID,length1,39
2,265540,265471,69,MFECHFHKWQSPVQQRRIWRRYI,length1,69
2,265744,265708,36,MRPIKKANIPDV,length1,36
2,265909,265879,30,MWIEFAGYFE,length1,30
2,265951,265930,21,MAIKNGV,length1,21
2,266077,266020,57,MSLIAKRASRRNSSMLSLS,length1,57
2,266341,266320,21,MVPSARY,length1,21
2,266413,266395,18,MSSDVS,length1,18
2,266848,266824,24,MSPFTPIF,length1,24
2,266980,266974,6,MR,length1,6
2,267466,267295,171,MFFKSFRWRARIRHILSYSVKSLRSSVSAALAIAAETSRKWRLVGRIIDSVMLPQAK,length1,171
2,267646,267643,3,M,length1,3
2,267715,267673,42,MGQIRLVTHPHVFG,length1,42
2,267802,267766,36,MGSIYRLISRYP,length1,36
2,268063,267859,204,MQRQGHQDFYRFYLRRFRFCHCFLQFLLTHGLWLYLRFGLTNPYSHLAIMDLRYGLWLLLHLCHSNRS,length1,204
2,268093,268075,18,MQCVLL,length1,18
2,268324,268288,36,MQNLSFLAPSLH,length1,36
2,269446,269359,87,MIVAILKGLILVVYELLLLYADSQSKRKD,length1,87
2,269830,269824,6,MK,length1,6
2,269920,269890,30,MPLIRNKRNC,length1,30
2,270001,269926,75,MAFLMGCLIINVFGTRRKNTASEIF,length1,75
2,270061,270040,21,MKPLLML,length1,21
2,270160,270157,3,M,length1,3
2,270205,270193,12,MGQN,length1,12
2,270295,270265,30,MKCFGCLNLM,length1,30
2,270466,270385,81,MRSFQARRLIAIVRNQKKSKSIFLTKT,length1,81
2,270565,270520,45,MMQWKVGAIYSILTT,length1,45
2,270742,270622,120,MITVLLSSFRTYNFAKWIVWKNGTIISHFINVHSAIVKCG,length1,120
2,270781,270748,33,MTLLLLATVQH,length1,33
2,270907,270895,12,MITM,length1,12
2,271027,271015,12,MKWC,length1,12
2,271090,271081,9,MTS,length1,9
2,271198,271144,54,MFRTVRKMQATAIYHGQL,length1,54
2,271228,271213,15,MCLMV,length1,15
2,271288,271237,51,MYQATNQQYLPLNRITQ,length1,51
2,271447,271417,30,MKNITIRQLI,length1,30
2,271504,271471,33,MPQPIITVRLR,length1,33
2,271621,271600,21,MLMLRKL,length1,21
2,271759,271714,45,MVLMNMNLKKVLSLT,length1,45
2,271774,271771,3,M,length1,3
2,271831,271789,42,MVCQNIWPHFNLLF,length1,42
2,271870,271834,36,MKVPHCSAVNII,length1,36
2,271903,271873,30,MARMQVRLFT,length1,30
2,272071,272020,51,MGCKLFHCLMLSPKMIS,length1,51
2,272104,272095,9,MMC,length1,9
2,272209,272203,6,MR,length1,6
2,272530,272413,117,MTNLKSLFQLDFSPNCTHEKSQSNPRHARTLKMSISTQF,length1,117
2,272899,272827,72,MFCWQVENACRGINNFYYFEDKTQ,length1,72
2,273076,273067,9,MER,length1,9
2,273154,273142,12,MSLI,length1,12
2,273547,273439,108,MVRVSLCAKLSGRATGFAPYFVASFKIFSPSDVTTI,length1,108
2,273790,273757,33,MAPHFCLTKRK,length1,33
2,273940,273895,45,MYFRVRSIIAEFCRL,length1,45
2,274420,274321,99,MPRRRRIIRSSRICGFCRRNLWLPLTRYCEKIP,length1,99
2,274555,274444,111,MGGVKIPLKKGCKCSPIFFDYFTSLNKISLGITEPCQ,length1,111
2,274924,274795,129,MPNTGTDTRSNIEIPFTASSRAISCGVVTTTAPVTGICCDKVS,length1,129
2,275113,275068,45,MEFADKPCALIGVMC,length1,45
2,275176,275155,21,MCGIEGP,length1,21
2,275542,275464,78,MRNVSPPFSTFFKVLSTIRSFCRVGC,length1,78
2,275833,275812,21,MPMGQFI,length1,21
2,275947,275923,24,MRTARRLC,length1,24
2,275983,275950,33,MLINLALHLKN,length1,33
2,276190,276115,75,MVLLRVKLFLSYSTLKKICSCLIVL,length1,75
2,276277,276229,48,MAITAKCVLLLIAQWI,length1,48
2,276529,276469,60,MRLISVLKFQAQKINSFMFG,length1,60
2,276802,276532,270,MRQSVIWLHSKIYVSVKALISTNFGLKAVMQSFIISSVKISFISTVYSGLQCLKAAAIVNRLMCSLMAMSRWMGRRCQNLAAHSFKPALI,length1,270
2,276850,276838,12,MQQN,length1,12
2,276871,276853,18,MIALKI,length1,18
2,277102,276949,153,MRALLRNALKANLRINWKTNHYLQNLPLKPSKSLLITKAVNTIKPFVRLWH,length1,153
2,277147,277129,18,MKKPLG,length1,18
2,277390,277381,9,MPL,length1,9
2,277528,277501,27,MISLNLICV,length1,27
2,277807,277783,24,MVSPQVCK,length1,24
2,277891,277873,18,MTYNLP,length1,18
2,278170,278146,24,MASCRSTF,length1,24
2,278224,278182,42,MYPRFLLQKRRLFQ,length1,42
2,279157,279049,108,MSWANNRLVRQCIQTLQTIKHLRIIACKNTSATCRK,length1,108
2,279190,279178,12,MIIH,length1,12
2,279424,279247,177,MCGKDRPFVHNLSRTFFLTFLRPINRHCWITFFKCRHTLCMIIMFVSKQHRFNRCVLLI,length1,177
2,279646,279637,9,MKN,length1,9
2,280003,279904,99,MALCDRSQKHTFFRFGTEFFDHIVQIVQIVHQR,length1,99
2,280123,280006,117,MRCQHYISLWHIIPIIRPRFMKCCEIMQPQFLFELRQAI,length1,117
2,280357,280342,15,MMTSD,length1,15
2,280420,280417,3,M,length1,3
2,280870,280828,42,MGKNQHSICRSHHK,length1,42
2,281053,281029,24,MRKLSSQR,length1,24
2,281293,281284,9,MLH,length1,9
2,281461,281380,81,MCGLCIFAIKTVRSVFLMVKGQVKKRR,length1,81
2,281620,281569,51,MKNGSQLKTMLYCLMAF,length1,51
2,281677,281623,54,MIIYWIILIPMPSLRLNY,length1,54
2,281869,281701,168,MIVGSWRCLMFVNRTNKPFTFHKVLLPTFMSQMGCLRAIQNLKHACKACQKFLSVM,length1,168
2,282106,281989,117,MHLMLHLAENTLLFALCYSIRITVLALPLLVHIQISKWH,length1,117
2,282193,282157,36,MFSHRPLSITMM,length1,36
2,282331,282277,54,MNLLIGISAVQRRKNTII,length1,54
2,282370,282352,18,MKKKFT,length1,18
2,282451,282391,60,MSMRAVLLCQACLIFILQTI,length1,60
2,282547,282457,90,MPITIWEWIGAKFYWIYQTGITMQKPIKNY,length1,90
2,282655,282559,96,MVKILTMRLACVNLSASLHLKIAAGQPYAWVN,length1,96
2,282937,282850,87,MVKMQLNKLGQLSLKVAIRSTIFLQVMKI,length1,87
2,283045,282976,69,MGSCRKRSEHIKNKLGLFRTFNS,length1,69
2,283558,283552,6,ML,length1,6
2,286447,286372,75,MGIHKNVDRLHFALKAVYFYKDQWV,length1,75
2,286513,286504,9,MPL,length1,9
2,286891,286864,27,MSKDSRYYP,length1,27
2,287119,287074,45,MKAQLFPYTHLIRSS,length1,45
2,287164,287146,18,MLNLLP,length1,18
2,287770,287650,120,MFAIKYSQILMNSPFAPAPLCLAHQNTPSAENRTFITIVA,length1,120
2,288100,288049,51,MPFALWQNSQNYIFPHK,length1,51
2,288334,288316,18,MLKGLL,length1,18
2,288574,288484,90,MVHFIPPQPKIQQRCGKIQRLKPHHFLPHF,length1,90
2,288616,288613,3,M,length1,3
2,289204,289051,153,MESDKTANFLTALFYFAIANFQHFAQITNPHHDEQLGNVIFRPDLTLFAAH,length1,153
2,289435,289420,15,MQKGC,length1,15
2,289846,289816,30,MSSGSTKGEG,length1,30
2,292273,290884,1389,MKKTRFVLNSIALGLSVLSTSFVAQATLPSFVSEQNSLAPMLEKVQPAVVTLSVEGKAKGASRSPFLDDIPEEFKFFFGDRFAEQFGGRRESKRNFRGLGSGVIINASKGYVLTNNHVIDGADKITVQLQDGREFKAKLVGKDEQSDIALVQLEKPSNLTEIKFADSDKLRVGDFTVAIGNPFGLGQTVTSGIVSALGRSTGSDSGTYENYIQTDAAVNRGNSGGALVNLNGELIGINTAIISPSGGNAGIAFAIPSNQASNLVQQILEFGQVRRGLLGIKGGELNADLAKAFNVSAQQGAFVSEVLPKSAAEKAGLKAGDIITAMNGQKISSFAEMRAKIATTGAGKEISLTYLRDGKSHGVKVKLQADDGSQLSSKTELPALDGATLKDYDAKGVQGIEITKIQPNSLAAQRGLKAGDIIIGINRQMIENIRELNKVLENEPSAVALNILRGNSNFYLLVQ,length1,1389
2,292399,292312,87,MIGLLFMPQSFLTNPPQILTALCYLIGLS,length1,87
2,292438,292414,24,MGHQSDTH,length1,24
2,292813,292783,30,MMVHALLLTL,length1,30
2,293017,292966,51,MHQDGVRHLLSSFLAVA,length1,51
2,293404,293398,6,MF,length1,6
2,293935,293785,150,MWLALALLLVYDSSQPKRQRALPLQFYQNPHHRKQGDPLLLADTYQKLPH,length1,150
2,294175,294139,36,MAHFHQNHQHNG,length1,36
2,294250,294187,63,MKSLAHKVLIHWHNLTANILL,length1,63
2,294679,294655,24,MVLFAEIG,length1,24
2,294748,294727,21,MTALFPL,length1,21
2,294754,294751,3,M,length1,3
2,295504,295429,75,MSKSAIRKCLFSHFVNGKAHLNEKK,length1,75
2,295804,295774,30,MHQSCIKIDA,length1,30
2,296311,296302,9,MKR,length1,9
2,296431,296422,9,MFA,length1,9
2,296518,296434,84,MHQNKTTLLPKFCQFVSVTKTYRKKIHF,length1,84
2,296644,296635,9,MET,length1,9
2,296956,296884,72,MTIFPLAALACEGCYRRLRGAGYI,length1,72
2,297112,297106,6,MF,length1,6
2,297193,297157,36,MLKSAVNFPFKF,length1,36
2,297280,297226,54,MNCSTEDNMLKILRIFLQ,length1,54
2,297352,297346,6,ML,length1,6
2,297487,297418,69,MYRTFIWCSEINWCLNLISKHSQ,length1,69
2,297646,297595,51,MLVRIKNRRKFNRTFLS,length1,51
2,297715,297658,57,MIAFNTLFEMMNKIRRGDC,length1,57
2,297868,297844,24,MNAISSIK,length1,24
2,297979,297874,105,MFKFLSKQIRCFRKSNATFADNQNVIRHKWQGFTN,length1,105
2,298042,297991,51,MAKWHRFISNRQLISHQ,length1,51
2,298147,298138,9,MRI,length1,9
2,298351,298306,45,MPNLKRRKKYVNELA,length1,45
2,298768,298597,171,MAQPGNSKIAFSKARKVSTSKSLVGSSNNNTLPPRCRSFAKCKRPRSPPDNSPTRFC,length1,171
2,299083,299044,39,MLNDKSSIKVRSP,length1,39
2,299173,299110,63,MTLSPKRGPGGIKSSFVSFRF,length1,63
2,299284,299275,9,MDF,length1,9
2,299683,299533,150,MSGFSSNKRQSATRRRSPPDKCSIFASQSGKRNASAARSNWLSKLCPSCA,length1,150
2,299749,299689,60,MASRLACSAANLSKSASGSA,length1,60
2,300022,299929,93,MRKRVDLPAPFKPKTPILAPGKKLKEISFKI,length1,93
2,300214,300196,18,MGIKTR,length1,18
2,300301,300268,33,MAISPTFPIAS,length1,33
2,300334,300307,27,MIFIFYWQW,length1,27
2,300460,300397,63,MFLNSLLYSPLTEIMISSPLA,length1,63
2,300523,300481,42,MFCIHAHDDYPTLP,length1,42
2,300595,300571,24,MIQESLSF,length1,24
2,300772,300760,12,MKYN,length1,12
2,300937,300892,45,MNIKQSLDGSYFTEY,length1,45
2,301015,300952,63,MLLRVFLIYINIFDRKIRFCV,length1,63
2,301681,301138,543,MQSTPIIENNQLTGFSMKWTLDEPSSSAIIYDMKQARTKAEKQKLLDDVMGNIVSEHYFSYLYDKQNNKIKYSPRPKNYGINVQNLQLQYYFDVPLSHSQKLEKNTFSLQTYDSTYYVAMTYASKSAVDFSALPKNCQGKLIEPNVDEKIQAYASSLDKSQKNEDDSLGVMFAQKIIIQCE,length1,543
2,301957,301891,66,MPSGQDTANLLLPAIFPRMKAN,length1,66
2,302509,302485,24,MHEIPQST,length1,24
2,302956,302893,63,MQNLKKFHKKIKNFLIFYIPT,length1,63
2,303403,303373,30,MVWRIKLYSG,length1,30
2,303439,303436,3,M,length1,3
2,303514,303505,9,MQK,length1,9
2,303676,303535,141,MRWNILCLTMIIISQKPMCQAVIHLLKKMRLLMIKLNKCDFLRRNLF,length1,141
2,303754,303721,33,MVWAILIAIYK,length1,33
2,303955,303835,120,MIKHFSVELSVFAEKLLIFSLRNLMIVRCVLNYLMMKSSV,length1,120
2,304033,304030,3,M,length1,3
2,304063,304057,6,MR,length1,6
2,304288,304177,111,MNWAIARELKTTLAIYRAEMRANHHQHYLIICPLMRF,length1,111
2,304309,304297,12,MNLM,length1,12
2,304438,304375,63,MVSVCRPHWIIVRYALRNLNA,length1,63
2,304486,304456,30,MFPQHQGLMN,length1,30
2,304633,304582,51,MIYFPKLAKERIKMSEF,length1,51
2,304765,304684,81,MNTGFVCVIYILILIPWNASKLSVICV,length1,81
2,304783,304777,6,MY,length1,6
2,304888,304849,39,MQTKKDFYVPNVL,length1,39
2,305050,304924,126,MVKRFYMRITSQNPWKKPSPKPIVVVKNKQNTMKNTALCHKH,length1,126
2,305383,305158,225,MHRKMPKNINNKSKNWNNKCINLRKIWNLKKPRQFAINYINCVNNLFLITKRNASLSWRSVYLFSPEEYKRFLYK,length1,225
2,305773,305695,78,MPSPRIKAGIWKCLIGTRLAPPTRES,length1,78
2,306493,306490,3,M,length1,3
2,306619,306610,9,MTE,length1,9
2,306697,306673,24,MAGLIPRC,length1,24
2,307087,306988,99,MNTLPKVSHRRKIFTQTLLLWNNVVSNAGTPNK,length1,99
2,307303,307207,96,MRLINTNVKMGNKGECAFFIVKTTNTTVSKPY,length1,96
2,307405,307402,3,M,length1,3
2,307561,307549,12,MHLD,length1,12
2,307795,307654,141,MHSNQGTLINLRFLSMGYQTLILFCVLHSSLNLHAFHHRSLNVDCAL,length1,141
2,307855,307834,21,MNQMNQN,length1,21
2,307924,307870,54,MQLQVQYQNDEFLLLPLR,length1,54
2,308128,308083,45,MNQINHILKRLHNLS,length1,45
2,308137,308134,3,M,length1,3
2,308425,308395,30,MLYFLPLPLK,length1,30
2,308743,308611,132,MDEESHNPHQMSPLRHRKQRLPLRFALLMQGQQWHKLPHVSFLH,length1,132
2,308782,308767,15,MHHGK,length1,15
2,308881,308785,96,MGNKARYLLGLGNRSGLYIQSHQDEQLLLLAG,length1,96
2,309235,309166,69,MQHPHQKPLSVHLQFFYLQYEEN,length1,69
2,309691,309676,15,MILLG,length1,15
2,309835,309766,69,MLHFLETGLKYCVDYICFLFKKL,length1,69
2,310576,309958,618,MNPFQKIKSAVNKCQRFFINRTLQRKLTNQGMTVIAANCMGAFILHDLHQPFNSPFVNLYLSPQDFLRYLQNMDFYRTQPLTFVQTEKSYPVGKLADLEIHFMHYHSEQEANEKWQLRTPRMKLDNLFIMMTDRDGVTEKDIQLFDQLPFKNKVIFTHKPYPAFKSAYYIKGFEKQNQVGDIFEFSGWNGKKYYDQFDYVKWFNQS,length1,618
2,310657,310600,57,MQLFCFVIKAKTCKMPSEF,length1,57
2,310834,310762,72,MVKLSKVVRFKFHKKIKSILKMNY,length1,72
2,310945,310897,48,MMTATIQQFINFLITL,length1,48
2,311074,310978,96,MWIRQVSYCLPMMDNGHIASLRQNIIVKKPIW,length1,96
2,311170,311104,66,MQRLVRKVFYYAEKKSPLNQQN,length1,66
2,311194,311182,12,MITM,length1,12
2,311296,311293,3,M,length1,3
2,311314,311305,9,MNP,length1,9
2,312568,311374,1194,MNQQKSTFIFILTLGILSMLPPFGVDMYLPSFLEIAKDLGVSPEQVQHTLTSFAYGMAFGQLFWGPFGDSFGRKPIILLGVIVGALTALVLTEINSVGNFTALRFVQGFFGAAPVVLSGALLRDLFSKDQLSKVMSTITLVFMLAPLVAPIIGGYIVKFFHWHAIFYVISLVGLLAAALVFFIIPETHKKENRIPLRLNIIARNFLLLWKQKEVLGYMFAASFSFGGLFAFVTAGSIVYIGIYGVPVDQFGYFFMMNIVTMIFASFLNSRFVTKVGAETMLRIALAIQFLSGMWLILTALLDLGFWPMAIGVAFFVGPNPVISSNAMASALEKCPQMAGTTNSLIGSVRFAVGAIMGSLVASMKMDTAAPMLFTMGACVVISVLAYYFLTSRNLKSRG,length1,1194
2,312640,312586,54,MIVFFIKQKPSITASKQQ,length1,54
2,312862,312856,6,ML,length1,6
2,313075,313018,57,MQPSIKSCYEFFQFWVVSK,length1,57
2,313384,313369,15,MLRYI,length1,15
2,313450,313435,15,MLKIH,length1,15
2,313696,313642,54,MYCSDITLSAGLSTQNIF,length1,54
2,313801,313729,72,MLHHLSIILCATFALFSWCLMRWA,length1,72
2,313984,313957,27,MPALRYLPR,length1,27
2,315172,315118,54,MGIIGFECGCCGRYSCRY,length1,54
2,315409,315400,9,MGL,length1,9
2,318787,318724,63,MWIFFRISRENFKNFLFLKVR,length1,63
2,319234,319162,72,MKRSLFLYHQHFITGLCRLIVWQN,length1,72
2,319336,319282,54,MQQLRHSLISQNQRNRYN,length1,54
2,319378,319369,9,MRN,length1,9
2,319447,319405,42,MSNLRQILIGQMSY,length1,42
2,319555,319483,72,MCYLSIHLIQMPLIMQFQPLHQLK,length1,72
2,319795,319768,27,MNYILTVTT,length1,27
2,319816,319813,3,M,length1,3
2,319858,319834,24,MATHYKNF,length1,24
2,320023,319996,27,MKKAKWHWI,length1,27
2,320113,320110,3,M,length1,3
2,320197,320191,6,MN,length1,6
2,320230,320218,12,MTLS,length1,12
2,320797,320725,72,MSIFFSAINPPSCWSPPIGPLNKD,length1,72
2,320851,320800,51,MLKPVSRSKICPVVPVA,length1,51
2,321127,321034,93,MQYFTGYFSEQKNTKKLPHFQIIIYGKADLI,length1,93
2,322174,322156,18,MGQRLG,length1,18
2,323986,323974,12,MTAL,length1,12
2,325696,324001,1695,MSKQIQIPDIGSDEVTVTEVMVNVGDTISVDQSIINVEGDKASMEVPAPEAGVVKEILVKVGDKVSTGTPMLVLEAAGAAPAADEPTAPVADAPTAPVVATAPTASAIVEVNVPDIGGDEVNVTEIMVAVGDTITEEQSLITVEGDKASMEVPAPFGGVVKEILVKSGDKVSTGSLIMRFEVLGAAPAASASASTSAPQTAAPATTAQAPQAAAPATTAQAPQAAAPDTTAQAAQSNNNVSGLSQEQVEASTGYAHATPVIRRLAREFGVNLDKVKGTGRKGRIVKEDIEAYVKTAVKAYESGATAQATGNGVANGAGLGLLPWPKVDFSKFGEIEEVELSRINKISGANLHRNWVIIPHVTHFDKADITDLEAFRKEQNALAEKQKLGVKITPVVFIMKAVAKALEAYPRFNSSITEDAQRLILKKYINIGVAVDTPNGLVVPVFKNVNKKGIIELSRELMEVSKKAREGKLTASDMQGGCFTISSLGGIGTTHFAPIVNAPEVAILGVSKSSMEPVWNGKEFAPRLILPMSLSFDHRVIDGADGARFISYLGSVLADLRRLVM,length1,1695
2,325807,325729,78,MKSLVGRNPSYKDRKSAVNIFNVFTR,length1,78
2,326059,326026,33,MVFILVNHALS,length1,33
2,326101,326062,39,MKYVQVKKLLLLN,length1,39
2,326326,326203,123,METQRLLNSTMPLLRQVLVQFNYPLSHTKILVFGIQQMHLN,length1,123
2,326404,326398,6,ML,length1,6
2,326509,326464,45,MLLVFTLNKLRKNSS,length1,45
2,326647,326548,99,MMVSTFQWKAKPVMTPNVMMQYLSLSVVCQMVN,length1,99
2,326677,326653,24,MQVKQALK,length1,24
2,326755,326680,75,MIVVLFTLINKCVPTCHISTQLGIL,length1,75
2,327076,327061,15,MVGNY,length1,15
2,327130,327112,18,MQKISH,length1,18
2,327172,327157,15,MSLLA,length1,15
2,327244,327214,30,MQKRRKNNSY,length1,30
2,327397,327337,60,MIECQSKNVSFFYRTFEHYL,length1,60
2,327754,327697,57,MVKILWKCTLMQFQKVTMF,length1,57
2,327772,327763,9,MIY,length1,9
2,328177,328174,3,M,length1,3
2,328861,328801,60,MCRKITSNCTHATSSTKIFR,length1,60
2,329542,329521,21,MEQSRTC,length1,21
2,330295,330277,18,MKQPLI,length1,18
2,330337,330328,9,MAL,length1,9
2,330448,330409,39,MVYLNMYQARVSV,length1,39
2,330505,330466,39,MKKPLSQSLIFKN,length1,39
2,330826,330718,108,MNKVTLFRVLVTRAIKFLGQNNPQNKTAFKPSFFRA,length1,108
2,332128,330886,1242,MTNQTSSFPSENQSKLKQSFVGLQMLFVAFGALVLVPLITGLDSNTALLTAGVGTLLFQFCTGKQVPIFLASSFAFIAPIQYGVQTWGIATTMGGLAFTGLVYFALSTLVKLRGAEALQRFFPPVVVGPVIIIIGMGLAPIAVDMSLGKNSNYAYNDAVLVSMVTLLTTLSVAVFAKGLMKLIPIMFGITVGYILCLFLGLINFQPVIDAPWFSLPKLTTPEFNLEAILYMLPIAIAPAVEHVGGIMAISSVTGKDFLKKPGLHRTLLGDGVATAAASLVGGPPNTTYAEVTGAVMLTRNFNPNIMTWAAVWAIAISFCGKVGAFLSTIPTIVMGGIMMLVFGSIAVVGISTLIRGKVDVTEARNLCIISVVMTFGIGNMFVDVGNVSLKGISLCAIVAIILNLVLPKAKNEVE,length1,1242
2,332245,332233,12,MMPH,length1,12
2,332467,332416,51,MYPLANLNIFLPQFLKI,length1,51
2,332512,332494,18,MIYKAS,length1,18
2,332533,332518,15,MMNGN,length1,15
2,332767,332689,78,MNKKSKYYSIQLTNEDSNYLTKLQIF,length1,78
2,333514,333508,6,MS,length1,6
2,333793,333790,3,M,length1,3
2,335071,335062,9,MSS,length1,9
2,335359,335356,3,M,length1,3
2,335647,335641,6,MM,length1,6
2,336148,336061,87,MRDLRSTPVYFASTTSPIATSLVKSAERI,length1,87
2,336496,336436,60,MKIPKSVIDLILPVTLSPLL,length1,60
2,337096,336919,177,MCNKPSTPPRSTNAPYSVKFLTIPLTSEPSTRFSNTCSRSWLFSDSITARRETTTLLRF,length1,177
2,337639,337630,9,MRG,length1,9
2,337663,337648,15,MLILP,length1,15
2,338140,338122,18,MFTSPF,length1,18
2,338842,338806,36,MRTKKWLKIVMN,length1,36
2,338941,338887,54,MFKILNKLALQKLLVQLQ,length1,54
2,339250,339121,129,MRAKCFLQLTTVSMWTRKNSKYLLYVVPRIWARPCVVSLKGLQ,length1,129
2,339394,339364,30,MLRPKIYKFL,length1,30
2,339484,339421,63,MGNCQLSTSQLEELQLQQMRP,length1,63
2,339697,339652,45,MKMKSKFSWLSEENK,length1,45
2,339751,339739,12,MHEC,length1,12
2,340093,340024,69,MPMDANWEVSIQKQIARGLVKFL,length1,69
2,340726,340648,78,MSHLVTNNYCTSVDWNKSNNFAVNIR,length1,78
2,340930,340747,183,MSWLYLRRGNINKRPHLTSCLHFRGLFRPVFFLRRFTNTWIKAIGWIQLFIEFSQGWFSLV,length1,183
2,340981,340933,48,MPYIVFGWVLRTTLVK,length1,48
2,341113,341053,60,MAHKMSVVKFRDNSVINFWR,length1,60
2,341287,341233,54,MKHCCLGFDCITFKIATF,length1,54
2,341392,341365,27,MLVFVAIIP,length1,27
2,341452,341407,45,MFWDEFRHSLHKFIA,length1,45
2,341464,341455,9,MLW,length1,9
2,341617,341530,87,MCTKLFNDPKGIFAIFCCDVKCITMDIFT,length1,87
2,341917,341857,60,MVVTMSAILSNIFNLITFFL,length1,60
2,341974,341965,9,MIF,length1,9
2,342370,342331,39,MFNANFYNVPKLK,length1,39
2,342706,342664,42,MGISITQYQQCKIR,length1,42
2,342901,342895,6,MR,length1,6
2,343018,343003,15,MLLLF,length1,15
2,343294,343228,66,MESFFRCFNNWKKSSMSVFRRG,length1,66
2,343705,343681,24,MLNNQYHV,length1,24
2,344086,344080,6,MT,length1,6
2,344299,344236,63,MPLPIKVAPLTGFVIFPFSIK,length1,63
2,344536,344533,3,M,length1,3
2,344731,344560,171,MSTLHWLGTPSSSIVSEPRRFSIVPSSTIVHNGEVTCSPILPVKSELSLRLKSPSKP,length1,171
2,345415,345376,39,MPSSNTQLSSWLS,length1,39
2,345481,345457,24,MSKILSNV,length1,24
2,346126,346111,15,MHKER,length1,15
2,346261,346216,45,MASPHQKSRQYYSPA,length1,45
2,346330,346321,9,MAS,length1,9
2,348283,346558,1725,MSILLQGERFKKRLMPILLSMALAGCSNLLGSNFTQTLQKDANASSEFYINKLGQTQELEDQQTYKLLAARVLIRENKVEQSAALLRELGELNDAQKLDRALIEARISAAKNANEVAQNQLRALDLNKLSPSQKSRYYETLAIVAENRKDMIEAVKARIEMDKNLTDVQRRQDNIDKTWALLRSANTGVINNASDEGNAALGGWLTLIKAYNDYIRQPVQLSQALQSWKNAYPNHAAATLFPKELLTLLNFQQTNVSQIGLLLPLSGDGQILGTTIQSGFNDAKGNSTIPVQVFDTSMNSVQDIIAQAKQAGIKTLVGPLLKQNLDVILADPAQIQGMDVLALNATPHSRAIPQLCYYGLSPEDEAESAANKMWNDGVRNPLVAMPQNDLGQRVGNAFNVRWQQLAGTDANIRYYNLPADVTYFVQENNSNTTALYAVASPTELAEMKGYLTNIVPNLAIYASSRASASATNTNTDFIAQMNGVQFSDIPFFKDTNSPQYQKLAKSTGGEYQLMRLYAMGADAWLLINQFNELRQVPGYRLSGLTGILSADTNCNVERDMTWYQYQDGAIVPVAN,length1,1725
2,348481,348415,66,MTKKLSSLLKFANEVIPPMVLL,length1,66
2,348553,348520,33,MPQIYGLQNKI,length1,33
2,348586,348565,21,MLIAALI,length1,21
2,348757,348742,15,MPHKW,length1,15
2,348862,348814,48,MPMHSFSSQTYLIDMI,length1,48
2,349033,348967,66,MPLQNRATYLLLLHLWGQKKSC,length1,66
2,349081,349048,33,MLSAKKLMLLC,length1,33
2,349117,349099,18,MPFKEF,length1,18
2,349282,349195,87,MHFVNWLIRLYSQVLDRKINHFQTNSNLI,length1,87
2,352402,350134,2268,MNKSLMVTKRDGTQEQINLDKIHRVITWAAEGLDNVSVSQVELRSHIQFYEGIRTSDIHETIIKAAADLISKDSPDYQYLAARLAIFHLRKKAYGHFDPPRLYDHVKKLVRMEKYDQALLDDYTREEWDAMDGFIDHWRDMTFSYAAVKQLEGKYLVQNRVTGEIYESAQFLYLLVSASLFSKYPKETRLDYVKRFYDATSTFKISLPTPIMAGVRTPTRQFSSCVLIECDDSLDSINATASAIVKYVSQRAGIGINAGAIRALGSEIRGGEAFHTGCIPFYKYFQTAVKSCSQGGVRGGAATLYYPIWHLEAENLLVLKNNRGVEDNRVRHMDYGVQLNKLMYQRLIKGGEITLFSPSDVPGLYEAFFADQDKFEELYVKYEQDPTIRKRTVKAVEIFSLLMQERASTGRIYIQNVDHCNTHSPFDPQVAPVRQSNLCLEIALPTKPLQHINDENGEIALCTLSAFNLGKIENLDELEELADLAVRSLDALLDYQDYPVVAAKRSSLARRSLGIGVINYAYYLAKNGVRYSDGSANDLTHRTFEAIQYYLLKASMNLAKEQGACEYFNETTYAKGILPIDTYKKDLDALTQEPLHYDWESLRKDIQEFGLRNSTLTALMPSETSSQISNATNGIEPPRGHVSIKASKDGILKQVVPEYENLMDNYELLWDIPSNDGYLHLVGIMQKFVDQAISANTNYDPKRFEDGKVPMKVLLKDLLTAYKYGLKTLYYQNTRDGAEDVQEDLDDGCAGGACKI,length1,2268
2,352531,352516,15,MISSI,length1,15
2,353110,353092,18,MRRDFT,length1,18
2,353353,353350,3,M,length1,3
2,353896,353884,12,MIVR,length1,12
2,354274,354220,54,MVNNIIPINRSIHFRITF,length1,54
2,354436,354328,108,MLFFKFFAVGFTQSHYRLHIHFIESGKHRRTIFGFK,length1,108
2,354655,354646,9,MFC,length1,9
2,354757,354691,66,MIMTIFNRCILTIRWCGFIRCF,length1,66
2,354985,354955,30,MPSGNSCICN,length1,30
2,355441,355264,177,MFAAIPSPLVKWFFLAPYIIRDMRIRLKRFLHILMREWIKLLNTNNRYIFLIICTTLFK,length1,177
2,355579,355573,6,MT,length1,6
2,355774,355738,36,MFRALSLIAMRQ,length1,36
2,355999,355993,6,MC,length1,6
2,356083,356032,51,MHNSMTMEKSTSSRIFA,length1,51
2,356221,356212,9,MRT,length1,9
2,356524,356485,39,MFFDDAIHHWLSG,length1,39
2,356596,356545,51,MTMATIRNQINKNISFE,length1,51
2,356806,356662,144,MNNRRLNHFCNIGAILCGTRVIRIRCRKTNLVINHDANSTAHTITTGI,length1,144
2,356983,356887,96,MFCIIHTSLSRSNRTNHNRAYDFQMRWIKCQR,length1,96
2,357088,357031,57,MIFHIPRTFAGMFTCKFIE,length1,57
2,357235,357187,48,MANNFFHQWNKRITSF,length1,48
2,357559,357499,60,MIYIESFVEILFSKTVMAII,length1,60
2,357655,357622,33,MATKTIGIDKL,length1,33
2,357727,357712,15,MIFSR,length1,15
2,357886,357757,129,MGMFKCGGFWQRIKGFSPAFLHRLWITQIAFIKFFYIRLICTA,length1,129
2,358045,357949,96,MIFEAIFSLHFLRIIHRIATEISLLSEIVTNL,length1,96
2,358222,358195,27,MKELRFAFF,length1,27
2,358612,358603,9,MVV,length1,9
2,359635,359632,3,M,length1,3
2,360052,359971,81,MKNRTKVRLILHLFYTPFQVLTGPVST,length1,81
2,360073,360055,18,MKLLVG,length1,18
2,360172,360154,18,MAFPLM,length1,18
2,360556,360439,117,MLRKVKIRGLGVETIANTEFGKIDIPNAIPPSDNHFRLF,length1,117
2,361456,361441,15,MKSRS,length1,15
2,362062,361885,177,MASSSSFLSANDKWERLMPYNDLDWSFLLKPTKTQPDIIIDNDKANNDNFKVLLNTTIS,length1,177
2,362488,362476,12,MFFI,length1,12
2,362971,362911,60,MNTNTLISIANLHNRAIGNK,length1,60
2,363433,363364,69,MQLFTTFRWRTRYKRFDANFIIF,length1,69
2,364042,364030,12,MGLS,length1,12
2,364567,364456,111,MLFLLCFFSCSFCFTFFRKTRFRFSKLLCSVSNVFCI,length1,111
2,365038,365026,12,MARF,length1,12
2,365119,365107,12,MHRM,length1,12
2,365308,365170,138,MPTLSSSIRKWYEVVITSLCNDCIIYFDINALFLELPLIKFTFIRH,length1,138
2,365677,365659,18,MAGILS,length1,18
2,365710,365680,30,MYSSLYKTSC,length1,30
2,365806,365716,90,MSCLPLHIYAKIYLLRSSTKNLLSPLPIAS,length1,90
2,366085,366070,15,MATFY,length1,15
2,366196,366088,108,MANAFITSSTFCWTLVYARFICISLNDVACHTRRNH,length1,108
2,366541,366481,60,MVLALWQIKLKFVIKDYKLA,length1,60
2,366685,366658,27,MFPLQAFQD,length1,27
2,366754,366730,24,MAIVKMNL,length1,24
2,366826,366820,6,MI,length1,6
2,366916,366886,30,MITVLIKTIK,length1,30
2,366958,366925,33,MWSLIKPMPSL,length1,33
2,367033,367030,3,M,length1,3
2,367135,367045,90,MPLYRGRFLLTLQLTAQKQMKIVISRSIPI,length1,90
2,367234,367228,6,ML,length1,6
2,367282,367273,9,MKF,length1,9
2,367420,367417,3,M,length1,3
2,367501,367471,30,MNYYSMHLTR,length1,30
2,367570,367552,18,MCFITI,length1,18
2,367606,367603,3,M,length1,3
2,367654,367609,45,MACNLKQQLPLNTVI,length1,45
2,367774,367714,60,MDCVLNPRHQKNGYKVVFEY,length1,60
2,367876,367834,42,MQNTVSQAIFLRQQ,length1,42
2,367990,367987,3,M,length1,3
2,368122,368071,51,MSHRKALVFKQHHLHVP,length1,51
2,368221,368146,75,MVVQAIIEHFMQMKAMQNLSGLSSR,length1,75
2,368257,368230,27,MMQLILAKE,length1,27
2,368344,368281,63,MWGKLTAFSLMQKRNASLQKP,length1,63
2,368506,368479,27,MATQKHNLI,length1,27
2,368560,368542,18,MAHRLF,length1,18
2,368578,368572,6,MR,length1,6
2,369124,369109,15,MNSLA,length1,15
2,369670,369640,30,MASTPINSRV,length1,30
2,369724,369718,6,MA,length1,6
2,370207,369949,258,MAKRDKLPSTFCSLNTRNTSRSKNIAFVMFTFHDHSKGFFRHGNDGFSMGFTNCLCLCRNIHHIGFALRIDMCKCSHNMIKVRLKY,length1,258
2,370216,370210,6,MF,length1,6
2,370282,370240,42,MNITIHLTLLFSHQ,length1,42
2,370690,370591,99,MSNHFSAIYPLRLVLKDGIYQRNYPFRPFASTQ,length1,99
2,370846,370807,39,MHDRYHASRHQIY,length1,39
2,371410,371374,36,MKLRPNKLGVMR,length1,36
2,371497,371470,27,MKISIFPNS,length1,27
2,372979,372964,15,MISLK,length1,15
2,373330,373315,15,MMSIN,length1,15
2,373420,373405,15,MQIMF,length1,15
2,373666,373501,165,MHSPYRLLRHAISNLRILPNSIQVAVLVVVYYVKLKIKCKLACQPFYPIPILQIV,length1,165
2,373705,373678,27,MKGEWVLPW,length1,27
2,373786,373741,45,MAIFVARLPPMVQKR,length1,45
2,373930,373906,24,MMKITWWV,length1,24
2,374002,373999,3,M,length1,3
2,374083,374005,78,MVCSPMDNFIMTPMAKPSKVFTFAMV,length1,78
2,374230,374104,126,MRVFKWQCFLVATPLFYVVALPILVLNYSFLANLKKKLLVLI,length1,126
2,374287,374278,9,MIV,length1,9
2,374350,374335,15,MPLFM,length1,15
2,374419,374356,63,MLLIMYFLLMAAKVLSVKCLI,length1,63
2,375016,374947,69,MMNRGKGGRGKNEEGAERTQMIK,length1,69
2,379498,379483,15,MYQCC,length1,15
2,379588,379549,39,MKSFYFRIIYCVG,length1,39
2,381301,379666,1635,MKNIKSRLKLSAISVLLGLASSSLYAEEAFLVKGFQLSGALETLSEDAQLSVAKSLSKYQGSQTLTNLKTAQLELQAVLDKIEPNKFDVILPQQTITDGNIMFELVSKSAAESQVFYKASQGYSEENIARSLPSLKQGKVYEDGRQWFDLREFNMAKENPLKVTRVHYELNPKNKTSNLIIAGFSPFGKTRSFISYDNFGAREFNYQRVSLGFVNANLTGHDDVLNLNALTNVKAPSKSYAVGVGYTYPFYSKHQSLSLYTSMSYADSDDIDGLPSAINRKLSKGQSISANLKWSYYLPTFNLGMEDQFKINLGYNYRHINQTSELNRLGATKKKFAVSGISAGIDGRIQFTPKTIFNIDLTHHYYASKLPGSFGMERIGETFNRSYHISTASLGLSQEFAQGWHFSSQLSGQFTLQDISSIDLFSVTGVYGVRGFKYGGVSGERGLVWRNELSMPKYTRFQISPYAFYDVGQFRYNSENAKTYGEDMHTVSSAGLGIKTSPTQNLNLDAFVARRLANANNDNLNGNKKRTSSPTTFWGRLTFSF,length1,1635
2,383470,381427,2043,MLKNNLYDKLKYTPCHVPWRYRGFRYKGFNNMTKENLQNAPQNTTVSLVESNNNQTSPQMLQQSPKPNLLRLEQYVAEKDYELACRELMAILEKMDANFGGVHDIEFDAPAQLAYLPEKLLIYFATRLANAITTLFSDPELAISEEGALKMISLQRWLTLIFASSPYVNADHILNKYNINPDSEGGFHLATDNSSIAKFCIFYLPESNVNMSLDALWAGNQQLCASLCFALQSSRFIGTASAFHKRAVVLQWFPKKLAEIANLDELPANILHDVYMHCSYDLAKNKHDVKRPLNELVRKHILTQGWQDRYLYTLGKKDGKPVMMVLLEHFNSGHSIYRTHSTSMIAAREKFYLVGLGHEGVDNIGREVFDEFFEISSNNIMERLFFIRKQCETFQPAVFYMPSIGMDITTIFVSNTRLAPIQAVALGHPATTHSEFIDYVIVEDDYVGSEDCFSETLLRLPKDALPYVPSALAPQKVDYVLRENPEVVNIGIAATTMKLNPEFLLTLQEIRDKAKVKIHFHFALGQSTGLTHPYVKWFIESYLGDDATAHPHAPYHDYLAILRDCDMLLNPFPFGNTNGIIDMVTLGLIGVCKTGDEVHEHIDEGLFKRLGLPEWLIADTRETYIECALRLAENHQERLELRRYIIENNGLQKLFTGDPRPLGKILLKKTNEWKRKHLSKK,length1,2043
2,383824,383740,84,MIYVEDLQVENMSKSAKGTAEKHGKNVK,length1,84
2,383971,383905,66,MINIHLPSYRKMTQVADISQRI,length1,66
2,384157,384136,21,MEYTTQT,length1,21
2,384580,384493,87,MLAMQKVSRYRYESNTADQITQKDVQTQQ,length1,87
2,384823,384781,42,MMRFSPQSQAVGGV,length1,42
2,385033,384985,48,MMSLREKCKRCPRVRM,length1,48
2,385063,385036,27,MMLSGCAPL,length1,27
2,385120,385114,6,ML,length1,6
2,385147,385129,18,MWLAEE,length1,18
2,385480,385474,6,MP,length1,6
2,385792,385483,309,MCICRNQYRFSPANVKSRFSTNLQVIITSPLLRSMLYRCNGSTKSSNVCRKKKLPNGRLIYSPNPKNKPSNCKKVSRFSFYLCVTPLHLSFLISSPLPPNSSH,length1,309
2,385858,385804,54,MRESYVGWLYLQTNFYLL,length1,54
2,385963,385960,3,M,length1,3
2,386098,386029,69,MNIFILLSIFKNFIFVRGKLLQM,length1,69
2,386164,386128,36,MGLLRYCLQPLY,length1,36
2,386260,386188,72,MNLVVLVDNLTTSNLTLKGFVAEY,length1,72
2,386578,386464,114,MPIYLHQISLFLDKTREILLQYLGNKENAHYHFVQNFL,length1,114
2,386638,386611,27,MVLQQNNDQ,length1,27
2,386773,386767,6,MT,length1,6
2,387091,387088,3,M,length1,3
2,387265,387190,75,MPQLASCAIAFKNSTSFIVLVGECK,length1,75
2,388291,388195,96,MVIYNHYHIRYNLNRRECYTTRQRLKSLNLMH,length1,96
2,388363,388324,39,MGKLILIPLQRAN,length1,39
2,388627,388387,240,MEKENDLVFQRTNFVHSIFLILLQKTPTQEKSVKSINLRHCRYLASYNPSFFYLSNFLAFKAKSVLSYLSYYTRKYYPVT,length1,240
2,388717,388702,15,MRTNF,length1,15
2,388828,388825,3,M,length1,3
2,388921,388912,9,MRT,length1,9
2,389371,389353,18,MGWRFG,length1,18
2,391387,390778,609,MKKIYKALISSLLLSTSINVAYAETQYVTENLSTFLRRGAGEQFKIAGSIQAGEAVNVLERQGKYTLIRDNKNREAWILNSDLSSTPSSKEENPKLKAQVQELTLKLSRLDGDWQQRTVEMQRRTKQAEQQSADLLEQNSQLKRELEMTKNKNRDLEAILDAGKREIAIQWFIYGGSVLGVGLLFGLLIPYVLPKRRRRDGWA,length1,609
2,392644,391396,1248,MKIYLVGGAVRDQLLGLPVKDRDWIVVGADHATLLSLGYQQVGKDFPVFLNPKTKEEYALARTERKSSAGYTGFICDFSPTITLEQDLIRRDLTINAMAQSEDGEIIDPYGGKQDLENRILRHISPAFSEDPLRVLRVARFAARYHSLGFKIASETLALMTELALSGELQHLTAERVWLETEKALNEKNPEIYFETLHKTGALSVLFSEIDALHGVPNPVKHHPEVDSFIHTMLVLKQAVNLTENNPILNKSAVRFAAICHDLGKALTPQNILPHHYGHEQAGIKPTRSLCKRLKVPSYFQELAELTCEFHTHIHKAFELRAETVITLFNRFDVWRKPQRFQEFLQVCLADTRGRTGFETKDYPQIDYINQLLHSANEVDVQQVIADGFEKQAIKNELTKRRILAVKQTKTNYPTN,length1,1248
2,392980,392800,180,MYNTLIKRMRYGNNIYKRFKKFNPIKPKDKLVISVLQNVFLAALNGNTKIQNLIHLNSIL,length1,180
2,393112,393043,69,MAINNLQPMLNYYYKRSLAWMCH,length1,69
2,393238,393205,33,MWMVLNGRQII,length1,33
2,393307,393286,21,MTAQNKP,length1,21
2,393775,393754,21,MASQFIH,length1,21
2,393919,393895,24,MVCYIKTR,length1,24
2,394372,394321,51,MLHLNLQNVFLNVYIFH,length1,51
2,394492,394378,114,MQQSLVSAMEKFKFKLMKMCVVRMYLSSNQLVRQPMIT,length1,114
2,394555,394516,39,MRYVAHLLVVLLP,length1,39
2,394669,394573,96,MLAKIVVFVLLVCLLLLKLWQIYFQLLVLTVS,length1,96
2,394720,394711,9,MFP,length1,9
2,394897,394894,3,M,length1,3
2,394960,394954,6,MI,length1,6
2,395077,395035,42,MQLTPFSLVQQPKI,length1,42
2,395104,395086,18,MPLMKL,length1,18
2,395791,395725,66,MSSSEIDITLPNISLGASVTPI,length1,66
2,396070,396001,69,MAMGWLLPKRFLKSSRSSIRATV,length1,69
2,396502,396481,21,MLVIIIS,length1,21
2,396514,396508,6,MF,length1,6
2,396598,396589,9,MLE,length1,9
2,396631,396622,9,MIR,length1,9
2,397309,397258,51,MVSPFSPQPVIAPVLAQ,length1,51
2,397810,397804,6,MQ,length1,6
2,397930,397840,90,MRHSQFSSHFVENLYPTLVQLESSLPYQST,length1,90
2,397966,397963,3,M,length1,3
2,398650,398593,57,MPTINLVQKASMASKLKHQ,length1,57
2,399040,399016,24,MAIWLALI,length1,24
2,399097,399094,3,M,length1,3
2,399241,399238,3,M,length1,3
2,399307,399280,27,MVLASLLVK,length1,27
2,399823,399664,159,MARLNAQPLVDYFHLNGLTHPLRNDSQNRLRCEMLLNCDLQNYPLMNVNGLDY,length1,159
2,399988,399898,90,MQTIYPSLIHPVAIFVQNQLITHLYKVTPL,length1,90
2,400072,400003,69,MPPMYLSYYSHYCSVFVLGCYPN,length1,69
2,400258,400219,39,MLLRLKYHQDRWF,length1,39
2,400459,400303,156,MLPVQYLSHNGSEHKKVRSKFQAKFLVARLVGNAQHYDVILAQITSEPHPNG,length1,156
2,400609,400552,57,MLELGDHKCREIQRLGLFQ,length1,57
2,400795,400693,102,MEYVNSLFPFDLRLAVWIVKPLNDKYAFFRHKHR,length1,102
2,401674,401608,66,MGHSIPPNDDHLLIRHLQCDCH,length1,66
2,401710,401686,24,MDICFCPP,length1,24
2,401956,401830,126,MKYFQLAQGKSQFQVQILPHFCLSNRALNSRHLVDKQKMARH,length1,126
2,402229,402166,63,MKENVNTFCYLKLGFSRKIFS,length1,63
2,402391,402274,117,MIVASLCNSSPIRTLNTPLKGLFGSLPNSKQSCKYKSTD,length1,117
2,402454,402451,3,M,length1,3
2,402589,402556,33,MILSLTLKHHL,length1,33
2,402733,402730,3,M,length1,3
2,403444,402952,492,MSKTAQIAVVMGSKSDWATMQEATQILDELKVPYHVEIVSAHRTPDKLFEFAENAQKNGYKVIIAGAGGAAHLPGMIAAKTLVPVLGVPVKSSMLSGVDSLYSIVQMPKGIPVGTLAIGPAGAANAGLLAAQILASWDAELLSRLQSFRESQTSNVLDNPDPRT,length1,492
2,404602,403516,1086,MQNSTLYPTVYVLGNGQLGRMLGYAGAPLDIYVEPLAFNAPVFDLPENAIITAEIERWEKTPLTELLGNHKNFVNQHVFGLLADRFAQKSLLDELNLSTSPWCLLKDKTQWNDVFQTVGEKVVVKRRTGGYDGRGQWIISDENKADITDDLFGEVIAEKFIPFDYEVSIVGARFKNGEKRFYPVTHNLQQNGILRYSVIDNAFPQQSAQQKQAETMLGKIMDKLGYVGVMAMECFVVGDKLLINELAPRVHNSGHWTQLGCAISQFELHLRTLLDLPTPDLQIFAPSVMVNLIGTNHNPKWLNIPFAQLHWYGKEVRAGRKVGHINLSHPNKAVIIQQLEKLRIELPEDYQSGLNWAIEKLK,length1,1086
2,405373,405322,51,MARISRTFGEKRLVATL,length1,51
2,405910,405907,3,M,length1,3
2,406093,406036,57,MVHLLVNLIISVANSLINP,length1,57
2,406327,406114,213,MGKESSRKSAVNFSVFFRSNPLVGSSNNKIFGCIAKTPASAVKFFSPPDRVCTIRSFKPVIPRRSNCCSAI,length1,213
2,406756,406747,9,MDQ,length1,9
2,407023,406996,27,MSPQTQFFC,length1,27
2,407302,407290,12,MNFH,length1,12
2,407404,407326,78,MTSGYILPSKVITPTLIILSKTNTGI,length1,78
2,407764,407653,111,MTCNKSAMRNAGKTAHPRNKPAMPFKIKCTLPIPTGT,length1,111
2,407938,407767,171,MVPATKNAAAKSAVSGKRSDSKRRTPTAMPATASTAPANKIGVCNTPSDKCIKYVLV,length1,171
2,408514,408187,327,MHLGGLFFQLKRDQKHLSGKLLNKFQLLGSYQNNRICQKVFAHHIGQTHKARGHKHSGDSKPQKVRLKKQIFSSQIHIIARQKLAYIPQFDDRNLHYLLLFPQTLPILC,length1,327
2,408700,408682,18,MLVDEI,length1,18
2,409045,409012,33,MKQAQAKHYVR,length1,33
2,409597,409141,456,MIKYEVTLESSHFLRKLMKIGALAKALGCTVETIRYYEQQGLIPPPKRTLGNFRQYNEEHLQRLSFICNCRNLDISLSEIKSLLNLENASKQQAEEINRVLDKHIKEVATRIHELAHLRMKLIELREKTVSNDEDPMKLLLQHSGVKFVRLK,length1,456
2,409807,409780,27,MACSVFCLT,length1,27
2,410053,409987,66,MISKTELHCCLLANSCAKFILA,length1,66
2,410134,410086,48,MVFIAQTGKLKQSNTI,length1,48
2,410629,410596,33,MANIKYNTCQL,length1,33
2,410812,410776,36,MCAHTGLASNIP,length1,36
2,411019,411010,9,MHV,length1,9
2,411217,411208,9,MFN,length1,9
2,411286,411232,54,MNGSIMLAHQVERQWKLN,length1,54
2,411394,411382,12,MKFG,length1,12
2,411793,411703,90,MNSLEIIRMVHQAYLKKIKKKIKKKIKKCG,length1,90
2,411934,411931,3,M,length1,3
2,412330,412279,51,MRIDIFWIKPRNDTARN,length1,51
2,412780,412723,57,MVKSLQSFMVAAKSPFQSS,length1,57
2,412795,412789,6,MN,length1,6
2,413170,413119,51,MLRSKPSALPLGDTPIR,length1,51
2,413476,413473,3,M,length1,3
2,413593,413524,69,MLILMILVKYFFTKKVILCLFGY,length1,69
2,413758,413725,33,MPKSLFLYPLF,length1,33
2,414151,413788,363,MPHLSVAKFGGTSVANYNAMTACAKIVIADPNTRVVVLSASAGVTNLLVALVNGVKATEREKLIGNDLHITSGVAKRIFDTVQSYNVRMISYGASTNNVCMLVQSEHSDEIVRSLHKSLFE,length1,363
2,414352,414322,30,MKVKEKSLIF,length1,30
2,414445,414421,24,MAKKPYYV,length1,24
2,414520,414493,27,MALWFRLKH,length1,27
2,414706,414694,12,MKIK,length1,12
2,414853,414847,6,MM,length1,6
2,414871,414868,3,M,length1,3
2,414967,414925,42,MANIFYLKAHKGQC,length1,42
2,414997,414994,3,M,length1,3
2,415102,415066,36,MYLVSLRLTVLV,length1,36
2,415141,415135,6,MM,length1,6
2,415270,415216,54,MPSPFVVQSNLTLFLVSV,length1,54
2,415306,415291,15,MVLMK,length1,15
2,415363,415336,27,MAKSLNMHR,length1,27
2,415447,415399,48,MKHYQVGKKILSASQM,length1,48
2,415843,415747,96,MEGYLIPPQNLLVHGRNEFRLFHDHKFWLIDQ,length1,96
2,416110,415954,156,MVLTRRRCLHHPINARFYQFVRMNLPSPKYLPWCLRQRKHQCLHKMALIRSF,length1,156
2,416170,416119,51,MRLYAPLQKAQHGNLLQ,length1,51
2,416242,416203,39,MPLCRNILFLRRQ,length1,39
2,416443,416431,12,MQLQ,length1,12
2,416485,416479,6,ML,length1,6
2,417835,416827,1008,MATIKDVAKMAGVSTTTVSHVINKTRFVAKDTEEAVLSAIKQLNYSPSAVARSLKVNTTKSIGMIVTTSEAPYFAEIIHSVEEHCYRQGYSLFLCNTQNDPEKVKNHLEMLAKKRVDGLLVMCSEYTQDSLDLLSSFSTIPMVVMDWGPNANTDVIDDHSFDGGYLATKHLIECGHKKIGIICGELNKTTARTRYEGFEKAMEEAKLTINPSWVLEGAFEPEDGYECMNRLLTQEELPTALFCCNDVMALGAISALTEKGLRVPEDISIIGYDDIHASRFYAPPLTTIHQSKLRLGRQAVNILLERISHKDESVQQYGRIDIAPELIIRKSVKSIL,length1,1008
2,420658,418021,2637,MTQEYSTLRNNISMLGRFLGETINDAQGEDILELIENIRKLSRNSRAGDDKARQALLDTLGSISNENIIPVARAFSQFLNLTNIAEQYQTISREHSLAQSSSQSLSELFKRLKEQNASVEEVHKTVEKLLIELVLTAHPTETTRRSLIHKHIEINKCLSKLEHHDLTEKERNIIERLLLRLIAEAWHTNEIRTVRPTPFDEAKWGFAMLENSLWQAVPEFLRQLNETAREFLGYDLPVGLKPVRISSWMGGDRDGNPFVTAQITKKVLYFARWKAADLFLQDISKLADELSMMKCSDEFRDKYGEHLEPYRFVVKNLRNQLTATLAYFDDHLSNRTPRVSESEIILEDNQLWEPLYDCYQSLIQCGMRIIANGSLLDILHRISCFGVTLSQMDIRQESTRHTDAIAEITRYIGLGDYSQWMEDDKQAFLIRELSSRRPLIPQNWTPSPETKEILDTCKVIAQQKQGVIACYVISMARSASDVLAVHLLLKEAGVPYHIPVVPLFETLEDLDAAEKVMTQLFNVGWYRGVINNRQMVMIGYSDSAKDAGMMAASWAQYRAQEALVNLTEKLGIELTLFHGRGGTIGRGGAPAHAALLSQPPRSLKNGLRVTEQGEMIRFKLGLPAVAVETFDLYASAILEANLLPPPEPKPEWRTIMDELSTISCDIYRGVVRGDKDFVPYFRSATPEQELSKLPLGSRPAKRNPNGGVESLRAIPWIFAWMQNRLMLPAWLGAGAAIRQVIEQGKGDIIHKMCENWPFFSTRIGMLEMVFSKSDTWLSQQYDQRLVKKELWYLGENLRKQLEDDIQTVLSLSHQSELMSDLPWIADSIALRNIYTDPLNLLQVELLHRFRENPEQVNPDVEQALMITITGIAAGMRNTG,length1,2637
2,421471,421405,66,MEKIVMRAHPLNHLAIQIAQAE,length1,66
2,421969,421957,12,MNVD,length1,12
2,422275,422137,138,MPYNLTHNLSQCICYVTSKSEIFIFSALYNPKCRITGCAKCSNIFN,length1,138
2,423055,423034,21,MSNSLLS,length1,21
2,423385,423376,9,MGN,length1,9
2,423469,423439,30,MGFSSSGCES,length1,30
2,424837,423874,963,MLWSVLRHILWVALLLLVLSLLGFVILLRDPLNANLVTQNIYIGYFHYLGTLLQGDFGITYNGGKSLMNLILTVLPPTLELCFITLFLAFIFGLPLGIISAVNSEQVFAKSLQILSYVGLSIPIFWLAPILLYVAALSHWEIAAIGQYNLLYEIKSITGFPVIDMWFMEVPYRTKIVQNILQHLALPTLVLCILPTMEIIRIIHQRAEYILNQNFSKVATTRGWSKWKILHQYVFRNTFPLLVPQVPRVFTLVLTQCMLVETALGWPGIGRWLINAVNEQDYNSIAAGVIVIGVCIILIDTFTKIFTFILDPFKKKGWYAK,length1,963
2,425410,425299,111,MECNVRNTLSDIAVFHPCNLSSHSTRIEKRLCADVKT,length1,111
2,425674,425566,108,MGGNDKRLFRTTLSCTLDGITPWLCNYFYYFIKHYF,length1,108
2,426130,426091,39,MVEMVWVEKKTCY,length1,39
2,426448,426391,57,MVRSNFSALLWAKYRICPD,length1,57
2,426694,426610,84,MPFCTKKMYGKTKTIENKTTRIFLSLSY,length1,84
2,427576,426769,807,MPLLQVEDLTKTFKGHASLFGRNQFNAVDKVSFTLERKQTLAIIGNNGSGKSTLVKMIAGIIPPTSGRILFNDRELQYQDAQSRAKHIRMVFQDANSAFNPRLNIGQILDEPLSLATDWTETQRNEKIFETLSLVGLYPDYTNLNIKHLSISQKQRVALARALILEPEIIIIDDAIGNLDASVRIQLLNLTLDLQQRLGISYIYVGQDLGVIKHIADTIIVMDEGKMIEYGSPQNLFTDPQTDVTRRLVESYFGKILDETAWVKDKNAH,length1,807
2,427864,427822,42,MVFVSLLAILPMLA,length1,42
2,427894,427867,27,MLSSLMPLC,length1,27
2,428212,428158,54,MLALACMKWLKFTLSGEI,length1,54
2,428422,428314,108,MGYQKIRHTKLQFLGLLYFLLALPFLILLIYYQKNS,length1,108
2,428599,428584,15,MEYQN,length1,15
2,428680,428671,9,MII,length1,9
2,428758,428686,72,MKLGFISKYDLINHPLKIKGQLGV,length1,72
2,429544,429496,48,MQFSFFTFWLNKVRLW,length1,48
2,429637,429634,3,M,length1,3
2,429730,429721,9,MKN,length1,9
2,431035,431032,3,M,length1,3
2,431056,431041,15,MKIKC,length1,15
2,432757,431161,1596,MLSFILSIFPIVLLIYLMVKRNALPSYVALPWIATLVMGVHLLHFNTDIVTISANVVSAIIAVQTPITVIFGAILFNRFSEISGATNIMRKWLGNINPNPVAQLMIIGWAFAFMIEGASGFGTPAAIAAPILVGLGFHPLKVAMLALIMNSVPVSFGAVGTPTWFGFGALKLSENMILEIGSITAFIHSIAALLIPLLALRILVSWDDIRKNIVFIYISVLGCVVPYFLIAQVNYEFPSLVGGAIGLFISVWAANRNIGLAKVTNTLDNNAVSAGEVVKALFPTGLLIAFLIVTRIHQLPFKAMMNDATIWFSTTLGSLGLFEISKGLIFSLKNIFGSNVSSSYKLLYVPALIPFVITVLIAIPVFKISSSNVKQIFVSSLQQSKNPFIALVGALVMVNLMLVGGEHSMVKIIGRTFAEISGSNWTIFSSFLGAIGSFFSGSNTVSNLTFGSVQLSTAETTGISVALVLALQSVGGAMGNMVCINNIVAVSSVLNISNQEGTIIKKTIIPMIIYGIIAALGALFLVPLFYNL,length1,1596
2,433165,433162,3,M,length1,3
2,433327,433234,93,MSLRKHKPLTKSFGAFLGHLLSKIKARVSFL,length1,93
2,433351,433345,6,MD,length1,6
2,433381,433375,6,MV,length1,6
2,433516,433480,36,MLIKVTFREQAV,length1,36
2,433525,433519,6,MP,length1,6
2,433567,433561,6,MM,length1,6
2,433600,433576,24,MTNHSALF,length1,24
2,433642,433621,21,MPLNPIL,length1,21
2,433687,433675,12,MVAM,length1,12
2,433756,433699,57,MVIANVKFHKIIVSVAEND,length1,57
2,433825,433810,15,MQVMF,length1,15
2,434128,434041,87,MKALSVIKINIVSHLLNQAVCNLVHVAIY,length1,87
2,434161,434146,15,MITIR,length1,15
2,434383,434362,21,MWQILLI,length1,21
2,434491,434458,33,MNTVKTVFQKN,length1,33
2,434542,434503,39,MMILHMIEVTTVI,length1,39
2,434794,434692,102,MPLMVSMLDITIQHLRNRFCINQGIKRHSIIPLH,length1,102
2,434902,434893,9,MQG,length1,9
2,434992,434986,6,MC,length1,6
2,435142,435043,99,MFTVFGGEMVRYLRGQTRMVFALISHIKIINLS,length1,99
2,435289,435175,114,MIWDVFLRMSLTLINVLISQPIMPMPAHVRIMLQKKTF,length1,114
2,435346,435301,45,MAYLVFQCYQKTTAD,length1,45
2,435499,435406,93,MEKVNVRQLKKNISMDLTMKKILQVKELTMP,length1,93
2,435574,435556,18,MNQSKI,length1,18
2,435628,435616,12,MLIH,length1,12
2,435673,435631,42,MLEMTRLRNVIIQV,length1,42
2,435718,435676,42,MIQFVVKVMLVKME,length1,42
2,435949,435922,27,MVKTLQKIY,length1,27
2,436216,436204,12,MQQD,length1,12
2,436444,436426,18,MQHLYR,length1,18
2,437926,437878,48,MTQCLIRLDANQVDKA,length1,48
2,438847,438571,276,MKRRYPPSLKAERPFQLPFQPQEYSSHNLVQIDLAQGNPHQKSQVVLKPAHSMLCWLHRQHQNPQQSQFFAVVDRLPLINLQLAQCHIIDLD,length1,276
2,439297,439153,144,MYLYHNFCVVNAFKLPSILSIPTIKTQGVGNCPLLFIIKLLCCFFKCS,length1,144
2,439435,439396,39,MFFHDIWRFNFFW,length1,39
2,439594,439591,3,M,length1,3
2,439705,439600,105,MAIMAGNIHKYCYYVFFIFRRINNHLVFIRIKFIH,length1,105
2,440167,440092,75,MFEINPVKNKIIDLSDRTSVLRGYL,length1,75
2,440980,440911,69,MSKRPFTAQKQRSSDETIKSKIV,length1,69
2,441235,441193,42,MIYRISKDALLIPS,length1,42
2,443737,443689,48,MAHIYCNTWCYWGNII,length1,48
2,444034,443983,51,MKVNFYAILMQILTIKK,length1,51
2,444121,444103,18,MKLSMP,length1,18
2,444241,444235,6,MN,length1,6
2,444307,444286,21,MLITIRC,length1,21
2,444544,444406,138,MILFLSRPQTINLLLNYCKISNVYLKTHCNEYFINRRHRAYRQSTC,length1,138
2,444943,444910,33,MPRLGKYRSTS,length1,33
2,445042,445027,15,MGTWR,length1,15
2,445144,445129,15,MPRII,length1,15
2,445303,445237,66,MDITFHSWRTSESITRKPKCCA,length1,66
2,445411,445405,6,MR,length1,6
2,445621,445603,18,MAGFSN,length1,18
2,445945,445903,42,MVFNLRRTELIRCA,length1,42
2,446137,446065,72,MTTSILSISSAHSFAIFFPSFSPI,length1,72
2,446542,446539,3,M,length1,3
2,447064,447055,9,MRY,length1,9
2,448018,447982,36,MEKNAIKNTSKN,length1,36
2,448153,448114,39,MNLFYSSKGVSYT,length1,39
2,448189,448174,15,MMDFY,length1,15
2,448381,448357,24,MERKVTQI,length1,24
2,448447,448441,6,MN,length1,6
2,448588,448525,63,MKLLKVLKMLHNLRHFTIQLT,length1,63
2,448795,448696,99,MPFHTLYIKNTAYVAMVHTAQVTTSFLVKSLNM,length1,99
2,448837,448819,18,MLLFVT,length1,18
2,448900,448843,57,MVVLFLLCVTVNVSIRQWV,length1,57
2,449119,449068,51,MLKITTIMHLNQKQNAL,length1,51
2,449140,449122,18,MFIAIV,length1,18
2,449188,449179,9,MIT,length1,9
2,449245,449191,54,MRLHSLVVLAKTQRTFVN,length1,54
2,449326,449287,39,MNEILPHVLVKMA,length1,39
2,449476,449338,138,MIPHLKRLFFQLTKNWLSHKIPQDFVSNSTTNCRIFRQFLFITYTY,length1,138
2,451621,449488,2133,MSRTIILIPVSTGVGLTSISLGLIHSLEQKGTKVAFMKPVSQPSTGEDKLDRTTSIIRTSTSLETAEPFMLSVAESLIGQNQSDVLLEKIVANHQQLTKNNDIVVVEGLIPTRKHGYANNINYEIAQALDAEIVLVAAPATETPTELKDRVEAAASLFGGKNNPNLLGVVVNKFNAPVDESGRTRPDLAEIFDSFQHNHISETEVNKLFAGSAIKLLACVPWNANLIATRAIDLVKHLGASIINEGEINRRIRGITFCARSLPNMVEHFRAGSLLVASADRPDVLVAAALAASNGIEIGGILLTGGYKIDAQINKLCQPTFEKAKLPIFRIEGNTWQTALSLQSFNLEVPVDDKERIENIKQYISQHFNADFINNLVADSSRLPRLSPPAFRFQLTELARAAKKRIVLPEGDEPRTIKAAVLCAERGIAECVLLADPASVQRVAEAQGVKLGKGITIINPADVRENYVDRLVELRKAKGMTETAAREQLEDTVVLGTMMLEANEVDGLVSGAVHTTANTIRPPMQIIKTAPGSSIVSSIFFMLLPDQVLVYGDCAVNPDPTAEQLAEIAIQSADSAKAFGIDPKVAMISYSTGTSGSGADVEKVKEATRIAKEKRPDLLIDGPLQYDAAVMEDVARSKAPNSPVAGKATVFVFPDLNTGNTTYKAVQRSADLVSIGPMLQGMRKPVNDLSRGALVDDIVYTIALTAIQATQ,length1,2133
2,451774,451762,12,MPAL,length1,12
2,451816,451813,3,M,length1,3
2,452149,452035,114,MAHIHQKNRTMYLLSLVILSILFFSDHVFGGGQQKYLV,length1,114
2,453277,452335,942,METSHNQELVATILKDNLANELQTIQDFLRWTYSILNRSDIYFGQGHDNPWDESLQLVLSSLHLPIDLPTELFNSRLTPSEKETLVQLVLTRIEQRVPVAYLTNSAWFCGHEFYVDERTIIPRSPISALIQDRFEDLISQEPNHILDLCTGSGCIAIACAYAFPNAEVDAVDLSVDALNVAEINISRHQLEHRVFPIQSNLFENILGQKYDLIVTNPPYVDEEDLADMPEEFHFEPKLALGSGHDGLNITKQILKQAPDYLSENGVLVCEVGNSMVSLIEQYPDVPFEWVELKNGGLGVFAIQRKDLVKYHDLF,length1,942
2,453574,453493,81,MQYSSYLGGTNGLHQLAQDPHLMPYVP,length1,81
2,453583,453577,6,MP,length1,6
2,453706,453679,27,MRNLNQKHP,length1,27
2,453865,453823,42,MESELNHQINKVLQ,length1,42
2,454252,454225,27,MCKVHLPLL,length1,27
2,454693,454618,75,MSYHWLIPTPPVNLISLKLAGPSSS,length1,75
2,455011,455005,6,MI,length1,6
2,455368,455278,90,MRAVRDTERLSFLAEKSRFFAESLEKCGCL,length1,90
2,455761,455725,36,MSLNGEVILSLL,length1,36
2,456133,456121,12,MASI,length1,12
2,456310,456196,114,MILIAFSRLHQFQRGFLHRSHQRLLTLQFFLLQYLFRR,length1,114
2,456763,456760,3,M,length1,3
2,456856,456838,18,MMLAHK,length1,18
2,457018,456982,36,MLVRNEKPLVHQ,length1,36
2,457567,457558,9,MAK,length1,9
2,457807,457801,6,ME,length1,6
2,458119,458086,33,MNLAFRRPLIA,length1,33
2,458203,458194,9,MLK,length1,9
2,458551,458416,135,MGNFKLKMVSRHQPFNNHLPINNEIRLGCSTISQTNQSTFFLFGG,length1,135
2,458623,458584,39,MHPVSCKLAAIFP,length1,39
2,459157,459097,60,MGLIRSAGSKSSNKPEITII,length1,60
2,459220,459187,33,MSRARRSASSG,length1,33
2,459454,459436,18,MIDHIK,length1,18
2,459595,459586,9,MAK,length1,9
2,459679,459634,45,MICHRLPIITGMNVN,length1,45
2,459922,459913,9,MWH,length1,9
2,459979,459964,15,MRIRF,length1,15
2,460186,460132,54,MTNRRLCNTKLICCFSKT,length1,54
2,460420,460282,138,MDKIYFKLVFLIPKIKKRHLSFPTLFLTIQPYLMIGNSLLVNEFQT,length1,138
2,461752,460723,1029,MKDLDWNNLGFSYIKTDYRFIAHWKDGKWDEGKLTTDNTLHIHEGSTALHYGQQCFEGLKAYRCKDGSINLFRPQANAERMQRTADRLLMPRVPTELFVRACKEVVKANQDWLGPYGSGATLYLRPFLIGVGENIGVKTAPEFIFSVFCCPVGAYFKGGLAPSNFITTDYDRAAPMGTGGVKVGGNYAASLLPHELAAEQGTPERKFADAIYLDPKTHTKIEEVGAANFFGITKDNKFITPKSESILPSITKYSLLHIAKERLGMEAIEGDVYIDQLDQFVEAGACGTAAVITPVGGIQHNGKFHVFYSETEVGPVTRRLYDELTGIQFGDIEAPEGWIVKVE,length1,1029
2,462493,462490,3,M,length1,3
2,462739,462706,33,MRKMPKLYFTQ,length1,33
2,462949,462829,120,MDMMGNVKIYMDTHINYKLKFRVTYMNQVQKKQWSLIFQI,length1,120
2,463054,463003,51,MIKPMSEKAKLPLYCKS,length1,51
2,463210,463132,78,MMNNCPYHPFVYGKPQLHFASIRSKC,length1,78
2,463249,463225,24,MILNRTLT,length1,24
2,463531,463498,33,MAIFLQLKPMV,length1,33
2,463639,463585,54,MLISMKSVAFHLQMKYVL,length1,54
2,463735,463726,9,MGK,length1,9
2,463927,463915,12,MKLG,length1,12
2,464404,464350,54,MFYPTFDILTNLIVSQDR,length1,54
2,464803,464773,30,MWDCHKISKF,length1,30
2,465040,464860,180,MKKLFRLNRLVGTSITKKMKACDQMILKILMIAKNVNGLKFIRSIKTLAIAQGWSILLNY,length1,180
2,465076,465052,24,MNYLRKNH,length1,24
2,465193,465121,72,MNFKTPIKSNINGSKFFLEKQAKS,length1,72
2,465244,465205,39,MMINLYTVGVVHK,length1,39
2,465346,465340,6,MN,length1,6
2,465439,465421,18,MLPLMN,length1,18
2,465559,465487,72,MAENLMIALYFIVVIANHGLLKKL,length1,72
2,465634,465589,45,MAVCVSSNVKKLKMR,length1,45
2,465688,465667,21,MMRLLSV,length1,21
2,465994,465931,63,MKCINKKKAKKAKCVLKIWKN,length1,63
2,466042,466030,12,MRKK,length1,12
2,466288,466258,30,MSVLLVRRKN,length1,30
2,466420,466300,120,MRKAVDYMPKKNAICHHGLSQNYRENVSKKFVYEGQSRVR,length1,120
2,466522,466468,54,MNGKWVKKLNTKNLVSAQ,length1,54
2,466564,466528,36,MWKDLKITHVYK,length1,36
2,467593,467584,9,MDY,length1,9
2,468622,467737,885,MSDTPLTFAPKTPLQEFWFYFKQNRGALIGLIFILIVALISILAPYIAPFDPTEQNRTALLLPPAWYEGGNPAYLLGTDDIGRDILSRIIYGTRISVFAGFIIVLLSCAFGTSLGLISGYYGGVLDTIIIRLIDIMLAIPNLLLTIVVVSILEPSLANATLAIAVVSIPSYVRLTRAAMMNEKNRDYVTSSKVAGAGILRLMFIVILPNCLAPLIVQMTMGISNAILELATLGFLGIGAKPPTPELGTMLSEARGFMQAANWLVTIPGLVILSLVLAFNLMGDGLRDALDPKLKQ,length1,885
2,469624,468634,990,MALLDVKELSVHFGDKKTPFKAVDRISYQVAQGEVLGIVGESGSGKSVSSLAIMGLIDHPGRVSAESLQFENTDLLTLESKAKRQLIGADVAMIFQDPMTSLNPAYTVGFQIMEALKTHEGGTKKARKDRTLELLKLVGIPDPESRIDVYPHQLSGGMSQRVMIAMAIACRPKLLIADEPTTALDVTIQAQIMELLLELQKKECMSLILITHDLALVAEAAERIIVMYAGQIVEEGTAKDIFREPKHPYTQALLRSLPEFAEGKSRLESLQGVVPGKYDRPTGCLLNPRCPYATEYCRQVEPQLHHIGSHKVKCHTPLNEQGNPVEYQGA,length1,990
2,469642,469636,6,MK,length1,6
2,469678,469666,12,MPLA,length1,12
2,469777,469741,36,MVSLFSLNEVKL,length1,36
2,469933,469891,42,MILKQKHYVVKKFK,length1,42
2,470152,470089,63,MIVIPTCSQADNANVLPSLVV,length1,63
2,470233,470167,66,MLSLPMSLFLHWMFPCVRKYSI,length1,66
2,470257,470251,6,MN,length1,6
2,470320,470314,6,MK,length1,6
2,470587,470578,9,MEN,length1,9
2,470803,470788,15,MIFTS,length1,15
2,470890,470842,48,MVCNNRTFFISCCFQF,length1,48
2,471055,470992,63,MGFIFNRNLLNNFNISCRIFK,length1,63
2,471205,471187,18,MISLTK,length1,18
2,471382,471370,12,MKKH,length1,12
2,472237,471655,582,MYLDQIKAELVEAQDVLNKFISDENNIKLIQEAALLISNSFKQGGKVLSCGNGGSHCDAMHFAEELTGRYRENRPGYPAIAISDASHLSCVSNDFGYEYVFSRYVEAVGQKGDVLFGLSTSGNSKNILNAIEAAKTKGMKVIAMTGKDGGKMAGLADVEIRVPHFSYADRIQEIHIKVIHILMMLIEFEMAKQA,length1,582
2,472465,472315,150,MHKNVIFFHLIKHREEKWLFVLKISISFTVHHKRYLILTLKRKRAIPLCC,length1,150
2,472618,472555,63,MILIYPMQWQIPKQSDNYVKM,length1,63
2,472744,472729,15,MQWNC,length1,15
2,472882,472864,18,MNQRLR,length1,18
2,473101,472972,129,MWRKKWRQKSSIWNKVKSSKWDRLIALKIQKRNNLNTIFLTRK,length1,129
2,473845,473818,27,MDDKIIYVF,length1,27
2,474367,474187,180,MGIRCSVRLKQKLYVHSYCYATSMASRLTWFKQPMACIAKRYGIGFINWCGRFDAPSGSD,length1,180
2,475183,474502,681,MFQEYLSVIVQGIPTSLLLTVVSLLIAFFLALFLTFLLSMENKWIKSAVNLYLTLFTGTPLLVQFFLIYAGPGQFQWIIDSPLWYVLSNAWFCAVLALALNSAAYSTQLFHGAVKAIPKGQWESCAALGLSRLQTLKILIPYALKRALPSYSNEIILVFKGTALASTITIMDIMGYARQLYGTEYDAITIYGIAGGIYLIITGIATLLLRKLEKKVLAFERFEVSKA,length1,681
2,475381,475285,96,MLIKQSVKIMLIWQNYVIFFTICRKKKRKLLG,length1,96
2,475477,475456,21,MKQLKMN,length1,21
2,476143,476008,135,MHLNLEFLCHQLFHDEYNHPQHVYFLLYNPRIREVQLLYCYYRLL,length1,135
2,476221,476209,12,MHQQ,length1,12
2,476392,476377,15,MPTNS,length1,15
2,476617,476398,219,MGLASTTIFKGFTLHVFYIKLMASVCGKLKNFIHYKLPLFPVWFYATKHLIHNQMRKLMWHDLSNKFIRIFLQ,length1,219
2,476815,476779,36,MTEWNIGKSKNR,length1,36
2,476842,476833,9,MIE,length1,9
2,477343,477310,33,MIDVGSATPIA,length1,33
2,477679,477571,108,MKNFVSLESHSVGNTGLIISSITPSCKSFWLTSSEC,length1,108
2,478279,478273,6,MY,length1,6
2,478930,478894,36,MMSNFITVRYSL,length1,36
2,479377,479359,18,MFCQYS,length1,18
2,480502,479938,564,MYPLFETLCIENGKIQNIDLHQARYERSLREYYGKSAVKIFNLFSLIQLPEDLQNQLVRCRIDYNAETTQIQYFEYQRKIYRTFQPVICDDIEYSLKYLDRSLINTLFAQRGACDEIMIIKNGKVTDCSIGNLIFRQGKKWYTPDTPLLLGTQREKLLQEGKIQERTIFQEDIVNFDEIKIINAMNSL,length1,564
2,481015,480973,42,MNDRKNFFDFSKKH,length1,42
2,481831,481816,15,MFPRI,length1,15
2,482212,482182,30,MGVFTTPKFI,length1,30
2,483391,483370,21,MKGKLII,length1,21
2,483799,483709,90,MGFSLICFLILSKVSIMFPINKRGKHSITS,length1,90
2,483835,483814,21,MLGFSFI,length1,21
2,484999,484987,12,MSSI,length1,12
2,485164,485134,30,MFSPKERSKV,length1,30
2,485362,485335,27,MGQIQCCQV,length1,27
2,485464,485389,75,MCLIILMIFNANILRGILQQTMQID,length1,75
2,485539,485527,12,MLLI,length1,12
2,485644,485620,24,MVNPSITI,length1,24
2,485692,485689,3,M,length1,3
2,485809,485761,48,MVYSFPQSYPPAIEQL,length1,48
2,485899,485830,69,MPRGKAHCNMVKPLITFWHYVLC,length1,69
2,485917,485905,12,MEKF,length1,12
2,485950,485944,6,MF,length1,6
2,485974,485962,12,MHLN,length1,12
2,486319,486094,225,MSLMKMKVNLISPEFLLVLKVLSHLFVKPNSIYCQFLSVACSSILNIVLLMRHYAMHLLWSKPMRFLWKPLIPKS,length1,225
2,486400,486358,42,MNFLQKMKQIQFLV,length1,42
2,486574,486475,99,MKKSNTTKITLLAIKFVLIYPLSSVFMQCEKKR,length1,99
2,486622,486589,33,MQKVQQNRFLL,length1,33
2,486781,486706,75,MECLGTSMLVCYTFALRLIYAIKNK,length1,75
2,486958,486805,153,MKWLNLRLNMVDYFGESMEKACVPITAKNSLRQNSGTNFVISKPYSIQTIA,length1,153
2,487084,486997,87,MNFILFFRRCELIRIAKFLSKYEMNLRGR,length1,87
2,487147,487093,54,METVYVLILMNTVLCVHQ,length1,54
2,487249,487225,24,MKMFRPNN,length1,24
2,487348,487330,18,MIFLTK,length1,18
2,487489,487414,75,MYQVSVRNSFIFIIAATYAPQKITL,length1,75
2,487795,487750,45,MMRKWYAILLCLRRN,length1,45
2,488077,488056,21,MRIYKRS,length1,21
2,488209,488206,3,M,length1,3
2,488272,488251,21,MKCKIKK,length1,21
2,488338,488290,48,MYPGTKNCMKKIRTFV,length1,48
2,488392,488377,15,MNMWC,length1,15
2,488860,488446,414,MIWQKNFTLENLNQLCSNSAVSHLGIEISAFGEDWIEATMPVDYRTMQPFGVLHGGVSVALAETIGSLAGSLCLEEGKTAVGLDINANHLRPVSSGKVTARATPINLGRNIQVWQIDIRTEENKLCCVSRLTLSVINL,length1,414
2,489160,489151,9,MLK,length1,9
2,489331,489295,36,MLSLMPLKKNED,length1,36
2,489388,489367,21,MKITLTP,length1,21
2,489535,489421,114,MNFYYFLITVFLCVMKKWAIIIVNIVNKRLLQLLISWA,length1,114
2,489769,489736,33,MAGNLINIFPH,length1,33
2,489775,489772,3,M,length1,3
2,490216,490183,33,MHFQACLIKRH,length1,33
2,490396,490360,36,MLPYSTQKPILQ,length1,36
2,490570,490540,30,MLKTQQLKLQ,length1,30
2,490618,490606,12,MKKH,length1,12
2,490672,490663,9,MAK,length1,9
2,490723,490711,12,MLIR,length1,12
2,491794,490840,954,MSDIKHAKLLILGSGPAGYTAAIYAARANLKPVLVTGLQQGGQLTTTDEIENWPGDFEMTTGSGLMQRMLQHAEKFETEIVFDHINRVDLSSRPFKLFGDVQNFTCDALIIATGASARYIGLPSEENYKGRGVSACATCDGFFYRNKPVGVIGGGNTAVEEALYLANIASTVHLIHRRDSFRAEKILIDRLYKKVEEGKIVLHTDRTLDEVLGDNMGVTGLRLANTKTGEKEELKLDGLFVAIGHSPNTKIFQGQLELNNGYIVVKSGLEGNATATSVEGVFAAGDVMDHNYRQAITSAGTGCMAALDAERYLDAQEA,length1,954
2,492073,492034,39,MCLVMNLFLIFSG,length1,39
2,492349,492277,72,MPVFCLNKVFQPLFQWLFSLLYFP,length1,72
2,492595,492556,39,MPLKISVKPQWMC,length1,39
2,492748,492712,36,MHRLHFSQVSFV,length1,36
2,492850,492832,18,MPLLIF,length1,18
2,492898,492880,18,MKKQFL,length1,18
2,493012,493000,12,MLRL,length1,12
2,493120,493048,72,MLFWAFYLMRARSKLMGKNFAKVI,length1,72
2,493243,493222,21,MKKLIKL,length1,21
2,493312,493303,9,MVD,length1,9
2,493408,493390,18,MSQPQA,length1,18
2,493444,493411,33,MRNQKILFYKH,length1,33
2,493474,493447,27,MKQVSIKLH,length1,27
2,494383,494317,66,MAGRSSQRSKIKRIFYRTCSLS,length1,66
2,494422,494410,12,MVCK,length1,12
2,496072,495607,465,MNYLQYYPTDVINGEGTRCTLFVSGCTHACKGCYNQKSWSFSAGVLFDDVMEQQIINDLKDTRIKRQGLTLSGGDPLHPRNVETLLPFVQRVKRECPDKDIWVWTGYKLDELDKQQRAMLPYIDVLIDGKFIQEQADPSLVWRGSANQIIHRFKL,length1,465
2,497185,497128,57,MHHRNPNCSGNGGGNQQGG,length1,57
2,497707,497596,111,MRLQWLARLNKLNSRRKIRKLPLQDYQYNGCICCKKI,length1,111
2,497737,497731,6,MK,length1,6
2,497752,497746,6,MK,length1,6
2,498499,498373,126,MIGDKIVCYFTKKRLKFKPSAFVFLPYISPRVCYIPRHHVFN,length1,126
2,498931,498907,24,MHHGNNRL,length1,24
2,499903,499891,12,MHHH,length1,12
2,500242,500137,105,MVKCAPIFIKDKKWQNVRKKKFSIGKMKIKKKLFG,length1,105
2,500278,500266,12,MRKI,length1,12
2,500464,500341,123,MNPYLMPLNLHSVYKKKLVAVNYSISANYFEELMLNLFVKP,length1,123
2,500560,500530,30,MNWWKKVMWL,length1,30
2,500614,500575,39,MIILMAIVSNYAI,length1,39
2,501367,500761,606,MNIRWNVILGVIALCALAWFYSLNQETADLSELVKKPDSPDYVGYKMETTVFSPEGKKQYLALSDKIEHYTVNEQTLFTAPLVYLYPTTSNEKEQNPNQNVDFFSTQNWKLSANQARLTKDQILYLEGNVVVQSLTSDSRLQRIETESAVVNLKTQDMTSETQVKIKGKNFSSTGLKLVGNLRQQVATLKEQVKTYYEVSKQ,length1,606
2,503092,502600,492,MKITELLSSENIRQGVSFSSKKRLFESIAHFVEEQILAEQGEQACFECLFEREKLGNSGLGNGIAMPKAKIPVTVSDKAIAVFMQLDNPIDYDAVDSKPVDLIFALLIPENQCESYIPVLASLIEKLTDKNVLKQLRSAKSADEIWQVFEITDQSETTLEEVKE,length1,492
2,503488,503461,27,MKNIAILSH,length1,27
2,503635,503623,12,MGFL,length1,12
2,503704,503638,66,MRIMFSMSAFYLTPIGIQHYAQ,length1,66
2,503809,503758,51,MNLFISLVITLILGCQC,length1,51
2,504319,504298,21,MKLREDL,length1,21
2,504430,504418,12,MLQY,length1,12
2,504673,504634,39,MINQYAEVNHKLH,length1,39
2,504823,504685,138,MLYFLKAIHQNQLLQSELFQILDQKTDILVLQIVFDNEQHNYVQLN,length1,138
2,505171,505165,6,MP,length1,6
2,505246,505240,6,MK,length1,6
2,505633,505594,39,MLNLEIEDIQYLS,length1,39
2,505720,505672,48,MLGQKNSFHSYVHLCQ,length1,48
2,506122,506068,54,MPPQGLNLYDNKQHLCLA,length1,54
2,506182,506140,42,MSLYYRYVSQRLLL,length1,42
2,506209,506197,12,MFFV,length1,12
2,506542,506389,153,MKFRNNVYTPFAFNILRRKPLTNNLNWLISCNFTKTSCHNSYTNFIAHLRH,length1,153
2,507514,507418,96,MVYGIATATAYTYDFDQCAGFVKIIVLRVLWV,length1,96
2,507595,507586,9,MKN,length1,9
2,508462,508453,9,MFI,length1,9
2,508951,508729,222,MLPRSIPFEGQLPTPSTFTTPSGNTSPTTATTFDVPTSKPTIVFVSTPLTIFAPSYFYLSTIPTAAPAVYLKSI,length1,222
2,509542,509524,18,MLCQLK,length1,18
2,509764,509656,108,MFITGSTPKFSRRVAQKKYLLSLQILGINYGSSFQD,length1,108
2,510223,510163,60,MVSLILPQQPEDLIQKKFLG,length1,60
2,510397,510298,99,MQKPSRHTPYKANQFALINLALCHLLHHDRAKY,length1,99
2,510409,510400,9,MLD,length1,9
2,510514,510487,27,MLLIPLCLN,length1,27
2,510622,510538,84,MCRLITPRFFLVLSSFSILFFFLLMILF,length1,84
2,511057,510955,102,MRLENHYNTFISPAFSRCFNGYVYFCWMMTIIIN,length1,102
2,511378,511210,168,MFSRNIEQHINTFIIWANHCVMTLKTCLFIIFNAIICLLTKTICNHLATNFWHKFH,length1,168
2,511531,511429,102,MQEFHISGFHFFKIAFVSIHMVWLHISYNRYHWL,length1,102
2,511573,511534,39,MQKRRITFIGFGN,length1,39
2,511621,511594,27,MCILTRRFH,length1,27
2,511906,511861,45,MFFCMTNVDFCPSLS,length1,45
2,512104,512017,87,MNLLYTAHFRDNFSNFFVGMFHLFFLFSQ,length1,87
2,512968,512917,51,MIGTPQSFAATPAGPET,length1,51
2,513100,513043,57,MAKGAFNKAFIPLPRKPEI,length1,57
2,513229,513214,15,MAGKT,length1,15
2,513586,513496,90,MQKNLENVVLTLRILVQFSLHEKLINLIKE,length1,90
2,513727,513721,6,ML,length1,6
2,513892,513850,42,MLSILQTVKFSPLR,length1,42
2,514135,514111,24,MKSNVLRH,length1,24
2,514150,514141,9,MYR,length1,9
2,514249,514234,15,MKYNK,length1,15
2,514372,514339,33,MLLPLNQLKAK,length1,33
2,514723,514714,9,MCG,length1,9
2,514999,514990,9,MFI,length1,9
2,515227,515206,21,MRNFAWR,length1,21
2,515794,515773,21,MIVIFLF,length1,21
2,515893,515848,45,MGISIYNVKARSFKN,length1,45
2,516070,516049,21,MRCLRNL,length1,21
2,516460,516313,147,MCKYSAKFTLPVAQAIKANAPATSAVGIIANPSKPSVKFTALPVPTITK,length1,147
2,516544,516499,45,MSLKNGITKRVASVS,length1,45
2,517105,517018,87,MNRSHLPFSLSVSLFPAPQLFYFVVIGFQ,length1,87
2,517822,517813,9,MRH,length1,9
2,518788,518713,75,MHHNSPWQCSRAAINAFSNASGVCA,length1,75
2,519484,519427,57,MVPITAARCPNNSAHCANN,length1,57
2,520018,519982,36,MLENTGAETAPP,length1,36
2,521089,521056,33,MPSIPFPSISV,length1,33
2,522229,522208,21,MFHHSIF,length1,21
2,522250,522235,15,METNN,length1,15
2,522397,522364,33,MFMFIFKRNCL,length1,33
2,522946,522736,210,MRKAVMFNLKTRVLDFVCFCNSTRIAIYSYQTTIRRKLRKDKPRMPSTPKSTININAILLQCQAIHGFVK,length1,210
2,522967,522958,9,MFR,length1,9
2,523156,523102,54,MPFYIAPNFKFIKLPYQH,length1,54
2,523342,523240,102,MTKHYSLQTALGRIKVRKCEKFLFDFFPFIKGIK,length1,102
2,523900,523888,12,MITI,length1,12
2,524179,524176,3,M,length1,3
2,524545,524542,3,M,length1,3
2,524773,524743,30,MMNCLCITKH,length1,30
2,525439,525424,15,MLINK,length1,15
2,525484,525478,6,MP,length1,6
2,525502,525487,15,MQKKD,length1,15
2,525781,525775,6,MA,length1,6
2,525829,525805,24,MLLLKNGR,length1,24
2,525886,525883,3,M,length1,3
2,526174,526144,30,MKMYYLIIFL,length1,30
2,526519,526471,48,MVVVSLLLRLCILVCV,length1,48
2,526597,526555,42,MLVQWLSDRNLQVQ,length1,42
2,526843,526765,78,MEKLSKRLLLHKHELELQRIIRLSYS,length1,78
2,526903,526888,15,MWKRF,length1,15
2,527224,527146,78,MGRIVVMLKHLKLKMGLLLHLVVGIF,length1,78
2,527365,527311,54,MDLFKSNQVTIAQLALKG,length1,54
2,527374,527371,3,M,length1,3
2,527533,527524,9,MNF,length1,9
2,528007,527896,111,MVKRRSCYCTRFRVCVASFSGSCNCCTLCELLKLFTS,length1,111
2,528214,528187,27,MGEKRKLRG,length1,27
2,528958,528907,51,MACGLQPSNNIRQLFLI,length1,51
2,530215,529297,918,MLKFIFKRLLEALPTLFILITFSFFLMRLAPGSPFTSERAYPPEVMANIEAKYHLNEPLYKQYFLYLENLSKGDFGPSFKYKDQSVNDLIASAFPVSIKLGMVAFAFAVVLGVTAGTLAALNQNSRWDYILMSFSMLGVIMPSFVFAPVLVLIFAIYLGWLPAGGWNGGTAMYMILPVASLTIAYVAGIARIMRGSMIEVLHSNFIRTAKAKGLSMSRIILKHALRPALLPVITYLGPAFVGIITGSMVIESVFGLPGMGLLFVNGALNRDYSLVLSLTILVGALTILFNAIVDILYAIIDPKIRY,length1,918
2,531160,530227,933,MTDYRTQPINQKNADFVEQVADRIEEMQLEGRSLWQDAKRRFFRNKAAVVSLIILAFIIIFITVAPWFFPFTYEDTDWNMMSAAPTMEGYHFFGTDASGRDLLVRTAIGGRISLLVGIAGAFISVTIGTIYGAISGYVGGKTDMLMMRFLEILSSFPFMFFVILLVTLFGQNIFLIFIAIGAIAWLGLARIVRGQTLSLKNKEFVEAAIVCGVPRRQIILKHIIPNVLGLVAVYASLEVPGLILFESFLSFLGLGTQEPMSSWGALLSDGAAQMEVSPWLLIFPAFFLCLTLFCFNFIGDGLRDALDPKDR,length1,933
2,532141,531172,969,MNPLLDVKNLYVRFKTPDGVVTAVNDLNFTLNAGSTLGIVGESGSGKSQTAFALMGLLAANGEVEGSAIFEGKELVNLPNAELNKIRAEQISMIFQDPMTSLNPYMKIGEQLMEVLQLHKGYDKQTAFAESVKMLDAVKMPEAKKRMGMYPHEFSGGMRQRVMIAMALLCRPKLLIADEPTTALDVTVQAQIMTLLNELKHEFNTAIIMITHDLGVVAGICDQVMVMYAGRTMEYGTAEQIFYHPTHPYSIGLMDAIPRLDGNEEHLVTIPGNPPNLLHLPKGCPFSPRCQFATEQCQIAPKLTTFNHGQLRNCWLSAEKFNL,length1,969
2,532246,532210,36,MINPFSSPNRKP,length1,36
2,532300,532261,39,MCLLNFTQVKLSA,length1,39
2,532672,532624,48,MNFLVVNVSVSVLLVR,length1,48
2,532720,532702,18,MSPFQR,length1,18
2,532747,532723,24,MCRFRLKW,length1,24
2,532810,532804,6,MI,length1,6
2,532873,532861,12,MQWN,length1,12
2,532927,532882,45,MWKYITIPNILIPKP,length1,45
2,533125,533059,66,MRIVRNKNHLSPAKTTAILWLA,length1,66
2,533308,533245,63,MERFLLGISSRFLSISKGNSQ,length1,63
2,533428,533377,51,MKRDLFWYFCGMPSNLS,length1,51
2,533473,533455,18,MVSTIK,length1,18
2,533791,533671,120,MLNVISKSGMTSPKLRGFSHNGVESAVSFSGKNKRFSQTA,length1,120
2,534520,534436,84,MAKILGRIFAKTRMFVGIGCVDGYSPSA,length1,84
2,534589,534547,42,MGGFSRFTDTFIAY,length1,42
2,534943,534811,132,MISLRAFFIVQKLSSFLPHFKDYHVPCYCLQPCFYGCASTASHH,length1,132
2,536572,536566,6,ML,length1,6
2,536638,536605,33,MQHLLQLRRLY,length1,33
2,536656,536650,6,MF,length1,6
2,536767,536746,21,MACHYKH,length1,21
2,536890,536884,6,ML,length1,6
2,537211,537109,102,MSLFSSFYLCFTYCSKNSLFLTMVVRSITIISTR,length1,102
2,537727,537226,501,MKIKKLLKNGLSLFLTFIVITSILDFVRRPVVPKEINKITLQDLQGSTFSLDSLDQNKPTLLYFWGTWCGYCRYTSPAINSLANEGYQVVSVALRSGNEADVNDYLSKHDYHFTTVNDPKGEFAERWQINVTPTIVLLSKGKMDLVTTGLTSYWGLKVRLFFAEFFG,length1,501
2,538039,538012,27,MFCDYGMGW,length1,27
2,538300,538264,36,MWFPLFQCLRAA,length1,36
2,538783,538777,6,MY,length1,6
2,539998,539986,12,MLLS,length1,12
2,540250,540145,105,MFCVTNSNHFFLDRIKHYCLCSLCATINSYIHNVS,length1,105
2,541900,541888,12,MECR,length1,12
2,542179,542158,21,MYSITFI,length1,21
2,542242,542227,15,MSFGL,length1,15
2,542290,542284,6,MF,length1,6
2,542524,542476,48,MGSKSLNDLFIPSKNF,length1,48
2,543121,543091,30,MLYLICQQSH,length1,30
2,543343,543340,3,M,length1,3
2,543574,543565,9,MSI,length1,9
2,543643,543628,15,MWYMV,length1,15
2,543664,543661,3,M,length1,3
2,543703,543697,6,MS,length1,6
2,543835,543826,9,MLS,length1,9
2,543862,543859,3,M,length1,3
2,543898,543880,18,MDLIPQ,length1,18
2,544153,544135,18,MGKFLF,length1,18
2,544186,544177,9,MRM,length1,9
2,544384,544369,15,MVQVE,length1,15
2,544642,544558,84,MQTKYMIGRWWRVLDNIFRHRNVCGIFL,length1,84
2,544762,544648,114,MNLSIILILLINFLLMALLQTLMIQKLLNYCNTLLFLL,length1,114
2,544816,544813,3,M,length1,3
2,544906,544894,12,MVCK,length1,12
2,544951,544942,9,MLL,length1,9
2,545041,544990,51,MRVCRFMLKIGWKSNKS,length1,51
2,545188,545095,93,MRVLVIYCRLVNTVKLLYLKSFVWLVLIMKN,length1,93
2,545314,545284,30,MVKKFHIPLF,length1,30
2,545497,545491,6,MK,length1,6
2,545863,545860,3,M,length1,3
2,546028,545998,30,MIWRSYYQTP,length1,30
2,546166,546157,9,MSR,length1,9
2,546214,546181,33,MRYRKRLIFLF,length1,33
2,546373,546364,9,MQN,length1,9
2,546496,546400,96,MLWRYLVQLKMNQWEKKFVKHCQKRCVSFVSI,length1,96
2,546532,546517,15,MKQWI,length1,15
2,546574,546562,12,MTVV,length1,12
2,546679,546619,60,MDQLAHNIRRRFQIKQRLFV,length1,60
2,546910,546850,60,MTCFIKNARTWRAFLSFIFS,length1,60
2,547012,546994,18,MAVWKE,length1,18
2,547219,547192,27,MMSGSVSCE,length1,27
2,547417,547309,108,MPAIMPQTVTAVQSPDLVKLNPSCFDKKLGNQIIMP,length1,108
2,548074,547942,132,MPPNTAPIRVQVTRDPPWAGVRFKSAEIALSMKPKMRRSKPSIA,length1,132
2,548158,548131,27,MMCPFVTRG,length1,27
2,548257,548239,18,MKRRKN,length1,18
2,548998,548872,126,MNLWVGWIFKLFKHDIAAWIRSNNFFCFRNSTFHSFCTFGKH,length1,126
2,549274,549259,15,MAKVF,length1,15
2,549682,549661,21,MISKETL,length1,21
2,549820,549757,63,MVCPTRGIKLSKNKAIILGRL,length1,63
2,550210,550030,180,MTLRKLSQSGIKFITQSIALLIWLIKSQNKPQSKMVLSKIGIITNRRKPFCVMKCQPITK,length1,180
2,550483,550468,15,MVKSS,length1,15
2,552265,552232,33,MAKIYRDSSKS,length1,33
2,552292,552277,15,MQWCR,length1,15
2,554134,554050,84,MVSRICVIYTSCNLKSLTNSSWRFINTF,length1,84
2,554425,554371,54,MLICSTTNNFFALYQKVL,length1,54
2,555286,555265,21,MFRFKLT,length1,21
2,555997,555925,72,MNVSGAPYTPKSKPKEPFSSFKTT,length1,72
2,556990,556978,12,MRTR,length1,12
2,557059,557023,36,MRRTLLQFIKHK,length1,36
2,558115,558103,12,MFTQ,length1,12
2,558196,558175,21,MGTPYRR,length1,21
2,558811,558673,138,MPSYSTVIAGPISFKSNRTFKLFGSRTTVPSTTIPPTRIRCPTSGF,length1,138
2,559078,558913,165,MPSTTKMTNLNLDLRLGFIVCPPYLLVVNVLRVVAHAIHFVTLSCVVLHFEQLRQ,length1,165
2,559237,559231,6,ML,length1,6
2,559384,559339,45,MEPTLELQWMVFQIW,length1,45
2,559435,559405,30,MCSTTPPKNE,length1,30
2,559675,559648,27,MHQLVPLQS,length1,27
2,559861,559825,36,MLSPIQCQHRVR,length1,36
2,559951,559873,78,MQITDSIYRRYDIEFQVLHKDVTTST,length1,78
2,560008,560002,6,MK,length1,6
2,560113,560083,30,MAPKIASCPP,length1,30
2,560755,560722,33,MRTWHFLVAGQ,length1,33
2,560800,560779,21,MLIKKCG,length1,21
2,561070,561064,6,MS,length1,6
2,561145,561088,57,MILFTLFRNCFSIPPHFAF,length1,57
2,561286,561202,84,MPFNLYKITAIKIASQSTKKYALTTLAG,length1,84
2,561613,561598,15,MPTMR,length1,15
2,561676,561628,48,MRKQWKSIIVNTTKLT,length1,48
2,561697,561682,15,MQMLH,length1,15
2,561838,561796,42,MLEATQTTVYFGKV,length1,42
2,561901,561874,27,MRLNAISVL,length1,27
2,561967,561904,63,MHLKQSLKKQQQLVSVQVGHG,length1,63
2,562153,562147,6,MW,length1,6
2,562396,562393,3,M,length1,3
2,562444,562432,12,MAKF,length1,12
2,562534,562519,15,MCCYK,length1,15
2,562972,562816,156,MDKIFVVYLIVNCTKYASGWGCYSNQVRFLRIFLLLIMSPFQFVNIRICLKV,length1,156
2,563158,563119,39,MSHLRGKIRLVWA,length1,39
2,563194,563185,9,MKR,length1,9
2,563239,563224,15,MWRKY,length1,15
2,563344,563254,90,MPILLQTKKSSQKEHLSSFYKAKIRAWCNS,length1,90
2,563398,563359,39,MVLCALSTQRKII,length1,39
2,565384,564742,642,MYLTQLKKWFTILTFVLTALLVTRTAIAETSPYVLMQQASDKLFSDIQANQSKIKQDPNYLRTIVRNDLLPYVNLEYAGSKVLGSYYKSTSTEQREKFFKTFGELIEQKYAQTLTNYSNQKIQIESEKELGDNNFVNIRVSIIQTNGVAPILLDFKWRKGNKSGEWKAYDMAAAGVSMLEDTIKNWVGILNKQGIDTLITKMQQSASQPIIFNQ,length1,642
2,565423,565387,36,MNNYAKLGFAKK,length1,36
2,565567,565540,27,MEFIWSSAY,length1,27
2,565990,565735,255,MELQKIEQILKDTLNIVEVYAQGENAHFGVIVVSDEIAALSRVKQQQTIYAPLMPYFSTGEIHALTIKTYTVEKWKRDRALNQFN,length1,255
2,567079,567067,12,MSRG,length1,12
2,567859,567820,39,MGCNVCGVKCKTF,length1,39
2,568336,568324,12,MVWL,length1,12
2,568399,568396,3,M,length1,3
2,568648,568621,27,MDYLKSVLL,length1,27
2,568768,568699,69,MQQRQFELQLLLYLKGSGRPLMR,length1,69
2,568954,568942,12,MNLF,length1,12
2,569110,569095,15,MAIMC,length1,15
2,569254,569245,9,MAV,length1,9
2,569296,569290,6,MN,length1,6
2,569440,569368,72,MLWREWLLCKNKIKLKLVKKHLVC,length1,72
2,569578,569560,18,MNLHRH,length1,18
2,569695,569680,15,MSRIV,length1,15
2,569722,569710,12,MDIL,length1,12
2,569893,569872,21,MDNVGFN,length1,21
2,569968,569902,66,MDFTTLELNASTPLHYQFTMQE,length1,66
2,570688,570010,678,MTLAARLKREFVSGWKPFEVVWLALFIIAQIWAYVQTPDSWLAMISGISGILCVVLVSKGKISNYFFGLIFAYTYFYVAWGSNFLGEMNTVLYVYLPSQFIGYFMWKANMQNSDGGESVIAKALTVKGWMTLIVMTTVGTLLFVQALQAAGGSSTGLDGLTTIITVAAQILMILRYREQWLLWIGLNILSIFLWAETPAIYLMYSAYLLNSLYGYYNWTKLVKRTN,length1,678
2,571000,570895,105,MTITRRRSKFWMELTSDKPRMIWHFDNFYQFFICR,length1,105
2,571123,571066,57,MTMTFFNGFFAIKLTSVAT,length1,57
2,571150,571132,18,MTLLCA,length1,18
2,571951,571894,57,MLGWFSFYFTRRWDVRHQG,length1,57
2,571963,571954,9,MHK,length1,9
2,571993,571969,24,MFTTNLNG,length1,24
2,572173,572119,54,MWNHLNCCTKIIATTLFT,length1,54
2,572254,572248,6,MT,length1,6
2,572743,572674,69,MLNDKLSIKCHYILIQAVKNIKR,length1,69
2,572896,572893,3,M,length1,3
2,572998,572932,66,MFSSRIAANLDYLYNNWCFFNL,length1,66
2,574450,574420,30,MGLAITLDCH,length1,30
2,574603,574552,51,MVLHWFNLCALSCVHYC,length1,51
2,575839,574705,1134,MIDYEFLRFIWWVLVIVLLIGFSVTDGFDMGVTALLPVIGKKEVERRIMINTIAPHWDGNQVWLLTAGGAIFAAWPIVYAVSFSGFYIALVLVLAALFLRPLGFEYRAKIDNPTWRSVWDWGLFAGGFVPALVFGVAFGNLLQGVPFHFNELTQVTYTGSFFELLNPFALLCGVISLSMLVTHGANWLQMKTTEVLRDRARSVSQIGSIVTLITFVLAGVWLYSKDGYVVTSTIDHFAPSSPMNKEVAVETGAWFRNFNEMPILWIFPALAVVAALLNAAFSKANRCGFAFFFSALTMAGVIITAAVSMFPFVMPSSSHPEQSLLMWDSTSSELTLTLMLIFAVVFVVIALAYTIWSYSKMFGRLDANFIDKNKHSLY,length1,1134
2,575872,575860,12,MRFG,length1,12
2,576004,575992,12,MNPF,length1,12
2,576268,576037,231,MENNFTNFYARIFTKISIFLTALYDITTQYHCSITSDTSYSWRIKQQQRNYHFCCRITYHAANFFIFSYSFARKIWR,length1,231
2,576412,576400,12,MACR,length1,12
2,576676,576670,6,MD,length1,6
2,576895,576850,45,MDYAYWRHFIFNRMD,length1,45
2,580840,576931,3909,MKNSSVKHTLTPLQQSLFSQLNDIMRVDQRRLSARIHGIGKIKSQEAQQAVAAEIQQQIEQARLRVEQRKSAVQNPIVFPESLPVSQRKVEIQKLISEHQVIVVAGETGSGKTTQLPKMCLELGFGNLGMIGHTQPRRIAARSVAARIAEELETELGGLVGYKVRFNDQISDNTQIKLMTDGILLAEIQNDRFLNQYSCLIIDEAHERSLNNDFILGYLKQLLPRRRDLKLIITSATIDVERFSKHFNNAPIIEVSGRTYPVEVRYRPVVEEDDQDQLQGILNAVDELQAESRGDILIFMNGEREIRDTAEALQKQNLKHTEILPLFARLSAQEQNKIFHPSGLNRIVLATNVAETSLTVPGIKYVIDPGTARISRYSYLTKVQRLPIEPISQASANQRKGRCGRVSEGICIRLYSEEDFNSRPEFTDPEILRTNLASVILQMTALGLDDIEAFPFVDAPDKRHIQDGIKLLEELGAFEMVRTKAGEKRLLTRVGRQLAQLPVDPRLAKMILSAVNFGCVYEMMIIVSALSIQDPRERPQEKQQASDEKHRRFADKKSDFLAFLNLWYYLQEQQKALSKNQFRRQCQKDFLNYLRIREWQDIYHQIRLTVREMGLPINSEKAEYQQIHTALLSGLLSHIGLKEAEKQQYLGARNAHFAIFPNSVLFKKQPKWVMAAELVETSKLWGRMVAEIEPEWIEPLAEHLIKKSYSEPRWSKSRGAVIADEKVTLYGVPIVAARPVNYGAIDPTVSREIFIQSALVEGGWNTKHKFFKENQRLVQEVEELEHKSRRRDILVDDRTLFEFYDQRIGTEVVSQKHFDTWWKKAQQKDPELLNFERSFLINDDAEQVSKLDFPNFWHQGNLKLKLTYQFEPGTDADGVTVHIPLPLLNQVEMTGFDWQIPGLREELVIALIKSLPKSYRRNFVPAPNYAQAFLSRAVPLEKPLLDTLIYELRRMTGVTVEAEHWNWEQIPSHLKMTFRVVDENGKKIAESMNLDELKFNLKDRVQESISAVADDGIEQSRLHIWSFADLPQCYEQKQRGFSVKAFPAIVDEKDAVGIKLFETEFEQSVAMQQGLRRLLLLNVPSPIKYLHEKLPNKAKLGLYFTPFGRVLDLIDDCIACAVDKLIADFGGFVWDEAGFEKLRDFVRENLNEVTVDIAQKVEQILTLTYQLNQRLKGKMDFTMAFALSDIKSQLASLVYQGFVQKSGYDRLPDLQRYLQAIDKRIDKLAQDVNRDRAAMLRVEQVQQAYQQLLAKLPKSKPISDEVAEIRYMIEELRVSLFAQQLGTKYQISDKRIANIISQY,length1,3909
2,581086,581080,6,ME,length1,6
2,581344,581239,105,MKNLQKNIQINITAGVQQQTVMAKKLFMLMKKIRA,length1,105
2,581413,581365,48,MRLQKNITHHAVTFMR,length1,48
2,581518,581419,99,MCVIFYVQVRQKLQMMALKLWHVGHVKALMFHV,length1,99
2,581584,581551,33,MRNGQREGLKS,length1,33
2,581947,581860,87,MVKPQMILKNIMMILVSLTGLTHFLKHQC,length1,87
2,582007,582001,6,MG,length1,6
2,582175,582091,84,MHLTTLVQIVTIKAKKNYAILLLHVKKK,length1,84
2,582184,582181,3,M,length1,3
2,582358,582295,63,MLNGVGITLLQAMVVICMRLK,length1,63
2,582829,582778,51,MPMMHKNLRIILLMNRN,length1,51
2,583183,583045,138,MLCVLKGIFSVIKNRCIQFKNKTKFALLVTNLTNFVKNYGRMMFTQ,length1,138
2,583321,583282,39,MVNNKNVKLNKIN,length1,39
2,583519,583513,6,MS,length1,6
2,583798,583720,78,MRRLPILYSSLPISCTFYSSSTSYRR,length1,78
2,583804,583801,3,M,length1,3
2,584980,584017,963,MTLDYPVPFHTPNLVWDYTIAIYLFLLGISSGAVQLAIAYKRSNKLENLSQNWIIRSGVILGSVPTLIGLTLLIFHLTRPWTFWKLMFNYQFNSVMSMGVMLFQIYMLFLVIWGVVIFKKEIEALINRFIPKLQFVMKLIGIAERIASPVEVILFILAAVLGAYTGFLLSALISYPMLNNPVLPALFLASGTSSGIAATFLIILIAGKLKGDSHESHFIHKFEVPIMVTELGLLVCFFVGLHFGGGQKTVALHNALSGFWGAIFWIGVLIIGILIPLIANMFVNDRLKYNRNFIILVSIFDLIGVFCLRFFVLYAGQLTVA,length1,963
2,585160,585154,6,MN,length1,6
2,585547,585520,27,MDFPFPQRK,length1,27
2,585973,585883,90,MLHRLISIKYVYKLVGSLFFPSGLKNWLIL,length1,90
2,586063,586006,57,MEILSERWIIVTFSFQGRQ,length1,57
2,586294,586270,24,MLFIRLQG,length1,24
2,586588,586573,15,MKCKN,length1,15
2,586657,586645,12,MMIM,length1,12
2,586753,586696,57,MPTVIQLKTPPLCLMLKAR,length1,57
2,586804,586759,45,MVFVQQEQIPSPHFV,length1,45
2,586978,586963,15,MKPFS,length1,15
2,587182,587095,87,MVHTQWLAIVSKIIQKFLMIKILIRNMVI,length1,87
2,587224,587191,33,MCRLLRKPMNF,length1,33
2,587284,587236,48,MISLKKMRRKITALSQ,length1,48
2,587449,587323,126,MKKTIYFCSIKTVSAESTIIFRYSKFHQMIWNAKNIRCLNQV,length1,126
2,587665,587542,123,MTLDCKNELMKNIVKMTIQPLIFVLNTEHIEYVLFLAINIV,length1,123
2,587905,587851,54,MSLVSQVTSQANPFYRAF,length1,54
2,588046,587998,48,MKRALNARCYLEIKWN,length1,48
2,588136,588109,27,MAKSLVKQN,length1,27
2,588955,588169,786,MIHPSAKIHPTALVEEGAVIGEDVFIGPFCIIEGSVEIKARTVLKSHVVVRGDTVIGEDNEIYQFASIGEVNQDLKYKGEATKTIIGNSNRIREHVTIHRGTIQGCGVTSIGNNNLLMVNVHVAHDCQIKNNCILANNATLAGHVELDDFVIVGGMSAIHQFVIVGAHVMLGGGSMVSQDVPPYVMAQGNHARPFGVNLEGLKRRGFDKPTMHTIRNIYKMLYRGGKTLEEVLPEIEQIAETDSAISFFVEFFKRSTRGIIR,length1,786
2,590194,589024,1170,MNKTNPTIALVAGEVSGDILGAGLIRQLKAHYPNARFIGIAGTRMLAEGCKTLVDMEELSVMGLAEILKHLPRLLKIRKNVIQTMLQEKPDVYIGIDAPDFNLDVELKLKANGIKTIHYVSPSVWAWRQNRIHKIAKATHQVLAFLPFEKAFYDKFNVPCRFIGHTMADAIPLKPNRAEACQMLQIDPAQRYLAILVGSRGSEVEFLAEPFLKTALLLKEQFPDLQFLVPLVNEKRRIQFEAIKAKIAPNLDLHLIDGNARQAMIAADATLLASGTAALEAMLCKSPMVVGYRMKPLTYFLAKRLVKTDYISLPNLLANEMLVPEMIQEECTPELLAEKLSAYLSDDESAVKNRHILIQHFTDLHQKIQCNADKQAAQAVIDLLEGTENV,length1,1170
2,593149,590998,2151,MKTDIQTELTQALLSHEKVWANEEKTILAKNILLDLVEKTDPTIIGLLLGNDELKRHFFVEVNGVLVFKLQDFRFFLDKHRINNSYTKYANRIGLTDGNRFLKDSSDIVLDFPFKDCVLNGGQSTEEGEEIYFKRNNSQPASQPASQPASQPASQPASQLYTKLTRKRQEIFFNQTLAFDEIDRLFDAKAFSKFSRYTADGKQPVGEIKRHFDGTPAENLIIKGNNLIALHSLAKQFKGKIKLIYIDPPYNTGNDGFKYNDKFNHSTWLTFMKNRLEIAKTLLADDGVIFVQCDDNEQAYLKILMDEVFGRENFVTTIHCQMSTTQGMKVKAAQDGNIVKNAEYIIVFSKNGHKNIAINPLYDLRSEYDEHYSLYLKNDGAIGQLKELYDYRFPKDLKNTTALSLKEAFKKSNEFAEIVKTHLSKIVRSDKVTGFDLSVELENSKWKEVERNGRKYILTLDKNGKVCQLLRLQDSWGKTDNYNNDEGLHKIRGNWWEGFYLDMGNVGKEGSVDFKNGKKGERLISQIIKTATNENDIVLDYHLGSGTTAAVAHKMNRQYIGIEQMDYIETLAVERLKKVIEGEQGGISKAVNWQGGGEFVYAELAPFNETAKQQILACENSNDIKTLFNELCERYFLKYNVSVNEFSQIIEEPEFQTLPLDEQKQMMLEMLDLNQMYVSLSEMDDEQFAGCLNDDDKALSRAFYQSVKNQAEKKDGE,length1,2151
2,593305,593269,36,MAEIGFRKLCNF,length1,36
2,595906,595318,588,MVEKRLNESDMPFIGTKEFTPKKLWEIFGTPKQKWVKKDDVKTAIAMQNDWYVMDNFAGTSLEEALIQFISERLGDLKSKYDVHLIRNEEVFKLNNFADGEGFMPDFVLLLKDKQKSSSNGVNDFLHYQIFIEPKGEHLVETDRWKEAFLKSITVEYGKDKILQKDTPHYRLIGLPFFTDHQKNGQFTELFPLGET,length1,588
2,595987,595972,15,MLPFS,length1,15
2,596020,596008,12,MTSN,length1,12
2,596272,596167,105,MQLSQRVVTATANAISSRVLASSTLPSSAAEPNAW,length1,105
2,596371,596362,9,MFS,length1,9
2,596629,596575,54,MQEKAYSILLNKASASLH,length1,54
2,596650,596632,18,MKNNFI,length1,18
2,596869,596830,39,MHFLRHQCLNIYI,length1,39
2,596980,596932,48,MMRVRNRSLMHFQMYF,length1,48
2,597118,597097,21,MIGILNN,length1,21
2,597979,597949,30,MYWYILLPLA,length1,30
2,598111,598099,12,MLVL,length1,12
2,598156,598132,24,MLILILLQ,length1,24
2,598222,598192,30,MPSVLCKILW,length1,30
2,598357,598333,24,MVKLAWVQ,length1,24
2,598450,598390,60,MGFLAGLCGNLPVCLRISEP,length1,60
2,598771,598687,84,MKHNKAKLPLMDKMYSMCNKKAYVAKSV,length1,84
2,598861,598825,36,MVARMLLMKKWF,length1,36
2,598957,598930,27,MMPMWENAG,length1,27
2,599089,599035,54,MKPQVHWIQKWKWQYKKV,length1,54
2,599272,599227,45,MVCTLNFGIIKVADF,length1,45
2,599683,599638,45,MSERNCKQRKQKCGT,length1,45
2,599860,599824,36,MIFLENINSQNP,length1,36
2,599905,599881,24,MISIGIRK,length1,24
2,600094,599974,120,MQHKVDATAALSAAAMATQKDLLEFFRYVVIFKFFWVKGI,length1,120
2,600277,600184,93,MIKSHPVCFPVTKQIFCYGLCIFIFNRFFLC,length1,93
2,600724,600709,15,MWSSF,length1,15
2,601102,601057,45,MGVCIVVWNNGVCMS,length1,45
2,603823,601402,2421,MSNFNQISRRDFVKASSAGAALAVSNLTLPFNVMAKETQHLNENSQERIVWSACTVNCGSRCPLRMHVKDNRITYVETDNTGTETYNLDHQVRACLRGRSMRRRVYNPDRLKYPMKRIGKRGEGKFKRISWDEALTEIADALKRNIKKYGNESIYLNYGTGTLGGTMAKSWPPASTMIARFMNCIGGYLNHYGDYSTAQIAVGLDYTYGGGWALGNGMADIENTKLIVLFGNNPAETRMSGGGLTYCIEQAKARSNAKMIIIDPRYNDTGAGREDEWIPIRPGTDAALVAALAYVMIKENLVDQPFLDKYCVGYDEKTLPADAPKNGHYKAYILGYGDDDGIAKTPEWAAKITGIPAERIIKLAREIGSTKPAFISQGWGPQRRSNGELISRAIAMLPILTGNVGIHGGNTGARESAYSIPFVRMPTLKNPVKASIPMFLWTDAIIRGTEMTALTDGIRGVDKLSSPIKVIWNYASNCLINQHAQINRTHDILQDDTQCEMIITIDNHMTSTAKYSDILLPDCTTSEQMDFALDAFVSNMAYVIFADQVIKPSFECRPIYDMLSDLAEKMGVKEKFTEGRTQEEWLRHIYEQSREKLPELPTFEEFRQQGIFKKVDPNGFKVAYKDFRDNPEAHPLKTPSGKIEIYSSRLAEIAKTWKLAEDEVIHPLPIHAQSFEHYGDPLMEKYPLQLSGFHYKARTHSTYGNVDVLKAANPQEVWMNPIDAEPRNIKNGDMIRIFNDRGEVRINVKITPRIIPGVVALSEGAWYAPDKDRIDHSGCINVLTTQRPSPLAKGNPQHSNLVQVERL,length1,2421
2,604036,603991,45,MLASKYICLLYVYFL,length1,45
2,604168,604159,9,MSL,length1,9
2,604213,604210,3,M,length1,3
2,604261,604219,42,MLFLRKIRSKTDLC,length1,42
2,605290,604453,837,MNTGLYELPLVFFTVLAQSAVGAWLVFTFVLLNEKNTKSRTYIHKVMFVILALLGIGFIASIMHLGLPIRAFNSLNRVGSSMMSNEIAAGAIFFALAGFYWLIAILGKMPVSLGNVWRIVTALIGILFMYVMNQVYHITSIPTWNNALTSWSFYLTVVLGGLTLSYALLIPNKQREYQLQHLPSLFAIGVLLVAIVAIYQGFNLHNIHSAIQNAADLVPNYAIMTVTRLCLLSIVAFLLFRVKNIGLLGISVLLTLVAEGIGRVLFYGLHMTYGMAIGG,length1,837
2,605341,605296,45,MLRRIAYASIFRNVN,length1,45
2,606013,605404,609,MQNTLQQISIYGRLLGAVFYYEPNDARLTDILTFFRQPNWMQEWEISFDVKTYKKITALIEKGLQQNITEQYQYLFIGPNELPTPPWGSVYLDPECVIFGNSLLALRDFLQQHQIAFQTQQDEPEDHIGLMLMLAAYLAENQPHLLIEFLREHFLTWAYHFLEQLSKIENSDFYQALALLTIKTLQQWQVDLHINVPTVRFYR,length1,609
2,606112,606085,27,MYFQLQNQQ,length1,27
2,606214,606175,39,MVVGNALQLALMV,length1,39
2,606367,606304,63,MHYILIFQRIHYFVHNFPQPV,length1,63
2,606523,606448,75,MNVAMGVENVKLPVLSQPLHLNKKP,length1,75
2,606721,606622,99,MVNKTAQLKQALENRILILDGAMGTMIQKYKLT,length1,99
2,608149,606883,1266,MAGMDVVGDLFGDGKMFLPQVVKSARVMKQSVAYLEPFINATKQKGSSNAKVVIATVKGDVHDIGKNIVSVVMQCNNFEVIDLGVMVPADKIIQTAIDEKADIIALSGFSGEWADYVPPTPKQTGIVEFKNVPIAELRKFIDWSPFFRIWGLMGGYPDAFDYPEGGKEARKVWNDAQVVLDELEQNHKLNPSGILGIFPAERVDDDVVLFSDEERTKTIGTAYGLRQQTERGKNSKSPFNFCLSDFIADRESGKKDWFGMFAVCAGVEEMDLVEGYKAAGDDYNAILLQAVGDRLAEAMAEYLHFELRTRIWGYTQEEFDNQGLINENYVGIRPAPGYPSCPEHTEKALIWDLLEVEQCIGMKLTESYAMWPAASVCGWYFTHPVSNYFTLGRIDEDQAQGYAKRKGWDEREMMKWLGVAMK,length1,1266
2,608233,608212,21,MMPKRFS,length1,21
2,608332,608239,93,MKVIVILIYLDIFHLQTYYKKSQKNYQIRAY,length1,93
2,608398,608359,39,MLTKDLILQIMRW,length1,39
2,608467,608413,54,MPIKMENSLGDHYKLSIH,length1,54
2,608734,608674,60,MNMFLILMWLIVTALYILIP,length1,60
2,608866,608830,36,MGKLMESHRALS,length1,36
2,609019,608971,48,MIIKFLLKIIAMEKIY,length1,48
2,609253,609235,18,MNLIKL,length1,18
2,609628,609619,9,MIG,length1,9
2,609697,609682,15,MNFLN,length1,15
2,609754,609715,39,MTKSIFLIINILL,length1,39
2,609949,609844,105,MRRIHNVFIKQHQRGCWRYLSLLAQSVGARFLACA,length1,105
2,610243,610183,60,MQKIICFVGIFRDFKGDLYI,length1,60
2,610672,610633,39,MRVFHSSSVGNII,length1,39
2,612541,611659,882,MVLNRSHIVRLYLIKVMCQLLGMNCNTPTDIVFSFEGFRRRAGLTDCHSDGFGIAFFEGRGVRIFRDNQAASLSPIADCIKQYNIKSLNVIAHIRKATQGEVNIENTHPFIREIWGQNWVFAHNGNLKNLPDMTDHFLQPIGSTDSEAAFCYMAEYLKNTFRKKPSEMEIFEAIQKVTKELAQHGTFNFILSNGEWMIAHCSTNLHYVMRKAPFGKAHRIDDDGVIDFSYYAKAGDKVNIITTFPLTKNESWTKMENGGFVFFKNGEKIAEVIGTPKEAIDDGTLGNRTINSAI,length1,882
2,612553,612544,9,MSM,length1,9
2,613480,613477,3,M,length1,3
2,614230,614140,90,MAVLRSVWSSSIRTKRESLIANALIISYSL,length1,90
2,614326,614311,15,MPKQR,length1,15
2,615619,615472,147,MLSGAPFNVPTRQRKLCSKSNSPLIALSVIAETSSPTPASFAISSIHSI,length1,147
2,615742,615724,18,MKSENH,length1,18
2,615955,615841,114,MSNFVPYKIKGSPFCIGSSLAKSAVGNCGYFCVILSKH,length1,114
2,616501,616465,36,MARLFKTQSNQS,length1,36
2,616510,616504,6,MG,length1,6
2,617302,617224,78,MVGKRERCCSRKILGRKICRLCKSLS,length1,78
2,617557,617512,45,MEWFKTDSCPRKRKW,length1,45
2,617833,617821,12,MASM,length1,12
2,617872,617857,15,MATSG,length1,15
2,618949,618856,93,MPPQHTFNPALRTFPKVLRRSSKRRVPITSA,length1,93
2,619480,619468,12,MFFL,length1,12
2,619567,619540,27,MVETINSTL,length1,27
2,619627,619570,57,MKLILHPFLQLTYLTIFHH,length1,57
2,619984,619975,9,MGK,length1,9
2,620056,620041,15,MIFIV,length1,15
2,620251,620242,9,MCE,length1,9
2,620815,620788,27,MQVMRTRVR,length1,27
2,620893,620878,15,MNSMR,length1,15
2,621049,621040,9,MLN,length1,9
2,621178,621148,30,MLYIEAHHLT,length1,30
2,621271,621226,45,MWANIADEKQAIPPI,length1,45
2,621613,621568,45,MAYKIMPEREVNQRK,length1,45
2,621718,621715,3,M,length1,3
2,622867,622849,18,MIKRQQ,length1,18
2,623035,622939,96,MISAYCTPTRLASVLKFTQVANGFLMYSVCKE,length1,96
2,623233,623215,18,MPVRDF,length1,18
2,623308,623254,54,MLIFNLSPIIAGATCESV,length1,54
2,623998,623965,33,MWPLNSGIFFF,length1,33
2,624361,624178,183,MSNQNRFCSLSTCTSNLHMYFGHQRTGCIKYFEIAVFRFLSNGLRYAVRRKNHDRTIRYLA,length1,183
2,624463,624418,45,MHHFMTNINRCAMNF,length1,45
2,624661,624631,30,MAISAILNTG,length1,30
2,624871,624817,54,MPEIANANKIKKYCCQPL,length1,54
2,625066,624976,90,MYLVSKSTTKATVLNHKNESPDFLDILFPF,length1,90
2,625126,625102,24,MIKHDLIY,length1,24
2,625366,625348,18,MTKGIS,length1,18
2,626044,626020,24,MLSPIIKI,length1,24
2,626326,626320,6,MK,length1,6
2,626368,626359,9,MVV,length1,9
2,626635,626611,24,MEKRNNKK,length1,24
2,626851,626797,54,MKESFTSIFALSRNPCIN,length1,54
2,627178,627094,84,MPSIFDSGFSLNFFTACCAFSLSTFSAF,length1,84
2,627934,627907,27,MLSAERSIY,length1,27
2,628369,628363,6,MF,length1,6
2,628882,628879,3,M,length1,3
2,629461,629398,63,MAYRQYEYAHAIHHGLYLQYP,length1,63
2,629911,629761,150,MLSVPLVLMLHQLNLQWPLLEQDPIYHSKKLVQKTRLVSPNGFRQFVKYV,length1,150
2,629992,629977,15,MNLAI,length1,15
2,630322,630304,18,MQPFFL,length1,18
2,630589,630583,6,MT,length1,6
2,631162,631156,6,ML,length1,6
2,631387,631315,72,MLQLTIRLNFNGLTTLVINLVIYA,length1,72
2,631600,631582,18,MLFSIF,length1,18
2,632230,632197,33,MRYCRVFQYHF,length1,33
2,632443,632422,21,MAVRKHF,length1,21
2,632536,632512,24,MQINFYDL,length1,24
2,632647,632632,15,MYVSF,length1,15
2,632767,632704,63,MRVRQIRNGNFLKNFKRILKI,length1,63
2,632821,632773,48,MHFDNVRDNSTVSLQP,length1,48
2,633184,633148,36,MPANQNWVLLGK,length1,36
2,634351,634321,30,MIMRTIINFV,length1,30
2,636238,634366,1872,MKSVPLITGGLSFLLSACSGGGSFDVDNVSNPSSSKPRYQDDTSSSRTKSKLEKLSIPSLGGGMKLVAQNFTGAKEPSFLNEDGYIPYFSSLSTIKEDVEKVKKEKSIHTNPIGRIDEPNEKSKDSNSQKYVYSGLYYIENWRELPKPQEKEKKAYSGYYGYAFYYGNKTATNLPVSGVATYKGTWDFITATKNGQRYSLLSNDLQAYSRRSAIPKDIDLENDSTNGDIGLISEFSADFGTKKLKGELFYTKRKTNNQDYKKEKLYDIEAHIYSNRFRGKVIPKDKDPTSTDHPFTSEGTLEGGFYGPDGEELGGKFLAQDNRVFGVFSAKGTEETPEKKLSRETLIDGKLTTFKTTNTTTDATTNATANTENFTTKDIPSFGEADYLLIDNQPIPLLPENAGDFISSKHHEVGDKTYKVEACCKNLSYVKFGMYYEDKEKKNKNETGQYHQFLLGLRTASSQIPATGNVKYLGSWFGYISDGKTSYSPTGNKQQDKNAVAEFTVDFGNKTLKGQLKHADTQNPVFNIEADFKNSGNAFKGTATATNFVIDGNNSQNGNTQINIKTEVNGAFYGPDASELGGYFTYNGNPTPKNPSAVPSSPNSENARAAVVFGAKKQVETTNK,length1,1872
2,639007,636268,2739,MTKKPYFRLSIISCLLISCYVKAETQSIKDTKEAISSEVDTQSTEDSELETISVTAEKVRDRKDNEVTGLGKIIKTSESISREQVLNIRDLTRYDPGISVVEQGRGASSGYSIRGMDRNRVALLVDGLPQTQSYVVQSPLVARSGYSGTGAINEIEYENVKAVEISKGGSSSEYGNGALAGSVTFQSKSAADILEGDKSWGIQTKNAYSSKNKGFTHSLAVAGKQGGFEGVAIYTQRNSEETQVHKDALKGVQSYDRLIAKTDDKTKAHFVIQDECPNGYDSCKNSPKPPAILSTQKETVSVSDYTGANRIKPNPMKYESQSWFLRGGYHFSEQHYIGGIFEFTQQKFDIRDMTFPAYLRSTEKRDFSSGSFYPMKDYGAYQRIEDGRGVKYASGLYFDEHHRKQRVGIEYIYENKNKAGIIDKAVLSANQQNIILDSYMQHTHCSLYPNPSKNCRPTRDKPYSYYHSDRNVYKEKHNMLQLNLEKKIQQNWLTHQIAFNLGFDDFTSALQHKDYLTRRVIATAKSISDPTGKPRNGYPDKPYLYPTPKAELVGEDLCNYKGSSSNYRDCKVRLIKGKNYYFAARNNMALGKYVDLGLGIRYDVSRTKANESTISVGKFKNFSWNTGIVIKPTEWLDLSYRLSTGFRNPSFAEMYGWRYGGNNSDVYVGKFKPETSRNQEFGLALKGDFGNIEISHFSNAYRNLIAFAEELSKNGTTGKGNYGYHNAQNAKLVGINITAQLDFNGLWKRIPYGWYATFAYNRVKVKDQKINAGLASVSSYLFDAIQPSRYIIGLGYDHPSNTWGINTMFTQSKAKSQNELLGQRSLGNTSRGVKSTRKLTRAWHILDVSGYYMVNRSILFRLGVYNLLNYRYVTWEAVRQTAQGAVNQHQNVGNYTRYAASGRNYTLTLEMKF,length1,2739
2,639031,639016,15,MRQTG,length1,15
2,640558,639334,1224,MFVKGWVETHYLAQIQQICQTLTQNPELRISLKEGVKPAPKVVENTPNISLRSESAVDFQAESSASVKFESHLNTKHLFDNFVEGKSNQLARAVGQKLAQAPGEPSANPFFLYGGTGLGKTHLLHAIGNGILADKPNARVLYIHANNFMQHMVKAVRDNKMDQFKKFYRSLDALLVDDIQFFAEKEKTQEEFFHIFNNLFETGRQIILTSDRYPKEIEKIEERLKSRFGWGLTTAIEPPDLETRVAILLKKAEEHNMNLPEEVAFFIAQRLRTNVRELEGALNRVKAMQDFKGGDIDIDFVRDTLKDILALQERLVTIENIQKVVAEYYRIKVSDLKSKSRARSVTRPRQIAMALAKELTNRSLPEIGRAFDRDHTTVLNACREVPKFREQDNSIQEDWANLIRTLSA,length1,1224
2,641851,640753,1098,MQFSISRENLLKPLQQVCGVLSNRPNIPVLNNVLLQIEDNRLTITGTDLEVELSSQTQLSSSSENGTFTIPAKKFLDICRTLSDDSEITVTFEQDRALVQSGRSRFTLTTQPAEEYPNLTDWQSEVDFQLPQNTLRRLIEATQFSMANQDARYFLNGMKFETEGNLLRTVATDGHRLAVCTISLEQELQNHSVILPRKGVLELVRLLETNDEPARLQIGTNNLRVHLKNTVFTSKLIDGRFPDYRRVLPRNATKTVEGNWEMLKQAFVRASILSNERARSVRLSLKENQLKITASNTEHEEAEEIVDVNYNGEELEVGFNVTYILDVLNALKCNQVRMRLTDAFSSCLIENCEDSSSEYVIMPMRL,length1,1098
2,642145,642094,51,MVCRLTKTASRQHLSKN,length1,51
2,642457,642424,33,MACRICRSSPP,length1,33
2,643033,643027,6,MI,length1,6
2,643168,643054,114,MKTTCKLSTQHSQDLNQLVAVYQIYFLNLINKDSFYAK,length1,114
2,643597,643576,21,MGLSKTT,length1,21
2,644077,644035,42,MDFYRALYLLGWLW,length1,42
2,644107,644095,12,MEYL,length1,12
2,648871,648805,66,MTAEFIQFKVINFIPYSDRHRF,length1,66
2,649126,649051,75,MFTRRTTTKVFTRQQNCCTLILRII,length1,75
2,649723,649690,33,MRELVQDPMNT,length1,33
2,649963,649834,129,MVSFTEITCPGFVPQVTCGAMSFASSVTTVSNCASSSDFKVFQ,length1,129
2,650500,650185,315,MARIISFAVIPDATLPRTSIFILFARACFKVWVANTCSTSEVPIPNAKAPNAPCVAVCESPQTIVIPGKVKPCSGPITCTMPCSLVVISNNLIPVALVFLSSSNT,length1,315
2,650557,650551,6,ML,length1,6
2,650728,650704,24,MCESNNFS,length1,24
2,650953,650896,57,MSTCQDFLYRIFNGICCFI,length1,57
2,651235,651229,6,ML,length1,6
2,651817,651742,75,MINGSTTHKKLIKVKFKTKFFLGFV,length1,75
2,652027,652003,24,MLLLPNLP,length1,24
2,652270,652222,48,MLLHPRLWQLSYSETF,length1,48
2,652666,652468,198,MPRLPSHNRTLDLFYPPILRTRHTIYPNHNLVRYTPYPSYDLSQRLDLNVQLNSIFLFSSQWFLET,length1,198
2,653308,653293,15,MPSLQ,length1,15
2,653410,653344,66,MLRMRHQCLYLRLEITRQHERF,length1,66
2,654091,654079,12,MLLN,length1,12
2,654322,654286,36,MGSHSNSPLVQT,length1,36
2,656098,655282,816,MLRYAHSFFHKRTIMLAIISPAKTLDFESAVKNFPVSQPHFTDYSEQLIEVCRKLSPQDLSSLMSISDKLAGLNVARFAEWTKIHNEDNSRPALFAFKGDVYTGLDADSLSEEDVIFAQSHLRMLSGLYGLLKPLDLMQPYRLEMGTKLVNPKGKDLYAFWGNVITQAVQQAIDAQGDNVLVNLASDEYYKSVKESQLNAKIIKPIFLDNKNGKYKVISFYAKKARGLMCRYLIQHRLTDIEQLKEFDLGGYWFDSASSTETEFVFKRDINE,length1,816
2,656566,656512,54,MWLCAISIFAENTATNAF,length1,54
2,656665,656650,15,MATVL,length1,15
2,656677,656674,3,M,length1,3
2,656764,656749,15,MVKSR,length1,15
2,657733,656770,963,MIKKIAVLTSGGDAPGMNAAIRGVVRSALAEGLEVFGIYDGYQGLYNNKIKQLNRYSVSDVINRGGTFLGSARFPEFKDPNVRAKCAEILRSHGIDALVVIGGDGSYMGAKLLTEEHGFPCVGLPGTIDNDVAGTDYTIGYQTALQTAVDAIDRLRDTSSSHQRISIVEIMGRHCSDLTISAGIAGGCEYIVASEIEFNREELIQQIERSIIRGKRHAIIAITELLTDVHSLAKEIEARVGHETRATVLGHIQRGGSPCAFDRILASRMGAYAVDLLLQGKGGYCVGIQNEQLVHHDIIDAINNMQRVFKADWLKVAKRLE,length1,963
2,657910,657886,24,MRLPVLPR,length1,24
2,658519,658408,111,MESNKRSHYEKCTSKILNCNNKLAPNSNYLGLIFKIE,length1,111
2,659392,659338,54,MLVCHIVLQFCRFERSFD,length1,54
2,659545,659494,51,MQSLQVCDLPSLRGNPY,length1,51
2,660172,660100,72,MFAYRHHIPIELEFLKCPINQDHH,length1,72
2,660433,660391,42,MQQWLKCLNHNQNR,length1,42
2,660490,660481,9,MRL,length1,9
2,660823,660667,156,MPYCYLSVLLLLISGRFLPYLFLHQIAQLHPYCPTNAFRPVKARKSGYLDYP,length1,156
2,661159,661021,138,MPSTAENDSVSPSNDTANKIPNNGSSASKIPEILASTVLSPLCHNQ,length1,138
2,661300,661291,9,MDV,length1,9
2,661483,661411,72,MPSLFFPPLIKIATPINAIAPNSQ,length1,72
2,662692,662584,108,MPRCKALLSLNAIHRTAVCGRPTTPKQTSIQKEAIN,length1,108
2,662887,662842,45,MVSVSTTARKPPINV,length1,45
2,663049,662935,114,MPMVVSNKRAPPINCTFIAAKNARRRARLDSQTKYLFL,length1,114
2,663154,663073,81,MVKALVSLDKSANFLPNAPNANHTAGT,length1,81
2,663676,663604,72,MPNWLLYQLVDNVALMSCFFLKFL,length1,72
2,664189,664168,21,MFLDLLR,length1,21
2,664663,664630,33,MQLSLLLLSSQ,length1,33
2,664732,664675,57,MRLRYVQHAYLGHHHRQML,length1,57
2,665617,665611,6,MT,length1,6
2,666142,666106,36,MMTKWFTFMHVG,length1,36
2,666166,666145,21,MNLHKRN,length1,21
2,666229,666205,24,MGVGSRID,length1,24
2,666400,666379,21,MFWLASP,length1,21
2,666751,666733,18,MSSVQR,length1,18
2,666865,666856,9,MSV,length1,9
2,667165,667021,144,MASKNISAINPSRLASYMPTFIFATFSPSMLASLAYSSSGSPQQSGAV,length1,144
2,667468,667462,6,ME,length1,6
2,668116,668113,3,M,length1,3
2,668200,668122,78,MTATNCITSHHCYNWFWTRTNIALEI,length1,78
2,668305,668215,90,MYAAVIFVTTVIATHFLVTTRTECFFAFAS,length1,90
2,668500,668443,57,MIANIAIAFTVIDPFNRRI,length1,57
2,668818,668803,15,MGDCK,length1,15
2,668887,668833,54,MRLPKFNSNFATAFFKRR,length1,54
2,669241,669214,27,MGIDVVTLV,length1,27
2,669256,669250,6,MQ,length1,6
2,669667,669652,15,MENLC,length1,15
2,669808,669742,66,MCGGFYQFFFTEYSVKTKFLYN,length1,66
2,669922,669919,3,M,length1,3
2,670075,669961,114,MFFYLLIVSQIFFVVYLLKGPFLRLLSLFSQNINNLAI,length1,114
2,670264,670213,51,MMALMHINLNKPLFFLK,length1,51
2,670543,670534,9,MKA,length1,9
2,670981,670918,63,MMFMPPLILYGRLMRVCLALC,length1,63
2,671035,670999,36,MAITLAKIPKPQ,length1,36
2,671110,671101,9,MWV,length1,9
2,671332,671179,153,MCTIFHVKVRSFLSKFYWQQSQWVRQFGITCLKSTNGRKWISLCVFIGLFG,length1,153
2,671368,671356,12,MAQR,length1,12
2,672385,671449,936,MDKDMQLIRGLHNANRVLQGCALTIGNFDGVHLGHQAVLRHLRQKADELNLPMAVLLFESQPREYFMGENAPARLMRLRDKIYYLEKAKVDVVIVAKFDRTFAEQPADVFIEQTLVNHLHVKFLSIGDDFKFGSKRQGNFAMLQAASKRFGFIVEDNRSFCLDAQRISSTAIREALANDDLQLAENLLGKPYRIFGRVIHGNKLGRTIGFPTANIRLHRQVNPIKGVYAVKVRLKSGEIFNGVANMGKRPTINGLMQLLEVHLFDFSQNIYGQMVEVEFCHKIRNEIKFPSFDDLKVQIEKDVETAKAFFNS,length1,936
2,672799,672793,6,MS,length1,6
2,673786,673678,108,MVYRHGNARFTPTSIRRNQTSSLDSRLGSSTYRENG,length1,108
2,674023,674017,6,MV,length1,6
2,674341,674299,42,MGCFNRLYRRNDRF,length1,42
2,674686,674674,12,MAYC,length1,12
2,675148,675124,24,MPSLLALF,length1,24
2,675706,675316,390,MDRLIRRTFYREQTMAEETIFSKIIRKEIPANIVYQDELVTAFRDISPQAKTHILIIPNKVIPTVNDVTEQDEVALGRLFSVAAKLAKEEGVAEDGYRLIVNCNKHGGQEVFHLHMHLVGGEPLGRMLAK,length1,390
2,676342,676279,63,MDLQCCLQCRLFKKLCQQLNK,length1,63
2,676477,676435,42,MNVERLAIAVFHLI,length1,42
2,676576,676513,63,MVCIKQVWHLQVNIFPVMAMY,length1,63
2,676660,676603,57,MMIAQKTKFLVSISNLSNS,length1,57
2,676702,676681,21,MRLCLLT,length1,21
2,676810,676804,6,MI,length1,6
2,676927,676870,57,MQVAIFYYCVMNVRVSFKY,length1,57
2,678283,677110,1173,MIDCRYYQQNKCRSCQLLEIPYSQQLTEKQYHLKQQLISINYDEAQWVAPFQSNEQGFRNKAKMVVSGSVERPILGILKNNDPQSAIDLCDCPLYPTHFSAIFSILKDFIGRAGLVPYNIAKQKGELKYILLTESIATEKLMLRFVLRTENKLPLIRRELPKLLEKLPHLEVISINLQPQHAAILEGEQEIFLTEQQFLPENFNGIPLFIRPQGFFQTNPKVAAGLYATAQQWVAEFPIYNLWDLFCGVGGFGLHCAKALQEKWGKPIKLTGIEISSSAILAASHSAKILGLEHVNFQSLDAASVIENKNKNKPDLVIVNPPRRGIGKELSEFLNQIQPHFILYSSCNAMTMGKDLQHLTCYKPLKIQLFDMFPQTSHYEVLVLLERKKIN,length1,1173
2,678457,678451,6,MQ,length1,6
2,678571,678565,6,MF,length1,6
2,678886,678874,12,MPNS,length1,12
2,678931,678898,33,MYFANVLPIVQ,length1,33
2,679096,679006,90,MLFLFLPKLIVLNLHQIIPLRQKIVLLLSK,length1,90
2,679387,679384,3,M,length1,3
2,679699,679696,3,M,length1,3
2,679993,679984,9,MFN,length1,9
2,680212,680107,105,MKHMYQYCKHLLTTFFYRSFFNFRCFNFRRNFFYA,length1,105
2,680401,680257,144,MTETAFSTFGLLKIFYNIKFSLYYWHENKLSNTIADFNFEWFISTVPH,length1,144
2,680509,680473,36,MAKTRARQNHGS,length1,36
2,680830,680770,60,MISLTKSAASSTFDFSDNFL,length1,60
2,681328,681193,135,MTLIRFTFFGVVKFTGPEISVTFAPRLANASAIANPIFPELWLEI,length1,135
2,681403,681370,33,MATFNPCRSCF,length1,33
2,681559,681550,9,MDW,length1,9
2,681790,681643,147,MPTVRRAIKSALAGAIIMASAHLASSICPIASSACGSSKDCDTALPEMA,length1,147
2,681961,681901,60,MPPVIPTTTRFPFKFIFFPC,length1,60
2,682129,682120,9,MMN,length1,9
2,682252,682180,72,MNYLRFFYVLVSKIVLLCHFLKMY,length1,72
2,682426,682411,15,MILKR,length1,15
2,682606,682543,63,MYQRFIREKLLKKHSIVMRQL,length1,63
2,682696,682684,12,MRLN,length1,12
2,683128,683056,72,MRHVVVFFQTFTLTVSGLKVKTVS,length1,72
2,683191,683182,9,MQY,length1,9
2,683692,683671,21,MCLFYKR,length1,21
2,683929,683818,111,MQWNPTYVVILANYLLPMQKHKAVGLLMLKVMNTSTF,length1,111
2,684151,684049,102,MRLVKNYCHSSRKINISYNSQALLVQMQMKQPSN,length1,102
2,684271,684256,15,MPLKI,length1,15
2,684388,684385,3,M,length1,3
2,684604,684526,78,MKCKRVSAVLEECSPLNTQALSLILL,length1,78
2,684715,684667,48,MLGNLQDIQVHFVAIN,length1,48
2,684799,684757,42,MKTSHKMPKSVVNT,length1,42
2,684913,684907,6,MR,length1,6
2,685270,685177,93,MVGKSHLFSTQLYKTGIYLCYIQLSIRNNYD,length1,93
2,685894,685510,384,MLDTNIVIYVIKRRPLEILSRFNQNAGKMCVSSITVAELYYGAEKSEYPERNIAVIEDFLSRLTILDYQPKHAAHFGNIKAELSKQGKLIGENDIHIAAHARSEGLILVSNNLREFERVIALRTENWV,length1,384
2,686386,686269,117,MGSKPSRFNYGGAFDQLATPKSRLWRRHIRRVHFWWYSI,length1,117
2,686473,686458,15,MVSTT,length1,15
2,687061,687049,12,MVYP,length1,12
2,688495,687682,813,MPELPEVETALRGISPYLKNFTIEKVVVRKPKLRWAVSEELITLKNVKIVDLTRRAKYLIIHTEKGYIIGHLGMSGSVRIVPQNSAIDKHDHIDIVMNNGKLLRYNDPRRFGAWLWTENLDDFHLFLKLGPEPLSDEFNAEYLFKKSRQKSTALKTFLMDNAVVVGVGNIYANESLFICGIHPLKLAKNLTLNQCFSLVNTIKDVLRKAIIQGGTTLKDFLQPDGRPGYFAQELLVYGNKDKPCPKCGGKIESLIIGQRNSFFCPKCQKRG,length1,813
2,689683,689665,18,MVHRQV,length1,18
2,690184,690136,48,MILLAFFVRPNEHLGP,length1,48
2,690487,690442,45,MHKAVFSHSENKAQA,length1,45
2,690679,690622,57,MGSVWWYIDLWRLNLRHVA,length1,57
2,691111,691060,51,MTMTALTAAANLITIRY,length1,51
2,691684,691666,18,MPVNDL,length1,18
2,692401,692254,147,MFNDSKDIFLLPLINIIQQLAYQYGWFFRLIICNGTANIADIAIITCCQ,length1,147
2,692473,692461,12,MILH,length1,12
2,692692,692680,12,MEHF,length1,12
2,692704,692695,9,MLS,length1,9
2,692869,692815,54,MCLLQGFMQQGKCGEKVR,length1,54
2,693418,693415,3,M,length1,3
2,693499,693469,30,MQNLRLQLSK,length1,30
2,693568,693550,18,MFFISH,length1,18
2,693901,693817,84,MNIHFRGYRLQNIEISSWKRWNTKNKYA,length1,84
2,693991,693955,36,MQSRSMCSIINI,length1,36
2,694240,694225,15,MWRRC,length1,15
2,694606,694600,6,MI,length1,6
2,695281,695257,24,MRLDYLPF,length1,24
2,695548,695392,156,MINQGRQFVFSRLLFFVIVMFFPHTVFVDFVAPEKNLNCYHLTIRLRLISLK,length1,156
2,696178,696175,3,M,length1,3
2,696232,696220,12,MRNA,length1,12
2,696463,696433,30,MPSNLVISFG,length1,30
2,696859,696766,93,MLMIANPINNSTNVTPFCIKRSNFLPHFNHK,length1,93
2,697831,697021,810,MNPMLNIAIRAARKAGNVIAKNYERRDAIESTQKGINDYVTNVDKAAEAEIIEIIRKSYPDHTIITEETGAIEGKEGKDSDVQWIIDPLDGTRNFMTGLPHFSVSIAVRVKNRTEVGVVYDPIRNELFTAVRGEGAKLNEVRLRVDSKRELQGSILATGFPFKQPKLMPAQFAMMNALIEDAADFRRTGSAALDLCYVASNRIDGYFEMGLKAWDCAAGDLIVREAGGLVCDFDAGNGYLRSGNIIAAPSRVIKEMLNKIRPCLGAEFNH,length1,810
2,699847,697942,1905,MLPELGFFLLLLATASAFFLALVPQFGLFKKNSTLINAAWPLSYIFTLATTFSIGLLTYSFAVDDFTLEYVAAHSNSQLPTFFKVAATWGGHEGSMLFWLFSLSLWLAAFAFFNRKNDRTFSAQSLSLLGLICFGFAVFILFYSNPFGRIFPAPAEGRDLNPMLQDVGLIFHPPLLYVGYVGFAVNFAMSLSALIYNQSARQIARSMRGWVLVSWLFLTIGIVLGAWWAYYELGWGGWWFWDPVENASLMPWLLGLALLHSLMATEKQGVFSYWTTLFSLLAFAFSVLGTFIVRSGALTSVHAFALDNTRGYVLLLIFFVLTALAFGLFALRAGSSSESAVKFQFISKSGGILLLNILLTIATVSTFLGTFYPMLFQAMNWGSISVGSPYFNSIFFPIITAILILMVIVLSIRKGQFDRTLLIRCGWLLIPSLILAGLMIWQQLRHNSALNFHAFAFVLLTLAIWLLLVTLWQNWRQIRLSQFGMILAHCGVAIVTIGAVMSGYFGSEIGVRLAPQQSQTLGQYEFHYRQFSNEIGPNFTAEVAFFDVTENGKPYAEIIPERRYYDVRTMTMSEVGLNGGFWGDLYIVMGDSLGKGEFTFRLHYKPLIRWLWAGGILMAFGALFSVFGLRRKQEK,length1,1905
2,700015,699997,18,MIHHKS,length1,18
2,700102,700054,48,MCGAVGVVIAKKNIRC,length1,48
2,700204,700162,42,MVLKYLREWAIRSS,length1,42
2,700243,700213,30,MIVRENLPSN,length1,30
2,700291,700252,39,MVRQKLILWMKMV,length1,39
2,700579,700552,27,MSKPKFGGI,length1,27
2,700786,700711,75,MEYGVVMVIASRPFNSSCSIALFLK,length1,75
2,702718,701647,1071,MSGGGFCNFTNLEVTPAHYLSQNPHFVKSALARYTNWDFISLVAEQGITYHEKELGQLFCDEGAEQIVEMLKSECDKYGAKILLRSEVSQVERIQNDEKVRFVLQVNSTQWQCKNLIVATGGLSMPGLGATPFGYQIAEQFGIPVIPPRASLVPFTYRETDKFLTALSGISLPVTITALCGKSFYNQLLFTHRGISGPAVLQISNYWQPTESVEIDLLPNHNVEEEINQAKQHSPKQMLKTILVRLLPKKLVELWIEQGIVQDEVSANISKVRVKNLVDFIHHWEFTPNGTEGYRTAEVTMGGVDTKVISSKTMESNQVSGLYFIGEVLDVTGWLGGYNFQWAWSSAYACALSISRQ,length1,1071
2,704149,702841,1308,MAKIVKVIGREIIDSRGNPTVEAEVHLEGGFVGLAAAPSGASTGSREALELRDGDKSRFLGKGVLKAVAAVNNEIAQAIVGKDATNQAEIDQIMIDLDGTENKSNFGANAILAVSLANAKAAAASKGLPLYAYIAELNGTAGVYSMPLPMMNIINGGEHADNNVDIQEFMIQPVGAKTLREALRIGAEVFHNLAKVLKSKGMSTAVGDEGGFAPNLASNADALACIKEAVEKAGYVLGKDVTLAMDCASSEFYNKENGMYEMKGEGKSFTSQEFTHYLEELTKQYPIVSIEDGQDESDWEGFAYQTKVLGDRVQLVGDDLFVTNTKILKEGIEKGIANSILIKFNQIGSLTETLAAIKMAKDAGYTAVISHRSGETEDATIADLAVGTAAGQIKTGSMSRSDRIAKYNQLIRIEEALERAGTPAAFPGLKAVKGQA,length1,1308
2,704392,704335,57,MTAKLAIFMRSICVKMLNR,length1,57
2,704485,704416,69,MLIQPLIIMKHANLKFVGMRVVI,length1,69
2,704539,704503,36,MAILMLYLILPV,length1,36
2,704764,704749,15,MCISL,length1,15
2,704905,704884,21,MVMQKVR,length1,21
2,704995,704926,69,MYKLIKARTMLNQLQKLKVPILL,length1,69
2,705178,705166,12,MQEA,length1,12
2,705385,705304,81,MLDLIIITCLPVMDLIIGLIMLPMNLP,length1,81
2,705439,705418,21,MNCIQYV,length1,21
2,705586,705454,132,MKLKKAIMKIIILRSCKNSLLKPLGVIKILIYMDALILAMMATT,length1,132
2,705715,705706,9,MKN,length1,9
2,705820,705784,36,MLAVKIGAMWII,length1,36
2,705862,705826,36,MWLITQVGIFIN,length1,36
2,705955,705916,39,MINLLKCYLNCIR,length1,39
2,706213,706183,30,MFSIMRKIMV,length1,30
2,706384,706252,132,MLIQVMFINKNLNCQVLMECIQLSALGLWGMWLAVWDYAKILLQ,length1,132
2,706486,706393,93,MIAILYLIILCHDIYLALLKYNIYHKKWKLL,length1,93
2,706861,706804,57,MKSGASPIAAAVLLNNDCF,length1,57
2,707566,707464,102,MTAAASASVKFLMPCCVWKWNFTQKRSPASFQKL,length1,102
2,709357,708451,906,MSTKFNVKTFQGMILALQEYWANQGCTIVQPFDMEVGAGTSHPMTALRALGPEPMAFAYVQPSRRPTDGRYGENPNRLQHYYQFQVVIKPSPDNIQELYLGSLEMLGFDPTQNDIRFVEDNWENPTLGAWGLGWEVWLNGMEVTQFTYFQQVGGLECKPVTGEVTYGLERLAMYIQGVDSVYDLVWSDGPLGKTTYGDVFHQNEVEQSTYNFEHANTDFLLYCFDQYEKEAQELLALDKPLPLPAYERILKAAHSFNLLDARKAISVTERQRYILRIRALTKGVAEAYYASREALGFPGCKK,length1,906
2,709507,709450,57,MPRYRAICRGVGSLRCGLR,length1,57
2,711013,710062,951,MNDMYNYLRKFRDFIDNSPKIFLLLLIVVVASWAGNFIISNKINIFSDRPNIRYALSILSIVFSIFTALYGVLSFFYSKIDDIDKKLNESKFDSIERSNRGLIAEIYSKEKDIRANCRNILGKIFKKFELDNSSRITLFYCKESCRKPTEFHILERYATGGGKDNYQPEASYLISIGFIKNVWENGFYSDTEKCPVYPESGKKIAQKRNDYNKYQLDRYGITEGMIKNMNMKSCDFVGKNLSNDLANLIILFESNKSGKLSHITEDKLNKFLDSTFLREHLISHVELLNWISSKQSQLPNNTNEITSSDIKNEFNRS,length1,951
2,711472,711019,453,MSEKIDSVLTFIILNYYKPSISVFRLIRIMFLAEWYSAIIQEETLSSSVWYRRNFGPDSDDVTKSLLNLKDIYLEQNNDELDGISMSVFRTNNLHYCNLSALERNIVSLAMKHAKEFDFIEFDNYIENLFPMKNTAINAEINLKDLAKHAP,length1,453
2,711565,711490,75,MIETENDNPKLPSRNRHRRAATKSS,length1,75
2,711748,711643,105,MVCGTASFSRKSVELSNTTTEQRNGKTRACSISCL,length1,105
2,711871,711847,24,MAHSSCEN,length1,24
2,712690,712687,3,M,length1,3
2,713221,713209,12,MVSR,length1,12
2,713677,713674,3,M,length1,3
2,713731,713686,45,MVDFSSIIPSFIDFK,length1,45
2,714373,714352,21,MIRIEQI,length1,21
2,714892,714871,21,MREINSS,length1,21
2,715267,715231,36,MGIFCFTLTILT,length1,36
2,715480,715477,3,M,length1,3
2,715591,715543,48,MVSLLRLIIYLRHKSL,length1,48
2,715879,715867,12,MLPP,length1,12
2,716053,715963,90,MFDDDQYHHSLSQLFYVLHDEAIFARLKVR,length1,90
2,716692,716677,15,MQVHR,length1,15
2,717013,716941,72,MRHQSLYHQIQLSSLIYRAQRKLV,length1,72
2,717283,717190,93,MDEWRTSPLPFLFSPLSQDQLLPLWRFSLLG,length1,93
2,717430,717328,102,MDVLQQCLNNSRRKRYLDAWCKPPLFRWYLQHQR,length1,102
2,717943,717898,45,MVAIRFCLACVDNEK,length1,45
2,718009,718000,9,MGT,length1,9
2,719092,718375,717,MIELDQTNIPKHVAIIMDGNGRWAKQKNKMRIFGHTNGVTAVRKAVAYARQIGVEVLTLYAFSSENWSRPEQEISALMSLFMQALDREVKKLHKNNICLKIIGDVSRFSETLQEKIKKAENLTEKNTALTLNIAANYGGCWDIIQAAKQIAEKVKKEEMSVSDINNSTFQHHLATQNAPPVDLLIRTSGEQRISNFLLWQIAYAELYFSDVLWPDFNQLEFNRAIASYQQRHRRFGGTE,length1,717
2,719383,719344,39,MQGVCLNNIFSFY,length1,39
2,719410,719389,21,MLLAGGV,length1,21
2,719707,719551,156,MILITAYFYYFTYLYLFGRLILVLILADAPLANVNLPLKYRQVKVGKGSLVA,length1,156
2,719911,719899,12,MAVY,length1,12
2,720088,720055,33,MVTFGQRESAV,length1,33
2,720172,720148,24,MVQNLRFQ,length1,24
2,720193,720190,3,M,length1,3
2,720220,720205,15,MDVMK,length1,15
2,720373,720349,24,MECQRLNQ,length1,24
2,720568,720448,120,MAKKLKIGKPSICYLQQKWGSLMLRLAFLLSILILNNNGL,length1,120
2,720835,720811,24,MEKHLTKS,length1,24
2,720889,720856,33,MANGLLGLAQP,length1,33
2,720922,720904,18,MNTVLN,length1,18
2,720985,720928,57,MVFLNLYKKALKKQDSFPF,length1,57
2,721183,721171,12,MAVI,length1,12
2,723718,721300,2418,MIFYVYNLYRIQSMKKLLIASLLFGTTTTVFAAPFVAKDIRVDGVQGDLEQQIRASLPVRAGQRVTDNDVANIVRSLFVSGRFDDVKAHQEGDVLVVSVVAKSIISDVKIKGNSIIPTEALKQNLDANGFKVGDVLIREKLNEFAKSVKEHYASVGRYNATVEPIVNTLPNNRAEILIQINEDDKAKLASLTFKGNESVSSSTLQEQMELQPDSWWKLWGNKFEGAQFEKDLQSIRDYYLNNGYAKAQITKTDVQLNDEKTKVNVTIDVNEGLQYDLRSARIIGNLGGMSAELEPLLSALHLNDTFRRSDIADVENAIKAKLGERGYGSATVNSVPDFDDANKTLAITLVVDAGRRLTVRQLRFEGNTVSADSTLRQEMRQQEGTWYNSQLVELGKIRLDRTGFFETVENRIDPINGNNDEVDVVYKVKERNTGSINFGIGYGTESGISYQASVKQDNFLGTGAAVSIAGTKNDYGTSVNLGYTEPYFTKDGVSLGGNVFFENYDNSKSDTSSNYKRTTYGSNVTLGFPVNENNSYYVGLGHTYNKISNFALEYNRNLYIQSMKFKGNGIKTNDFDFSFGWNYNSLNRGYFPTKGVKANLGGRVTIPGSDNKYYKLSADVQGFYPLDRDHLWVVSAKASAGYANGFGNKRLPFYQTYTAGGIGSLRGFAYGSIGPNAIYQDPSNKKFTRVSSDVVGGNAIATATAELIVPTPFVSDKSQNTVRTSLFIDAASVWNTKWKSDKNGLESNVLKDLPDYGKSSRIRASTGVGFQWQSPIGPLVFSYAKPIKKYENDDVEQFQFSIGGSF,length1,2418
2,723964,723889,75,MLQLKKKLLLLMQVIFFNITQIAKR,length1,75
2,723997,723979,18,MLNLNL,length1,18
2,724063,724033,30,MIKLLLLVKK,length1,30
2,724150,724093,57,MHLAYVKLIFKNAKRKLIN,length1,57
2,724183,724165,18,MLDYKN,length1,18
2,724264,724228,36,MKNVKLKNVVNY,length1,36
2,724351,724318,33,MCLMQIQLYLP,length1,33
2,724591,724504,87,MLLLRISRHSIKPNQINLLLFLTQNFVHY,length1,87
2,724702,724633,69,MLNTVLQKAIYLLLKILMWLTQF,length1,69
2,724780,724768,12,MAFY,length1,12
2,724813,724789,24,MYLLVRTQ,length1,24
2,724948,724915,33,MSLFTITLRLA,length1,33
2,725038,724987,51,MVLVMQMIVVVGLKSHK,length1,51
2,725131,725107,24,MPRLLKIM,length1,24
2,725221,725164,57,MFISALVQRLQVALLWQAV,length1,57
2,725293,725266,27,MVIWKFVIK,length1,27
2,725434,725416,18,MAYINA,length1,18
2,725791,725716,75,MKLETEVFTDFKKSPTDTEGSITNA,length1,75
2,726346,726094,252,MFSPILATNAARFSSNCACNASIVVPLFAAAKSATSFAKPKKPASFATKSVSQFISTNTPKPFSTRARITPSAATRPAFLAALA,length1,252
2,726856,726829,27,MFVVCTDNE,length1,27
2,727651,727585,66,MPLRLVSKHGFFHLLNLKPCMN,length1,66
2,727747,727681,66,MIGLKRLFEPISIAFALFSVMI,length1,66
2,727831,727804,27,MAGSYRMFL,length1,27
2,727876,727867,9,MDR,length1,9
2,727951,727906,45,MKGKRASNHIEMTFW,length1,45
2,728128,728107,21,MPSRTTA,length1,21
2,728473,728383,90,MNDHLIFLLQFSHLEFLLFLYLMLLYQDAV,length1,90
2,728575,728479,96,MVLVSNIFLLFHSKNRVKLLHLTVLDPMFVLP,length1,96
2,728632,728620,12,MLLD,length1,12
2,728977,728956,21,MFGRQFD,length1,21
2,729169,729148,21,MSLVLHY,length1,21
2,729592,729424,168,MVLYPLQADGETLIQTSSHQQQTPPLPLKVRQFPLLMQHLKRPIMRPLSSFHEYVL,length1,168
2,729751,729661,90,MLYQLIPNQYVVSLLSNGEQEKRQKPKVVQ,length1,90
2,729802,729772,30,MSKLRVVLLT,length1,30
2,729925,729880,45,MILLLLILINKYPKK,length1,45
2,730159,730099,60,MDQSNNLPLNNLAHSPTRVF,length1,60
2,730198,730186,12,MRVK,length1,12
2,730513,730423,90,MRAAQPKNLLAPLAQKVRQSIHLPDKRKKK,length1,90
2,730771,730768,3,M,length1,3
2,730915,730900,15,MRRSE,length1,15
2,731341,731317,24,MRSHKLSS,length1,24
2,731773,731743,30,MRIKPSSKER,length1,30
2,732319,732208,111,MSSIIALNLYCSFSNITSVRSSRIIGRFVGITTVSKP,length1,111
2,732556,732463,93,MAWCKPSDQRRPAIVRPVCSSTITISPSFTM,length1,93
2,733552,733519,33,MLIISLFKYIS,length1,33
2,734026,734008,18,MSFTGG,length1,18
2,734488,734401,87,MLSLFFSPRVFSEKMYSIFDYTLLPIRQM,length1,87
2,734587,734566,21,MHRTQGV,length1,21
2,734704,734635,69,MSHKACYSVGDNFEYFSRHYAKR,length1,69
2,734977,734926,51,MRLIANDFKIIHRDPSF,length1,51
2,735151,735085,66,MRIHNFMICLAGFFARDLSHKR,length1,66
2,735229,735226,3,M,length1,3
2,735316,735256,60,MRVHTRTKTTKIKFPRVKKS,length1,60
2,735562,735457,105,MRICKPSCIYIRISIPSFRAKCAEISGIVISTNIT,length1,105
2,735781,735670,111,MLTCTFISNPLPFTNNAATKIKILLHKNLLFYDRTFA,length1,111
2,736045,736033,12,MTRQ,length1,12
2,736378,736306,72,MIEIIEKYIANTSANKHPHKTIEK,length1,72
2,736975,736849,126,MPRAVKNGTINPPPPIPAALDAIPIKIPPITEARGVSGFVVT,length1,126
2,737152,737068,84,MNKPQIKTENIITGAKMRTACQTMLPNL,length1,84
2,737488,737173,315,MPVITMVANDVPSAVDINKDSGTSTIGSKYTNVGTITNPPPIPNNPARKPANAPTSKQRRIKVNIIGLLIYKNGVSCILPENIFCLPNNAVNLLHEMRKILVDCP,length1,315
2,738094,738064,30,MHCHRTIFIA,length1,30
2,738586,738556,30,MIGDLFYYWN,length1,30
2,738877,738856,21,MDIINSK,length1,21
2,738967,738961,6,MI,length1,6
2,739099,738973,126,MATRCNRTRSHDHYTKSIIMQLCNLTNDFHHMWRIQFWRTLS,length1,126
2,739252,739192,60,MKNHLISGIVTANFRGIYDI,length1,60
2,739474,739465,9,MER,length1,9
2,739900,739825,75,MTFHFIFDSFKYPIFKHYPKSGKTL,length1,75
2,740083,740059,24,MLMWAVIK,length1,24
2,740113,740110,3,M,length1,3
2,740164,740125,39,MLTIWIKSMQVIF,length1,39
2,740242,740176,66,MIPMRNLVSNRPKAISPMLYVR,length1,66
2,740305,740293,12,MKFL,length1,12
2,740461,740422,39,MPLKINWLLIRLY,length1,39
2,740506,740500,6,MQ,length1,6
2,740626,740566,60,MAMWRVVMFKLGKPFQWVAR,length1,60
2,740659,740644,15,MNKCG,length1,15
2,740761,740755,6,MA,length1,6
2,740872,740767,105,MVLKWGLAMHFLFCPHKMLRVTGLKWCNAYLCELN,length1,105
2,741028,741013,15,MMKVR,length1,15
2,741253,741193,60,MWQFLLLRAILAHLLVKVRG,length1,60
2,741295,741277,18,MRFLFQ,length1,18
2,741631,741613,18,MFRSVC,length1,18
2,741802,741787,15,MKSLY,length1,15
2,741868,741856,12,MTIL,length1,12
2,742129,742123,6,MQ,length1,6
2,742183,742180,3,M,length1,3
2,742558,742525,33,MKYFGYQLWDS,length1,33
2,743257,743239,18,MLTLLF,length1,18
2,743560,743533,27,MQVMLKKVG,length1,27
2,743719,743665,54,MVCVQLRHSYIPQARRTR,length1,54
2,743878,743806,72,MELSQLPLQQLSLELDANALLPRE,length1,72
2,744022,744004,18,MLFLRC,length1,18
2,744085,744052,33,MHHLRLMVRKS,length1,33
2,744163,744154,9,MQK,length1,9
2,744211,744172,39,MRCLLGLIDVLQI,length1,39
2,744310,744286,24,MYPALVQH,length1,24
2,744376,744346,30,MMLAEFLISY,length1,30
2,744409,744391,18,MALIDH,length1,18
2,744478,744412,66,MQLNNNFGNFLAISDHLVLPAK,length1,66
2,744829,744787,42,MLILTLLELILLFH,length1,42
2,744886,744883,3,M,length1,3
2,745015,744976,39,MVALHFECNPHLR,length1,39
2,745039,745018,21,MARYQLQ,length1,21
2,745075,745042,33,MRLYLHLALIH,length1,33
2,745147,745096,51,MGALRKSRPQKPALIYD,length1,51
2,745234,745225,9,MLV,length1,9
2,745300,745282,18,MPQHQK,length1,18
2,745351,745342,9,MCR,length1,9
2,745474,745456,18,MEFLPL,length1,18
2,745981,745975,6,MK,length1,6
2,746215,746164,51,MHIQLHQIPVLRQHPQW,length1,51
2,746437,746356,81,MLTLLHSLWLTHLLTRLQDRYLISFLL,length1,81
2,746575,746527,48,MLGLNSHLPLDMRYSL,length1,48
2,746863,746743,120,MCRLYCTHNVFFNPFHKTSITNTLLTACNNFISRFNFISL,length1,120
2,747142,747103,39,MPIFRIKSSLNIN,length1,39
2,747247,747244,3,M,length1,3
2,747889,747886,3,M,length1,3
2,747928,747907,21,MLSLTHV,length1,21
2,748636,748564,72,MDVHFIYFLFFGKLKNKKRNNTYL,length1,72
2,748690,748663,27,MINKGGYKK,length1,27
2,748771,748702,69,MQSKLTALFIIKSRCRMRLPYFV,length1,69
2,749641,749575,66,MTRPVVPIKISTPRSITCSCLS,length1,66
2,750352,750133,219,MLHPSLTFGSIAKSAVSLGIAFSSAAHSPRSINWQRLLQKGRKVLSFIQGTDFWQIGQGTSIISSGIFIFRLL,length1,219
2,750682,750679,3,M,length1,3
2,750736,750715,21,MVKHSLS,length1,21
2,750802,750787,15,MFNNF,length1,15
2,751207,751180,27,MVYLHGCQK,length1,27
2,751255,751213,42,MVFADRLVQHFYSL,length1,42
2,751309,751273,36,MPHQLLYLLILV,length1,36
2,751453,751444,9,MLL,length1,9
2,751774,751489,285,MDHLDLQGIRMIVIFCRFLHRHKMKELNHHADRPTFYGLLLSQHVHEGVDLDINPLQLIPLHAPYPQINTHQLHLRFHAFSPNPQLVNKPRNQQR,length1,285
2,751840,751795,45,MLFDEHLHNQLSHPQ,length1,45
2,752125,751957,168,MHHTPQHSLVIQSAVEHSRNLHQIILSHGQLLTVPQCPHTHNHRNNVYLDSLPHIY,length1,168
2,752185,752179,6,MQ,length1,6
2,752299,752296,3,M,length1,3
2,752332,752305,27,MADSLTVYG,length1,27
2,752443,752407,36,MNILLFTIRFYF,length1,36
2,752560,752554,6,MK,length1,6
2,752704,752698,6,MI,length1,6
2,752764,752752,12,MVNL,length1,12
2,752887,752869,18,MTPSMM,length1,18
2,752914,752899,15,MITII,length1,15
2,753061,753037,24,MHIIPSLS,length1,24
2,753298,753292,6,MT,length1,6
2,753394,753373,21,MIKRNIR,length1,21
2,753604,753499,105,MGFCCIRSNKNIHHHSIKNKVKNPRKFIYFSFYET,length1,105
2,753790,753757,33,MYIINNNTYCK,length1,33
2,754180,754168,12,MSRR,length1,12
2,754663,754645,18,MPLTVG,length1,18
2,754690,754681,9,MRL,length1,9
2,755020,754822,198,MTIKLASSPSRNSSITTRLPASPKALPESISRTASSASCNVIATITPLPAAKPSALTTIGVPFSRK,length1,198
2,755239,755215,24,MVNPICLS,length1,24
2,755425,755404,21,MMRMFML,length1,21
2,755512,755437,75,MPNLKKVRLFFTCNSPSFVKRGIVR,length1,75
2,755728,755665,63,MGRTHQMPSHNLPRSSLHPVL,length1,63
2,756247,756232,15,MDWHV,length1,15
2,756430,756394,36,MPHFDGRFRRNA,length1,36
2,756586,756580,6,ML,length1,6
2,757378,757285,93,MKLQLNYFLKNLLSKAQAPAPENTKYRKRSE,length1,93
2,757645,757522,123,MEPTISITPATSSIGSPTAPFPPVIEIGNSKNFAVPCKINI,length1,123
2,758797,758731,66,MVNKPNIERARATNKIESPIIT,length1,66
2,758863,758833,30,MAATARPNKV,length1,30
2,758881,758875,6,MP,length1,6
2,759259,759244,15,MPSIE,length1,15
2,759775,759703,72,MIALIAYAKISIRMENGYSKNSRC,length1,72
2,760600,760555,45,MKVAGERGIDPTPTM,length1,45
2,760834,760618,216,MAGTVTGRTLGEIHFRNGRRRRKRAVNFSIVFQTLRQKDRGKRQSIVSVEIIYFLRHFLFHCIFSSSCRVYF,length1,216
2,762226,760858,1368,MTIESILSAIDSFIWGAPLLILLSGTGLYLTLRLGFIQIRYLPRALGYLFKKDKGGKGDVSSFAALCTALAATIGTGNIVGVATAVQAGGPGAIFWMWLVALLGMATKYAECLLAVKYRVRDKNGFMAGGPMYYIERGLGIKWLAKLFALFGVMVAFFGIGTFPQVNAITHAMQDTFNIPVLVTAIIVTLLVGLIILGGVKRIATASSVIVPFMAILYVTTSLVIILLNIEKVPDAILLIIDSAFDPQAALGGAVGFTVMKAIQSGVARGIFSNESGLGSAPIAAAAAQTREPVRQGLISMTGTFLDTIIVCTMTGIVLVLTGAWNNPELAGATVTNYAFAQGLGTSIGATIVTVGLLFFAFTTILGWCYYGERCFVYLVGIRGVKLYRLAYIMLVGLGAFLHLNLIWIIADIVNGLMAFPNLIALIGLRKVIIEETKDYFQRLKINHYDQDEVIK,length1,1368
2,762775,762715,60,MEYQIFLQNGYFLLYESNIL,length1,60
2,762925,762826,99,MQELLPSLRQSKAHNKNAKGAYCVHLATQVFHE,length1,99
2,763231,763213,18,MLSHNS,length1,18
2,763324,763309,15,MTHSV,length1,15
2,763849,763816,33,MNKFNKSSTSN,length1,33
2,764434,764404,30,MVKMLKLVHQ,length1,30
2,765115,765064,51,MVSFHYCCSFIIGFTCL,length1,51
2,765841,765811,30,MRGNFIRDWT,length1,30
2,766993,766951,42,MGRLSSRTTSGASI,length1,42
2,767284,767239,45,MQNLYELSLLLQFLD,length1,45
2,767653,767578,75,MILITLNLLKFAHQSLSPQQPINHY,length1,75
2,767776,767728,48,MPLLYLPPPQLEQNQY,length1,48
2,767800,767794,6,MN,length1,6
2,767899,767827,72,MVNARKVHFLLVLIGKDSSRDHHP,length1,72
2,768247,768196,51,MLPHPYRFALCSFHHLV,length1,51
2,770536,770224,312,MNSMLLLKSLQQLEYLLILLEEDRKDFYPSHRLGGFCLPRHQDLPLIMQQMLNMGLPMDLGNALLRESLSDWLQQEYELRLNDCLQSKPTILVLHNQALNVYMN,length1,312
2,770809,770746,63,MPHFAPHIYRFEFHPLLKLAY,length1,63
2,771034,770965,69,MGDKRYCLLHIFYSCSKQLLYHQ,length1,69
2,771283,771250,33,MDRQPPFQLLA,length1,33
2,771745,771640,105,MNGTICPINQSINQSINQSINQSINQSIKACHYCR,length1,105
2,772378,772375,3,M,length1,3
2,774592,772744,1848,MKNEIDIKKLRNIAIIAHVDHGKTTLVDKLLQQSGTFESARGDVDERVMDSNDLEKERGITILAKNTAINWNDYRINIVDTPGHADFGGEVERVLSMVDSVLLVVDAFDGPMPQTRFVTQKAFAHGLKPIVVINKVDRPGARPDWVVDQVFDLFVNLGASDEQLDFPIIYASALNGVAGLEHEDLAEDMTPLFEAIVKYVESPKVELDAPFQMQISQLDYNNYVGVIGIGRIKRGSIKPNQPVTIINSEGKTRQGRIGQVLGHLGLQRYEEDVAYAGDIVAITGLGELNISDTICDINTVEALPSLTVDEPTVTMFFCVNTSPFAGQEGKYVTSRQILERLNKELVHNVALRVEETPNPDEFRVSGRGELHLSVLIENMRREGYELAVSRPKVIYRDIDGKKQEPYEQVTIDVEEQHQGSVMEALGIRKGEVRDMLPDGKGRVRLEYIIPSRGLIGFRGDFMTMTSGTGLLYSSFSHYDEIKGGEIGQRKNGVLISNATGKALGYALFGLQERGKLMIDANVEVYEGQIIGIHSRSNDLTVNCLQGKKLTNMRASGKDDAIVLTTPVKFSLEQAIEFIDDDELVEVTPESIRIRKKLLTENDRKRANRTTTSTSTH,length1,1848
2,774745,774670,75,MLNLLRRKSFSNPIITFFTITNAIM,length1,75
2,774865,774835,30,MFSSNQCGFC,length1,30
2,775267,775204,63,MNCFFLPLFKLRNWIFMAIML,length1,63
2,775444,775402,42,MQSTLAIIRNMRII,length1,42
2,776212,775507,705,MKLTSPIFNDQQKRRAIIWLSFFHIFIIAASNYFVQIPFEITLKLTALGAANDFSFHSTWGTLTFPFIFLATDLTVRIFGAEDARKIIFVVMFPALIVSYVISVLFSESKFQGFESLTHFDLFVFRIAIASFAAYVVGQLLDVIVFNRLRQLKTWWVAPTSSMTFGSMADTFVFFSIAFYQSADPFMAEHWAQLGFVDYLFKLFIGIILFVPAYGVVLNVILRKLQMLVTERVPA,length1,705
2,776533,776524,9,MHR,length1,9
2,776551,776542,9,MKF,length1,9
2,776584,776572,12,MKSK,length1,12
2,776632,776620,12,MMAN,length1,12
2,776674,776656,18,MPYQKN,length1,18
2,776803,776734,69,MAKRMIYSFQTIKCKESCMEILS,length1,69
2,776923,776920,3,M,length1,3
2,777055,776932,123,MTAELAEIFSCLMNIVMVLAWDKLWLSSCKNVLPVLTSQLA,length1,123
2,777367,777244,123,MAKMRGILMMPFIVKNMAKAGNFGWRLRMLVITYVYVPLWM,length1,123
2,777547,777538,9,MKR,length1,9
2,777646,777604,42,MKNYALVILRWCLI,length1,42
2,777814,777742,72,MQWGELSVLNPLFVTMPTKSLRNV,length1,72
2,777907,777883,24,MPPRAKKN,length1,24
2,777994,777982,12,MLLS,length1,12
2,778054,778021,33,MNLFKQCCYVH,length1,33
2,778153,778114,39,MHTLLRQFAVILT,length1,39
2,778279,778246,33,MKWIYLAITVQ,length1,33
2,778387,778351,36,MSVANLAVLFHL,length1,36
2,778438,778417,21,MIYSSMV,length1,21
2,778498,778480,18,MQQNSV,length1,18
2,778726,778720,6,MF,length1,6
2,778780,778774,6,MN,length1,6
2,779548,778810,738,MSEQIYGIHAVNSILTHSPERLIEVFVLKRREDKRLQPLLNELYSLGIGVQFVNRQTLDKKADGEVHQGVIARVQAAKELNENDLDEILANKQNPLLLVLDGVTDPHNLGACLRTADAAGAVAVIVPKDKSAQLTSIARKVACGAAETVPLIRVTNLSRTLRDLQQNHNIWVVGTAGEATETIYQSKLTGPLALVMGAEGEGMRRLTREHCDQLISIPMAGSVSSLNVSVATGVCLFEIARQRLGS,length1,738
2,779755,779713,42,MDVHHKLGHTPLHQ,length1,42
2,780247,780148,99,MDDDEQPQLNNRLLHSRHSLEAHPLNERHCAFP,length1,99
2,780376,780358,18,MNQLGD,length1,18
2,780901,780874,27,MPVVPILIG,length1,27
2,781729,781426,303,MRPYLMKAHVYFSNLLALRRLRYAVPSLRQSPFSLHLVHQLTQGYFWYDVVILEWLDEFLHHAQLQDQVCHFLHERLNQSYIFQELVCFLLHFDRSRFVPL,length1,303
2,782266,782239,27,MKYFDFIYQ,length1,27
2,782545,782536,9,MPN,length1,9
2,782902,782854,48,MKGEDRTQSAAAGSSP,length1,48
2,783205,783175,30,MRFFCNTNIF,length1,30
2,783217,783211,6,MI,length1,6
2,783709,783589,120,MPTFFSLKRDFYGPNCNKSACASGWFFLFISCISCLSFFN,length1,120
2,786775,786430,345,MNLERLNEIEKPLLHIVKHDVVPALGCTEPISLALASATAAKYLGKTPERIEVKVSPNLMKNGLGVAVPGTGMVGLPIAAAMKVLSNTILIELLIISALLHQKVCSISTDRLSKL,length1,345
2,787033,787030,3,M,length1,3
2,787537,787516,21,MFCHHYI,length1,21
2,787789,787738,51,MQSIILKLKLFNIFFTE,length1,51
2,787876,787846,30,MNYLPSTLTP,length1,30
2,788767,788725,42,MLMTKRSKGVLPFQ,length1,42
2,788797,788791,6,MA,length1,6
2,789637,789535,102,MVKRWSYLHQQEISIRYKQISLFLNKKILWIITN,length1,102
2,789742,789721,21,MKLKKYS,length1,21
2,789772,789745,27,MPVVSNHLR,length1,27
2,789859,789805,54,MTQQYQIQSQLAVQYLIR,length1,54
2,790216,790036,180,MKLTWFYNPNDLKFVQLIFSTSQKLTQSVLIASQTFQHCNRKIIGTSKAIKRAHQMQIIG,length1,180
2,790297,790246,51,MYEFGKGIKVKWHFHCF,length1,51
2,790468,790420,48,MQRVKNLSNLISLPCP,length1,48
2,790525,790492,33,MPKFLAHQLEY,length1,33
2,790840,790810,30,MSQILPQPKR,length1,30
2,790879,790855,24,MQQLKNKR,length1,24
2,791170,791047,123,MVQPIFNKIGNLRNAVNIQQSAVNFKGIIRCNCEHIFVNFG,length1,123
2,791245,791194,51,MEQNLWNWLLFKAFHQH,length1,51
2,791434,791416,18,MAMFNH,length1,18
2,791713,791671,42,MPSPIVSHILFSLH,length1,42
2,791911,791893,18,MGNLNN,length1,18
2,792244,792163,81,MPTTTSTFLLIQFQQFDLRVMALMFPH,length1,81
2,792307,792289,18,MFHNCF,length1,18
2,792520,792430,90,MIFRFTAKVRLFSTKKFRIVRTLHDHTFFS,length1,90
2,792604,792574,30,MLEYTHFLFY,length1,30
2,792760,792622,138,MRIHWIEINHIGIIAIRIKFINMLNIQQVQILLQHLADFLILISTI,length1,138
2,792805,792793,12,MAFY,length1,12
2,793111,793069,42,MNNVVFSTKCDQFC,length1,42
2,793192,793159,33,MSHRPLSMWSV,length1,33
2,793303,793225,78,MRCVFDSSTRLSHSVCGLQEIYKMRS,length1,78
2,793378,793363,15,MVLHS,length1,15
2,794035,794005,30,MLAIGNSSTR,length1,30
2,794119,794113,6,MR,length1,6
2,794557,794533,24,MRRNLFLL,length1,24
2,794593,794587,6,ML,length1,6
2,795046,794962,84,MPPSNCSAVMPFDKKIARISSIDFKASF,length1,84
2,796684,796678,6,MA,length1,6
2,796720,796714,6,MP,length1,6
2,797104,796999,105,MVSRQSYLPFLHQYQTIYAQWVLLPLLKFDWQILK,length1,105
2,797227,797194,33,MRLHLGISLIQ,length1,33
2,797584,797542,42,MKNSRIFINNIFQS,length1,42
2,797944,797935,9,MIT,length1,9
2,798070,798064,6,ML,length1,6
2,798421,798412,9,MIA,length1,9
2,798520,798502,18,MISKFR,length1,18
2,798580,798574,6,MA,length1,6
2,798859,798835,24,MRRDECCG,length1,24
2,799081,799045,36,MQIKTIENGGIK,length1,36
2,799348,799207,141,MPEQTHKEIKFSCESIWPVNDKGITCANKNSNNDIKKGKPMAPRNFS,length1,141
2,799609,799444,165,MLELMPHVEFVARWWLINYLPCYPMRLRIDLQGLYVFLILRSYRLQSHLIEHQNI,length1,165
2,800764,799750,1014,MSITVNQIVLHQLVKNVDGDSIKMESVLRDELLSITPEVEQMMLQLHQGYQNKAKAFGVFQEKSIFAQHLNRLLEQEIEFLGFSQYSTKLLADELGKYNFAESGTLILCQYNFLATDYLFIALLDSRHSMLVDEHLDIRRTEYLDITQFDIAARINLTDLQVNANSNRYLTFIKGRVGRKISDFFMDFLGAEEGLNPQVQNQCLLQAVSDYCDQGELNKEQTQAVKKQVFEYCKGQLSNGNNIELRELSDSLPTLNEQPFVVFTEEQNYGLEESIPPIRSTLKSLTKFSGSGKGVTLSFDAELLNTRIQWDPMTDTLTIKGLPPNLKDQLQKALQSEN,length1,1014
2,800941,800920,21,MYRKATI,length1,21
2,801106,801076,30,MKRQFNILSQ,length1,30
2,802093,801988,105,MKLGYFFNLNQLTIQTFLMFWFSFFHNDEPCDHCT,length1,105
2,802426,802273,153,MTSLIFSQSKAIIIKRSIPNATPEASGIPASKAARKRSSISRVGNSHFCLC,length1,153
2,803521,803359,162,MAQCPHNITLLGDLFLLSIDWRISCKQLMSILRLLVLVAVVYVQRLPQQKQILT,length1,162
2,803674,803671,3,M,length1,3
2,803764,803755,9,MAM,length1,9
2,803905,803890,15,MNTSY,length1,15
2,803950,803920,30,MMTMLVVWLQ,length1,30
2,804055,803983,72,MPMRLLLQLVVVVVHLNLIPMAAL,length1,72
2,804235,804205,30,MAIAIFKITV,length1,30
2,804376,804364,12,MWCI,length1,12
2,804436,804409,27,MSVCHSFVN,length1,27
2,804457,804448,9,MKV,length1,9
2,804565,804469,96,MNQFQFVQLFTTPWAVLKSISIAKHVSKVYLL,length1,96
2,804607,804592,15,MVQIV,length1,15
2,804694,804661,33,MRHNVQLKLNR,length1,33
2,804742,804712,30,MLKQKMLLLA,length1,30
2,804808,804769,39,MNLGLKSVMKWVP,length1,39
2,804970,804937,33,MYFTPLSWVTF,length1,33
2,805039,804973,66,MLHNLLQIQRLNVKNLVVLTNA,length1,66
2,805072,805060,12,MSII,length1,12
2,805132,805096,36,MRMVRRALNTVR,length1,36
2,805990,805222,768,MANSPVMNVEVLRYNPEIDQEPHLSTYQVPYDNQTSLLDALGYIKDKLEPSLSYRWSCRMAICGSCGMMVNNKPKLACKTFLRDYSGHMRIEPLANFPIERDLVVDLSHFIESLEAIKPYIIGNEAPALDGKPHPSKELQVSRTKQTPAQLEKYRQFSMCINCGLCYAACPQFGLNPEFLGPAAITMAHRYNLDNRDHGKAKRMSLLNGKNGVWSCTFVGYCSEVCPKHVDPASAINQGKVESAKDYVISMLKPKG,length1,768
2,806203,806122,81,MVLYCIALWCSLSCKQSNARLRHIELY,length1,81
2,806569,806467,102,MVNVRCRWHSECNFSSCRYSNHRFVITIWFSRCA,length1,102
2,806782,806776,6,ML,length1,6
2,807265,807244,21,MPLGFLC,length1,21
2,807391,807346,45,MKSQLIECLERYFLG,length1,45
2,807478,807472,6,ME,length1,6
2,807721,807616,105,MRSRCCFIHCIKSGSIVLIILEPRVIVAALVFRFC,length1,105
2,807952,807913,39,MLPFHTIKLVHLV,length1,39
2,808219,808207,12,MCGT,length1,12
2,809608,809599,9,MLY,length1,9
2,810160,810085,75,MLFLTLGYFHGESCESDHYYQLQQK,length1,75
2,810703,810661,42,MADINIHQHANNKE,length1,42
2,811231,811129,102,MKILSNAVKMPITISNIALLENALNWKIRIGTRK,length1,102
2,813130,812986,144,MFINILPRVAKFLLAMFLRFQRYLLIYRYSLLKCDQSHPVILAFLMKS,length1,144
2,813325,813316,9,MVF,length1,9
2,813430,813424,6,MN,length1,6
2,813502,813487,15,MQSHY,length1,15
2,813691,813679,12,MVDF,length1,12
2,813994,813979,15,MLVHP,length1,15
2,814273,814267,6,MF,length1,6
2,814351,814348,3,M,length1,3
2,816217,816181,36,MLMPITNKHFRG,length1,36
2,816310,816256,54,MFITFNNTVNDYHSLHSI,length1,54
2,816322,816316,6,MA,length1,6
2,816379,816349,30,MYNKRTTTLT,length1,30
2,816484,816415,69,MMITNTDKNRFLMRFCYFIHRFH,length1,69
2,817969,816922,1047,MTALFEPTEHPHRRYNPLIDQWVLVSPHRAKRPWQGQQEKVNEEQKPSYDPTCYLCPSNKRITGELNPDYRKPYVFKNDFSALLEDTPAPEKSSDPLFQSSQARGESRVICFSPDHSKTLPLLTALEIEEVIKVWQEQLRELGAKYQWVQIFENKGAAMGCSNPHPHGQIWANSFLPNEVAREDRTQRDYLLKHGSVMLVDYVKRELALKERIVVETEHWVALVPYWAIWPFETLLLPKTHVKRLTELSDEQSKDLAVILKKLTTKYDNLFETSFPYSMGFHAAPFNGEDNEHWQLHAHFYPPLLRSATVRKFMVGYEMLGENQRDLTAEQAAERLRALSEVHYKERTK,length1,1047
2,818401,818314,87,MGQLRAWGGKIYPRTLPALSTRCKFSDFW,length1,87
2,818734,818731,3,M,length1,3
2,820150,820132,18,MFTRYA,length1,18
2,820222,820162,60,MAKLRRNSKSKRAILSMDRV,length1,60
2,820951,820405,546,MLISHSDLNQQLKSAGIGFNATELHGFLSGLLCGGLKDQSWLPLLYQFSNDNHAYPTALVQPVTELYEKISQTLSDVEGFTFGLGLTEDENVFAQADSLSDWANQFLLGLGLAQPELAKEKGEIGEAVDDLQDICQLGYNEDDNEEELAEALEEIIEYVRTIAMLFYSHFNEGEIESKPVLH,length1,546
2,821137,821092,45,MIVPILSVKIAIFGI,length1,45
2,821176,821149,27,MNRMQHCYY,length1,27
2,821257,821245,12,MVAD,length1,12
2,821290,821287,3,M,length1,3
2,821341,821293,48,MKPILLKNSLPYCQKY,length1,48
2,821416,821365,51,MCQKFILGVIHWCQKVR,length1,51
2,821494,821482,12,MKSA,length1,12
2,821698,821572,126,MKLKAIFCMNLIAIAQDFLLTIPLLQEEITPVFCTTQKMIAH,length1,126
2,821713,821701,12,MMGI,length1,12
2,821779,821749,30,MQAILPALFL,length1,30
2,821821,821782,39,MENLASLNVKFTS,length1,39
2,821920,821887,33,MMKLFVLKPKD,length1,33
2,822001,821947,54,MWIHLLNNKLISNFICTD,length1,54
2,822034,822022,12,MCMM,length1,12
2,822082,822043,39,MDKISNGYSKSAW,length1,39
2,822175,822118,57,MLMCQSNTKALVCALRTIY,length1,57
2,822202,822187,15,MVIKS,length1,15
2,822922,822913,9,MQK,length1,9
2,822970,822949,21,MGNKDSF,length1,21
2,823099,823066,33,MIRLCFSRTLG,length1,33
2,823201,823114,87,MYSLEWINALILEPPPHNVACVLVVSITT,length1,87
2,823312,823207,105,MLVIPRVTILSLKCSVTSVLVITLNRMRLILLGNI,length1,105
2,823633,823366,267,MKLTTKPIIFGIKMLVFLLNALFALVTIKAHLTHQTTSGQWATQVLAVLVLKFSTITAIIFGADLQAHQKKMATVILKSGTLCLCSSTV,length1,267
2,823690,823639,51,MAQWKNYLVRLLIQVWV,length1,51
2,823720,823717,3,M,length1,3
2,823939,823858,81,MALSHQMKGVVMSYVVLFAAQFVTVIY,length1,81
2,824014,824011,3,M,length1,3
2,824053,824032,21,MLKNYYV,length1,21
2,824122,824104,18,MKHFLK,length1,18
2,824191,824128,63,MAFFQVKLHSNFMILMVSHWI,length1,63
2,824323,824200,123,MYAVSVTLLLMNKRLTVKWKHNVLVLKQRASLVWTTTALFV,length1,123
2,824359,824326,33,MAKLSLKAILK,length1,33
2,824422,824392,30,MMVNQWKVSK,length1,30
2,824503,824464,39,MQNQVVRLAIADI,length1,39
2,824530,824527,3,M,length1,3
2,824578,824548,30,MGKYLDTLGN,length1,30
2,824701,824614,87,MRLWTLNVATTHHSITQRHTYCTLPYVKF,length1,87
2,824935,824914,21,MAIRFVY,length1,21
2,825109,825073,36,MPLTGYIINNAF,length1,36
2,825310,825304,6,MV,length1,6
2,825346,825340,6,MI,length1,6
2,825421,825394,27,MKKLISSLE,length1,27
2,825433,825427,6,MI,length1,6
2,825580,825544,36,MWHKQLKWHKTG,length1,36
2,825691,825652,39,MQTKEIKDVNLNS,length1,39
2,826078,826006,72,MCSCWHKRNCAGNTFIKKCYRKPF,length1,72
2,826246,826222,24,MRSSFSRK,length1,24
2,826873,826795,78,MDKMKDFVHFCFIINIEYCFMNKYAQ,length1,78
2,828280,826909,1371,MALWGGRFTQAADKRFKDFNDSLRFDYRLAEQDIQGSIGWSKALVKVNVLTVEEQHQLEQALNELLVEVRSNPQAILQDDAEDIHSWVESKLIDKVGNLGKKLHTGRSRNDQVAVDIKLWCKQRVVELQESVRNLQRHLVQTAENTQQAVMPGYTHLQRAQPITFAHWCMAYVEMFDRDYSRLTDAYNRMNTCPLGSGALAGTAYAVDRDSLAHDLSFAFATRNSLDSVSDRDHIVELLSIASLSMAHLSRFAEDMIIFNSGEANFVELSDRVTSGSSLMPQKKNPDACELIRGKTGRVIGSLTSMLITLKGLPLAYNKDMQEDKEGIFDALDTWQNCVDMATFVLDELKVNVERTREAALKGYSNATELADYLVSKGVPFRDSHHIVGETVVYAIEKGKGLEDLTIPEFRQFSEVVGDDVYEILSLQSCLDKRCAKGGVSPLRVAEAIAEAKTRFA,length1,1371
2,829306,828427,879,MTNQQDYTQDNDKLYRYLFQHRAVRGEWVRLNKTFTDTLNTHQYPKAVQDLLGEMMVATNLLTATLKFAGNITVQIQGDGPLRLALVNGNDQQQIRALARVDGNITENMSLHNMIGKGVLVITIAPKEGERYQGVISLDKPTITECLEDYFVRSEQLQTQLIIRTGEYEGKPVAAGMLLQIMPDGSGTPEDFEHLTTLAATVKDEELFGLPAEELLYRLYHEETVNLYPAQDVQFFCGCSAERSSSALLLISDEEIDEILAEHKGSIDMQCECCGTHYFFNKEAIEKLKSTRV,length1,879
2,829804,829777,27,MAKLKRLGN,length1,27
2,830776,830695,81,MFRCSIFNASSNSICRSVSKTYASSRC,length1,81
2,831004,830989,15,MAIKS,length1,15
2,831190,831175,15,MYSKI,length1,15
2,831307,831244,63,MQCLTKLKKMLKIVWKKALKH,length1,63
2,831409,831361,48,MQFKLNITVRRPHFAN,length1,48
2,831442,831430,12,MRVL,length1,12
2,831676,831637,39,MCVVMRMIKSKHY,length1,39
2,831772,831763,9,MKY,length1,9
2,831889,831880,9,MKI,length1,9
2,833107,831916,1191,MQKQNIVILGSTGSIGKSTLSVIENNPQKYHAFALVGGKNVEAMFEQCIKFRPHFAALDDVNAAKILREKLIAHHIPTKVLAGRRAICELAAHPDADQIMASIVGAAGLLPTLSAVKAGKRVLLANKESLVTCGQLFIDAVKNYGSKLLPVDSEHNAIFQSLPPEAQEKIGFCPLSELGVSKIILTGSGGPFRYTPLEQFTNITPEQAVAHPNWSMGKKISVDSATMMNKGLEYIEARWLFNASAEEMEVIIHPQSIIHSMVRYVDGSVIAQMGNPDMRTPIAETMAYPHRTFAGVEPLDFFKIKELTFIEPDFNRYPNLKLAIDAFAAGQYATTAMNAANEIAVQAFLDRQISFMDIAKINSKTIERISPYTIQNIDDVLEIDAQAREIAKTLIRE,length1,1191
2,833281,833269,12,MNPR,length1,12
2,833590,833584,6,MF,length1,6
2,833785,833764,21,MRYTSQW,length1,21
2,833878,833830,48,MYVKLAPSIPHRQYQK,length1,48
2,834193,834184,9,MKY,length1,9
2,834343,834331,12,MVCQ,length1,12
2,834427,834379,48,MVYGLPWFTTKFMYFS,length1,48
2,834676,834631,45,MSRRMSKTSYNSRIW,length1,45
2,835018,834982,36,MHKARSLKNFIF,length1,36
2,835072,835057,15,MAKKH,length1,15
2,835156,835093,63,MNILVFVLFLVKHLIIAVQKY,length1,63
2,835282,835255,27,MNYMMQNTE,length1,27
2,835339,835324,15,MPLKI,length1,15
2,835723,835666,57,MYAIGALSPARKPHFKMRV,length1,57
2,835912,835903,9,MIS,length1,9
2,836029,836002,27,MILSFSEKS,length1,27
2,836095,836035,60,MTKLVFSNTCWRPIFKAHTK,length1,60
2,836254,836206,48,MNCFCFQTVSRTNCQL,length1,48
2,836563,836551,12,MCTR,length1,12
2,836725,836635,90,MTNHMIWIYNFNITIMGNVRCNNRANSRFI,length1,90
2,836881,836833,48,MQYAINFYFSYSTTWH,length1,48
2,836938,836920,18,MTKTTL,length1,18
2,836968,836962,6,MC,length1,6
2,837217,837175,42,MLVFLFALLILMML,length1,42
2,837292,837283,9,MEY,length1,9
2,838093,838024,69,MREYVLRHLQLVFLHVYVHELVF,length1,69
2,838864,838816,48,MTLNLNDEIHNYNDYN,length1,48
2,839299,839293,6,MC,length1,6
2,839311,839302,9,MTT,length1,9
2,839488,839437,51,MHLSLTSLLNSLKNGRW,length1,51
2,840322,840238,84,MFLKLLHYLQLWLIHLNELLQSLQISLK,length1,84
2,840559,840547,12,MKLG,length1,12
2,840790,840781,9,MHQ,length1,9
2,840994,840970,24,MYLHLKRH,length1,24
2,841111,841105,6,MQ,length1,6
2,841330,841279,51,MIFKTGTIKSNSLNAFC,length1,51
2,841501,841477,24,MTWSAVNN,length1,24
2,841564,841531,33,MTCTSCTTDTS,length1,33
2,841762,841747,15,MDILQ,length1,15
2,841831,841813,18,MQLRYL,length1,18
2,841969,841915,54,MHVQYPIEHLLQQNLHVE,length1,54
2,842218,842215,3,M,length1,3
2,842710,842704,6,MG,length1,6
2,843445,843412,33,MQFRHRITPVC,length1,33
2,843736,843631,105,MMLIPSTNTLPFGNTLVTLPRLPLSLPVRTITSSF,length1,105
2,845350,845308,42,MSITPKRKSAVKIH,length1,42
2,846070,845935,135,MQMRFLLLLQTHHPFHKALYPVGLRLPSTQRYLYLYPYGLLMVFQ,length1,135
2,846643,846466,177,MSARRVCRGTRPSRYHSERAISAPPKRPLTSTLIPLAPKRIALCTARFIARRNITRRSN,length1,177
2,846712,846652,60,MLSATNFASNSGFFTSAMLI,length1,60
2,847351,847264,87,MLAQLFYHELNRQLSELFGQKCERNDVLR,length1,87
2,847519,847441,78,MTDHFIRYINRNVLTTIMDCDGQSDH,length1,78
2,848122,848107,15,MSYPL,length1,15
2,849139,849091,48,MLLIAPRYIFLFTFWL,length1,48
2,849775,849757,18,MSTLIS,length1,18
2,851731,851614,117,MYFFYEIFFAIFNINLVPLLPIKDHHKKHIHLKYKILIC,length1,117
2,852421,851770,651,MTQKHLKLNNLNQHLHDGMSIMFGGFMGIGTPAKLVQQILDSGVKDLTLIGNDTAFIDTGVGPLIVNNRVKRLITSHIGTNPETGKKMIAGEIDVELVPQGTLAERIRAGGAGLGGILTPTGVGTVVEEGKQKIQIDGKEYLLELPLKADIAIIHAQKGDMNGNLAYELSARNFNPLVALAAKTVIAQVDNLLEVGQLPPDEVITPAALIDYIVCSE,length1,651
2,852922,852898,24,MYITAHSK,length1,24
2,854443,853102,1341,MISRVSRFMTTFVSKYLPDPLIFAVLRTFVTFICAWGLTDSTPVDLVNMWGNGFWNLLGFGMQMALIVVTGNALATSPQIRKFLSTIASIAKTPAQGVVLVTFMGSIACIINWGFGLVVGAMFAKEVARRIKGSDYALLIACAYIAFMTWGGGFSGSMPLLAATPGNPVAHLMVSESNPQGIIPAVSTLFSGYNIFITLSLVICLPFITYMMMPKNGEAKSIDPKLIAPDPTFDKKLDKDATLAEKMEESRFLAYTIGALGYSYLGMYFYKNGFNLTINNVNLIFLITGIVLHGSPMAYMRAIINATRSTAGILVQFPFYAGVQLMMEHSGLGGLITEFFINVANKDSFPLLTFFSSAFINFAVPSGGGHWVIQGPFVIPAAQALGTDLGKSTMAIAYGEQWMNMAQPFWALPALGIAGLGVRDIMGFCMTALIFTAPIFIIGLYFL,length1,1341
2,854530,854467,63,MLLLLVQLEHRSAALMVHYLP,length1,63
2,854641,854605,36,MKSSWGTYYKQD,length1,36
2,854812,854776,36,MLILLLWVAWKI,length1,36
2,855016,854965,51,MVLAAKHKMNSHYVHKP,length1,51
2,855235,855211,24,MMVLQHLF,length1,24
2,855268,855256,12,MHLD,length1,12
2,855310,855295,15,MPAVG,length1,15
2,855397,855385,12,MISI,length1,12
2,855433,855409,24,MKPLPHSS,length1,24
2,855535,855481,54,MVELSHLGIQSARVVQGF,length1,54
2,855805,855763,42,MPCCGNPRPNIAHN,length1,42
2,856138,856129,9,MGD,length1,9
2,856498,856450,48,MKINSQFTFRIKLSGG,length1,48
2,856519,856501,18,MQIFPH,length1,18
2,856966,856870,96,MHNRTRNINALLFSARNLRRQIVGFITQSYTI,length1,96
2,857059,857002,57,MHTCNNQRQCHIFHYSTIC,length1,57
2,857122,857077,45,MNHTNLATQKWNFIF,length1,45
2,857200,857140,60,MPVKPNLTRVGFFHPHNKLE,length1,60
2,857233,857224,9,MPN,length1,9
2,857278,857260,18,MKIQAL,length1,18
2,857320,857299,21,MIGFRNI,length1,21
2,857371,857362,9,MNE,length1,9
2,857668,857608,60,MWRSFIIFFHNTNNFFQFVH,length1,60
2,857956,857803,153,MIAFSPNLKLLNSRCAESITCCEHHRFSFSLKFTCELTNCRCFTHAIYAHH,length1,153
2,858565,858556,9,MLS,length1,9
2,859228,858649,579,MKKIQTPNAKGEVRIIAGLWRGRKLPVLNSEGLRPTGDRVKETLFNWLMPYIHQSECLDGFAGSGSLGFEALSRQAKKVTFLELDKTVANQLKKNLQTLKCSSEQAEVINQSSLDFLKQPQNQPHFDVVFLDPPFHFNLAEQAINLLCENNWLKPNALIYVETEKDKPLTTPENWTLLKEKTTGMVSYRLYQN,length1,579
2,859720,859240,480,MLDIVLYEPEIPQNTGNIIRLCANTGFRLHLIEPLGFTWDDKRLRRSGLDYHEFAEIKRHKTFEAFLESEKPKRLFALTTKGSPAHSQVKFELGDYLMFGPETRGIPMSILNEMPMEQKIRIPMTANSRSMNLSNSVAVTVYEAWRQLGYKGAVNLPEVK,length1,480
2,859984,859918,66,MQHKILNANTGGKLYYFIIFKM,length1,66
2,860221,860191,30,MNIIRNIINF,length1,30
2,860281,860248,33,MNIIFKDIDII,length1,33
2,860323,860317,6,MA,length1,6
2,860503,860476,27,MFSAFLFSC,length1,27
2,861280,861256,24,MGIKLTDS,length1,24
2,862762,861541,1221,MQAKYNAKYLGTKSEREKYFHLAYNKHTQFLRYQEQIMSKTKEKKVGVIFGKFYPVHTGHINMIYEAFSKVDELHVIVCSDTERDLKLFYDSKMKRMPTVQDRLRWMQQIFKYQKNQIFIHHLIEDGIPSYPNGWQSWSEAVKTLFHEKHFEPSIVFSSEPQDKAPYEKYLGLEVSLVDPDRTFFNVSATKIRTTPFQYWKFIPKEARPFFAKTVAILGGESSGKSVLVNKLAAVFNTTSAWEYGREFVFEKLGGDEQAMQYSDYPQMALGHQRYIDYAVRHSHKIAFIDTDFITTQAFCIQYEGKAHPFLDSMIKEYPFDVTILLKNNTEWVDDGLRSLGSQKQRQQFQQLLKKLLDKYKVPYIEIESPSYLDRYNQVKAVIEKVLNEEEISELQNTTFPIKGTSQ,length1,1221
2,862816,862795,21,MITFTLL,length1,21
2,862840,862831,9,MSH,length1,9
2,863005,862876,129,MSWINLRNIVIFGLFMEIMIAKPLVLLMQFGVLSGNHAIYTIA,length1,129
2,863221,863215,6,MC,length1,6
2,863284,863272,12,MIWQ,length1,12
2,863371,863368,3,M,length1,3
2,863455,863392,63,MQREIICYKPSTIVKNKSIPK,length1,63
2,863623,863575,48,MPSYSYKTREDYIFYI,length1,48
2,864049,864010,39,MLNGVSQRAFLII,length1,39
2,864181,864127,54,MMGELSLECDKLVLDTFD,length1,54
2,864289,864250,39,MQKSWRNVLRLDS,length1,39
2,864454,864379,75,MAVHLCLSLQIHLDLLYEAQLALIQ,length1,75
2,864484,864478,6,MG,length1,6
2,864607,864562,45,MVNIFVHALLRGLQS,length1,45
2,864766,864754,12,MDES,length1,12
2,864838,864784,54,MQINQYLLHPLPLTRYEQ,length1,54
2,865138,865078,60,MNYYKHTKKAIMPIINIFSL,length1,60
2,865225,865180,45,MNIFTFKQKINHFLF,length1,45
2,865684,865648,36,MYVENSAILDNA,length1,36
2,866071,866023,48,MPTSDFLLFSRHSIPQ,length1,48
2,866353,866347,6,MF,length1,6
2,866515,866506,9,MAH,length1,9
2,866923,866713,210,MKQGIHPEYKEITATCSCGNVIKTRSTLGKDINLDVCGNCHPFYTGKQRVVDTGGRVERFNSRFKIPSTK,length1,210
2,867547,867535,12,MSNS,length1,12
2,867730,867718,12,MHIL,length1,12
2,867856,867823,33,MIRFASFTDLG,length1,33
2,869092,867862,1230,MLRLGVNQKTSLLLTALLSCGLLIFSPVSQSSDLNQIQKQIKQQESKIEKQKREQAKLQANLKKHESKINTVKGELLETQISLKEIRKQIADADKQLKQLEKQEREQKTRLAKQMDIIYRSGINPSLIERMFAQDPTKAERMKVYYQHLNQVRIEMIDNLKATQAQIAVQKKAILSQQKNHRNQLSTQKKQQQALQKAQQEHQSTLNELNKNLALDQDKLNALKANEQALRQEIQRAEQAAREQEKREREALAQRQKAEEKRTSKPYQPTVQERQLLNSTNGLGAAKKQYSSPVSGSILHTFGSIQAGEVRWKGMVIGASAGTPVKAIAAGRVILAGYLNGYGYMVIVKHGETDLSLYGFNQAVSVKVGQLVSAGQVIAQVGNTGEISRSALYFGISRKGTPVNPAGWVR,length1,1230
2,869191,869152,39,MPLFLLLKVNLLL,length1,39
2,869203,869197,6,MM,length1,6
2,869260,869224,36,MRQFLRCHVKFP,length1,36
2,869332,869284,48,MLEHVIKKQNLKVEIF,length1,48
2,869464,869416,48,MIALIRLKILCVMPSV,length1,48
2,869725,869641,84,MIVTNSQTFNVNLKQQFTMLENTAPPLQ,length1,84
2,869890,869824,66,MKKLFRPSHLFYYSAKCLRQLL,length1,66
2,870835,870766,69,MPAEESNPVTNLNKHRKPQNDKL,length1,69
2,871537,871516,21,MPEIMLE,length1,21
2,872029,871900,129,MFKKHSFLSDKRQRGLFKGVLICHSFSFLWRSDAQGILTLKSN,length1,129
2,872242,872209,33,MAICRLILRSW,length1,33
2,872845,872644,201,MLIMMPIAKLNTLNGNLAVRVFALCAKLSNAVGYRFDWLFAPVSFVFVHRQIDLSHFDIPPSSYPSA,length1,201
2,873484,873454,30,MQNTYCHCVG,length1,30
2,873610,873607,3,M,length1,3
2,873952,873946,6,MI,length1,6
2,874237,874072,165,MLYSQNTNYSVFDLSDQTKNRSLSVLYAHVVLTHLLAFVPQTSYSPHYAKIYLLL,length1,165
2,874498,874462,36,MLNHQHVKNQRD,length1,36
2,874534,874516,18,MTPQHQ,length1,18
2,875062,874984,78,MKHNAGCLKYGYSFLPQYDFQRFSRH,length1,78
2,876097,876016,81,MKQADKVLLTPFCGQFASCHLRNGDLT,length1,81
2,877069,876919,150,MFFKKICVSSIREELFNNPFLMSVNPFRYGSKATGTCIIVTIYAHISTRF,length1,150
2,877174,877150,24,MTFTGCLK,length1,24
2,877243,877201,42,MDISKINTPLCGWV,length1,42
2,877462,877327,135,MRDKSFSRGIRWSREPTRPSAHQEPNGVVNLIYAALASVLICLLV,length1,135
2,877888,877867,21,MLEPLSS,length1,21
2,878092,877954,138,MPWVVCPPMGKITACVFAGGTEVKPNCCINSTSCKVSSASPEACTF,length1,138
2,878212,878179,33,MAWLNRLILSP,length1,33
2,878476,878317,159,MPSCLKRSSVCVPAFRLSIKRRPIKKKMASIAYSSQMTCTRCPGCHNVPSCIL,length1,159
2,878599,878527,72,MYFFAHFCKASKLSTSDTTTVFGL,length1,72
2,878620,878608,12,MSGS,length1,12
2,878794,878761,33,MQHKVATGGVL,length1,33
2,879073,879019,54,MGAEQSTRILARSRPLRL,length1,54
2,879259,879118,141,MPVITSSPLIRTFTSAPEKSGKTVLFEGTPKSNLKASAGIKKSLSIS,length1,141
2,879484,879436,48,MCNLLHSTAKWHLTHH,length1,48
2,879547,879532,15,MRFIA,length1,15
2,879649,879625,24,MFIVCLFA,length1,24
2,879829,879790,39,MHRFSIVLTKRGR,length1,39
2,879952,879898,54,MLDLTYCAEYLIKFCTQG,length1,54
2,880150,880147,3,M,length1,3
2,880411,880354,57,MKTRPSANHILQTPTNRMH,length1,57
2,880573,880561,12,MLNG,length1,12
2,880849,880813,36,MLKISLIVSQAR,length1,36
2,881254,881116,138,MGCGRFIAPVSIRIKLVFKLFFLSGFCLSFFFSLRFFRCTLFSSNH,length1,138
2,881689,881632,57,MGLICSAFRIRDFFFYLLA,length1,57
2,882469,882466,3,M,length1,3
2,882823,882781,42,MINFLLDFMFTSHA,length1,42
2,883138,883093,45,MQQLRHDTLLVLLQQ,length1,45
2,884098,883780,318,MPLAKPRARPSEFIVLTNLRPVCFVTFKSVISISVPSTSSTAIPAYFSIYAPYKIKSIRLATTCKPFTTSAGIAVSKRFGSLPLRTTSNLPLFASTFSKISCCSKR,length1,318
2,884203,884188,15,MALRV,length1,15
2,884962,884923,39,MLAAVSDLAIATA,length1,39
2,885124,884977,147,MTTLSTPALLAVPVSVMVPVAATPESLSFKPITVKRIRALFWIAIRAIK,length1,147
2,885637,885481,156,MFHRHLNAYCCFHFHFVSPPQTALWHRLLGHKCCYQYVLTSDLVAIAHHDNA,length1,156
2,886087,886045,42,MFQDFHHRARHRSF,length1,42
2,886567,886519,48,MACTSPTRNTKSSALA,length1,48
2,886699,886597,102,MGISSNQGSSASIITCSPVKFSTGISTALSLLKR,length1,102
2,888121,888010,111,MRPLQVLFLSKHLMPQQINFAPNLLMQEPVCLAIMPL,length1,111
2,888160,888127,33,MPLSCPLLQMF,length1,33
2,888214,888184,30,MRLPDRLAQI,length1,30
2,888583,888397,186,MLLIIFYPLDCPLVTNSRWLPPLLPPYHLKQAYWLMQHERSCEHSPLCRKQTQPRYNDIRHF,length1,186
2,888877,888793,84,MPPHRLVCRLRHEICHKVKVGYDHTSPC,length1,84
2,889003,888979,24,MTGFSATK,length1,24
2,889204,889132,72,MKSYTLKVKNRPTCDLGRFSDLFN,length1,72
2,889444,889327,117,MNSRVRLICPYNGFIVIIFRSDALHQVFSIHQRRTLAKL,length1,117
2,889555,889537,18,MCCSLR,length1,18
2,890281,890170,111,MLCQKFKIVLKLPTFHLNLRKRMRQLFRIKIQIRLVV,length1,111
2,890461,890365,96,MTLLIRRAFYFHQKFRAIVRLINSASFQISIA,length1,96
2,890662,890560,102,MGRASTCIPHGRILPIRAIIHVITQALITRSRIS,length1,102
2,890863,890743,120,MPINTTNRWIFPKNPAFTFKFTHQFFFPSVKAFALTHCGF,length1,120
2,891757,891724,33,MLRFALKSTER,length1,33
2,891820,891790,30,MDYYPMLPPH,length1,30
2,892126,892024,102,MPMFDISHHELTVSNEIYGDVPPSQKDVKARPFD,length1,102
2,892282,892243,39,MRKNRVPRHPLNR,length1,39
2,892633,892570,63,MLSLPLHRFVLALFHYLLKGF,length1,63
2,892891,892867,24,MVCFREMA,length1,24
2,892933,892921,12,MQQN,length1,12
2,893215,893200,15,MISAH,length1,15
2,893416,893383,33,MPITSANLHQG,length1,33
2,893662,893632,30,MENSPDIYHI,length1,30
2,893806,893800,6,MA,length1,6
2,894106,894100,6,MH,length1,6
2,894235,894154,81,MQLRTRARTHIMRKVIRHKKVIARNRI,length1,81
2,894484,894463,21,MAVSDGN,length1,21
2,894508,894502,6,ML,length1,6
2,894745,894730,15,MLPRA,length1,15
2,895483,895477,6,MS,length1,6
2,895687,895573,114,MYRNLSQGFRSILSAGSDNAKSTATWINHGDRLIAAGG,length1,114
2,896587,896473,114,MHNHIRYRHLLNRCNGHIANNAVIRHIYRTLQHTACIA,length1,114
2,896821,896593,228,MVYRCIKKLESHRFRHLVALITQPKGGVVDFKSLLMRHHTHIALITICQSCTFSNPPIGFSAWVSRVINITTLIPN,length1,228
2,897202,897124,78,MPFDNEEYTATPHEKPLVISPHFPNQ,length1,78
2,897562,897463,99,MIFAIKVSNISSSSRKKRRNLNNLIIFNWRDYE,length1,99
2,897709,897703,6,MT,length1,6
2,898099,898087,12,MRPK,length1,12
2,898243,898144,99,MCNLFKGFFETAFFLRIFRFRAVIYFNRYSKAR,length1,99
2,898270,898267,3,M,length1,3
2,899065,899056,9,MIR,length1,9
2,899140,899131,9,MGE,length1,9
2,899362,899329,33,MDITVANRATA,length1,33
2,899857,899767,90,MSSSFQRITSARVIFNPSSLSFSASALACF,length1,90
2,900301,900265,36,MTTFSFSTISNL,length1,36
2,900685,900676,9,MFI,length1,9
2,901567,901513,54,MNAPHLIPLFRKEGLGEI,length1,54
2,902152,901987,165,MVVNRTLDFVFAVVAIKCDIAFTTAHFCIIFFSRKFNKRLNIAENAIFKIAHLLI,length1,165
2,902803,902782,21,MVISLTN,length1,21
2,903373,903334,39,MFFRILFKHLCFA,length1,39
2,903514,903505,9,MAC,length1,9
2,904273,904264,9,MPS,length1,9
2,904630,904624,6,MP,length1,6
2,905011,904903,108,MCFGNFANAARTWSILGFISKRNGSSAKRASHSAEK,length1,108
2,905161,905035,126,MPLVWRYIAKKSGNHTISSAFFATRCIGARAFNRSSGVSAFS,length1,126
2,905305,905260,45,MPPCLICSQKNLIAL,length1,45
2,905737,905728,9,MPK,length1,9
2,905890,905815,75,MCYRCYNHALKRVGAMTNLFLLVQL,length1,75
2,905965,905938,27,MSSLDNLIC,length1,27
2,906460,906454,6,MD,length1,6
2,906562,906550,12,MAPC,length1,12
2,906610,906601,9,MRR,length1,9
2,907003,906976,27,MAHFRKFYP,length1,27
2,907258,907246,12,MFKT,length1,12
2,907453,907426,27,MQILSLPHK,length1,27
2,907612,907582,30,MGDSDLICHK,length1,30
2,908050,908047,3,M,length1,3
2,908662,908347,315,MPSTEPFGLAGYSSVGLPLLSMYCAAMMPCAFKPTSCSADLNLTCPSPWETAMGICEPAIPANQTEATSLIFTKLTRASKRSDLLRTKCGQFSVPGIISAKLEII,length1,315
2,908791,908749,42,MDFAQPPPAPSTSP,length1,42
2,909010,908953,57,MVGFTPLLINGAVISSFTS,length1,57
2,910015,909901,114,MWVPAMLVIASATAKRAEAEKFSKATGERSPIAIASPW,length1,114
2,910807,910747,60,MFIAAPPNTINLAPIGISPF,length1,60
2,911233,911008,225,MRFGLDNGFSQGCSKFGITRLDTEKPVKPALGFAPRPVAPSSRISPPEPVAAPGNGEIAVGWLCVSTFIKMCASS,length1,225
2,911626,911599,27,MVVNALGSC,length1,27
2,911902,911803,99,MSVAFEDQEEIVPTRGVTIKQYPAGLSSENIDP,length1,99
2,912238,912178,60,MFKHTPYFQVIQSLYSLYNR,length1,60
2,913213,912718,495,MTVTLAGNPIEVGGHFPQVGEIVENFILVGNDLADVALNDFAGKRKVLNIFPSIDTGVCATSVRKFNQQAVKLSNTVVLCISADLPFAQARFCGAEGIENAKTVSTFRNHALHSQLGVDIQTGPLAGLTSRAVIVLDEQNNVLHSQLVEEIKEEPNYEAALAVLA,length1,495
2,913384,913306,78,MKNACSDYLKLSNSSIKIYLDTKCLR,length1,78
2,913435,913420,15,MGKKY,length1,15
2,913615,913516,99,MSEPPGKSTWTLLFNKPCIIPTATAAQAPLPQA,length1,99
2,913756,913669,87,MICIKPALTRSGKRSWLSNKGPSCSTFAV,length1,87
2,914080,913975,105,MSFLLVSPFNVTNRAKQRAPFPHCETSLPSALKIL,length1,105
2,914620,914611,9,MHS,length1,9
2,914785,914734,51,MLLCKNRFSSSHAPYKR,length1,51
2,914920,914887,33,MFFCGICRFET,length1,33
2,914980,914971,9,MAF,length1,9
2,915460,915406,54,MFCLIHLKLISLFSAEIA,length1,54
2,915532,915493,39,MKLMALSYHVMYI,length1,39
2,915718,915634,84,MCNLFLFLFFGDVLLDKKINQICLICVY,length1,84
2,915808,915721,87,MVYKKHLQQFGLDVILLCVFLKRFHYVIW,length1,87
2,916078,915817,261,MAQMKKLHKSWLELQKCTSQNNVFQRQALVYQIVKQCLINYCNQKQSDEQLKMKQNQKISVLKKHKKKHIKFWMKLQLMSAIQVYVQ,length1,261
2,916156,916126,30,MYKIRIVSVN,length1,30
2,916282,916171,111,MKLFMCLATVVILITYCFLMCFIIKVLFRHISRQGLT,length1,111
2,916567,916555,12,MNTY,length1,12
2,916630,916582,48,MLRNYVVQRKKKKMRV,length1,48
2,916963,916942,21,MSLILRT,length1,21
2,916978,916975,3,M,length1,3
2,917260,917248,12,MKMN,length1,12
2,917509,917263,246,MYKSIKSLMNLHAKALLIQMITSYLLINQKYEFYSFGLRERGKSCNVITLLSLFYKNNLLFLELNLKKKASLLLNVYQYYTA,length1,246
2,917563,917512,51,MHQNSLIKRFFQALLQT,length1,51
2,917614,917584,30,MNLVILFLIK,length1,30
2,917755,917734,21,MPFLLYK,length1,21
2,917803,917794,9,MQF,length1,9
2,917965,917878,87,MLVHSIQRHISKLRKFTLNGKWIFTKLIG,length1,87
2,918130,918091,39,MCSLRSWRNQFTI,length1,39
2,918541,918523,18,MIKFCG,length1,18
2,918694,918682,12,MLKT,length1,12
2,918940,918913,27,MIFTVRTIT,length1,27
2,918988,918982,6,MQ,length1,6
2,919054,919003,51,MGGIAINQRYFSLFLTT,length1,51
2,919171,919168,3,M,length1,3
2,919480,919378,102,MLNKPGSIKLWFKMYLPILVVPVVSKSRDAMIGP,length1,102
2,919498,919489,9,MKK,length1,9
2,920041,919687,354,MCACIKVSPNQAIPKIAITARIPAWNTEPLVIAVPSGLQVKIINAPIESIIISMVCAIPIGFPSKTGRIEGAAPINTTSKAPNKNKETEILAVLLTSTSLTKVVEAKISAYFGSFKRR,length1,354
2,920152,920125,27,MVTIKTSPR,length1,27
2,920428,920380,48,MCLGLRRKILVAILIM,length1,48
2,920662,920542,120,MARPKPPNTPKPIPPTRAPTKIHNNTMANCSKNIADILPP,length1,120
2,921343,920899,444,MQEFISMATEFAQKHTLLAVSWFAIFVMVIYTFYKGATSKFKVITHNEVIRLINSDEAIVVDLRSLEEFQRGHIINSINVLPSEIKNQNIGKLESHKEKALILVDTNGTSASASAVFLTKQGFNSVFVLKEGLSAWVAANLPLVKKHK,length1,444
2,921505,921484,21,METKTWF,length1,21
2,921718,921688,30,MPEYAFPLCT,length1,30
2,922066,922063,3,M,length1,3
2,922663,922552,111,MYLKPVKVSSDWKPYFFAISARAGEETSEQANVPCLP,length1,111
2,922897,922786,111,MINSAFFSFATLIAKSNAPFSSGFGKFTVGNVPSGQT,length1,111
2,923074,922996,78,MSQAGSLANDAVFVMYASTTSSFNTT,length1,78
2,923164,923137,27,MSLSAGETI,length1,27
2,923419,923395,24,MTIEGSLS,length1,24
2,923833,923743,90,MKTANYQFFDLLNIFYSRNRLSEPIWEHYL,length1,90
2,927394,923917,3477,MSFQPRFVHLRTHTDFSMIDSIVKVKPLVKACAANEMVAMGLTDFTNFCGVVSFYSEMLSSGMKPIIGADVKVKSPLCGDEYFDLTLLAKNNEGYRNITLLLSKAYQRGYNDLPYIDQDWLIEHRDGVIILSGGTQGDVGKKLLKENVAEIESAVAFYQEFFADHFYLALSRTGRPNEERYIQAALKLAERCDLPLVATNDVMFLNAEDFEAHEIRVAIHDGYTLDDPKRPKCYTSQQYFRSEEDMCKLFADIPSALENTLLIAQRCSVTLRLGQYFLPQFPTGDLSTEDFLVQKSKEGLEERLVFLFPDEKVRLEKRPKYDERLQVELDVINQMGFPGYFLIVMEFIQWSKDNDIPVGPGRGSGAGSLVAYALKITDLDPLEFDLLFERFLNPERVSMPDFDVDFCMDGRDRVIEHVAETYGRGAVSQIITFGTMAAKAVIRDVGRVLGHPYGFVDRISKLIPPDPGMTLAKAFETEPQLQTAYDSDEEVRALINMARKLEGVTRNAGKHAGGVVISPTLITDFAPLYCDNEGLHPVTHFDKNDVEYAGLVKFDFLGLRTLTIIKWALDIINVRMVREGKPRVDIAAIPLDDPESFELLKRSETTAVFQLESRGMKDLIKRLQPDCFEDIIALVALFRPGPLQSGMVDNFIDRKHGREEVSYPDAEYQHASLKPILEPTYGIILYQEQVMQIAQVLAGYTLGGADLLRRAMGKKKPEEMAKQRLVFKEGAEKNGVDGELSMKIFDLVEKFAGYGFNKSHSAAYALVSYQTLWLKTHFPAEFMAAVMTSEMDNTDKIVGLYDECLRMGLKVTPPDINIGKHHFSVNEQGEIVYGIGAIKGVGEGPIEALVAARNEGGIFKDLFDLCARVDLKKINRRTFESLIMSGAFDKLGPHRAALSKNLEDALRASDQHAKDEAMGQTDMFGVLTETHEDVENAYANTPPYTEKQILDGERETLGLYLSSHPVSRYLKELSHYTSTRLKDLAPNRRGQISTVAGLVVASRIAMTKKGNRLGIATLDDRSGRLDLTLFGESLEQFGEKLQKDTVIVASGQVSFDDFSGGLKMTVRELMTLDEARSRYVKSLAISLSEHQITPSFIKQFKALLEPVSGGTLPINVYYQSPKGRALLRLGVQWSIIPTDEILTELVNLLGESAVELEFE,length1,3477
2,927778,927595,183,MKYSNDFARFPRILIRHLFALGIRRYINVRYHLMLDHPLNSEHAFSQYHHQTYPQHQNHFS,length1,183
2,928345,928003,342,MCGNSSSRQTKLPPYFCPQYGFVSHIFSNQPNLMHLMVLQQHERSQTNLSLLRILRHYRPIPYHQDIVGIGGMFRRQCVLRQRHRQIIQHGLNLLVRLYRERLLSMQNPLILHR,length1,342
2,928513,928492,21,MDDRMVE,length1,21
2,928573,928516,57,MSYFFLLKARWLLLWLHRN,length1,57
2,928759,928657,102,MLLSLIVSLIMPRLVHGYLQMPLLRLLLFVPLKG,length1,102
2,929401,929248,153,MLIISPSRTKPIAPPEAASGEACPIDKPDVPPEKRPSVNKAHFLPKPIDFK,length1,153
2,929728,929500,228,MPATASSWLSNTIAVPVNFQIDSSTPAVLTIHPSSARLPNNTAKPPSCEIAFSLLRIQPFTRSLSTVSQRQSCENA,length1,228
2,929857,929824,33,MLIPSTVCVFL,length1,33
2,930421,930301,120,MPEQEPQVGQALRSIASIRSSLTFGSAASIIASTKSKRIN,length1,120
2,930910,930664,246,MVLNSFATPPAFSISAATSCPISFKCTCPGTNCVKEFTTAIIGLPKSFSFIPVARHKARAPAILRPCVLVAERSLGINNLSE,length1,246
2,930940,930931,9,MIN,length1,9
2,931168,931117,51,MLTHISTNYRIIWFAIR,length1,51
2,931750,931516,234,MMCFQARHDKLCTCHCVCFLLFLFWDKFSIVAKFRVIGRAWREKNEKKCGENWLILNIPVLPLKNLVNFYRSLSLLID,length1,234
2,933331,931807,1524,MVHSAPKAQKRETFSGRRAFILAAIGSAVGLGNIWRFPYTTYENGGGAFIIPYLIALLTAGIPLLFLDYAIGHRHRGGAPLSYRRVSPHFEVFGWWQMMVNVIIGLYYAVVLGWAASYTYFSFTGAWGDKPIDFFIGEFLKMGDIKNGISFEFVGMVTAPLIAMWIVALGVLSMGVQKGIAKVSSVLMPVLVVMFMVLVIYSLFLPGAAKGLDALFTPDWTKLSNPSVWIAAYGQIFFSLSIGFGIMVTYASYLKKESDLTGSGLVVGFANSSFEVLAGIGVFAALGFIATAQGQEVSEVAKGGIGLAFFAFPTIINKAPFGEVLGMLFFGALTFAALTSFISVIEVIISAIQDKIRISRGKVTFIVGVPMMLVSVILFGTTTGLPMLDVFDKFVNYFGIVAVAFASLIAIVANEKLGLLGNHLNETSSFKVGFFWRLCIVLTSGVLAFMLFSEGAKVFSEGYEGYPNWFVNTFGWGMSISLLVVAFFLSRLKWKSETKLTIDETKGE,length1,1524
2,933532,933502,30,MDKYYSSIIK,length1,30
2,933652,933613,39,MRNFFANPLIQFG,length1,39
2,933964,933838,126,MASTKTNVAAIFDALYGEIVGKPHHQYKAYRHDKVRFFYHKV,length1,126
2,934198,934111,87,MQIAHHHQSKNQKDHLKCKAVQPVGQDSA,length1,87
2,934600,934591,9,MIW,length1,9
2,934924,934768,156,MKIIYQFGCSQKALAIAVAVYYPLKRVHSMRRFQQVYQLFQWCVQARITKLI,length1,156
2,934948,934939,9,MAK,length1,9
2,935032,934975,57,MFQAIPKTMFAILRLIVMI,length1,57
2,935068,935059,9,MKR,length1,9
2,936493,935086,1407,MPRLSRRQLLKTAAISTALSTVPAPLLAASREKLVVPPLIEVRRGRPIVLTMQETNYPLDGSHNVTVWGFNGNYLGPTIKIKSGSFAKLNYHNNLPQSVALSIQGLQASGELFGGAARVLKKGESWAPIVPIEQPAASCWYRSATLANSAYQTYRGLAGMWLIEDEQSLKANLPNKYGVDDIPLILQDMEFNNDGLQLFKQNQPHFVGNRLLVNGIEAPYLDVARGWIRLRLLNASLARAYDLRLDNDQEMLLIAQDLSFLPKAKSVKSLVLSPGERAEILVNMNEIDNVSLISGSKRSLYEKIKNMLFSGDELANNTVLELRAQGQLSAFNKQPNLTFETDAPAILQQAVAQTREFNIDVTNGLINQRRFDPRKVDVMARKGTIERWILNASLPVGFTIQGAKFVVESQGEHQLQAEELAWKDTVWVKNKTQILVKFDQESSGNFPFLFGVSNLMLEDMGCLGVLMVQ,length1,1407
2,936751,936748,3,M,length1,3
2,936829,936805,24,MMRPIKVM,length1,24
2,936988,936919,69,MSAMDLIIKIIRSICWVKMQSLI,length1,69
2,937009,937000,9,MVI,length1,9
2,937066,937024,42,MNLSVVKDVVKLII,length1,42
2,937144,937099,45,MQPLRHVCTATMLGL,length1,45
2,937171,937147,24,MRQKFVNT,length1,24
2,937285,937183,102,MLKCGMLALKYMVFPSFIPLTYNYPLEIVVVLVY,length1,102
2,937432,937315,117,MVFGMHNQFIGISLLIMILLSPRNICLAVVGKQMGNFAI,length1,117
2,937567,937495,72,MLVIIENVICSIGITILAFYKIGV,length1,72
2,937669,937627,42,MDAVPMVMRTNMLA,length1,42
2,937738,937729,9,MIL,length1,9
2,937798,937792,6,MI,length1,6
2,937813,937804,9,MDG,length1,9
2,937864,937852,12,MTVN,length1,12
2,937903,937888,15,MQNLA,length1,15
2,938020,937957,63,MRLVTSRKKVQEKMQRTCKKR,length1,63
2,938209,938176,33,MIIWDLVTIQH,length1,33
2,938368,938314,54,MILLAKNDLIYLQVKFIT,length1,54
2,938434,938386,48,MKTLRIKHQLHHLLGH,length1,48
2,938581,938578,3,M,length1,3
2,938860,938800,60,MSQTTKTKHVMKLFMIIALA,length1,60
2,938920,938890,30,MTIKAVFKRC,length1,30
2,939286,939208,78,MSANITPGRSLRSSKITSTPCDCKVR,length1,78
2,939400,939328,72,MFIGTIATVNGAISSDGQMIPRSS,length1,72
2,940237,940222,15,MLLYT,length1,15
2,940717,940573,144,MAPPLFISSRTTFSTFFNTRIPVGNQLYKPDAIGRIIPARNINWWLTT,length1,144
2,941107,941032,75,MYGGIFSLSAICLRRKRKRANKSLS,length1,75
2,941374,941329,45,MPYTESLWCWRSIIF,length1,45
2,941407,941383,24,MPRNTAIT,length1,24
2,941845,941758,87,MLRGKSKWATKRTLDLLIPIPKAMVATTT,length1,87
2,942832,942739,93,MCSTGFNETIPKTLSVIRNPVAIFKSKMETA,length1,93
2,943084,943027,57,MFLFKSDKMWQIIKPFSSL,length1,57
2,943207,943177,30,MRRKRFFIFS,length1,30
2,944530,943285,1245,MNFFQYKHNKLYAEDMPVQQLAEQFGTPLYVYSRATLERHWHAFDSAFGKRPHLICFAVKSCSNIGVLNIMAKLGSGFDIVSQGELERVLAAGGDASKVVFSGVAKSREEIMRALEVGIRCFNVESVSELKHINQIAGEMGKIAPISLRVNPDVDAHTHPYISTGLKENKFGVSVNEAREVYKLASTLPNIKITGMDCHIGSQLTELQPFLDATDRLIVLMEQLKEDGITLKHLDLGGGLGVTYTDETPPHPSDYANALLEKLKNYPELEIILEPGRAISANAGILVAKVQYLKSNESRNFAITDTGMNDMIRPALYEAYMNIVEIDRTLEREKAIYDVVGPVCETSDFLGKQRELSIAEGDYIAQCSAGAYGASMSSNYNSRARTAEVLVDGDQSYLIRRRETLQELWALESTI,length1,1245
2,944725,944692,33,MSCFLKWTSNH,length1,33
2,945778,945721,57,MLSFNRITRLFLALAINSF,length1,57
2,945880,945844,36,MTKNIQIIDYLN,length1,36
2,946000,945943,57,MPSSSINSEIRSKHSSTNC,length1,57
2,947044,947005,39,MYHYTYTPDLSTS,length1,39
2,947212,947080,132,MTHLLASFVLRCFQHLSLPHLATQQCLWRDNWNTSDASTPVLSY,length1,132
2,947350,947305,45,MANSHTLGTYFSPRM,length1,45
2,947521,947389,132,MNSWAVSACYPRSTFYPLSDGPSIQNHRITMTYFRTCSTCLSRS,length1,132
2,947569,947554,15,MSDRD,length1,15
2,947950,947890,60,MPFVQVGTYPTRNFATLGPL,length1,60
2,948697,948604,93,MSAFALVIRPANLSINLHPLTQRSPTQQAYH,length1,93
2,948784,948757,27,MPLRAILAC,length1,27
2,948901,948814,87,MPQLRCYISAPLHLPRRPTRLVSYYAFFK,length1,87
2,949102,949093,9,MDP,length1,9
2,949930,949882,48,MFQFSRFASTSYEFTC,length1,48
2,950572,950479,93,MISGGDKRDRTADLLRARQALSQLSYIPISS,length1,93
2,950938,950932,6,MV,length1,6
2,951061,951016,45,MESSCRLQSGLRRTL,length1,45
2,951388,951349,39,MSRVGKVLRVASN,length1,39
2,952000,951946,54,MAASGFPPLRNIPHCCLP,length1,54
2,952294,952120,174,MACGLSVPHFHLPIIRGISDSFPSLSPSISQIPKHYSPVRHSSARKQAFSCYRSTCMC,length1,174
2,952360,952324,36,MIKLFNSSSIAQ,length1,36
2,953155,953134,21,MHQSHHQ,length1,21
2,953266,953257,9,MSN,length1,9
2,953491,953482,9,MFR,length1,9
2,953614,953608,6,MA,length1,6
2,953860,953818,42,MLTQAIFLAGKNNA,length1,42
2,953926,953908,18,MKQRAH,length1,18
2,954070,954010,60,MKWKLLNRFVIKLLSLIKVA,length1,60
2,954307,954166,141,MNIWKILLIHRNTAKRIQSSNLSLRVAQSMHRYFLKHQKNLAWSSVS,length1,141
2,954337,954325,12,MLEA,length1,12
2,954406,954373,33,MKMPLRKPKFI,length1,33
2,955129,954442,687,MFNDFLATFSQQLTPQMWGVVATATYETVYISFASTLLAVVVGVPVGVWTFLTGKNEILQNNRTHFMLNTIINIGRSIPFIILLLILLPVTRFIVGTVLGTTAAIIPLSICAMPFVARLTANALMEIPNGLTEAAQAMGATKWQIVRKFYLSEALPTLINGITLTLVTLVGYSAMAGTQGGGGLGSLAINYGVYRNMPYVTWVATIIIVLFVMISQKLGDTLARKVDHR,length1,687
2,955420,955378,42,MTTHYQMKLYLKVI,length1,42
2,955453,955423,30,MQTQCNINLI,length1,30
2,955480,955456,24,MKMQKRKI,length1,24
2,955552,955549,3,M,length1,3
2,955618,955555,63,MNYKTVLKLLFLTIQQTVVVH,length1,63
2,955684,955657,27,MQITFFQLY,length1,27
2,955801,955789,12,MRVK,length1,12
2,955834,955810,24,MLKMTVYL,length1,24
2,955858,955855,3,M,length1,3
2,955978,955969,9,MAL,length1,9
2,956521,956503,18,MVIIIQ,length1,18
2,956833,956680,153,MSGIQIVRHNSEFFVAKQRIGNSLWRRTNINKQRCTVRNQLCNFLCNIIFL,length1,153
2,956917,956905,12,MAAN,length1,12
2,957046,957040,6,MA,length1,6
2,958426,958348,78,MPFLFLVRHNDTQAIQTPICFRKLVQ,length1,78
2,958774,958678,96,MQCFKGNLLTHVISFVIKQQTNRRWWQETIEL,length1,96
2,959002,958921,81,MIPSQEFHFFAGKGKFSIKGNRHTFFF,length1,81
2,959191,959182,9,MRI,length1,9
2,959770,959767,3,M,length1,3
2,959881,959830,51,MINTVRKTFHALTCIAE,length1,51
2,960040,960019,21,MIFFDRT,length1,21
2,960202,960163,39,MTFLPKLFWSCSE,length1,39
2,960304,960283,21,MMCFVHN,length1,21
2,960358,960349,9,MRF,length1,9
2,960592,960457,135,MQIKTTKHFHQPLMLQGFWHDNKNTLHFLSKKLILQNHSCFNGFP,length1,135
2,960673,960655,18,MKLMGN,length1,18
2,960784,960730,54,MTKRAITQCKMSTAINLR,length1,54
2,960946,960940,6,MG,length1,6
2,962074,961327,747,MNYRDELILQWVNQQGKASVIELAQHCDISVETIRRDLNKLANKGLLHRTHGGAVSNKTKDLGSFFQTRKHINATAKRHIAQKALDLLYENAVIGLDASSTSWYFAYLMPDIPCTVVTNSMFNINALVNKSNVKTIVTGGVYSAKYEAFYGPLSEYLLQRLHINFSVFSCSGIDKNGNIWESNELNASLKRKMMEASERAYLLIDSSKFEKTSLIQLADLSKINTIFSDRSLPDNLQKYCEQHDIMTVL,length1,747
2,962107,962083,24,MTILTENY,length1,24
2,962491,962476,15,MCSCR,length1,15
2,963451,963442,9,MAT,length1,9
2,963691,963550,141,MGCYRRRSKTLLRKYTLVPCCSRIFSRGRFIFSIPNQRWHTVYNAPY,length1,141
2,963847,963808,39,MVCSTFNWKRCIY,length1,39
2,964501,964459,42,MEMPTDHTSNGKSI,length1,42
2,964876,964837,39,MGIKSRTCHFLWT,length1,39
2,965089,965056,33,MGGFWRHRMVR,length1,33
2,965650,965638,12,MAMR,length1,12
2,965698,965695,3,M,length1,3
2,965722,965710,12,MVYL,length1,12
2,965788,965770,18,MLMPLC,length1,18
2,965845,965827,18,MLKLVT,length1,18
2,965884,965848,36,MRLKVRSVSHQI,length1,36
2,966013,965932,81,MLLLSVVRSQNMATLSLKKGLLPFYKQ,length1,81
2,966676,966028,648,MNRAELSQKIIDTCLEMTKLGLNQGTAGNVSVRYKDGMLITPTGMPYHLMKTENIVYVDGNGKHEENKLPSSEWQFHLSVYHTRPEANAVVHNHSIHCAGLSILEKPIPAIHYMVAVSGTDHIPCVPYATFGSHELASYVATGIKESKAILLAHHGLITCGENLDKALWLAQEVEVLASWYLKLLSTGLEIPLLSKEQMQVVLGKFHTYGLRIEES,length1,648
2,966718,966703,15,MRKTL,length1,15
2,966982,966886,96,MEDTAQWLFLRHYLPVAIATKRGFFWGLLFMQ,length1,96
2,967036,967015,21,MKYLISF,length1,21
2,967249,967234,15,MLQVI,length1,15
2,967303,967297,6,MI,length1,6
2,967543,967531,12,MLNV,length1,12
2,967801,967780,21,MVLPSMA,length1,21
2,968086,967972,114,MASELGKYLNSQNIVFICIIKSVFKLLHSNDADYEHKI,length1,114
2,968995,968923,72,MPTYSNFTCLYTLWCDETIRNNGY,length1,72
2,969427,969397,30,MKNGLKLHLL,length1,30
2,969568,969475,93,MIFNHHLLKVNNSILFKPEHITHSGNNYNTD,length1,93
2,969874,969838,36,MLSINHKNNTIR,length1,36
2,970264,970195,69,MKFWFENNIKNPNHQRQQNNHYW,length1,69
2,970432,970405,27,MIFFAIKLA,length1,27
2,970633,970597,36,MQCRRQGKATKK,length1,36
2,970882,970873,9,MTS,length1,9
2,971098,970942,156,MLNECYKDATSNIQKCDREQQILIKTQCTISLFQNFVRANAAASAINSSLGR,length1,156
2,971362,971248,114,MNAFGKAKSISSLPPFMPIGVTLTKISACWFSKELMYA,length1,114
2,971512,971488,24,MTLAFLFK,length1,24
2,971545,971536,9,MAM,length1,9
2,971623,971587,36,MVFTDSMACADG,length1,36
2,971746,971686,60,MPNARTPLMACSISCVVNAL,length1,60
2,971779,971749,30,MKFNPSLSYK,length1,30
2,971944,971827,117,MQSWVSLLIMVSPYIFKFIPSSMPIKYWFISKAGFAALS,length1,117
2,972247,972217,30,MIPWPIFAAG,length1,30
2,973237,973177,60,MNTRLKFPRELLVIGSKRNS,length1,60
2,973396,973387,9,MGF,length1,9
2,973453,973435,18,MAWHHD,length1,18
2,973594,973501,93,MKILRKDDIRQKTIILSFCLHLCDMDGIVPP,length1,93
2,974599,974551,48,MKYPLILLLLWMLDRS,length1,48
2,974743,974719,24,MCLKSHSC,length1,24
2,975169,975157,12,MDAY,length1,12
2,976078,976039,39,MAYDRHSEYCIHW,length1,39
2,976261,976207,54,MHRLNLVMHAQNGVDPRR,length1,54
2,976375,976357,18,MQKNVT,length1,18
2,977812,976603,1209,MAKEQPNDLTEQLTDTPKTAVEQAETMQSVPQTIVKKTGTALSLLAILVALGIGGAGYYFGQQQIAEIQQKLTALENQTGANLSSNNTNNNKRLTQLEQSLKTAQENIAQLEQLIVSKTGEITSLQTQMKQVSQLAIAQQPSDWLFSEADFLLNNALRKLVLDNDVDTAVSLLKLADETLVKVNNSQANEIRSAINQDLKQLLSLSSVDQNAIMQKLSQLANTVDELQALNVNFDETSKNNDKLSNNITDWQQNIEKSATSFLNHFIRISPKQNSNKKELLAPNQDIYLRENIRLRLQLAIMAVPRQQNELYKQSLEAVSSWVRSYFDTNAEVTQNFLKLVDGLTDTSIYVDVPEQLKSLTLLDKYLNRTALDLQKVEIEADKAIDTMPKVEAVKPTQSESQQ,length1,1209
2,978034,978001,33,MGHHSFLSFKS,length1,33
2,978055,978046,9,MVF,length1,9
2,978865,978826,39,MLYQSCFGLFICS,length1,39
2,979732,979705,27,MRSHNKVYE,length1,27
2,979792,979735,57,MSHLHYKNRIISHKKIFTM,length1,57
2,980164,980095,69,MVSGGSIALSLPKIFYFFNLLNE,length1,69
2,980617,980578,39,MYHYTYTPDLSTS,length1,39
2,980785,980653,132,MTHLLASFVLRCFQHLSLPHLATQQCLWRDNWNTSDASTPVLSY,length1,132
2,980923,980878,45,MANSHTLGTYFSPRM,length1,45
2,981094,980962,132,MNSWAVSACYPRSTFYPLSDGPSIQNHRITMTYFRTCSTCLSRS,length1,132
2,981142,981127,15,MSDRD,length1,15
2,981523,981463,60,MPFVQVGTYPTRNFATLGPL,length1,60
2,982270,982177,93,MSAFALVIRPANLSINLHPLTQRSPTQQAYH,length1,93
2,982357,982330,27,MPLRAILAC,length1,27
2,982474,982387,87,MPQLRCYISAPLHLPRRPTRLVSYYAFFK,length1,87
2,982675,982666,9,MDP,length1,9
2,983503,983455,48,MFQFSRFASTSYEFTC,length1,48
2,984145,984052,93,MISGGDKRDRTADLLRARQALSQLSYIPISS,length1,93
2,984511,984505,6,MV,length1,6
2,984634,984589,45,MESSCRLQSGLRRTL,length1,45
2,984961,984922,39,MSRVGKVLRVASN,length1,39
2,985573,985519,54,MAASGFPPLRNIPHCCLP,length1,54
2,985867,985693,174,MACGLSVPHFHLPIIRGISDSFPSLSPSISQIPKHYSPVRHSSARKQAFSCYRSTCMC,length1,174
2,985933,985897,36,MIKLFNSSSIAQ,length1,36
2,986212,986203,9,MIF,length1,9
2,986344,986314,30,MKTFLNVHRS,length1,30
2,986482,986431,51,MWRIRLPSHQKYSFHKE,length1,51
2,986647,986530,117,MPKYFLSFLVLDDFYLFELVVLNLDGLNYAVLDRFVSTI,length1,117
2,986875,986788,87,MLIVMHLLLLPRLYLKLNHNHIKIEIQYQ,length1,87
2,987178,987142,36,MQWHKEQLMKHK,length1,36
2,987448,987424,24,MLQIRLKQ,length1,24
2,987610,987484,126,MLPSFLKLTKKPQQSKNHHGIVILVYGDGMATKAMCPLSSST,length1,126
2,987712,987625,87,MPCRPHHHKSEQQMQELASYLKNTSQEYQ,length1,87
2,987874,987847,27,MNICLKTLR,length1,27
2,988267,988207,60,MMPSIWMFLFNLCPKSSCVF,length1,60
2,988444,988405,39,MTGICRNFAVSAV,length1,39
2,988849,988801,48,MAHKEFTAFTINHKGI,length1,48
2,989200,989182,18,MRNFVR,length1,18
2,989377,989311,66,MINRHVWHGNTRFLRLATNGIN,length1,66
2,989869,989740,129,MTALLSRDYQTENYFLTAIASISNPTSFGKRATSTQERAGKLG,length1,129
2,990112,990031,81,MSAGTSPVAGFTGICPEVKTRLPRSTA,length1,81
2,990151,990127,24,MAAGAFSV,length1,24
2,990373,990337,36,MDLELDVTILHY,length1,36
2,990625,990421,204,MPTDHQPIARMDTYKPHQPLHPLIGVVLLHYKSVAQYKCQHLRRSYLKFPQIHVDYLCVILCLRSQNQ,length1,204
2,990715,990679,36,MLFSVHLQLIGL,length1,36
2,991345,991255,90,MALQSHELPLPDDIHYDDEVYQYFVQDDLK,length1,90
2,991954,991909,45,MTNAIAIPITRIGKE,length1,45
2,992131,992122,9,MEM,length1,9
2,992146,992140,6,MP,length1,6
2,992944,992824,120,MEAIVPSISFNKACCTPSPETSRVIDAPSDLRLILSISSI,length1,120
2,993031,992950,81,MPFSAFSVSYSQFCKSFCNTFSTSSPT,length1,81
2,994012,993895,117,MSLVGSSDSKKRSCATIKFAIRSSTSPLRKITRSFNKRE,length1,117
2,994114,994015,99,MSYERSPREVCSTTIGITLIFLPFSLKLLIILS,length1,99
2,994213,994198,15,MLVDS,length1,15
2,994393,994225,168,MKKLFLLLVLLQVLHQQLVLPILHCEYYSLTLRFCCNIPQLLLAARKLMQYLQSLL,length1,168
2,995551,995488,63,MTFVTSINLHSVKSTPNTFVK,length1,63
2,995695,995677,18,MLIQSN,length1,18
2,999139,996304,2835,MVDGLRQAETLSSQGFKELFEGYGNFNNTRNSIEIENVKTATITKGADSLKSGSGALGGSVIFETKDARDYLIDKDYYLSYKRGYQTMNNQNLKTLTLAGRSKKFDILVVDTKRDGHEIENYDYKIYPNKQADLSAVGPTREKADPYQITRQSTLIKLGFQPNENHRLSVALDDSTLETKGIDLSYALRPYSQSTSEKSEKYGERIINDQSKRKNIQFSYENFTQTPFWDHIKLSYSSQKITNKARSDEYCHQSTCNGVRNPQGLHLVEEGGIYKIKDKDNQDFQYVEDKSSYYPSYELHNSKGKKISNDVDTEGGSLDSVLIDCEKLNCENKKFRIYQETDENYEKKYTYQDRKIDVKTLPNGKKYGKIPLKSTQGKYGLTQDESAKFLFPKSFGYSTDFVNDRDLNTNTQQIKLDLDKEFSLWHTQHSLKYGGFYEKTLKSMVNHQYNTAANVQWWADYFFCARGENGNLGVEKIPQPNISVAGCANGTLLHSDKGKETYLIPVTTKNNVLYFGDNVQLTSWLGLDLNYRYDHVKYLPSYDEKIPVPNGLITGLFKKFGLKEYVYGNKNSVPKNQGYKDCTYTTECYKKNFQDNLALLLRKTDYKHHSYNLALNLDPTDWLRVQLKYANGFRAPTSDEIYMTFKHPQFSIQPNTDLKAETSKTKEVAFTFYKNSSYITLNAFQNDYRNFIDLVEVGPRPIEEGSTIAYPFHQNQNRDRARVRGIEIASRLEMGDLFEKLQGFHLGYKFTYQKGRIKDNGLNPKYKEFLDLNKAEHPEYEAIARKPQPMNALQPTTSVYNIGYDAPSQKWGMDVYITNVAAKKAKDTFNSQWTSMVKRKEKIYGSETDVPASKANGKEVKDSRGLWRNNRYTVIDTIAYWKPIKNLTFTAGVYNLTNKKYLTWDSARSIRHIGTINRVKTETGKGLNRFYAPGRNYRMSVQFEF,length1,2835
2,999475,999400,75,MYFEPINTLGERLAKSVKSLTNCFE,length1,75
2,999715,999709,6,MG,length1,6
2,999883,999847,36,MKCKIYSLSFLM,length1,36
2,999988,999979,9,MEH,length1,9
2,1000054,1000042,12,MYTF,length1,12
2,1000216,1000204,12,MACS,length1,12
2,1000468,1000336,132,MRNSKRWCFFRLFFVFLKSGLITCYKLFARNSFRFFVFSQFFPQ,length1,132
2,1000642,1000561,81,MFNNFRLIKYFIIFHKNCWDCFFYLIF,length1,81
2,1000849,1000828,21,MAIAFAT,length1,21
2,1001206,1001197,9,MFG,length1,9
2,1001293,1001266,27,MIDQVFRLV,length1,27
2,1001374,1001344,30,MLLVISIKCG,length1,30
2,1001569,1001521,48,MFKGKRNTLRSVLCQC,length1,48
2,1001653,1001608,45,MTFWRVNFQYSCAGN,length1,45
2,1001836,1001815,21,MHRLAFI,length1,21
2,1002193,1002187,6,MT,length1,6
2,1002418,1002373,45,MFFCLRRNPFIRSDN,length1,45
2,1002442,1002430,12,MHTT,length1,12
2,1002514,1002475,39,MPRHINKAKYFVF,length1,39
2,1002595,1002574,21,MCGTCAS,length1,21
2,1003348,1003051,297,MTLSQRNARLRGWACNCSIHSFLPTIMPACTPPSNLSPEKETKPTPCATFSCTVDSFGKPYWLKSINAPLPKSVTTGTFISRPSSASSSSETEEVKPQI,length1,297
2,1003642,1003594,48,MQAASAPVSLHNNSLM,length1,48
2,1004581,1004566,15,MLKGI,length1,15
2,1004605,1004584,21,MNIGNAF,length1,21
2,1004650,1004638,12,MGGK,length1,12
2,1005013,1004998,15,MTVVI,length1,15
2,1005157,1005067,90,MATIFNFHTHFITECWHNVIEGICALSKID,length1,90
2,1005433,1005358,75,MNGCFMRLALANLNVITMHCIKTDF,length1,75
2,1005568,1005532,36,MVTFSNYTTIPN,length1,36
2,1005955,1005892,63,MNPTFQQTTAHWRNAFIQDRG,length1,63
2,1006072,1006066,6,MR,length1,6
2,1006384,1006252,132,MFYGCHFIKFFTIQQFYRHNTLQFRTQCFFICRFTKLKTPRSHI,length1,132
2,1007902,1007734,168,MHTINKTDILSTMRVECQTKKEKTNTNTVEQIANVDEPKSIHGLIRFSSIPPDAVV,length1,168
2,1008217,1008055,162,MTIIVKQITNTDHIVQAPAPDVGKPSIPAPTQTLAIIHAPPKMEGCFFIEHPYQ,length1,162
2,1008310,1008250,60,MQFKMNCIFRDIIQLLLNVP,length1,60
2,1008397,1008388,9,MPQ,length1,9
2,1008787,1008466,321,MVVVYPSSDLVLIKMSQFLPLLYLQLYKVRKKVLVLGIGRLEYVVIIYPHLRTPRGHLVVGKAHQFFLSLQPNIQFAQYDKPAILGAYHHASQQPNVPLHHLLNHHK,length1,321
2,1009237,1009204,33,MDVLLLYQMPL,length1,33
2,1009636,1009588,48,MDSCLILTSLVHDTHE,length1,48
2,1010179,1010173,6,MS,length1,6
2,1010281,1010263,18,MMIKLP,length1,18
2,1010599,1010548,51,MPASDLMGPIIVPSDPI,length1,51
2,1011862,1011838,24,MFSTQPVA,length1,24
2,1012162,1012147,15,MNDMR,length1,15
2,1012297,1012246,51,MLKGQSNKWFHHADLFA,length1,51
2,1012381,1012315,66,MHGNPSDKLCSLLILQKANQAH,length1,66
2,1012582,1012537,45,MCLNKSYHRPYYNPH,length1,45
2,1012717,1012702,15,MAQPM,length1,15
2,1012762,1012729,33,MLHFDYDRVQQ,length1,33
2,1013113,1012897,216,MPWHNCLLANKILNASLLAQMPKKTLLLSLTMGDALLSFFLVSLKNRKLNVDLRFHFQYRLLLKYLRQLKEQ,length1,216
2,1013365,1013356,9,MLA,length1,9
2,1013800,1013746,54,MQQTLHRPTFHSLNALLQ,length1,54
2,1013908,1013854,54,MPNKGVVRALLRVLFYRK,length1,54
2,1015060,1014490,570,MKVEKNVVVSISYQVRTQDGVLVDEAPANQPLEYLQGHNNLVVGLEKALEGKEVGDKFEVRVQPEEGYGAYSENMVQRVPKDVFQGVDELEVGMRFLADTDIGPVPVVITEIDGDEVVVDGNHMLAGQELHFTVEVVAAREATLEEIAHGHVHGAHSHDDDEEGHGCGCGGHHHEHNHEHNHGSCGCGGH,length1,570
2,1016947,1015213,1734,MKKKSLKLTALFLALSCFPAFAEQTVDIEVQGIRGFRAVRNTDLNVNLINKEEMDGSERYQHLVTKAVDRGLRVFGYYESSVRFERKQRQGKRDLLIAHVTPGEPTKIAGTDVQIEGEAAQDENFNALRKNLPKDGVLVEHQTYDDYKTAISRLALNRGYFDGNFKISRLEISPETHQAWWRMLFDSGVRYHYGNITFSHSQIRDDYLNNILNIKSGDPYLMNNLSDLTSDFSSSNWFSSVLVQPNVNHKSKTVDVEIILYPRKKNAMELGVGFATDGGVHGQIGWTKPWINSRGHSLRSNLYLSAPKQTLEATYRMPLLKNPLNYYYDFAVGWEGEKENDTNTRVLTLSALRYWNNARGWQYFGGLRTRYDSFTQADITDKTLLLYPTVGFTRTRLRGGSFATWGDVQKITFDLSKRIWLSESSFIKVQASSAWVRTYAENHRIVARAEIGYLHTKDIEKIPPTLRFFAGGDRSVRGYGYKKIAPKNKNGKLVGGSRLLTTSLEYQYQVYPNWWAATFADSGLAADNYTAKELYYGAGVGVRWASPVGAIKFDIATPIRDKDNSKNIQFYIGLGTEI,length1,1734
2,1020853,1016959,3894,MTEQLQPSETSPKSPEKPNKKHWVRKAICIGSAVIFIPVLGVAGALSFDAGQKSLIQLADKMLDSFSVEQIEGGLQNGLVLKNVRYQTAGIETHIAQARLQLDFGCLLSREVCLRDFTLNKPTIAINTALLPPSAPDNSKSGSMKRISLPISINAENLVVQDLSVNIDQTNITLGNFKSAVSLNNEKGLTLAPTEINDISVIAKKLPEGKPELKAEQPNKPVDWAAIEQSLTPAFLGNVSEIILPFDLHIPEISGKNWQYQAVNEKGETLQSVEMSSLIAQADTVDNQLQLQKLAVESSLGNLSSQGKLQLDGDMPLDLTLKSHLEPLKSDGKEILPASDVDLTLSGSLKKSTALSLKTKGVLDAELNGNVQLAQDKMPLNLTLNVAKGQYTFVNTMTPLKINDVTLKLTGDLLNYHAELKGNVAGMNYIPASQVELNADGKLYEVTVNKLGIASLDGKSEFVGNVNWKNGANWDIQADLEKMNIGFFVPVMPAILSGKLHSRGFADSQGWQVEVPTADLNGILSAKPISLKGSATLNQNVLLTVPDLQIRYGENYLKASGVLDDHSDFALDINAPNLRGLWSDLKGQVKGRVAISGQITTPNLDLDLTSSNLHLQGFQLAKASIKGHINNASLSSGKLNIKAEQLHYGENIKLHLLDLDLSGDEQNHKLILKSQGEPVAANLQINGHFDRTLEQWKGTISQVKFETPIGDVKSNQAIAVSYDNKQTQANIAAHCWQNTDIELCFPQAFNAGKQGNIPFQFKRVNLDLMNKLIEQDSLKGNLQAQGNVAWFTDKPFQFSTKVDGNHLAFSQKLDYRTFKLDIPKLTLNADIQNNNLVLKTDINLHNQGRIVGDIRLNDFVKTRQLGGTLAIERLNLSIANQLLTSGESVNGKVVSKLSFGGNLEKPLLNGDFNIRNIRTKLKSMPVNITDGDIALRFNGNRSTLQGKIETVDSHLNLTGRANWANIEHWTTELNAQANNFNVDIPSMAKLRFSPDITIKANPKELNLSGTVDIPWARIKIDSLPDTAEPVSEDEVILNGPHKSKEELIKREFAAKTKSGMDIRSDLRINIGKDVSLDAYGLKTNLDGLLSVKQDKGNLGLFGQINLTKGRYASFGQDLLIRKGLISFSGQAAQPTLNIEAIRNPETMEDSKITAGVRVIGIADSPEVTIFSEPSKPQDQALSYLLTGRSLESSGEVGSTGSVGAALIGLGISKSGKLVGSIGEVFGIQDLNLGTSGVGDKSKVTVSGNITNRLQIKYGVGLFDGLAEVTLRYRLMPQLYFQSVSSTNQVFDLLYKFEF,length1,3894
2,1021339,1021261,78,MPYSARKRQKACYRYWWRLDRNDYRR,length1,78
2,1021477,1021378,99,MREFCDSIFLPMASFPQKTFNARAKVRSIKSKI,length1,99
2,1021600,1021576,24,MEPLQPSD,length1,24
2,1021609,1021603,6,ML,length1,6
2,1021699,1021681,18,MFLYPV,length1,18
2,1021942,1021918,24,MGEKFRAS,length1,24
2,1022146,1022092,54,MRSHSPHLAVAPFTNLNF,length1,54
2,1022365,1022359,6,ML,length1,6
2,1022716,1022704,12,MMIT,length1,12
2,1023106,1022986,120,MHGGQRLICHIRYYRSHLSYRLHKVRFHSLVFQFLQNEPL,length1,120
2,1023154,1023133,21,MQILPRH,length1,21
2,1023382,1023331,51,MVCYFELASQHKGCCLT,length1,51
2,1023616,1023445,171,MQLLPHCTLDKLMLYIRQNLASSLSQEQLVVVIAYLLVLLISFGVHHSQLRQEQKEP,length1,171
2,1024396,1023931,465,MSEKYVVTWDMFQMHARKLSERLLPASQWKGIIAVSRGGLFPAAVLARELGLRHIETVCIASYHDHNNQGELQVLHAAQVPNGGEGFIVVDDLVDTGNTARAIRQMYPNAKFVTVFAKPAGAELVDDYVIDIPQNTWIEQPWDLGLTFVPPLSRK,length1,465
2,1024834,1024717,117,MSAWNCIKKLLFVAPPSTRRYCNRSPESDCIASKTSRVW,length1,117
2,1025197,1025122,75,MVVSSPFLDVIALLPVWSNIKQPVP,length1,75
2,1025443,1025410,33,MLNNMVRDALV,length1,33
2,1025698,1025659,39,MSAVRRHCQTIAL,length1,39
2,1025824,1025731,93,MVVSRWLVIPIAAISSDVMPAFATTSFKVEL,length1,93
2,1026115,1025971,144,MMYFLSVIVLLLQIIIRSRNYKVNCRQLLFCITMHQLMRLKQVQPLER,length1,144
2,1026235,1026226,9,MVP,length1,9
2,1026325,1026274,51,MGQADHEVLRFHRQLMP,length1,51
2,1026337,1026331,6,MP,length1,6
2,1026478,1026412,66,MYPQGLNFLVYHEQYCGLFHNR,length1,66
2,1026544,1026508,36,MRQQRMRRAFVK,length1,36
2,1026808,1026796,12,MIYP,length1,12
2,1027132,1027012,120,MFTHGCEGYYFIPFKNSTPVSGKSVNTPVAPDLFNKASYI,length1,120
2,1027813,1027807,6,MT,length1,6
2,1028158,1028023,135,MILSDFIWVFAIFDEWLLQPASTPAANKERAKVLSFISIFSLRVR,length1,135
2,1028392,1028365,27,MLSCPTNNC,length1,27
2,1028485,1028482,3,M,length1,3
2,1029199,1029181,18,MCRIPN,length1,18
2,1029289,1029235,54,MHHSTTTWRPTHTLEPTI,length1,54
2,1029727,1029649,78,MRSGFEWSKHNFFSNFLIMCHLNLPF,length1,78
2,1029985,1029886,99,MLLILPHFSTMITLFILFFLTFWESGVNNGIIA,length1,99
2,1030216,1030210,6,MY,length1,6
2,1031098,1031089,9,MGD,length1,9
2,1031308,1031305,3,M,length1,3
2,1031665,1031662,3,M,length1,3
2,1031836,1031818,18,MGKIAQ,length1,18
2,1031947,1031872,75,MNYLPTLIVYWVQRKCLLKHKILNV,length1,75
2,1031959,1031953,6,MN,length1,6
2,1032142,1032070,72,MNLFRINVLQCLVLKVITIFNLNF,length1,72
2,1032256,1032220,36,MNFAKMLVSSVV,length1,36
2,1032367,1032295,72,MILLKKSLNQHKVQKRSFYLLALV,length1,72
2,1032505,1032400,105,MQLNLHYLNYQHCHHHYLVCANVFNYVINLNPLVV,length1,105
2,1032529,1032514,15,MATVH,length1,15
2,1032580,1032532,48,MQHLKEIKYVVSTLVC,length1,48
2,1032616,1032586,30,MKKSLQIILY,length1,30
2,1032784,1032670,114,MNLFLNLILSVLKVSTRKIVSLGLFIALHIHNLINQQA,length1,114
2,1032829,1032793,36,MLNAKCKSAVNF,length1,36
2,1032856,1032841,15,MPSVM,length1,15
2,1032910,1032871,39,MPLSLVVVRVWLL,length1,39
2,1032940,1032931,9,MKS,length1,9
2,1034239,1032961,1278,MDNNIQRLIDSAKQSLNSPESHKYIDESFESCIKCTACTAVCPVSRNNPLYPGPKQSGPDGERLRLKSAELYDEALKYCTNCKRCEVACPSDVKIGDLIVRARNNHLAQSKKPLMNKLRDAILSNTDVMGKINTPLAPIVNTITSLKATKFMLEKTLKISKERTLPKYAFGTFRSWYMKNALQDQQKFERKVAYFHGCYVNYNNPQLGKEFLKVFNAMNIGVMLLEKEKCCGLPLMVNGFPNRARNIAQFNTDYIGKMVDENGIDVISEASSCSLNLRDEYHHILGIDNAKVRPHIHMVTPFLYQLFKEGKTLPLKPLKLRVAYHTACHVDKAGWAPYTLEVLKKIPGLEIIMLPSQCCGIAGTYGFKSENYEISQSIGKNLFDNINEGGFDYVISECQTCKWQIDMSSNVTCIHPLTLLCMSMDA,length1,1278
2,1034284,1034251,33,MHVVINVHFYD,length1,33
2,1034509,1034461,48,MLSISTAGVGSPKSPF,length1,48
2,1034656,1034629,27,MVFAINGNS,length1,27
2,1034899,1034884,15,MVAEK,length1,15
2,1034929,1034908,21,MMSSMCL,length1,21
2,1035121,1035049,72,MVSQPYWINLPAYAGSLPSATNLS,length1,72
2,1035442,1035391,51,MSLRISSPTSTMLKPCE,length1,51
2,1036102,1035949,153,MLRFVQLCCFFVDCIVFRSMSDLLSFTRVKESRQRKHAPIKSQLFALFQFS,length1,153
2,1036222,1036180,42,MGLRIYQSVIKKCG,length1,42
2,1036747,1036726,21,MAKLATI,length1,21
2,1037155,1037134,21,MVKGETN,length1,21
2,1037407,1037401,6,MV,length1,6
2,1037719,1037707,12,MAVH,length1,12
2,1038103,1038100,3,M,length1,3
2,1038166,1038151,15,MLKLL,length1,15
2,1038319,1038265,54,MAFTNNTQKEVYKCHLKK,length1,54
2,1038517,1038514,3,M,length1,3
2,1038562,1038550,12,MYLV,length1,12
2,1038658,1038577,81,MDGAEQNCRLIPLTNPFIKNIRYKKVR,length1,81
2,1038796,1038787,9,MSG,length1,9
2,1038889,1038886,3,M,length1,3
2,1039030,1039015,15,MTASI,length1,15
2,1039288,1039192,96,MIYFAPKSFNISLEISPVNAPFTLISTFCAPN,length1,96
2,1039612,1039597,15,MIILS,length1,15
2,1039660,1039633,27,MEPIKNNQL,length1,27
2,1039762,1039732,30,MGKQRILNVP,length1,30
2,1039951,1039792,159,MKACFLLRWMKMKRLLALCSFSLAFLLYNCNVIGKSPIFLCWNMRNKQKFMRR,length1,159
2,1040680,1040656,24,MVKSAGII,length1,24
2,1041169,1041160,9,MFG,length1,9
2,1041247,1041208,39,MTFTTGCSPSTSA,length1,39
2,1041766,1041664,102,MVFTSPLKANTAAASRGIALRIEPPRISERAKCG,length1,102
2,1041958,1041955,3,M,length1,3
2,1042192,1042042,150,MPVSSVIVKSTSRGGWAKSLLSNTAKVEAKPIPLSAPNVVPRAFTHSPSI,length1,150
2,1042405,1042318,87,MRIFPTSSRSTKKCFSFAQFTIKLANVSS,length1,87
2,1042738,1042681,57,MERYYCGESRWFVSSGCIG,length1,57
2,1043464,1043188,276,MRLLILILLSVLVLFQYNFWFGSNGFLDYRQNAEKIKENQAENEKLSQRNQRINAEIQGLTKGFEAIEERARMQHGLVKENEVFYHIVKESK,length1,276
2,1043587,1043584,3,M,length1,3
2,1043683,1043638,45,MILIFLHYRSILKFS,length1,45
2,1043728,1043722,6,MV,length1,6
2,1043815,1043731,84,MQLRKKMPGCLFMMLPALVYNMLILINC,length1,84
2,1044007,1043971,36,MRFPQEFNKVRI,length1,36
2,1044028,1044013,15,MKHQR,length1,15
2,1044508,1044505,3,M,length1,3
2,1044823,1044745,78,MGEGAMEGFSPPFCLPTLLNIWFIIN,length1,78
2,1044886,1044883,3,M,length1,3
2,1045120,1045057,63,MLGTHLLKNSGVNLFAYPLLM,length1,63
2,1045762,1045735,27,MLGNIFRPT,length1,27
2,1045867,1045846,21,MINNKKA,length1,21
2,1046125,1046113,12,MISF,length1,12
2,1046215,1046197,18,MQTITQ,length1,18
2,1047445,1047439,6,MI,length1,6
2,1048093,1047775,318,MRDLVRSGKVFLYGEFIGLLREDHHGFHFSYNPDYQGIPLSLSFPIEQSPFHSDTLFPYFASLVPEGWLKHKYAFHQRIDEGDMFRFLLNNGENMLGAVQIQEEKQ,length1,318
2,1048234,1048132,102,MKHFQVTVLKVCITLQAINILILNYLFLAKNLLQ,length1,102
2,1048321,1048303,18,MITLTA,length1,18
2,1048408,1048384,24,MNTPPCAL,length1,24
2,1048444,1048426,18,MCQKMV,length1,18
2,1048555,1048546,9,MVQ,length1,9
2,1048606,1048594,12,MSNM,length1,12
2,1048657,1048612,45,MNKLLSLFCSTLKII,length1,45
2,1048849,1048714,135,MIFTYAIFHLFIPKTVIQNLLQFMILCQCRPILKYLIQHYLPCHC,length1,135
2,1048951,1048867,84,MTHSPKDLILNTVNISAMILSSLGKILD,length1,84
2,1048963,1048960,3,M,length1,3
2,1049128,1049107,21,MNLNYKI,length1,21
2,1049506,1049389,117,MQECSGNTDTLFFSVREIATQFRHFCLIALWQTQNKIMN,length1,117
2,1050475,1050454,21,MRIEHFE,length1,21
2,1050613,1050607,6,MP,length1,6
2,1050709,1050694,15,MSVKV,length1,15
2,1050820,1050802,18,MCEWCH,length1,18
2,1050877,1050832,45,MPHYNKTIFTHLPPL,length1,45
2,1051402,1051366,36,MILFDRKKCGQY,length1,36
2,1051669,1051666,3,M,length1,3
2,1051741,1051717,24,MNQANEGE,length1,24
2,1052254,1052242,12,MPLE,length1,12
2,1052431,1052362,69,MPAPIFSLQKHAMPMLQSKRCPK,length1,69
2,1052869,1052860,9,MRT,length1,9
2,1053091,1053034,57,MITPKIKRSTHRKNYAYLM,length1,57
2,1053142,1053133,9,MVG,length1,9
2,1053265,1053244,21,MRIVFIS,length1,21
2,1053592,1053427,165,MQLNQPTNQPTNQPTNQPTNQPTNQPTNQPTNQPTNQPTNQPTNQPTKIVIFLNN,length1,165
2,1053664,1053604,60,MYLVLPKIVIRKHRQKLLKR,length1,60
2,1053790,1053724,66,MRRALLLLKLGVLGKAVLPFVV,length1,66
2,1053805,1053793,12,MKIV,length1,12
2,1053925,1053820,105,MDYVKLKHYLLKALKSFLRVMVTSIIRVMVQKLKL,length1,105
2,1054048,1054012,36,MREIISLTRITM,length1,36
2,1054135,1054129,6,MP,length1,6
2,1054264,1054156,108,MDTNLKTMITKMQIALLKVKKEKKQTHTKLSKTVHY,length1,108
2,1054360,1054321,39,MNIVLVGKIYPIH,length1,39
2,1054486,1054414,72,MIKQRDVIFPLAMKISLKRHFGIH,length1,72
2,1054555,1054534,21,MIIVMQV,length1,21
2,1054612,1054603,9,MGK,length1,9
2,1054717,1054624,93,MVQNFNLKKVLVTQKKNMMTSGNLLILMVKK,length1,93
2,1054843,1054759,84,MIVQYLIVKKIQKSKFFKVTSLMAMMEN,length1,84
2,1054897,1054876,21,MAKHSLK,length1,21
2,1055089,1055065,24,MVAHIIQR,length1,24
2,1055281,1055116,165,MMPLMFSGGQRLNLELKLVNMFIMLTFALELILNFHSYYPLKQKKNRSISLIMLL,length1,165
2,1055383,1055317,66,MTISIINQNINTALHRNYLMIL,length1,66
2,1055551,1055425,126,MMKLRKTHNKILTISLNKTKNIKRILIVLFQRLIQRVFFVYN,length1,126
2,1055644,1055587,57,MKCISPLNTLISLFFQILI,length1,57
2,1055755,1055692,63,MMIGDLFPQVCLRLTIETLLT,length1,63
2,1055920,1055908,12,MDLT,length1,12
2,1055971,1055956,15,MAIFL,length1,15
2,1056007,1055974,33,MQFSLKRWCMA,length1,33
2,1056061,1056013,48,MITQAKNLDLISTPPT,length1,48
2,1056196,1056175,21,MCNQLKI,length1,21
2,1056292,1056286,6,ML,length1,6
2,1056505,1056424,81,MHNTDNTYSNTIPSINSSINKNKFCIL,length1,81
2,1056544,1056541,3,M,length1,3
2,1058122,1058113,9,MAE,length1,9
2,1058500,1058422,78,MDDRTGRIGRNASSIRIDYESKPFSS,length1,78
2,1058548,1058527,21,MWRTFAN,length1,21
2,1058599,1058596,3,M,length1,3
2,1058764,1058737,27,MRFCGARRI,length1,27
2,1058797,1058794,3,M,length1,3
2,1058872,1058869,3,M,length1,3
2,1059391,1059388,3,M,length1,3
2,1059625,1059601,24,MGQSDYAK,length1,24
2,1060288,1060261,27,MQKFRFNQC,length1,27
2,1060375,1060339,36,MARRNARFCRGL,length1,36
2,1061152,1060402,750,MENKYSDFMVYVDESGDHSLQSIDKNYPVFVLAFCIFYKDHYRNNIVPQIQKIKFDYFGHDMVILHEHEIRKEKGDFNIFTSREQREGFMERISSIIENTNFILAACVIDKRKTPQNETTHPYHFSLKHCLETLYEFVCEKHQEDKITFVAVESRGRNEDRELELEFLRICDGQNKFKKSLPFQVKIVPKQINSVGLQVADLVARPIGRHILDSNQPNRAFEILKKKFYCEGGRKILGENFDQKGLKHFP,length1,750
2,1061830,1061269,561,MQQITRCPWVGEQPIYIDYHDKEWGKPEFDSQKLFEKICLEGQQAGLSWITVLKKRESYRAAFHQFDPKKIAKMTALDIDACMQNSGLIRHRAKLEAIVKNAKAYLAMEKCGENFSNFIWSFVNHKPIVNDVPDLRSVPTKTEVSKALSQALKKRGFVFVGETTCYAFMQSMGLVDDHLNDCPCKTR,length1,561
2,1062619,1062496,123,MIISSTQSFTVSKQLARSCASFFTIIATLIVGIFSILFLLY,length1,123
2,1063066,1063036,30,MYRDGNRTLA,length1,30
2,1063384,1063363,21,MDCCQHA,length1,21
2,1064404,1063936,468,MTSVIYPGTFDPITNGHLDIIERSAVIFPRVLVAVANSPSKKPLFSLEERVELVRQSVAHLSNVEVFGFSDLLANVIKQHNISAIIRGVRTTTDFEYELQLAALNRLLTKGVDSLFFPPAEKWAFVSSTIVREIYLHGGDVAELVPEPVFNALKAR,length1,468
2,1064554,1064500,54,MQGLLMILKWRNNGDCQS,length1,54
2,1064653,1064599,54,MRGLNNSYETQSSTTTSR,length1,54
2,1065124,1065118,6,ML,length1,6
2,1065262,1065229,33,MAGKNSLFVGG,length1,33
2,1066468,1066462,6,MS,length1,6
2,1066558,1066546,12,MGTR,length1,12
2,1067494,1066918,576,MNILLLDGGKAFGHSHGELNHSLHKKAKEVLTALGHNVKETVIDAGYDVEAEIEKFLWMDAVIWQMPSWWMHEPWTVKKYIDEVLTSGHGKLYHSDGRHSVNPTEGYGTGGLLQGKKHMLSLTWNAPIEAFTREGDFFEGKGVDVLYMHFHKLNEFIGLTRLPTFLCNDVVKSPQVEQYLADYQAHLEKVFG,length1,576
2,1067920,1067806,114,METFFFYIFWYLVSHICCGCTFNRAEFETAYAIKLGFF,length1,114
2,1068184,1068160,24,MGIGIHIM,length1,24
2,1068280,1068235,45,MLGVEFCIKITVFAL,length1,45
2,1068430,1068385,45,MSDLFLSLWKIHLYF,length1,45
2,1068670,1068616,54,MHKFQKIFVQIQCVLRLK,length1,54
2,1068739,1068721,18,MMRFQV,length1,18
2,1068826,1068808,18,MRSSPL,length1,18
2,1068937,1068922,15,MMRKA,length1,15
2,1069099,1069066,33,MRMLYLKQKMA,length1,33
2,1069291,1069255,36,MLFKHNKLRKQQ,length1,36
2,1069300,1069297,3,M,length1,3
2,1069453,1069363,90,MILQILIPYFLQLHKQVKKHLFLVARMQAT,length1,90
2,1069546,1069528,18,MKSIQN,length1,18
2,1069600,1069564,36,MVIGLMPLLRCV,length1,36
2,1069633,1069606,27,MMQLLCLIQ,length1,27
2,1070053,1070032,21,MQKPTKF,length1,21
2,1070143,1070083,60,MVYVCVSVHYVATAKRLPLN,length1,60
2,1070203,1070194,9,MNG,length1,9
2,1070245,1070218,27,MTKKPHYVN,length1,27
2,1070665,1070647,18,MVRARL,length1,18
2,1071106,1071085,21,MDESCKS,length1,21
2,1071298,1071295,3,M,length1,3
2,1071430,1071421,9,MCR,length1,9
2,1071634,1071559,75,MGLKAPSRVRIPLSPPLFVLFILHP,length1,75
2,1072210,1072207,3,M,length1,3
2,1072342,1072315,27,MSLSNSCNH,length1,27
2,1072654,1072561,93,MIYFRTFTNGRFFNFYKVTDMRFSCEFCTWA,length1,93
2,1072852,1072846,6,ML,length1,6
2,1073425,1073398,27,MCCAKLFCL,length1,27
2,1073467,1073455,12,MGTH,length1,12
2,1073506,1073494,12,MNIF,length1,12
2,1073569,1073518,51,MGNINHVFYHWFTSDCM,length1,51
2,1074193,1074154,39,MICSLVNDITINS,length1,39
2,1074217,1074211,6,MK,length1,6
2,1074889,1074790,99,MTSAPRSKKNSYSVHHLRRIIKITPLRSWMGLE,length1,99
2,1075420,1075399,21,MGHHCIG,length1,21
2,1075525,1075468,57,MWHGRRTNFACYSSLFKVI,length1,57
2,1075714,1075687,27,MPINIRICR,length1,27
2,1075756,1075717,39,MRIVVTYCTIDFT,length1,39
2,1075870,1075855,15,MCARK,length1,15
2,1076596,1076590,6,MG,length1,6
2,1076791,1076698,93,MFVWHRDFSIIFLLMLKGLANSELNFDRLVR,length1,93
2,1077055,1076905,150,MSLNLLDFLLQVDEPILLIGTRQQGQEQYRGSFSLVNIRKTFPLNIAFLT,length1,150
2,1078138,1077136,1002,MAKPIVFSGVQPSGELTIGNYLGALRNWVKMQEDYECIFCVVDLHAITVRQDPVALRKATLDVLALYLACGIDPNKSTIFVQSHVPEHTQLSWVLNCYTYFGEMSRMTQFKDKSARYAENINVGLFDYPVLMAADILLYQAKSVPVGDDQKQHLEITRDIANRFNALYGNIFTIPEIFIGKAGARIMSLQDPEKKMSKSDDNRNNVVTLLEDPKSVAKKIKRAVTDSDEPPVVRYDVQNKAGVSNLLDILSVVTDKPIADLEKEFEGKMYGHLKTAVADEVSTLLAGLQERFHQYRNDETLLDNILRQGAEKARAKAQETLAKVYEAVGFVAAK,length1,1002
2,1078450,1078162,288,MAIQTEKPIECVGCNTFDMKSLFDNRDCSQVIEYIYDSEEQAQEALAFFTLKARDVESEPCEIQSEITKLDDGYLLKADFTFCCQAELVIFQMRIA,length1,288
2,1078894,1078837,57,MVFMPPLIAIVRCGKSRFS,length1,57
2,1079581,1079575,6,MV,length1,6
2,1079614,1079608,6,MQ,length1,6
2,1079752,1079719,33,MLANPATPFFR,length1,33
2,1080097,1080043,54,MQSLVEYHFLQHMEYIFS,length1,54
2,1080211,1080166,45,MFDVISYGKNSVSEI,length1,45
2,1080256,1080244,12,MPIN,length1,12
2,1080304,1080289,15,MYLLF,length1,15
2,1080709,1080688,21,MTTTFIF,length1,21
2,1081870,1081789,81,MMHDLEFVNVNLLHNRTSQKVELQHRS,length1,81
2,1082023,1082014,9,MLL,length1,9
2,1082047,1082026,21,MLKTQQV,length1,21
2,1082143,1082050,93,MLTQMNPHHGMNRSVNVHQDQLLGNQLMDQI,length1,93
2,1082263,1082248,15,MDISQ,length1,15
2,1082389,1082353,36,MILVVYQYWLPL,length1,36
2,1082548,1082488,60,MKGLLVLNDLMLSPFFLGQL,length1,60
2,1082644,1082632,12,MYHQ,length1,12
2,1082854,1082818,36,MLSYLRMGQLQF,length1,36
2,1082920,1082857,63,MLMKRMVLHHLRDAHLQFHLD,length1,63
2,1083070,1083061,9,MLT,length1,9
2,1083625,1083604,21,MQLLPQR,length1,21
2,1083997,1083868,129,MMKPFKFKNLLPTVVSKCFVSFSHAVNVFTFFNCCTFIIRSIR,length1,129
2,1084477,1084471,6,MV,length1,6
2,1084639,1084597,42,MHRVLCGNAHLVSL,length1,42
2,1084888,1084831,57,MQERCFLQPFSHAVCVLAG,length1,57
2,1085173,1085101,72,MPCFFKLIRIIEIAAGVIPEIRLA,length1,72
2,1085245,1085179,66,METGRCSSNFARTSLDKPDTLL,length1,66
2,1085569,1085524,45,MLRKRWRSCSIFSIF,length1,45
2,1085950,1085944,6,MA,length1,6
2,1086085,1086001,84,MPICTSNGKLVEIPFGYTSLLVKPSGSK,length1,84
2,1086145,1086133,12,MDGQ,length1,12
2,1086463,1086295,168,MGNTSSPCCLAKISKLIVRASIRGGVPVLRRSTRNPRSLNRCERFTEAGSPARPPS,length1,168
2,1087063,1087045,18,MDLLIL,length1,18
2,1087390,1087384,6,MV,length1,6
2,1087657,1087645,12,MGYG,length1,12
2,1087726,1087723,3,M,length1,3
2,1087948,1087912,36,MVSRSVRSARSF,length1,36
2,1088077,1088074,3,M,length1,3
2,1088134,1088119,15,MPPKF,length1,15
2,1088572,1088437,135,MLIASTWEFIAVSTIVIRCNQKFCFWINWFTLISEIHYTMRFWVD,length1,135
2,1089379,1089364,15,MWNIR,length1,15
2,1089628,1089601,27,MCFTLIINN,length1,27
2,1090039,1090012,27,MNICCCHNA,length1,27
2,1090231,1090123,108,MTSVHHRVFLIRVSKYSLYSKKNSGFLKERSKNIFI,length1,108
2,1090393,1090321,72,MTCCAICTKNEVNSFASMFLYTST,length1,72
2,1090768,1090723,45,MACNTMKLSDCMRCS,length1,45
2,1090909,1090789,120,MGRSTCVRRFTFIANINFCSGKKISWISNNCACIRAKTNV,length1,120
2,1091113,1091080,33,MSTSMHKTIVN,length1,33
2,1091149,1091140,9,MFW,length1,9
2,1091491,1091458,33,MKFTTPFNKLI,length1,33
2,1091755,1091617,138,MPGAVRFTISTGLTIARPAQTMVTPAIGEAVRPIAPAIAAAIPRFT,length1,138
2,1091986,1091962,24,MIIPSTFA,length1,24
2,1092058,1092052,6,MP,length1,6
2,1092352,1092322,30,MLYGACERFT,length1,30
2,1092628,1092547,81,MKKVMTVAIGIKKNFNPLNGLVSKCTR,length1,81
2,1092820,1092709,111,MLLAKASNAPIGLSVRMDIIKPTPIKTVRVSAFLIRK,length1,111
2,1092886,1092835,51,MPITATMDLNNSIICSL,length1,51
2,1092943,1092919,24,MCHIPYFH,length1,24
2,1093042,1093018,24,MHIQVRLD,length1,24
2,1093171,1093147,24,MLEMKEDK,length1,24
2,1093270,1093201,69,MRQLHLPQHSNQNKAYRYLLFHE,length1,69
2,1093333,1093315,18,MYFHRQ,length1,18
2,1093639,1093615,24,MKSYCYYA,length1,24
2,1093702,1093678,24,MDCVALLI,length1,24
2,1093729,1093714,15,MLFRN,length1,15
2,1094011,1094002,9,MEF,length1,9
2,1094041,1094038,3,M,length1,3
2,1094296,1094284,12,MLIE,length1,12
2,1094479,1094467,12,MIYT,length1,12
2,1095004,1094971,33,MCHSLLFGKHE,length1,33
2,1095178,1095157,21,MISIFLM,length1,21
2,1095289,1095268,21,MILFLDN,length1,21
2,1095379,1095367,12,MIIP,length1,12
2,1095445,1095442,3,M,length1,3
2,1095556,1095517,39,MDRILCLKHKNSH,length1,39
2,1095886,1095847,39,MMLYYFLYINLMY,length1,39
2,1096180,1096129,51,MLSLGQYCSHFDLKFFQ,length1,51
2,1096429,1096375,54,MFPFPLLHQILVYTSPRD,length1,54
2,1096732,1096582,150,MLQNDFLIYRLQDYYFYQQVYYRCYNVVLWGFVPQDTVHHHNVRHFLLVE,length1,150
2,1096804,1096798,6,ML,length1,6
2,1097032,1096891,141,MSKICLDLYFQPVFYHRLRQCDYFHQDLYQFSIKDCGLFYYKDRSFL,length1,141
2,1097284,1097266,18,MHHYQT,length1,18
2,1097434,1097404,30,MFLLEQRHQP,length1,30
2,1098151,1098139,12,MMIL,length1,12
2,1098382,1098355,27,MQHLECHQN,length1,27
2,1099657,1099471,186,MVLFYTLISARNSDWFFDHAFGEVGEFNFDIEIIKSVCCGGISFIINAISFDDKNIISRVIC,length1,186
2,1099804,1099792,12,MFNV,length1,12
2,1099885,1099858,27,MASQSSFII,length1,27
2,1100098,1099900,198,MPSAFFVIRVPALPFTMSTISDKDPITASFPVCFAKLIAACTFGPMEPEAKPSSEMASGEATEIAF,length1,198
2,1100245,1100146,99,MMNKSASRFSASKAEHKSLSITASTPCKLWCSS,length1,99
2,1100434,1100257,177,MPPPPAQITILPFSSNHLTGRISKIRFGNGLGTTRRYLSPSCAIDQFFSFAKRSASSFV,length1,177
2,1100746,1100728,18,MRTFCR,length1,18
2,1100968,1100893,75,MFIGDSNTSSVTSIPLANSGYFSAI,length1,75
2,1101355,1101088,267,MRSPQVSNGSPIETHTSVWIKSTPFTALSISSVTVIRAPLSFANFSHISTRFASGNNALGPQIRTSIPNFAPINKSELPMLLRASPIYT,length1,267
2,1101469,1101394,75,MVSTSASICVGWNSSVKPLNTGTPA,length1,75
2,1101601,1101598,3,M,length1,3
2,1101784,1101676,108,MSAIFLPFNFCCSVPAYLARFKSRERSKRYLISRSV,length1,108
2,1101970,1101967,3,M,length1,3
2,1102084,1102078,6,MF,length1,6
2,1102195,1102108,87,MCLLMLNKSAVIFITVFNTLIFSKYYLYI,length1,87
2,1103050,1102234,816,MNLPFRAMVSDLDGTLLTPEHLVGDLTIDTLRALEQKGVDIILATGRNHTDVSSILGKIGAERAVMITSNGARVRDLQGNLLYSNSLPEELVLELYKTPFDTSKVCMNSYQDEGWFTNKDIPAMRQFHKESGFDYNVVDFSKHHGRGTEKVFFIGKTPEDLVEVETYLRDKFGDVTTIVYSALACLEVMNKNVSKGDALKHLLESREYESKDCIAFGDGMNDVEMLSWAGKGCIMKDADIRLKTACPDLEVIGSNKEESVACYLRTQFGLDY,length1,816
2,1103338,1103326,12,MTSG,length1,12
2,1103380,1103341,39,MDLVYWLYIYSGA,length1,39
2,1104106,1103887,219,MTRNYSFILLNRYKVRSFLTALLAFVIFFIQNHFLIQYYFQIVQYPPLRLVLDWPLIQHVNELLIHLISLYFR,length1,219
2,1104322,1104166,156,MRLIFLQVCVLHQVLIILLLLKCLLHREFGNPLGGTVPLICFSLLLREFHFQ,length1,156
2,1104457,1104391,66,MHYRLWWFQDYQTSRLFSYGFG,length1,66
2,1104730,1104640,90,MHHRFQVPVPHYLVEKQKVLLHLHQVLLHK,length1,90
2,1104796,1104760,36,MHRFFLLFALEQ,length1,36
2,1104862,1104811,51,MLFYPMIQARKFLQFDP,length1,51
2,1105165,1105087,78,MYRSRKIFILIKKYGVYISVKRMGKA,length1,78
2,1106059,1105408,651,MNIKDEHIDSVCSLLDQLVGNVSFKNLFTGYGLFHKEETMFAIWQNKKLYLRGEGVLAIQLTKLGCEPFTTNELNKRFVLSQYYALSDQILRSNRLCRKLIILSIKQILERKLECTLRKLNRLKDLPNLTIKHERALIKVGITNVAMLREIGAENALVELKKSGSGATLDFYWKLVCALQNKNSQMLSQAEKERLLKKLNEVLRKNGLKGYRKLDDE,length1,651
2,1106581,1106575,6,MP,length1,6
2,1106803,1106731,72,MGGTLTQPCRVNEEGLRVVKFFRY,length1,72
2,1106821,1106815,6,MC,length1,6
2,1107355,1107304,51,MWFNSMQREEPYLLLTS,length1,51
2,1107652,1107559,93,MALTSRATHVLQWRIQREAKLRGGANLIKYV,length1,93
2,1107727,1107718,9,MSR,length1,9
2,1107853,1107835,18,MTGVKS,length1,18
2,1108294,1108027,267,MSPSSRGLGHRPFTAVTGVRIPVGTPIKDNFIRLSYCSLKNWKQAENKRFSRESLSRQNSKVKERTEKETLKTNLFCKKILIEQKQSSV,length1,267
2,1109029,1109023,6,MG,length1,6
2,1109158,1109050,108,MGQRLIFCSEVNRIGEPKGNRVLTGRLVARYRPETR,length1,108
2,1109230,1109218,12,MLKN,length1,12
2,1109254,1109236,18,MTCGWG,length1,18
2,1109404,1109380,24,MQTTNTKE,length1,24
2,1109698,1109677,21,MEWREAT,length1,21
2,1110538,1110445,93,MVSSQEKHLIEAPVNGGRNYNGPKVAKFLVG,length1,93
2,1110598,1110565,33,MMARLSPPETQ,length1,33
2,1110784,1110778,6,MF,length1,6
2,1111018,1110994,24,MEGPSLNG,length1,24
2,1111120,1111090,30,MSAHHILGLK,length1,30
2,1111240,1111219,21,MIDWGCS,length1,21
2,1111576,1111528,48,MKSEANKSRAETEVKD,length1,48
2,1112284,1112101,183,MLIPIFENGKKIYQDSSGNKYQYDLTNSMDQFSYSTDLSAQMRDKSSITATRNPNGGGIYE,length1,183
2,1113586,1113583,3,M,length1,3
2,1113751,1113742,9,MQM,length1,9
2,1113775,1113769,6,MD,length1,6
2,1113820,1113799,21,MPLVWVV,length1,21
2,1113907,1113823,84,MCMVLFFHVGEVQHQFSVQFGLAMYKRV,length1,84
2,1113934,1113925,9,MKV,length1,9
2,1114048,1114042,6,MF,length1,6
2,1114141,1114090,51,MAAKVIMQKNFPKKRHN,length1,51
2,1114249,1114231,18,MAMHKL,length1,18
2,1114354,1114321,33,MAFKLRLSMVY,length1,33
2,1114474,1114414,60,MAVQNGLLLVRCLHNEKILF,length1,60
2,1114951,1114939,12,MVRE,length1,12
2,1115218,1115200,18,MGCDFA,length1,18
2,1115428,1115419,9,MVS,length1,9
2,1115557,1115521,36,MVTQRNRYRSAC,length1,36
2,1117714,1117687,27,MLTFFIAIF,length1,27
2,1118014,1117750,264,MEKYNKLRIEWDCRRGMLELDKIIMPFYLKHFDELTDDKKDIFIRLLASTDLQLFSWFFNRAKSQDVELQMMVEYIQKVQKIITNENY,length1,264
2,1118128,1118104,24,MGEIWLNS,length1,24
2,1118278,1118233,45,MYHVTIFLMWCKNPL,length1,45
2,1118494,1118398,96,MKIFWQKMLKIMMWVRTCGMWIHPKMKCCLVS,length1,96
2,1118764,1118740,24,MENKSKLT,length1,24
2,1118779,1118770,9,MLY,length1,9
2,1118986,1118923,63,MSLLCLNLNQKTHIILYLCKN,length1,63
2,1119178,1119082,96,MRLIYLRLQYCKPCHLIMRFKRLAIMRQVKIH,length1,96
2,1119268,1119235,33,MNCNVECTLML,length1,33
2,1119274,1119271,3,M,length1,3
2,1120318,1119376,942,MKKIPLKFTALSLFLLLSSIASAEELSAKQSLDKMTQALDNLNYEIAFVQTTPANMDSFRYRHIKQDNKTYAQLVTLDGHQQEIIQRDNLVSYFQPNAQAFTLNSGNIVDAMPAVVRANFDKLSSDYDFVKLGKDRVAGRFVDTIRIVPKDDFRYQYLVFVDEENGLLLRSDMLDREGKLLDQFRVVTLYIDDRLRGLTDYINKVSMPPLLKESKNKQTSNITWSAGWLPRGFSLRRYTQEVLENEIIDSALYSDGLFTFTLFVSNVGSNDLPENTWKQGAYTIYSEVIGGKEITFIGQLPISTAKRIVQEVKF,length1,942
2,1120462,1120444,18,MIMTFF,length1,18
2,1120660,1120582,78,MFKVRIRIVERTFAEFQKSFDIPFFQ,length1,78
2,1120861,1120825,36,MRVNWCCNIAFT,length1,36
2,1121023,1121014,9,MRK,length1,9
2,1121128,1121125,3,M,length1,3
2,1121146,1121143,3,M,length1,3
2,1121461,1121428,33,MYANLIKKSLF,length1,33
2,1122091,1122001,90,MWFNLPIDNRVYLEGLFQCLKKNLNVQNRT,length1,90
2,1122292,1122253,39,MLNTIHQLATMHT,length1,39
2,1122328,1122316,12,MLKT,length1,12
2,1122364,1122352,12,MVLF,length1,12
2,1122418,1122382,36,MVLCHKLVNTSY,length1,36
2,1122493,1122478,15,MTKSY,length1,15
2,1122589,1122535,54,MTSRVTILQSYVVQHYKH,length1,54
2,1122781,1122775,6,MK,length1,6
2,1123066,1122997,69,MKVVVILHSSKVTVHNSISVQQT,length1,69
2,1123852,1123837,15,MKSFC,length1,15
2,1124062,1123855,207,MISGCWLSIRFNTPSLIKNIPISLGSQKAVAARIASKPSREMDVPCGDVRNKKAIFIGLLLDLRLNLLL,length1,207
2,1124194,1124158,36,MPQHINAKEHCG,length1,36
2,1124317,1124254,63,MHFRYSLHLERKKSVRFRVLF,length1,63
2,1124371,1124350,21,MPLVFRK,length1,21
2,1124461,1124446,15,MSGNI,length1,15
2,1124707,1124659,48,MLRWHKALQKLRHGYI,length1,48
2,1125058,1124899,159,MSVGNTNSRMFNIFQRMKHYFAVLANQRADTINDCFVGIYDSLIFISERIFIV,length1,159
2,1125748,1125712,36,MTSLWESTRSFI,length1,36
2,1125910,1125904,6,ME,length1,6
2,1126198,1125979,219,MQIQQMLENRIEELEMKIAFQEQLLDELNHALVQQQFDIDKMQVQLRYMANKLKDFQPSNIASQSEETPPPHY,length1,219
2,1126345,1126294,51,MQSIFPNRRYRQCVYHR,length1,51
2,1126702,1126645,57,MNVYRSLNLLYQLTYPCLR,length1,57
2,1126825,1126762,63,MRSLRKYHLQIQQEYRLHRIF,length1,63
2,1126882,1126864,18,MMSKLE,length1,18
2,1126939,1126885,54,MRPVMRTRSLFCYQITLR,length1,54
2,1127011,1126978,33,MSLEGLFFLPY,length1,33
2,1127083,1127077,6,MI,length1,6
2,1128043,1127140,903,MNIRDLEYLVALSEYKHFRRAADSCNVSQPTLSGQIRKLEDELGIILLERTSRKVLFTQSGMLLVDQARTVLREVKLLKEMASNQGKEMTGPLHIGLIPTVGPYLLPYIVPMLKAAFPDLEVFLYEAQTHQLLEQLETGRLDCAIVATVPETEAFIEVPIFNEKMLLAVSEHHPWAQESKLPMNQLNGQEMLMLDDGHCLRNQALDYCFTAGAKENSHFQATSLETLRNMVAANAGITFMPELAVLNEGTRKGVKYIPCYSPEPSRTIALVYRPGSPLRNRYERVASAVSDEVKSILDGLK,length1,903
2,1128142,1128097,45,MQHLINLAQKKVFLI,length1,45
2,1128226,1128214,12,MNLA,length1,12
2,1128250,1128238,12,MKQV,length1,12
2,1128451,1128292,159,MLAVALFLFLWIHFLNLLLIARTFFACYYAKVQALLKLFVLRQHEKLSILLMS,length1,159
2,1128520,1128490,30,MLLMFKRKAS,length1,30
2,1128553,1128547,6,ML,length1,6
2,1128904,1128778,126,MAFLPALRRLMFFRLKLEQLGNQWISNFSQGQIHHNRRYGIA,length1,126
2,1129444,1129387,57,MMATPFHLSPVIVKKPQGA,length1,57
2,1129480,1129447,33,MTPNFVILKPV,length1,33
2,1129600,1129555,45,MNCAIKSMRHKAKPN,length1,45
2,1129756,1129696,60,MSQKMIQNQPHFPLWMLKKA,length1,60
2,1129831,1129819,12,MQVY,length1,12
2,1129882,1129861,21,MQLSYQK,length1,21
2,1129972,1129951,21,MCLLIVH,length1,21
2,1130011,1129993,18,MRAFYN,length1,18
2,1130086,1130020,66,MLILMRKREVAKAIVKRLFVII,length1,66
2,1130134,1130089,45,MYVSRGSQRINGVSK,length1,45
2,1130245,1130227,18,MFSPEI,length1,18
2,1130503,1130461,42,MVRLLVKQNVLRKT,length1,42
2,1130608,1130593,15,MNSRI,length1,15
2,1130671,1130611,60,MYLYVVRYQLRVVYKIHWQN,length1,60
2,1130722,1130719,3,M,length1,3
2,1130758,1130752,6,MQ,length1,6
2,1130908,1130875,33,MKMVVLKVVAN,length1,33
2,1131070,1130992,78,MLQVFTQKLILWSKKFCKLPRNLFKI,length1,78
2,1131235,1131079,156,MRVWYVSLMQNNSLMSNLVYRPSKIFSKSWKNQGVIHVASSKPLYLLRAWKK,length1,156
2,1131283,1131280,3,M,length1,3
2,1131331,1131325,6,MV,length1,6
2,1131451,1131427,24,MCCVNALH,length1,24
2,1131595,1131466,129,MKVRSKMIANLTALYPQDLVEICNERRVIQEVIMRWAMPLLMH,length1,129
2,1133941,1133920,21,MASERIS,length1,21
2,1134505,1134370,135,MTYKTYLMQARMLFILMLWIIIMYLISLLGLQYVKLYVIMALPHR,length1,135
2,1134517,1134508,9,MCI,length1,9
2,1134724,1134694,30,MFWIKWMWFY,length1,30
2,1134838,1134808,30,MKVVMTFVLK,length1,30
2,1134850,1134841,9,MVA,length1,9
2,1135195,1135180,15,MARLY,length1,15
2,1135333,1135291,42,MARIYVMSAACIQM,length1,42
2,1135375,1135369,6,MS,length1,6
2,1135615,1135405,210,MFNLCWQHLALIIYLVKCWAVNPYLPLSHIQLHFIIYAENLVLNHAKCFSWAILKMILSRLTLRAVQLLV,length1,210
2,1135693,1135675,18,MILPSY,length1,18
2,1135861,1135852,9,MEK,length1,9
2,1136050,1136002,48,MQKCHRHPKLKKTVYA,length1,48
2,1136200,1136170,30,MAFRLCTVSA,length1,30
2,1136584,1136374,210,MSRKGNCLDNAAMESFFGRLKTECFYGREFNSREEIVDAVRDYLDYYNHRRIQLKLKGLSPIQYRKQSFK,length1,210
2,1136716,1136680,36,MLIVYSYGNKLN,length1,36
2,1137169,1137058,111,MKNFHNSKQYHNLMRESQSTVHFHQPPNYRHEHLLID,length1,111
2,1137457,1137448,9,MFS,length1,9
2,1137871,1137835,36,MGAIPNLKVAQV,length1,36
2,1138291,1138279,12,MFLW,length1,12
2,1138567,1138552,15,MFFTK,length1,15
2,1138678,1138660,18,MVFIAC,length1,18
2,1138861,1138846,15,MRFAI,length1,15
2,1139032,1138972,60,MHKGNLFWKNGRNIKTCFYG,length1,60
2,1139236,1139194,42,MNKQAFVFFKVETS,length1,42
2,1139332,1139242,90,MAFPFRKRMHNFKHRIWNTFHINLYGFFNA,length1,90
2,1139575,1139533,42,MILFQVFYLLSFLG,length1,42
2,1140082,1139632,450,MHNIDSLDQKILRVLTKDARTPYAEMAKNFGVSPGTIHVRVEKMRQSGIIKGTKVIIDERKLGYDVCCFIGIILKSAKDYEKVIKKLESFDEVVEAYYTTGNYSIFLKVMTHTIAELHSVLATKIQLIDEIQSTETLISMQNPILRDIKP,length1,450
2,1140628,1140601,27,MKKNKNRLI,length1,27
2,1140676,1140655,21,MLKKLEK,length1,21
2,1142314,1142263,51,MDLHLNWCGFRCCVNYD,length1,51
2,1143190,1142776,414,MKSYLKTLIFFPLILQIVVTALLIWFDDDSSGVIVPFSSYALTAFLLATIPAFLTALLAAKFRYTRYNIASIVLVSSIISFVYCNMASYFYLLLLGEQDTSFWGWLTEGGLSLGLISTCGMVFYALFVMPWLLPKTRE,length1,414
2,1143871,1143838,33,MGYRWRRSVAE,length1,33
2,1145467,1145407,60,MEICATDFRLQSQWWSYSRI,length1,60
2,1145578,1145575,3,M,length1,3
2,1146391,1146349,42,MEILAHILTCTCHP,length1,42
2,1146517,1146499,18,MYDYEI,length1,18
2,1146637,1146616,21,MSIWAYH,length1,21
2,1146796,1146793,3,M,length1,3
2,1147057,1147015,42,MGTRSIICRLKGQM,length1,42
2,1147336,1147231,105,MIMALKLWRIIVPPQKWMNFYKVQQKARILSVHTL,length1,105
2,1147438,1147399,39,MWWINLLTHYYHI,length1,39
2,1147501,1147462,39,MAVTQTIQIRTVE,length1,39
2,1147621,1147618,3,M,length1,3
2,1147753,1147726,27,MVLNMAICS,length1,27
2,1147858,1147801,57,MKKCKPSSQNGKILNLIAI,length1,57
2,1147912,1147894,18,MQVENL,length1,18
2,1147978,1147972,6,MR,length1,6
2,1148278,1148224,54,MVQLRCYGVKVVSFVAVS,length1,54
2,1148326,1148293,33,MLMKQIQILFS,length1,33
2,1148617,1148452,165,MAILQHVYQQTYCKHNATTSVLILMNAQINHVASFSTPTGLVVAVIQHQLLMMCS,length1,165
2,1148770,1148746,24,MATIVQRL,length1,24
2,1148866,1148815,51,MKFSFFNAFSYAPKILI,length1,51
2,1149046,1149037,9,MPI,length1,9
2,1149208,1149136,72,MRPYLPTIGPAFNMRFRKRRTELC,length1,72
2,1149247,1149244,3,M,length1,3
2,1149562,1149520,42,MSKDNGNLFIKWIT,length1,42
2,1149637,1149631,6,MI,length1,6
2,1149700,1149682,18,MAIQTL,length1,18
2,1149859,1149841,18,MCHQEV,length1,18
2,1149880,1149871,9,MHK,length1,9
2,1149895,1149889,6,MA,length1,6
2,1149907,1149901,6,MN,length1,6
2,1150294,1150282,12,MQKI,length1,12
2,1150615,1150609,6,ME,length1,6
2,1150726,1150708,18,MVKNTF,length1,18
2,1151188,1151167,21,MERTTTY,length1,21
2,1151533,1151524,9,MRN,length1,9
2,1151773,1151725,48,MIFKQVEHQWRRNVVR,length1,48
2,1151887,1151884,3,M,length1,3
2,1151905,1151896,9,MVT,length1,9
2,1151956,1151947,9,MID,length1,9
2,1152070,1152067,3,M,length1,3
2,1152109,1152103,6,MT,length1,6
2,1152937,1152928,9,MCL,length1,9
2,1152943,1152940,3,M,length1,3
2,1153039,1152997,42,MLYYAVLLSILSTP,length1,42
2,1153441,1153117,324,MLKSNLKIDNRFSVMGVVSQLPKRLKSPSGIEHCKFLLEHRSDQIESGFTRQAWLKMPVQISGNQLIEKTQSITVGSKILVVGFITSHKTQSGLCQLVLHAEQIEFID,length1,324
2,1153681,1153456,225,MARYFRRRKFCRFTAENVVEIDYKDIATLKNYISESGKIVPSRITGTRAKYQRQLARAIKRARYLALLPYTDNHQ,length1,225
2,1154476,1154443,33,MPRIVMQSELL,length1,33
2,1154599,1154581,18,MLLRLS,length1,18
2,1154647,1154638,9,MQV,length1,9
2,1154833,1154716,117,MQRHHRQRYLLQPQHELHVMRHLHGLFSLSFQLQLLRPL,length1,117
2,1155172,1155031,141,MLLFQAPYQFLQKSQYPLLKLQYLVTSLYDDHQNLVLSLLQLSRYRA,length1,141
2,1155355,1155316,39,MDYLIQPLQFLVC,length1,39
2,1155445,1155364,81,MEKGNHGRIACLQPHLIHLQDPYHLQQ,length1,81
2,1155820,1155736,84,MPLLSPFVPPCFRIYLLIRFHEQQTHHL,length1,84
2,1155919,1155841,78,MIYLKLHYDLSGQGLLLLHPLIHSRL,length1,78
2,1156072,1156027,45,MINTSSPSIFSAFTP,length1,45
2,1156309,1156282,27,MINFLLKNL,length1,27
2,1156453,1156438,15,MKICT,length1,15
2,1156636,1156621,15,MAQHF,length1,15
2,1156777,1156645,132,MMSWKVWQKWFMKSRLKLLSPMARNLLPCIIQSDNRRVGFSPPK,length1,132
2,1157128,1156825,303,MIPGEYQLAEGDILANVGRKTVKIEVTNSGDRPIQVGSHYHFFETNNALKFDRTLARGMRLNVPSGNAVRFEPGEVKSVELVAFGGNQIIYGFHNQIDGKL,length1,303
2,1157173,1157170,3,M,length1,3
2,1157212,1157182,30,MAQPLAIKSV,length1,30
2,1157359,1157266,93,MSVNLVAVKACVMVWLKAVRQLATIRMYWIL,length1,93
2,1157392,1157383,9,MLN,length1,9
2,1157491,1157425,66,MGVLWALDKQVTLTPWITSRQT,length1,66
2,1157623,1157596,27,MRLKVALPR,length1,27
2,1157728,1157650,78,MVRTQPLVPLAHGIWNVCFKRQKPCL,length1,78
2,1157911,1157872,39,MKWIFKWPFTQTR,length1,39
2,1157941,1157914,27,MKVAFWKTR,length1,27
2,1158109,1157953,156,MDVSFILSIRRAQVVVMHLTSLKQRCIQTYYLLQPTRLVRLPKTPLMNIWIC,length1,156
2,1158232,1158208,24,MIWASSPL,length1,24
2,1158427,1158331,96,MKETITSVLNATLRNILSTQQLHMVLRSILAR,length1,96
2,1158601,1158541,60,MPQFQRHNLYSTVQCTVHKA,length1,60
2,1158745,1158739,6,MM,length1,6
2,1158802,1158766,36,MLNVMKFEWMES,length1,36
2,1159543,1158988,555,MKIINPILPIIENILGNLTALQAEGKITTQPIERVALQWYESERNILRKTTNTGREVAFRLLKEGQRLKHDDVVFISDELVIAIEILPSDVIVLSPKTLPEMARACYEIGNKHSPLFLDGDEVTLPYDKPMFEWLQAAGFHPQKAERRLSQALRANSAQGHGHSHSHSHDHHGYHHHGDGHWHKH,length1,555
2,1159657,1159624,33,MAWKPSSSNVW,length1,33
2,1159864,1159684,180,MCKPSFYKTGFTTTGRIFLLPSMQCVRGILTACANWIGNFPPPKWHAKVVKGVSNSAYDC,length1,180
2,1159954,1159882,72,MKHIRCSQLTSKRLQKNACRAISR,length1,72
2,1160053,1160008,45,MRSTTTQQSVRSLTA,length1,45
2,1160134,1160080,54,MGKIFCLTCVARSYKRWN,length1,54
2,1160269,1160182,87,MIFGLCNTKCFIRDFICRKCGYFLLRFYL,length1,87
2,1160530,1160518,12,MRNF,length1,12
2,1160620,1160611,9,MPR,length1,9
2,1160734,1160662,72,MWKSCSLNQVAITFQRLLALIWQT,length1,72
2,1160923,1160878,45,MLVVCVTVSRLFSLT,length1,45
2,1160950,1160944,6,MA,length1,6
2,1160980,1160971,9,MRC,length1,9
2,1161052,1160986,66,MWKNLHLWFVNRRGKLHLPNYW,length1,66
2,1161967,1161961,6,MS,length1,6
2,1161988,1161985,3,M,length1,3
2,1163479,1162063,1416,MTQFRKEVDLLGERDVPAEAYWGIHTLRAVENFNISNVTISDVPEFVRGMVMVKKATALANGELGAIPSDIAKAIVAACDEILTTGKCLDQFPSDVYQGGAGTSVNMNTNEVVANLALEKIGHKKGEYNVINPMDHVNASQSTNDAYPTGFRIAVYNSILKLIDKIQYLHDGFDNKAKEFANILKMGRTQLQDAVPMTVGQEFKAFSVLLEEEVRNLKRTAGLLLEVNLGATAIGTGLNTPQGYTELVVKHLAEVTGLACVPAENLIEATSDCGAYVMVHGALKRTAVKLSKVCNDLRLLSSGPRAGLKEINLPELQAGSSIMPAKVNPVVPEVVNQVCFKVIGNDTTVTFASEAGQLQLNVMEPVIGQAMFESIDILTNACVNLRDKCVDGITVNKEICENYVFNSIGIVTYLNPFIGHHNGDLVGKICAQTGKGVREVVLEKGLLTEEQLDDILSVENLMNPTYKAKLNK,length1,1416
2,1163749,1163734,15,MYLIF,length1,15
2,1163833,1163827,6,MT,length1,6
2,1163950,1163914,36,MVGIHINAKTHT,length1,36
2,1164214,1164073,141,MRIIVIANRCFHRNRLFCNFQYFTDFIFWHSHTFCQFFWCCFPSHFL,length1,141
2,1164391,1164262,129,MHRNTDCTRLIRNRASDCLTNPPSSICREFVATSIFKFIYRFH,length1,129
2,1165870,1165777,93,MYKYRFFFISETLCSFFSNKHFNIALNSLNI,length1,93
2,1166068,1165924,144,MIPSCQYFKGITVRCIAEVFQNLPRSNALSLATKCGQFFQNFKPCFCT,length1,144
2,1166200,1166167,33,MSDFLLCIGLF,length1,33
2,1166401,1166380,21,MCKHKLA,length1,21
2,1166836,1166785,51,MISNGFWRIQIFRFFIC,length1,51
2,1167421,1167307,114,MCTTTKAMIKLFLLANCEGWCFFVMERAAGLIIAASFF,length1,114
2,1167844,1167823,21,MIRFHVL,length1,21
2,1168069,1167991,78,MPINLNICGFNWLKPLKQGKIAQHFR,length1,78
2,1168855,1168852,3,M,length1,3
2,1169704,1169125,579,MAKLYFYYSTMNAGKSTTLLQSSYNYRERDMSTLVYTAAIDDRFGVGKVTSRIGISQDAFLFRSETNLFDEINEHLKKEKVHCVLVDEAQFLSKQQVYQLSDVVDKLKIPVLCYGLRTDFQAELFEGSKYLLAWADQLEELKTICYCGRKANFVLRLNDQGEVIKEGAQIQIGGNDSYLSVCRLHYKEKCGQI,length1,579
2,1170961,1169743,1218,MLKNKTFGSALIIAGTTIGAGMLAMPLTSAGMGFGYTLLLLVGLWALLVYSGLLFVEVYQTADQLDDGVATLAEKYFGVPGRIFATLSLLVLLYALSAAYITGGGSLLSGLPTAFGMDAISLKTAIIIFTVVLGSFVVVGTKGVDGLTRVLFIGKLVAFAFVLFMMLPKVATDNLMALPLDYAFVVSAAPIFFTSFGFHVIMASVNSYLGGSVDKFRRAILIGTAIPLAAYLVWQLATHGVLSQSEFVHILQADPTLNGLVNATREITGSHFMGEVVRVFSSLALITSFLGVMLGVFEGLGDLFKRYHLPNNRFVLTVAAFLPPLVFALFYPEGFITALSYAGLLCAFYCLILPISLAWRTRIENPTLPYRVSGGNFALVFALLIGVVIMLIPFLIQWGYLPVVAG,length1,1218
2,1171360,1171351,9,MPL,length1,9
2,1172227,1171435,792,MKKLTSILSLIVLVILAIWQYFTDTTKTKHQSSSPVIEQTKQTKVSEPKFEPKFEPQFETKRTDIEKSAVKNPDVFANYDVIMRNDHIGQNAKAPVDYYMLALSWSPGFCDIQREKYGDQLPYSSQYQCGNNRTFGWVVHGLWPQNANARAVSDHPRFCKGDLPALPKGLLAQYLAISPGEKLLQGEWEKHGSCAFDSAQQYFAKEQELFNALKLPNQKLSRDELFGWMKQHNPQLKNAYLRASRNELFICYDKKWQVMNCQSK,length1,792
2,1172401,1172392,9,MCQ,length1,9
2,1172416,1172407,9,MAK,length1,9
2,1172455,1172425,30,MRVFVRPFLL,length1,30
2,1172593,1172584,9,MCV,length1,9
2,1172647,1172611,36,MVWMLKMAKSLF,length1,36
2,1172695,1172683,12,MIQN,length1,12
2,1172731,1172707,24,MPHFAMYL,length1,24
2,1172821,1172737,84,MPLVQRTARKHQLTALQNLHRSLVQAHY,length1,84
2,1172842,1172836,6,MH,length1,6
2,1173007,1173004,3,M,length1,3
2,1173034,1173022,12,MKLI,length1,12
2,1173097,1173088,9,MCV,length1,9
2,1173151,1173145,6,MK,length1,6
2,1173352,1173157,195,MMNLFLILAINQQNNWLKLSKMQKPFCGMAQLVCLSSLTSVKGLKSFLTPLQTAMHSLLLAAAIP,length1,195
2,1174507,1174474,33,MGVLEWYFEFL,length1,33
2,1174987,1174900,87,MMLLLIAKKMTKRISNVLCRKSKRSSLMA,length1,87
2,1175098,1175014,84,MENSLGKVELNIALHLRLNGFKFFIITV,length1,84
2,1175356,1175347,9,MRI,length1,9
2,1175437,1175431,6,MN,length1,6
2,1175464,1175452,12,MIYA,length1,12
2,1175695,1175641,54,MMSISILHFAHPREKRLK,length1,54
2,1175728,1175722,6,MR,length1,6
2,1175914,1175806,108,MLVAKRTVPKPTTPPSKKPSKQTEISRLERTTLMLK,length1,108
2,1176496,1176319,177,MVLYCAVHNDVAAQDVRGITRTFFFIFITFYIPFYHKRKDAKTEIILSVHLYQKHIYFE,length1,177
2,1176775,1176745,30,MGLFTESDDL,length1,30
2,1176784,1176781,3,M,length1,3
2,1177375,1177318,57,MWRRLHLNAFTSRDNCSHL,length1,57
2,1177444,1177423,21,MCSFNHG,length1,21
2,1177588,1177585,3,M,length1,3
2,1178107,1178092,15,MCQCV,length1,15
2,1178947,1178161,786,MTALSEIFVPLHRIIPFSNVEGQGNRSSIFLQGCKLNCLYCHNPETIPRYTESAKLVSLQYLYEQVMEAVPFIRGVTVSGGEPTIHHKKLVPLFKALRSQGLTCYLDSSAFFEFDRVCSLIDVTDKFLFDLKGEGIGLQTLCFDRKNQAGIVPQQVILERLHIKNDKLERNLQNLAALLPLNKVEEVRLVFLKHFFDAEHLVGKVAQLLRNYPDVALKIIRVHSKGTRDEAGLSAHIPSVEETNVLSAYARQCGINKVLTIL,length1,786
2,1179328,1179190,138,MCLQVNKHWVPLRIWYPMLLPMVMTGLISFSADWQIQVNHPVSFLQ,length1,138
2,1179802,1179736,66,MIQKNQLTYLKQWRAVQAQVCN,length1,66
2,1179868,1179859,9,MVF,length1,9
2,1179904,1179895,9,MAT,length1,9
2,1179997,1179967,30,MVLKQVSQDK,length1,30
2,1180081,1180021,60,MNLWVILNLQNTYSQILRLY,length1,60
2,1180207,1180195,12,MLLV,length1,12
2,1180717,1180711,6,MY,length1,6
2,1181698,1181272,426,MAKKVQAYVKLQVAAGMANPSPPVGPALGQQGVNIMEFCKAFNARTESLEKGLPIPVVITVYADRSFTFVTKTPPAAVLLKKAAGIKSGSGKPNKDKVGKVTLDQVRQIAETKAADMTGATIETKMKSIAGTARSMGLVVEE,length1,426
2,1182661,1182658,3,M,length1,3
2,1186807,1182778,4029,MGYSYSEKKRIRKDFGKRPQVLNVPYLLTIQLDSFDKFIQKDPEGQQGLEAAFRSVFPIVSNNGYTELQYVDYRLEEPEFDVRECQIRGSTYAAGLRVKLRLVSYDKESSSRAVKDIKENEVYMGEIPLMTDNGTFVINGTERVIVSQLHRSPGVFFDSDKGKTHSSGKVLYNARIIPYRGSWLDFEFDPKDNLFARIDRRRKLPATIILRALGYTTEEILNLFFDKITFEIAGDKLLMTLVPERLRGETASFDIEANGKVYVERGRRITARHIKALEKDNISQVVVPSEYILGKVASKDYVDLESGEIICPANGEISLETLAKLAQAGYTTIETLFTNDLDYGPYISETLRVDPTYDKTSALYEIYRMMRPGEPPTPESSEALFNNLFFSAERYDLSAVGRMKFNRSLAFPEGEGAGILSNEDIIAVMRKLIDIRNGRGEVDDIDHLGNRRIRSVGEMAENQFRIGLVRVERAVKERLSLGDLDAITPQDLINPKPISAAVKEFFGSSQLSQFMDQNNPLSEVTHKRRISALGPGGLTRERAGFEVRDVHNTHYGRLCPIETPEGPNIGLINSLSAFARTNDYGFLETPYRKVVDGQVTEEIEYLSVIDEANYIIAQANSNLDENNRFTDAFVTARGERGESGLYKPEDIHYMDVSTQQVVSVAAALIPFLEHDDANRALMGANMQRQAVPTLRADKPLVGTGMEKPIALDSGVAVVAKRGGTVQYVDASRIVIKVNEDETIAGEAGIDIYNLIKYTRSNQNTCINQIPCVNLGDPINRGEVLADGPSTDLGELALGQNIRVAFMPWNGYNFEDSMLVSERVVQQDRFTTIHIQELSCVARDTKLGAEEITADIPNVGESALSKLDESGIVYVGAEVKGGDILVGKVTPKGETQLTPEEKLLRAIFGEKASDVKDSSLRVPNGTSGTVIDVQVFTRDGVEKDKRALEIEEMQLREAKKDLTEELEILEAGLFARVRNLLISSGADAAQLDKLDRTKWLEQTIADEEKQNQLEQLAEQYEELRKEFEHKLEVKRKKIIKGDDLAPGVLKVVKVYLAVKRQIQPGDKMAGRHGNKGVISKINPVEDMPYDENGQPVEIVLNPLGVPSRMNIGQILETHLGLAAKGIGDQINAMFKQKQEVEKLRSYIQKAYDLLGNGSQKVDLSTFTDEEVLRLAGNLRKGLPVATPVFDGADEAEIKELLKLGGLPTSGQITLYDGRTGEKFERPVTVGYMYMLKLNHLVDDKMHARSTGSYSLVTQQPLGGKAQFGGQRFGEMEVWALEAYGAAYTLQEMLTVKSDDVNGRTKMYKNIVSGNQHMEPGTPESFNVIMKEIRSLGLNIELDEE,length1,4029
2,1187275,1187263,12,MFMW,length1,12
2,1187326,1187317,9,MWC,length1,9
2,1187650,1187647,3,M,length1,3
2,1187821,1187761,60,MDGDDGIASSSTRFTPISTT,length1,60
2,1188247,1188151,96,MWFTEENGIGIIPSVYLCEIRKPWLCYDNQSG,length1,96
2,1188847,1188793,54,MDDRAERHALFIVQPNIR,length1,54
2,1189759,1189747,12,MLWS,length1,12
2,1190650,1190629,21,MASAQRI,length1,21
2,1191367,1191331,36,MKVRVFYFYENG,length1,36
2,1191448,1191394,54,MFLHRNSQKFETFRKVCC,length1,54
2,1191637,1191622,15,MFLAL,length1,15
2,1191751,1191673,78,MRINFVITLRKFVQSIIAQFVFPLLH,length1,78
2,1191991,1191985,6,MI,length1,6
2,1192288,1192195,93,MDFCNYFSYCDYSLGLWKKDLTLAYGHSHSD,length1,93
2,1192375,1192324,51,MAMFYKACLFLPLFSQM,length1,51
2,1192894,1192855,39,MEKNVTVDAFYLT,length1,39
2,1193062,1193047,15,MTELF,length1,15
2,1193626,1193560,66,MGINSNGDGKFSFRKFLDWNRL,length1,66
2,1194070,1193986,84,MLFGICGGNGHGHFLDKLFICISNAIVS,length1,84
2,1194370,1194364,6,ML,length1,6
2,1194874,1194820,54,MIYKTPFNLNGVKSAVNF,length1,54
2,1195102,1195033,69,MPIIDIESLTFNTVAFTWLIHSG,length1,69
2,1195693,1195669,24,MVERGGER,length1,24
2,1195717,1195708,9,MSS,length1,9
2,1195831,1195789,42,MVSLQQKTAVGRED,length1,42
2,1195879,1195849,30,MPSTPPSKSK,length1,30
2,1196038,1195990,48,MPILRCPASINAFVAK,length1,48
2,1196143,1196122,21,MANSISA,length1,21
2,1196539,1196464,75,MTCETVEVETCASRAISFIVAIKTP,length1,75
2,1196845,1196659,186,MASSKDFSSNKAVTKPPLNVSPAAVVSIACTQKPLMMRLLPFRLTNTPFAPRVIITVSMPLS,length1,186
2,1197343,1197277,66,MLSDPMQLMNATFAPKRAAATA,length1,66
2,1198024,1197928,96,MSINSLFETLTSFACRRCSCNTFKLNHLGIIA,length1,96
2,1198120,1198084,36,MAHYVSFSCATI,length1,36
2,1198201,1198138,63,MLTVCNRHCVANCFRISWIDQ,length1,63
2,1198597,1198555,42,MKYLINLMHCLKIR,length1,42
2,1198612,1198603,9,MHR,length1,9
2,1199251,1199206,45,MPIQIQQKDLYLQLK,length1,45
2,1199467,1199425,42,MFHFSSYLPTLIYQ,length1,42
2,1199617,1199584,33,MRSLKYSSPLS,length1,33
2,1199878,1199875,3,M,length1,3
2,1200916,1200835,81,MPLRVQRKQINRHYSRLSHLEMTYQHH,length1,81
2,1201372,1201327,45,MQCESCAFNKAVFFI,length1,45
2,1202146,1202050,96,MRKYVLLVNALVQNHPQNSPHFRKPRATFCCR,length1,96
2,1202518,1202497,21,MPFDLID,length1,21
2,1202713,1202521,192,MIDFFHPKYDLLGFEIPRPIVVWIVQSSVVVQKNIFLSLLRLFVTPLILEKVRSIFQSNFVVLA,length1,192
2,1203379,1203334,45,MSKINMRRNTTKMWR,length1,45
2,1203718,1203676,42,MNRFRERINISIGG,length1,42
2,1203883,1203871,12,MQMP,length1,12
2,1204009,1203985,24,MTFFFHFN,length1,24
2,1204252,1204138,114,MCFIFANLFNVFINAFFKAINCLPTTTTRSTKSYSSAL,length1,114
2,1204576,1204507,69,MLYCARAKFACFMMNDNPRRSIN,length1,69
2,1204702,1204687,15,MCLLI,length1,15
2,1204843,1204774,69,MRNLNLLRIRVLAMIWCFHQVTT,length1,69
2,1205077,1204999,78,MRMRLILKPSLAGRIYGNLNLKAKFS,length1,78
2,1205107,1205086,21,MRVKCST,length1,21
2,1205179,1205122,57,MVNRQIPPMKKTSKQLMSV,length1,57
2,1205287,1205272,15,MVQLI,length1,15
2,1205494,1205359,135,MLFRIPLKTWKGRISSSTFYFALKMQKLLSNAWAFLCQIMGRKHC,length1,135
2,1205545,1205512,33,MIQNYSHQRKK,length1,33
2,1205572,1205569,3,M,length1,3
2,1205614,1205593,21,MKNIGVN,length1,21
2,1205683,1205680,3,M,length1,3
2,1206127,1206124,3,M,length1,3
2,1206436,1206265,171,MKTIPFCSTASMAFCLSSSGLINFAASSSINAFNASLIFILRFFVLSEPKFWNNDCS,length1,171
2,1206532,1206454,78,MPGGAIISTPIDTPADTSISISLSSN,length1,78
2,1206760,1206655,105,MSSALALFFAISCWRTSFIALSVKSRIMESTSFPT,length1,105
2,1207390,1207357,33,MPLMHFKFTFK,length1,33
2,1207681,1207678,3,M,length1,3
2,1207717,1207702,15,MANDC,length1,15
2,1207762,1207741,21,MYDLSGF,length1,21
2,1207954,1207888,66,MLVKCYKSKQFIGLVLIKSNKV,length1,66
2,1207978,1207975,3,M,length1,3
2,1208068,1207993,75,MIPCFSVALAFTTDNKNSHQVNTII,length1,75
2,1208095,1208089,6,MK,length1,6
2,1208140,1208098,42,MQVAINILFLNKLP,length1,42
2,1208221,1208215,6,MV,length1,6
2,1208374,1208350,24,MATAMMMY,length1,24
2,1208476,1208461,15,MAKKC,length1,15
2,1208776,1208752,24,MLFSRKIA,length1,24
2,1208941,1208929,12,MFSV,length1,12
2,1209109,1209079,30,MRILQKIAHF,length1,30
2,1209232,1209196,36,MINWLIQRFSVI,length1,36
2,1209349,1209295,54,MTCCLKRVLYLVIKKSTP,length1,54
2,1209568,1209535,33,MFRIASALIDI,length1,33
2,1209823,1209763,60,MFKCMNAFWGKNFFVWNTKT,length1,60
2,1210033,1210003,30,MNFIVRFIVL,length1,30
2,1210435,1210375,60,MAQNKSPTTGSQLKSKAIAP,length1,60
2,1211320,1211314,6,MD,length1,6
2,1211440,1211392,48,MHCFISVKCGKLANKF,length1,48
2,1211524,1211521,3,M,length1,3
2,1211572,1211569,3,M,length1,3
2,1212583,1211974,609,MKAKLVSLLAQANIKISDQQIQQLIDLVNLLNKWNKAYNLTSVRDPQEMLVKHILDSLVVSPYLQGDRFIDVGTGPGLPGLPLAIINPSKQFVLLDSLGKRISFIRNAIRELGLTNVTPVLSRVEEYQPEDKFDGVLSRAFASLKDMTDWCHHLPKENGYFYALKGIYQEDEINELNKKYTIQKVIELSVPELIGERHLIVLR,length1,609
2,1212826,1212802,24,MDGNAKVR,length1,24
2,1213204,1213183,21,MDFGMFI,length1,21
2,1213345,1213336,9,MES,length1,9
2,1213375,1213360,15,MVHVT,length1,15
2,1213435,1213423,12,MLST,length1,12
2,1213732,1213720,12,MQGS,length1,12
2,1214218,1213966,252,METVITATIIGASILLAFAALGTAIGFAILGGKFLESSARQPELASSLQTKMFIVAGLLDAIAMIAVGISLLFIFANPFIGLLN,length1,252
2,1214839,1214833,6,MD,length1,6
2,1215583,1215565,18,MYRSYS,length1,18
2,1215928,1215874,54,MYLCCDWSKSLYYCKRRA,length1,54
2,1217830,1217785,45,MLNFHKMRCQKFTMH,length1,45
2,1217920,1217914,6,MV,length1,6
2,1218112,1218001,111,MCWANQLTNKEQLVKKSVGLSTVRHRAMKNNQTVRNY,length1,111
2,1218313,1218295,18,MTSIMK,length1,18
2,1218361,1218352,9,MVK,length1,9
2,1218508,1218430,78,MKVEMYYSLWIISIVIPLLVRKYLRY,length1,78
2,1218643,1218637,6,MT,length1,6
2,1218844,1218796,48,MMLLVVYKVFYNVIKN,length1,48
2,1218898,1218874,24,MNYLKKIN,length1,24
2,1219093,1219030,63,MANMTIFLNKRSIWLVQSMKC,length1,63
2,1219597,1219591,6,MK,length1,6
2,1219681,1219657,24,MRLMISFV,length1,24
2,1220578,1220557,21,MCADDNK,length1,21
2,1220980,1220974,6,MM,length1,6
2,1221214,1221097,117,MIFPKFCCLSIHLITIVSLYFTMILNCPNKSSNCSLNIA,length1,117
2,1221469,1221361,108,MTSALSCATAAKAVSTPSSPTFWAIFLVPFACNVAV,length1,108
2,1221796,1221625,171,MGSTKMSKVSLSQSKLISSTFKKLPEISPFVHNRCLVREKKVTLRSLMVFVRASSFI,length1,171
2,1222006,1221982,24,MPHLLLLQ,length1,24
2,1222087,1222048,39,MQLEVLYILLAPA,length1,39
2,1222417,1222384,33,MQTIFPHLQWF,length1,33
2,1222510,1222501,9,MKP,length1,9
2,1223077,1223062,15,MSYGG,length1,15
2,1223248,1223245,3,M,length1,3
2,1223422,1223413,9,MTI,length1,9
2,1223848,1223833,15,MVSIN,length1,15
2,1224175,1224022,153,MFVIFLSFYNRSNFAKIRQKLTALSTIKLLLNLAFHFLQSESPVLMFSQRL,length1,153
2,1224274,1224247,27,MPKIERNVQ,length1,27
2,1225030,1224958,72,MPSLHCGAYQNLFAEKHPYQAHLD,length1,72
2,1225168,1225150,18,MCRLGR,length1,18
2,1225312,1225201,111,MLYEWYEVYHLLYTNSIKLNNLESLCDLNRRWFILPP,length1,111
2,1225408,1225384,24,MSYSGLLK,length1,24
2,1225432,1225426,6,MP,length1,6
2,1225726,1225639,87,MERLPYLRCQLAQGLLTQNHNAIQLKQRL,length1,87
2,1226347,1226308,39,MALRLVYFVGIKL,length1,39
2,1226620,1226512,108,MCCQLLSFCHHFHRFSKVFKTFWCEFLYCHSLTKIS,length1,108
2,1226863,1226788,75,MFRGIFIANFYRLFKAFCYKNTAVV,length1,75
2,1227001,1226983,18,MFRLRE,length1,18
2,1227265,1227241,24,MSSVENFI,length1,24
2,1227817,1227730,87,MIPNNCLHCLFSFVSVKWMITHHFEILII,length1,87
2,1228093,1227820,273,MASQSSHYIYSIIFSIGNTKIELAPASFNCSIVSQNKFSWLTTCIATRVVSLANGKMVGFSTPGKSAVIFSSFSFGAWSIIYLLSAACCTP,length1,273
2,1228774,1228678,96,MAQSWLKRPFFCKAIRRRFGCIVVFVIMFFLF,length1,96
2,1229104,1228918,186,MMVSADKIHIVYARSNVIRFYIALKIHFKIKKSNFFEKNCVFSTFLLSLKFIKNVYLRGIIF,length1,186
2,1230067,1229206,861,MIYSMTAFARLEVKKDWGDAVWEIRSVNQRYLENFFRLPEQFRGLENTLREKLRQSLTRGKIECSLRIETKKQTNAELNLNKELANQVIQSLQWIKTQAGEGEINLTDVLRYPGVVEAQEQDLDAISQDLLTAFDDLLTDFIAMRGREGEKLNDIIQQRLDAIAVEADKVRSQMPAVLQWQRERLLQRFEDAQLNLDPQRVEQEMILLAQRVDVAEELDRLQMHVKETTNILKKGGAVGRKLDFMMQELNRESNTLASKSINADITASAVELKVLIEQMREQIQNLE,length1,861
2,1230919,1230079,840,MSQFISLTQYQLIEVQGADVEKYLQGQLTSDVVRLASGATTLTAHCDPKGKMNAIYRLFKVSSEQVFLLVKKDILPSALDALKKYAVFSKVSFDLRDWQIIGVIGEKCGKITPHFSLEIDGQRSILLNETELPVNFNGDEKIWEVADIQAGLPNLSPQTQNEFIPQALNLQAVEQAISFTKGCYIGQETVARAKYRGANKRAMFIFKAQTQQEVEIGSEIEMQLEANWRKTGTITSAVNLDGILWLQVVMNNDMDSEQQFRLPSNEILLERVQLPYSITE,length1,840
2,1231171,1231159,12,MNMQ,length1,12
2,1231327,1231318,9,MWR,length1,9
2,1231567,1231564,3,M,length1,3
2,1231828,1231789,39,MYFGISLWHITHK,length1,39
2,1232017,1232002,15,MGART,length1,15
2,1232053,1232029,24,MCIFNGFF,length1,24
2,1232167,1232134,33,MHTFKQYKFNF,length1,33
2,1232227,1232209,18,MIFIMN,length1,18
2,1233475,1233409,66,MFTLKTRFCVSRRFILLVACHR,length1,66
2,1233601,1233589,12,MGRR,length1,12
2,1233760,1233739,21,MNPPKTL,length1,21
2,1234165,1233979,186,MEFSLLNRIFKALQISLQILQKMINIVLFWYIAFLCVRIKITIRAFLNAPRNVYIKGKWGKF,length1,186
2,1234288,1234225,63,MKLSSLKSIKGLVFTSPKTFN,length1,63
2,1234426,1234366,60,MPSGGFSNAKPSTSSMVSTA,length1,60
2,1234705,1234702,3,M,length1,3
2,1234783,1234708,75,MSRFSWNSALIPSLSARARTTVIAA,length1,75
2,1234966,1234786,180,MDSFITSPNEPVKESFPLPTTEAVSIVSKSPPTSVQAKPVTSPIRFCVSALPNSKRFTPR,length1,180
2,1235725,1235698,27,MRSFTRSKP,length1,27
2,1235785,1235761,24,MSFFTLER,length1,24
2,1235932,1235848,84,MADIILSFCNSFSTLSRTSAGMPAASTF,length1,84
2,1236019,1235956,63,MVSSFSPPSISLRMALICSFK,length1,63
2,1236235,1236175,60,MLTGRWAAIVSAKRSTSSIR,length1,60
2,1236634,1236475,159,MLAMVPTSNKSSGVGSSKSASLWDTKRICLSSFIASSRALIDFTRPTKSGITI,length1,159
2,1237033,1236994,39,MAINGYIKSNVIN,length1,39
2,1237369,1237348,21,MMRLSLF,length1,21
2,1237435,1237420,15,MHKNL,length1,15
2,1237528,1237489,39,MRSKCLLKNGNVS,length1,39
2,1237678,1237600,78,MNFGKKTKENIAITIGNYLCILNANN,length1,78
2,1237732,1237723,9,MKC,length1,9
2,1238350,1238317,33,MTAYNFFSDIL,length1,33
2,1238644,1238629,15,MFWIV,length1,15
2,1238722,1238659,63,MVQMPSLFRRIFFILCALKYY,length1,63
2,1238824,1238761,63,MIVFFAQFRVFLTKLLKNIKP,length1,63
2,1238902,1238827,75,MILLLLELNAVARKLQNYYNVELKS,length1,75
2,1238959,1238953,6,MI,length1,6
2,1239130,1239049,81,MMCCLLVEPFERQWMRLLILVVLQKLN,length1,81
2,1239268,1239193,75,MCQQAVMNLYKFVLKNKMAVTKLLF,length1,75
2,1239349,1239328,21,MDSFLMR,length1,21
2,1239469,1239454,15,MVFLF,length1,15
2,1239547,1239538,9,MIF,length1,9
2,1239637,1239631,6,MA,length1,6
2,1239664,1239643,21,MVNFWMR,length1,21
2,1239766,1239763,3,M,length1,3
2,1239877,1239808,69,MRQNHKALHKKLQVKNTKCVTFC,length1,69
2,1239922,1239898,24,MMLKQKNN,length1,24
2,1239979,1239970,9,MPH,length1,9
2,1240024,1240012,12,MAVV,length1,12
2,1240075,1240030,45,MRSQKLMHHSLRKPS,length1,45
2,1240204,1240156,48,MAILQQKPTHKKHMNV,length1,48
2,1240360,1240225,135,MRRTIGLKHCVKERIFSILINNKVSKIKGLNCPFCCFLFSLSYSL,length1,135
2,1240483,1240462,21,MCRQINF,length1,21
2,1240576,1240552,24,MGNYYLIC,length1,24
2,1240693,1240630,63,MLKLCKIYWICLIQVRKCSSM,length1,63
2,1240768,1240744,24,MHRTWCKP,length1,24
2,1240837,1240816,21,MSVKILN,length1,21
2,1240909,1240843,66,MWKVGFLLILIIIRLNPQTWSY,length1,66
2,1241002,1240993,9,MKC,length1,9
2,1241083,1241044,39,MREQKWPLYLSTV,length1,39
2,1241170,1241125,45,MVWAKITMGIFAKKI,length1,45
2,1241200,1241197,3,M,length1,3
2,1241218,1241206,12,MDCR,length1,12
2,1241335,1241302,33,MVLVGINLPEI,length1,33
2,1242049,1241338,711,MNIIKRCKNIYAGIAVRKMPNKSAEENMKGKFIVIEGLEGAGKSSAHQSVVRVLHELGIQDVVFTREPGGTPLAEKLRDLIKHETEEPVTDKAELLMLYAARIQLVDNVIKPALMQGKWVVGDRHDMSSQAYQGGGRQLDPHFMLTLKETVLGDFEPDLTIYLDIDPRVGLARARGRGELDRIEQMDLDFFHRTRARYLALVKDNPKAVVINAEQSIELVQADIERAVKNWWKSNEK,length1,711
2,1242133,1242124,9,MLC,length1,9
2,1242193,1242175,18,MHLHRK,length1,18
2,1242376,1242334,42,MKLLRSTHNKMAIK,length1,42
2,1242403,1242382,21,MCKERNV,length1,21
2,1242430,1242421,9,MRY,length1,9
2,1242571,1242547,24,MNKWLLIG,length1,24
2,1242811,1242766,45,MFSKWIGFWLFFLIV,length1,45
2,1242964,1242883,81,MSKLPLVYYKPLKLCKKCGQICLQLMV,length1,81
2,1242994,1242988,6,MA,length1,6
2,1243186,1243117,69,MRWIMKIYIKISRMWWKKHVRVM,length1,69
2,1243354,1243237,117,MTLYGNLIMSRLLAVSIPSILKRNLMTQNAYCVYRKIQK,length1,117
2,1243597,1243495,102,MTPLQCYANIMLKSAVALFIVLRKPWNLRKKRWI,length1,102
2,1243789,1243639,150,MPKRFVRLFVMCQWIAYWWKRIRLILRQCLTEEKKINQRIREKYVNTWQP,length1,150
2,1245766,1244470,1296,MIMELFHTILAIVALILSSAVVSSAEISLASSRKLKLQSLANKGDVRALQVLKLQEHPGRFITVVQILLNMVAILGGGIGESALSPYIADILNRSFEGSWIEPTASTIAFILVTCLFILFADLIPKRIAITYPEMVALSVVGIMNFSMYVFKPLVWFFDTIANVFFRLFRISTVREDGMTSEDIFAVVEAGAEAGVLKTQEHYLIENIFDMQARTVTSTMTTRENIVYLDRTFSRQEVMDTLSRDSHSKIVICDNGLDKILGYIESHTLLTMYLQNENVVLTDPKLLRKALFVPDTLSLYEVLELFKSTGEDFAIIVNEYALVVGIVTLNDVMSIVMGELVSNEEEYIVSRDENSWLIDGATPLKEVTRVLDIAYFPDEENYETISGFMMYMLRKIPKKTDSVVYGKYKFEVIDTENFKIDQILVSLVKEQE,length1,1296
2,1245952,1245904,48,MWLARLRNFCQMVMCW,length1,48
2,1246291,1246285,6,MV,length1,6
2,1246390,1246375,15,MAAFY,length1,15
2,1246939,1246405,534,MTMFKKISVLFFTLILAGCSSWSSVTNHIPFMGNDKKVIDLDKDKIDQKSYAAAYEATVATYKGRVNENFFVDNFASGANDWYLGRILVPVKQIQDKLYTGGHDSDVYAYYSGVLHAEALQANLKRLSANCWEKVDSQSMAQGIYDAMRDLQKGEARGENDEYIVQGSEALLKACTSK,length1,534
2,1247143,1247047,96,MLMQLINNKRSKWQRPHWFKQAMLKMVTCKEC,length1,96
2,1247218,1247179,39,MASLFLMAPWILV,length1,39
2,1247299,1247293,6,MS,length1,6
2,1247350,1247323,27,MSICPYYAN,length1,27
2,1247362,1247356,6,MY,length1,6
2,1247389,1247368,21,MKILQQN,length1,21
2,1247428,1247404,24,MWLNFARF,length1,24
2,1247485,1247482,3,M,length1,3
2,1247551,1247521,30,MRGNYRCKVR,length1,30
2,1247617,1247584,33,MRHYHLAKGYG,length1,33
2,1247641,1247638,3,M,length1,3
2,1247653,1247647,6,MP,length1,6
2,1247701,1247689,12,MARP,length1,12
2,1247815,1247767,48,MTMSKQPCSMEIQQKF,length1,48
2,1247860,1247842,18,MLKLNL,length1,18
2,1247944,1247896,48,MNTAYMHAQVQIWLMK,length1,48
2,1248118,1248082,36,MQNKQLNHWAKR,length1,36
2,1248148,1248124,24,MAWARMFR,length1,24
2,1248259,1248220,39,MIICRQMPLKPYL,length1,39
2,1248307,1248283,24,MLVQVQYW,length1,24
2,1248316,1248310,6,MK,length1,6
2,1248337,1248328,9,MLP,length1,9
2,1249453,1248514,939,MASVVTITLNAAYDLVGRLNRIQLGEVNTVETLGLFPAGKGINVAKVLKDLGVNVAVGGFLGKDNSADFEQMFNQHGLKDKFHRVNGKTRINVKITETEADVTDLNFLGYQISPQIWQQFVTDSLAYCLDYDIVAVCGSLPRGVSPELFADWLNQLHQAGVKVVLDSSNAALTAGLKAKPWLVKPNHRELEAWVGHSLNSLEEIIAAAQQLKAEGIENVIISMGAKGSLWINNEGVLKAEPAKCENVVSTVGAGDSMVAGLIYGFEKGLSKTETLAFATAVSAFAVSQSNVGVSDLSLLDPILEKVQITMIEG,length1,939
2,1250884,1250872,12,MFYF,length1,12
2,1251727,1251658,69,MLILFYCGMSLFLLSFAGAACCC,length1,69
2,1252063,1252057,6,ML,length1,6
2,1252261,1252201,60,MRLNCLNALRSTKRTKSGNI,length1,60
2,1252333,1252309,24,MSVSCDSQ,length1,24
2,1252594,1252456,138,MMPARVASVPNPSVSRRIFLSSLSCTNRAMPVIAESKVASVKGFGG,length1,138
2,1252906,1252894,12,MIAW,length1,12
2,1252975,1252957,18,MTFGKR,length1,18
2,1253539,1253533,6,MV,length1,6
2,1253563,1253557,6,MP,length1,6
2,1253917,1253872,45,MIGRCSKRHCLNLGS,length1,45
2,1254085,1254079,6,MV,length1,6
2,1254229,1254226,3,M,length1,3
2,1254529,1254484,45,MLQVSSSVKSRHCEQ,length1,45
2,1255033,1255006,27,MCTINRDFH,length1,27
2,1255222,1255204,18,MGFWEQ,length1,18
2,1255822,1255807,15,MKLGQ,length1,15
2,1256119,1256113,6,MF,length1,6
2,1256149,1256131,18,MIACVK,length1,18
2,1258588,1258558,30,MIVKTIVFRC,length1,30
2,1258888,1258858,30,MNILVKRPMI,length1,30
2,1259092,1259017,75,MILNSHKVIKFLLMIVILKIVFYNS,length1,75
2,1259227,1259194,33,MRKNVINNVNL,length1,33
2,1259290,1259257,33,MNYGLIIVLPR,length1,33
2,1259428,1259377,51,MYWMLRQMLFCVHFSIC,length1,51
2,1259542,1259431,111,MNKCGQKIPYFYFKKMTIVWRSVKDRSNRKFYNLTKI,length1,111
2,1259653,1259554,99,MNNLPNVLKDNLNKFLFIKFPQVIHHYPKTGSE,length1,99
2,1260085,1260073,12,MPIT,length1,12
2,1260163,1260160,3,M,length1,3
2,1260250,1260214,36,MWNKGRKNESFF,length1,36
2,1260385,1260277,108,MAKSAFLCARFNLFIAIKCGDFSPRFRLYRGEFTFP,length1,108
2,1261165,1260754,411,MKHWFFLIILFFMNCSWGQDPFDKTQRNRSQFDNAQTVMEQTEIISSDVPNNLCGADENRQAAEIPLNALKLVGVVISKDKAFALLQDQGLQIYSVLEGVDVAQEGYIVEKINQNNVQFMRKLGEQCDSSEWKKLSF,length1,411
2,1262512,1261177,1335,MKKYFLKCGYFLVCFCLPLIVFANPKTDNECFFIRLSQAPLAQTLEQLAFQQDVNLVMGERLEGNISLKLNNIDMPRLLKIIAKSKHLTLNKDDGVYYLNGSQSGKGQVAGNLTTNEPHLVSHTVKLHFAKASELMKSLTTGSGSLLSSAGSITFDDRSNLLVIQDEPRFVQNIKKLIAEMDKPIEQIAIEARIVTITDESLKELGVRWGIFNPTENARRVAGSLTGNSFENIADNLNVNFATTTTPAGSIALQVAKINGRLLDLELSALERENNVEIIASPRLLTTNKKSASIKQGTEIPYIVSNTRNDTQSVEFREAVLGLEVTPHISKDNNILLDLLVSQNSPGSRVAYGQNEVVSIDKQEINTQVFAKDGETIVLGGVFHDTITKSEDKVPLLGDIPVIKRLFSKESERHQKRELVIFVTPHILKAGETLEALKQKSAGKK,length1,1335
2,1263211,1262527,684,MNFFNFRCIHCRGNLHIAKNGLCSGCQKQIKSFPYCGHCGAELQYYAQHCGNCLKQEPSWDKMVIIGHYIEPLSILIHRFKFQNQFWIDRTLARLLYLAVRDAKRTHQLKLPEAIIPVPLYHFRQWRRGYNQADLLSRQLSRWLDIPNLSNIVKRVKHTYTQRGLSAKDRRQNLKNAFSLVVSKNEFPYRRVALVDDVITTGSTLNEISKLLRKLGVEEIQVWGLARA,length1,684
2,1263883,1263289,594,MEQATQQIAISDAAQAHFRKLLDTQEEGTNIRIFVVNPGTPNAECGVSYCPPNAVEESDIEMKYNTFSAFIDEVSLPFLEEAEIDYVTEELGAQLTLKAPNAKMRKVADDAPLIERVEYVIQTQINPQLANHGGRITLIEITEDGYAVLQFGGGCNGCSMVDVTLKDGVEKQLVSLFPNELKGAKDITEHQRGEHSYY,length1,594
2,1264744,1263952,792,MKILQQDDFGYWLLTQGSNLYLVNNELPFGIAKDIDLEGLQAMQIGEWKNHPLWLVAEQESDEREYVSLRNLLSLPEDEFHILSRGVEINHFLKTHKFCGKCGHKTQQTQDELAVQCIHCGYQTYPVICPSIIVAVRRGHEILLANHKRHYSPNGGIYTTLAGFVEVGETFEQAVQREVFEETGISIKNLRYFGSQPWAFPNSQMVGFLADYESGEITLQESEIHDAQWFSYDQPLPELPPTGTIARKLIHVTLELCKAEHKCD,length1,792
2,1265005,1264969,36,MSKSTLKINWRN,length1,36
2,1265026,1265023,3,M,length1,3
2,1265062,1265029,33,MIMIVLVLCQR,length1,33
2,1265080,1265065,15,MPVRL,length1,15
2,1265302,1265221,81,MKIFKQNLMCNGKFIVCLKNVKNVILN,length1,81
2,1265356,1265320,36,MKFGLRVYLTLV,length1,36
2,1265782,1265512,270,MNKTDLIDAIANAAELNKKQAKAALEATLDAITASLKEGEPVQLIGFGTFKVNERAARTGRNPQTGAEIQIAASKVPAFVSGKALKDAIK,length1,270
2,1265803,1265797,6,MK,length1,6
2,1266307,1266295,12,MGNA,length1,12
2,1267843,1267840,3,M,length1,3
2,1267942,1267906,36,MTIGFHYKSQLG,length1,36
2,1267996,1267951,45,METIDEMVKSRENLE,length1,45
2,1268068,1268050,18,MKSISP,length1,18
2,1268140,1268134,6,MQ,length1,6
2,1268557,1268473,84,MAKLMKSIRIRKQLAHLVLQLMVSLYLY,length1,84
2,1268809,1268803,6,MQ,length1,6
2,1268977,1268926,51,MLIQELTKLRLTLAYLI,length1,51
2,1269316,1269277,39,MHGIFLRFRAVVQ,length1,39
2,1269409,1269367,42,MQLCDTHHKIPLRH,length1,42
2,1269715,1269700,15,MPLPM,length1,15
2,1270120,1270078,42,MFFLRAVICHQNVI,length1,42
2,1270192,1270183,9,MVG,length1,9
2,1270267,1270237,30,MLQGRILLKP,length1,30
2,1270360,1270351,9,MKQ,length1,9
2,1270633,1270621,12,MQMQ,length1,12
2,1271203,1271200,3,M,length1,3
2,1271605,1271572,33,MKFTIESANSA,length1,33
2,1271923,1271878,45,MRIFTSKCGFSCFTR,length1,45
2,1272346,1272220,126,MLTNFSIFWLKNSHFYSGKPYERQTQTVFSIRRQNLSRTLSR,length1,126
2,1274830,1274806,24,MVLSRRQQ,length1,24
2,1275973,1275898,75,MVCLRLHHQWLCGKLEPFLHNNKMI,length1,75
2,1276993,1276990,3,M,length1,3
2,1277302,1277266,36,MVHSPFQLTPYR,length1,36
2,1277803,1277776,27,MVSATPIQS,length1,27
2,1278511,1278490,21,MPTFRKV,length1,21
2,1278868,1278715,153,MPSASIANAKSTLSSTINGTPYSRHKSRQLIASAFCAEGVCSNENLPLSRN,length1,153
2,1279156,1279036,120,MICRPVSLPNIQRVRNRSGNKIFRCFYRTLQRFAFRQLCG,length1,120
2,1279246,1279186,60,MCMRRVETGALQSKMTTICK,length1,60
2,1279384,1279288,96,MSALNNHILRSLFLQCFCGLLNTDVVHNRNPR,length1,96
2,1280044,1279948,96,MLHRLLMSQKNNFLHLPLKKPHTRRSINSPKP,length1,96
2,1280101,1280059,42,MTCRCERSQFVCHR,length1,42
2,1280527,1280506,21,MPTSHWH,length1,21
2,1280704,1280644,60,MPAIHCEQLADVIKCRKLEK,length1,60
2,1280770,1280740,30,MWHISFLRQC,length1,30
2,1280905,1280893,12,MRRI,length1,12
2,1281241,1281214,27,MPNLLCFII,length1,27
2,1281256,1281250,6,MF,length1,6
2,1281529,1281433,96,MMSCRTFSIEIITRILPSPNWESLWHFIICFR,length1,96
2,1281559,1281550,9,MGY,length1,9
2,1281898,1281871,27,MIFFWQIYR,length1,27
2,1282189,1282018,171,MTWSTTLTLLTFRTLVLMNGFFIIILNRNYIHFWHFFSRAEVIFNNCFIIFNAHAFT,length1,171
2,1282897,1282795,102,MTLFNITDCFAFFVKKIRGNLYWHNGMYLLGVLF,length1,102
2,1283008,1282987,21,MVRRFAQ,length1,21
2,1283167,1283128,39,MANWCHINEINDN,length1,39
2,1283572,1283461,111,MLFRFLKNFWAINQDLTNITTQIIANSAYNHIAFLMN,length1,111
2,1283626,1283620,6,MM,length1,6
2,1284502,1284361,141,MRCKRLIYFKKNVDYQCLMPIAALSFHQQNLSFFTQILRRKKRVYYP,length1,141
2,1284580,1284574,6,MI,length1,6
2,1285219,1285174,45,MAIPYKSYSSPSFEK,length1,45
2,1285999,1285960,39,MDNQYLLSAVENS,length1,39
2,1286098,1286086,12,MGNA,length1,12
2,1286389,1286263,126,MIILYQRAGTIKGVIKLTNIPFPVIFLQIKKKIFIESWFCNF,length1,126
2,1286497,1286491,6,MK,length1,6
2,1286548,1286533,15,MEWNL,length1,15
2,1286620,1286578,42,MFLFFAYSTERSIR,length1,42
2,1286842,1286827,15,MAGFR,length1,15
2,1287031,1287007,24,MEIIKIWL,length1,24
2,1287253,1287250,3,M,length1,3
2,1287334,1287256,78,MRPRRNARVTRKRNTFAFFNGLPCFY,length1,78
2,1287598,1287496,102,MGTNTSCYWMATIWIKRGGNSRLSLQWITSKTFA,length1,102
2,1289515,1288711,804,MNITAIRNEQNPQPLIQLKNINVVFAQKTALQDINLNIYPNSIITIVGPNGGGKSTLLKTLLKLQMPTSGEVIYSKNVRIGYVPQKIHLDHSLPITVERFLSLKKGIKTQEISTALEQLSISHLRKSNMQKLSGGEMQRVLLTRAILNKPNLLVLDEPTQGVDITGQAELYQLIHQTQQKLNCAVLMVSHDLHIVMADSKEVLCINQHICCAGTPDVLSNDPTFMRLWGNQIAQNVGFYTHHHNHHHTLHGDVCGCNSSAVHCQNKDK,length1,804
2,1289842,1289833,9,MYG,length1,9
2,1290247,1290220,27,MILLLGLLL,length1,27
2,1291336,1290391,945,MNQEYLDFELPIAELEAKIEALRAASDDKVDLTDEIKRLQKKSNELTKKTFANLDAWQVSRMARHPNRPYTLDYIEHIFTEFEELAGDRAFADDKAIVGGLARLDGRPVMVIGHQKGRSVKEKVQRNFGMPAPEGYRKALRLMEMAERFKLPIITFIDTPGAYPGIGAEERGQAEAIARNLREMAQLTVPVICTVIGEGGSGGALAIGVGDKVNMLQYSTYSVISPEGCASILWKSAEKASTAAEVMGLTASRLKELNLIDSIMQEPLGGAHRNYAKIAENLKLRLKEDLAELDELSKEELLNRRYERLMSYGYC,length1,945
2,1291513,1291411,102,MKTTFELGSYELQTIAARFEILNPSSNYKAEKVA,length1,102
2,1291759,1291702,57,MQIVGLNTAKTCAINFKFH,length1,57
2,1291834,1291792,42,MALKQGRVKHAIKP,length1,42
2,1292152,1292062,90,MKVIKIIDLIAISYAMKFCQNYVNAGLILI,length1,90
2,1292212,1292203,9,MIY,length1,9
2,1292419,1292371,48,MMLFLQKKRQILNFSL,length1,48
2,1292533,1292527,6,MI,length1,6
2,1292569,1292557,12,MKII,length1,12
2,1292848,1292827,21,MRSKFER,length1,21
2,1293127,1293103,24,MEYDGCLQ,length1,24
2,1293955,1293931,24,MCNAFAVR,length1,24
2,1294201,1294168,33,MYVRHLLRLLL,length1,33
2,1294471,1294336,135,MPLDRKQYLHVRLIFHKDYNLPLMQHESYYCIVILYQTLFYHFQS,length1,135
2,1294582,1294579,3,M,length1,3
2,1294768,1294747,21,MTQQICL,length1,21
2,1294858,1294819,39,MRFLLFDPEYYPQ,length1,39
2,1295638,1295611,27,MIKCTKMFI,length1,27
2,1295689,1295662,27,MQSRRILNL,length1,27
2,1296187,1296082,105,MRFTSVRIEPSEYNSISRQPGCKVSREKYWQSGLN,length1,105
2,1296643,1296640,3,M,length1,3
2,1296973,1296940,33,MPLSIFPSHIH,length1,33
2,1297036,1297009,27,MSSFSSAKP,length1,27
2,1297147,1297096,51,MPPGLSHTLKQCVKFLT,length1,51
2,1297249,1297222,27,MSSSNQGER,length1,27
2,1297693,1297669,24,MFYSIFTK,length1,24
2,1297759,1297747,12,MKSP,length1,12
2,1297816,1297783,33,MALPCGFSAME,length1,33
2,1298035,1297963,72,MRYGNGFCFKRTESAVNFCCVFSN,length1,72
2,1299580,1299541,39,MTKTFAYAINQIA,length1,39
2,1299700,1299640,60,MRHTGWNIENIPWIHHFIND,length1,60
2,1299808,1299790,18,MTIALH,length1,18
2,1299928,1299832,96,MLTNGATFRRVRHHNIVTLPLRNKAKFVPKLP,length1,96
2,1300204,1300195,9,MFR,length1,9
2,1300540,1300531,9,MLI,length1,9
2,1300624,1300606,18,MINHAQ,length1,18
2,1301296,1300714,582,MSEIKLIVGLGNPGDKYTDTRHNAGEWLIERLARRFNVSLNPESKFFGKTARTLVNGKEVRLLVPTTFMNLSGKAVGALASFYRIKPEEILVIHDELDLPAGTAKLKQGGGHGGHNGLKDIVAQLGNNNNFYRLRIGIGHPGHRDLVAGYVLNKPSPADRDALEKVLDEATDCVEIIFKDGMIKATNRLNSFKI,length1,582
2,1301497,1301380,117,MWANLLFLTHSLKLALKPQTIHSVLSNQIRVSCQCQIHV,length1,117
2,1301644,1301638,6,MR,length1,6
2,1301740,1301674,66,MTLYTLQGKLIRLMILKLSTLN,length1,66
2,1301875,1301866,9,MLE,length1,9
2,1302001,1301971,30,MKMVLKIIHT,length1,30
2,1302121,1302091,30,MKKKSSFYKI,length1,30
2,1302175,1302166,9,MHF,length1,9
2,1302376,1302316,60,MKTLSNSTVKTVQKKQVNGV,length1,60
2,1302412,1302403,9,MAM,length1,9
2,1304401,1302511,1890,MSSIKYRPEIDGLRAIAVISVIIYHLNENWLSGGFLGVDIFFVISGFLITGIIITEIQQNSFSLKQFYTRRIKRIYPAFITVMALVSFIASVIFIYNDFNKLRKTIELAIAFLSNFYLGLTQGYFDLSANENPVLHIWSLAVEEQYYLIFPLILILAYKKFREIKVLFIITLILFFILLATSFIPANFYKEVLHQPNIYYLSNLRFPELLVGSLLAIYHNLSASKQASKQASKQASKQASNVIAILSTLLLFSCLFLMNNDIAYIPGITLILPCIFTALIIHTTSQNNIIKLCLSNKVIVFIGKISYSLYLYHWIFIAFAYYITGEKQINNQSIAIVIILTIIFSVLSYYLIEQPIRKSKLNFKQSFLYIYFIPSLLLLGFNLYKRQTIRAEKEHIEQSIPVSNENHYPAKVIILGDSHSSHLEAFLNYVGNKEGWKADIFKDKFECSFIVNEQYQLDPNCQSVWQKDSQYKAIFISAFYDLRMGGQPVPRFRPETFIEPDFKARFKNTVKQLAMQKPVYVFANNSSVSRSPLRGYLLENYGLEKYLTPIHRMGDIDASNKIIHDLVKDIPNVYWVDAQQYLPKDSVMAEGKYLYGDQDHLTNFGAYYMAKEFSKYQRVMTPEQVKKLYE,length1,1890
2,1305055,1304992,63,MCFSKSQFAIISYCLFPRCFR,length1,63
2,1305085,1305073,12,MIKR,length1,12
2,1305328,1305325,3,M,length1,3
2,1306003,1305991,12,MIHP,length1,12
2,1306267,1306234,33,MANIPSFHNLQ,length1,33
2,1306639,1306600,39,MALQSILLGRHWL,length1,39
2,1307125,1307098,27,MPRDHHVEV,length1,27
2,1307185,1307143,42,MRQMHDCALLIYGK,length1,42
2,1307830,1307785,45,MTGQILRGNLAIGIN,length1,45
2,1308337,1308334,3,M,length1,3
2,1308601,1308577,24,MCFLTTIQ,length1,24
2,1309066,1309039,27,MRFFYKLFE,length1,27
2,1309135,1309108,27,MTCFTEIFS,length1,27
2,1309378,1309354,24,MIKSSPHF,length1,24
2,1309465,1309462,3,M,length1,3
2,1309978,1309894,84,MSFVKNNHFCIWNKFAKTTFFHSHISKK,length1,84
2,1310011,1309981,30,MMINYNQISI,length1,30
2,1310545,1310491,54,MCHFKLFSSRTKTFDILA,length1,54
2,1310722,1310716,6,MF,length1,6
2,1310782,1310755,27,MICHYLIFC,length1,27
2,1310914,1310824,90,MNKILLSFFIDSLLIPKTGSRIQGLLRPIG,length1,90
2,1311115,1311034,81,MFAYIKFYATNLTRGTTTRICCQNARH,length1,81
2,1311349,1311343,6,MQ,length1,6
2,1311487,1311481,6,MP,length1,6
2,1311577,1311547,30,MKGYLIVAMD,length1,30
2,1312048,1311949,99,MPLNKITVTLLMNLRRFYTVKPLVKPLTKNREN,length1,99
2,1312522,1312105,417,MARRQRKAIKSEINIVPFLDVLLVLVLIFMATAPIISQSVQVELPDSVQSQEVSNEDKVPVILEVAGIGKYAISIGGERQEGLTEEMVTQLSRQEFDKDNNTLFLVGGAKEVPYEEVIKALNLLHLAGIKSVGLMTNPI,length1,417
2,1313758,1312654,1104,MGGGEGEGDVIGAVIVDTGTAAQEWGRIQQQKKGQADKQKRPEPVVEEKPPEPNQEEIKHQQEVQRQEELKRQQEQQRQQEIKKQQEQARQEALEKQKQAEEARAKQAAEAAKLKADAEAKRLAAAAKQAEEEAKAKAAEIAAQKAKQEAEAKAKLEAEAKAKAAAEAKAKAEAEAKAKADAEAKAKLEAEAKAKAAAEAKAKAEAEAKEKADAEAKAKAAAEAKAKAATEAKRKADQASLDDFLNGGDIGGGSASKGGNTNKGGTQGSGAALGSGDGGKVGDQYAGVIKKEIQRRFLKDPNFAGKVCRIKIQLGRDGTILGYQKISGSDDICSAALSAVARTKKVPAAPSDEIYEKYKSPIIDFDIR,length1,1104
2,1313971,1313860,111,MHSLAMKYALSLMKGLMVRALLLSCHLLVLHQKILAK,length1,111
2,1314058,1313980,78,MIYVTVVSLILLRCLKCLNAQLQQQR,length1,78
2,1314151,1314127,24,MVIVLLIN,length1,24
2,1314250,1314235,15,MERIL,length1,15
2,1314274,1314256,18,MKFLKN,length1,18
2,1314358,1314313,45,MLCKKMAVRNLMKFV,length1,45
2,1314499,1314367,132,MMAIINLSSIVVPNQLCLQLGLQTASVWLMYRLKIKNHNLLYRI,length1,132
2,1314580,1314544,36,MAHQPFRQMVLV,length1,36
2,1314610,1314601,9,MVF,length1,9
2,1314655,1314634,21,MAVHLLN,length1,21
2,1314835,1314760,75,MQAEVVQQQWVVAAARKLVQMEKHL,length1,75
2,1314859,1314844,15,MVTIM,length1,15
2,1314949,1314940,9,MEL,length1,9
2,1315075,1315006,69,MVALRRAFQEVMVKLNFQLGLHT,length1,69
2,1315732,1315696,36,MRYHKSISTVGR,length1,36
2,1316176,1316134,42,MNNLMPFQLAQKIL,length1,42
2,1316233,1316182,51,MLGLSIVLMKPSMIALW,length1,51
2,1316377,1316365,12,MKNC,length1,12
2,1316482,1316461,21,MNCVWLS,length1,21
2,1316689,1316680,9,MVC,length1,9
2,1317238,1316788,450,MKLTSKGRYAVTAVLDIALNADGGPVSLADISERQHISLSYLEQLFAKLRKDGLVKSVRGPGGGYQLGLPSEQISVGMIIAAVNENIHVTKCLGRENCKNGVECLTHELWEDLSLRIESFLNEITLAELVNKRNVKRQSHRDFSNLLVNQ,length1,450
2,1318519,1317307,1212,MKLPIYLDYAATCPVDERVAKKMMAFLTIDGTFGNPASRSHKFGWQAEEAVDIARNQIADLIGSDSREIVFTSGATESDNLAIKGAAHFYQTKGKHIITCKTEHKAVLDTCRQLEREGFEVTYLSPEADGLIDLEKFKAALRPDTILASIMHANNEIGVLQDIKAIGELCRANKTIFHVDATQSVGKVEINLEELAVDLMSMSSHKLYGPKGVGALYVRRKPRIRLEAIIHGGGHERGMRSGTLPVHQIVGMGEAYRIAKEEMASEMPRLKALRDRLYNGLKDIEETYVNGSMEHRLDSNLNISFNYVEGESLMMALRDIAVSSGSACTSASLEPSYVLRALGLNDELAHSSIRFTLGRYTTEEEIDYTINLMKGAVEKLRALSPLWDMFKEGIDLNTIEWSAH,length1,1212
2,1318720,1318612,108,MKIHVMWDHWIKKIAMLVLEWSVRQLVVMLCNYKSR,length1,108
2,1318795,1318723,72,MIMALLKMQNSKLTAVVLRLHLVH,length1,72
2,1318987,1318915,72,MQLKQQLLIIKQNKANHVKKCGQF,length1,72
2,1319152,1319137,15,MYLSL,length1,15
2,1319161,1319155,6,MF,length1,6
2,1319257,1319236,21,MALSWIM,length1,21
2,1319302,1319272,30,MKALNIIIQM,length1,30
2,1319416,1319404,12,MKKY,length1,12
2,1319431,1319419,12,MHVI,length1,12
2,1319530,1319521,9,MMP,length1,9
2,1319635,1319623,12,MWRF,length1,12
2,1319701,1319671,30,MLKASKMKEH,length1,30
2,1319746,1319704,42,MFLRKKLNKKLNHY,length1,42
2,1319995,1319989,6,MD,length1,6
2,1322812,1322797,15,MRRGK,length1,15
2,1323067,1322875,192,MKWTDAQLIAEELYDRNPDLDPKTVRFTDLHKWICELEDFDDDPNKSNESILEAILLKWLDEFE,length1,192
2,1323727,1323721,6,ME,length1,6
2,1323748,1323733,15,MFFPF,length1,15
2,1323907,1323874,33,MPMLHQIYLHV,length1,33
2,1324054,1324003,51,MLRLRLDKQHKYPPHFS,length1,51
2,1324357,1324300,57,MNIIVQNAHGFHHLNNQVI,length1,57
2,1325038,1324873,165,MAYFLQLAYALPNSHNYLIHCVLVLQSIAIMEILLGRNRSYHELLELFLPRAFLK,length1,165
2,1325815,1325653,162,MRILTRLLALVRHIFLANLFLKSLHLHQYESEYFCLAHNQQRHGRDLHDQCCQD,length1,162
2,1325992,1325923,69,MLPQHPLLEQIHEQYLHQHVLMI,length1,69
2,1327174,1327126,48,MLYFRLLNFSARFPLI,length1,48
2,1327714,1327624,90,MKGKITALSCLLIVCIFLLLTGAVEIFNML,length1,90
2,1328077,1328062,15,MPSFT,length1,15
2,1328476,1328419,57,MGLTPVTPKLPIILEARHT,length1,57
2,1328776,1328740,36,MFVILSKLSSPK,length1,36
2,1329304,1329229,75,MLCMILPIIEYWKAMRLIVFSLLPL,length1,75
2,1329334,1329325,9,MYF,length1,9
2,1329514,1329481,33,MLPTRFLVQRE,length1,33
2,1329781,1329760,21,MKFLMRQ,length1,21
2,1329865,1329850,15,MQLLA,length1,15
2,1329970,1329949,21,MEEQFVM,length1,21
2,1330024,1329988,36,MKMAMMKWDLIR,length1,36
2,1330201,1330105,96,MSRLFNSDFFLVSCFGLFCHFRFIITSSQDYC,length1,96
2,1331290,1330411,879,MRNSFKIMTALALGLFAMQANAKFKVVTTFTVIQDIAQNVAGNAATVESITKPGAEIHEYEPTPKDIVKAQSADLILWNGLNLERWFERFFQNVKDKPAVVVTEGIQPLSIYEGPYKDAPNPHAWMSPSNALIYIENIKNALVKYDPQNAAVYEKNAADYAQKIKQLDEPLRAKLAQIPEAQRWLVTSEGAFSYLAKDYNLKEGYLWPINAEQQGTPQQVRKVIDLVRKNNIPVVFSESTISAKPAQQVAKESGAKYGGVLYVDSLSAKNGPVPTYIDLLNVTVSTIVKGFGK,length1,879
2,1331329,1331323,6,MM,length1,6
2,1331371,1331347,24,MVILLFTI,length1,24
2,1331452,1331419,33,MEVASPHYLKA,length1,33
2,1331596,1331539,57,MCHNQKKWTGNFRCQCMMS,length1,57
2,1331620,1331611,9,MGI,length1,9
2,1331818,1331794,24,MNLSLALM,length1,24
2,1331875,1331830,45,MPLLIFFNSFEKKVI,length1,45
2,1332085,1332055,30,MMKINVLLPS,length1,30
2,1332214,1332091,123,MMKKPLYSMAKLSKIHLRQQHKIVILKIALIKVQLKIRGIR,length1,123
2,1332268,1332247,21,MIICSRR,length1,21
2,1332439,1332349,90,MHFPILSYPVLQLPMLLRCLTHLVHFLPEF,length1,90
2,1332529,1332490,39,MPLSGLFSVLSLH,length1,39
2,1332586,1332568,18,MCKISF,length1,18
2,1332652,1332610,42,MKIFIKWQLSSVFV,length1,42
2,1332766,1332700,66,MKHKRLQSVFLHYFIKFYFSHY,length1,66
2,1332964,1332946,18,MVPQAV,length1,18
2,1333030,1333021,9,MAY,length1,9
2,1333870,1333057,813,MFDWLLEPLQFEFMQNALLTALIVSIICALLSCYLVLKGWSLMGDAISHAVLPGIVLAYLAGIPLAIGAFFSGIFCSLGVGYLKENSRIKEDTAMGIVFSGMFAIGLVMFTKIQTEEHLTHILFGNVLGVSHQELIQSAVISAIIFCLIVFKRKDFLLYCFDPSHARVAGLSPKILHYGLLILLALTIVSTMQVVGVILVVAMLIAPGITALTLTKSFDKMLWIAIVSSITSSLIGVILSYHFDASTGACIILLQAAFFVIALAYSKIRIR,length1,813
2,1334374,1334182,192,MLSNVTSNLSVTQSTRGYSCIKLSQTAHHAAIKQIASISNASGTLLGGKNLLLTNSPFTAIIQM,length1,192
2,1334530,1334476,54,MKKIEIILLQIMLKTSFW,length1,54
2,1335151,1335133,18,MKHCIK,length1,18
2,1335484,1335460,24,MIGVYIPI,length1,24
2,1336204,1336174,30,MLPKQFSVCE,length1,30
2,1336819,1336579,240,MASRAEKGSSSKIKSASCIKVRAKATRCFCPPESCEQGLCQCAAIPTFSSNILAFSVVFADFRPNKTACNCTLSTIDNHG,length1,240
2,1337038,1336903,135,MPASSRKSVDFPTPELPNKLTHSFGNRVKLRCSNNVCPLKARLKS,length1,135
2,1337110,1337104,6,ME,length1,6
2,1338247,1338244,3,M,length1,3
2,1338493,1338463,30,MGLDNLISHN,length1,30
2,1338733,1338709,24,MLAKRWWY,length1,24
2,1338823,1338808,15,MKAIF,length1,15
2,1338892,1338859,33,MRLALLFILQG,length1,33
2,1338964,1338943,21,MSLAPLY,length1,21
2,1339159,1339090,69,MVHLNIWLSRFYAIQQKRNQNLA,length1,69
2,1339207,1339195,12,MKVA,length1,12
2,1339279,1339225,54,MVFQIIYYLILAKLLSVN,length1,54
2,1339351,1339318,33,MMEQVCVIIFM,length1,33
2,1339453,1339393,60,MKMTLAYIFITLVRAMVIPY,length1,60
2,1339984,1339978,6,MG,length1,6
2,1340209,1340188,21,MRIVVKF,length1,21
2,1340224,1340218,6,MN,length1,6
2,1340272,1340251,21,MLIELRD,length1,21
2,1340602,1340563,39,MTWDLAKRILLLL,length1,39
2,1340788,1340758,30,MLLHLPSYGN,length1,30
2,1341004,1340953,51,MLWEQWGIISIFGFVYF,length1,51
2,1341337,1341325,12,MKVN,length1,12
2,1341352,1341346,6,MN,length1,6
2,1341412,1341400,12,MVSC,length1,12
2,1341451,1341415,36,MVSLVLFHKRMH,length1,36
2,1341508,1341493,15,MCQTK,length1,15
2,1341607,1341601,6,MM,length1,6
2,1342573,1342486,87,MIIVPIAIRLGFLNHCQKRFKIFGFFSDI,length1,87
2,1342990,1342864,126,MRVIRFDAVDCEMRVQYFQPLELNLFPLLVHQMPSVSQQKVR,length1,126
2,1343137,1343047,90,MIESGRKFKNFFSANVNTTSAADAIFGKHE,length1,90
2,1343332,1343302,30,MSTPAMFCNQ,length1,30
2,1343692,1343662,30,MSCSQAFSGN,length1,30
2,1344487,1344481,6,MS,length1,6
2,1346008,1345813,195,MFGPACILLLHICHNTFISPSFIARSCAIVCNPTFSETVPFGNFQIRSAISRCFGLVTTKSAGKR,length1,195
2,1346473,1346467,6,MM,length1,6
2,1346833,1346824,9,MVD,length1,9
2,1347292,1347202,90,MVSPAAVAAAIAALAFIKSRRLKFIAFPPR,length1,90
2,1347829,1347790,39,MSILCDQGNWSRG,length1,39
2,1348135,1348117,18,MSFKYF,length1,18
2,1348147,1348138,9,MLL,length1,9
2,1348180,1348171,9,MNE,length1,9
2,1348273,1348255,18,MNFARD,length1,18
2,1348477,1348474,3,M,length1,3
2,1348723,1348624,99,MKFFALALIIRFRHYISPIKVIFKRVFYIKFIN,length1,99
2,1348960,1348939,21,MDKTIFT,length1,21
2,1349047,1349011,36,MMFCFMPRIGEK,length1,36
2,1349263,1349179,84,MNFNAKVIFVRISKSHIHKRFSHSKANF,length1,84
2,1351765,1349575,2190,MKIVRVALAVPLPRLFDYFVPDDVSLQIGMRVLVPFGTQKRVAIVADFPTKSDVPEDKLKAILQPLDLAPVFTPIYWDWLHWAANYYQAGLGDVLFQALPVKLRNGESAVKNDRTFWRITDAGKNVLKQGELKRSKKQAEALQYLSETDLEKGNNNFSSAIWSALKAKGFIEEITIHTNPLSWQQRLGNNPIVNAENRLTLNKQQALAFSQLLFHSGFNVWLLDGVTGSGKTEIYLQYIEEILKSGKQVLVLVPEIGLTPQTVQRFKARFNVEIDVLHSNLTDTQRLYVWDRARSGQSAIVIGTRSALFTQFSNLGAIILDEEQDASYKQQDSWRYHARDLAIVLAQKLNIAVLMGSATPSLESINNVQNGKYQHLVLSKRAGNSTALRHFVIDLKNQNIQNGLSKPLLERMKAHLEKGNQVLLFLNRRGFASVLLCHECGWIAQCPHCEKPYTYHQHQNVLRCHHCGAQKTIPRQCGDCGSTHLVTTGLGTEQLEETLKTLFPHYSVARIDRDSTARKGKLEGYLEDIQQGKSQILIGTQMLAKGHHFPNVTLVALVNVDSALFSLDFRAEERLAQLYIQVAGRAGRADKQGEVVLQTHYPDHPLLTTLLANGYQAFAKETLQLRHSMGLPPFTFQALFKAQARHSDLAENCLSQIADFFQSKQITGLQMLGPMPAPFSKKAGQYRWQLLLQHPSRMTLQKALREYQQAELEKNSLVRLILDVDPQDLS,length1,2190
2,1352143,1352014,129,MLPTTILIAITPIATPKPMPKPFSNKACTIIGIAAMIEPILGI,length1,129
2,1352185,1352176,9,MAY,length1,9
2,1352260,1352242,18,MLLMPR,length1,18
2,1353103,1352461,642,MMLGSKFSWMVSRESVKGRLKRCNNPVKSLTRCESKTLYCGIDWVNSLAVLLINPTKKKNTKEIKTKSKVMANQCGTRRWVIALIIGEQIIAIKSDSKNGTTISAANFTPAKIIITAAMPSKVRCKFKLFCTKSHPRFLRPCECGSLAQRDKQKFCRHRFCLFVPFQQSLQYIDPQVHQEPLLPISLSAENPPYIPHHDKVLYDLFGDQIRVLP,length1,642
2,1353295,1353244,51,MISGLVSIYKPLISCKQ,length1,51
2,1353382,1353313,69,MPFTSTFPSLSFTPSKVSLIALG,length1,69
2,1354207,1354201,6,MG,length1,6
2,1354846,1354837,9,MPA,length1,9
2,1355188,1355182,6,MA,length1,6
2,1355698,1355692,6,ML,length1,6
2,1355785,1355782,3,M,length1,3
2,1356097,1356019,78,MITQRKSSTIANNIRRTLSTCNALAE,length1,78
2,1356331,1356226,105,MAVSNVSASILSSCKISTISTPDCSIKVAFFISSG,length1,105
2,1356778,1356670,108,MLQDYKTHIKFSLLSARTKHLTRKLRHCVEDQAKFY,length1,108
2,1357060,1357042,18,MHYLLE,length1,18
2,1357540,1357504,36,MKSVLTVIYLTA,length1,36
2,1357579,1357546,33,MRIVSLSSAFQ,length1,33
2,1358161,1358128,33,MQKIHAVTEHL,length1,33
2,1358290,1358239,51,MLKKRRIWSFRLNNTSE,length1,51
2,1358701,1358542,159,MQNKTTLKFALHDYCPDKRSLVCETHCVAKISPRFVFSVLKSSRSCHIQRILA,length1,159
2,1359652,1359484,168,MRNLWLYRFFHRLNWHSCFWLFRLSWLHRHNRCRSHFIWHLTWRLNNILLHWRIFY,length1,168
2,1359949,1359928,21,MFCWQYL,length1,21
2,1360624,1360615,9,MPV,length1,9
2,1360870,1360774,96,MCVTITVCKRVSANKVQNSSVIRCGITTGKRV,length1,96
2,1361002,1360999,3,M,length1,3
2,1361476,1361275,201,MKGCGTRSEKSFRAAMDCSKSSSGKFKAFSNNLGSEMAFFRIVSQFCSSLMTGSWGKIRTFQTISHF,length1,201
2,1362055,1361491,564,MATYTTSDFKPGLKFMQDGEPCVIVENEFVKPGKGQAFTRTRIRKLISGKVLDVNFKSGTSVEAADVMDLNLTYSYKDDAFWYFMHPETFEQYSADAKAVGDAEKWLLDQADCIVTLWNGAPITVTPPNFVELEIVDTDPGLKGDTAGTGGKPATLSTGAVVKVPLFVQIGEVIRVDTRSGEYVSRVK,length1,564
2,1362151,1362136,15,MPFRS,length1,15
2,1362235,1362205,30,MRLFLLDGFY,length1,30
2,1362373,1362274,99,MVEWLKAPVLKTGEGLRPPRVRIPIPPPSIFTS,length1,99
2,1362667,1362658,9,MLC,length1,9
2,1362715,1362679,36,MVCFVVVWDSVR,length1,36
2,1363084,1363066,18,MEYYSE,length1,18
2,1363213,1363144,69,MLGLMLSLMRANLHLLKPLLRLQ,length1,69
2,1363273,1363228,45,MEKNQKINRVVRKLM,length1,45
2,1363315,1363294,21,MMSQYPL,length1,21
2,1363420,1363345,75,MRQYLYFAQHQNLGFVLNLLRQWWH,length1,75
2,1363921,1363918,3,M,length1,3
2,1364065,1364047,18,MPIPQK,length1,18
2,1364647,1364587,60,MVMMVTTDNVHFLSPNKNCF,length1,60
2,1365073,1364932,141,MPKGWKGLRFTPVRSAAAITKLWSKVALCATMIERWQSASFCPRRTI,length1,141
2,1365325,1365250,75,MAASSSNASFFASKPAVSTSIMTGK,length1,75
2,1365694,1365643,51,MSICCAMFIFIYAPVVC,length1,51
2,1366009,1365988,21,MCNKNGI,length1,21
2,1366099,1366096,3,M,length1,3
2,1366666,1366630,36,MQARRSNYRCFI,length1,36
2,1366990,1366954,36,MPRDLQAVKIAR,length1,36
2,1367134,1367077,57,MPQYVGDNVQPSVENYRYQ,length1,57
2,1367509,1367464,45,MALSSCLIRTAKISK,length1,45
2,1367593,1367581,12,MFKK,length1,12
2,1367800,1367785,15,MIAAK,length1,15
2,1367884,1367818,66,MDNSVELRLPYCIAPFAMSAFS,length1,66
2,1367974,1367956,18,MWLSLT,length1,18
2,1368073,1368016,57,MIWHKKAFILNIYYFSLLF,length1,57
2,1368829,1368820,9,MFP,length1,9
2,1368949,1368943,6,MA,length1,6
2,1369387,1369306,81,MESVSRTCECTNWRYFILRCRQMANDH,length1,81
2,1369471,1369450,21,MATALGH,length1,21
2,1370203,1370155,48,MGRSAVRNFGKFHRAF,length1,48
2,1370362,1370350,12,MGFP,length1,12
2,1371187,1370449,738,MAGHSKWANIKHRKAAQDAQRGKIFTKLIRELVTAAKIGGGDVSANPRLRAAVDKALSNNMTRDTINRAIDRGVGGGDDTNMETKIYEGYGPGGTAVMVECLSDNANRTISQVRPSFTKCGGNLGTEGSVGYLFSKKGLILIAEADEDALTEAAIEAGADDIQPQDDGSFEIYTAWEDLGSVRDGIEAAGFKVQEAEVTMIPSTTVDLDIETAPKLLRLIDMLEDCDDVQNVYHNGEICDEVASQL,length1,738
2,1372483,1371871,612,MIGRLQGILLEKQPPEILLNVQGVGYELLLPMTSFYDLPEIGQETTLFTHLVVREDAHLLFGFAQKTDRTLFRELIKTNGVGPKLALAILSAMSVEQFAYAIEREELSKLTKIPGVGKKTAERLLVELKGKFKGIKQSDFFVESTHIPLSPSIESHSESSSDEAISALIALGYKPAEAEKMVKRVAKPELTSEQVIREALKAAL,length1,612
2,1374220,1374214,6,MA,length1,6
2,1374481,1374430,51,MFSIVSETNSVTRSPVA,length1,51
2,1374916,1374886,30,MSARFFILLF,length1,30
2,1375045,1375003,42,MILINTNVIAGDVG,length1,42
2,1375153,1375051,102,MPAIAVKIAMSTPLDKPLYKPCNFAIWLCGCVVI,length1,102
2,1375282,1375261,21,MHASAEI,length1,21
2,1375381,1375360,21,MPQSKLV,length1,21
2,1375525,1375471,54,MTRNVIGFFSKAIKPTSF,length1,54
2,1375579,1375561,18,MVGFKS,length1,18
2,1375591,1375582,9,MMV,length1,9
2,1375714,1375651,63,MPPNTTTPRIKAAEPIKRTLP,length1,63
2,1376566,1376548,18,MRVYLA,length1,18
2,1376734,1376599,135,MRSSVQLKYLQQWKLTIYRKNPPHLVANKHQPSFEVLPQATQPQL,length1,135
2,1376821,1376788,33,MLFFLHLDHSQ,length1,33
2,1376998,1376983,15,MWFKN,length1,15
2,1377355,1377316,39,MIFCYESIFLLKI,length1,39
2,1377472,1377460,12,MSTT,length1,12
2,1377541,1377523,18,MILIKA,length1,18
2,1377610,1377577,33,MGCSYTLKMLH,length1,33
2,1377661,1377634,27,MICLLNLWC,length1,27
2,1377772,1377766,6,MR,length1,6
2,1377817,1377799,18,MLDLSQ,length1,18
2,1377961,1377877,84,MLVYSLKIQTQIFGEHLYLMYLNILWII,length1,84
2,1378081,1378006,75,MIMKILKVGIVLYLIRSKKLVIVRF,length1,75
2,1378444,1378438,6,MT,length1,6
2,1378465,1378456,9,MRK,length1,9
2,1378924,1378921,3,M,length1,3
2,1379062,1378999,63,MRFKIWKFFYHFKFTVLDKCI,length1,63
2,1379686,1379644,42,MNSYVKPKNLRTST,length1,42
2,1380142,1380073,69,MYMKRSENYVKQSIGHKKKWLKK,length1,69
2,1380208,1380157,51,MAMQKLNVVKRNYIWIS,length1,51
2,1380343,1380271,72,MSSFNSMRILILVRHFRETMRNLY,length1,72
2,1380448,1380442,6,MK,length1,6
2,1381057,1380847,210,MFFSLLSILSTCGDNGMVKAFFIFMRSAGIFHSDFSKSISFHCAFAASLGRVIVKRENSIRYFTIRSICE,length1,210
2,1381108,1381072,36,MNSGSFSGLIVG,length1,36
2,1381234,1381150,84,MHLLNSIIPLLTAKFMISLTNAITSFPV,length1,84
2,1381501,1381411,90,MAKNVLFCRCNCNNSCCFMYSCGSILLASN,length1,90
2,1381783,1381753,30,MYIKIGISTF,length1,30
2,1381861,1381825,36,MVTKKLKYDDIL,length1,36
2,1382239,1382176,63,MWSNVNLMNALKALKKRKSQT,length1,63
2,1382332,1382326,6,MD,length1,6
2,1382674,1382647,27,MGRYLNFRF,length1,27
2,1382902,1382881,21,MKFIFTM,length1,21
2,1383436,1383154,282,MTTSGFHSFKHFSIASQFGMPSCALKAGKACAVPVILCPMAQPILLVPKSKARAVIPINYAPLALTQNYKDEYQVTDWLQHNDLHRAYQIKFDR,length1,282
2,1383466,1383439,27,MTPPTTHYL,length1,27
2,1384108,1384105,3,M,length1,3
2,1384387,1384378,9,MDF,length1,9
2,1384450,1384390,60,MGFFIRKLTPQNLYFYGLFI,length1,60
2,1384525,1384477,48,MIRTIKEFKLFAFCHS,length1,48
2,1384639,1384597,42,MINSWYAHNVYLYE,length1,42
2,1384822,1384699,123,MPSYCARVKTIKTKHTKAYFLIQNKGFCLSQVQFYKSKLFQ,length1,123
2,1385143,1385125,18,MLTLVN,length1,18
2,1385380,1385374,6,MA,length1,6
2,1385614,1385587,27,MNKYLIPPR,length1,27
2,1385806,1385758,48,MGCQFVYNQIEAKENR,length1,48
2,1385875,1385836,39,MSKSRQKLPHFAL,length1,39
2,1386166,1386130,36,MAKRQKRRVNLI,length1,36
2,1386481,1386400,81,MVSTSSSSKSVLNCALKSSISVSARTA,length1,81
2,1386625,1386574,51,MVTRPDTAPNSSTTMAI,length1,51
2,1386823,1386769,54,MPTILSRSSASAITGKRE,length1,54
2,1387492,1387486,6,MQ,length1,6
2,1387921,1387900,21,MKNIERR,length1,21
2,1388587,1388251,336,MEFADNRSIYLVQYLLVFAYFFPFFAIRIAEKVRSILQTNFSFSQCHRQQRLNKRKMNEINNTANLEKRFYINRANDCDCNYCYFSHYRNSFLSKLYQKSCGIRITASFCAL,length1,336
2,1388614,1388605,9,MCI,length1,9
2,1390261,1388869,1392,MTSYALLHTQRVIAQNGEIFTISPDLWERNRQQQSLLLRYFALPLKEENNRLWLGVDSLSNLSACETIAFITGKPVEPILLESSQLKELLQQLTPCQMQVEEQVKFYQHQETHFEQEDDEPVIRLLNQIFESALQKNASDIHLETLADQFQVRFRIDGVLQPQPLISKIFANRIISRLKLLAKLDISENRLPQDGRFQFKTTFSDILDFRLSTLPTHWGEKIVLRAQQNKPVELSFSELGMTENQQQAFQRSLSQPQGLILVTGPTGSGKSISLYTALQWLNTPDKHIMTAEDPIEIELDGIIQSQINPQIGLDFSRLLRAFLRQDPDIIMLGEIRDEESARIALRAAQTGHLVLSTLHTNDAISAISRLQQLGIQQHEIENSLLLVIAQRLVRKICPKCGGNLINSCDCHQGYRGRIGVYQFLHWQQNGYQTDFENLRESGLEKVSQGITDEKEIERVLGKNS,length1,1392
2,1390861,1390843,18,MRSYQQ,length1,18
2,1391239,1391221,18,MRFLIA,length1,18
2,1391782,1391737,45,MDRTHTYYSLDNQLS,length1,45
2,1391857,1391821,36,MVTYSRIIWHRQ,length1,36
2,1392082,1391944,138,MLLQKRSLWTGRLLASNGIRKFYSFRNLTALFIISLSSWNMFFAYS,length1,138
2,1392673,1392598,75,MQRISIHTTRQNFTRSWGYRIVSAR,length1,75
2,1392724,1392715,9,MLY,length1,9
2,1392958,1392892,66,MRDTLCNILQQHCFTRFWWCYD,length1,66
2,1393492,1393480,12,MHNE,length1,12
2,1393567,1393495,72,MLELIRIDYSNGGLAPFEWRVNYH,length1,72
2,1394731,1394527,204,MKTITLNIKGIHCGCCVKSLTQVLTELDGVQSADVQLEGKANITFDENRVNIAQLIEVIEDAGFDATE,length1,204
2,1395220,1395193,27,MVYNLLMCN,length1,27
2,1395274,1395247,27,MKIESILHS,length1,27
2,1395379,1395292,87,MLDLTPQSKKISIQIGGMTCQSCANRIHQ,length1,87
2,1395607,1395403,204,MKTITLNIKGIHCGCCVKSLTQVLTELDGVQSADVQLEGKANITFDENRVNVAQLIEVIEDAGFDATE,length1,204
2,1396288,1396282,6,MD,length1,6
2,1396390,1396384,6,MV,length1,6
2,1396795,1396789,6,MV,length1,6
2,1396921,1396894,27,MAATKCGVF,length1,27
2,1398010,1397998,12,MEQI,length1,12
2,1398502,1398445,57,MACLSVSLNFICSFYLLNS,length1,57
2,1398511,1398505,6,ME,length1,6
2,1398595,1398562,33,MANHSRISIFI,length1,33
2,1399024,1399006,18,MGRCDY,length1,18
2,1399411,1399384,27,MWMCMALFR,length1,27
2,1399492,1399477,15,MWTSI,length1,15
2,1399558,1399543,15,MSVKR,length1,15
2,1399627,1399621,6,MA,length1,6
2,1399783,1399645,138,MKIAQSFIAKPIIRLGVVLLSMKPILAKKKKTQSKCLILTKMPKIF,length1,138
2,1399846,1399834,12,MKSH,length1,12
2,1399876,1399849,27,MAKRLLVLI,length1,27
2,1399951,1399882,69,MSGKRCRLVLNTVFTQRVFYPAH,length1,69
2,1400140,1400065,75,MKKMQRAGAWLRHQLTVRAGLFQRY,length1,75
2,1400170,1400149,21,MKNSSRH,length1,21
2,1400506,1400437,69,MQLLQLKRSMHRVWLYAAPPIQE,length1,69
2,1400836,1400785,51,MPNSITKPIIKFPPYTL,length1,51
2,1400947,1400929,18,MAITNP,length1,18
2,1401253,1401121,132,MERYSTSIYLCKASNNAETSPPFSMTGANSVRGKLPCTASCHKM,length1,132
2,1401676,1401655,21,MPPPEVM,length1,21
2,1401991,1401907,84,MPAPIAVPAMIIVPPKREGDFCCIIKRL,length1,84
2,1402612,1402495,117,MPAYPIPQYNLSHYVLGRLKSSNLGGNLQLDKLLITHSA,length1,117
2,1402987,1402969,18,MLALPL,length1,18
2,1403197,1403122,75,MVNYVARPLKFHRVLQSRKGRGCRY,length1,75
2,1404613,1404574,39,MFRILCGDSFRLY,length1,39
2,1406458,1404736,1722,MITEKKMSVSVFNRCWSKVILETLVRQGVSHVCIAPGSRSTPLTLEAVRLQNAGSVTCYTHFDERGLGFFALGIAKATQLPVAIIVTSGTATANLYPAIIEARQTGVNLFVLTADRPPELWECGANQAILQQNMFGQYPVANVNLPKPKADYSAQWLISLLEQAAFQQKQQGGVVHINVPFAEPLYDATDEAVDSHPWLQPLQRWLIQNKSWINVEAQQNEVLMHENWDHWRTKRGVVVVGQLPAEQAMGINSWASAMGWVLLTDIQSGVVPTTPYEDIWLANQTVREKLLQADIVIQFGARFISKRINQFLQAFKGEFWLVEQSGKALDPYHHSLTRFNAKAHHWLRAHPPLRQKPWLLEPLALSKFCATFIEQQVGGNLTEASFALRLPTLLPYNGVLFLGNSLLVRLVDALTQLPESYPVYTNRGASGIDGLLATAAGIGIGSNKPVVAVIGDTSTLYDLNSFALFKNVTQPTVIFVINNNGGAIFDMLPVDEQVKDQFYRLPHNGDFSQIAAMFDLKYAHPYTWADLNSVVKQAYSRRKATLIEIKTNPSDGSSLYKRLIEQISHAVIGA,length1,1722
2,1407262,1406521,741,MINIIFLHGLLGTKNDWQKVIENLPHFNCIALDLPFHGQAKDIEVTNFEETAEYLAKQIKSAVKNEPYFLVGYSLGGRIALYYALQAQVERFNLQGVILEGANLGLKTDEEKQARFQQDFAWAQRFLQEPPEKVLNDWYQQPVFSHLTTEERLQLVEKRKSNCGENIGKMLLATSLSKQPDFSEKVRLSSLPFFYFCGERDHKFQTIAKENQINLVTIPCAGHNSHLENSKYFSKKIENCVLKIARP,length1,741
2,1407709,1407676,33,MPCWSRYWTRW,length1,33
2,1407817,1407712,105,MGRCSVSRNRKCTRRKTSLVRYFPSIRRTNWFICR,length1,105
2,1407982,1407871,111,MGVAYSVCLFHFISCSWFICSLNFARKPRICGSRAKR,length1,111
2,1408342,1408264,78,MVDLGNYCYRCAWFSNAVILRKWHTS,length1,78
2,1409278,1409260,18,MTACTI,length1,18
2,1409356,1409323,33,MWLNCTRCTNT,length1,33
2,1410214,1410157,57,MYWRSLSNRLNHFRSISTT,length1,57
2,1410310,1410292,18,MVCSYY,length1,18
2,1410997,1410517,480,MSEISTALSEDCPCQSGHHYADCCGKFHLRQAFPETAEQLMRSRYTAYVLKNIPYIVVTTVPSQQTLLEPRLLQEWADNTVWLGLEILKTESLTKTQSAVEFKAIFQGEEREQVHQERSIFVKIEDRWYFMDPTVSLPTMKQPCVCDSGKKFKHCCGRFL,length1,480
2,1411159,1411153,6,MK,length1,6
2,1411870,1411777,93,MKLASRSSNNARSKKIIGQSPMLGINNGDNH,length1,93
2,1412254,1412119,135,MPLGDHRNNLEQKAFYVHVNSYSFLQSHHSMRQYVEYSHSMQKYF,length1,135
2,1412326,1412284,42,MYFPFPIRMDHVHA,length1,42
2,1412902,1412830,72,MLQQYRVLFQIGCLYQMKVRSFFQ,length1,72
2,1413352,1413178,174,MHLYNELKFPNFANLPQERNLKLTKAVCNNEFLNDEITSALQKALMKNLKHVAIGWKP,length1,174
2,1413559,1413490,69,MIYKQFKIRYDNACALYHVNVMD,length1,69
2,1415668,1414228,1440,MKLDAPFNLDPNVKVRTRFAPSPTGYLHVGGARTALYSWLYAKHNNGEFVLRIEDTDLERSTPEATAAIIEGMEWLNLPWEHGPYYQTKRFDRYNQVIDEMIEQGLAYRCYCTKEHLEELRHTQEQNKEKPRYDRHCLHDHNHSPDEPHVVRFKNPTEGSVVFDDAVRGRIEISNSELDDLIIRRTDGSPTYNFCVVVDDWDMGITHVVRGEDHINNTPRQINILKAIGAPIPTYAHVSMINGDDGQKLSKRHGAVSVMQYRDDGYLPEALINYLVRLGWGHGDQEIFSREEMINYFELDHVSKSASAFNTEKLQWLNQHYIRELPPEYVAKHLEWHYKDQSIDTSNGPALTDIVSMLAERCKTLKEMASSSRYFFEEFETFDEAAAKKHFKGNAAEALAKVKEKLTALSSWNLHSIHEAIEQTAAELEVGMGKVGMPLRVAVTGSGQSPSMDVTLVGIGRDRVLVRIQRAIDFIHAQNA,length1,1440
2,1415758,1415734,24,MSLSFMGI,length1,24
2,1415830,1415782,48,MAFKRSSVRSRLSPPN,length1,48
2,1416685,1415971,714,MRPNNRENNQPRQIKITRNYTKHAEGSVLVEFGDTKVLCTATVEDAVPRFLKGQGQGWVTAEYGMLPRSTHSRMQREAAKGKQGGRTMEIQRLIARSLRTMVDLKALGERAITLDCDVIQADGGTRTASITGAAVALCDAINGLIENGTLKTNPIKGLVSAISVGIVDGQAVCDLEYVEDSAAETDMNVVMMEDGRMIEVQGTAEGEPFSHEELLTLLDLAKQGCNQIFIAQREALGL,length1,714
2,1416763,1416757,6,MY,length1,6
2,1416847,1416817,30,MQVCSIRGQI,length1,30
2,1416895,1416868,27,MLRQFKQVR,length1,27
2,1417015,1416904,111,MWFLALLTKAFQLALQFRWRYLIVMVLINPCVLIAKK,length1,111
2,1417087,1417081,6,MT,length1,6
2,1417270,1417264,6,MI,length1,6
2,1417555,1417540,15,MSLAR,length1,15
2,1417726,1417708,18,MMLGVN,length1,18
2,1417906,1417735,171,MRFVVVKNLISRFVKLSVNFALVVGNVLIYCECSYKCKFKRLLPIQNFTKMRKKCFM,length1,171
2,1418089,1418071,18,MLLAQL,length1,18
2,1418116,1418092,24,MMPIKYWV,length1,24
2,1418218,1418170,48,MNIIQINLWRKVYRQK,length1,48
2,1418407,1418380,27,MYNRICSRS,length1,27
2,1418449,1418443,6,MP,length1,6
2,1418722,1418521,201,MPWYEIQKILQKYANVENEYDSGFYHVARIKQWLRYLNKEYDEANQVFDKIKTCQTAEDLKLRLNEK,length1,201
2,1419304,1419292,12,MHGE,length1,12
2,1419472,1419424,48,MDHETKMRQNEFFRCI,length1,48
2,1420738,1420726,12,MWKV,length1,12
2,1420771,1420765,6,MS,length1,6
2,1420996,1420915,81,MPTPSSSTKISYSPSALILALISITVP,length1,81
2,1421653,1421650,3,M,length1,3
2,1422172,1422145,27,MFVQRCKMF,length1,27
2,1422526,1422346,180,MASASYLLLLIIAKLRELITPATIRMINKYFAIRVETEPLVYTGNSSGNLEKCGKIFISF,length1,180
2,1422679,1422670,9,MQK,length1,9
2,1422706,1422691,15,MKNSH,length1,15
2,1423267,1423249,18,MIGNSK,length1,18
2,1423348,1423330,18,MMLYIV,length1,18
2,1423363,1423354,9,MLK,length1,9
2,1423408,1423384,24,MWKVNLSC,length1,24
2,1423471,1423426,45,MKWRICLSHVINFKD,length1,45
2,1423546,1423516,30,MLAYWLYVDV,length1,30
2,1423642,1423603,39,MSVRLALCFYLVF,length1,39
2,1423969,1423966,3,M,length1,3
2,1424122,1424104,18,MPYWRY,length1,18
2,1425259,1425235,24,MNLTHLFV,length1,24
2,1425337,1425262,75,MNPYYLYLHLQYSQYEYFHRLARQY,length1,75
2,1425409,1425352,57,MFYAHRYSVLYYRHAQSYH,length1,57
2,1425688,1425658,30,MLLYALLHLA,length1,30
2,1425784,1425751,33,MPHLYRYLVIR,length1,33
2,1425790,1425787,3,M,length1,3
2,1426165,1426147,18,MPQRLG,length1,18
2,1426360,1426333,27,MSHQCKWSK,length1,27
2,1426759,1426660,99,MFEFCLYQMPFIHRSRTSLMSTYSRQTTKQHFL,length1,99
2,1426927,1426867,60,MRLWLKILYCIMFFFISLIR,length1,60
2,1427095,1427071,24,MIKAHFST,length1,24
2,1427170,1427149,21,MGMPLRL,length1,21
2,1427761,1427731,30,MTIKFADLIC,length1,30
2,1427857,1427815,42,MRKFICRHFLIVSI,length1,42
2,1428439,1428385,54,MLGSVMRYCRSHREFVFY,length1,54
2,1428766,1428763,3,M,length1,3
2,1429015,1428985,30,MLILIFYGFT,length1,30
2,1429090,1429081,9,MGD,length1,9
2,1429348,1429339,9,MRI,length1,9
2,1430005,1429999,6,MC,length1,6
2,1430533,1430512,21,MTKYKLI,length1,21
2,1430704,1430689,15,MTGST,length1,15
2,1431595,1431517,78,MSVILGMPESKPISVLPTIQVISVCG,length1,78
2,1431613,1431607,6,MC,length1,6
2,1432501,1431745,756,MTPFSIHNNVLMHQFQQDNQYFIFNFDRTFEQATEFFQAEFWQKQERVIGSAKGRGTTYFLQTEDWFGVNCALRHYYRGGLWGKLNKDRYRFSALETTRSFAEFHLLQRLYEAGLPVPKPIAARIQKGKLGICYQADILTEKIENAQDLTALLQTQTLPKETWRQIGRLIRKLHDLQICHTDLNAHNILLQQAEQEQKCWLIDFDKCGKKSGDFWKAQNLNRLKRSFEKEVGRMNIQFTEQNWADLTAAYHQ,length1,756
2,1432600,1432573,27,MSYLILALK,length1,27
2,1432672,1432663,9,MRY,length1,9
2,1432873,1432684,189,MHQKNQVYLLLRMIQAWWFPHLMAHQVCILLVMLVKRAMMLKTVRNYWQSLLMLQKINAKLNL,length1,189
2,1433032,1432972,60,MVLVMTVYSLAQNKVAHLLN,length1,60
2,1433230,1433167,63,MTDRQTDRQTDRQTDRQTDRQ,length1,63
2,1433272,1433260,12,MHLI,length1,12
2,1433545,1433533,12,MWTH,length1,12
2,1433629,1433626,3,M,length1,3
2,1433698,1433683,15,MRAYY,length1,15
2,1433776,1433770,6,ML,length1,6
2,1433824,1433803,21,MVSVKEK,length1,21
2,1434064,1434037,27,MIILRKSLF,length1,27
2,1434172,1434112,60,MVSIKINCFNNYQGYILLNY,length1,60
2,1434643,1434616,27,MLKFIKLTF,length1,27
2,1434784,1434772,12,MWAN,length1,12
2,1435048,1434997,51,MIYVSFLNIYYIRKIIM,length1,51
2,1435369,1435339,30,MKYPLLSTNA,length1,30
2,1435522,1435477,45,MVDEYQYLPFFSLQY,length1,45
2,1435648,1435615,33,MNHWLLLRFQD,length1,33
2,1435669,1435651,18,MNNQLG,length1,18
2,1435912,1435897,15,MWRFN,length1,15
2,1435978,1435975,3,M,length1,3
2,1436692,1436650,42,MIHWRNKGNNATRK,length1,42
2,1437178,1437127,51,MGRKKIYGENLPRYSSN,length1,51
2,1437577,1437547,30,MSHIILPFTH,length1,30
2,1437673,1437628,45,MRLMLDYLVQLSGFY,length1,45
2,1437988,1437892,96,MKSTLSLSLILCWYCLLWCLLLHLLSLKVKFK,length1,96
2,1438036,1437991,45,MYQKPVQQSHLNLTS,length1,45
2,1438108,1438081,27,MINLFLKKL,length1,27
2,1438189,1438162,27,MPKPLSKIL,length1,27
2,1438246,1438216,30,MKSRMWLLFL,length1,30
2,1438588,1438528,60,MYKKSQKMYKKSQNQKNKKL,length1,60
2,1438774,1438747,27,MKILIQVPT,length1,27
2,1438822,1438777,45,MIKQVQQVQLIAMHR,length1,45
2,1438960,1438957,3,M,length1,3
2,1438978,1438969,9,MVR,length1,9
2,1439020,1439011,9,MKV,length1,9
2,1439131,1439128,3,M,length1,3
2,1439167,1439146,21,MVAINLP,length1,21
2,1439776,1439644,132,MRCHSVTSRRSPVLRSFQLSLVATLIFATASPFGIVRISGSLPK,length1,132
2,1439866,1439788,78,MTLLIPAIKKPHFLSKKSAVILPEIF,length1,78
2,1442794,1439965,2829,MENIDIRGARTHNLKNINLTIPRNKLVVITGLSGSGKSSLAFDTLYAEGQRRYVESLSAYARQFLSLMEKPDVDSIEGLSPAISIEQKSTSHNPRSTVGTITEIYDYLRLLFARVGEPRCPDHDVPLTAQTISQMVDKVLSLPEDSKMMLLAPVVKNRKGEHLKILENIAAQGYIRARIDGEICDLSDPPKLALQKKHTIEVVVDRFKVRSDLATRLAESFETALELSGGTAIVADMDNPKAEELVFSANFACPHCGYSVPELEPRLFSFNNPAGACPTCDGLGVQQYFDEDRVVQNPTISLAGGAVKGWDRRNFYYYQMLTSLAKHYHFDVEAPYESLPKKIQHIIMQGSGKEEIEFQYMNDRGDVVIRKHPFEGILNNMARRYKETESMSVREELAKNISNRPCIDCGGSRLRPEARNVYIGKTNLPIIAEKSIGETLEFFTALSLTGQKAQIAEKILKEIRERLQFLVNVGLNYLSLSRSAETLSGGEAQRIRLASQIGAGLVGVMYVLDEPSIGLHQRDNERLLNTLIHLRNLGNTVIVVEHDEDAIRAADHIIDIGPGAGVHGGQVIAQGNADEIMLNPNSITGKFLSGADKIEIPKKRTALDKKKWLKLKGASGNNLKNVNLDIPVGLFTCVTGVSGSGKSTLINDTLFPLAQNALNRAEKTDYAPYQSIEGLEHFDKVIDINQSPIGRTPRSNPATYTGLFTPIRELFAGVPEARARGYNPGRFSFNVRGGRCEACQGDGVLKVEMHFLPDVYVPCDQCKGKRYNRETLEIRYKGKTIHQVLDMTVEEAREFFDAIPMIARKLQTLMDVGLSYIRLGQSSTTLSGGEAQRVKLATELSKRDTGKTLYILDEPTTGLHFADIKQLLEVLHRLRDQGNTIVVIEHNLDVIKTADWIVDLGPEGGSGGGQIIATGTPEQVAKVKSSHTARFLKPILEKP,length1,2829
2,1447288,1443115,4173,MKKTVFRLNFLTACISLGIVSQAWAGHTYFGIDYQYYRDFAENKGKFSVGAQNIDVYNKEGKMIGTMMKDVPMPDLSSLAKGGYATLVGDQHLVSVAHNVGYQDVDFGAVGKNPDRHNYGYKVVKRYNYQKDERHHFATDYQHPRLAKFVTEVAPIDMVTDTRGHLYANLEQYPMRVRAGSGHQYWKDKNNNINGDLAYGGAWLTGGNTFMDGGSSNGVLYLNGRVQQPNKYGPLPIAGARGDSGSPFFVYDQIKKKWLLNGVLREGHPYAGTGNAYQVARQEYLEEVQTKDITVSYLSHNANYALKTISDGNGKITQNDRISMDIGLYSNALPYDSRGGNKGDISPDYKGPNPWSPALHNGKTMYLGDTGKGTLTIENNVNQGAGGIYFEGDFVVKPRENNVTWQGAGVSIGEYATVEWKVKNPKGDRLSKIGVGTLLVNGIGENLGSISVGNGTVILDQKADDDGNKQAFKEVGIVSGRGIVKLNSADQVDPNNIYFGFRGGRLDLNGSDLTFTRIQNVDEGAMLVNHNTNKESNITITGSNTINDKESDLTNKRDIAFNGWFGDKDDSRNIGRLNIHYSPSNSDNHLLFSGGANLKGNITQNGGNLILSGRPTPHAYNHLREDLSKREGIPQGEIVWDHDWINRTFKAENFQIKGGSAVVSRNVSSIEGNWTISNNANATFGVVPNQQNTICTRSDWTGLTTCKTENLTDTKVINSIPTTQINGSIDLTDSATANVKGLAKLNGNVTLIDHSQFTLSNNATQTGNIKLSNHANATVDNANLNGNVNLTDSAQFSLKNSHFSHQIQGGEGTTVTLENSTWTMPSDTTLQNLTLNNSTVTLNSAYSASSNNAPLRRRRSLETETTPTSAEHRFNTLTVNGKLSGQGTFQFTSSLFGYKSDKLKLSNDAEGDYTLSVRNTGKEPVTLEQLTLVESKDNKPLSDKLKFTLENDHVDAGALRYKLVKNNGEFRLHNPIKEQELRNDLVRSEQAERTLEAKQAELTAETQQSEAKVRSKRAVFFDTLPDQSQLNVLQAKQVEPTAKTQTGEPKVRSRRATRAAFPDTPLDLSQLKVLQVKLEAINVQQQTEKERQAQEEEAKRQRKQKELISRYSNSALSELSATVNSMLSVQDELDRLFVDQAQSAVWTNIAQDKRRYDSDAFRAYQQKTNLRQIGVQKALANGRIGAVFSHSRSDNTFDEQVKNHATLTMMSGFAQYQWGDLQFGVNVGAGISASKMAEEQSRKIHRKAINYGVNASYSFHLGQLGIQPYLGVNRYFIERENYQSEEVKVQTPSLVFNRYNAGIRVDYTFTPTDNISIKPYFFVNYVDVSNANVQTTVNRTMLQQSFGRYWQKEVGLKAEILHFQLSAFISKSQGSQLSKQQNVGVKLGYRW,length1,4173
2,1448527,1448509,18,MLSNGL,length1,18
2,1449265,1449217,48,MMTNLIINLVIFLSLV,length1,48
2,1450585,1449439,1146,MKYELDKTSGNARRGRLVFERPQGTFSVETPAFMPVGTYGTVKGMTPEEVRATGAEILLGNTFHLWLRPGQEVMRKHGDLHDFMQWHRPILTDSGGFQVFSLGKLRKITEEGVKFQNPINGERIFLSPEKSMEIQYDLGSDIVMIFDECTPYPATFDYAKKSMEMSLRWAKRSRDRFDELGNKNALFGIIQGGVFEELRKVSLEGLVNIGFDGYAVGGLAVGEPKEDMHRILEYICPQIPADKPRYLMGVGKPEDLVEGVRRGIDMFDCVMPTRNARNGHLFVTDGIVKIRNAKYRDDTSPLDPECDCYTCKNYTKAYLYHLDKCGEILGARLNTIHNLRYYQRLMAEIRQAIEDDRFDDFVVEFYARMGKPVPPLQLADKS,length1,1146
2,1450603,1450591,12,MKVR,length1,12
2,1450690,1450684,6,ME,length1,6
2,1451125,1451101,24,MLKCGYFD,length1,24
2,1451386,1451167,219,MKYQLNLTALRCPIPLLSAKKALKNLNKNDELMLILNLESAVENFSIFAEENSVALVEQYYASEKEFIVILKK,length1,219
2,1452082,1451944,138,MVKILRCKFPVRAVKKQILACLDKFKMCLKPIIFQPNLSCLRMAQF,length1,138
2,1452166,1452103,63,MINFLLKIKLLNVLAIITPPH,length1,63
2,1452289,1452277,12,MPHL,length1,12
2,1452406,1452403,3,M,length1,3
2,1452493,1452475,18,MLIVLI,length1,18
2,1452532,1452517,15,MKHAT,length1,15
2,1452820,1452718,102,MLQLMLFLVICYQLIRKLNMIAKGILLHYLNVPY,length1,102
2,1453018,1452967,51,MLNIKIMAKKMKMAKPF,length1,51
2,1453132,1453027,105,MKKLLMLQQFKVVLVLISKLLVLIVLPKHIIFLPC,length1,105
2,1453243,1453225,18,MRVFGD,length1,18
2,1453429,1453417,12,MRMY,length1,12
2,1453534,1453462,72,MVVQFSKPLMKVITVHLLLFLMLT,length1,72
2,1453702,1453666,36,MPFTAANNLKNY,length1,36
2,1454692,1453717,975,MMKLFTKDKDGHFIREINGIKLPFPLTEFMKVRKWGYILSALLMVISLFFIITKGFNWGLDFTGGVVFDTHFSQSANLEQIRSKLHENGIESPVVQTTGSVQDVMIRLPASNNDSTIGEHVKSMLQNVDKDIQIRSIEFVGPNVGEELAQGAVYATLATLAMVLIYVGSRFEWRLGFGSIASLAHDVIITLGVFSALQIEIDLTFVAAILSVVGYSINDSIVVFDRVRENFRKIRRLDTIDIIDISLTQTLSRTIITSVTTLVVVMALFFFGGPSIHNFSLALLVGIGFGTYSSIFVAIAIAYDVGLRREHMIPPKVDKEIDELP,length1,975
2,1454959,1454860,99,MAKNTPQNPHKPPKINTEMIIISGCKLTASENK,length1,99
2,1455094,1455010,84,MMYQNVGLIPNWNKATNATGIVTITAPI,length1,84
2,1455220,1455217,3,M,length1,3
2,1455808,1455763,45,MEIKPNNNIANSPIA,length1,45
2,1456084,1456057,27,MNYKALPKN,length1,27
2,1456108,1456093,15,MMFAK,length1,15
2,1456141,1456123,18,MNYIKA,length1,18
2,1456342,1456231,111,MAIKLKSGVRQKLYLRFCNLNVCMYNTPAVEILPRLF,length1,111
2,1456561,1456354,207,MRKKQKSAVENETVYLHTRGVIKDNAVMALLGDKLFRQRVEKKRKGKGSYQRKAKHPGKIFEKPDYKFF,length1,207
2,1456723,1456660,63,MCVLVIPERRGPKAISLKRFI,length1,63
2,1456792,1456762,30,MNLCVKWRIK,length1,30
2,1456840,1456822,18,MNCSNF,length1,18
2,1457119,1457086,33,MSRKLLLFAVF,length1,33
2,1457917,1457695,222,MLRQDSNEILDKPLLRVVANLIHLCIFQRAVRIVAGYFQLRSYKSAYPRNQIVKYVLNIFLLNYLKVPFLRHYS,length1,222
2,1458232,1458181,51,MLNYLRYKYLSLRYLNF,length1,51
2,1458316,1458268,48,MKQNDMQDLFGNVLHF,length1,48
2,1458481,1458436,45,MLWLIHIQSLVRYLY,length1,45
2,1458601,1458583,18,MGTPYQ,length1,18
2,1458670,1458655,15,MIFPI,length1,15
2,1458751,1458748,3,M,length1,3
2,1458811,1458778,33,MMIYDHGVVYR,length1,33
2,1460119,1460065,54,MQFDDFLVIQPSRFLHHQ,length1,54
2,1460296,1460185,111,MFRGEYGQEYDLVYPQPLVRLVLMHEVGCHNVARHIR,length1,111
2,1461073,1461061,12,MCPK,length1,12
2,1462273,1462105,168,MRPITFFAALPSTAAIFTVPSSSISIDVPVSSVSERIVAPPLPITSLIFLGSIFIV,length1,168
2,1462288,1462276,12,MRGA,length1,12
2,1462423,1462330,93,MTPRMCIRALFAWFNAICIISGVIPSILISI,length1,93
2,1462927,1462846,81,MICASRSVPNVATANACVSPRVKIAEP,length1,81
2,1463140,1463011,129,MIRPRTIWLSSAVKISTILPSLISSSSAVICAITSALIASICS,length1,129
2,1463311,1463161,150,MRYASPKRASAIAFTLLIKSVFGCGATQSQRGLPASFANSLIASITTCCC,length1,150
2,1463863,1463836,27,MLAITAAVA,length1,27
2,1463992,1463938,54,MFSLKFILKTMPYFPDCD,length1,54
2,1464049,1464016,33,MIALLAFKNFF,length1,33
2,1464115,1464097,18,MFGFNG,length1,18
2,1464637,1464565,72,MLRFLSSFISCSFRSLCNSHWSSL,length1,72
2,1465591,1465126,465,MIISSLTNPNFKVGLPKVIAEVCDYLNTLDLNALENGRHDINDQIYMNVMEPETAEPSSKKAELHHEYLDVQVLIRGTENIEVGATYPNLSKYEDYNEADDYQLCADIDDKFTVTMKPKMFAVFYPYEPHKPCCVVNGKTEKIKKLVVKVPVKLI,length1,465
2,1465969,1465738,231,MLATNITKVGTNQAIPSDERGKCFNNELMLSGNILTLFKLSHKLKQTVTSNVLLYVNFIDGSFFRKNCNKTSTIATG,length1,231
2,1466071,1465996,75,MRSRSVKPYCETVIVIAVKSAAQNG,length1,75
2,1466431,1466305,126,MTETNPAEMVYFTISLVFVTFFADNARATIPPKAMAASTSMV,length1,126
2,1466704,1466587,117,MIVFGLIIKPIAIKLKISENTKRTFALFSVKPKGNHAIS,length1,117
2,1466755,1466719,36,MRGIAKVEPMVK,length1,36
2,1467076,1466938,138,MILPAPKNKAKIIIPKIIISLRENIVFDSKNKRSAFYYKVDKISIA,length1,138
2,1468399,1467313,1086,MLLANSPLSNQYNDFLNLPVSLQIGSFSINKTLIHWINDGFMAVFFVLVGMEVKKELFEGALSTYQQAIFPAIAAIGGMVIPAVVYWFIAKQDPSLANGWAIPMATDIAFALGIMALLSKQVPLPLKIFLLALAIIDDLGAIVVIALFFSHGLSVQALIFSAVAIIVLILLNRFKVSALCAYMVVGAILWASVLKSGVHATLAGVIIGFSIPLKGKKGERPLDDFEHILSSWSSFVILPLFAFANAGVSFAGIDVNMISSPLLLAIASGLIIGKPVGIFGFSYLSVKLGLAKLPDGINFKQIFAVAVLCGIGFTMSMFLASLAFDANAGESVNTLSRLGILLGSTVSAILGYLFLKQTTKLS,length1,1086
2,1468789,1468690,99,MTNTLIVRPTAFGETTATRFVITPESVNDCTRR,length1,99
2,1468873,1468843,30,MASCCNTFKI,length1,30
2,1469092,1469065,27,MFIWHIVFI,length1,27
2,1469113,1469098,15,MAPTT,length1,15
2,1469455,1469380,75,MGLVKRTFIIYSENRAFTGCLRCCT,length1,75
2,1469533,1469461,72,MAHSKFFMDKFVGLYGLSILLSKP,length1,72
2,1470082,1470010,72,MSYTTREMPFTSLMMRLDTLPNKS,length1,72
2,1470538,1470487,51,MTWALPVLLAADSMTSG,length1,51
2,1470736,1470730,6,MT,length1,6
2,1471024,1470889,135,MRATASSIMFSAVHLVSQPQMFTTKLVNNSKPFLVCVTSGWNCTP,length1,135
2,1471486,1471294,192,MPNTGTPALNTYSGARGLFSSVVLSGPPERMIPVGANSRICCSVTSQAQSSQYTPISRTRRAIS,length1,192
2,1472596,1472590,6,MH,length1,6
2,1472935,1472905,30,MNKANTAFLC,length1,30
2,1474153,1473247,906,MMNFTLLTYLSDCQPKVRSELEKFSKNLEEEIQQLREIGLDILVDGQDYRLVPMLPLLNPQQISTALFPYGIHYQPIISSTNEWILQNILSLKKGDLCVAEYQTAGRGRRGRQWLSPFAGQIMFSFYWTFDPKKSIEGLSLVIGLAIAEVLNVQVKWPNDILFNERKLGGILVEIANHKNGMLNLVIGIGINASLSKQTEISQPYAEVCEIDPDVERQTLLPKLIQHLYTRLNIFEQNGIDEEFQQAWQSYNAFSNSEVNVLTEQGVISGIEQGIDERGYLKVLCGNKIQMFNGGEVSLRKK,length1,906
2,1474351,1474279,72,MHRTQRRTVVKFFKFPSASLFFAL,length1,72
2,1474660,1474630,30,MLGNLAYGGG,length1,30
2,1474717,1474702,15,MKVRD,length1,15
2,1474759,1474738,21,MSPSGIR,length1,21
2,1474897,1474774,123,MPTKPAISSWSERMTSHTGTETRSRLLREAAVGNIAQWGEP,length1,123
2,1474939,1474918,21,MKKAFGL,length1,21
2,1475299,1475206,93,MRRDVEEYRRRRQPLGNVLTLMCESVGSKQD,length1,93
2,1475599,1475524,75,MSLCLRELRDRCCMAVVSSCCEMLG,length1,75
2,1476616,1476607,9,MSR,length1,9
2,1476700,1476661,39,MKNLLSTSEFIAC,length1,39
2,1476886,1476823,63,MCWEAQSKRVIIPYLKTILWY,length1,63
2,1477114,1477096,18,MKSNRT,length1,18
2,1477174,1477120,54,MVRGAKRVKPPKRSSGIK,length1,54
2,1477342,1477321,21,MGRLKVG,length1,21
2,1477693,1477684,9,MLA,length1,9
2,1477759,1477756,3,M,length1,3
2,1477999,1477951,48,MKVNREVSWTYHKCEC,length1,48
2,1478179,1478119,60,MGNRLIFLYLVKLRCGDGVG,length1,60
2,1478209,1478200,9,MCV,length1,9
2,1479076,1478947,129,MTKRGLGQCLVGSLTGAVSSQSVTEEHEGLLITVGHREVSAMV,length1,129
2,1479328,1479289,39,MAVRHLKWYASWV,length1,39
2,1479481,1479469,12,MRKR,length1,12
2,1479532,1479520,12,MSHP,length1,12
2,1479979,1479949,30,MPMVVWGFPM,length1,30
2,1480846,1480261,585,MLKNLDEITSSIIADPQNKDFTERGIFPLFSAPKTARINIVGQAPGLKAEQSRLYWNDKSGDRLREWLGVDYDYFYNSGIFAVLPMDFYYPGKGKSGDLPPRQGFAERWHPMILGNLPNIQLTILIGQYAQKYYLPENKDNVTNTVKNYRQFLPHFMPLVHPSPRNQLWATKNPWFEEQVIPELQILVKQIINKD,length1,585
2,1480951,1480897,54,MDIIKPICTGFFITIIMF,length1,54
2,1481038,1480993,45,MWIGLFVLGVFVFLF,length1,45
2,1481305,1481248,57,MRSPSELLLRKNYPKHWKS,length1,57
2,1481371,1481353,18,MNFARH,length1,18
2,1481440,1481374,66,MGLSGLVKFYLMMNWMISSVII,length1,66
2,1481530,1481512,18,MPAELN,length1,18
2,1481710,1481704,6,MR,length1,6
2,1482088,1482052,36,MLISILWLQKLF,length1,36
2,1482199,1482106,93,MLMLRQMASRRLLYLRKMFTTFYCSILNYQI,length1,93
2,1482271,1482238,33,MKTVFMIFYRQ,length1,33
2,1482316,1482289,27,MLCKASKNI,length1,27
2,1482415,1482331,84,MAYYVNPFQLRIYTIVYSNFLQMKANLL,length1,84
2,1482457,1482424,33,MMIMSFQNSLI,length1,33
2,1482691,1482670,21,MFLIVEN,length1,21
2,1482718,1482697,21,MKLEIFG,length1,21
2,1482769,1482724,45,MWRICLNFVNFNIIR,length1,45
2,1483069,1482958,111,MWKFICQYLIHLLNLSRELLHQCSVNLLILSVLLFLL,length1,111
2,1483180,1483105,75,MRQMELPTLYQIAHFLAICMKKGQI,length1,75
2,1483204,1483189,15,MIKES,length1,15
2,1483342,1483279,63,MAPIRLLTLLEQLLLLLVFLL,length1,63
2,1483372,1483357,15,MQRQV,length1,15
2,1483516,1483483,33,MVSLIYLELVV,length1,33
2,1483735,1483702,33,MPLCLNKMSNC,length1,33
2,1483819,1483786,33,MQQFFGKLSAF,length1,33
2,1483915,1483906,9,MKC,length1,9
2,1484059,1484008,51,MSQLKSLYREYHLNLFG,length1,51
2,1484572,1484464,108,MLQTHRNSAKYFRHVDIRQIILQTLFYLALFRFLLD,length1,108
2,1485214,1484947,267,MIDYLRHNSCQSSDCNHQWLLLKILLPYCLEQWVQRSHLEYRQLHLVLHWRQTKRLLQFLTDAPALPVNFVRFRNNVLLLPHCLPQTLH,length1,267
2,1485514,1485496,18,MRFQGK,length1,18
2,1485874,1485868,6,ML,length1,6
2,1485967,1485958,9,MNF,length1,9
2,1486936,1486912,24,MRFCCFLT,length1,24
2,1487290,1487284,6,MA,length1,6
2,1487602,1487578,24,MARIISRE,length1,24
2,1487704,1487692,12,MFFI,length1,12
2,1487914,1487824,90,MIKSFIFLLCYIISLWVFNIFFYIETIIIN,length1,90
2,1487926,1487917,9,MFK,length1,9
2,1488199,1488178,21,MIGETLV,length1,21
2,1488415,1488400,15,MIFIQ,length1,15
2,1488568,1488526,42,MKNTPNKITFFPLR,length1,42
2,1488751,1488670,81,MMKFSNYFTFIPLISNQPANKRIWLNL,length1,81
2,1488898,1488859,39,MIFFRCNKILKDF,length1,39
2,1489204,1489174,30,MNPLLLNLNY,length1,30
2,1489684,1489561,123,MLHHGYTLLFLLEASTQTQPSQVLLHLTISPYSIHTASGVV,length1,123
2,1489789,1489732,57,MRPKFLRFRFGRRVGGWGF,length1,57
2,1489843,1489831,12,MSFS,length1,12
2,1489876,1489867,9,MVL,length1,9
2,1490134,1490128,6,ME,length1,6
2,1490368,1490344,24,MCYRKLVG,length1,24
2,1490641,1490581,60,MRHILFIGKQFEDLLDMFLF,length1,60
2,1490911,1490908,3,M,length1,3
2,1491127,1491124,3,M,length1,3
2,1491442,1491415,27,MIIFKVTKI,length1,27
2,1491973,1491955,18,MSWIDM,length1,18
2,1492075,1492048,27,MSRLQVLSR,length1,27
2,1492150,1492105,45,MSRKIFEKGHVVHAL,length1,45
2,1492186,1492180,6,MS,length1,6
2,1492459,1492402,57,MAEAVWRSCPIYAFYDGNL,length1,57
2,1492522,1492519,3,M,length1,3
2,1492648,1492642,6,MS,length1,6
2,1492804,1492774,30,MMDSVPKFVE,length1,30
2,1493098,1493041,57,MPSIHAFAFNCTNIKNAFN,length1,57
2,1493311,1493173,138,MLFLFFAVKTNIPRCKFRDTKFFFAVIFQFLQFFFALWFCTFGKMI,length1,138
2,1493512,1493494,18,MVHFFT,length1,18
2,1493929,1493896,33,MLPNPSAVFRK,length1,33
2,1494001,1493989,12,MRNG,length1,12
2,1494241,1494238,3,M,length1,3
2,1494514,1494466,48,MVFRHKYLSKTSQVLS,length1,48
2,1494967,1494937,30,MMCKVILFQL,length1,30
2,1495129,1495024,105,MLNGQMASLSLHQILYNLGKHFLNLKAHLKIIWLL,length1,105
2,1495183,1495141,42,MRRQYWKKRYLLNP,length1,42
2,1495225,1495201,24,MTALYASN,length1,24
2,1495360,1495264,96,MSVFCLTMLNRLKYLSVMAHISYKVRLKISIF,length1,96
2,1495462,1495435,27,MQICLILML,length1,27
2,1495567,1495525,42,MSLIFPILCYKKVR,length1,42
2,1495777,1495762,15,MMIHL,length1,15
2,1495948,1495930,18,MILQHF,length1,18
2,1496029,1495984,45,MAIKMRNLIVYLKVQ,length1,45
2,1496542,1496515,27,MAFLTYLIC,length1,27
2,1496608,1496605,3,M,length1,3
2,1496872,1496713,159,MVSTFSGLLVIKRTFFTPSSSNISAQTSKLRSSALKPKARLASMVSIPLSCKE,length1,159
2,1497355,1497226,129,MRALFFIIKGRACSKGCHYIRYYFVLYHFLFGVFPINGMVIAN,length1,129
2,1497415,1497409,6,MR,length1,6
2,1497646,1497622,24,MTALCVLK,length1,24
2,1497691,1497670,21,MLSHQLG,length1,21
2,1497763,1497703,60,MRMKRGIRSLLDIRFLRQLG,length1,60
2,1497955,1497934,21,MALFLPF,length1,21
2,1498105,1498096,9,MMK,length1,9
2,1498159,1498111,48,MFFRFISEGFLCFPDR,length1,48
2,1498561,1498492,69,MENMIGINCFSLILWGRIRFLGN,length1,69
2,1498594,1498582,12,MALY,length1,12
2,1498882,1498873,9,MIG,length1,9
2,1499455,1499440,15,MSEIT,length1,15
2,1499533,1499476,57,MSFVSSKRHIKFILAVITA,length1,57
2,1500355,1500307,48,MHDRLFLFHLSQQHLL,length1,48
2,1500595,1500550,45,MADRTRQSYFCLIHD,length1,45
2,1500733,1500640,93,MWLAFELNAHRADNLPPQSQQHRQLRRRPMQ,length1,93
2,1501159,1501141,18,MSAISS,length1,18
2,1501522,1501393,129,MRSSRFRKPSSPSKSKIQLISAPVRSSITASESIKSILSCCAN,length1,129
2,1501696,1501690,6,MG,length1,6
2,1501840,1501798,42,MKSSNLGLITKIAR,length1,42
2,1501906,1501888,18,MHQLKH,length1,18
2,1501957,1501921,36,MKCKPQSADVFS,length1,36
2,1502227,1502218,9,MRL,length1,9
2,1503319,1503259,60,MVQAVLITLHYLRQIHDYLK,length1,60
2,1503454,1503424,30,MDFCIFYAIC,length1,30
2,1503649,1503643,6,MH,length1,6
2,1504252,1504219,33,MRVRIFSLIWI,length1,33
2,1504942,1504909,33,MQNVFALILSV,length1,33
2,1505218,1505206,12,MAIN,length1,12
2,1505638,1505602,36,MHKRNVVGFLCG,length1,36
2,1505812,1505791,21,MVVAQEC,length1,21
2,1505881,1505836,45,MRFILQKQRQEKAQR,length1,45
2,1505995,1505986,9,MNG,length1,9
2,1506043,1506013,30,MKNGQSAITF,length1,30
2,1506109,1506079,30,MLLHVLFLVY,length1,30
2,1506157,1506148,9,MVY,length1,9
2,1506967,1506934,33,MPVSLAISIIV,length1,33
2,1507519,1507486,33,MECPPAKAIPA,length1,33
2,1507798,1507636,162,MSLMALVAAIRPKSKGSSTIGIKKSVVLIIAVPLPRSYTAASSAVSLPTSKFGS,length1,162
2,1507966,1507945,21,MTFKPYF,length1,21
2,1508446,1508440,6,MP,length1,6
2,1508677,1508461,216,MPDASIAQPCGTIRIIFFPSAFACSICSRPINSLRFCKCFFERIAISPIPNITCVTTVNILSITCSRCCSVQ,length1,216
2,1509082,1508974,108,MKPTLIVNHFSRHHKRHDNNHRSNQGFTFRHHHFGT,length1,108
2,1509232,1509202,30,MCRRFREIKS,length1,30
2,1510366,1510294,72,MAISPTNIVGNPAALARCPKRSIY,length1,72
2,1510633,1510585,48,MVVFNKILFILKFCCR,length1,48
2,1511083,1511005,78,MLEVGFSAIVAIIGCPELIPPKMPPA,length1,78
2,1511428,1511404,24,MICGEIFT,length1,24
2,1511578,1511563,15,MPYFC,length1,15
2,1511716,1511659,57,MIIPILVPVVFPSNTPDKI,length1,57
2,1512586,1512397,189,MVTTSPTRIGRSNSKIMPDTKFAKISCIPKPRPTESAANNHCNFDQDIPKVANAHAPPMAIKI,length1,189
2,1512802,1512736,66,MLSITVPASVVVVCCQSVISRK,length1,66
2,1513453,1513399,54,MRWITPRKRCAFSFEDSK,length1,54
2,1513933,1513885,48,MGLLLFTQKLCCSNLD,length1,48
2,1514209,1514161,48,MSKICTRKSAICFDKP,length1,48
2,1514440,1514437,3,M,length1,3
2,1514530,1514521,9,MTS,length1,9
2,1515376,1515346,30,MPFPSISGKG,length1,30
2,1516429,1516405,24,MPKTFAPS,length1,24
2,1516705,1516666,39,MIALHQSMFQVIP,length1,39
2,1517008,1516822,186,MSLRHVQSKLEYVLVKIPLLAQNFQDLYDKAHVKSLRNAPPPYFLLEIQLNLIKFGLFLLSD,length1,186
2,1517554,1517542,12,MLSQ,length1,12
2,1517734,1517689,45,MRDLVIKMFLMAYLR,length1,45
2,1517779,1517740,39,MQSLKIVSKPNRF,length1,39
2,1517821,1517794,27,MMKTLYNLC,length1,27
2,1517965,1517833,132,MLIQLIVFVLILPHFLTIMPILWIGKKYVYLRQLFLLRVEIPLI,length1,132
2,1518094,1518007,87,MQLPLRLMAVDTGFTPKNLILLFVQLNDF,length1,87
2,1518280,1518226,54,MVVILETLKTSQNKSKNN,length1,54
2,1518451,1518403,48,MTFSQHSKKSILQINL,length1,48
2,1518529,1518484,45,MQIISVMLSELCAIL,length1,45
2,1518673,1518610,63,MALSSDYVLMKIANQSLPQSV,length1,63
2,1518712,1518697,15,MMKCA,length1,15
2,1519195,1518730,465,MLCIIGRKIMSEENIKLLKKVGLKITEPRLTILALMQNHKNEHFSAEDVYKILLEQGCEIGLATVYRVLNQFDEAHIVIRHNFEGNKSVFELAPTEHHDHIICEDCGKVFEFTDNIIEQRQREISEKYGIKLKTHNVYLYGKCSDINHCDENNSK,length1,465
2,1519390,1519381,9,MFS,length1,9
2,1519453,1519441,12,MRCN,length1,12
2,1520470,1520392,78,MALLNCTRNALFTCTCPLSSVHATRN,length1,78
2,1520674,1520656,18,MNFPLC,length1,18
2,1520746,1520731,15,MQWLI,length1,15
2,1521199,1521124,75,MASKVCEKTSGGVKSIPIKNAATII,length1,75
2,1521403,1521343,60,MVTPSGAVCVKKLNTRGKTT,length1,60
2,1522216,1522168,48,MLSCNSCNFSSCFNSF,length1,48
2,1523233,1523155,78,MGGDTDFFGSFSGGVSHFLFPLNKKW,length1,78
2,1523314,1523308,6,MN,length1,6
2,1523533,1523482,51,MHLRYQEAILKGYSQWC,length1,51
2,1523953,1523713,240,MVRRVFLIKVSLSITIWVVQLSVNILLLQKFHWQKSTQKRTMNKCVCSAAALLQVLVRYITQQKCKKATQWQCLAWERLV,length1,240
2,1524103,1524094,9,MCC,length1,9
2,1524421,1524406,15,MKPLS,length1,15
2,1524637,1524547,90,MRNEICRLFAKQSGKSTAWRDLLAFRLNLY,length1,90
2,1525066,1525054,12,MAAI,length1,12
2,1525693,1525576,117,MLIILHQFPYNWRQHQNCDQVNDCHDCHYRICEIPHHIA,length1,117
2,1525900,1525852,48,MHPKFTYVILQSILRK,length1,48
2,1526083,1526026,57,MLHVSCCSRIRRRPHPRFV,length1,57
2,1526281,1526188,93,MNHGRNHINMHTKNNHRHNQIEKCHHWYKVA,length1,93
2,1526971,1526959,12,MAFQ,length1,12
2,1527370,1527298,72,MILPIEIAANSTKRFTKSTALSLL,length1,72
2,1528183,1528093,90,MTKIAFFFKKIKIMLLITQNSKSIHLIWFV,length1,90
2,1528351,1528309,42,MYEIERILIWEFCL,length1,42
2,1528522,1528504,18,MSIVGV,length1,18
2,1528675,1528588,87,MQKIQQLIKQINVHFYRLCLVLVLVLVLP,length1,87
2,1528975,1528960,15,MVNGV,length1,15
2,1531729,1529413,2316,MTMSELNEMQKLAWAGFAGGDWQENVNVRDFIQKNYTPYEGDDSFLAGPTEATTKLWESVMEGIKIENRTHAPLDFDEHTPSTIISHAPGYINKDLEKIVGLQTDEPLKRAIMPFGGIKMVEGSCKVYGRELDPKVKKIFTEYRKTHNQGVFDVYTPDILRCRKSGVLTGLPDAYGRGRIIGDYRRVALYGVDFLMKDKYAQFSSLQKDLEDGVNLEATIRLREEIAEQHRALGQLKQMAASYGYDISNPATNAQEAIQWMYFAYLAAIKSQNGAAMSFGRTATFIDVYIERDLKAGKITETEAQELVDHLVMKLRMVRFLRTPEYDQLFSGDPMWATETIAGMGLDGRTLVTKNTFRILHTLYNMGTSPEPNLTILWSEQLPENFKRFCAKVSIDTSSVQYENDDLMRPDFNNDDYAIACCVSPMIVGKQMQFFGARANLAKTLLYAINGGIDEKLGMQVGPKTAPITDEVLDFDTVMTRMDSFMDWLAKRYVTALNVIHYMHDKYSYEAALMALHDRDVYRTMACGIAGLSVAADSLSAIKYAKVKPVRGDIKDKDGNVVATNVAIDFEIEGEYPQYGNNDNRVDDIACDLVERFMKKIQKLKTYRNAVPTQSVLTITSNVVYGKKTGNTPDGRRAGAPFGPGANPMHGRDQKGAVASLTSVAKLPFAYAKDGISYTFSIVPNALGKDAEAQRRNLAGLMDGYFHHEATVEGGQHLNVNVLNREMLLDAMENPDKYPQLTIRVSGYAVRFNSLTKEQQQDVITRTFTESM,length1,2316
2,1531783,1531771,12,MSLI,length1,12
2,1531885,1531852,33,MYVSSWTNSLF,length1,33
2,1532506,1532482,24,MENPWVRL,length1,24
2,1532626,1532602,24,MSANIRSK,length1,24
2,1532710,1532704,6,MM,length1,6
2,1532758,1532731,27,MYEADIYVW,length1,27
2,1532767,1532764,3,M,length1,3
2,1532842,1532833,9,MQW,length1,9
2,1532917,1532863,54,MFILSLNVMHVLFVSIRS,length1,54
2,1533022,1532962,60,MMNFGDRVCGQHLKSKRNIR,length1,60
2,1533277,1533052,225,MLLRLFVRTMVKHFQLIKNKKICTLISLNFIQLLGAESIRFFCSYCYFTAGTFKSGSFGFSIGAKVLSLFASIIF,length1,225
2,1533661,1533610,51,MKLSPVAALVKPAIYTA,length1,51
2,1533838,1533826,12,MASE,length1,12
2,1534201,1534195,6,MD,length1,6
2,1534990,1534969,21,MVCTITR,length1,21
2,1535134,1535086,48,MFQRIFMPLPLLVKGA,length1,48
2,1535197,1535173,24,MSVMIKVR,length1,24
2,1535362,1535320,42,MQFIQMFPIKFALL,length1,42
2,1535458,1535407,51,MKWLQHMLAGVVYAMAY,length1,51
2,1535560,1535554,6,ML,length1,6
2,1535635,1535581,54,MKKPNSPFNLMQSKKVNT,length1,54
2,1535797,1535695,102,MVEITVHSTKKKSSFLIAGTIKRDEWRVSFGLNK,length1,102
2,1536058,1536055,3,M,length1,3
2,1536181,1536097,84,MIVTLRDNKFIIFYIFIYYIPSFISRIF,length1,84
2,1536292,1536238,54,MTTNNFIIYSANITWLSW,length1,54
2,1536460,1536454,6,MA,length1,6
2,1536598,1536550,48,MPCCNIICTEIFSCIF,length1,48
2,1536727,1536679,48,MLKDIIPIFCRKINFM,length1,48
2,1537417,1537408,9,MIW,length1,9
2,1537993,1537912,81,MSVLHHSYQGQFYQCQPRLGVQLIVLV,length1,81
2,1538290,1538257,33,MLLLLNHYQGI,length1,33
2,1538386,1538368,18,MPLLPL,length1,18
2,1538761,1538680,81,MIFQVVFIKYIVNKACIASPIIFRQCI,length1,81
2,1538884,1538881,3,M,length1,3
2,1538911,1538908,3,M,length1,3
2,1539190,1539160,30,MLVHFRDITP,length1,30
2,1539454,1539256,198,MWLSFDLDITTCTERHFLAFRNSQFKLFDKGCFVIVRNNSTFPFFHAEDFFWKFNFHITFYINLTS,length1,198
2,1540399,1540390,9,MFH,length1,9
2,1541170,1541146,24,MLCSSCGA,length1,24
2,1541197,1541188,9,MAG,length1,9
2,1541827,1541689,138,MEQTKLSSSTTRIVPPTLSLLNLAICSCSPTFDICLNNDVVENRCK,length1,138
2,1542028,1542016,12,MPRH,length1,12
2,1542274,1542247,27,MLQCTLTTL,length1,27
2,1542715,1542697,18,MPIVSN,length1,18
2,1543195,1543171,24,MSNGITRS,length1,24
2,1544173,1543912,261,MDGTLLNGRVRNAVHKPDSIKFCFTCSEESVFNCSVLYFAKVIFSSPSTLITTDCNTRFSPRLIAVMVPLAGAVKITPGFFLSSKST,length1,261
2,1544515,1544443,72,MSQNKKLKWIDFTVNNFTEKSNLD,length1,72
2,1544698,1544605,93,MLHFYNKINAQYLHILLSAVQFHFVLSILLE,length1,93
2,1544794,1544710,84,MLMREYYDLILSSIIDKYADDVVLFEYF,length1,84
2,1547215,1545847,1368,MTKHYDYIAIGGGSGGIASLNRAASYGKKCAIIEAKHLGGTCVNVGCVPKKVMFYGAHIAEAINNYAPDYGFDVEVKKFDFSKLIESRQAYISRIHTSYNNVLAKNNIDVINGFGKFVDAHTIEVTLADGTKEQVTADHILIATGGRPYRPNIKGQEYGIDSDGFFALTELPKRAVVIGAGYIAVELSGVLNSLGVETHLLVRRHAPMRNQDPLIVETLVEVLAQDGIQLHTNSTPSEIVKNADGSLTVKCDGQSDVTVDCVIWAAGRVPATDKIGLENAGVETNEHGYVKVDKYQNTNVKGIYAVGDIIENGIELTPVAVAAGRRLSERLFNNKPTEYLDYSLVPTVVFSHPPIGTVGLTEPQAIEQYGAENVKVYKSFFTAMYTAVTQHRQPCKMKLVCVGKDEKVVGLHGIGFGVDEMIQGFAVAIKMGATKADFDNTVAIHPTGSEEFVTMR,length1,1368
2,1547413,1547380,33,MISQTHLIGLE,length1,33
2,1547668,1547659,9,MLG,length1,9
2,1547809,1547740,69,MHSVIITRRKISSSKFPIFKGFH,length1,69
2,1547869,1547851,18,MPLSLQ,length1,18
2,1547920,1547887,33,MTALTNATVCW,length1,33
2,1548127,1548076,51,MCCFAPFLFSKPASNLS,length1,51
2,1548580,1548568,12,MSAL,length1,12
2,1548610,1548607,3,M,length1,3
2,1548964,1548958,6,ML,length1,6
2,1549219,1549123,96,MGGDVGPRITICIPLTSENNPVSSYLLLGDSP,length1,96
2,1549321,1549312,9,MRI,length1,9
2,1549480,1549345,135,MNGLSLVLVSVNVVSQRQMKLLQQWDLKRQKMRSKLLKLILKILN,length1,135
2,1549549,1549510,39,MLIQVRLAKCKVY,length1,39
2,1549579,1549558,21,MMRFLLI,length1,21
2,1549612,1549606,6,ML,length1,6
2,1549747,1549696,51,MKQIAALLCYLVMVRVL,length1,51
2,1549828,1549816,12,MPLF,length1,12
2,1549939,1549882,57,MKRSNWQFVNFQMWWKKHF,length1,57
2,1550155,1550107,48,MRLFEMVVFNVGSYYY,length1,48
2,1550494,1550464,30,MGPRIYQSII,length1,30
2,1551643,1550707,936,MKKFAMVFPGQGSQTVGMLADLATEYPIVIETFKQASDALGYDLWYLVQQGPAEELNKTWQTQPALLAASVAIYRVWQEKFPQLKPEVMAGHSLGEYSALVCAGVLDFQDAIKLVELRGKLMQQAVPEGTGAMYAIIGLDNEAIINACKQAEEGEVVSAVNFNSPGQVVIAGAKAAVERAAALCKEAGAKRALPLAVSVPSHCALMKPAAEQLAVTLENIQINTPTISVLNNVDVKAETEGTEIRTALVRQLYSPVRWTETVEKMAQDGVLALVEVGPGKVLNGLTKRIVGDLQAISVNDVASFNAVEEFLA,length1,936
2,1551967,1551961,6,MV,length1,6
2,1552477,1552474,3,M,length1,3
2,1552573,1552525,48,MCVFTLPILWCDQTIK,length1,48
2,1552741,1552708,33,MLNLKLLLLKI,length1,33
2,1552918,1552813,105,MKKLKKLPLFNLRLITCKTINNFKLGDVLSRLIFF,length1,105
2,1553758,1553716,42,MARTYFKYYQYNIE,length1,42
2,1555177,1554472,705,MTTYIAYGNINQPFSLESLPDELIPENLYQIETDSSRVFQRHQCRRLAHLLLFQLLKIAGKSTALLSQIHRTESGRPYFLDERIDFNISHSGDWVAVILDIRKEEKSAVGIDIEFPKIRNFTALMEHIAPKEEIDWFHHQQDSLNAFYRCWCLREAVLKSQGFGIVKLSNVRHFPEQQKIFSDYCPQGQLWFTDELPIYLAAFVNHQEKLPHFYEWNRESLQIKELEKYVLYEVN,length1,705
2,1555396,1555390,6,ME,length1,6
2,1557406,1556521,885,MRRFLLPVIFVIAAVVYSSIVVVTEGTRGIMLRFNKVQRDADNKVVVYEPGLHFKVPLIDSIKVLDARIRTLDGSATRFVTVEKKDLLVDSYVKWKISDFGRFYTSTGGGDYAQAANLLSRKVNDRLRSEIGSRTIKDIVSGTRGELMEGAKKALSSGQDSTAELGIEVIDVRVKQINLPDEVSSSIYQRMRAERDAVAREHRSQGKEKAAFIQADVDRKVTLILANANKTAQELRGSGDAAAAKLYSDAFAQEPQFFTFVRSLKAYEASFANSDNIMILKPDSDFFRFMQAPKK,length1,885
2,1557808,1557664,144,MPVETNFVVPLKSRGLMEVLHIKNCITLLKAIKNEREITKTITEKWTE,length1,144
2,1557898,1557841,57,MAMNKQSSGGGINNIAKSY,length1,57
2,1558609,1558546,63,MECVLHCAIYWLRVHSSIILL,length1,63
2,1558801,1558762,39,MRHLILLNHGENE,length1,39
2,1558960,1558957,3,M,length1,3
2,1559077,1559059,18,MHLFLL,length1,18
2,1559161,1559152,9,MLF,length1,9
2,1559287,1559284,3,M,length1,3
2,1560037,1559302,735,MKVRLKNLIFFNRTFYYGINRFGTSVMICGKIVINTNVTKTGIKNGNTPLVTVETDILPTRATTKRAIPIGGVRIPIIIFNVVITPKKIKSILNCIAIGISIGNTKNCNARASMNIPRKSNSALIITNTVKGESATATNTLATRIATCSRAIISPKKVTVIIIKATTPVIAIASMQLLNKLFKVNSLYTNLPIITEYAAATMADSVGLNNPEKIPPIINNGVKIAQKDCLKLLQSCSLVAFGVRG,length1,735
2,1560061,1560055,6,MR,length1,6
2,1560445,1560430,15,MPVKI,length1,15
2,1560619,1560592,27,MMSQTSKAT,length1,27
2,1560742,1560706,36,MTALMIKKVAGK,length1,36
2,1560901,1560844,57,MPPKASIGNDAPLKVRIPK,length1,57
2,1561213,1561144,69,MAINNVPPSHSSSLLIYFILHSV,length1,69
2,1561417,1561378,39,MCNFHALFFKECD,length1,39
2,1562515,1562503,12,MMKI,length1,12
2,1564234,1563334,900,MRCLALDIGGTKIAAAIVKNGEIEQRQQIHTPRENVVEGMHQALGKLLADYEGQFDYVAVASTGIINNGILSALNPKNLGGLAEFPLKASIAKHTDKPIGLLNDAQAATYAEYQLQNSEQVSNFVFITVSTGVGGGIVLNQILQTGSRGIAGHIGHTLADPNGAICGCGRRGCVEAIASGRAIEAVSSQWEDPCDPKEVFERFRKNDEKATALVERSAKAIANLIADLVISLDIQKIAIGGSVGLAEGYLSLVEKYLQDFPSIYCCEIETAKFGQDAGLIGAAYWVKDVLLDKPEGTIYG,length1,900
2,1564363,1564342,21,MPPFRNR,length1,21
2,1565215,1565152,63,MKIAPLMKKVYAKLSAIISTK,length1,63
2,1565332,1565224,108,MAYMWAVQQAKTLCFQRKRKKKSSALQKMKQKIKSH,length1,108
2,1565398,1565386,12,MQQN,length1,12
2,1565680,1565674,6,MK,length1,6
2,1565737,1565710,27,MVQLVQPLT,length1,27
2,1565920,1565896,24,MQVIAVNQ,length1,24
2,1566406,1566223,183,MNRIITVNNKGRLICVLFRYKQNNKSASTCLPLFTGEGARRAEGGNFYCFVVNYWSKRISF,length1,183
2,1567324,1566514,810,MRFIPLQTEQQVSCWAAQHIINRINDFKPTAERPFVLGLPTGGTPLKTYQELIRLYQAGKVSFKHVVTFNMDEYVGLPEEHPESYHSFMYNNFFNHIDILPENINILNGNTDDHNAECRRYEEKIKSYGKIHLFMGGVGVDGHIAFNEPASSLSSRTRIKTLTQDTLIANSRFFNNDVTQVPKYALTIGVGTLLDAEEVMILATGHQKALAVQAAVEGSINHLWTVSALQMHRHFVLVCDEAAQQELKVKTVKYFTELEGSVAGTDYQDK,length1,810
2,1567498,1567441,57,MLILGTEYEIRINQQCDLH,length1,57
2,1568671,1568653,18,MSQIFY,length1,18
2,1568920,1568917,3,M,length1,3
2,1569304,1569274,30,MLLASYFAPT,length1,30
2,1569580,1569511,69,MPSEIVFARPSFTSPNPLFPKVT,length1,69
2,1569748,1569700,48,MWKREPALRNSPCCCF,length1,48
2,1570309,1570258,51,MTFYPLPINFMTLDGFI,length1,51
2,1570588,1570537,51,MLFITQYGTNSTRPWIT,length1,51
2,1571455,1570690,765,MINPNRQIVLDTETTGMNQLGAHYEGHCIIEIGAVELINRRYTGNNFHIYIKPDRPVDPDAIKVHGITDEMLADKPEFKDVAQDFLDYINGAELLIHNAPFDVGFMDYEFRKLNLNVKTDDICLVTDTLQMARQMYLGKRNNLDALCERLGIDNSKRTLHGALLDAEILADVYLMMTGGQTNLFDEESVESEVIHVMQEKTAEEIKSAVDFSHNLKLLQPTNDELQAHLEFLKMMNKKSGNNCLWDKRFGNNNVH,length1,765
2,1572118,1572070,48,MIFYQSFNFRYNSRHF,length1,48
2,1573651,1572139,1512,MATPVVALVGRPNVGKSTLFNRLTRTRDALVADFPGLTRDRKYGHAHIAGYDFIVIDTGGIDGTEEGVEEKMAEQSLLAIDEADIVLFLVDARAGLTAADIGIANYLRQRQNKITVVVANKTDGIDADSHCAEFYQLGLGEIEQIAASQGRGVTQLMEQVLAPFAEKMENADENDRTSEEEQDEWEQEFDFDSEEDTALIDDALDEELEEEQDKNIKIAIVGRPNVGKSTLTNRILGEDRVVVFDMPGTTRDSIYIPMERDGQQYTLIDTAGVRKRGKVHLAVEKFSVIKTLQAIQDANVVLLTIDARENISDQDLSLLGFILNAGRSLVIVVNKWDGLDQDVKDRVKSELDRRLDFIDFARVHFISALHGSGLGNLFDSIKEAYACATQKMTTSLLTRILQMATDEHQPPMIGGRRIKLKYAHPGGYNPPIIVVHGNQMDKLPDSYKRYLSNYYRKSLKIIGSPIRLLFQEGSNPFAGRKNKLTPNQLRKRKRLMKFIKKAKR,length1,1512
2,1573768,1573756,12,MAIF,length1,12
2,1574254,1574200,54,MPYINHKWFDIGISSKVC,length1,54
2,1574584,1574578,6,MG,length1,6
2,1574725,1574647,78,MPNNKYNEKFNKQTFTFHIASGKHGW,length1,78
2,1575166,1575103,63,MMPFPCPKSAGVFNSIFSAMS,length1,63
2,1575811,1575706,105,MRIWFSPFNITFFDKSCFNEKGETSIDTLAGFCVF,length1,105
2,1576027,1575982,45,MFCCASCSLIALCTR,length1,45
2,1576144,1576075,69,MISANFFIDYSLSSSIRLATALC,length1,69
2,1576657,1576534,123,MKGAECSRNTRKELPKRTSIVAPLILSLFGRGVKEIMPSSR,length1,123
2,1576807,1576798,9,MAQ,length1,9
2,1577305,1577290,15,MQMHL,length1,15
2,1577608,1577587,21,MQQVRLQ,length1,21
2,1577686,1577668,18,MPQNLT,length1,18
2,1577899,1577815,84,MLEQLRSLALRKLMVGRKALIGITHQQR,length1,84
2,1578367,1578361,6,MK,length1,6
2,1578526,1578487,39,MVNYARSMHGYLW,length1,39
2,1578619,1578613,6,ML,length1,6
2,1578877,1578856,21,MFFLKLA,length1,21
2,1579639,1579111,528,MADFNQILTPGDVDAGIINVVNEIPEGSCHKIEWNRKVAAFQLDRVEPAIFAKPTNYGFIPQTLDEDGDELDVLLITRQPLATGVFLEAKVIGVMKFVDDGEVDDKIVCVPADDRDTGNAYNSLADLPANLIKQIEFHFNNYKALKKPGSTKVTHWGDVEEAKEVIRESIKRWNER,length1,528
2,1579819,1579696,123,MSFRDLDNKKTPFGAYFIFKVVGREGFEPSTNGLKVRCSTD,length1,123
2,1580059,1579882,177,MVPEARLELARLERRGILNPLCLPIPPLGQIGAGNEARTRDPDLGKVVLYQLSYSRIYH,length1,177
2,1580506,1580449,57,MIISREIIIMAGMVIQNVC,length1,57
2,1580689,1580662,27,MKGDDSMGK,length1,27
2,1580785,1580719,66,MTRKIVRKIGILNFIEMNRSWC,length1,66
2,1580983,1580974,9,MEL,length1,9
2,1581160,1581112,48,MFNTVCLSNFVFYVCR,length1,48
2,1582435,1582426,9,MVE,length1,9
2,1582630,1582618,12,MGRI,length1,12
2,1582981,1582933,48,MQEDLLHRTADYFLCK,length1,48
2,1583122,1583095,27,MMVFSFESS,length1,27
2,1583464,1583455,9,MVT,length1,9
2,1583908,1583875,33,MLVSTAIFRQR,length1,33
2,1584013,1583992,21,MECSGTT,length1,21
2,1584475,1584379,96,MCTTCLLECKFRSISGYDCCRGSTYGSYFSDV,length1,96
2,1585192,1585174,18,MCGHCF,length1,18
2,1585417,1585387,30,MFINFFFNVR,length1,30
2,1585876,1585729,147,MIVIMMFVIVFMLVFMIMVVVVVVFMIMFVFVLMVMIAIFMEMLVVSFT,length1,147
2,1586098,1586038,60,MWRGACRNKDLCTSYAICNR,length1,60
2,1586383,1586365,18,MCIFKR,length1,18
2,1587079,1587067,12,MRLA,length1,12
2,1587463,1587328,135,MSGTSTKSTEPDGIILRSDATEAIATRGTPAEPFTLPLGSFLKNT,length1,135
2,1588102,1588072,30,MLDTGTSAAC,length1,30
2,1588351,1588174,177,MFFMLEVQDTKSAVIIEIEKVLNQNGLHTDIFNPKVSRNKVAYAIKIYRKQPVLFSEIA,length1,177
2,1589524,1589512,12,MAAR,length1,12
2,1589947,1589908,39,MGKATRIRRLSFI,length1,39
2,1590499,1590484,15,MVRKM,length1,15
2,1590850,1590793,57,MICQVVKIVEKIVNFKQTE,length1,57
2,1591135,1591045,90,MVAIAQLVEPWIVIPVVVGSNPISHPILSL,length1,90
2,1591447,1591417,30,MAQIERWRQA,length1,30
2,1591468,1591453,15,MQVER,length1,15
2,1591627,1591537,90,MEGDNDGKLSLIPRSVERRKCGTERPHAIG,length1,90
2,1591807,1591795,12,MPRE,length1,12
2,1592149,1592104,45,MWRNTEGEGSPLGMY,length1,45
2,1592317,1592311,6,MN,length1,6
2,1592614,1592584,30,MTSSHHGPYE,length1,30
2,1592836,1592635,201,MAYTEGSEAARWSESHKVRLSPDWSLQLDSMKSESLVIANQNVAVNTFPGLVHTARHTMGVGCTRSR,length1,201
2,1592902,1592869,33,MIHDWGEVVTR,length1,33
2,1593496,1593442,54,MPWQSEAKKDVLICEKLG,length1,54
2,1593550,1593532,18,MGKPSR,length1,18
2,1594783,1594723,60,MARSGMKGCSSNPNVESGYF,length1,60
2,1595581,1595488,93,MVSSQEKHLIEAPVNGGRNYNGPKVAKFLVG,length1,93
2,1595641,1595608,33,MMARLSPPETQ,length1,33
2,1595827,1595821,6,MF,length1,6
2,1596061,1596037,24,MEGPSLNG,length1,24
2,1596163,1596133,30,MSAHHILGLK,length1,30
2,1596283,1596262,21,MIDWGCS,length1,21
2,1596619,1596571,48,MKSEANKSRAETEVKD,length1,48
2,1597111,1597108,3,M,length1,3
2,1597315,1597264,51,MKSYIKLLITCYIILEL,length1,51
2,1597357,1597342,15,MIFLY,length1,15
2,1597447,1597414,33,MILIGKKEKQE,length1,33
2,1597570,1597522,48,MNSNRVKIKYNFNTHL,length1,48
2,1597690,1597675,15,MMYLS,length1,15
2,1597999,1597996,3,M,length1,3
2,1598464,1598347,117,MIGICSIAYTINSSGFKYFILAAIVKISSSKLKNIIFLK,length1,117
2,1598521,1598467,54,MIESNNSTHSRLINHFFF,length1,54
2,1598662,1598638,24,MVYIILKT,length1,24
2,1598821,1598764,57,MVITHSCAKNYILPCYLIL,length1,57
2,1599028,1598971,57,MPSTFDIKSTCVIYIKSKI,length1,57
2,1599337,1599316,21,MNTINTR,length1,21
2,1599358,1599349,9,MLG,length1,9
2,1600159,1600096,63,MIIIYIYSKFNDDKSKIFLLI,length1,63
2,1600246,1600174,72,MQIFYSQIQHSFQTTSHRILYSKW,length1,72
2,1600654,1600627,27,MLICDCKLI,length1,27
2,1600774,1600750,24,MHIGIKKC,length1,24
2,1601035,1601023,12,MWNK,length1,12
2,1601161,1601098,63,MELYCFIRGISNLLKLLLTIV,length1,63
2,1601251,1601206,45,MFFRVMLWILMSIER,length1,45
2,1601458,1601434,24,MDVALLAR,length1,24
2,1601947,1601536,411,MCALSEFSYRLLLYSELAYGELGNPTYLSKKKFLDKYFVQAAKLLNRKFCKNQSPYRLCKVKLYGMVNLIIAILFPHDLLILQVLPLIYLDQRFVPFLLYQIGAYELNHEYHDRKSQLQNGNMAYVRSFLLVILLHQ,length1,411
2,1602151,1601998,153,MRKVVRLLRLKYGINLPRILVIALYHKVLRDLLNKAHRFLNSRVVQYEDLT,length1,153
2,1602178,1602163,15,MRGAF,length1,15
2,1602400,1602295,105,MYAVYPNVRFLYFLCHLCLMALRLRVDLEYLMQFD,length1,105
2,1602505,1602478,27,MVRYLHHAL,length1,27
2,1602736,1602718,18,MKTILF,length1,18
2,1602862,1602841,21,MLMPLIW,length1,21
2,1602934,1602898,36,MNLQKFLLHPLN,length1,36
2,1603051,1602988,63,MKLFSKLPHILSFLKKIILIN,length1,63
2,1603114,1603111,3,M,length1,3
2,1603150,1603144,6,MN,length1,6
2,1603576,1603573,3,M,length1,3
2,1603621,1603612,9,MCV,length1,9
2,1604053,1604029,24,MEKTIRGL,length1,24
2,1604218,1604086,132,MAMAAATKVMLQIIQSPPDKWANAAQDKPIMNTTNHRLYLSGFN,length1,132
2,1604284,1604278,6,MR,length1,6
2,1604350,1604311,39,MPLSVFFRAVVMQ,length1,39
2,1604677,1604665,12,MIKV,length1,12
2,1605085,1605067,18,MACFQE,length1,18
2,1605241,1605157,84,MLHARAKCQALVHQGCLCKAPRGYVQHD,length1,84
2,1605628,1605529,99,MKLKYDLKKNSLFLRALQPPFWGIFQKIQALRK,length1,99
2,1605706,1605700,6,MR,length1,6
2,1606141,1606108,33,MKLPTQKSIFI,length1,33
2,1606375,1606336,39,MLPCLWCVNLSQK,length1,39
2,1606489,1606480,9,MKV,length1,9
2,1606753,1606699,54,MLNKTPLILLKRHLLMQN,length1,54
2,1606771,1606765,6,MC,length1,6
2,1606846,1606837,9,MLH,length1,9
2,1606882,1606876,6,MR,length1,6
2,1606951,1606894,57,MRQIQQKPLMKHCLLQGLF,length1,57
2,1607119,1606969,150,MRAVVRRYRFVKSQVNQLNSWVWVRKRRHLSRSILIVLLPVFWAWAMCFH,length1,150
2,1607203,1607191,12,MISL,length1,12
2,1607224,1607206,18,MISANS,length1,18
2,1607359,1607317,42,MTKCLSKWKRSLTP,length1,42
2,1607488,1607446,42,MSINYLNNSMKCNV,length1,42
2,1607662,1607650,12,MNYS,length1,12
2,1607734,1607731,3,M,length1,3
2,1607770,1607749,21,MFTMILI,length1,21
2,1608025,1607863,162,MRHLWQKVCIALIHPYGVRSSHRAKWLGKPIHGYEYPGYFDISAQSLYGCGCAR,length1,162
2,1608679,1608652,27,MPAEYLQRC,length1,27
2,1609858,1609828,30,MPQSTDTPAK,length1,30
2,1610710,1610701,9,MPV,length1,9
2,1611046,1611025,21,MRLLDQF,length1,21
2,1611103,1611094,9,MEE,length1,9
2,1611328,1611193,135,MQDFLSNKRKNRHRFFVYHEANKRNKLVLLYHLNQKYQLPLQKHP,length1,135
2,1611850,1611805,45,MQHRIYVINTKSIFY,length1,45
2,1612036,1611991,45,MNVLLPLLLYHPIFQ,length1,45
2,1612321,1612213,108,MTALIDAICCPFNYKKTCLFHAKSCLKDKNHYFSAS,length1,108
2,1612735,1612642,93,MLDKHCCFVLYIQALPIMIFPLTHKYGKRLH,length1,93
2,1613182,1613152,30,MLKECNVPAW,length1,30
2,1613863,1613848,15,MPNLA,length1,15
2,1614505,1614490,15,MFEQG,length1,15
2,1614958,1614901,57,MFRYKFAVFIAKVFTQFAE,length1,57
2,1615132,1615108,24,MATNVAFS,length1,24
2,1615237,1615168,69,MHGGHSAADFVVIRRFHFADHFH,length1,69
2,1615822,1615696,126,MRHQLDHFAWGKVFASFFVIFFVKFTNQFFKYIAHAQIGQRW,length1,126
2,1616056,1615915,141,MGHMADLFTQLEAVDDFMNVGAETIKIFFKIGQHILRRIAGGLIEGF,length1,141
2,1616191,1616086,105,MTGNFFKGKVIQFGECQFFFLKTHFFQYGIFAWLK,length1,105
2,1616350,1616311,39,MNRMLHICSHLIL,length1,39
2,1616584,1616578,6,MP,length1,6
2,1616968,1616737,231,MPIFRIKCGPFSMQINGFRFNTFSIFSAKSLPVIGSFNSPQTGILTVPFSNGCKFSMSSSLANCALLPNSGCTSNGK,length1,231
2,1617061,1616986,75,MSFTKRALIRLPFIPRIQGVSLFQK,length1,75
2,1617193,1617142,51,MIFLISVLPSTCKPLGA,length1,51
2,1617268,1617229,39,MSCSSSRLFIMDR,length1,39
2,1617412,1617310,102,MASAKGVGECTSQVSLLLNYYLVSKTEFIIYINL,length1,102
2,1619446,1617553,1893,MKEKIMSQNQETRGFQSEVKQLLQLMIHSLYSNKEIFLRELISNASDAADKLRFKALSNPALYEGDGDLRVRVSFDADKGTITISDNGIGMTREQVIDHLGTIAKSGTKEFLTALGQDQAKNSQLIGQFGVGFYSAFIVADKVTVKTRAAGEEADKAVLWESAGEGEYSVADIEKKSRGTDVILHLREDEKEFLNEWRLREIIGKYSDHIGLPVEMLTKEYDDEGKECGEKWEKINKSDALWTRSKNDVSDEEYKAFYKHLSHDFVDPVTWAHNKVEGNQAYTSLLYVPAKAPWDLFNREHKHGLKLYVQRVFIMDDAEQFMPNYLRFMRGLIDSNDLPLNVSREILQDNKITAALRKALTKRSLQMLEKLAKDDAEKYLKFWKEFGLVLKEGPAEDFANKETIAKLLRFASTHNDGSEQTVSLEDYILRMKEGQKAIYYITADSYVAAKNSPHLELFNKKGIEVLLLSDRIDEWMLSYLTEFDGKQLQSITKADLDLGDLADKESETQKQQDKAFGSFIERVKNLLGERVKTVRLTHNLTDTPAVVSTDNDQMTTQMAKLFAAAGQPVPEVKYTFELNPEHYLVKKVADIADETEFADWVELLLEQAMLAERGSLENPAAFIKRINKLLG,length1,1893
2,1619869,1619527,342,MITVYGIKNCDTVKKALKWLADHNIEHKLHDYRVDGLDLNFLTQAETQFGWDVLVNKRSTTWRNLDEQVKNSLDKTTALSVLAENPTLIKRPIILQDEKALIGFNEKEYQAVFA,length1,342
2,1621030,1619899,1131,MREKVVSLAQDLIRRPSISPNDEGCQQIIAERLEKLGFQIEWMPFNDTLNLWAKHGTSEPVIAFAGHTDVVPTGDENQWSSPPFSAEIIDGMLYGRGAADMKGSLAAMIVAAEEYVKANPNHKGTIALLITSDEEAAAKDGTIRVVETLMAHDEKITYCMVGEPSSAKNLGDVVKNGRRGSITGNLYIKGIQGHVAYPHLAENPIHKAAPFLQELTTYQWDKGNEFFPPTSLQIANIHAGTGSNNVIPAELYIQFNLRYCTEVTDEIIKQKVAEMLEKHNLKYRIEWNLSGKPFLTKPGKLLDSITSAIEETIGITPKAETGGGTSDGRFIALMGAEVVEFGPLNSTIHKVNECVSIEDLGKCGEIYHKMLVNLLDS,length1,1131
2,1621393,1621318,75,MSGDFTLVCIAGGEPSSLGNGSGYF,length1,75
2,1621981,1621864,117,MEVIFPLNSICFICPLKSAVGFSDVLNRLNCSGRSKILP,length1,117
2,1622185,1622167,18,MAILSA,length1,18
2,1622506,1622497,9,MLR,length1,9
2,1622830,1622650,180,MARNNVVLPQPEAPSKKRISPRCKLNEISCRTCCSLKNLLRFLTVNNGLFIILFKRIFFQ,length1,180
2,1622929,1622908,21,MFPHSNG,length1,21
2,1623232,1623214,18,MDGKID,length1,18
2,1623778,1623775,3,M,length1,3
2,1624348,1624345,3,M,length1,3
2,1624525,1624480,45,MFFILSCCCGHHWCF,length1,45
2,1625443,1625428,15,MFKLH,length1,15
2,1625575,1625554,21,MKNKTVH,length1,21
2,1625761,1625740,21,MLISTQL,length1,21
2,1625893,1625875,18,MFLHIE,length1,18
2,1626829,1626076,753,MAKDEVGHNFLARLGKTRLRPGGKKATDWLIANGDFSQDKKVLEVACNMGTTAIGLAKQFGCHIEGVDLDENALAKAQANIEANGLQEKIHVQRANAMKLPFEDESFDIVINEAMLTMLPVEAKKKAIAEYFRVLKPNGLLLTHDVMLVGNDHQTILENMRKAINVTVTPLTKDGWKGIFQESGFRYVDTFSGEMTLLSPKGMIYDEGIFGTLKIIRNAMKAENREQFKRMFKTFNDPEHKLHFIAVCSQK,length1,753
2,1627147,1627030,117,MSPLSHILMNLILKFVLFFLVHLLYLVVIYQKLFRILLL,length1,117
2,1627183,1627165,18,MVHKKQ,length1,18
2,1627300,1627201,99,MTIQEKVLLMVSVFACSQFVSVQENQIKRLLPL,length1,99
2,1627387,1627327,60,MVKLQSAQLLKKWRSVLSNF,length1,60
2,1627435,1627429,6,MS,length1,6
2,1627585,1627552,33,MGYVQVQNKTL,length1,33
2,1627777,1627774,3,M,length1,3
2,1628017,1628008,9,MPN,length1,9
2,1628314,1628278,36,MWQFCPLIRLWS,length1,36
2,1628485,1628479,6,MD,length1,6
2,1628581,1628512,69,MCLMSIDCLCYLLDYPILGKGTN,length1,69
2,1628722,1628617,105,MRHFIKPFNNIFYQIVIFISLRKNYLFTRILCVID,length1,105
2,1628776,1628767,9,MIN,length1,9
2,1630189,1628932,1257,MTTVSAIGALVALIVAIFLILKKVSPAYGMLVGALVGGLIGGADLSQTVSLMIGGAQGITTAVMRILAAGVLAGVLIESGAANSIAETITNKLGETRALLALALATMILTAVGVFVDVAVITVSPIALALSRRSDLSKAAILLAMIGGGKAGNIMSPNPNAIAAADTFHLPLTSVMMAGIIPALFGLILTYFLAKRLINKGSKVTDKEVIVLETQNLPSFLTALVAPLVAILLLALRPLFDIKVDPLIALPLGGLIGALCMGKLRNINSYAINGLSKMTPVAIMLLGTGALAGIIANSGLKEVLIQGLEHSGLPSYILAPISGVLMSLATASTTAGTAVASNVFSSTLLELGVSSLAGAAMIHAGATVFDHMPHGSFFHATGGSVNMDIKERLKLIPYESAVGLMMTIVSTLIFGVFKF,length1,1257
2,1630309,1630297,12,MRTM,length1,12
2,1630417,1630327,90,MGAKVQFNPLWMPRKASSLNVKSPRLWVTK,length1,90
2,1630549,1630444,105,MEKPRLSKWQQLLVYILFRLKNAIPCLPPVTAQGS,length1,105
2,1630627,1630618,9,MVV,length1,9
2,1630780,1630777,3,M,length1,3
2,1630993,1630867,126,MLHFRILLKLPNAIAVNKFVIRLAQVLLVVWVVACYYYQAYN,length1,126
2,1631044,1631041,3,M,length1,3
2,1631059,1631050,9,MLM,length1,9
2,1631155,1631086,69,MHKVLWVKRQLVWHVRQNSSISQ,length1,69
2,1631284,1631188,96,MMWCLITVLMRCSLLFTNLAIYRIFSNKANKI,length1,96
2,1631341,1631302,39,MWREYWHLNFIKK,length1,39
2,1631506,1631428,78,MRTIVEPHFIALGISSVIPIESVSIC,length1,78
2,1631674,1631641,33,MCFASVSISSG,length1,33
2,1632424,1632307,117,MARVSAAKTRYRKPAIQLNSGFFYKFKNTISRRTNYART,length1,117
2,1633135,1633078,57,MRNLDRCGRRLYLRSAFSA,length1,57
2,1634704,1634671,33,MQSIHRCGRSE,length1,33
2,1635781,1635778,3,M,length1,3
2,1635844,1635832,12,MKSD,length1,12
2,1636903,1636900,3,M,length1,3
2,1637455,1637443,12,MILK,length1,12
2,1637905,1637884,21,MKFYVIF,length1,21
2,1639111,1638004,1107,MTQQYAIDTLLAQAGNRSDERTGAVSAPIFLSTAYGHCGIGESTGFDYTRTKNPTRTVLEETIAKLENGDRGFAFSSGMAAIQVLMTLFTAPDEWIVSSDVYGGTYRLLDFSYKNNNSVKPVYVNTASASAIEAAINPNTKAIFIETPSNPLMEECDVVEIAKLAKKHNLMLIVDNTFLTPVLSRPLDLGADVVIHSGTKYIAGHNDALVGLIVAKGQELCDRIAYIQNGAGAVLSPFDSWLTIRGMKTLSLRMKRHQENAQAIAEFLKAQPQVESVLYPNKGGMLSFRLQDEAWVNTFLKSIKLITFAESLGGTESFITYPATQTHMDIPEPERVARGITNTLLRFSVGIEDVEDIKADLLQAFANLK,length1,1107
2,1640119,1639126,993,MKIAIYSTKSYDRKYIELINAKYNFDLEFFDFMLNESTVRLAEHCEVVCIFVNDNGSRKVLEKLAALGVKIVALRCAGFNNVDLKAAQELGIQVVRVPAYSPEAVAEHTIGLMMTLNRRIHRAYQRTREANFSLEGLIGFNMYGRTVGVIGTGKIGIAVMRILKGFGMNILAYDPFKNPLVEELGGQYVELDELYAKSHVITLHCPATPENYHLLNREAFAKMKDGVMIVNTSRGSLIDTQAAIDALKQRKIGALGMDVYENERDLFFEDKSNEVIQDDIFRRLSSCHNVLLTGHQAFLTEEALTNIADVTLSNVYKLKSGKVCENIVLPS,length1,993
2,1640287,1640263,24,MTQILKVL,length1,24
2,1640407,1640368,39,MNLHLNLQVKLKL,length1,39
2,1640479,1640416,63,MWMTTKQRQHNLVFVVSQHYY,length1,63
2,1640581,1640488,93,MVKLLQLKLVHYQKLNWLTSLTNIFNRCLKL,length1,93
2,1640644,1640617,27,MGQFFCLKF,length1,27
2,1640932,1640929,3,M,length1,3
2,1640995,1640974,21,MAYRSCA,length1,21
2,1641151,1641148,3,M,length1,3
2,1642198,1642099,99,MMIALRRYARKSILYSIYLSSNELALIAFMIAL,length1,99
2,1642633,1642573,60,MLICYSIETNVITTSSVGTS,length1,60
2,1642942,1642795,147,MKNCAVAECGSDVRAIAMVPRLLLKRLFASFWIGALVAFSCIPLSIPPP,length1,147
2,1643107,1643062,45,MSPKFVCNVTILFSL,length1,45
2,1643341,1643272,69,MFVASLFMICAISVMDALLCVLM,length1,69
2,1643404,1643383,21,MCAILRT,length1,21
2,1643431,1643407,24,MTKSSNVH,length1,24
2,1643578,1643497,81,MHLMYYALILSLAQPIIFLKLLKLWKN,length1,81
2,1643620,1643593,27,MLMLQIMAM,length1,27
2,1643632,1643629,3,M,length1,3
2,1643830,1643710,120,MKSRKIQWISCFGKCRKKTNQVGLPLGVQVVLAGILNVRL,length1,120
2,1643947,1643905,42,MKLHNLAVRMVANM,length1,42
2,1644037,1644031,6,MY,length1,6
2,1644076,1644049,27,MQKLYVISY,length1,27
2,1644301,1644238,63,MILIRQMHFLFYSKWRVKLTS,length1,63
2,1644367,1644313,54,MLRKPMDLPRVCVNWGRF,length1,54
2,1644445,1644418,27,MMKWQKLKH,length1,27
2,1644535,1644460,75,MRPALLKIGLLLMLRVMSLSLWASY,length1,75
2,1644586,1644541,45,MGRMEQLGVSNKFKR,length1,45
2,1644622,1644619,3,M,length1,3
2,1644874,1644862,12,MPVI,length1,12
2,1644937,1644889,48,MEPNTMINGCHFHSFL,length1,48
2,1645003,1644958,45,MKCGQNTVKIGKISQ,length1,45
2,1645327,1645246,81,MFKTFFQHLERSGYMTNGIFMLNGFYA,length1,81
2,1645426,1645414,12,MTRM,length1,12
2,1645591,1645567,24,MNEVIENI,length1,24
2,1645810,1645765,45,MGGHQGCLDSHRRGE,length1,45
2,1646020,1645975,45,MLLSCVEYLDIRRSK,length1,45
2,1646134,1646047,87,MTFQNPVCRKDSLSFLHLSGNCSCSSPYP,length1,87
2,1646527,1646440,87,MHLPYKEWEQRELWYSQGGQHASLMLFSQ,length1,87
2,1646695,1646659,36,MHLKSYDIPLGL,length1,36
2,1646782,1646758,24,MRILMRVV,length1,24
2,1646995,1646962,33,MVFAHLKYVVY,length1,33
2,1647097,1647046,51,MLWHNLQHQARSILGHV,length1,51
2,1648078,1648042,36,MFTFGVIGFEKK,length1,36
2,1648093,1648084,9,MVK,length1,9
2,1648105,1648096,9,MSI,length1,9
2,1648150,1648144,6,MY,length1,6
2,1648285,1648279,6,MS,length1,6
2,1648381,1648321,60,MQLIPMILGLMDLRIFCEKH,length1,60
2,1648504,1648456,48,MIRKKPWLFMHKLMIF,length1,48
2,1648894,1648552,342,MTSFAQLDIKSEELAIVKTILQQFVPDYTVWAFGSRVKGKAKKYSDLDLAIISEEPLDFLARDRLKEAFSESDLPWRVDLLDWATTSEDFREIIRKVYVVIQEKEKTVEKPTAL,length1,342
2,1649035,1649032,3,M,length1,3
2,1649311,1649245,66,MCFFYVLFSTTTKIFNFSTRAK,length1,66
2,1650493,1649605,888,MNHLYRSFKTIALVGKPRNDINLQMHKNLFHWLMERGYQVLVEKEVAITLELPFEHLATLEEIGHRAQLAIVIGGDGNMLGRARVLAKYDIPLIGINRGNLGFLTDIDPKNAYSQLEACLERGEFFVEERFLLEAKIERASEIVSTSNAVNEAVIHPAKIAHMIDFHVYINDKFAFSQRSDGLIVSTPTGSTAYSLSAGGPILTPNLNAIALVPMFPHTLTSRPLVVDGDSKISIRFAEHNTSQLEVGCDSQITLPFTPDDVVHIQKSEHKLRLLHLKNYNYYNVLSSKLGWLKSF,length1,888
2,1652281,1650607,1674,MLTQLTINNFAIVRQLDIELAKGMSVITGETGAGKSIAIDALGLCFGQRVETSMVREGQERAEICATFQLESQNPAYHWLSEQELQDPDNPTECILRRIINADGRSKAFINSTPVSASQLKEIAQYLVHINGQHASQLLLKNDYQLQLVDNFAAHPELLVKMREDYQTWKNLQNQVKTFQQKVAENEARKQLLQYQVDELDEFNLRPNEYLELEDEQRRLSSSEQLTQLSQSALQILSENDTVNIDSLLYRATQYIDELAELDPQYAEVQNMLNDALIQVQEATSEVQNLSSNIEQDPQLLQEIEQRISQALQLARKHQVKPEDLVEQHKKLKAELTALLDFSESEEMLIEQEKRAFEQMQATATALTASRQQSATRLAQNVTQSIKQLAMENAEFYVELNTDLDKVSANGADNVIFTLRSNLGQQPQPLAKIASGGELSRISLAIQVLTSDQSAIPTLIFDEVDVGISGKTASVVGKLLRQLSERCQVLCVTHLPQVACHGHHQFNVEKFTVDNKTETQMTALSQAERVPALARLLGGSEITELALANAQEMLDLVH,length1,1674
2,1652380,1652332,48,MKAIFETSTSHILGYK,length1,48
2,1652485,1652467,18,MVNSIA,length1,18
2,1652746,1652704,42,MGKHFFPHLNNILF,length1,42
2,1652815,1652791,24,MLKFSFKR,length1,24
2,1652917,1652887,30,MGKCRKRAAN,length1,30
2,1653223,1653181,42,MFRHAKSRRHLFPS,length1,42
2,1653292,1653268,24,MIAYFHYW,length1,24
2,1653448,1653442,6,MT,length1,6
2,1653730,1653685,45,MTQNITPTRPNHSVI,length1,45
2,1654003,1653973,30,MFFNGLIIFI,length1,30
2,1654294,1654207,87,MLLQIDFSPASNELKNLYDKFDFTNTTST,length1,87
2,1654885,1654855,30,MIKPIAGSDN,length1,30
2,1655032,1655020,12,MYIG,length1,12
2,1655197,1655191,6,MI,length1,6
2,1655692,1655635,57,MRSCKTWRSCGAIANCTKS,length1,57
2,1655860,1655812,48,MGSILASSVCNAAQPC,length1,48
2,1656190,1656139,51,MSAESTLITSTGSELRS,length1,51
2,1656274,1656253,21,MKNLNFV,length1,21
2,1656781,1656778,3,M,length1,3
2,1657165,1656961,204,MIWQHWCVRKVRLILLWFFIIFWRKAILPRSCTIRTNAIIRLGLTHCIFFVIFYRTLVCVPIKLFLIV,length1,204
2,1657273,1657198,75,MNEALLMKAYFMFGWMNIDIYIVRV,length1,75
2,1657396,1657345,51,MADHFISNHSAINIAIT,length1,51
2,1657450,1657447,3,M,length1,3
2,1657585,1657579,6,MR,length1,6
2,1657738,1657642,96,MSKFCFICAQKFSAGWRVEKKIGNFNCCADRM,length1,96
2,1657936,1657927,9,MSC,length1,9
2,1658215,1658206,9,MWI,length1,9
2,1658347,1658290,57,MIERNYIFLIISLCIFLFF,length1,57
2,1658413,1658389,24,MKIIFFNC,length1,24
2,1658617,1658569,48,MANATVFNIIFIYILF,length1,48
2,1658926,1658863,63,MLWCTTTQGCYFRKMVQNMFA,length1,63
2,1659004,1658950,54,MSELQIKYSLVKIFVIIV,length1,54
2,1659193,1659148,45,MNGNKIIRFKFTCDF,length1,45
2,1659265,1659250,15,MWIFI,length1,15
2,1659433,1659358,75,MTWVNRNRNRCCKNRKAKCREKKKK,length1,75
2,1659478,1659469,9,MRL,length1,9
2,1659982,1659943,39,MNEEKCGLILPHF,length1,39
2,1660120,1660096,24,MRFQTTAQ,length1,24
2,1660486,1660480,6,MQ,length1,6
2,1660567,1660564,3,M,length1,3
2,1660738,1660714,24,MFHGTHWC,length1,24
2,1660831,1660798,33,MTTWYSQSTAE,length1,33
2,1660879,1660870,9,MII,length1,9
2,1661569,1661563,6,MC,length1,6
2,1661917,1661890,27,MSTCFGNLF,length1,27
2,1662655,1662529,126,MMLLTSLTPNTYRIKRGLHDFLSCYFSLFLTAILGTQFLRAV,length1,126
2,1663441,1663267,174,MVFFKRNYGCWNGKKCGENCGCFIIACRKIATSKKTNRRVVLTRFIDCLSFWRTGLVR,length1,174
2,1663906,1663864,42,MEKSPFFSKSAVDF,length1,42
2,1664383,1664338,45,MFFRHYSYVFYDFVV,length1,45
2,1665202,1665178,24,MRAIFTIR,length1,24
2,1665277,1665235,42,MIFQPYKLLNVCGQ,length1,42
2,1665352,1665331,21,MHWLIQA,length1,21
2,1665412,1665382,30,MVLARQTIHF,length1,30
2,1665622,1665610,12,MILR,length1,12
2,1666135,1666132,3,M,length1,3
2,1666264,1666261,3,M,length1,3
2,1666438,1666432,6,MA,length1,6
2,1666603,1666540,63,MPRRISILAKKLLLQQKRLML,length1,63
2,1666690,1666654,36,MVRAYLVGNASV,length1,36
2,1666756,1666738,18,MKLHLH,length1,18
2,1666801,1666795,6,MN,length1,6
2,1666873,1666855,18,MRMKFL,length1,18
2,1666999,1666930,69,MVLINSYTVCSLVANLLIIENAS,length1,69
2,1667254,1667215,39,MAKRPWWCGLWKN,length1,39
2,1667374,1667362,12,MSQY,length1,12
2,1667404,1667392,12,MRQS,length1,12
2,1667524,1667479,45,MVYSIINYSVIWKLS,length1,45
2,1667599,1667551,48,MVLYCLQAHCVNYQVD,length1,48
2,1667689,1667626,63,MVEKISIQMQLCILYPISQLI,length1,63
2,1667713,1667698,15,MKNAN,length1,15
2,1667902,1667896,6,MP,length1,6
2,1667947,1667938,9,MSL,length1,9
2,1668010,1667950,60,MQRLLRLKNNVKIYRTFGTK,length1,60
2,1668067,1668037,30,MAERIYLQLF,length1,30
2,1668877,1668115,762,MSFTVIIPARFASSRLPGKPLADIAGKPMIQHVFEKALQSGANRVIIATDNENVADVAKNFGAEVCMTSVNHNSGTERLAEVVEKLAIPDNEIIVNIQGDEPLIPPVIVRQVADNLAKFNVNMASLAVKIHDAEELFNPNAVKVLTDKDGYVLYFSRSVIPYDRDQFMNLQDVQKVQLADAYLRHIGIYAYRAGFIKQYVQWAPTQLENLEKLEQLRVLYNGERIHVELAKEVPAVGVDTAEDLEKVRAILAAN,length1,762
2,1669333,1669330,3,M,length1,3
2,1670335,1670329,6,MG,length1,6
2,1671598,1671547,51,MFFMTALFLLLIEIHFF,length1,51
2,1671724,1671697,27,MPMIWAHWD,length1,27
2,1671832,1671811,21,MSCFMEG,length1,21
2,1671970,1671865,105,MCEVNTICKLFCHFYEIIIGAYAIRTRTHCKTICW,length1,105
2,1672111,1672060,51,MNRHFDSYFLGNRYDLI,length1,51
2,1672147,1672126,21,MRTEFFG,length1,21
2,1672402,1672342,60,MKFKCCESDMIKAQCFRTIW,length1,60
2,1672579,1672555,24,MNWYTFHY,length1,24
2,1672711,1672660,51,MVKCSDYTSCACLTNIR,length1,51
2,1672855,1672834,21,MWIFYIR,length1,21
2,1672969,1672954,15,MIFYP,length1,15
2,1672990,1672972,18,MMIIIL,length1,18
2,1673005,1673002,3,M,length1,3
2,1673146,1673101,45,MKIFVCTIVILILSK,length1,45
2,1673305,1673290,15,MFHMY,length1,15
2,1673749,1673674,75,MAYKESKNEGANQSNMLRKTKQCSC,length1,75
2,1674004,1673983,21,MLSLFNW,length1,21
2,1674532,1674487,45,MAKNRNSITNKFNYL,length1,45
2,1675735,1674751,984,MKSIKSLGKLLLASSILFSSSAFGKTIIKLGHYNSDIHPSHIALQEYFKKTIENETNHRYEIRLYPNNQLGGEDQIVNGLRNGTIEAGITGLLLQNVDPIFGVWEWPYLFKDNQEAKKVLESPIANKIGQKMEKYGIKLLAYGMNGFRVISSNKKLEKFDDFKGLRLRVPLNSLFVDWAKAMNINPQSMPLSEVFTALEQKVIDGQENPYMLIKDSGLYEVQKYIIQSNHIFSPGLLQISLKTWNKIPKEDQIIFEKAAKLYQEKEWELAIKTELEVKDYLAKHGNEIIVPSEAFKNDMVNASKVLYDSFYKKYDWAKDVVQKINEAK,length1,984
2,1675804,1675753,51,MFNFINCSWGIKKELVL,length1,51
2,1676125,1676110,15,MVHYN,length1,15
2,1676557,1676491,66,MVEFLSESLILQQVWLVILKVV,length1,66
2,1676584,1676563,21,MLRSFLG,length1,21
2,1676695,1676671,24,MMVLVPQD,length1,24
2,1676878,1676866,12,MIQV,length1,12
2,1677028,1677019,9,MLA,length1,9
2,1677415,1677412,3,M,length1,3
2,1678516,1677574,942,MKKIAFIGECMIELNGKPFAEMWQSYGGDTLNSATYLSRVSSSKEIQVHYVSALGIDNLSKQMLKYWQADGIQTNWVLQDEQHQPGLYLIQLDAQGERTFLYWRNQSAAHYMVQHPDFAKVIAELQQVDVIYLSGISLAILPKNDRTFLIEQLSSLAKKGAEIVFDSNYRPALWDSLEEAQDCYLQLLPSVNIALVTFDDEQALWKDKTSRDTLERLHKIGIPKVIVKCGKNGAIFSDRYLSQYGQVMTEPILNVVDTTSAGDSFNAGFLNGYLRNKPLETCCQQGNRIAGIIIQYKGAIIDKVATSHLQSEFN,length1,942
2,1678738,1678732,6,MC,length1,6
2,1678870,1678810,60,MVLVGIIQKRQQIMSSINLI,length1,60
2,1678900,1678873,27,MKRQEHSLI,length1,27
2,1679158,1679026,132,MPLHHLQRYLLTLVQKLQSVILLNGLLYISQKLVFVVMLSHQDF,length1,132
2,1679329,1679299,30,MKIILLLSMA,length1,30
2,1679386,1679344,42,MAVFLRIVEYRRAK,length1,42
2,1679491,1679401,90,MKISFFQRIQQKFSIMIMPKINLFLIITVI,length1,90
2,1679533,1679527,6,MI,length1,6
2,1679830,1679752,78,MRKKFGINVMKCCNNLNFLREALCRK,length1,78
2,1679995,1679857,138,MIPLILCNIIKQSRMMKVLILMLYQVGDLIKYSKLSCHNLMTTLYS,length1,138
2,1680013,1680010,3,M,length1,3
2,1680148,1680073,75,MLKVVNLLIMVWKLSVFQLFQMNQY,length1,75
2,1680388,1680364,24,MHIPSLVC,length1,24
2,1680439,1680391,48,MQWIRKINCLKLFYIA,length1,48
2,1680460,1680454,6,MK,length1,6
2,1680586,1680493,93,MVLQGKYSLVLDGGLTIKKTEWNVSYNSFLN,length1,93
2,1680682,1680652,30,MSISAVFCVK,length1,30
2,1680742,1680718,24,MTFHYWVK,length1,24
2,1680823,1680766,57,MQKIILNRENYVIHNSTNY,length1,57
2,1681144,1681105,39,MSRFKFSNNTRGE,length1,39
2,1681543,1681519,24,MILPQSTL,length1,24
2,1681687,1681564,123,MFLNFVPFFNTSDEPFNFKSLIKSTLSPSASKFPLLSFTIS,length1,123
2,1682167,1682161,6,MR,length1,6
2,1682254,1682218,36,MRMMRLLVQVCL,length1,36
2,1682326,1682311,15,MIKVR,length1,15
2,1682344,1682332,12,MLGD,length1,12
2,1682461,1682455,6,MD,length1,6
2,1682539,1682527,12,MAEE,length1,12
2,1682677,1682671,6,MI,length1,6
2,1682707,1682686,21,MMIIYSF,length1,21
2,1683472,1683460,12,MIEF,length1,12
2,1684582,1683520,1062,MEKQIFEHSVNVEEEHYQPKQEFHNMEAKLDEALDGELLDAQLEQALKPKSSFRKTLLKFTALLFGLATVAQSMQWIWDSYQQHQWIYLAFALVSLIIILLGIKEIIGEWRRLVRLKKREQWQQQSQQIWLESAVKNGDVFSVHNAEKSKILCLDIAESLGLENDSPAVIQWQHQLNEAYSAQEIAHLFSRHVLSSFDAQAKKLISKMAAESAVIVAISPLAVVDMFFIAWRNLRLMNKIAEIYGIELGYFSRIRLLRMVLVNIAFAGATEVAQDIGMDWLSQDVTAKLSTRIAQGIGVGLLTARLGVKAMELCRPLAFQLNEKPKLSHIQQELLSSVKDIVLGKNKIYKKEQI,length1,1062
2,1684735,1684705,30,MCLKYGWFIA,length1,30
2,1684843,1684774,69,MLKVRLNFHDFFLNIKYIKRIWH,length1,69
2,1685146,1685071,75,MGFMVKTQKKLTALICTLLNWNLII,length1,75
2,1685233,1685149,84,MILFRSLVYLLKVNFGLSLQYLSKFRFI,length1,84
2,1685848,1685833,15,MFFLT,length1,15
2,1686076,1686025,51,MCRCGHCIRYSSNGKTV,length1,51
2,1686859,1686856,3,M,length1,3
2,1686952,1686949,3,M,length1,3
2,1687063,1687042,21,MKKGSME,length1,21
2,1687486,1687465,21,MGRSSSF,length1,21
2,1687579,1687519,60,MVFSSFSRKSFSVKGVFFTL,length1,60
2,1688044,1688017,27,MTPFSSMTG,length1,27
2,1688338,1688302,36,MPSKMLLGLFAR,length1,36
2,1688509,1688479,30,MGFIKLSLVE,length1,30
2,1689088,1688899,189,MSVYFHFFNFVTFLNISRTNFLFDAFGGRFSDNRAKSAANIRNNRLVETVTTDTHGRRIYDTI,length1,189
2,1689433,1689325,108,MNLFDKVLQHFFCHKKVCNNAIFHRTNCYNTFGSTT,length1,108
2,1689745,1689709,36,MYQKKRCDYSVF,length1,36
2,1689805,1689802,3,M,length1,3
2,1690045,1690039,6,MS,length1,6
2,1690084,1690081,3,M,length1,3
2,1690315,1690306,9,MFN,length1,9
2,1690327,1690321,6,MT,length1,6
2,1690393,1690372,21,MIVDLCL,length1,21
2,1690768,1690672,96,MNDGIELLIKLIFFDFFARIKSNAFGIFFYSN,length1,96
2,1690933,1690894,39,MRNFHAKYHHWTC,length1,39
2,1691167,1691098,69,MCHPFINKLFVKPFNPVDDETLL,length1,69
2,1691266,1691245,21,MFIKFLQ,length1,21
2,1691323,1691296,27,MYKADTYAK,length1,27
2,1691878,1691794,84,MDRALEDPRGWAWHWWRAVWRHYCCPFH,length1,84
2,1692454,1692433,21,MFTFKTR,length1,21
2,1693273,1693129,144,MDGIRYFYHLYSINDYRYFGSSIWQTELPYNLWFTCRFNDGSSRFSIC,length1,144
2,1693411,1693381,30,MGSIVKIISI,length1,30
2,1693558,1693552,6,MG,length1,6
2,1693618,1693585,33,MYVENHRLRII,length1,33
2,1693939,1693873,66,MTCENHVNCCWNKNAFLGYNGF,length1,66
2,1694215,1694212,3,M,length1,3
2,1695709,1695691,18,METKTL,length1,18
2,1696132,1696108,24,MVYRICAL,length1,24
2,1696447,1696405,42,MVCWCYIVHQVPVK,length1,42
2,1696663,1696585,78,MLLARQVKVRSVGLIWDLFVFNPLKL,length1,78
2,1697251,1697206,45,MLKLLLGVFLLVQQH,length1,45
2,1697275,1697266,9,MYL,length1,9
2,1697383,1697338,45,MVVPLMLRLWQVLVY,length1,45
2,1698343,1697482,861,MKLKTGLNLTALLLFMISVAFPAQADTQKMYGIRGDNLSIATQMPAPRTYSVKGQTYTTKSGNEAKSYIKEGLASYYHLKFDGRKTASGDVYNSKQFTAAHKTLPINSYALVTNLHNNRKVIVRINDRGPFSDKRLIDLSHAAAKEIGLISRGIGQVRIEALHVAKNGNLSGAATKTLAKQAKTQEAADRLVLKSNTLFDNASKSINALKGTEFYCLKMLELTSHSQANKLITQLALANIQTEVNRSGNKYEIYIGPFDDKTKMAQVRTKLQKMANNKPLIVYTYKN,length1,861
2,1699540,1698361,1179,MLKRTTKIAFLSSFVALSAFSVSAEDMQFGVTPPQITAQTYVLMDYNSGAILTALNPDQRQYPASLTKMMTSYVVGVALKQGKIHNTDMVTIGESAWGRNFPDSSKMFLDLNTQVSVADLNRGVIVVSGNDATVALAEHISGNVPNFVETMNKYVQQFGLKNTNFTTPHGLDDPNQYSSARDMAIIGAHIIRDLPEEYKIYSEKDFTFNKIKQANRNGLLWDKTINVDGMKTGHTSQAGYNLVASATTSNNMRLISVVMGVPTYKGREVESKKLLQWGFANFETFKTLEAGKEISEQRVYYGDKNSVKLGALMDHFITIPKGKQSEVKARYELADKNLQAPLAKGQVIGKVVYQLDGKDIASANLQVMNDVGEAGIFGKLWDWLVLTVKGLFS,length1,1179
2,1699993,1699966,27,MLKRKTKFG,length1,27
2,1700164,1700131,33,MCLLTLNAIKT,length1,33
2,1700179,1700167,12,MCVN,length1,12
2,1700338,1700224,114,MALKAIQSLMRQVFMWMEKRFVLLDYVFVVVALFTGWH,length1,114
2,1700413,1700389,24,MQGLKCVS,length1,24
2,1700467,1700434,33,MKLIAIMFQQN,length1,33
2,1700695,1700683,12,MDEN,length1,12
2,1700806,1700800,6,MF,length1,6
2,1701043,1701019,24,MCKSCARA,length1,24
2,1701211,1701202,9,MVT,length1,9
2,1701739,1701685,54,MSLSCIVICSSLIIALYY,length1,54
2,1701862,1701757,105,MFSSFLESRCNLSEFLLNKKNFPSFRHFYIKMRLN,length1,105
2,1701931,1701865,66,MNKSSILLLAIMITNKSLSVAV,length1,66
2,1702000,1701964,36,MSLCVVAVLPCN,length1,36
2,1702129,1702072,57,MQRCSNLVVFISSLMPILM,length1,57
2,1702222,1702198,24,MVIELARL,length1,24
2,1702492,1702468,24,MKVILRLI,length1,24
2,1702621,1702612,9,MPK,length1,9
2,1702636,1702624,12,MHQK,length1,12
2,1702750,1702639,111,MLSRYLEKQQATTLFLLLQYESIWLKKIGLNSQSLCL,length1,111
2,1703113,1702828,285,MKITKVAVAGTLESSDVQVRVQPFDSLDIEINSSVAKQFGEQIEATVREVLAKLGITAAQVIVEDKGALDCVLQARVKAAAMRATDETINWEAVL,length1,285
2,1703164,1703152,12,MPPC,length1,12
2,1703254,1703215,39,MRLRSKKKILLVY,length1,39
2,1703302,1703263,39,MHFNIRFIKKLRP,length1,39
2,1703485,1703374,111,MWYVCQKLKARKMCWIWITPLLRLRKPAVEKQVRLKC,length1,111
2,1703725,1703710,15,MKKAS,length1,15
2,1704556,1704523,33,MRLSRLCACRC,length1,33
2,1704775,1704742,33,MCRSNFCQWLF,length1,33
2,1705735,1705636,99,MERVKKIYFYTKERSNFAAFFYDILYRGFKNFT,length1,99
2,1706854,1706809,45,MGTSFTDFVIEFNGN,length1,45
2,1707172,1707160,12,MGFL,length1,12
2,1707385,1707235,150,MASPLSYWLQLQFLALSSVILKGRKNWLKSAICWMVINLAQHGLFLPHSL,length1,150
2,1707490,1707475,15,MLPCS,length1,15
2,1707697,1707691,6,MP,length1,6
2,1707994,1707970,24,MLPLLQSL,length1,24
2,1708135,1708078,57,MVVSSVCLACLKNLAFSNG,length1,57
2,1708180,1708174,6,MV,length1,6
2,1708252,1708249,3,M,length1,3
2,1708291,1708288,3,M,length1,3
2,1708357,1708345,12,MVVQ,length1,12
2,1708414,1708408,6,MI,length1,6
2,1708630,1708591,39,MLAFSLKSELYLI,length1,39
2,1710397,1710373,24,MLKYSTAL,length1,24
2,1710583,1710481,102,MNLFWKNDDSQKNLDGLKVGKGAEPLKQGDECGQ,length1,102
2,1710817,1710787,30,MAFGIPKYLV,length1,30
2,1710970,1710964,6,MH,length1,6
2,1711735,1711354,381,MIKGIQITQAANDNLLNSFWLLDSEKNEARCLCAKGEFAEDQVVAVSELGQIEYRELPVNVAPTVKVEGGQHLNVNVLRRETLEDAVNNPDKYPQLTIRVSGYAVRFNSLTPEQQRDVITRTFTESL,length1,381
2,1711906,1711879,27,MIFEKNYLL,length1,27
2,1712122,1712104,18,MAKLIN,length1,18
2,1712275,1712161,114,MKCLALLLLVKGHCWWLMLAKESKPKLWQTVIPQSKWI,length1,114
2,1712422,1712365,57,MRWKRFDAQLKRVSVSKMY,length1,57
2,1712485,1712467,18,MRHYKH,length1,18
2,1712614,1712602,12,MLIV,length1,12
2,1712809,1712791,18,MLGFFL,length1,18
2,1712854,1712818,36,MIMKRFAMHLVN,length1,36
2,1712968,1712866,102,MRHFSMNQKLRLHLALVSVVVSLDFYIWKSFKSV,length1,102
2,1712986,1712980,6,MI,length1,6
2,1713130,1713037,93,MGRLFMWIVLQNCLHLIILLKFASQSQNVIC,length1,93
2,1713259,1713232,27,MKFQWAKLF,length1,27
2,1713307,1713298,9,MLR,length1,9
2,1713388,1713382,6,ML,length1,6
2,1713577,1713565,12,MVVT,length1,12
2,1713910,1713838,72,MVLSSFCGAAKTSSSSGTCRTTFW,length1,72
2,1714621,1714564,57,MACARGAVFCDGGSSRSQR,length1,57
2,1714732,1714711,21,MANRFPF,length1,21
2,1714822,1714807,15,MILRS,length1,15
2,1714873,1714864,9,MNA,length1,9
2,1714957,1714945,12,MKEN,length1,12
2,1715335,1715218,117,MRKRVYKNIYKANICHCQLMKWSIFKGKPIAKFSLLNAK,length1,117
2,1716544,1716508,36,MHWRQYVILHID,length1,36
2,1716628,1716613,15,MVDLK,length1,15
2,1717102,1717060,42,MFFLLNARHNGFHQ,length1,42
2,1717459,1717285,174,MGILRLMFEENYQKYRQQIIPIYHQKMKDGVLKLGFLEKSRFESCGLLVKITHHFSKD,length1,174
2,1717747,1717711,36,MFELRSNPAYGM,length1,36
2,1718356,1717918,438,MSIISQIEACDFERLYEIEQQAHLVPWSFGTLKNNQGERYLNLKLIENNQIIGFAICQTVLDEATLFNIAILPTYQGCGFGKLLLDKLIFQLKEKGVQTLWLEVRESNSARFLYEKIGFNEVDIRKNYYPNPSGGRENAVVMACYL,length1,438
2,1719154,1719133,21,MSAANNK,length1,21
2,1719739,1719679,60,MMPVTNNVTIAKFNVQKSIF,length1,60
2,1719907,1719871,36,MKAKNIKIPVNG,length1,36
2,1720024,1719910,114,MARAICGVPKISVSQAKSGKKNATPVNIVIKKQITNIQ,length1,114
2,1720174,1720132,42,MMIFYIFFYIWSNG,length1,42
2,1720396,1720318,78,MQHIHYVCTAYTWRIVKSCVFITTRF,length1,78
2,1720957,1720930,27,MISRLWCWC,length1,27
2,1721083,1721026,57,MPPQLFQYLPRMFCILVFA,length1,57
2,1721116,1721101,15,MVLRY,length1,15
2,1721218,1721149,69,MPSYSSELEDLYGVRHVHQFRDL,length1,69
2,1721446,1721362,84,MQIVQSSCGNARLNDKLLLQMDSLYLNQ,length1,84
2,1721797,1721740,57,MMHGYKVRDGLQAMQSPNQ,length1,57
2,1721836,1721815,21,MDLNYHD,length1,21
2,1721929,1721890,39,MLLYHHHVNVQIH,length1,39
2,1722346,1722322,24,MIQFVMDP,length1,24
2,1722763,1722757,6,MR,length1,6
2,1722952,1722862,90,MHIDASSFYLALRFYQFLHRFVRRVFVLHL,length1,90
2,1723045,1723030,15,MSYHV,length1,15
2,1723183,1723162,21,MMRWYSV,length1,21
2,1723303,1723291,12,MLYG,length1,12
2,1723597,1723465,132,MMEQDLLPLVRVKYSLGYILAPYRAFESTFVLITQLHCSLLMQS,length1,132
2,1724083,1723900,183,MNCKVCLCYITTYRNLQRNMYRCYGIQTRVIIYIRVAQLIRLLEQSPTLQLTFPPYLLHRS,length1,183
2,1724860,1724857,3,M,length1,3
2,1725277,1725262,15,MLKIE,length1,15
2,1725451,1725397,54,MYSISAKVRLEIEKNLGE,length1,54
2,1725682,1725673,9,MPR,length1,9
2,1726306,1726294,12,MGDL,length1,12
2,1726327,1726309,18,MQRDQN,length1,18
2,1726846,1726762,84,MLLVNDTLLQFACDNVPKSLFYAILMLV,length1,84
2,1726888,1726870,18,MLERVA,length1,18
2,1727920,1727857,63,MPVQKYERMVKKKVKYPDLSH,length1,63
2,1728259,1728196,63,MLDRIALDRRRREFLHRRDLG,length1,63
2,1728427,1728409,18,MLEKVD,length1,18
2,1729225,1729159,66,MMFCDAPRPPRQSLADGPSTVF,length1,66
2,1729792,1729651,141,MYSTSIKSLIPTTSMSSRCCAARNTIRPIRPKPLIPILIAIRFSPFI,length1,141
2,1730647,1730023,624,MSQGNLYILSAPSGAGKSSLISALLASDSSTQKMVSVSHTTRAPRPGEVEGVHYYFVSKEEFESLIEQDLFLEYAKVFGGNYYGTSLPAIEENLAKGIDVFLDIDWQGAQQIRKKVPSVKSIFILPPSLPELERRLIGRGQDSEEVIAERMSKAISEISHYDEYDYVIVNDDFEKTLKDLQSILQSERLTKDYQQKQNAMLIQQLLAK,length1,624
2,1730740,1730734,6,MQ,length1,6
2,1730854,1730839,15,MTNQQ,length1,15
2,1730965,1730905,60,MHKNSKKWRKCKKRKKQLLH,length1,60
2,1731205,1731145,60,MRTKDNFAPAANLTLPILWR,length1,60
2,1731304,1731268,36,MLLKIHLIRKTN,length1,36
2,1731595,1731589,6,MN,length1,6
2,1731643,1731634,9,MRC,length1,9
2,1731685,1731658,27,MWHGVIDKI,length1,27
2,1731844,1731832,12,MRSV,length1,12
2,1731979,1731856,123,MLMIVIAFWGKCIIFISHVQAELRIISPYLKQMAINLCKLQ,length1,123
2,1732159,1732081,78,MVKTIVQPHKSAYNAGCKVWSKFNKV,length1,78
2,1732189,1732186,3,M,length1,3
2,1732273,1732219,54,MFLRQKVELLNYQWAQQQ,length1,54
2,1732324,1732285,39,MLCIQMWGILVLA,length1,39
2,1732426,1732402,24,MRILKSHG,length1,24
2,1732501,1732495,6,MR,length1,6
2,1732528,1732525,3,M,length1,3
2,1732594,1732588,6,ML,length1,6
2,1732636,1732612,24,MNYYEKLV,length1,24
2,1732918,1732870,48,MLVVNRWLNGITFKVR,length1,48
2,1732978,1732954,24,MSRMPCLV,length1,24
2,1733170,1733137,33,MSNAILMSYEP,length1,33
2,1736080,1735273,807,MDKKEKRPTVLFFDSGVGGFSVYREAKKLLPNWHYLYCFDNAGFPYSEREEESIIHRTLAACQLINQRYPLDAIVIACNTASTVVLPPLRAAFDIPIIGTVPAIKPASEITKTKHIGLLATKGTVKRHYIDELIDKFAQDCIVERLGTTKLVEIAEQKIRGHSVDLISLKDELSSWAGMADLDTLVLGCTHFPLIKDEIQLCLPQVKYFMDPSAAIAKRIKYLLDDKNLQVQNEKYNQMFCTAHFPEESQFKKALHLWGFESLEVIKID,length1,807
2,1736248,1736215,33,MIFIEFVKIVL,length1,33
2,1737559,1737496,63,MYFQQTVELFKNFCKKYLQGI,length1,63
2,1737955,1737925,30,MLGNLAYGGG,length1,30
2,1738012,1737997,15,MKVRD,length1,15
2,1738054,1738033,21,MSPSGIR,length1,21
2,1738192,1738069,123,MPTKPAISSWSERMTSHTGTETRSRLLREAAVGNIAQWGEP,length1,123
2,1738234,1738213,21,MKKAFGL,length1,21
2,1738594,1738501,93,MRRDVEEYRRRRQPLGNVLTLMCESVGSKQD,length1,93
2,1738894,1738819,75,MSLCLRELRDRCCMAVVSSCCEMLG,length1,75
2,1739731,1739719,12,MKLF,length1,12
2,1739854,1739803,51,MITEKFYQLFFKKLETS,length1,51
2,1740157,1740148,9,MSR,length1,9
2,1740241,1740202,39,MKNLLSTSEFIAC,length1,39
2,1740427,1740364,63,MCWEAQSKRVIIPYLKTILWY,length1,63
2,1740655,1740637,18,MKSNRT,length1,18
2,1740715,1740661,54,MVRGAKRVKPPKRSSGIK,length1,54
2,1740883,1740862,21,MGRLKVG,length1,21
2,1741234,1741225,9,MLA,length1,9
2,1741300,1741297,3,M,length1,3
2,1741468,1741444,24,MISDTPVG,length1,24
2,1741543,1741534,9,MLT,length1,9
2,1741756,1741699,57,MWGRSRLGYRTVGYVRLSW,length1,57
2,1741930,1741801,129,MMTRLYGAEVTDTTLPGKATKRKALLNRTENRHRWSGREYSGA,length1,129
2,1742137,1742110,27,MPARCWKVN,length1,27
2,1742257,1742251,6,MA,length1,6
2,1742332,1742314,18,MRCTRG,length1,18
2,1742413,1742389,24,MCRIGGSL,length1,24
2,1744000,1743994,6,MK,length1,6
2,1744042,1744018,24,MLNVILQG,length1,24
2,1744072,1744054,18,MQDSYV,length1,18
2,1744144,1744120,24,MNSVSIGG,length1,24
2,1744312,1744243,69,MMMSFLNRSFLMKWLGFAQKIIL,length1,69
2,1744363,1744351,12,MKLG,length1,12
2,1744630,1744543,87,MSWQEKSQKKVYIAIYMRRFAKKMNPFLI,length1,87
2,1744960,1744891,69,MRVLLNLLQQAHLLHLSLQSAYY,length1,69
2,1745011,1744996,15,MAYQC,length1,15
2,1745032,1745020,12,MAYI,length1,12
2,1745086,1745071,15,MNLFP,length1,15
2,1746553,1746484,69,MDETLALHPLQKVAPSLLTVVFV,length1,69
2,1747021,1746997,24,MLSRKIQG,length1,24
2,1747360,1747357,3,M,length1,3
2,1747810,1747756,54,MDNSLFLLCSIKNVGYFP,length1,54
2,1748179,1748137,42,MWQPMKASKTALQN,length1,42
2,1748245,1748203,42,MVLFTQSHLHQVIN,length1,42
2,1748350,1748263,87,MRQLVKAIVSLMILAHTALLQWHKRHVLT,length1,87
2,1748371,1748359,12,MPHY,length1,12
2,1748530,1748500,30,MQSLQAQSAP,length1,30
2,1748653,1748617,36,MWVTQRHFYALI,length1,36
2,1748722,1748689,33,MQVSASLQWAN,length1,33
2,1750810,1748833,1977,MFQDNPLLAQLKQQIHDSKEQVEGVVKSTDKAYGFLECDKKTYFIAPPSMKKVMHGDKIKATIEKQGDKEQAEPEALIEPMLTRFIAKVRFNKDKKLQVLVDHPSINQPIGAQQAKSVKEELQEGDWVVANLKTHPLRDDRFFYATINQFICRADDELAPWWVTLARHEQSRYPVQGAEHYEMLDQKTRENLTALHFVTIDSESTMDMDDALYIEPIAQNSTQTGWKLVVAIADPTAYIALDSQIEQEAKQRCFTNYLPGFNIPMLPRELSDELCSLIANETRPALVCYIETDLAGNITAKPHFVSAYVQSKAKLAYNKVSDYLEQADNAWQPETPETAQQIHWLHQFTKARIQWHKTHSLLFKEKPDYAFVLAENGKVQEIKAEYRRIANQIVEEAMIIANICAAQFLHEQAKTGIFNTHSGFDKKFLENAHHFLMANLANEQNQTELAERYSVENLATLNGYCQMRHDIEPIESDYLELRLRRYLTFAEFKSELAPHFGLGLEGYATWTSPIRKYSDMVNHRLIKAVLAKQPYEKTQNDVLARLQEARRQNRLVERDIADWLYCRYLAPKVAENVEFNAEVQDVMRGGLRVQLLENGASMFIPASTLHNNKEEMQVNSDEIALYIKGERTYKIGDIVKVKLTEVKEATRSIVGEILQ,length1,1977
2,1751713,1751074,639,MNIVPISESAVVCSLPPPASIQQQRQLWAFARQLQSEQDIVEVVLGMNNLTVFTDFFVDFKPLVQRLEQLWAELKVSDFQGRHIEIPVIYGGERGQDLSDVAKFHQTTPKRIIQMHSEPIYTVYMIGFQAGFPYLGGLPENLHTPRRATPRTVVPAGSVGIGGAQTGIYPFSSPGGWQLIGYTKQALFDKNQAQPTLLQAGDTVKFIVDGIEL,length1,639
2,1751731,1751728,3,M,length1,3
2,1751881,1751848,33,MQRMFLPLKCL,length1,33
2,1751947,1751941,6,MK,length1,6
2,1752010,1751956,54,MISPFLLIGVIKCEQVKY,length1,54
2,1752085,1752040,45,MVIYVFKVVLFCLKH,length1,45
2,1752355,1752172,183,MIIFCVAKLVLHRFRFEMLFVLCHLLNIRRLNENPNIIGGEMNGRCKVTVIVWVIVFKVRH,length1,183
2,1752490,1752451,39,MRKPQAVILKSLM,length1,39
2,1752529,1752496,33,MLILGLWHRYV,length1,33
2,1753363,1752592,771,MKYTLIKLGELLMKKIDLNADIAEGFPFDESLLQLLSSANIACGLHAGGAKEMQSAVKFAKENKVRIGAHPSFPDRENFGRTAMALSSQELIAHLRYQLGALKAICDGEGAVISYVKPHGALYNQAAKDEKIARVIAQTVYQFDPNLKLMGLAGSLMLRIAEEEKLQTISEVFADRHYMPDGSLVPRSQPNAMVESDKEAIQQVLQMVTKGQVNAIDGSLVPVKAESICLHGDNQHSLQFAKRIVEELEKNHIKITA,length1,771
2,1753582,1753396,186,MEVLYGINYSQTKCGFRGSFLNGDIRHRPWIFNSNRNLYKYFISEFWLCYFIINFVRYWGST,length1,186
2,1754653,1754632,21,MMLNISH,length1,21
2,1754791,1754740,51,MPSLPRVSDTSKLRIVN,length1,51
2,1755070,1755031,39,MPLIRYCSMVSSL,length1,39
2,1755709,1755631,78,MFTSSSFIAATSIVPVTARPRGVVLK,length1,78
2,1755748,1755715,33,MPPVEIWNAPH,length1,33
2,1755769,1755760,9,MPS,length1,9
2,1755847,1755823,24,MAFLGIAL,length1,24
2,1756351,1756300,51,MMGDLFLLGKYPQTKNG,length1,51
2,1756591,1756585,6,MA,length1,6
2,1757140,1757050,90,MKVKTGAYCTALLNQIKQTFAIFLKEIKIL,length1,90
2,1757851,1757845,6,ML,length1,6
2,1758028,1757923,105,MTLLKPTFIPIFTVGIFKERAKASINITESLYFLS,length1,105
2,1758610,1758565,45,MLRRSSAFCGLRQGL,length1,45
2,1758787,1758772,15,MRFLS,length1,15
2,1758880,1758838,42,MVRSRDKNKFLTNC,length1,42
2,1758976,1758961,15,MPLCS,length1,15
2,1759183,1759138,45,MRDNLLWLKRKRKTR,length1,45
2,1759309,1759231,78,MLSSSNLKSPGAATMVVWRYSLSNKI,length1,78
2,1759366,1759312,54,MTSSKARLSAIFTLSKRL,length1,54
2,1759759,1759678,81,MARLLARTITSSAFKNNVYSAPIKIFS,length1,81
2,1759888,1759852,36,MCSIEHLTDTLP,length1,36
2,1761640,1761625,15,MGLWL,length1,15
2,1761757,1761673,84,MRIGRKTRYYDCHQFIRSKISHWKSTAL,length1,84
2,1762210,1762174,36,MFFPSIAPNFAD,length1,36
2,1762324,1762309,15,MLMFA,length1,15
2,1762504,1762462,42,MRNSCSSGKISAFV,length1,42
2,1763050,1763044,6,ME,length1,6
2,1763239,1763224,15,MDSLS,length1,15
2,1765027,1763962,1065,MLSIFVTFLGAFLTLIVMRPLANWIGLVDKPNYRKRHQGTIPLIGGVSLFVGNLCYYLMEWDQLRLPYLYLFSIFVLLAIGILDDRFDISPFLRAGIQAILAILMIDLGNIYLDHLGQILGPFQLTLGSIGLIITVFATIAIINAFNMIDGIDGLLGGLSCVSFAAIGILMYRDGQMDMAHWSFALIVSILPYLMLNLGIPFGPKYKVFMGDAGSTLIGFTIIWILLLSTQGKGHPMNPVTALWIIAIPLIDMVAIIYRRVRKGKSPFRPDRLHVHHLMVRAGLTSRQAFLLITFVSAVCATIGILGEVYYVNEWAMFVGFFILFFLYVYSITHAWRITRWVRRMKRRAKRLKKA,length1,1065
2,1765249,1765240,9,MLL,length1,9
2,1765435,1765351,84,MSPNYTNIFRACKGNFIKRNFLLKFSSI,length1,84
2,1765531,1765504,27,MRILFFKAF,length1,27
2,1765609,1765585,24,MAIMKIIG,length1,24
2,1765816,1765780,36,MRFLAPIIHFIE,length1,36
2,1765840,1765831,9,MNR,length1,9
2,1766053,1765993,60,MQKFFSFYQKQGKKRPHFYG,length1,60
2,1766149,1766140,9,MVR,length1,9
2,1766980,1766968,12,MCVA,length1,12
2,1767139,1767133,6,MI,length1,6
2,1767502,1767247,255,MYSKDVEIIAPNGLHTRPAAQFVKEAKAFSSEITVTSGGKSASAKSLFKLQTLVLTQGTILTISADGEDEQQAVEHLVALIPTLE,length1,255
2,1768684,1768651,33,MACNSHCVRSS,length1,33
2,1769107,1769074,33,MDGNVWGISRG,length1,33
2,1769869,1769371,498,MGLFDKLFGSKENKSVEVEIYAPISGEIVNIEDVPDVVFSEKIVGDGIAVRPIGNKIVAPVDGVIGKIFETNHAFSMESKEGVELFVHFGIDTVELKGEGFTRIAQEGQSIKRGDTVIEFDLPLLESKAKSVLTPIVISNMDEISCIVKKSGEVVAGESVVLALKK,length1,498
2,1770592,1770241,351,MIYKLTGSLQNYVWGGHQYIPELLNIPADELPYLLKILDVAQPLSIQLHPTKTQAEIGFAEENAKGIDLKASTRTYKDNNHKPEMMIALSDFWLLHGFKNKSDIIEACKKIAGTRFT,length1,351
2,1770679,1770640,39,MVFPNSVRESSSL,length1,39
2,1771177,1771069,108,MWRNTSFKSTKCEYFISNERAVKFTLRNDRTFFETR,length1,108
2,1772008,1771999,9,MAI,length1,9
2,1773820,1772467,1353,MKNRSLTLRLISVLCLTALFVWLGSTLVAWWQVRHDVNKVFDAQQVLFAERLANSDLSTILLESSTTLNKNSQSVLKKSYDDDALAFAIFSKTGKLLFSDGRNGKDFIFNYKTGFYNANIYDDDDKWRIFWRMAANGELVIAVGQELDYREDLIEEMILGQMWIWFASLPILIIVLGWLIHKELRPIKRLSQEVQTRKSGDVSLLNTEGLPVEILPLVKNLNQFFDRTSAMLQRERRFTSDAAHELRSPLAALRIQTEVAQLAGDDVALREQALLHLTQGIDRASQLIEQLLTLSRLDNLQALETLQLLDWEAIVQSLISERYFVAEKRKITLVFEKESEPKQKQGQSILVSLMLRNLLDNAIKYCPEDTIVSVKISSSQIIIEDNGGGVEPEDLKKLGQRFYRPAGQNEKGSGLGLSIVMRIAELHGFKVRLENVVKEGRRIGLKAIISL,length1,1353
2,1773928,1773913,15,MTVFC,length1,15
2,1774012,1773997,15,MCCPL,length1,15
2,1776124,1774117,2007,MTKRTSFNPLVIGVTLFFILLLMAMIFIAPEQTQALLNQAKSGIFANFSWFYVLTFSVFLGFLLILSVSSLGNIKLGQDEEEPEFSFLSWLAMLFAAGMGVGLMFFGVAEPLTHYLSDITVGSAEHKQQEALLHTLFHWGIHAWAVYGTIALALAYFGFRYKLPLALRSCFYPLLKDRINGKIGDAIDVMALLATLFGIITTLGFGSSQLGAGLEQIGWISQNSFALQVGVIVVVMCLAVFSAISGIGKGVKILSEINLTLAFCLLLFVLISGPTLYLLSAFSDNIGNYFSNLVQLSFKTYAYEQEHTSWFSGWTVLYWAWWCSWAPFVGLFIARISKGRTIREFIFGVLVIPSLFGILWFTVFGNTAVWLNDGIAAGGLGEFISSPEILLFKFLNYLPLPTITGFVSLLVISLFFITSADSGIYVLNNIASRDKSLASPAWQAIMWGTLMSVVAIVLMQSGGLANLQTMTLIVALPFALLMLVMCFSLWKGLIADKKYFSTKVNPTSIFWSGDKWKSHLEQMMNQTQEKDILRFLKNTALPAMRELRQELTGKYNLSVEINTLFEQEEPALELVIHKESMRDFMYGIKSVGREVSEQLINDENLPHIQHSVTYEPYTYFFDGRVGYDVQYMDQDELIADMLKQYERYLSLLDDVGQELMAHEQTELAE,length1,2007
2,1776379,1776256,123,MSKCAQRYFFVKLDKNAPAVIAPPQRPPMLARSAKGDLSCS,length1,123
2,1776916,1776739,177,MAFIVPKTEAAPHISYFISSISAAGLSEIPPASKVNPLPTSTMGLAFLSGALLNVKTDI,length1,177
2,1777129,1777087,42,MSRAAFMPELMALA,length1,42
2,1777204,1777171,33,MKDSKTEVSAF,length1,33
2,1777273,1777252,21,MAKRIFQ,length1,21
2,1777378,1777315,63,MTSRVLVSFSVFNTAWMICLY,length1,63
2,1777516,1777462,54,MVWANLPVSSPDFTKSFK,length1,54
2,1777603,1777576,27,MPKTMQSVA,length1,27
2,1777987,1777942,45,MFIYCDFTDFWSPLR,length1,45
2,1778155,1778098,57,MAFALGNSKTSEYGGRCKG,length1,57
2,1779919,1778845,1074,MINTLDRYIGKSILGTIFATLMTLVGLSAIIKFVEQFRSVGKGTYDIWQAVIFTGLTIPKDIETFFPMAALLGALIALGNLASRSELVIMQSAGFSRFKIGIAVMKTALPLVVFTMIIGEWGIPQTEQFARDMRAKALSGGSILSIKNGVWAKDGHHFVFVRRVTDDTKLDDIYIYTFDQQHNLIKLKHANQASYSEDEAKWTLRQVNHSTIMKDEIITTNHLSETWETSLTPDKLGAVSLRPTSLSISGLYHYISFLRETGQDVSRFELTFWRKIFQPVSVGVMMLLALSFIFGSLRSVTAGARIVTGICVGFLFYVVNEILGQTSVVYGIPAIFGALIPSLLFIVMIWWLLSRKRD,length1,1074
2,1779997,1779976,21,MLDYEFI,length1,21
2,1780456,1780450,6,MV,length1,6
2,1780612,1780603,9,MVR,length1,9
2,1780723,1780711,12,MDSN,length1,12
2,1780765,1780759,6,MG,length1,6
2,1781089,1781050,39,MDCTKLFIIAYPI,length1,39
2,1781812,1781797,15,MVIRA,length1,15
2,1781839,1781836,3,M,length1,3
2,1782019,1781974,45,MGRRSIPFKLNGRAR,length1,45
2,1782397,1782277,120,MGKPRLRFKNAWLDRNHRPIKSDGGCNQKITCGISVSHNT,length1,120
2,1782499,1782469,30,MLKYNKKALN,length1,30
2,1782691,1782553,138,MSKYNFLFKQQVIEFYKQIILHNGLSNNQSTLLIKPYCYLTHLSQE,length1,138
2,1783108,1783018,90,MPHNVNVLVVVHQKPFLHTALWFGKIHRLI,length1,90
2,1783369,1783366,3,M,length1,3
2,1783426,1783387,39,MISHSLSMLILLK,length1,39
2,1784689,1783486,1203,MKVFKDSAIYLVGELSSKLVPFLLLPYLSRKLGVEGYGSLSYYQTFLSLFLIVVSLTQEGAISRYFYFYGKRSLNLVVNTGYAYTTIIGSIILMGCWIAQSEILFYAALSSIFQSFLNVQLSVRQCQKKAWSYAFIQFSLTVTGAVFTVALLEYYQNDLVEKRILAILLSNLVVWFFSYFLYRKSTTSKKYQFKHYQSALFYILGFGLPLILHYASFFLKGQLDRIFIYHKFSETDLGLYAMGAQLALIVSIAIQALNKAIIPYFYEALKQKKLVIQQLHKWALFSFLLIPIPALIMWIIPEDVLVWILGSQFVGTKYYFILFLISTTLSIPYLILVNYLFYYGKNKLISQCSVLSTIIYVASLVVLTFTEIKYIPYAGIIGSLSIIPILYFMTSKVSKTL,length1,1203
2,1784827,1784815,12,MRVN,length1,12
2,1785064,1784995,69,MFHLKSFIPLMMVQIIFSHILIY,length1,69
2,1785241,1785232,9,MVI,length1,9
2,1785280,1785244,36,MARSHFLLGNHC,length1,36
2,1785385,1785379,6,MG,length1,6
2,1785451,1785391,60,MLNQNSFLKITYLNIYQIKK,length1,60
2,1785508,1785505,3,M,length1,3
2,1786663,1785604,1059,MKKIGFFIMNIESAGGTERVSINVANALAKQGYDVSFISIGGNKPFFQVDEKINIYAMNKLPYSLKKDYFSITKKLRELVKELQLDTLIVVDGAIMLFSALALVNLNIKHILWEHYSFNFTGNRLVRTLGKYLAVTTCDKIVTLTEAEKTLWQEKFKTNNIITIANPNTLLPKNKLAKWENKTILSVGHLFSYKGFDYLLKVWQVLAKKYPDWNLKIVGSGEEEENLKNLAKALHIEDSVNFTPRTNDVSFYYESSSIYCLPSQTEGLPLVVIEAMAFGLPIVAFNCSPGVKQLVEHKENGFLCEKNNIEEMVKGLDLLINNPELYQQMSDKSRLMSEDYGIEKIIEEWKGIL,length1,1059
2,1786807,1786801,6,MN,length1,6
2,1786885,1786855,30,MSLRARSVVL,length1,30
2,1786951,1786945,6,MH,length1,6
2,1786999,1786966,33,MLYSTQIFSKI,length1,33
2,1787083,1787071,12,MILI,length1,12
2,1787137,1787134,3,M,length1,3
2,1787290,1787257,33,MIFYSLNRILI,length1,33
2,1787809,1787806,3,M,length1,3
2,1788475,1788445,30,MKLSWYLMEL,length1,30
2,1788661,1788598,63,MTGFSVWIPMIFACLIVLKSK,length1,63
2,1788730,1788727,3,M,length1,3
2,1788817,1788733,84,MILWHIVMCQLLLKKLLNSRKNVVRLII,length1,84
2,1788943,1788862,81,MKIFKKIIICGSNLSHKVYIWRICQIF,length1,81
2,1788958,1788949,9,MLE,length1,9
2,1788973,1788964,9,MAW,length1,9
2,1789750,1789723,27,MKSVFLRTF,length1,27
2,1789954,1789873,81,MIPRTFIAHFCIFRCLINRTALLNFFE,length1,81
2,1790128,1790104,24,MIVIYFNI,length1,24
2,1790326,1790272,54,MLYNKLQKITQNKIRKMK,length1,54
2,1790485,1790479,6,MI,length1,6
2,1790557,1790551,6,MH,length1,6
2,1790695,1790680,15,MCVAH,length1,15
2,1790830,1790746,84,MQKLANKLKRLQCSLQIAINQLFIPFLL,length1,84
2,1790866,1790839,27,MIMRILAIS,length1,27
2,1790905,1790884,21,MLRRKCL,length1,21
2,1790941,1790911,30,MVSLQNKIES,length1,30
2,1791736,1791691,45,MFICYHSFIDFFVTV,length1,45
2,1791796,1791739,57,MVEQANAEKIRTRKCCKLM,length1,57
2,1791949,1791931,18,MKDSSV,length1,18
2,1791964,1791952,12,MTAL,length1,12
2,1792057,1792018,39,MYSKMRVYFLTTL,length1,39
2,1792081,1792075,6,MA,length1,6
2,1792144,1792087,57,MSRKMILTILSIFSVLLIY,length1,57
2,1792279,1792258,21,MFPANAS,length1,21
2,1792363,1792330,33,MLHIAWTNCCV,length1,33
2,1792417,1792408,9,MTA,length1,9
2,1792579,1792576,3,M,length1,3
2,1792723,1792615,108,MFLSYCKSQNKQAFVIFYVARLHKLRYKILEWILPY,length1,108
2,1792828,1792771,57,MNYVLLLGKMSMFKLKRCR,length1,57
2,1793209,1793203,6,ML,length1,6
2,1793371,1793338,33,MLVLRLVQSQR,length1,33
2,1793392,1793380,12,MGRS,length1,12
2,1793545,1793515,30,MRRRLALKRR,length1,30
2,1793593,1793590,3,M,length1,3
2,1793632,1793617,15,MLRCE,length1,15
2,1793848,1793839,9,MYR,length1,9
2,1793956,1793914,42,MHRVSPYNLIFSNI,length1,42
2,1794067,1793995,72,MHQWNLHVSGDLSRFQLKSLGYRL,length1,72
2,1794373,1794334,39,MQDPQRGLRAIQV,length1,39
2,1794934,1794817,117,MTAINNSKGELYCNSVVGWGFCSRNLVSISILFVLFIFL,length1,117
2,1795153,1795078,75,MARSKPKPINAPGGRMKSKKLLSVW,length1,75
2,1795396,1795201,195,MPSKIVPCPIISRNAPRMVRLSAIPNPIENPSQMEWSKLFFEANASARPIIIQLVTINGIKIPSD,length1,195
2,1795468,1795456,12,MIIT,length1,12
2,1795654,1795516,138,MTVFVQVSTSIVAKPKPSALVAVLDTAKSGQSPRSWTTAGLFFQIP,length1,138
2,1795687,1795675,12,MDFC,length1,12
2,1795948,1795918,30,MFINRLICET,length1,30
2,1796026,1796005,21,MFDYSYA,length1,21
2,1796488,1796464,24,MANATPSG,length1,24
2,1796512,1796506,6,MR,length1,6
2,1796722,1796563,159,MEAVTGSVAIKNAPNIIAPLTSWLIALKCVKPVKAVAVAKQKKVTSIATGICQ,length1,159
2,1796791,1796728,63,MRFKIRKIPPAKKATLICHQP,length1,63
2,1797076,1796911,165,MPSMLCVSCERVNPSVVKPENINEKVSEKVGGSCNKLIGGIQVVICNGNEIRRIT,length1,165
2,1797175,1797160,15,MMMTQ,length1,15
2,1797322,1797292,30,MIAVPMANAD,length1,30
2,1797478,1797385,93,MTQSIIRAVSFPEWVCGELTILNIILFLIIF,length1,93
2,1798408,1798294,114,MAWAYVGANSTFNTIFESVFFRFFVIFTARKPIKLLWH,length1,114
2,1798705,1798585,120,MLVKLIARIAQYLGNGCAKTHPIIAFFSDFISSKGDNTLN,length1,120
2,1799278,1799254,24,MNCGFIKT,length1,24
2,1799371,1799284,87,MRGNIRFNRFNCARSGRVNWQHTQAIAFC,length1,87
2,1799545,1799521,24,MNATFEIP,length1,24
2,1800466,1800448,18,MSKIYI,length1,18
2,1800658,1800649,9,MIN,length1,9
2,1800916,1800874,42,MEARTIENFAKGKW,length1,42
2,1801123,1801111,12,MFST,length1,12
2,1801393,1801306,87,MQWLVVQTNVRLLRFYQYLGKGDFVRQTV,length1,87
2,1802530,1802482,48,MVKKPLNLSEKLRHLL,length1,48
2,1802566,1802533,33,MIPKAIRLLCV,length1,33
2,1802620,1802569,51,MKLLVQDRINLFLNLIL,length1,51
2,1802653,1802641,12,MLKI,length1,12
2,1802770,1802743,27,MLFQRKWMC,length1,27
2,1802806,1802800,6,MC,length1,6
2,1803016,1802809,207,MILLNIMRLVQLHQFLHLLQQLLLIQWLLLQQVMQKRIKAKWLFRAKMLQSNSFNIGSNKRIKKLKHVS,length1,207
2,1805263,1803109,2154,MNIRLNAKVISTIPVFIAVNIAAVGIWFFDISSQSMPLILGIIAGGLVDLDNRLTGRLKNVFFTLIAFSISSFIVQLHIGKPIQYIVLMTVLTFIFTMIGAVGQRYSTIAFGSLVVALYTTLTYIPEVNVWFINPVMILCGTLLYSVVAIIVYLFFPNRPVQESVAKAFCALGEYLDTKSCFFDPDEVAEIEKKHLKFAMKNANVVTAFNIVRTALFYRIRGQHRHPSTQRMLRYYFAAQDIHERANSTHFDYQQITEKLKNTDLIFRIQRLLELQAQSCKEITASLRENKPYHFNECVERALLGTLHSFELYQTQHTNVQDELIDIQTLLDNLQSINWQLRQLAQETTDTEQLAQIHTEQITGLKNISAVIFSHFTFESPLFRHSVRLSIVVFLCCAIVEFFQFNLGYWILLTTVFVCQPNYSATKVRLRQRIIGTILGVVVGSLLPYLNPTLELKLGLVVLTSTLFFFFRSNNYSFSTFFITLQVLLSFDVMGFDTAAALMPRLLDTLLGAAISWFAVSYLWPDWKYLQLDKVSHQALRSDAVYLLHIISQLQFGKSDDLKYRIARRNAHQYAAALSTTLSNMNNEPVKYKAYLQKGFDLLKLNYSLLSYISALGAYRDRMKNLQQTAQFLSGFYPVAKKIIYTLEHIEEIPEAIFNQQQESIETHLKELEKQDMTAEERAVFSLPYQQLNLITQLLPQFYGYFKKEINCERAGAL,length1,2154
2,1805458,1805452,6,MM,length1,6
2,1805716,1805515,201,MYVSRVSAISHSGSPKRLNRPSSICSCTSSPVLHTPTKPNVTISIMPLVLPKGNGLSSISQSRNIAR,length1,201
2,1806073,1806067,6,MT,length1,6
2,1806190,1806172,18,MPMLGI,length1,18
2,1806334,1806298,36,MLSTPSWPKPTK,length1,36
2,1807054,1807024,30,MSNFSGRYAS,length1,30
2,1807699,1807657,42,MPKPADDTVCISSP,length1,42
2,1807912,1807885,27,MLLISCRVN,length1,27
2,1807987,1807984,3,M,length1,3
2,1808185,1808116,69,MPALMPDTANFFFVAPKRFNSEV,length1,69
2,1808371,1808362,9,MLV,length1,9
2,1809043,1808845,198,MILPSVMVCCGNITSNLFGSILSSTACNSSCAVFRFVKVCEPWYLDKDFATDSWASSLKVSSAPDN,length1,198
2,1809226,1809202,24,MGKARTEL,length1,24
2,1809406,1809394,12,MVWL,length1,12
2,1809790,1809757,33,MQHHLIWHLLH,length1,33
2,1810603,1810543,60,MFPLCYLVSHCGRQQRCLNL,length1,60
2,1811269,1811254,15,MRREE,length1,15
2,1811593,1811578,15,MRHRG,length1,15
2,1811662,1811638,24,MTRDLRRV,length1,24
2,1811815,1811740,75,MLYRLNQSVLQGRLFRHSPWNQWRV,length1,75
2,1812391,1812337,54,MPLYLLIWHFPEILKWFY,length1,54
2,1812424,1812397,27,MLLWCRHFF,length1,27
2,1812607,1812583,24,MSPQNHQF,length1,24
2,1812841,1812838,3,M,length1,3
2,1813456,1813453,3,M,length1,3
2,1813948,1813945,3,M,length1,3
2,1813969,1813954,15,MKDER,length1,15
2,1813990,1813975,15,MKDER,length1,15
2,1814011,1813996,15,MKDER,length1,15
2,1814032,1814017,15,MKDER,length1,15
2,1814053,1814038,15,MKDER,length1,15
2,1814074,1814059,15,MKDER,length1,15
2,1814095,1814080,15,MKDER,length1,15
2,1814116,1814101,15,MKDER,length1,15
2,1814137,1814122,15,MKDER,length1,15
2,1814188,1814143,45,MKDYTILYGGFILFF,length1,45
2,1814503,1814428,75,MIIPIIFLLNKKWDYVFVKKNKNLH,length1,75
2,1814602,1814593,9,MPN,length1,9
2,1814890,1814797,93,MCRIFLILWKLCLLKEIFILVVQVKRSGVIC,length1,93
2,1815136,1815115,21,MMKMEKS,length1,21
2,1815277,1815256,21,MKKLLKN,length1,21
2,1815346,1815340,6,MT,length1,6
2,1815616,1815613,3,M,length1,3
2,1815667,1815655,12,MFGL,length1,12
2,1816288,1816174,114,MCFFPHSLCENPTSRHYYGGACNERRYACRAESVRACY,length1,114
2,1817074,1817068,6,MR,length1,6
2,1817167,1817092,75,MNYNATVKFLISICREKWGFRQRLV,length1,75
2,1817254,1817242,12,MRHC,length1,12
2,1817329,1817293,36,MCLKNLMRRFKS,length1,36
2,1817380,1817332,48,MKFKNAIWYRAILIIY,length1,48
2,1817476,1817455,21,MIPVLML,length1,21
2,1820287,1817521,2766,MIKQITERFTPRQYLAEFLLGLTALFGLYLIVAWSSYTPLDNSWATASAYGNTINKVGTFGAWIIDLFFVFFGYVAHIIPFTAFLVPIYLLKTKAVKHLSCTRIILRSFGFIMLIIGLCVVSMLLLSSNTFYLSGGVLGGSLVVNWFYPVLGKFGSILIGFAFALIGFIFCSGASLIRLIVAFYYWLTMKNEQSENAEQEKSTEELEQIVIVKSDRSETENLDQNHLNVEQNSEIETVKLSLEAENISIDASSSHLISISGLNPEVSIKSEYELANEENEKPQFSFGFDSESLPSVNLSSDSDEQRVSKNDFVAVWNKPVKTVVQEDLAINQSADDFTQVSLLTKDEMPTVLLRPSHESLNTEMVDNHFATQVNEKVGLEKDGVKFNLSLQDDMEAVQLDKNQEPNYKGYSASLIHPAFQQQTTKREKPSTPLPSLDLLLKYPPNEQRITPDEIMETSQRIEQQLRNFNVKASVKDVLVGPVVTRYELELQPGVKASKVTSIDTDLARALMFRSIRVAEVIPGKPYIGIETPNLHRQMVPLRDVLDSNEFRDSKATLPIALGKDISGKPVIVDLAKMPHLLVAGSTGSGKSVGVNTMILSLLYRVQPEDVKFIMIDPKVVELSVYNDIPHLLTPVVTDMKKAANALRWCVDEMERRYQLLSALRVRNIEGFNEKIDEYEAMGMPVPNPIWRPSDTMDAMPPALKKLSYIVVIVDEFADLMMVAGKQIEELIARLAQKARAIGIHLILATQRPSVDVITGLIKANIPSRIAFTVASKIDSRTILDQGGAEALLGRGDMLYSGQGSSDLIRVHGAYMSDDEVINIADDWRARGKPDYIDGILESADDEESTEKGISSGGELDPLFDEVMDFVINTGTTSVSSIQRKFSVGFNRAARIMDQMEEQGIVSPMQNGKREILSHRPEY,length1,2766
2,1820401,1820374,27,MRQVNYKCV,length1,27
2,1820419,1820413,6,MY,length1,6
2,1820599,1820464,135,MFNKEVANFKLNAQIYSVWRLKPLKKPRLFLMVKPYGSTIHLCNK,length1,135
2,1820626,1820620,6,MR,length1,6
2,1820689,1820659,30,MIIAIGINIR,length1,30
2,1820929,1820767,162,MLMEYCEISVRQRKMGKPIFMFYVILRIKPCLIACSNSSQKKALKWMTNVKNNK,length1,162
2,1821058,1821016,42,MIFAHWRPRCVQQI,length1,42
2,1821217,1821208,9,MQK,length1,9
2,1821430,1821322,108,MKSIVLIKASKMHFYRTLKTEPLFLLGRQQKIPLLS,length1,108
2,1821469,1821436,33,MRCFLVPECMC,length1,33
2,1821613,1821592,21,MLMGMHD,length1,21
2,1821691,1821652,39,MKWKMERKLTALY,length1,39
2,1821754,1821748,6,MI,length1,6
2,1821826,1821814,12,MQEF,length1,12
2,1822006,1821850,156,MSRADYLPLLQKMWEMQILVLCKLHWLHGIALLEWGLMKGSVPLPKPLFILR,length1,156
2,1822117,1822021,96,MRFILHLTLRNSKRKICLIMMFPHIYAMRRLI,length1,96
2,1822210,1822153,57,MPTMNLTLMQLVKIISRLN,length1,57
2,1822372,1822354,18,MKVRLI,length1,18
2,1822927,1822873,54,MLEQLTYLAHIFLLPSSV,length1,54
2,1823122,1823059,63,MWSPFFQICSPPFLITYLFYI,length1,63
2,1823182,1823164,18,MVWIGI,length1,18
2,1823242,1823206,36,MLRKFFLYLEFV,length1,36
2,1823479,1823452,27,MQPYFLHHD,length1,27
2,1823512,1823506,6,MP,length1,6
2,1823644,1823626,18,MVPHCQ,length1,18
2,1823998,1823983,15,MHRRM,length1,15
2,1824115,1824043,72,MDCNPQQYFLFVILLKLFYLAHFF,length1,72
2,1824595,1824586,9,MLL,length1,9
2,1825519,1825339,180,MTVSPLAKSAVVAIVIAASGMWFISISILFNSACSAWIKSSPQVIFAPIFSNTSANKRSP,length1,180
2,1825585,1825537,48,MPVTFTFPLIAPAARK,length1,48
2,1825729,1825720,9,MSI,length1,9
2,1826146,1825990,156,MISLSVFPFKQSAAVNGRIAVPALPRKSERLSCILNVPPNPSTSQIVLSSDS,length1,156
2,1826623,1826608,15,MNDGY,length1,15
2,1826788,1826779,9,MEY,length1,9
2,1827352,1827265,87,MIYLCSTHFELGVVCDLDPSKFYARHFHQ,length1,87
2,1828312,1828267,45,MWFLWFMPMVKSIQI,length1,45
2,1828795,1828714,81,MQFSPLLWCFLWHIFLLILLQWCVTKN,length1,81
2,1828960,1828939,21,MAKCLVF,length1,21
2,1829155,1829074,81,MHVLGLWELNQCQVQSQFYSLLGQLIK,length1,81
2,1829368,1829329,39,MPHQNYCFLVYLQ,length1,39
2,1829527,1829482,45,MLPQLQQRLLLVTLW,length1,45
2,1830208,1830085,123,MCASDFGAWCNKCYHWYFNGLYRFCAYGYHFGSGYEQFNWQ,length1,123
2,1830226,1830223,3,M,length1,3
2,1830544,1830541,3,M,length1,3
2,1830970,1830943,27,MESKKMFGI,length1,27
2,1831381,1831324,57,MARFDLFWSPFANLYEFLA,length1,57
2,1832089,1831600,489,MRRILSVLLENESGALSRVVGLFSQRAFNIESLTVAPTDDPTLSRMTIEAVGDAQALEQIEKQLHKLVDVFKVVNLSEQEHIEREIVLAKVRAVGSSRDEIKRLADIFRGQIVDVTPKSYTIQLSGTNDKVDAFISALKEETTLLEIVRSGLISVSRGEKNIL,length1,489
2,1832224,1832209,15,MYLHN,length1,15
2,1832518,1832311,207,MGHFFYSVNKYKKSLSQERDFNYLNYIFSTVLIPSNVKPCFKVFSVNNANFKRLNFIDSSSAFKIGQCS,length1,207
2,1832554,1832533,21,MPASSYK,length1,21
2,1833049,1832926,123,MASSNRSANFIVPPVRVLNGLPSLPSIIPKFLCSKEKLSGT,length1,123
2,1833337,1833316,21,MLGNIGL,length1,21
2,1833667,1833658,9,MTL,length1,9
2,1834162,1834129,33,MFKLNNKNNRL,length1,33
2,1834765,1834198,567,MTNLQENLTALSADLAIFERKIQHLAKEMTIDLSHYEIDHLALRVNSEQSAKNWLILLLKCGRILSDNIVNGRKIYLIELEKPVKFANQFVDIIELPLPKNKKYPIEGWEHIEIVMPFLPKESINEWINRVNMYFLWDKLTQFTIKVSEPKVDGERLPNPSIAVSFTDKTVNHTCIKVHPYSIKKILEV,length1,567
2,1835275,1835176,99,MFIAHLKQKKLVQLLMVRLFLYALLKFKLIIKV,length1,99
2,1835497,1835449,48,MMVKRSLLFKRLTAVL,length1,48
2,1835563,1835542,21,MFLCYNQ,length1,21
2,1836568,1836499,69,MNPKLYLLLIIFILLSNLDIFSK,length1,69
2,1836679,1836640,39,MDEMLSSIYCSAL,length1,39
2,1837222,1837162,60,MVDDESNKLKFIYIYQLSCS,length1,60
2,1837384,1837378,6,ML,length1,6
2,1837576,1837564,12,MHPR,length1,12
2,1837585,1837579,6,MA,length1,6
2,1837684,1837639,45,MERYFLHHPKIYPLL,length1,45
2,1837807,1837720,87,MLMLLFVQRSLKAIYCDDPPMDCGFGLVR,length1,87
2,1838389,1838293,96,MLQNVLQPHFHLSPLSVTNHAHFAHLSWFLEL,length1,96
2,1838431,1838401,30,MLLRKASFLD,length1,30
2,1838926,1838887,39,MLKNNRQNDFFLV,length1,39
2,1839523,1839475,48,MTRLNSSLALSQTLCQ,length1,48
2,1840093,1839994,99,MLKPLLNEPRQSNRHFVLKLMQQTQRRDHKRLL,length1,99
2,1840609,1840573,36,MRVRALIANNPP,length1,36
2,1840828,1840810,18,MRSYAS,length1,18
2,1841614,1841608,6,MP,length1,6
2,1841785,1841770,15,MYDIR,length1,15
2,1841998,1841860,138,MIEVLLLHLLLYDFLHRDKLVLHRGIVHKGLGFLDYEIKQRLVSQS,length1,138
2,1842034,1842016,18,MEYGLC,length1,18
2,1842475,1842466,9,MLK,length1,9
2,1842742,1842727,15,MDHQQ,length1,15
2,1843153,1843144,9,MGP,length1,9
2,1844098,1844077,21,MAISKEK,length1,21
2,1844545,1844521,24,MGKCRFRK,length1,24
2,1845130,1845067,63,MRLWKIGVVFYPSINCWCAHI,length1,63
2,1845160,1845157,3,M,length1,3
2,1845289,1845280,9,MIT,length1,9
2,1845355,1845331,24,MRHFFIRI,length1,24
2,1845721,1845688,33,MQYPSNSNQLH,length1,33
2,1846264,1846222,42,MFFPHSDNIKTTLT,length1,42
2,1847017,1846717,300,MFWLMLMHGMLFPPVPILAVSVGVAPSFCMRTTSRRSEISNKTFSCPLLRPRQWAVDVEIIGSCVPCTTIVSEPPPSAPPLAFTSPPNTDWRYVPKLPSA,length1,300
2,1847464,1847389,75,MCIKVNVRFPRSSSNEFRKPATENA,length1,75
2,1847566,1847557,9,MLG,length1,9
2,1847920,1847875,45,MLINIARNYLSSVTA,length1,45
2,1848010,1847974,36,MSWQAVSDVTNH,length1,36
2,1848028,1848025,3,M,length1,3
2,1848793,1848775,18,MLYQQR,length1,18
2,1848832,1848805,27,MCRYKVRSF,length1,27
2,1848937,1848886,51,MIVLLSLIFAVLFLQVQ,length1,51
2,1849456,1849450,6,MD,length1,6
2,1850581,1850440,141,MLIRFAYLILITSTSPVLLKPFISYNFFVFFSHFCLSNLDNKKATIG,length1,141
2,1850740,1850650,90,MGRVFLCLWLAVVFHCLPCCLAFQRIVSLL,length1,90
2,1851202,1850941,261,MWQFARHFGIGGFLGHCLNDRLISRCWYYVPLAHLLYKLLIIFLSNFYSLFDFLDDFLITFNCDRRDTFFLGDLLNQVNVSVWIVIA,length1,261
2,1851826,1851799,27,MYCYLRLNL,length1,27
2,1852054,1851931,123,MIQIYIDNAFQSCPALLQSYQRKYQPFSLILLGKHLHLLSM,length1,123
2,1852390,1852342,48,MSQLVGLMDLLLIVLL,length1,48
2,1853413,1853368,45,MHCQQLDQSLHRPHR,length1,45
2,1853632,1853623,9,MMI,length1,9
2,1854478,1854394,84,MLSVPAWQYWGIDFLPYLSLFYVDLCLL,length1,84
2,1854853,1854844,9,MVY,length1,9
2,1855075,1855048,27,MAFYPNVSE,length1,27
2,1855336,1855243,93,MPDTALARLISRLSSSSVKSSSSSFSNWENK,length1,93
2,1855528,1855444,84,MLSKRFEALDDSVSLPHILNAYKNQSDK,length1,84
2,1855792,1855753,39,MCFEISTLGYSPA,length1,39
2,1856020,1855969,51,MKVTDLHKLFSYSCNQP,length1,51
2,1856245,1856128,117,MGVNICRPPFAVEVIRNRIAFHFILHKELPICIFKYLKV,length1,117
2,1856698,1856695,3,M,length1,3
2,1856860,1856839,21,MLMLVRG,length1,21
2,1857283,1857184,99,MKKAFNSAGLLMFMLGSLWVFCFDVCMVIENYL,length1,99
2,1857550,1857523,27,MPSICSARS,length1,27
2,1857673,1857652,21,MTSTSFS,length1,21
2,1857733,1857682,51,MVISIPNFTSTDFCVIS,length1,51
2,1858009,1858003,6,MR,length1,6
2,1858252,1858108,144,MVLFLKYFLAKKPTFAKKKPPSINIAVFFIFPHKVKTHNNRTDNKNGL,length1,144
2,1858273,1858261,12,MGSV,length1,12
2,1858282,1858276,6,MH,length1,6
2,1858330,1858312,18,MVNFNF,length1,18
2,1858540,1858441,99,MTCENASFSFMDMMNCGLSRCAVNSSCMLFSLI,length1,99
2,1858579,1858561,18,MSVVFG,length1,18
2,1858843,1858798,45,MTVRSICALWWSIAW,length1,45
2,1858873,1858849,24,MFCSQSWA,length1,24
2,1859197,1859158,39,MRIAVSSSNIGMP,length1,39
2,1859344,1859305,39,MCLVCILSLSFFY,length1,39
2,1859449,1859401,48,MPWAVVSFNLFDFFAT,length1,48
2,1859548,1859524,24,MDIERVKA,length1,24
2,1859617,1859578,39,MPSIKPATELLCH,length1,39
2,1860385,1860379,6,MR,length1,6
2,1860829,1860685,144,MPLSLSSLPSSYRAPYQPSLYRKNLAFQESFSEYPQKENSTALFLPLL,length1,144
2,1862131,1862101,30,MPLLVTRVCV,length1,30
2,1862572,1862569,3,M,length1,3
2,1862947,1862893,54,MDCAFDLFANFPCIGGNV,length1,54
2,1863127,1863007,120,MIDFVGNGGDGARAIGDFDEIEGFDKAEMIVFAFYVKFIA,length1,120
2,1863202,1863199,3,M,length1,3
2,1863343,1863331,12,MLWR,length1,12
2,1864375,1863607,768,MTTLAERLKRTLLERNLTQNDLAEMVGTTQGAISNIVKGETQKPRNILEIANALGVDPNWLRNGGDMIVSHSTLENSQINNNQGQTVNNFFDSGSDELREMLHKQQISLKTKPTEEWVFALDVNRLAETDIINAHFPRPFEALHLSQDGMMDLLKLRSTANVAMITMFNESMSPVINKKDLMFVDTTCKQYAGEGIYLFVMNNELYVRRLYQTPSGVLNAVAENERVGSSFEIDDLSRLNVLGRCVRKFSIIAEDL,length1,768
2,1865209,1864960,249,MLKDAGSQSIFWSGFGAFWAMYSFQEWLAIMGLVIGLISGLVNMYAKCQEGKVRKNEERRAEEIHHVRMKRLSLGFDDDFDKN,length1,249
2,1865386,1865347,39,MPCGCFDRRNWFN,length1,39
2,1865488,1865479,9,MCE,length1,9
2,1865659,1865641,18,MGVCQW,length1,18
2,1866040,1865707,333,MFSRFETAIKLTALCLILGLCGWTWFQSQKISSLKAENQAQAQTIQQQEDANKSLNLALQQERDAVIAQQERNDEIERIATENAESVKTIIKTQPCANTRLPQSVLDRLYK,length1,333
2,1866313,1866298,15,MIARW,length1,15
2,1866337,1866325,12,MFYG,length1,12
2,1869103,1866982,2121,MFASAKDIRRDIANLLKPPRRMKVSEAVAEYMRVPVGGGNSVKWDKDTAAYMLDPMDCLNSREYDAVIFVGPARTGKTIGLIDGWITYAIICDPSDFLLVQLTQEKASEHSRKRLDRTFRCSPEIAKRLSPRKNDNNVHDKYFRAGNLLKIGWPSINVLSSSDYKYVALTDYDRWPDDVDGEGDGFSLASKRTTTFMSAGMTLVESSPGKDIVDIKHHPKTTHEAPPTTGILSLYNRGDRRRFYWQCPHCKEWFEPSMANMVGYRDDTDYVKASENARLQCPHCQSLVDPDKKRALNIGGKWLKEGQTIDKDGVIHGEGRNSRIASFWLEGPAAAYQTWAQLTYKLLTAEHEFEMTGSEETLKAVTNTDWGLPYLPRSALEQRRSDELMERREDTEKRTVPYGCRFLLAAVDVQGGRNRRFVVQIVGYGENSERWLIDRYNIKSSMRSNSDGESLPIDPSAYPEDWDLLISDVLNKQYRIEGLDGGVMPILAMAVDSGGEDGVTDNAYKFWRRCKRDGISKRVYLVKGDSTKRQKLISRTYPDNTSRSDRHAKARGDVPLYLLQTDQLKDRISNALSRETIGANYIHFPSWLGEWFFDELTYEERGQDGKWRKPGKGNNEAFDLFCYAHAIAILRGYERIKWGDEDNVPYWAKLPSVNPNVIRKESSAPEEETESAVEIEQVKPQPKPKPKSNWLNGGASKKKGGWL,length1,2121
2,1869265,1869148,117,MKRSKTPKAKLALMGDRYLTKCPNGQNNVTAINKCLMSY,length1,117
2,1869334,1869307,27,MRDFKRWEY,length1,27
2,1869397,1869394,3,M,length1,3
2,1869517,1869403,114,MHTRQQCQAVHIRQNAKAKALTYQPNKVRSVCENRLGH,length1,114
2,1869628,1869625,3,M,length1,3
2,1869640,1869631,9,MKP,length1,9
2,1869787,1869751,36,MGKCLSNSCEAV,length1,36
2,1870249,1870093,156,MRKASVWPHELPPPLRCTSKKVMPHSTEIMRITVQTVRSEILRLLPVQSLMI,length1,156
2,1870297,1870294,3,M,length1,3
2,1870327,1870318,9,MDN,length1,9
2,1870582,1870525,57,MCQSILILHHFITLFIVAQ,length1,57
2,1872823,1870783,2040,MTKQKMILSPVAMATSATKTNNQSWYSIKAKANDTAEISIYDEIGFWGVSAASFAQDLKDCGNNIKQINLHIHSPGGDVFDGIAIYNLLKNHPAKVTVYIDGLAASMASVIAMAGNEVIMPENAMMMIHKPWGIQGGDAEDMRKYADLLDKVENTLIPAYASKTGKTPEELAEMLSAETWLNGKECVEQGFADKLAEPLVAMASIKSRKLEDFENMPKAMKDMLFKPQGNAGASAPQATPTPAQPAPTEPVNQAPTAPVDNTAQVQAELNKRNADIKAVFAPFGTTHNDLLVECLGDLSITADQAKDKLLAKLGAGTTPSAAVTPYADNGNIVGDSVKQSLLARAGIDKDKVNAKDNAYNAMTLRELARASLVDRGISVSSQNAMSMVGLAFTHSSSDFGQILIDVAHKSLLKGWETAAENFDQFTSRGTLTDFRAAKRVGLGDFGYLPQVGEGEEYTYGTIGDEGASVALATYGQLFSITRQAIINDDMHLLTKIPEKMGQAARATIAKLVFALLTGNAIAQDGKALFDASHKNTLTGAALDVTNIDKAIQMMNGFVNTRGEPLAIEPDFMLLPTSLYTRAKQVLGSASVEGADINSGIINPIRDIVPTVKSARLQVADPKSWYLINKEAIEVSYLDGIDTPYMEQQQGFTVDGVSTKVRIDAGVNVIDYRGIVKVTNK,length1,2040
2,1873225,1872904,321,MAKNYMQDGNTVRFTAAAAVKSGDVVMLENLAAIAVADVEKSAVGVGLTTGVFTVKAKAADDIKQGAIVYWSATEGATTTAGTNKRLGIAWHASGATVDTVDVKINA,length1,321
2,1874056,1873513,543,MAINDDIEKAKKALSDIDKKAVPQAMARTINNIAAKVMVRSVIETSKKVDVPKRLIKGRAKLERAKPRRLSAFIRVNRGNLPVIRLVTGGGRFVRRGENKGQLKIGNRLYPRAFVQKLKNGRVQVLQRQGKDRYPIDVVKIPLKTPLTESFNAEVKRAYEKDMPQELRTQLIRQIQIVVKK,length1,543
2,1874260,1874134,126,MASRHLPILRAKAPLLQCLLAESPLPVIWTAQCRQRSMSPAL,length1,126
2,1874296,1874281,15,MTWIN,length1,15
2,1874950,1874452,498,MAKNTTPTKGAGTMFYRLKDDKESTVIVNGTIKAADIKKPENWDRIAKIKELSPGEVTADSYEDNYLDDANADWKSTSQGAKSAGETTLTLAWLPGDTAQQALVSDFNTGKKKYYLVVYPNGVRDVYYAWVSSLGKTVPQNEVMTRTVKLTNVGKPLLAEYNEAGD,length1,498
2,1875049,1875037,12,MLIT,length1,12
2,1875220,1875178,42,MTAISLLMTYKKSY,length1,42
2,1875352,1875271,81,MFANFRRQIRQKAHRKMVSKKTPRNRT,length1,81
2,1875772,1875739,33,MVWVKLRAELT,length1,33
2,1875982,1875958,24,MILPDRLP,length1,24
2,1876009,1876003,6,MA,length1,6
2,1876150,1876114,36,MYQARHAILGEL,length1,36
2,1876345,1876279,66,MSYKSVLVEPVRLLQAILLLVR,length1,66
2,1876375,1876369,6,MS,length1,6
2,1876498,1876495,3,M,length1,3
2,1876588,1876522,66,MCWRNPKKASKKRLSQVFMVMA,length1,66
2,1876600,1876591,9,MMR,length1,9
2,1876786,1876666,120,MRKRQSRENANKRPTRRKKSTKDLKEKPPERQRSERSNIS,length1,120
2,1877017,1877011,6,MI,length1,6
2,1877065,1877038,27,MLTNCKKSH,length1,27
2,1877149,1877119,30,MQKSVALPQL,length1,30
2,1877335,1877191,144,MRTQSISKKTKCAVMSTTKRKKCGLFLMMSEGQEMIRMYKMILLARIN,length1,144
2,1877614,1877602,12,MRQS,length1,12
2,1877710,1877626,84,MTLPQLRRRRNLPTWRQWQRKVRQYCNK,length1,84
2,1877845,1877743,102,MVARLVVVELILLVSVGRKSLCRAQPVKSRVTKI,length1,102
2,1877938,1877911,27,MATVQTMRS,length1,27
2,1877983,1877977,6,MR,length1,6
2,1878013,1877992,21,MNRARAE,length1,21
2,1878145,1878115,30,MATRREYKTA,length1,30
2,1878382,1878211,171,MSLRVFYCDTEAISRLSGYSLVKKLRSWLSAVSGQAQITEFMLIMSCRLSRCLIDYH,length1,171
2,1878967,1878436,531,MAIKFRKTKKILPGVKLNISKSGVSVTTGIKGASINIGKNGVYRNLGIPGTGISKRDKLEFSSSKEEDYCNLDVLIDYVVDGQVVTLNVAITDYYPEKNAIWGYCEELEQESVFYLNDIQRVFDIKSGKDVEDVAEYFLQLNQSEDKEKSNDPPIGKILIVTFILFLIAYTFLFTKN,length1,531
2,1879105,1878991,114,MGFFISMFFKVSKAFLFSRLFEWQSLVEVIKYRHIKLS,length1,114
2,1879525,1879429,96,MSNQTQLSKATIGLTDSQAGNGAQSISIISES,length1,96
2,1879594,1879570,24,MQIRKARP,length1,24
2,1879735,1879726,9,MVG,length1,9
2,1879798,1879792,6,MD,length1,6
2,1879885,1879879,6,MG,length1,6
2,1880017,1880011,6,MR,length1,6
2,1880038,1880029,9,MEI,length1,9
2,1880110,1880068,42,MIYFIYRKKHRKTI,length1,42
2,1881046,1880341,705,MKHIDDAIAHAKQSYPRESCGFFVLKNGKLQYVACTNLAAETEDEFLIGVEDYARAEGVGEIRTVVHSHPDESCLPSIADQDAHKISGLEWCIIGLEGDEVSTHFMPALTEVPDLYGRKFIHGMTDCYGFVRDWYRQELGINLPNYNRIDGWWDNGGNLYVDNFEDAGFYPVKDLKIGDMIVMQINANVPNHAGVYLGDGLIGHHLYGRLSSKDVYGQFYRERTTHIMRHKENTP,length1,705
2,1881145,1881124,21,MCFKKRI,length1,21
2,1881508,1881364,144,MGYYRRYRLFKQRGNLATYDWCITCTWRHQPITRPCAKSKRATRTSRE,length1,144
2,1882195,1882180,15,MDRCR,length1,15
2,1882678,1882633,45,MVDVPNSEILRRISP,length1,45
2,1882927,1882918,9,MLY,length1,9
2,1883164,1883137,27,MVPYPSLAK,length1,27
2,1883293,1883251,42,MRKLKSQKNQRLAL,length1,42
2,1883311,1883296,15,MRKGS,length1,15
2,1883566,1883461,105,MTAHILSLHLITIPLSLSILKMGMNSLNMTQQTIR,length1,105
2,1883587,1883584,3,M,length1,3
2,1883647,1883599,48,MRFIVGLGEVSKPKLL,length1,48
2,1883740,1883653,87,MNLQHHSHLDTKLSIARAMATGNRWSQRP,length1,87
2,1883764,1883761,3,M,length1,3
2,1883812,1883770,42,MVCYIKSASKQAMY,length1,42
2,1883854,1883845,9,MSQ,length1,9
2,1883890,1883878,12,MFLI,length1,12
2,1884073,1883989,84,MKVLNQLGKSRQTNLILVLFALVSISIG,length1,84
2,1884121,1884094,27,MFALNRPLQ,length1,27
2,1884187,1884178,9,MKF,length1,9
2,1884268,1884250,18,MMMCWL,length1,18
2,1884508,1884484,24,MSCGKGKQ,length1,24
2,1884544,1884538,6,MG,length1,6
2,1884847,1884646,201,MLRNRQIISLNTTTTARMTELKMVRIKSMASYIYQSDEIHGQSILDPIISLLQNLKLIEVSRCTSSQ,length1,201
2,1884895,1884865,30,MRRKWITARY,length1,30
2,1884964,1884946,18,MILTII,length1,18
2,1885060,1885021,39,MKPTLDMLSLELQ,length1,39
2,1885084,1885066,18,MHRNLS,length1,18
2,1885162,1885150,12,MRQI,length1,12
2,1885219,1885201,18,MRLSRF,length1,18
2,1885324,1885267,57,MSQNLKAFTYFYLIKMGIV,length1,57
2,1887178,1885372,1806,MADFNKPTVDSEYTQFPTEIRAAISAILSFLDGEHTNVPLKAKRWNPSTKIFEEYNGAQWVPMATEYKLPVDYNSLKNKPLPNSAVNDESDTKFASSAAVKTAYDKAAEAKEAASAKQSPATTLAGYGIGNFKVEQGQGDANGYKTDGNYYLASGQNLPENGEWHIEVVSGGATNAVRQIARKANDNKIKTRFFNGSNWSEWKDAGGDGVPIGAVVSFPRAVTNPVGFLRADGSTFSQQTFPDLYRTLGNSNQLPDLTRSDVGMTAYFAVDNIPSGWIAFDSIRSTVTQQNYPELYQYLVDKYSSISNVPLAEDRFIRNTGNGLNIGQTQSDEIKKHVHKVRTHWADSSDSSIFYDKTKTVIDSRLRTATVTDDNLGDNGFMHPLLDSPMATGGAETRPRAIALKLCIKAKNTFDDVQFWVKAFGVVENAGALDAGTLAQNMQALSESVKQKIEENKQSTLREITNAKADINQQFLQAKENLSQIGTLKTVWQGNVGSGRIDISEKCFGKTLILYLQSSERHRLDDNNDIELVSFEVGAEIEGKTGGGVHWLDVRQVRGFPRNGSFLNYVEVKTFAVTVDRNGTAIQIQDLAGRFVKRIDIR,length1,1806
2,1887280,1887259,21,MILWKWK,length1,21
2,1887442,1887376,66,MEIAGLLMRRSKLKLSVNSLKD,length1,66
2,1887526,1887457,69,MIQQLVLVRSGLDLPRNTKNVNL,length1,69
1,627,171,456,MTEGKVYLALYKGKKTGWTPKAILARLSDWLTRKLTKGLYSHCEIVVNKGFKVCYSSSIRDGGVRSKIMYLEHEKWDLIELQNITEERIKAYFEQTKNMRYDWWGALGIVLGLKQKRSKFFCSEWCFNAIKNSDEGWRFSPNQLGAMFKHDD,length1,456
1,741,708,33,MRQYLTLAPKI,length1,33
1,1281,1242,39,MASVGTHKCASLA,length1,39
1,1398,1368,30,MKSLILHWMN,length1,30
1,2376,2364,12,MANR,length1,12
1,2871,2724,147,MLIRILRHIVSLILSLTQKNMKTYRYLQMPSLNLRALACRFRKVGCGIN,length1,147
1,3873,3786,87,MRAKGRSIRLIGLHVNLPEENKQEQMSLW,length1,87
1,4095,3993,102,MSPFIYPQMMKCLITRFILREAFTAVHCTKLPIG,length1,102
1,4212,4143,69,MSQMDVQKNVSVILKKLKLNRKH,length1,69
1,4323,4272,51,MAIRAIHSLLNKPCMNK,length1,51
1,4380,4332,48,MRKKVYQNERKCYARR,length1,48
1,4455,4392,63,MAQKMKLIWRSLMSCVFNSRK,length1,63
1,4626,4587,39,MLNKKCLVVSIVD,length1,39
1,4755,4632,123,MDDFYAIHKNTFYHRTFRCFYLFFSIHRLGGYAGTAIPTRF,length1,123
1,5022,5013,9,MVW,length1,9
1,5265,5091,174,MPTLQCEFWNVGQGLFSSGRIQVGDAQAFHWVYGLQVPHHGSKPILVNKNKRLSIHSI,length1,174
1,5937,5280,657,MKLTKTLLTTALLGASVFSFQSTAWADTLEQQFQQGLTAYEQSNYQTAFKLWLPLAEQGDANVQFNLGVMYAEGQGVKQDDFEAVKWYRKAAEQGDADAQLNLGAMYAIGRGVKQDGVEAVKWFRKAAEQGNAKAQNGLGMMYDGGLGIKQDYFKAVKWHRKAAEQGYGGAQVMLGFSYLSGKGVQVNKSLAKEWFGKACDNGEQVGCEYYGKLNRGER,length1,657
1,5970,5967,3,M,length1,3
1,6075,6036,39,MVCKFLIMVQSQF,length1,39
1,6333,6246,87,MSKATIKPPLNFGYLWQSRDMQRLNLIWA,length1,87
1,6381,6339,42,MLRGKASNKMILKR,length1,42
1,6489,6414,75,MQRLNLIWAICILRDEASNKMILKQ,length1,75
1,6561,6522,39,MQMLKLYWDSYIF,length1,39
1,6663,6627,36,MVIKMAANIMAS,length1,36
1,6825,6696,129,MRILECRARVIFKWAYSSGRRPSLSLGLWFASSSSWFKANFSE,length1,129
1,7194,7128,66,MVSQSGGAGRCKCSGLFRFGLY,length1,66
1,7353,7344,9,MVW,length1,9
1,7446,7422,24,MPLFRLPQ,length1,24
1,7653,7503,150,MGYAPVSHWVYDYGMNSSQQLIQNAIQKYKNKITNKASEILNFLFAVNFP,length1,150
1,8781,7698,1083,MMKDSIIAKLESLKERYEELEALLGDVSVISDQDKFRAYSKEYSQLEEVVKCFNRWTQLNQNIEEAEILLDDPEMKEMAQMEIEESKAEIEEVEQQLQILLLPKDPNDEYNCYLEIRAGTGGDEAGIFAGDLFRMYSRYAESKRWCVEMLSANESEQGGYKEVIVKVSGEGVYGQLKFESGGHRVQRVPKTESQGRIHTSACTVAVMPELPESEMPEINPADLRIDTYRSSGAGGQHVNTTDSAVRITHIPTGIVVECQDERSQHKNKAKAMSVLASRIVQAEQERQAAEQTDMRRNLLGSGDRSDKIRTYNYPQGRVTDHRINLTIYRLDEVMNGKIDELIQPIITEYQADQLAALSEQN,length1,1083
1,9189,9165,24,MDKFLIDY,length1,24
1,10152,9276,876,MNYKEWLAQAMADLAQKNPTENSKIDALVLLQHVTGKSRTQILTFDDTEIDEKVRLKLTALLDRRLKGEPIAYILGEKEFWSLPLNVSKGTLIPRPDTESLVEKALQIALEKLEENPPHFRILDLGTGTGAIALALASELEPICQKRHIPLEIIGVDLMPDVVALAQSNAERNQLNVEFLQSRWFDNITGKFDLIVSNPPYIDVQDEHLHQGDVRFEPLSALVANDAGYADLRHIIELASSYLNSNGVLLLEHGWQQGEKVRSIFLENYWEMVETVRDYSDNERVTLGFWKK,length1,876
1,10227,10215,12,MMAV,length1,12
1,10434,10338,96,MVIGAFIAIQKIIFMLAIYICLMCFKIAKVCQ,length1,96
1,10755,10536,219,MKWLLLILGMALIYRKKNCSNFMKVHLDLGRKFNPKNLIEPIFLYFILALSNWRKMRLFVKSITIWHTTILRI,length1,219
1,10803,10767,36,MLKILIISVTVA,length1,36
1,11346,11274,72,MSACCRCCRYYSTSRLFGTSNRSR,length1,72
1,11448,11442,6,MW,length1,6
1,11718,11586,132,MSRSIWGGIEWSSCASNRISAFRFSSRHCRFILRSTSKSKSSKM,length1,132
1,12831,11886,945,MKIVFLDSTAIPKHILIPRPSFEHTWTEYDHTSSAETIERARDADIVITSKVIFDRETLQQLPKLKLIAITATGTNNVDLVAAEEMGIAVRNVTGYSSTTVPEHVIGLIFSLKHSLAGWLRDQTEAKWAESKQFCYFDYPITDVCGSTLGVFGKGCLGTEVGRLANAVGMKVLYAEHKDATVCREGYTPFDEVLKQADIVTLHCPLTETTKNLINVETLSKMKKGAFLINTGRGPLIDELALVDALKTGHLGGAALDVMVKEPPEKDNPLILAAKTMPNLIITPHIAWASDSAVTTLVGKVMQNIEEFVQQLNQK,length1,945
1,12984,12978,6,MD,length1,6
1,13035,13026,9,MRL,length1,9
1,13125,13122,3,M,length1,3
1,13293,13188,105,MILWLNLLIRLNLMKFCLEGSLNWSLAINWRKNWA,length1,105
1,13458,13398,60,MIMAKHLVTKPLLILQILVA,length1,60
1,13599,13506,93,MIRSKLQNSHNISQHKKSRIGVCKKENFSKQ,length1,93
1,14034,14022,12,MVNK,length1,12
1,14055,14040,15,MNNHF,length1,15
1,14142,14118,24,MRWNVLMA,length1,24
1,14172,14160,12,MVVV,length1,12
1,14229,14178,51,MVCPLGGRRCTVIIILV,length1,51
1,14253,14232,21,MRRHRIN,length1,21
1,14310,14292,18,MTLRWN,length1,18
1,14346,14340,6,MD,length1,6
1,14622,14490,132,MRCQCVIQPQGCIIYFIIACLYNIFFLNPTFHLMNLGMIVPLNL,length1,132
1,14766,14754,12,MAFC,length1,12
1,14868,14775,93,MKSPRDLVEQGNYLQLNTQAFRQILCVSVKH,length1,93
1,15252,15234,18,MLCHHL,length1,18
1,15279,15261,18,MMNFRN,length1,18
1,15366,15315,51,MNIRIKNGCFQTATGTA,length1,51
1,15762,15759,3,M,length1,3
1,16110,16101,9,MFD,length1,9
1,16482,16467,15,MLIRK,length1,15
1,16998,16992,6,MG,length1,6
1,17901,17121,780,MESLTSVDKSHIQHAFQKALNSYDEHALIQQKMNIKLMTHLQDYLPNGSLDSVLELGCGSGMLSSLLQKQISADYWLFNDLCDVQTQLAEKLPQSFDFYCGDAEHFLFLQQFDLIASASAVQWFHQPDAFIAHCKTGLKTNGLLAVATFGEDNLKEVRQITNIGLNYPTLSQWQTWLAKDFELLWCEDFKVILDFDTPLDVLKHLKYTGVTATNQKNWTRKNLNGFIGDYLSAFSMPSGKVRLTYHPLFFIARYSHIENQ,length1,780
1,18552,17913,639,MGKVIFISGIDTDAGKTIATGIYAKKLMEQGFSVITQKMIQTGCKNIADDLLVHRKIQGIDLTEEDLQGKTCPYVFEYPCSPHLAAKRESRKIEAKIIEKSTALLAEKYDYVLLEGAGGLMVPYCEEATTLDYIQSNNYPLILVTSGKLGSINHTLLSLEACRTRGISVLSVMYNGYPEYDPIISQETQRYLKRYLEKHFPETGFEYFGCIET,length1,639
1,19317,18636,681,MNNYLLKCENINKFYQEGENQTQVLKGVSFSMEPAELVAIVGSSGSGKSTLLHTLGGLDQPSSGEVFINGQSLQKASANELAALRNRYLGFVYQFHHLMADFTALENVMMPMLIGHQNKAEAKDRAEKMLSAVGLSHRITHRPSALSGGERQRVAIARALVNNPSLVLADEPTGNLDHKTTESIFELIQQLNQEQNIAFLLVTHDMGLAEKLSRRLVMQDGILKEGA,length1,681
1,19566,19458,108,MVLSVSLTNEFLQWFPMQRFYLHPMRRIQPFIIGKI,length1,108
1,19653,19641,12,MAQN,length1,12
1,19800,19797,3,M,length1,3
1,19905,19848,57,MNNLLNQLVSQCKLPLFYA,length1,57
1,19965,19908,57,MVSLIIVMPYCRLLKHKPF,length1,57
1,20136,20010,126,MILFLREIWIYQCLMIIRRCYICKIGLVNLVICIAIFSLLEP,length1,126
1,20307,20259,48,MRLSNVFLFGMAYRQE,length1,48
1,20466,20415,51,MCILWISCQASYIGWMF,length1,51
1,21669,21666,3,M,length1,3
1,21813,21801,12,MGRF,length1,12
1,22071,22065,6,MP,length1,6
1,22419,22410,9,MDK,length1,9
1,23913,22671,1242,MNTSRLFSLLFQGSLVKRIAAGLVLGIVVALISAPLQETIGFNLAEKVGVLGTIFVKALRAVAPILIFFLVMAALANRKIGTKSNMKEIIVLYLLGTFLAAFVAVIAGFVFPTEVVLATKEDASSAPQAVGQVLFTLILNVVDNPLNAIFKANFIGVLAWSIGLGLALRHASDATKNVLSDFAEGVSKIVHVIISFAPFGVFGLVAETLSDKGLVALGGYVQLLAVLIGTMLFTAFVVNPILVYWKIRRNPYPLVWTCVRESGVTAFFTRSSAANIPVNIELAKRLNLDEETYSVSIPLGANINMAGAAITITILTLAAVHTLGLEVSFVSALLLSIVAALCACGASGVAGGSLLLIPLACSLFGISDDVAAQMIGVGFIIGILQDSTETALNSSTDVLFTAAVCMEEERKNAA,length1,1242
1,23961,23958,3,M,length1,3
1,24066,23970,96,MQSALYFDRLLSRFISLQIGKKNESLNYFCSP,length1,96
1,25197,24645,552,MSEKQINNFSLISRLFGNLFYRSPTDKVLADAFVWLQQKGLSQVWALDTDKESELALNSLQVKIDLNLLNEEYQKLFGANGKVMTAISAYGIDVEEFVNFRLVRNMPEVESADHFALLLLTASWLEDNSDSLVAQQEFFETFLLPCAAKFLTQVETQATLPFYRALALLTREILAAMADELEEE,length1,552
1,25386,25374,12,MQCH,length1,12
1,25971,25959,12,MLCF,length1,12
1,26079,26070,9,MVI,length1,9
1,26121,26094,27,MKHFVGKMR,length1,27
1,26220,26133,87,MASMSLEKFRRLMWYLPFNKRKMILKLKD,length1,87
1,26316,26301,15,MQGNQ,length1,15
1,26358,26325,33,MQIIIHKDNII,length1,33
1,26385,26373,12,MKFI,length1,12
1,26676,26589,87,MFYPSVKIVILRKIAFCRMRNSILQNLKR,length1,87
1,26715,26697,18,MHNNVD,length1,18
1,26730,26724,6,ML,length1,6
1,26820,26784,36,MEKRTLSNLMII,length1,36
1,26979,26880,99,MLKERLLMEKVMKKMLVATPLREFFVKPTMTIL,length1,99
1,27228,27156,72,MQIQLRVLSVFSRCSRLSKIVLRK,length1,72
1,27264,27237,27,MQMVFQPLN,length1,27
1,27351,27339,12,MTDF,length1,12
1,27450,27432,18,MHSKMV,length1,18
1,27501,27456,45,MRSVLLMKQLIKQSN,length1,45
1,27573,27558,15,MIMLV,length1,15
1,27681,27675,6,MY,length1,6
1,27723,27693,30,MILKVNICIA,length1,30
1,27867,27807,60,MMWLLVFFWWKLHIISIILR,length1,60
1,28620,28614,6,MW,length1,6
1,28722,28710,12,MVSQ,length1,12
1,28806,28779,27,MISQSRVVQ,length1,27
1,29064,29034,30,MLLYSRYFSL,length1,30
1,29154,29130,24,MTILSIFA,length1,24
1,29307,29232,75,MSLKRLPNPAAKIIAFIFVPLCNKV,length1,75
1,29412,29409,3,M,length1,3
1,29433,29421,12,MPLL,length1,12
1,29520,29481,39,MHQRLLHQQFVHN,length1,39
1,29700,29667,33,MTTLICKWLKK,length1,33
1,29763,29751,12,MQKQ,length1,12
1,30009,29856,153,MKAVPHNRSLNNECLINRQTFLLAHLIRQITQVAKKRLENLPHFFAIMLCR,length1,153
1,30171,30045,126,MKLFSLMHHIHLMAIHYITIQIMPKIQRTVCQRDSHALWQFL,length1,126
1,30291,30282,9,MDF,length1,9
1,30420,30387,33,MSFLNDSSYIK,length1,33
1,31059,30987,72,MLMKKMKYFFRLVASFNKSYNLID,length1,72
1,31239,31221,18,MNLFNF,length1,18
1,31290,31287,3,M,length1,3
1,31563,31491,72,MRHVSHHWGKISYRAADAYTSEII,length1,72
1,31692,31671,21,MACADAM,length1,21
1,31902,31872,30,MTVFLTLHIF,length1,30
1,32835,32817,18,MNTMTT,length1,18
1,32874,32865,9,MST,length1,9
1,32928,32901,27,MRLQKCGDF,length1,27
1,33030,32973,57,MILVLLAKFTEQFGYRKEI,length1,57
1,33291,33192,99,MVLVEVNLCMLDAKGHFLFLSCLMKFAYNNAIF,length1,99
1,33981,33972,9,MCY,length1,9
1,34749,34707,42,MLQNQCNHQLVFHQ,length1,42
1,35316,35295,21,MFSLTAF,length1,21
1,36810,36762,48,MCKCIRPSSSSAVTTC,length1,48
1,36855,36846,9,MDS,length1,9
1,37830,37743,87,MVAPVGKLSLPVSGSPWERAEGNESGSSA,length1,87
1,37866,37851,15,MNTTA,length1,15
1,38052,37980,72,MTVTGSAGVISLSEIILASSRSTS,length1,72
1,38400,38238,162,MASACSSLKLKRAISSAFGSSSWRIISITSSIFKKAIIKPSKICKRESTLSRRY,length1,162
1,38616,38598,18,MRIGFS,length1,18
1,38793,38730,63,MISPSSFFQIARIFIEPRPCS,length1,63
1,39180,39135,45,MAAKDFGSSGAPQLP,length1,45
1,39426,39408,18,MMTYIE,length1,18
1,39483,39474,9,MPS,length1,9
1,39885,39879,6,MR,length1,6
1,40386,40347,39,MAISANFSASCTF,length1,39
1,40512,40509,3,M,length1,3
1,40611,40593,18,MASNKP,length1,18
1,40836,40830,6,MS,length1,6
1,40968,40857,111,MNLISSPEQSTAFALNKWRRRLTENFALSKYFGFGLK,length1,111
1,41277,41271,6,MD,length1,6
1,41520,41463,57,MVRLFVNFLNLRKFYQKVR,length1,57
1,41592,41589,3,M,length1,3
1,42060,42027,33,MMQTKNARAKF,length1,33
1,42114,42072,42,MNTNENNSIFLIFF,length1,42
1,42123,42120,3,M,length1,3
1,42321,42318,3,M,length1,3
1,42378,42342,36,MTNMAQNRIGKT,length1,36
1,43998,42570,1428,MAQYSAEFKQAKVLVLGDVMLDRYWFGATNRISPEAPVPVVRVQENEERAGGAANVAMNIASLNVSVQLMGLIGQDETGSALSLLLEKQKIDCNFVALETHPTITKLRILSRHQQLLRLDFEENFNNVDCKDLLAKLESAVKNYGALILSDYGKGTLKDVQKMIQIARKANVPVLIDPKGTDFERYRGATLLTPNMSEFEAVVGKCNTEEEIIKKGLKLISDIELTALLVTRSEKGMTLLRPNQEPYHLPTVAKEVFDVTGAGDTVISVLATALADGRSFEESCYLANVAAGIVVGKLGTSTVSTVELENAIHARPETGFGIMSEAELKDAVAQAKARGEKIVMTNGCFDILHPGHISYLENARKLGDRLIVAVNSDDSVKRLKGESRPINNLENRMAVLAGLASVDWLVPFTEDTPQRLIGEILPDLLVKGGDYKPEEIAGSKEVWANGGDVKVLNFENGCSTTNVIEKIKLLKD,length1,1428
1,44064,44049,15,MGSGI,length1,15
1,44352,44193,159,MSLTYLDLFSGAGGLSLGFDYAGFRQLLSIELEPVYCETYRVNFPHHRSCNRI,length1,159
1,44526,44367,159,MNRQIFTVAIFPTEGLQAFKSELFDIVFVEHDEFLSVWFKSPLTPLYKRGEWS,length1,159
1,44820,44757,63,MLVNMKFYILFPFHTPHQLIR,length1,63
1,45108,45099,9,MRS,length1,9
1,45540,45234,306,MATRIVDLDRGQLQSYLGNYDLYLTTKEENLRVEALQNELFDKRLAQEEVWIRQGIKARRTRNEGRVRALKAMREERQLKPYRGENEIVYYSQNCCSNQIIY,length1,306
1,45573,45561,12,MTLM,length1,12
1,45807,45711,96,MWEDSLMRNSNKPISGQVKQWKSRLKRRKLNR,length1,96
1,45858,45831,27,MTALLSRNP,length1,27
1,47193,47073,120,MRLSSTSKRSSRCEPPMISPIPGANTSIAATVFPSSFKRI,length1,120
1,47217,47205,12,MSFG,length1,12
1,47355,47289,66,MPQETGNSNFLPDFNNTSMASV,length1,66
1,48318,48315,3,M,length1,3
1,48429,48393,36,MNNKIALKMSPK,length1,36
1,48993,48522,471,MKVLEGSVAAPNAKVAVAIARFNSFINESLLEGAIDALKRIGQVKDENITIVRTPGAYELPLVARRLAESKKFDAIVALGTVIRGGTAHFEYVAGEASSGLGKVAMDAEIPVAFGVLTTENIEQAIERAGTKAGNKGAEAALTALEMVNLIQQIDAA,length1,471
1,49431,48999,432,MTEQKQVKKPSARRRARECTVQALYSWAVSGNTAEQVELAFVLDQDMDGVDKPYFRKLFRQTVENIETVDFSISPYIDRAFDELDPIETAILRLAVYELCFELDVPYKVVINEAIEVAKVFGADESHKYINGVLDKIAPALGRK,length1,432
1,50484,49500,984,MAMGEFDLIKRYFQQQILVDDSVQLSIGDDCALVSVPENYQLAITTDTMVENTHFLPTISPEDLAYKAVATNLSDLAAMGAQPKWVSLALTLPNVDENWISTFSQSLLHTLKQYNVTLIGGDTTKGNLSITITAQGFVEKNKGICRHKAQIGDLIYVSGTLGDSAAGLTQILLGKSAVDSDDVFLQQRHLRPTPRIELGRALIDIAHAAIDLSDGLISDLGHILERSQCSAEVELTALPLSSSILNKYDRTQAEQFALSGGEDYELCFTIPPEYKDELELRLKKLNVPCTCIGKINEKCGDFSPRFLRDGKPVNIIFSSGFDHFKESK,length1,984
1,50775,50730,45,MVLSSGMNLSAYLLY,length1,45
1,50904,50889,15,MVLAL,length1,15
1,50919,50910,9,MTF,length1,9
1,50937,50931,6,ML,length1,6
1,51837,51753,84,MRENWQELVILALQFQTILKAKKINSIY,length1,84
1,52008,51936,72,MVKQRLKQLQIKLLLCLHQISVLA,length1,72
1,52155,52104,51,MRHLALHFLWANISQKP,length1,51
1,52302,52221,81,MKLVFQLFALRMWWGNTRFGSQILANV,length1,81
1,52371,52344,27,MVQCVLVNG,length1,27
1,52401,52386,15,MAYLI,length1,15
1,52413,52407,6,MY,length1,6
1,52962,52899,63,MEKQKMYLYIKKLILCYVKIR,length1,63
1,53109,53070,39,MKRLLGFIVDKTV,length1,39
1,53181,53124,57,MCWIYQNKRCRIIQGSAML,length1,57
1,53250,53196,54,MLMRFVILINKVVLPKMR,length1,54
1,53280,53274,6,MK,length1,6
1,53517,53442,75,MNDFVGNKKKWNSEYVIPFLFLISQ,length1,75
1,54597,53610,987,MQHLNELIEKAKLAIESIQDKSLTALDEIRVEYFGKKGYFTQLMQELRNVSAEERPAMGAKINEAKQAALEFLNAKKTEWEQAELNAKLEKERVDVSLPGRKVETGGLHPVTMTINRVTKFFSELGFSVENGPEIESDYYNFDALNIPKHHPARADHDTFWFNPELLLRTQTSGVQIRTMEKMQPPIRIMAPGRVYRNDYDQTHTPMFHQIELLYVDKKANFTELKGLLHDFLRAFFEEDLQVRFRPSYFPFTEPSAEVDVMGKNGKWLEVLGCGMVHPNVLRNVGIDPNEYSGFAVGMGVERLTMLRYNVTDLRSFFENDLRFLKQFK,length1,987
1,57018,54633,2385,MKFSEQWVREWVNPAVSTEQLCEQITMLGLEVDGVESVAGTFNGVVVGEVVECAQHPDADKLRVTKVNVGGDRLLDIVCGAPNCRQGLKMACATEGAVLPGDFKIKKTKLRGQPSEGMLCSFSELGIDVEADGIIELPLDAPIGTDLREYLALDDNAIEISLTPNRADCLSIAGIAREIGVVNKQLVNQPHFEAVPATISDKVQIDLQAPEACPRYLLRVIKNVNVKAPSPMWMQEKLRRCGIRSIDPIVDITNYILLELGQPMHAFDAAKVTQPVQVRLAKEGEELVLLDGSTAKLQSNTLLIADQNGPLAMAGIFGGAESGVNSETKDVILESAFFAPLAIAGRARQYGLHTDVSHRFERGVDFELARKAMERATALLLEICGGEAGEICEASSETHLPKVNTVQLRRSKLDALLGHHIETVSVTEIFHRLGFDVTYANDIWTVTSASWRFDIEIEEDLIEEVARIYGYNSIPNNAPLANLRMREHKESDLDLARIKTALVDADYQEAITYSFVDPKIQSLLHPQQEALILPNPISVEMSAMRVSLISGLLGAVLYNQNRQQSRVRLFETGLRFVPDANAEFGVRQEFVLSAVITGTAKSEHWAGKAESVDFFDLKGDLESVLSLTEGGNRVRFVAKQFDALHPGQSAAIELDGQEIGFIGAIHPSISQKLGLNGKTFVFEILWNAIAARNVVQAKEISKFPANRRDLALVVADSVPAGELIAACKQAGGEKLVQVNLFDVYQGVGVAEGYKSLAISLTVQDNEKTLEDEEINAVISAVLAEVKQRFNAELRD,length1,2385
1,57450,57438,12,MIMR,length1,12
1,57564,57513,51,MNGQVHLMCSAVFHAVG,length1,51
1,57690,57648,42,MVNMYAKKIFKLAI,length1,42
1,57744,57720,24,MVIMWGFM,length1,24
1,57801,57765,36,MLPPEGESSILQ,length1,36
1,58866,57915,951,MSSNLTALQIQLEILRLIPKTRFITAEEILQKLADIGVQRDIRSIQRQLESLSQQFEIERDMRDKPYGYRWKSNAKGLDLPILNEQQSLVLMLAKQYLNGILPSSIMNSMEAFFQQAEYNLVYDSHKKSGAEWLNKVAIAPTSQPLLPAKINPEIFSQISTALYQNRFLQVHYRSIHGKEHKAQVKPLALVQQGPSSYLVAQYENGDILHLALHRLLKVTVSTMIFERPDFNLKSYVESQKFGFTYGRKIRLTFRINKDIGGFLTETPLSMDQTVKDCGTEYEISATVIKSAMLEWWIAHFGEDYQEIDRTYLDENA,length1,951
1,59196,59175,21,MDSTLFR,length1,21
1,59478,59454,24,MVCGQGIK,length1,24
1,59595,59556,39,MRQQLSQTLRISP,length1,39
1,59622,59616,6,MM,length1,6
1,59700,59640,60,MWMIYMNVPAARRCCIYTVN,length1,60
1,59763,59724,39,MKVILWIVLVIRN,length1,39
1,59835,59781,54,MDTQCALTSSFLVKWCRC,length1,54
1,59877,59868,9,MLC,length1,9
1,59919,59913,6,MA,length1,6
1,59955,59925,30,MKPQEKRQFI,length1,30
1,60390,60381,9,MLG,length1,9
1,60837,60813,24,MPCLDFTL,length1,24
1,61086,60975,111,MCSLMVRISLPNNIAICAWESQTVSFSNLTSTCVVPS,length1,111
1,61155,61146,9,MYI,length1,9
1,61386,61383,3,M,length1,3
1,61428,61395,33,MCNNKSLHLAQ,length1,33
1,61545,61518,27,MGREKYYEK,length1,27
1,62031,62019,12,MFNQ,length1,12
1,63141,62382,759,MENFCEITFCQQIGSNKRRNQDALFNGEAVFQYKLKTAEKRLENRPHFIVGVADGISNSNRSEKASKLAMQLLSQMESISSQTIYDLQSNLSAELAEDYFGSATTFVAAEIDQTTRKAKILSVGDSRAYLIDAQGKWQQITQDHSILSELLTDFPDKKEDDFATIYGGVSSCLVADYSEFQDKIFYQEIEIQQGESLLLCSDGLTDGLSDEMREKIWQKYPDDKYRLTVCRKMIEKQSFSDDLSVVCCHSIIE,length1,759
1,63378,63345,33,MNLHQRFTKNV,length1,33
1,63642,63567,75,MVLEQEKLLVTMGIGLALMLTVKSF,length1,75
1,63666,63657,9,MVE,length1,9
1,63789,63738,51,MVKLLRKLQKRKRRMKH,length1,51
1,64074,64002,72,MFRTLKVNIKTMVIQKCITYIILV,length1,72
1,64122,64086,36,MKNNIKLKELSL,length1,36
1,64149,64125,24,MAEKWQSL,length1,24
1,66321,64272,2049,MSEYKLNPPTVSSYTENMMLKVLFEHKGFSEVFRETSWRSDEIASAFGLPEELENDKNLRTVARRLLKERYKKLQKSTALLPELWKQAYENLATLAEFLQLNPVEQELLRFAMHLRSEGAMRDLFGYLPKSDLQRTAAIMADLLKQPKNQILSALKKGSKLDAYGLIDRDYRPDSVHDYLDWGETLDFDEFVTQPLNENVLLKSCTEVAQVPSLQLDDFDHIAGMKEMMLTYLQQALKHHRKGVNLLIYGVPGTGKTEFAGLLAQALGISAYNITYMDSDGDVVEAEQRLNYSRLAQTLLNGKQALLIFDEIEDVFNGSFMERSVAQKNKAWTNQLLENNNVPMIWLSNSVSGIDPAFLRRFDFILEMPDLPLKNKSALITQLTEGKLSPAYVQHFAKVRSLTPAILSRTIRVAKELNTSNFAETLLMMFNQTLKSQNKPKIEPLVLGKADYNLDYVACNDNIHRISEGLKRSKKGRICCYGPPGTGKTAWAAWLAEQLDMPLLLRQGSDLLNPYVGGTEQNIAQAFEQAKADNAILVLDEVDTFLFSREGANRSWERSQVNEMLTQIERFEGLMVVSTNLIEVLDHAALRRFDLKLKFDYLTLKQRLDFAKQQAEILGLPLLSEEDLSQIESLNLLTPGDFAAVARRHQFSPFHKVQDWLMALQGECEVKPAFSATTRRIGF,length1,2049
1,67035,67026,9,MAK,length1,9
1,67164,67146,18,MAVKPL,length1,18
1,67320,67257,63,MSFNFYPLWRRISPSSITYLF,length1,63
1,68448,68400,48,MKRQLHVRHTTQPNCF,length1,48
1,68499,68472,27,MMEMISASK,length1,27
1,68565,68541,24,MRSYFNNA,length1,24
1,69174,68823,351,MARVKRGVIARARHKKVLKAAKGYYGARSRVYRVAFQAVIKAGQYAYRDRRQRKRQFRQLWIARINAAARQNGLSYSKFINGLKKASVEIDRKILADIAVFDKVAFAALVEKAKSAL,length1,351
1,70173,70164,9,MVK,length1,9
1,70977,70938,39,MCYFYSTLAKKCG,length1,39
1,71745,71709,36,MGYRKSQFKRSL,length1,36
1,71877,71844,33,MECLTLCIKPR,length1,33
1,74844,72924,1920,MLSVLHKLKEQRILSQGDYYFAKLIADKQCHTDYAEPIKNLAILLAALCSWRYTQGNTCSQLDRYLEHNLFGLAYRTTEEDYLAEIREKIGYLAVEDWQNALCGHMAFTQDPVNQIAPMVFQFGALYFYRTWQDEYRIAQYIKNTLKKHRTLAFSYDEIHQKLEKYFPEKQEKTDWQKVAVATAIKSPFSIITGGPGTGKTTTVTRLLLVLQELFDCKLHIKLVAPTGKAASRLEESIKNALGFMQEKMNVSHSLFNAIPQKASTLHSLLGVNAFNDYTRYNSHNPLQLDVLVVDETSMIDLPMMVKLINALKPETRLILLGDQAQLASVEAGAVLGELAQFVTQPYSHEQVAYLLATTGYKVEGSDCSNPIRDCLCHLTESRRFDKDSGIGKLAEFIQKGKADDSLELFDHYPQELHFNALNDESDAVNQVVKSAVENYRTFLKMLDDLRKQKIDPNAKNEQGISYAEAIQAQFNSVRFLTALRNNNLGVENLNKEIALALREQKLLWFRNEQDWYIGKPIMITENDHNVRLYNGDIGLCLANGKVWFGNREVLTNRIPAHEPAFMMTIHKSQGSEFEHTVMVLPTEVNPVLSRELVFTGVTRAKKELTVFADEKIWKTAIRQTVKRQSGLGKLLEDLN,length1,1920
1,75180,75141,39,MACSSLIGKAGER,length1,39
1,75489,75456,33,MWSIFLERDQP,length1,33
1,75663,75612,51,MLHRLSIYFYVIRHVPY,length1,51
1,75756,75693,63,MRSYYKILYRKIIIKCGQFLV,length1,63
1,75765,75762,3,M,length1,3
1,75858,75828,30,MIILPVKGTC,length1,30
1,75972,75960,12,MVVF,length1,12
1,76110,76104,6,MR,length1,6
1,76224,76197,27,MLKLKVIFL,length1,27
1,76296,76260,36,MYNKWLKSKILS,length1,36
1,76383,76365,18,MHLLSN,length1,18
1,76431,76401,30,MLQLLLKKLH,length1,30
1,76488,76479,9,MVS,length1,9
1,76515,76503,12,MPIF,length1,12
1,76578,76530,48,MSKRKAKLLDKLMGFR,length1,48
1,76659,76650,9,MGK,length1,9
1,76686,76665,21,MLKEKMN,length1,21
1,76848,76800,48,MEKLMAIVHLWRFFVC,length1,48
1,76989,76944,45,MIKSKAFLLFANVVV,length1,45
1,77055,77049,6,MK,length1,6
1,77145,77073,72,MASFLFILWKIFIRLVNCYLGVIC,length1,72
1,77304,77148,156,MKTKIIQKKLSLYLVLFNVVLRDVPILNEKVFGIFSAPNREKRAFFRFSFFL,length1,156
1,77550,77475,75,MMICSRQVAVNYLVKKARNYPRQQC,length1,75
1,77676,77577,99,MKKQVLSVKDTLKPNLILSLNCHFLAAISLAIQ,length1,99
1,77730,77700,30,MRCGSLLGFI,length1,30
1,77895,77880,15,MAKLK,length1,15
1,77928,77898,30,MVVLFIPRQI,length1,30
1,78936,78210,726,MMANDDFQEYVKQLVTKHRDERIYPFQYEGKKYWLKQPEKLKGIWLLLKPHPKKSFKNELHTLLKLAEQNAPVPKVSYYSDNFFVLENVGLTVSQWLCNKNIDEQQKFLIIYDACLALIDLHAKNLVHGRPAIRDITWDKGKVTFLDFESRSNSQNQNWVVIRDMLFFFDSLCREEDILDTFIQKVALYYQTHCKAKNWQNMIVFLQRFSWVYYLLLPFKPIAKTDLIAIYRLFEILLINKK,length1,726
1,79029,79023,6,MA,length1,6
1,79299,79257,42,MRKILVLLKFKSHY,length1,42
1,79677,79647,30,MLFGNAIKLL,length1,30
1,79863,79680,183,MAFCVIPKIPNSVYVVVIFSKMRAVIDAKMAKFTDIKHIITTKGIRIHNAIRLNFLSDNWQ,length1,183
1,80055,80031,24,MWACLINE,length1,24
1,80178,80067,111,MKVISGCIFVYINQFTGCSCCDTYGKQFNEFILFMLA,length1,111
1,80526,80523,3,M,length1,3
1,80601,80592,9,MAR,length1,9
1,80814,80805,9,MFR,length1,9
1,81717,81699,18,MVAIFF,length1,18
1,81804,81741,63,MKLSKSFSHFKFIFDNTAVRF,length1,63
1,82575,82347,228,MTALLLLFAWKLNFCFFAWAIKHQNMPDSLYLCCFSFTHNRIDNKLFCFTICTSNFYFNEFVMIKCIFNFSKYAFG,length1,228
1,82629,82611,18,MVCKTF,length1,18
1,83418,82791,627,MGKKKRSASSSRWLNEHFSDQFVQKAHKQKLRSRAYFKIDEIQQTDKLFKQGMTVVDLGAAPGGWSQYVVSQIGGKGRVIACDILEMDPIVGVDFLQGDFRDENVLNALLACVGEDKVDVVMSDMAPNFSGMPSVDIPRAMYLVELALDMCKQVLASKGSFVVKVFQGEGFDEYLREIRSLFNVVKVRKPEASRGRSREVYIVATGYKG,length1,627
1,85416,83511,1905,MVKNLVLWVVVAVIMMTAYQSFNSSSVENSTDYTTFVYDVSNGQVTAARFDANEITVTKTDGSKYSTVMPPLEDKKLLDDLLSKKVKVEGTPFERRGFLSQILISWFPMLFLVGVWVFFMRQMQGGGGKAMSFGKSRAKMLNQDQIKVTFADVAGCDEAKEEVGEIVDFLRDPNKFQNLGGKIPKGILMVGPPGTGKTLLARAIAGEAKVPFFTISGSDFVEMFVGVGASRVRDMFEQAKKNAPCLIFIDEIDAVGRQRGAGLGGGHDEREQTLNQMLVEMDGFSGNDGVIVIAATNRPDVLDPALTRPGRFDRQVVVGLPDVKGREQILKVHMRKVSVAQDVDAMTLARGTPGYSGADLANLVNEAALFAARVNKRTVTMLEFEKAKDKINMGPERRTMIMTDKQKESTAYHEAGHAIVGYLVPEHDPVHKVTIIPRGRALGVTFFLPEGDQISISQKQLESKLSTLYAGRLAEDLIYGEENISTGASNDIKVATNIARNMVTQWGFSDKLGPILYTEDEGEVFLGRSMAKAKHMSDETAHSIDEEVRAIVSRNYERARQILTDNMDILHAMKDALVKYETIEEEQIKQLMNREPVTPPSGWGEPKTQQAAYANSTTNDAKPESAVENTDDFNV,length1,1905
1,85518,85476,42,MYFAIIAHQNHSKN,length1,42
1,86355,85530,825,MKLYANNKCLDLSVPQIMGILNFTPDSFSDSGQFFSLDKALFQVEKMLEEGATIIDIGGESTRSNADEVSEQEELHRVVPVVEAVRSRFDCWISVDSSKAIVMREAASVGMDLINDIRALQEPNALETAVKLALPVCIMHMQGQPRTMQANPYYENVVQDILAFLQKRTNECLSAGVKKENLIWDMGFGFGKSVQHNYQLLQNLNEFCQNGYPVLAGLSRKSMIGAVLDKPVDQRIIGSAAGALIATQKGAKILRVHDVAATSDMLKIWQATENA,length1,825
1,87054,87042,12,MWRN,length1,12
1,87726,87663,63,MPRCLTCTTMCRRNCRSREKN,length1,63
1,87903,87867,36,MVLNRLFYKGSG,length1,36
1,88017,87963,54,MSELKKPFIKLIKRLIWN,length1,54
1,88074,88056,18,MAMRIP,length1,18
1,88248,88170,78,MENEIQYHFILQLLLNYYGMVINQKY,length1,78
1,88650,88632,18,MLQLIQ,length1,18
1,88734,88722,12,MRKK,length1,12
1,89010,89004,6,MQ,length1,6
1,89274,89193,81,MIFPYWLQLTIRAIRIRPHYSGFDNIV,length1,81
1,89334,89316,18,MYFALG,length1,18
1,89700,89601,99,MHCLNGIVLLLHQDDLQLQTQARLSLRLPFSHS,length1,99
1,89745,89724,21,MLHLVLG,length1,21
1,90135,89991,144,MINEPIPYLLQLLCATIPPHQQYWPNVATDLMYSSHLKNLCVKWQSLY,length1,144
1,90177,90162,15,MKLNH,length1,15
1,90249,90180,69,MQALNLRPLNLHCKAHGLPPRLL,length1,69
1,90351,90273,78,MLVLLRDLIVHHHITTTNFLLHYIAW,length1,78
1,90429,90423,6,MH,length1,6
1,90684,90561,123,MNICSEASILKLNIGICTKKFVFPLHINLFNVKSRFFFVLS,length1,123
1,91002,90996,6,ML,length1,6
1,91047,91008,39,MKVKLKMKLVLIK,length1,39
1,91065,91053,12,MLLL,length1,12
1,91185,91137,48,MKFLLVEKVQKDTLLM,length1,48
1,91287,91233,54,MMAIHKLYKLQINIPISN,length1,54
1,91350,91341,9,MAN,length1,9
1,91494,91464,30,MAAVMRWRLV,length1,30
1,91626,91545,81,MQAKTVKFPIKWELVGFGKANTTNLIG,length1,81
1,92583,92412,171,MRCRQATRMISESHERSLDIQEKVGLKVHLAMCSRCRRFQRNCKTLSMMMKKFKDSH,length1,171
1,93087,93039,48,MPFPLIQHQIIQSAHK,length1,48
1,95430,94791,639,MLDQQLLIGTVFLAGLASFLSPCIFPIIPIYFGILSKGGKKVLNTFLFILGLSLTFVSLGFSFGFLGNILFSNTTRIIAGVIVIILGIHQLGIFKIGLLERTKLVEIKTSGKSTALEAFVLGLTFSLGWTPCIGPILASVLALSGDEGSALYGASMMFVYVLGLATPFVLFSFLSDSLLKRAKGLNKHLDKFKIGGGILIIVMGILLITNNFS,length1,639
1,95943,95475,468,MKKLLSIFLMAFSLNTFAQTNLADVQLKDLNNQPVTLSQYKGKPVYVKMWASWCPICLAGLAEIDDLSAEKDRGFEVITIVSPDHKGEKDTADFIEWYKGLEYKNITVLLDEKGEIIDKARVRGYPFNLFLDSDLNLKKTVPGHLGAEQIKVFAGK,length1,468
1,97101,96186,915,MEEIINGLLIVLVPMMLGYLVKIQNQNTLAFINKIVMLLLYIILFMMGFMLGQLEHLEQKLPIIGMTALGLSAIILTCNILGLAIYDSTLPKPVNYLQGELPSRWHSLIDSIKLLSAVIIGIVLGWLCNDWLHFPHGSNLYVLIALIFFVGIQLRNNGISLKEVLLNKQGLMMGAIFTLSSLVGGVISAFFLSIPITQGLAFSSGFGWYSLSSVVLTNAWGPMQGSIAFFNDLSREILSLFLIPLFMQHYRSTAIGITGATALDCTLPIIQKSGGIEVTPIAISFGMVTNLLPPLLLVFFSSFPI,length1,915
1,97221,97143,78,MISLIFTLSLLFPNNVKFTIFFSVRN,length1,78
1,97773,97683,90,MVPTMPTIGASTPASTQLNTFCPNNLLRSR,length1,90
1,98076,97935,141,MISASFFSSNLALIVSMFICGLICSSAILADSTLGIFKRASQCKTCR,length1,141
1,98463,98460,3,M,length1,3
1,98595,98523,72,MAEKCGGFFHCFCPCSLAINGCTS,length1,72
1,98919,98862,57,MTSQLSFSSNNFTVKRLVS,length1,57
1,99123,99018,105,MPREANNGKETGVSGAPCSNTTSPFFTSSPIRRMF,length1,105
1,99345,99153,192,MVPSSLSVTSSCIITASAPSGIIAPVIILTALSDCHSSWNGLPAKDFPAIESVKDCCKSDKRTA,length1,192
1,100299,99642,657,MMNKISLDAQNVRNALIEKGIETPMIDPTQAKNERRESIAKHMNEVMKLIGLDLRDDSLEETPNRLAKMFIDEIFSGMDYANFPKMTKIKNQMKVSEMVQVNDITLTSTCEHHFVTIDGKVCVAYYPKDWVIGLSKINRIVSFFAQRPQVQERLTEQLLTAFQTILETDDVAVYVKATHFCVKARGIRDTNSYTVTSAYGGVFLEDRDTRKEFLATVQK,length1,657
1,100626,100305,321,MINCNPHVKCADFYFGKLNMLCAIYKSKKKLGSYLYVADREDFSSVPSVLLEHFGKPELVMMFNLLGRKALHNVDCNEVLETIKHQGFYLQIAKQDDGLFNSLSEIK,length1,321
1,100794,100764,30,MWGKQQQHAQ,length1,30
1,100917,100905,12,MIIS,length1,12
1,100932,100920,12,MLMY,length1,12
1,101040,100959,81,MCLIRILIAILLVTVHQCSRKIKCELN,length1,81
1,101211,101202,9,MVV,length1,9
1,101355,101307,48,MQKLLIYLLNILMRRF,length1,48
1,102219,102201,18,MAFTMP,length1,18
1,102390,102297,93,MESHRRVSIFSFLGGKNSKETLIFLLKSAIC,length1,93
1,102540,102510,30,MIIINNSING,length1,30
1,102630,102609,21,MIYPILQ,length1,21
1,102960,102942,18,MRQVKL,length1,18
1,103128,103125,3,M,length1,3
1,103305,103260,45,MQVLNTNTLHNNHKY,length1,45
1,103722,103332,390,MAENQNYGTGRRKSSSARVFIKPGSGKITINQRELDVYFGRETARMVVRQPLELVELTDKLDLYITVKGGGISGQAGAIRHGITRALMEYDETLRPALRAAGFVTRDARRVERKKVGLHKARRRPQYSKR,length1,390
1,103839,103824,15,MLANR,length1,15
1,103875,103848,27,MVKCCPLKT,length1,27
1,104541,103905,636,MSSTSSKRSVMTLFSNKDDIYCHQVKIVLAEKGVLYENAEVDLQALPEDLMELNPYGTVPTLVDRDLVLFNSRIIMEYLDERFPHPPLMQVYPVSRAKDRLLMLRIEQDWYPTLAKAENGTEKEKTSALKQLKEELLGIAPIFQQMPYFMNEEFGLVDCYVAPLLWKLKHLGVEFTGTGSKAIKAYMERVFTRDSFLQSVGEAAPKNLMDDK,length1,636
1,104601,104592,9,MIG,length1,9
1,104649,104637,12,MRLT,length1,12
1,104676,104658,18,MFLSNM,length1,18
1,104697,104682,15,MDRLY,length1,15
1,104844,104739,105,MISSSLMRVLKVSLVNCIFQWAQPLRFMLVRMAMA,length1,105
1,104925,104868,57,MMNLTLSQILNNQQVFMKQ,length1,57
1,105135,105108,27,MLLAVSLVE,length1,27
1,105246,105183,63,MNLVLPQQQIPLHLELHFLPM,length1,63
1,105429,105360,69,MVIEYQNLKSQFFDLFELNVIYQ,length1,69
1,105618,105603,15,MHLDV,length1,15
1,105783,105723,60,MSSKLRRQVYIRQLQVLWQT,length1,60
1,106233,106179,54,MYFLAKTLHLSYVLRFFS,length1,54
1,106356,106335,21,MHQRFLK,length1,21
1,106443,106401,42,MPPRDLMPQMPFPQ,length1,42
1,106770,106698,72,MASYIHNAAQRLAQQCLNLTLNVR,length1,72
1,107268,107247,21,MWRTNET,length1,21
1,107316,107310,6,MD,length1,6
1,107364,107346,18,MLRNKI,length1,18
1,107556,107532,24,MTSRMSTT,length1,24
1,107784,107754,30,MTFNALKLSF,length1,30
1,108156,108093,63,MELSFFTVKIVCHCTVFYLSC,length1,63
1,110043,109725,318,MRNQTKQHLEQLQITMQQLNLWQTMPPAAEAFLSEEPFSIDTMSAEEWLQWVFIPRMQALLESGSALPHKIAISPYIEEAMKEFDELQQLLTPLVALEELLNNNQC,length1,318
1,110079,110061,18,MSFSLR,length1,18
1,110118,110091,27,MVCWFIAVG,length1,27
1,110433,110424,9,MKD,length1,9
1,110607,110580,27,MVTYIKIVH,length1,27
1,110727,110709,18,MNNGIN,length1,18
1,110907,110751,156,MFDINLTHEQQQKAVEQIQELMAKGISSGEAIQIVAKALREIHKNDKKTPDN,length1,156
1,111087,111078,9,MVQ,length1,9
1,111963,111921,42,MLIILQRREKWTQP,length1,42
1,112134,112128,6,MK,length1,6
1,112236,112155,81,MSFLQENLSKLPILRKQQSRAVLSLIC,length1,81
1,112284,112260,24,MCLLLFQR,length1,24
1,112308,112287,21,MNHNYLN,length1,21
1,112452,112440,12,MRKP,length1,12
1,112500,112488,12,MVFH,length1,12
1,112590,112530,60,MFIRIKHLIYRINYNEFFRN,length1,60
1,112710,112632,78,MDWHKKSPHFQIMISTISLKIASLSL,length1,78
1,112770,112740,30,MENKKMAKNQ,length1,30
1,112812,112806,6,MA,length1,6
1,112866,112833,33,MNNALISLYFQ,length1,33
1,112986,112923,63,MQNILFIIHSAPYGGWKLTKY,length1,63
1,114132,114105,27,MLRPDRREV,length1,27
1,114231,114225,6,MT,length1,6
1,114288,114243,45,MFTAFNAFPCRFNTN,length1,45
1,114510,114489,21,MGGFIVC,length1,21
1,115920,115803,117,MQLWFSFFLLNLELICTIKVVQISFDCKQFHFNFKNVIK,length1,117
1,117033,116112,921,MGGLGGFGALCALPTKYKEPILVSGTDGVGTKLRLAIDLKKHDTIGQDLVAMCVNDLIVQGAEPLFFLDYYATGKLDVDVAASVIKGIADGCEMSGCALVGGETTEMPGMYHEGDYDLAGFCVGVVEKSEIIDGTAVKTGDTLIALGSSGAHSNGYSLIRKVLEVSGANPADLLEGKPLSEHFLAPTKIYVKSILQLIKQTEVHAIAHLTGGGFWENIPRVLPANTKAVIDESSWQWPAIFNWLQEKGNISRYEMYRTFNCGVGMVISLPEKEVETALALLEQAGEKAWVIGKIEHLGEGEAQVEIQ,length1,921
1,117726,117090,636,MKKIAVLISGQGTNLQTIIDACHLGDIPAKIACVVSNKADAYGLVRAKQAQIPQAVFLRKNFSNNLEMDDAIGDYLQSLAVDLIVLAGYMKILTPKFTQRFAGKILNIHPSLLPKYAGLNTYQRAIEAGDNEHGTTVHFVNEEVDGGAIVLRAKVPIFPEDSIEEVEAKTREQEYQIYPLVIKWFTEGRLRLKDNLAYLDGKALPKSGYANE,length1,636
1,117777,117774,3,M,length1,3
1,117990,117972,18,MIFTRP,length1,18
1,118104,118080,24,MTVSPANG,length1,24
1,118716,118698,18,MKRAII,length1,18
1,118869,118863,6,MV,length1,6
1,119007,118929,78,MRQINLFVPLCLKSLIQLQFLSPLQE,length1,78
1,120054,120030,24,MVSTVKPR,length1,24
1,120384,120351,33,MASKPTRSPGK,length1,33
1,120540,120525,15,MILSS,length1,15
1,120711,120669,42,MYVSNIEKNSVKLI,length1,42
1,120852,120762,90,MAAEKLTKKRLAQILIMLCILIIAFVWRYF,length1,90
1,120903,120888,15,MDYFQ,length1,15
1,121290,121212,78,MKWGAEEEKKIELQAQGLQPDTLFSI,length1,78
1,121398,121386,12,MLVG,length1,12
1,121518,121404,114,MRNCVLILSLVCLMQHSENSKNLPSENICIFTTHGVRH,length1,114
1,121545,121542,3,M,length1,3
1,121647,121596,51,MSIMPLIWRRWRNYSIS,length1,51
1,122199,122064,135,MINLFIFCSFCRILGVRIRRRLKKVRSDFVMFYWAMRFFALSQFI,length1,135
1,122445,122388,57,MREVHERCKVERVDFGLSH,length1,57
1,122541,122535,6,MN,length1,6
1,122646,122631,15,MKKVE,length1,15
1,123006,122850,156,MSFTSPLIPSTALSRRFPTPSIIVSSGVLFKSLSKTLVGFIPKLSTAICRSC,length1,156
1,123222,123138,84,MTSNGIVTMDLARNCKILRLSAALRLVE,length1,84
1,123420,123333,87,MLARLASSIIISISSFCLLNNLIIPSISS,length1,87
1,123588,123516,72,MSPLNFSDCSCHWEISVICSCASL,length1,72
1,123888,123669,219,MCSSKFNFALDISAAIALSSSSVLNSPLTSIKYNSLIVILSLIRDKINEFTSYSSHLLLALFLLRMRIIFLIN,length1,219
1,124917,124770,147,MSMWPKILPDLFQHYHQDCKNLLMIAFPVQIFLTPIRINKHHCRTYTLS,length1,147
1,125160,125121,39,MCFEISTLGYSPA,length1,39
1,125388,125337,51,MKVTDLHKLFSYSCNQP,length1,51
1,125613,125496,117,MGVNICRPPFAVEVIRNCIAFHFFLHKELPLCIFRYFRV,length1,117
1,125715,125652,63,MKPLQLARVIQPNKTAYIALV,length1,63
1,125763,125748,15,MNLNN,length1,15
1,126201,126171,30,MICNCLFYFS,length1,30
1,126312,126273,39,MKCNHKVVIHFIT,length1,39
1,126786,126705,81,MISGSLFIAGIRIESLNSSPLALPSLM,length1,81
1,127056,126999,57,MLEYHFPLFLYVPILFGFL,length1,57
1,127458,127443,15,MKMYN,length1,15
1,127749,127722,27,MLQIHTLFL,length1,27
1,127776,127767,9,MGR,length1,9
1,127887,127875,12,MFFV,length1,12
1,128199,127962,237,MFSIIILNTKTLSLTQKYLVVLLFHQGVLRCYNCGFSLVRLAYCKVALCVVAHRDLLRIFSHLGLFYYQDQCQLLFHPE,length1,237
1,128439,128418,21,MSQRLSH,length1,21
1,128760,128712,48,MVDSILFLIVELYYFK,length1,48
1,128964,128778,186,MLPIEKAYEIVGGISAMARHFNLTPWAVSKWREKVPAERCAKIEELTDGKVKKSELRPDLWD,length1,186
1,129453,129015,438,MEMKKVIIEMVDRIPGGRSAVAGFLGFTESELKNRLYQTKGQRFKNEELIAIQQEYGCTQFIDELCRLAGGRFVPDVAENELDKVELANLQLHELSARGLLFAALETALEDGEITSKEEDKIRQALSKHLAATQHSIECAIVLHKK,length1,438
1,130176,129504,672,MNQLLTISKENTSTLTMSSREIAELINKNHSDLCRSIERLIAKEVIWGYQPMAYTHPQNGQTYYEYHLTKRDSLIVVAQNCPEFTAAIVDRWQALENQQKPTALIPQSFSEALMLAAQLQAEKERNAPKVAFVDHYVEVGTSKSFRETAKILKMPERALVNRLVEDKYLYRQSGVLLPYQSARTKDLFTVKTGTAEHGHNYTQTRVTSKGIEFIASRYASELML,length1,672
1,130320,130260,60,MPMMMEFVSQVINTLPINAR,length1,60
1,130461,130401,60,MVPSQIYTFYTLNKVVKILH,length1,60
1,130788,130515,273,MNLKKLRKKAKPKCCLSSSVLPDNWRKILSHTAKPKRASLIKRNSTVCKNRRTRLGFRFVKRWKFASNATGRDLTHRGIGVMKNCDQIHRT,length1,273
1,131673,131514,159,MTSYKCPKCGAELEDFYTPDYFISSSEWDDDRFRCNGHLIEPIPFPQVSKFMQ,length1,159
1,131775,131766,9,MML,length1,9
1,132162,132156,6,MA,length1,6
1,132225,132207,18,MMRFWS,length1,18
1,132336,132300,36,MQSLWQSVCKNL,length1,36
1,132375,132366,9,MCD,length1,9
1,132666,132621,45,MRGISILAVSDAIFS,length1,45
1,132702,132684,18,MDIDQD,length1,18
1,133494,132831,663,MKCKIDGCNREAMYKADCVCQMHYFRFMRNGTYDLLPKPIRKYRRHNGKGYQLIFEPRHQLAMSDGYVYEHRFVIYSIYQNNLPNCKLCGCKLTWSSCHIDHIDNDITNNTLENLRPICRACNVMRSHTLIPKYTHKGHSKITFNGLTMTAAEWARQDGVTVAGNTILRRIRDGWSIERALFETSSTHPNAAVKHTTTKYKNRFEVKSTGISLDLRLQGDD,length1,663
1,133896,133620,276,MKCDARYAEKYRMRPISDELGMEIDGYLGVIRKVTPELYDVFVLTYIKRWEKQEIWRYLHISRREYFNRLKTVKTSLLLLLSTEGKQCLFIA,length1,276
1,134523,134394,129,MPQCPLWLKSGLEFLLFGRCFVAYQPTPLLHVLVDKYHTRQVK,length1,129
1,134634,134610,24,MVLDYLHP,length1,24
1,134736,134709,27,MLQKQKHLK,length1,27
1,136128,136047,81,MGSIRTQFKPRLRWVYLRHVITNYRTS,length1,81
1,136284,136164,120,MYYIAVLVHSKRKKEFYSPDRKRSGLFYCLKNRREKIYAN,length1,120
1,136335,136311,24,MVLVANKS,length1,24
1,136782,136746,36,MKVADLQDLKKI,length1,36
1,136902,136854,48,MSANLNLLPIVFMLIV,length1,48
1,136956,136908,48,MAMRKVEMVGSIVVVD,length1,48
1,137004,136983,21,MPRLENG,length1,21
1,137043,137025,18,MMWQGI,length1,18
1,137142,137085,57,MSWLSLILWKKLREELMVD,length1,57
1,137181,137145,36,MALMSVASSIEH,length1,36
1,137517,137196,321,MTKYIYMALAGVVVVLIGALRYQSSVIDELEITTKQQENTIQQQEDANKSLSLALQQERYAIIEQQERNNEIERIATENAESVKTIIKTQPCAHTRLPQSVLDRLHE,length1,321
1,137808,137739,69,MPSAVAILMRVLLRKVCEFSCCE,length1,69
1,137892,137823,69,MPKRLATSACVKPKCSRQARNAE,length1,69
1,137970,137958,12,MIFS,length1,12
1,138411,138399,12,MFRF,length1,12
1,138843,138786,57,MFRKRKLSGKTVHASRLLG,length1,57
1,138888,138885,3,M,length1,3
1,138939,138912,27,MFQKKVGIY,length1,27
1,139026,139005,21,MIPISVL,length1,21
1,139185,139134,51,MNFIVTFMRASLWLIPI,length1,51
1,139260,139224,36,MRISSSVLPLKE,length1,36
1,139368,139278,90,MWLMRVRIVTIMHLFTVLWCLTLKFGRMAM,length1,90
1,139641,139509,132,MLVVQLLIPSVNISKEKRIKICFRTLKPNLGGRCEIDSIKPIEQ,length1,132
1,139674,139647,27,MGMFTLTMN,length1,27
1,139764,139746,18,MTITGG,length1,18
1,139830,139824,6,ML,length1,6
1,141213,139881,1332,MNILDGIKSLALKLGSKQDQTYYARGLSLTDDLMQIEALWRDNWIANKVCIKRSEDMVRNWRDIFSNDLKSEQLDEFTKLERRLKLRETLTKALQWSSLYGAVGLLLVTDTINITSPLQPTERLKRLIILPKWKISPTGQRDDDVFSPNFGRYSEYTIIGGTQSVLVHHSRLLIINANDAPLSDNDVWGVSDFEKIIDVLKRFDSASANVGDLIFESKIDIFKIAGLSDKISAGLENDVAHVISAVQSIKSATNSLLLDAENEYDRKELSFGGLKDLLTEFRNAVAGAADMPVTILFGQSVSGLASGDEDIQNYHESIHRLQETRLRPVLEVLDTLLCNELFGGQPDDWWFEFLPLTVVKQEQQVNMLNTFATAANTLIQNGVVNEYQVANELRESGLFANISAEDIEEMKNVNEFAGNFEEPENTEDAQVQASEDEQENGALV,length1,1332
1,141912,141891,21,MRSDSSA,length1,21
1,142452,142440,12,MASA,length1,12
1,142509,142470,39,MPYCLWLGLFYHS,length1,39
1,142740,142566,174,MKFTDKTTQAATQRTITKDGFLVVPATISKVGVFDYLATELGLKEDGIKKVARTEKSL,length1,174
1,142992,142974,18,MLEISR,length1,18
1,144747,143925,822,MAKKYDLHCHSTASDGVLSPTELVHRAYAQGVNVLALCDHDTIAGIDEAEIAAKEVGIELITGVEISTNWEGRGIHIVGLNFDKTHPKMTALLQSQKALREKRAVEIGDKLEKAGIPNAYDGAKALADGEVTRAHYARYLVQIGKVSNDGQAFKRYLGQGKSAFVKAEWADIPTAIETIHAAGGVAVIAHPLRYNMTGKWVRKLIVDFKAWGGDGMEMADCGQTKDQRQMLARWAKEFNLLGSVGSDFHFPCGWIELGKNLDLVDSVIPVWEKF,length1,822
1,144843,144822,21,MAQNIKN,length1,21
1,145047,145032,15,MPINA,length1,15
1,145308,145230,78,MSVIAKFFPSMGFSYLKESINGRSFS,length1,78
1,145344,145338,6,MV,length1,6
1,145395,145383,12,MGCQ,length1,12
1,146175,146166,9,MSG,length1,9
1,146334,146316,18,MWQRIF,length1,18
1,146724,146634,90,MCTIGNYFVHIHIRLCTRTSLPNNKWELII,length1,90
1,146862,146799,63,MISKCGCFFQIAKSFDNFMWH,length1,63
1,147081,147075,6,MM,length1,6
1,147315,147267,48,MMIKQVFFIIKTRRVS,length1,48
1,147327,147318,9,MFL,length1,9
1,147402,147363,39,MRSKFYFLFMFHP,length1,39
1,147636,147627,9,MFP,length1,9
1,147768,147717,51,MNNKIHIKINNSFNMLR,length1,51
1,147786,147777,9,MKI,length1,9
1,147909,147900,9,MHF,length1,9
1,147990,147969,21,MMVAKGF,length1,21
1,148182,148065,117,MLIIRIVIISIQVKAIFCFFSKSIIAGVIISFLVLVKTK,length1,117
1,148608,148596,12,MNYF,length1,12
1,148815,148788,27,MAFREKSTN,length1,27
1,150312,150000,312,MQPNEITFYQRFEADILAGRKTITIRDKSESHFKAGDILRVGRFEDNQYFCTIEVLSVSPITLDELTEQHAKQENMGLDKLKEVIKTIYPNEHESWIINFKLIG,length1,312
1,150483,150468,15,MLEAD,length1,15
1,150504,150501,3,M,length1,3
1,150693,150678,15,MYCNK,length1,15
1,151104,151050,54,MASGDRPRRYCNPNGGGT,length1,54
1,151998,151971,27,MVCEREAAC,length1,27
1,152307,152271,36,MDVLYFRLARAN,length1,36
1,152793,152763,30,MECKPFRLNE,length1,30
1,154281,154146,135,MACSTLFGEMPPAKIILCLRFSGINDQSKVFPVPPCWFDVWLSKI,length1,135
1,154995,154770,225,MPDSLIIRTLAGIQSAYFLVSSTTRFKSTVKSCKLRLLTPIIFAPSARARSNSSSLLVSVNTPIPRECASSASTR,length1,225
1,155283,155280,3,M,length1,3
1,155463,155445,18,MGLVKS,length1,18
1,155595,155565,30,MRQYILHILF,length1,30
1,155679,155655,24,MFSLSFAL,length1,24
1,155883,155856,27,MYNKGMLMF,length1,27
1,155979,155943,36,MISWASRIDKRP,length1,36
1,156063,156030,33,MTETRMILLSK,length1,33
1,156210,156186,24,MFCHFCSH,length1,24
1,156495,156474,21,MSAIKLF,length1,21
1,157122,157086,36,MRKWVNHDDELP,length1,36
1,157449,157377,72,MAVKSQLLMAFLALEKVQEWYQVY,length1,72
1,157965,157878,87,MCPYSYRLDRREVHLIQGVIYPPHETLNA,length1,87
1,158250,158235,15,MHQTK,length1,15
1,158385,158322,63,MYSGKQGKNDEKAQFGIHHQC,length1,63
1,158661,158658,3,M,length1,3
1,158946,158943,3,M,length1,3
1,159699,159564,135,MSINFIKSKMYLFLNIFYFNIYENIAFCIPISERVKIIIANKLMI,length1,135
1,160023,159975,48,MLTWISLILYAFNSQR,length1,48
1,160176,160170,6,MQ,length1,6
1,160458,160413,45,MQSSLFLQRFYLLIH,length1,45
1,160587,160515,72,MIYIHVQVLQLQKLQQVSQFHLNK,length1,72
1,161037,161019,18,MKNNHV,length1,18
1,161202,161178,24,MHSFVNKH,length1,24
1,161460,161445,15,MTLSQ,length1,15
1,161529,161520,9,MKI,length1,9
1,161604,161601,3,M,length1,3
1,162012,161883,129,MRSGHLYMRKKLGIKLIINPSVRAADNSKLLQKRLILVPLTIQ,length1,129
1,162396,162366,30,MRELLLMFAK,length1,30
1,162417,162414,3,M,length1,3
1,162564,162423,141,MPMPNKISLLGFHYKIKQGNLYSLLMKVSWQLQVTQNGTKRQEWVLY,length1,141
1,162621,162570,51,MKRGKNLGQLRRRVLFY,length1,51
1,162663,162657,6,MY,length1,6
1,162714,162699,15,MRQLN,length1,15
1,162777,162720,57,MCQFQLMWCLPLKVNGKQS,length1,57
1,163824,162879,945,MLTKSRKYFNQTWIESLFKQTTALFALLVFILLAAILISLVIGSWESIKRFGGSFLLETYWDPVQEQYGAIIPILGTLITAGIALFIAVPISFGIAIFLTELAPNWLKRPISIAIEMLAAIPSIIYGMWGLFVFVPLFQEHIQPVLIDNLGNLPGLELFFSGVPFGVGLFTAGLVLAIMIIPFIASVMRDVFSIVPPMLKEGAYGLGATTWEVVRQVIVPHTRIGLVGSVMLGLGRALGETMAITFIIGNSFQLPNSLFSPSTSIASAIANEFNEAGGLQKSALMELGLLLFVITTMVLILSRLMITKMQQTKGK,length1,945
1,164409,164373,36,MASYYDDLLSSS,length1,36
1,164691,164676,15,MRQYD,length1,15
1,165084,165072,12,MGID,length1,12
1,165573,165498,75,MYYFSLHFYAINQMKEYYDEKNSDS,length1,75
1,165594,165582,12,MCNP,length1,12
1,165918,165903,15,MEENL,length1,15
1,166176,166173,3,M,length1,3
1,167517,166242,1275,MKKILNFIVEINLAIIISLFTSDFILWFAIILLLILAWHHINEYRLLKYLNLKQDNKFSLLQLGTFSQTEAYHRHQIYKEKCASLRLLSQINKNIKYLPDAIIICQHNGNISWCNSIAQQMFDFCWNKKVQKNIFDVIFYEQFKHYFFSQKKRRPLVLLTYNQRYIEVQSHAYNSHMILVIARDITDMIHLLNSRQKFLSNINHELRTPLTVLQGYLEILADNNIQNPLQKKAIFAMQEQSQRMEHLLQQFNFLAKIETTSDKDFRKFDMSAMINSLRKDTDILNTYNHHIEFIIQPNIIIFGNESQLRSAVSNLIYNAIKHSGKQCHIQIQWETCEQGIKFNVIDNGVGISPQHIPHLTERFYRVDESRSHLTGGSGLGLAIVKHTLLQYHSHLNIESTETKGSSFSFIIPKRFVISKNNKEIQ,length1,1275
1,168096,168093,3,M,length1,3
1,168294,168282,12,MFLG,length1,12
1,168423,168414,9,MEQ,length1,9
1,168468,168459,9,MFR,length1,9
1,168747,168735,12,MHKF,length1,12
1,168900,168891,9,MPR,length1,9
1,168960,168954,6,MH,length1,6
1,169149,169116,33,MLNTICFSEFF,length1,33
1,169848,169830,18,MCFYIE,length1,18
1,170187,170178,9,MKN,length1,9
1,171663,171546,117,MLLVACDFTHEFIGCSFFRANVFWRSNKQLHIQTFAKFE,length1,117
1,172020,171954,66,MWIDTLIELRHSFRKGDAVVVK,length1,66
1,172242,172071,171,MGITNIHYQTNRFYLTKRDVLQTLIEHTNTILFTLNRFTHNICNTFRTDSQFFLTAS,length1,171
1,172407,172341,66,MLIHRNKEPHFIFRFTTIFRHS,length1,66
1,172728,172725,3,M,length1,3
1,173034,173007,27,MRFTLYNIS,length1,27
1,173472,173439,33,MQPNKLAEMFV,length1,33
1,173544,173511,33,MLFCHFITFNL,length1,33
1,173853,173784,69,MTCRSVKCGEIRRIFNGYVIVKL,length1,69
1,174072,174042,30,MFKRLATLLL,length1,30
1,174351,174348,3,M,length1,3
1,174612,174567,45,MGFKFCVIIFYIFNT,length1,45
1,174939,174909,30,MINRTLVINF,length1,30
1,175005,174996,9,MLR,length1,9
1,175143,175134,9,MFK,length1,9
1,175464,175410,54,MILFKLCTDIFNFIFEFV,length1,54
1,175629,175623,6,MT,length1,6
1,175683,175680,3,M,length1,3
1,175740,175737,3,M,length1,3
1,176268,176157,111,MSLAWASNGSSPLRTSAPKRNTDSEIVNFPLFCSPTV,length1,111
1,177120,177078,42,MFSANSSVNDKCFI,length1,42
1,177873,177846,27,MKVELLDLF,length1,27
1,178161,178086,75,MHKSMEEQKHFLKYFHAKLKDKAHL,length1,75
1,178485,178419,66,MYYHYHVLLIFLHFPAKKLLVF,length1,66
1,178527,178518,9,MFL,length1,9
1,178617,178566,51,MVGKEIQQVKYHDLVYR,length1,51
1,178851,178701,150,MKIRFYIQMLQNLDECHQFQQTNLLFYILSYLLLINTYQSHALALQHNVY,length1,150
1,179544,179493,51,MFHLINVHSLKLPLANL,length1,51
1,179856,179649,207,MVQTHYDAKNVRFRYSPRPLLLNQKRVEFHLPQWKVVQKDAMRKIHADECNNQIRQHLMALNDKSPSPQ,length1,207
1,180204,180126,78,MFQSLNCKALKLNKKLERLYRIFYGS,length1,78
1,181227,180288,939,MSELTQLAQQEKKQSYNFNKLQKRLRRNVGNAISDFGMIEDGDKVMVCLSGGKDSYTLLDILLNLQQSAPIKFDIVAVNLDQKQPGFPEHVLPEYLESIGVDYKIVQENTYGIVKEKIPEGKTTCSLCSRLRRGILYRTATELGATKIALGHHRDDMLATLFLNMFYGGKMKSMPPKLISDDGKQIVIRPLTYCKEKDIEKYAIAKEFPIIPCNLCGSQPNLQRQVVKEMLNTWDRQYPGRLETMFSAMQNITLSHMSDPKLFDFKGIKHGQMINGIEGDTAFDEEQITPMQFEDEDQTDFSNNEMINFKEVN,length1,939
1,181401,181296,105,MERRCRSLYCTAGKYRINRCPLGSDLLCTRLLSRI,length1,105
1,181578,181551,27,MPIKVRSIF,length1,27
1,181875,181668,207,MKISARNQLKGKVVSIGNGSVNAIVHIDIGGGNVLSSTVSLAAVKELNLEVGKEAYAIIKATSVMVGVE,length1,207
1,182229,182175,54,MATIINRFLPLKRSLLTR,length1,54
1,182406,182250,156,MVISLITFVLIPIFVMKIATKMVFNVVKSSLKIFQLTAPIQIKPPTLLIMSI,length1,156
1,182517,182412,105,MILLLIAVFLTVLCKLCQELVTLKLIFLMRLCFLK,length1,105
1,182775,182703,72,MILVRQSYNLNTINKHSIFWLKKD,length1,72
1,182787,182778,9,MII,length1,9
1,182880,182859,21,MPITKRN,length1,21
1,183027,183024,3,M,length1,3
1,183231,183150,81,MLKQHLCQIKMVSHCIISKKAGMVIAV,length1,81
1,183267,183264,3,M,length1,3
1,183375,183360,15,MFIQK,length1,15
1,183408,183396,12,MMGL,length1,12
1,183555,183546,9,MII,length1,9
1,183624,183606,18,MIQDLH,length1,18
1,183663,183642,21,MVVLLLL,length1,21
1,183732,183693,39,MMIQHVSIKTFHL,length1,39
1,183756,183744,12,MQMN,length1,12
1,183936,183888,48,MGVHSVLIFILSSLTI,length1,48
1,184014,184011,3,M,length1,3
1,184050,184020,30,MNLIQMNPSI,length1,30
1,184341,184203,138,MKNLIAIIIMMIFHVSVAITMADIHNGIVAFVGNPPFVVNIVSICK,length1,138
1,184443,184353,90,MFSIKHVKIKSLLFPPTMNMVFIRLGVNFG,length1,90
1,187347,184569,2778,MKKTTAFFLLIFSLIACQSLELSPNSDLPFDPNIQHGKLSNGLQYFVLKNTEPKERVYIRLVINAGSMHEDDDQKGIAHLVEHMAFNGSKKYPENQIINALEKLGMKFARDINAFTDFENTVYTLNLDSNNQQKLELAFDVINEWMNNITFLPKDVDGERGVVQEEWRRRLSPMLRIGNKKSAIEMAGSRYVLRDPIGDMDIIKTISAKRVADFYHKWYRPDNMSVIIVGDIDTKQVVKLLKQNLSQENPITKTTLEKIDFNIPLINKWRLDSISEQGTTIPSIELSFFENTIETNTLASYKQELIQQITTRLLNLRLQKWEKETENGVDSANFYRTHLGKETLQSIFSLQLIDTQYSKTIDKLFAFIASIKQQGFTQNELNGEIKRLTQLNEKQLNIRSGSLKIADDLITSVANKQVVLSVNDRYELNKRFLSQITLADLQRTLNQTLVLKAKLLLITQPLPQKALPFDVVEIETRWNNAMKMQQHQWDEKKQLEKLPHLTFNTGSLSQEKYWDRGDIYEFRLSNGSKLIYHYSDKTPNQVHFRAVTKGGLRSIPDKDYHLLRAAVSVVDETGVGELSLSAVNQIFSRDPLVIATVIDDDKQGFTGVSKPKDLENLLTLFRLKLRSSPISDLALEKYRRETRDYFKQIDLETQFMQAVSKLRFPNIETVYSQKQAQQLAFDKNQLSNAYQRYILNKTDFTYFIIGDIELNQVKKLAERYLASVESKTQIRHFVPTIIHTPTQSFIMNGLKEPRADVEIYLTADNTWRAEQKYLFNILADIVQEKLRLILREKVSGIYSVNSWFMQDVHTPQIEGKIEFSCDPKRVEELTHLTNQVLDDIVKNGIDENLLRKKLAEQHTQIRREFDSLVSVASIIEESYWQQDNPDAIYTYQHLDQLATKATIDALAQKALKKSGRFVSILKAASY,length1,2778
1,187380,187374,6,MK,length1,6
1,187659,187545,114,MYLNQHLYGYVLPLCLLRFLYRHKRAYKAHGVKYAHEF,length1,114
1,187824,187794,30,MQGRNLHILQ,length1,30
1,188136,187935,201,MRSLIALYHIAIHDLNNLVVQTQFSDHRMRLHLLGFHIQDRCVLMLLQDLLPLDPTSHLNRYDFPDE,length1,201
1,188376,188301,75,MVHYDGKNQIPPYGLVNHGKILNLD,length1,75
1,188550,188511,39,MGLLLLDNRIVLI,length1,39
1,188811,188649,162,MLYQFYGDRVLPLLLSVLNIQQVVFYPPKPYHRYVVTFCFCCRHASTHQRLFVI,length1,162
1,188982,188937,45,MARRVFQRYHALLAK,length1,45
1,189786,189753,33,MLSKNYKVITL,length1,33
1,190113,190098,15,MMKKI,length1,15
1,190254,190161,93,MCNLFMHKALDSGQRRLKKPKRPQKIKLMKL,length1,93
1,190596,190590,6,MC,length1,6
1,190776,190671,105,MYWLFFRWCDLATFQNFARVITICTSHILAKTTKF,length1,105
1,190842,190779,63,MHIRTAFITLNNRAIITFNFE,length1,63
1,190968,190893,75,MDFTMCIDYIAVHCRSTFCATFTIH,length1,75
1,191889,191838,51,MSLLRIFFTRIEIWFFW,length1,51
1,191961,191907,54,MIFNIATRHIKRILTQIG,length1,54
1,192645,192567,78,MPRNRFPFSIQVGCEINVICFFSKRL,length1,78
1,192888,192852,36,MSHARFHDILAT,length1,36
1,193152,193005,147,MLAKSSIFSKKVYKWINSTRFLFSAKSLKPKVLHWQQSNKIFLWRWQAN,length1,147
1,193329,193275,54,MKQIPALLSLPVHYKEIY,length1,54
1,193518,193428,90,MIRKSIYYPKAMILLFVLVIWKIARWFHVK,length1,90
1,193596,193569,27,MVFHKRLMI,length1,27
1,193632,193608,24,MAYFIKMQ,length1,24
1,193881,193848,33,MWSIQTEDIYQ,length1,33
1,193974,193947,27,MKIIFKCYK,length1,27
1,194124,194016,108,MRVFYNAFKISSTRSFASPKSICVFSLKNNGFCTPA,length1,108
1,194382,194352,30,MWPGKRPATG,length1,30
1,194643,194601,42,MTLTNERFIALHIM,length1,42
1,195042,194688,354,MSKSLFNIKPAAAAAQPEYELSIDTTTGISAPPIDATKCHPNASAIAVINNTGKMLSGLFKNATINNADTTSAAKFNLWRCGNINAFELIFPLNLPNATTEPVKVTAPIKIPKNTSTL,length1,354
1,195294,195255,39,MIIAIMIQNVPSE,length1,39
1,195483,195306,177,MVAIRAMVIPTIPNQQPALAVSCLESPAKLIMKSNAAKIYAACTKPSDIVRSLTFSKHC,length1,177
1,195705,195663,42,MANIPNHVITYHTS,length1,42
1,195726,195723,3,M,length1,3
1,196662,196560,102,MRSFNDSTITRNIRHRRKRIQCLRTRNTRHRIHC,length1,102
1,197067,197019,48,MIGLMKLMNKPSPIHR,length1,48
1,197154,197112,42,MKIGNVFKWFYKIL,length1,42
1,197823,197643,180,MLSSPTFSKISTFAPSSVPSVNAPFKANFILLVPDASVPARDICSEISAAGIINCARLTL,length1,180
1,197925,197877,48,MTLATSLIKWIVCFAA,length1,48
1,198216,198156,60,MSATASLNAFSCLNGLSFSI,length1,60
1,198810,198654,156,MLRVISHAFFHSKPSSSTKIRINSGIANAGWVSFKWIATLSAKFSRLSWVRL,length1,156
1,199221,199125,96,MFPPNSTVKRLDGRINSQGAPFSSHASGRSTC,length1,96
1,199491,199431,60,MPSAIIALDSVRPIKNSIER,length1,60
1,199761,199746,15,MLRND,length1,15
1,199968,199842,126,MLFTQPTKVVRILCLSLQKTSTTTPLAKYSFTSGVIVKKVYE,length1,126
1,200250,200166,84,MLSEVLSTTVSAKPPVLRTSGSVPYCKP,length1,84
1,200628,200622,6,MY,length1,6
1,200997,200925,72,MVNTDFAGRPLLNRYAAHKPACQS,length1,72
1,201273,201252,21,MPAIIAG,length1,21
1,201462,201429,33,MNNARSAPPLC,length1,33
1,201807,201798,9,MHR,length1,9
1,201855,201831,24,MSYLLGAR,length1,24
1,202194,202050,144,MGEHKARLLLNILAIHLYRNRGWCSGCQLHDLTFCKDNPHQTHKSPLK,length1,144
1,203097,203061,36,MLSHCTFSSDHH,length1,36
1,203763,203748,15,MSVKS,length1,15
1,203853,203832,21,MWHCSTQ,length1,21
1,204534,204363,171,MVSAQGVLGKVSFSQLKSSEITTALGARCALSRLSESKNQEQLSSLLKSGLPFTAFA,length1,171
1,205125,204837,288,MTFAQKHRWFIRANVIRPYNLSIRIISPSISNKLLLTAEWTLKSNFLVRGFRFFHLRHNQNCPRLNLRNTSNRYLKFLRIFLQHSRRCGNCGEAQG,length1,288
1,205458,205446,12,MHAS,length1,12
1,206112,206052,60,MRLNHGYHLGNALAPNLKSR,length1,60
1,206259,206151,108,MPQVSQNDWLANKAQVVDSPKNHQTEIQKAVKILYG,length1,108
1,206442,206436,6,MH,length1,6
1,206751,206739,12,MGEA,length1,12
1,207549,207525,24,MREHHVYQ,length1,24
1,207891,207885,6,MV,length1,6
1,208125,208104,21,MRKVVLL,length1,21
1,208602,208587,15,MNYKD,length1,15
1,208644,208626,18,MANVMD,length1,18
1,208809,208791,18,MVEKLF,length1,18
1,208998,208977,21,MVGDLDD,length1,21
1,209121,209028,93,MQPVHRQTVLSLLAEAAKAQQKLKPSFHPQK,length1,93
1,209529,209511,18,MLKRSE,length1,18
1,210708,210693,15,MDVQY,length1,15
1,210777,210759,18,MYRLSV,length1,18
1,211002,210906,96,MAKPYQFLHVNLLYPRQIRHFSFFQITLSFLQ,length1,96
1,211107,211017,90,MGCFYQVRLRYHDIHAFHLEKAHQHKPNLF,length1,90
1,211179,211152,27,MHNAVRPPI,length1,27
1,211533,211455,78,MSLYGSSFSLVKIKKYSAILYKSKGK,length1,78
1,211653,211638,15,MHKVR,length1,15
1,211749,211665,84,MFSLPNPASSHLIGNFAVFACIHGDTAF,length1,84
1,212166,212070,96,MIHPNNFTHNFVANCLNSFHPTTSMTSWTFIA,length1,96
1,212358,212301,57,MFICLHINKINNDYATKIT,length1,57
1,212493,212430,63,MPHKCACININGGHGFCLLDN,length1,63
1,213012,212982,30,MTRWQCDIRC,length1,30
1,213165,213141,24,MGYNVRSV,length1,24
1,213315,213285,30,MHFAQHSCFY,length1,30
1,213456,213444,12,MHPF,length1,12
1,214674,214614,60,MAWQNNGVSYCRTCYLDRTR,length1,60
1,215961,214998,963,MIDFRPFYQQIATTNLSDWLETLPLQLKEWETQTHGDYAKWSKIVDFLPDLHADEIDLKSAVKSDRTFPLSEGEKQRIIHHLKQLMPWRKGPYHLFGIHVDCEWRSDFKWDRVLPHLAPLQGRTILDVGCGSGYHMWRMVGEGAKMVVGIDPTELFLCQFEAVRKLLNNDRRANLIPLGIEQMQPLAAFDTVFSMGVLYHRKSPLDHLSQLKNQLVKGGELVLETLVVDGDVNTVLIPADRYAKMKNVYFIPSVAALINWLEKVGFTNVRCVDVATTTLEEQRKTDWLENESLIDFLDSNDHSKTIEGYQAPKRAVILANK,length1,963
1,216084,216072,12,MAQF,length1,12
1,216294,216276,18,MRLICR,length1,18
1,216336,216324,12,MISN,length1,12
1,216405,216342,63,MIFFRQKMRCNIEIFWPKRIR,length1,63
1,216417,216414,3,M,length1,3
1,216450,216435,15,MRQMN,length1,15
1,216528,216495,33,MSARRVIDHHI,length1,33
1,216738,216678,60,MRNSSMTITCSKWQQVHSQF,length1,60
1,216789,216759,30,MTKLLHLGII,length1,30
1,217638,217158,480,MSKTSIGLDKVQSAELADKLNELLATYQVFYTNVRGYHWNIKGVNFFALHAKFEEIYTNLVARVDEVAERILTLGYTPNNAYSQYLKISRIKEDIAVSEAQECLSGTLQGLKTLLDQQREILAFANNANDEGTASQMSDYIKEQEKLVWMFQAACQTCHN,length1,480
1,218025,218013,12,MKKY,length1,12
1,218343,218331,12,MLNL,length1,12
1,218397,218355,42,MPHLYRLESAYDLV,length1,42
1,218925,218856,69,MPNHRKTFPLGNNGFPNQFLHQA,length1,69
1,219231,219120,111,MQYLRHDILLSLLDVHFYHYIAEMYQDAQLNQWFSLS,length1,111
1,219372,219252,120,MLLPLHIYLLQHSPNQVGLILFVTAWLTSFAQQSWGNASH,length1,120
1,220863,220035,828,MTIFENVAFGLRMQKVPNEEIKPRVLEALRMVQLEEMADRKPTQLSGGQQQRIAIARAVVNKPKVLLLDESLSALDYKLRKQMQQELKMLQRQLGITFIFVTHDQEEAITMSDRIVLLRKGKIAQDGSPREIYEDPANLFVARFIGEINVFEATVIERKSEQVVLANVEGRICDIYTDMPVEKDQKLQVLLRPEDIVIEELDENEHSKAIIGHIIDRTYKGMTLESTVEFDHNGMRVLVSEFFNEDDPHMDHSIGQRVGITWHEGWEVVLNDEDNQ,length1,828
1,222477,221709,768,MSRLLRNAFMFVVYAYLYIPIIILVTNSFNKDRYGLSWKGFSWNWYERLFNNDTLIQAAIHSVTIAFFAATLATIVGGLTAIALYRYRFRGKQAVSGMLFIVMMSPDIVMAVSLLALFMVVGISLGFWSLLLAHVTFCLPYVTVTIFSRLNGFDSRMLEAAKDLGASEVTILRKIILPLALPAVVSGWLLSFTISLDDVVVSSFVSGVSYEILPLRIFSLVKTGVTPEVNALATIMIVLSLALVVLSQLITRKNNH,length1,768
1,222675,222552,123,MPVIRQVVFLRLFNRRTNKNEKICRFNYCQLRSCNFNRLQR,length1,123
1,223116,223107,9,MET,length1,9
1,223353,223329,24,MEWFGTYC,length1,24
1,224535,224460,75,MAFYTIDFNILFTIRHIIHYGFFGI,length1,75
1,225120,225084,36,MGNKYNTTLEIQ,length1,36
1,225426,225408,18,MMIFFQ,length1,18
1,225504,225438,66,MPYTFCDIIKNIALCITRWVLF,length1,66
1,225645,225642,3,M,length1,3
1,225930,225792,138,MGFSLKSNLLIYPQCVCIRHTCNIIANNPLLPFFRGITPTIFSISR,length1,138
1,226224,226194,30,MFIREKSLAN,length1,30
1,226329,226275,54,MCRLPLMRIYHASHNGIF,length1,54
1,226404,226335,69,MYAIGNIICQFHNAAIQRFKARL,length1,69
1,226845,226776,69,MPKRRMPNIMSKTQTLNKIVTRQ,length1,69
1,226977,226971,6,MG,length1,6
1,227058,227055,3,M,length1,3
1,227565,227553,12,MPPK,length1,12
1,227748,227598,150,MDLGKTVATISGVAPKRNAKSPPLNIAKKEAITTVERIIFHCLAIWRSCS,length1,150
1,227817,227772,45,MLKPSKLLIGAFPAI,length1,45
1,227985,227970,15,MYCCI,length1,15
1,228342,228339,3,M,length1,3
1,228417,228384,33,MTNERTNKNNF,length1,33
1,228696,228642,54,MAIRLLASLKAINPLKFV,length1,54
1,228825,228708,117,MRQKNLKPLGKNRKKPCLIWFIKKMYVLREKEKIAINAP,length1,117
1,230220,228909,1311,MIRFIFKRKKMHKPKELVFGQTIIRLNQVNGADKRKINMAFDYQMFRQAFPYFQREDAVVYLDNAATALKPQVLIDRTAEFYASAGSVHRSQYDAAQTVQYEQARTQVKEWVNAEDKRTVIWTSGTTHAINLVANGLMPQLNAEDEILISQADHHANFVTWHETAKKCGAKIRVLPILDNWLIDENALILALSEKTKLVALNFVSNVTGTEQPIKRLIQLIRKHSHALVLVDAAQAISHIKIDLQDLDADFLAFSAHKIYGPNGLGVLTGKLTALSQLQPLFFGGKMVDRVSNDRITFAELPYRLEAGTPNIAGVIGFNAILNWLQKWDFTAAEQHAISLAESVKVRLKSYENCRLFDSPQASTVVCFIFDGIDCSDLSTLLSEQNIALRVGEHCAQPYLARLGERTTLRLSFAPYNTQKDVETFFTALDKALDLLQ,length1,1311
1,230424,230307,117,MMNSLKCNLLLAAKHKCGFKLCLKMTALFNSADLAKPEL,length1,117
1,230481,230427,54,MACFGFYSIKSMAKQRMN,length1,54
1,230688,230679,9,MAV,length1,9
1,231249,231051,198,MARKLASLRSTTNEWCGIRTTIFGRNFRSSKHTFKTRTIFSSRNRKRNWHTDLLLFISCRWAIFKI,length1,198
1,231378,231327,51,MRYLSISFESIVEFFVI,length1,51
1,231906,231858,48,MCARRCKSAVKSSGSL,length1,48
1,232281,232185,96,MCRTYFLRFNALRKTRKTHRLRTLYPSWRIRH,length1,96
1,232515,232467,48,MESINKTLTIIIFKES,length1,48
1,232821,232728,93,MAQGLYISHIVIVFCGIGLINFCAPNLNLLK,length1,93
1,232911,232908,3,M,length1,3
1,232953,232932,21,MNFKHFR,length1,21
1,233478,233382,96,MLMFNFTDLRNQLKTFSKKLDKFAIKRINFRT,length1,96
1,233601,233589,12,MRIV,length1,12
1,233706,233640,66,MLRLRINSPLKITALDRLIAVR,length1,66
1,233991,233958,33,MENFQQVVVTH,length1,33
1,234633,234567,66,MTCLVVYPTKTHHQHHASVYEV,length1,66
1,235161,235122,39,MTPDNLFEYSNFR,length1,39
1,235251,235221,30,MKITHYNKHF,length1,30
1,235350,235308,42,MPPTINISFLVSSS,length1,42
1,235476,235410,66,MLKIPSILTALFLILKKNIKKL,length1,66
1,235710,235635,75,MMPLMPLKKTTKNSKASSNASAAMP,length1,75
1,235908,235821,87,MFTNTSSVALPKPKANAAGNISRRNPSFP,length1,87
1,236079,235947,132,MTQLWAVAAFSCKPNALLPPIKATSTTCPSTGKNSTPPHGSSPP,length1,132
1,236295,236229,66,MIHVGHTAHHPKATPTSLGCNT,length1,66
1,236481,236400,81,MPTWWNVWLPCPVSSSPTPKSLPVFGF,length1,81
1,236544,236523,21,MPAKSAI,length1,21
1,236667,236631,36,MKTKPLSVNPLR,length1,36
1,236772,236712,60,MSAPQNKKMTACHLQKKCKI,length1,60
1,238116,236853,1263,MSKIPLNEFITLQRGFDLPSNKRISGSVPVVASTGIAGYHNEIKVKAPGVVIGRSGSIGGGQYIEKDFFPLNTTLYVKDFKGHYPRFIYYLLKSIDFTSFNVGTGVPTLNRNHLSSILISDLGIEKEKEIANILGSLDQKIQLNTQINQTLEQIAQALFKSWFVDFDPVRAKVQALSDGLSLEQAELAAIQAISGKTPEELTALSQTQPERYAELAETAKAFPCEMVEVDGVEVPKGWEVKALDEIANYQNGLALQKFRPEDDEPFLPVVKIAQLRQGYADGDEKAKANIKPECIIDNGDVIFSWSGSLLVDIWCGGKAALNQHLFKVSSKEYPKWFYYFYTKHHLTEFQRIAYDKAVTMGHIKREHLSAAKCIVPNDELLANKTLENILEKIIFNRLENFNLQNTRDLLLPRLLNGELNG,length1,1263
1,238713,238695,18,MRLPIF,length1,18
1,239277,239229,48,MVKICLFMRANFPVAI,length1,48
1,239448,239436,12,MVYG,length1,12
1,239598,239460,138,MMVSRKSRWRVWWILSMGKTTALSPSISWKSAAVKEVNGFPILSAL,length1,138
1,239730,239601,129,MGCLWWYLSSKIRCVNRRIYCRRLISLKPIKMKLPSCLFTTKP,length1,129
1,239874,239811,63,MKKIKACGYILTMSCKACSMA,length1,63
1,239997,239988,9,MKQ,length1,9
1,240126,240096,30,MQANCLHSLN,length1,30
1,240210,240171,39,MVSFSKLFLQAKI,length1,39
1,240318,240273,45,MKSAACFLLRFRNSP,length1,45
1,240348,240321,27,MRKKAASLF,length1,27
1,240372,240351,21,MSATILL,length1,21
1,240633,240381,252,MRLTAANMALRKSCITASFRQVMLAICVMLYLMPRLLVLQVRQLALKIRTRKMCSVVMCPFMTCKMRWKMAQPCRLCMKHAKSS,length1,252
1,240756,240642,114,MLITMNYLQKLMNCWKAKKTRNYACEKNCSAQKLDCMI,length1,114
1,240816,240792,24,MKWWTAKR,length1,24
1,240996,240945,51,MRLKCRNTFTVNRKSKR,length1,51
1,241110,241071,39,MHRAVTLCILISQ,length1,39
1,241188,241179,9,MAA,length1,9
1,241203,241200,3,M,length1,3
1,241302,241287,15,MYSLK,length1,15
1,241380,241365,15,MFRLP,length1,15
1,241407,241398,9,MIF,length1,9
1,241530,241464,66,MAKRTSSIGLIKKKPSHAKKPF,length1,66
1,241638,241617,21,MMPYGQF,length1,21
1,241689,241671,18,MKDRFY,length1,18
1,242100,242064,36,MKLYLKIKVQKI,length1,36
1,242271,242109,162,MKCFLNWRKKSRKHLENRSQSTGSTKKRCGQELDYSFDVPYKNINTRLINRKKR,length1,162
1,242280,242277,3,M,length1,3
1,242772,242763,9,MIE,length1,9
1,242958,242787,171,MFSASMTRRAVASARTLKPTMMALDAVAKVASVSVIPPTPEPTTLTFTSLVESSFNA,length1,171
1,243315,243288,27,MSPLRSVPD,length1,27
1,243423,243366,57,MTTPLAMPSFTAVNSSTSD,length1,57
1,243624,243516,108,MTSCCNNSCSTRSGFASGLSILFTATTKGAPAAFAC,length1,108
1,244167,244044,123,MVTISPIFIITLMISVAFTDILFASSATVMVSPITTSAFTT,length1,123
1,244989,244896,93,MLNFFGASALTSSVITALLILRQTNKYYVQP,length1,93
1,245358,245352,6,MR,length1,6
1,246141,246135,6,MQ,length1,6
1,246456,246360,96,MLQKFSHVVIIFHWIQLPPPVKFLYSFLFFSF,length1,96
1,246513,246486,27,MFPKTKICS,length1,27
1,247263,247248,15,MQEIL,length1,15
1,247362,247335,27,MLCYIFRNS,length1,27
1,247443,247431,12,MPIN,length1,12
1,248106,248094,12,MIRE,length1,12
1,248175,248157,18,MREAKS,length1,18
1,248250,248214,36,MGIQEKYFNQKN,length1,36
1,248325,248304,21,MTNQTTL,length1,21
1,248385,248373,12,MNRE,length1,12
1,249003,249000,3,M,length1,3
1,249090,249075,15,MRITC,length1,15
1,249231,249138,93,MIFKLKLVLVFFIKQFTIKSTLFVGFCRFPI,length1,93
1,250014,249969,45,MHSVQYAFWLCIVTA,length1,45
1,250911,250776,135,MIFFTNCSANCAMTTAPTRVISSLIKCISIDFVFSVSRFVVIPSI,length1,135
1,251052,251034,18,MQLCHC,length1,18
1,251400,251379,21,MHHPKTP,length1,21
1,251697,251628,69,MVKSMDLPIVFAATCAFKFFISF,length1,69
1,252162,252024,138,MVEFCKPRLAAIRSPLAAALFIKSELLFNKLETLPAIVCDVSFVGD,length1,138
1,252783,252768,15,MRDRF,length1,15
1,252882,252840,42,MNVFQFFITQRLML,length1,42
1,253509,253452,57,MCIVVPFLSTVTANSSTST,length1,57
1,255177,255111,66,MLSLPFKPTFPSAVVLASTALS,length1,66
1,255261,255258,3,M,length1,3
1,255621,255459,162,MVFGVICCRVTKITLLSIDNVTALEDSTFKIIRNTWTLPLPLLSVGLKLSGQFA,length1,162
1,255669,255627,42,MSLFCASNTPISLM,length1,42
1,255768,255693,75,MVNSTMTCLLLRGSRETALTGAMCV,length1,75
1,256182,256131,51,MFLVCLADLFETILSVQ,length1,51
1,256464,256434,30,MELRLSAVND,length1,30
1,256944,256782,162,MSSSLSLALTTFKRFSFVSPCPLRLKIVTVTLAGCGDTTDTSATSGCAESAWKI,length1,162
1,257088,257067,21,MTCLFTL,length1,21
1,257187,257160,27,MRFLSINCK,length1,27
1,257481,257214,267,MGSLSKLNRACQNALSSCGKSAINSAFLSASKLSKSKSSSTFGASSFDKSTNSLIVYVLKIVFRCAFLGYLYDCVRHNLPQCHLQPIQV,length1,267
1,257565,257556,9,MCG,length1,9
1,257928,257688,240,MFRQCIDSYYAFALEVRWPSPCSRWTWFCKLIEPPLISPLAVTLPCVLILPFVVLVPVVDKEPSIFTLPLILIAGQSISI,length1,240
1,258066,258024,42,MTCSSGDWLGLFCV,length1,42
1,258240,258081,159,MQAVVNSPLTDNITHCSPTVGGDQVLVVPARNVTKGKKSVRMSPLFTRARAVA,length1,159
1,258321,258273,48,MLSSFRCNSADIGIHS,length1,48
1,258510,258501,9,MFI,length1,9
1,258540,258525,15,MNYRS,length1,15
1,258708,258621,87,MPYFVLLINLCIWNVIEIIIKPRWFIFTS,length1,87
1,259230,259221,9,MSC,length1,9
1,259674,259611,63,MINHKTNRHCGLFWVIFIIKC,length1,63
1,259956,259863,93,MFINILFCKSQCKTDLRKKMMDFDKFNMFAF,length1,93
1,260073,260061,12,MCGQ,length1,12
1,260442,260235,207,MRCICFATCCAMARSSMPCAALMVIFTLIGWLVCVIIGRAKIGARVSTCTGAAVATLIPNPPAISARLP,length1,207
1,260556,260520,36,MPMGSYLPPFPV,length1,36
1,261957,261939,18,MALSSK,length1,18
1,262158,262146,12,MSPI,length1,12
1,262422,262311,111,MELTIGAVIVVPAAVACAPMICALPLISLSFSTCPRY,length1,111
1,262656,262548,108,MPDFANSWRACCNLFAASICSCLSFFTALFAFSTSF,length1,108
1,262977,262920,57,MAFNKTVSCKLFIFYSLFY,length1,57
1,263298,263028,270,MIAILSLFILFVGLLGLAIGFGVIALPWLVSGIIAAPVLFLYMLMMGSVLWLAEINFFLGVAALAVYCYWIHIIRKHIKLKSQSKDLIVQ,length1,270
1,263394,263388,6,MD,length1,6
1,263991,263829,162,MNLYVITLFFRNDTFSKLDFETNICGVVIVVIYLEFKGIFSNLRIFEYFRLICA,length1,162
1,264207,264135,72,MIGIFYKIGMALFKDFAQLVWFFH,length1,72
1,264621,264558,63,MHFFKLEFSIMHKSRWCCVCK,length1,63
1,264720,264708,12,MISC,length1,12
1,264891,264885,6,MI,length1,6
1,265152,265140,12,MALL,length1,12
1,265272,265218,54,METKASNAPCGMVCPLAY,length1,54
1,265338,265299,39,MPFTYNSAISCKL,length1,39
1,265413,265383,30,MPTVKTSAGH,length1,30
1,265491,265479,12,MSFP,length1,12
1,265593,265524,69,MAQIYLAERLIMMMAPLFKFFFF,length1,69
1,266814,266739,75,MPSRSGDLDGALKQHQYSVVDNCFF,length1,75
1,267135,267108,27,MKYGIIGNL,length1,27
1,267219,267144,75,MIFATVNRPHAPCHQDIILFTTSDR,length1,75
1,267363,267315,48,MASKNTAHFVIFRKVA,length1,48
1,267438,267414,24,MAFSWAHN,length1,24
1,267519,267486,33,MVIFFAMATAS,length1,33
1,267888,267717,171,MTVSPAKISLGFSWLINGKYLSANKSLPIIATSFVSSRYCAGMKSSFNAKTRASRFL,length1,171
1,268152,268062,90,MIRSNAMRSALSLPTRAAKSGNFAQLSKVG,length1,90
1,268377,268326,51,MRFKKSELSSTAFSNFC,length1,51
1,271275,269496,1779,MDEQVINQPSPEVTVEIKRKAQQMYFSGYKIAEISRQLNTPASTIASWKDREKWDDIAPVGRVELALETRLNLLIAKEEKSGSDYKEIDLLGRQMERMARVKKYSFGDGNEVDLNPKLANRNKGERKKAEPNAIDQEQEELLINGFLDGMFNYQRIWHKAKEHRIRNILKSRQIGATYYFAHEAFIDALTTGHNQIFLSASKKQALQFRSYIVNYAKQTADVDLKGETIKLPNGAELIFLGTNSATAQSYHGNLYFDEVFWVPKFDVMRKVASGMAAQKMYRQTYFSTPTTIAHPAYAFFSGKAFNRNRAKSEKIEIDISHENLKSGKLCADRQWKQIVSIYDAMEGGCNLFNIDDLIAENSKEEFEQLFLCQFADDNSSAFKFSDLQLCQVDSLEEWHDYKPFYQRPFGNREVWLGYDPAFTGDRAALVIVAPPKVEGGDYRVLHKQTFHGMDYETQASRIKQFCDDYNVTRIVIDKTGMGSGVYQEVRKFYPMAQGLEYNADLKNEMVLKTQNLIQKRRLKFDSGDNDIVSSFMTVKKRITGTGKITYVSDRSEDASHGDLSWAIMNCILNVPYGLGGDVSSNKSTIFTFE,length1,1779
1,272295,271287,1008,MSKKTKKSTALSTGNQAQAFSFGEPIPVIDRAEVLNYFESVVMYEKYYNPPINLSYLAKALNASAHHNSAITVKKNILLSTCKTTALLPRTQLEKLVQDYLVFGNAYVEKTVNSFGKVVSLKSSLAKYMRVGVETGVFYQIVNGFDEYEFKKGSVFNLINPDVNQEIYGVPEYLAALQSAFLNESATLFRCKYYLNGAHAGSIIYMTDPTQNKDDIEAIKTQIRQTKGTGNFKNLFVYIPNGKKDGMQVIPLSDAIAKDDFLNIKNASRDDVLAAHRVPPQLMGIVPNNTGGFGDVEKATRVFFINEIIPLQERLKEINSWIGEEVITFSDYKLLN,length1,1008
1,272631,272613,18,MQILMI,length1,18
1,272934,272898,36,MTCCLKKNCIWS,length1,36
1,273300,273270,30,MMLTFASGNH,length1,30
1,273513,273423,90,MQNCINGACITLRQTFRACHWFCAVFCGFF,length1,90
1,273903,273882,21,MKILNVF,length1,21
1,274098,274065,33,MPVMIVRFLWM,length1,33
1,274440,274317,123,MNASPKKDYSILKNMRFLSPQPLATAHAILRKNPVKGWMKW,length1,123
1,274500,274482,18,MQPYLF,length1,18
1,274686,274668,18,MQRKLS,length1,18
1,274800,274773,27,MHRHIFHNA,length1,27
1,275151,275088,63,MCFNWGDVLIIWRSWTLIRCA,length1,63
1,275685,275538,147,MLKLLNNLLNLILLVGSQIIRKVGCHNNFLFSRVNLSDIFNHGKCGMLS,length1,147
1,277812,275766,2046,MTTQPRKILVTCALPYANGAIHLGHMLEHIQADIWVRFQRMRGNKIHFVCADDAHGTPIMLNADKLGITPEELIAKAKADHIRDFAGFNISFDNYHSTHSEENKQLTAEIYNKLKANGFIKSKVISQLFDPEKNMFLPDRFVKGTCPKCKAEDQYGDNCEVCASTYSPMDLINPRSAVSGTTPIVKESEHFFFDLPAFEGMLKEWTRSGSLQPEIANKMQEWFESGLQQWDISRDAPYFGFEIPGAKDKFFYVWLDAPIGYMASFKNLCEREGIDFNEFWAEGSDAELYHFIGKDIVYFHSLFWPAMLEGSGYRKPTNVFAHGYVTVDGAKMSKSRGTFIQASTYLNHIDPECLRYYYAAKLNDRIEDLDFNLEDFVQRVNTDIVNKLVNLASRNAGFIAKRFEGKLADKLEDESLFAEFTAQAEQIAAYYESREYNKAIREIMALTDKANKYIDEKAPWVIAKEEGKEAELQAVCSMGIELFRVLMSYLKPVLPKLAERAEAFLQAELRWDNIHQPLLGHTLAPFKALFSRLEKKQIDAVVEETKALFAAANKAAEKTEAKPTALSAVEPIAETITIDDFAKLDMRVAKVLKCEAVPESNKLLRFELDLGDHTRQVFSGIKAAYNKPEELEGRFVIMVANLAPRKMKFGVSEGMILSAGTGGSDLFLLSADNGVTAGMQVK,length1,2046
1,278070,278064,6,MS,length1,6
1,278157,278079,78,MAMLLPSILLPQKARFLLSNLKHGIV,length1,78
1,278178,278172,6,MI,length1,6
1,278298,278256,42,MWWMQQKLSRLVKY,length1,42
1,278358,278352,6,MM,length1,6
1,278397,278376,21,MKTALPF,length1,21
1,278514,278400,114,MKPKRKKTLIFLPHFTTLTPPTFKKTMILLFQRWCLCS,length1,114
1,278583,278565,18,MLADII,length1,18
1,278658,278607,51,MMCLAHFHSHSLLLKTN,length1,51
1,278751,278727,24,MKTAIALK,length1,24
1,279129,279024,105,MLNSPRYIHELGKQSSRQAMYSNAANHQTSAHNCL,length1,105
1,279387,279348,39,MPTHLVYDHHVRE,length1,39
1,279465,279429,36,MQTACPFQANRQ,length1,36
1,280077,280011,66,MPTLHQLVAHHPNYPSKIYEML,length1,66
1,280386,280266,120,MLKAYRPNFLPFSRLFYPILSEVSCNDDKRLSVVDTVQQN,length1,120
1,280440,280431,9,MLM,length1,9
1,280488,280467,21,MVSVFSF,length1,21
1,280581,280572,9,MFL,length1,9
1,281001,280980,21,MNYRKLK,length1,21
1,281085,281052,33,MKKFSPQLQLP,length1,33
1,283014,281253,1761,MTEQTFILGKDAALEDSIAKFQQKLTALGFNIEEASWLNPVPNVWSVHIRDKDCPQCFSNGKGASKKAALASALGEYFERLSTNYFFADFYLGQEIANGDFVHYPNEKWFPIEDDALLPNGILDDYLLDYFDPNAELTPELLIDLQSGNYDRGIVAMPYVRQSDEQTVYIPQSIIANLYVSNGMSAGNTKFEARVQGLSEVFERYVKNKIIAEAISLPEIPKSVMDRYPSIQASIAKLEEEGFPIYAFDASLGGKYPVICVVLLNPNNGTCFASFGAHPNFQVALERTVTELLQGRSLKDLDVFSPPSFNNDDVAEHANLETHFIDSSGLISWDLFKETPDYEFADWDFSGTTQEEYNNLMAIFRADEKEVYVMDYNHLDVYACRIIVPGMSDIYPADDLIYANNNMGMDWREILLDLPNWHHDAETYQKLLEELDGQDIDDATRVREFIGIVAPKNSSWTTLRVGELKSMLHLALGELEQALDWANWTLNMNSSVFTTEPVNYYRALISIIELHLDQNREPAQYRSVFEKMYGKDAVKQAWAAVSEGGNPFYNLPASDENLKNFKEHQALLGAYGKLQKAKRAHQK,length1,1761
1,283299,283260,39,MTYKNRSKTNRTF,length1,39
1,283314,283302,12,MILR,length1,12
1,283719,283713,6,MV,length1,6
1,283815,283812,3,M,length1,3
1,284055,283836,219,MVTQPCTIPSFVWRNPSHFAICWLMGKVTLVQLTVMRQLQCVIPKCVCKKLRKHCSRIWIKKPSISRQTMMAN,length1,219
1,284097,284067,30,MYCRLVFQHF,length1,30
1,284124,284103,21,MVLPVLQ,length1,21
1,284169,284160,9,MKY,length1,9
1,284220,284172,48,MVVWLILTTMKLPLMN,length1,48
1,284340,284268,72,MVVKGLKKPIALVVVKCMFVLVQR,length1,72
1,284544,284523,21,MQWGKWY,length1,21
1,284772,284766,6,MK,length1,6
1,284895,284871,24,MFPLVLMS,length1,24
1,285030,285018,12,MKNY,length1,12
1,285138,285129,9,MIV,length1,9
1,285231,285228,3,M,length1,3
1,285300,285255,45,MKHNAVAVKANLQRR,length1,45
1,285630,285624,6,MN,length1,6
1,285735,285651,84,MAATKLCCSHRKVAWCVLLKMPCVQWGV,length1,84
1,285801,285789,12,MKVR,length1,12
1,285843,285822,21,MTTLKHH,length1,21
1,286035,286008,27,MVKSLLQLK,length1,27
1,286095,286068,27,MQERLFAHA,length1,27
1,286167,286155,12,MMNT,length1,12
1,286245,286191,54,MQMKKILWKKAVLKNNWL,length1,54
1,286293,286284,9,MTN,length1,9
1,286455,286440,15,MGLKS,length1,15
1,286857,286839,18,MASALK,length1,18
1,286902,286860,42,MDEQRFTILSIKSG,length1,42
1,287046,286953,93,MAFKWLIPRCSSKAFCTLTISCTTILGNWLP,length1,93
1,288204,287472,732,MRFTKSIKFSLKCGRFFIMFTAMLVKKLSPKFTVLFRALLYAIFALIILCLLVDRGVSFYVRDKIFTNIDELPFRPCALVLGTSKYTVSGKPNVYYDSRLMAAKSLIEQQKVNYLLLSGDNRTLQYNEPRAMFRDLRKMGVPETLMFRDFAGFRTLDSVIRADKIFQVKTFTIVSQKFHCERALLIAQAHNIDAICFVAKQPELHFSTQIREVFARIKAVFDLILGVEPYFLGEPQPLPNSTTL,length1,732
1,288843,288795,48,MLRLSAVNFSDKYFAA,length1,48
1,289296,289263,33,MASLVSPRKSV,length1,33
1,289446,289308,138,MLVITARWLSTILVASKRPPKPTSKITTSNFACLNKCNAERVLNSK,length1,138
1,289545,289527,18,MRTRSL,length1,18
1,290706,290529,177,MMTTFRTNIKITFKFFTIKYLFTSSTFCPHAFRHICFSSGRRRTFTKNSVNPAHFLTFY,length1,177
1,292920,292854,66,MLSICPLCSFPSNSPAPRISKS,length1,66
1,293178,293115,63,MVFAVGTSIPVSIMVEQTKTL,length1,63
1,293322,293298,24,MLATSLWR,length1,24
1,293619,293439,180,MERSRMPFIAILSVRGIGVAVRVRISIFARSCLIFSFCPTPKRCSSSIINKPRSLNLTSD,length1,180
1,294285,294252,33,MPPVSKVTKPP,length1,33
1,295026,294993,33,MPEIKVPLLIC,length1,33
1,295317,295191,126,MESISSSKKSRRKGTALPIGKRSNKAPRTAYSPCSNTCSTAR,length1,126
1,295512,295353,159,MTKRSPFLIRSTLCCKYCGGQRRCINVEIGNKKMPFFAFCKWKSALKREEIIS,length1,159
1,296064,295971,93,MKLSYFSSARLNQPFGFAVCSVIKFLALNIV,length1,93
1,296220,296142,78,MENFLYLLILINASSQEHSKIKCGEN,length1,78
1,296916,296736,180,MPKLHRVNSVDIRQNKNVDFLHPVNGEDRVAMCGSEQSSLAHKNLERKIDDYIPLGCPCL,length1,180
1,297333,297282,51,MAMGSSQFHLRATKRID,length1,51
1,297561,297489,72,MQISLFPSWLLENKYPDRLVKYSQ,length1,72
1,298020,297999,21,MASFYFK,length1,21
1,298230,298191,39,MTAPETINKVSDK,length1,39
1,298467,298443,24,MWLSCCIT,length1,24
1,298569,298551,18,MRCDTV,length1,18
1,298722,298719,3,M,length1,3
1,299622,299595,27,MLNFRIPIW,length1,27
1,299718,299667,51,MPIMRLNNGFKIGLFCR,length1,51
1,300078,300021,57,MTLRRHHFTDTMHRIHKLR,length1,57
1,300357,300330,27,MVSYSKDNT,length1,27
1,301203,301191,12,MDVG,length1,12
1,301677,301674,3,M,length1,3
1,302652,301686,966,MKKYKTGLVLLVIALALLGSFSPWFFLHIAAWQKDFNQLISENLHQIQNNSIKAGITLIFASFVYGVLHALGPGHGKFIIASYLSTHESQLKQSTILSLLSSLMQGIVAITATTLLVVVLNLSSRYFKLSQLWLERTALLLLVFLGCYWIWQGLRAYRKKAKLAIKSLNPLPLHEKSAVKNNRTFQPNTCSCGHQHLPSPTQTAQATNLKSQFLVILTIGMRPCSGAIFVLFLAYMLDLYSWGILAVLAMSFGTGLMLSAFAGIVRYARNTAIHLGHWYSSKNTKGKSESIVKLIAGGIMLFFALSLLYGTTISTGGSKILF,length1,966
1,302796,302790,6,MD,length1,6
1,302883,302871,12,MIDS,length1,12
1,303147,303138,9,MNL,length1,9
1,305307,303270,2037,MSEKINTKPFILHSDFRPSGDQPQAIEKLAENLTDGLAHQTLLGVTGSGKTFTIANVIAQLNRPAMLLAPNKTLAAQLYAEMKAFFPENAVEYFVSYYDYYQPEAYVPSSDTFIEKDASINDQIEQMRLSATKSFLERRDTIVVASVSAIYGLGDPDSYLQMMLHLQQGAIIDQRQILAKLAELQYTRNDQAFQRGTFRVRGEIIDIFPAESDDRAVRIELFDDEIERLSLFDPLTGSSFGAVPRFTIYPKTHYVTPRERILDAIENIKKELVSRREYFIKEHKLLEEQRISQRTQFDIEMMNELGYCSGIENYSRYLSGRNEGEPPPTLFDYMPSDAILIIDESHVTVPQIGGMYRGDRSRKETLVEYGFRLPSALDNRPLRFEEFERLAPQTIYVSATPGPYELEKSGSEIIDQVVRPTGLLDPLIEIRPVSIQVDDLLSEARQRADKNERVLVTTLTKKMAEDLTDYLDEHGIRVRYLHSDIDTVERVEIIRDLRLGEFDVLVGINLLREGLDIPEVSLVAILDADKEGFLRSERSLIQTIGRAARNLNGKAILYADNITKSMEKAITETNRRREKQTKYNEEHGIVPQALNKKVGELLDIGQGANQKAKANKQRGKMSAEPTALYNAPKNAKEYQQQIKKLEQQMYKFAQDLEFEKAAAIRDQLHQLREQFVFDN,length1,2037
1,305448,305400,48,MSQCLFFHCIRHLFWR,length1,48
1,305589,305472,117,MITLCCFIWHLNYHIIIAFHHCLSLIVLHKSTIWVYILR,length1,117
1,305787,305724,63,MEMLNRHKTCSAYTRIVIRNN,length1,63
1,305844,305838,6,MT,length1,6
1,306183,306180,3,M,length1,3
1,306885,306867,18,MSFRKH,length1,18
1,307083,307047,36,MEQCCEQCWYAK,length1,36
1,307278,307251,27,MRFFHCKNH,length1,27
1,308217,308193,24,MPLRLVSS,length1,24
1,308487,308427,60,MRCFADFAWLKIGRINKLVL,length1,60
1,308715,308709,6,MA,length1,6
1,309327,309129,198,MPKESNKFKHAIDAAPAPEATKRTSSIFLPTIRRELMIAAALMIAVPCWSSWNTGIFIRSRNFCSI,length1,198
1,309588,309450,138,MPANFLNNTPFPSITGLPASAPILPSPSTAVPLEITATKLPRAVYL,length1,138
1,309894,309879,15,MRGIS,length1,15
1,310014,309996,18,MPKIFH,length1,18
1,310392,310299,93,MATSHATNEVRQSFYYDDRSRRRDRKRHSTF,length1,93
1,311370,310674,696,MRLDKFIAENTGLTRSQATKAIRQSAVKINGEIVKSGAVQISQEDKIYFEDELLTWVEEGQYFMLHKPQGCVCSNDDGDYPTIYQFFDYPLAGKLHSAGRLDVDTTGFVLLTDDGQWSHRITSPKHHCEKTYLVTLADPVEENYAAACSEGILLRGEKEPTKPAKLEILDDYNVNLTISEGRYHQVKRMFAALGNKVVGLHRWKIGDVVLDESLEEGEYRPLTQSEIEKLVK,length1,696
1,312411,312372,39,MSSNGGNNKFFDW,length1,39
1,312555,312504,51,MCRDFRVGVLLSNQPKS,length1,51
1,312744,312738,6,MM,length1,6
1,313467,313332,135,MPSTIEIDNTASNAAIYLEDCSDIILTSEKIMRHYAKNSLNFKVK,length1,135
1,314160,313500,660,MLLSILYIIGITAEGMTGALAAGREKMDIFGVIIIASVTAIGGGSVRDVLLGHYPLGWVKHPEYFLMVASAAVITVYVAPFINHFMRYFRTIFLVLDAMGLVVYSIIGAQIAMDMGHSLTIVCIAGCITGAFGGVLRDMLCNRIPLVFQKELYASIALFATLTYYALSTLQVEHTLAVLLTLISSFTLRLLAIHFEWGLPVFNYQELTSEEQDKLPNKKK,length1,660
1,314310,314214,96,MLHLSWLNSPLLKKIVHYPLLQNNSNNKHRLS,length1,96
1,314367,314349,18,MDYRMP,length1,18
1,314439,314415,24,MMYATLFL,length1,24
1,314556,314538,18,MKLAQM,length1,18
1,314601,314565,36,MWQVFALKLAMR,length1,36
1,314670,314664,6,ML,length1,6
1,314769,314760,9,MWI,length1,9
1,314961,314799,162,MNCVNNIRLFLLLWVVWVFVILSLKKVRIKIKRFLLLITPKPNVQAPVTHWKHC,length1,162
1,315093,315081,12,MSAK,length1,12
1,315216,315138,78,MWLLWKIFMPLLSIFANMVRNILKVF,length1,78
1,315279,315261,18,MRQPFM,length1,18
1,315321,315282,39,MQVHALLMADNLD,length1,39
1,315378,315357,21,MLVALWG,length1,21
1,315864,315741,123,MRNNFPVCVSAGILSFTLPSKVGTSISPPRAAVAKLIGTSQ,length1,123
1,316641,316599,42,MSSSLAPFCRPRTS,length1,42
1,316881,316806,75,MIVVVARHQLVELLLALLALMVQRL,length1,75
1,317205,316989,216,MHRQLLQFVYVLREQYHLLGYELEQLLQIYGLHQHLLLHHAPFVEFLHQINQMMLEYEFVALYPYFYLLLIR,length1,216
1,317271,317232,39,MLLQFVAYHAVQD,length1,39
1,317646,317469,177,MELRLIKEHLSHHLLIHHLELPHRLPPLHQGLHLYALLYQRTQQLFVVQVAYEFGHPQE,length1,177
1,317757,317736,21,MLLILHE,length1,21
1,317778,317766,12,MLSV,length1,12
1,317925,317835,90,MKVQFLLSLQLLSHVVMPLHHYVNRYFVLF,length1,90
1,318150,318060,90,MYHHLSHKQRSLGSLCLNLNQTLTQPLLVH,length1,90
1,318237,318225,12,MQAQ,length1,12
1,318477,318462,15,MYFLG,length1,15
1,318537,318531,6,MQ,length1,6
1,318918,318822,96,MMKFKGKTKIFRQEKGICDKFGENFYFKIGKK,length1,96
1,320361,318921,1440,MKKSKIAAGVVISLAAVWCAGAWFTGKKAEEEYLHQLKQLNQLFTKTEALEESKIFYKNIKFERGLFASHIQDQIEIHKANETIIIPLSSTLYHGPLPLDRVAKLNFVPAIFSSQTLLGKNATTQAFFDITESEKPLQLNFAMNYSLSGNAELKLASGQYHNEQSKTDFDWSNVVLNIDLNQNTPNNYVLSVDTFNSNAPNHAVSTASSIKIKDLVVQGSLQSTKWPFIYSGNINSKIGYFEQNTESPETGEKFSLIQKNSQANLTTQVEGDTVNIINKTNLDELHINGNNLGKVTNNVEFNHIDGNALQELLNILVAIGKADSDMPLSKTLVQKLQQAGMIIANNQPQIKFTPLSISDEKGKVALDLNIALVPNPKFDLMRSGLYKQFKDFSINFDVNKETAISLLSKFVPENQKQDFVHRLNELVTEGEVNDIIVNTDKTVTLTLALENNDLKLNGKPIPEEQLKVVLFILVMGGFGR,length1,1440
1,320748,320685,63,MWCSIHWIPKEDHHVDFLFCD,length1,63
1,320901,320829,72,MPCCTCCIKYMRLKCLFVFLRPIQ,length1,72
1,321135,321126,9,MMI,length1,9
1,321339,321297,42,MTLIQSKHKIGCNH,length1,42
1,321585,321540,45,MRSRWFYAVRRKILI,length1,45
1,321684,321627,57,MKFATTTFLKLQQRKMAAI,length1,57
1,321735,321702,33,MQHQVCMRVLS,length1,33
1,321900,321876,24,MPSTKRVS,length1,24
1,321960,321951,9,MHS,length1,9
1,322002,321966,36,MARWMKLSLKVH,length1,36
1,322080,322071,9,MAL,length1,9
1,322110,322083,27,MVMVKSFKN,length1,27
1,322245,322233,12,METI,length1,12
1,322317,322263,54,MVHIFANTSSVVIQKLLH,length1,54
1,322428,322335,93,MMKSGHYAVVHMIAKNYMQPMQKHKMQRNQL,length1,93
1,322569,322560,9,MNK,length1,9
1,322644,322614,30,MNTYMVTVKH,length1,30
1,322704,322653,51,MFPLVVLNLMLNIKFLH,length1,51
1,322926,322833,93,MKHVLSVWKVYSVKLVFITHMVKTMYLQTVI,length1,93
1,322986,322953,33,MVKYYKKVSMN,length1,33
1,323337,323172,165,MAKVYNTKTVTAIFKRALFLIALLTIHHLHLKLLLLCKTVSTVCTAKNKKMYSII,length1,165
1,323355,323349,6,MK,length1,6
1,323529,323517,12,MTTV,length1,12
1,323568,323538,30,MYFLRLHSMN,length1,30
1,323652,323583,69,MMQHVGTYYTQQRHNAYHTLLKY,length1,69
1,323688,323685,3,M,length1,3
1,323745,323697,48,MLIKSVHLYQVSTIMY,length1,48
1,323844,323808,36,MHVMLWLLHFLN,length1,36
1,323904,323883,21,MRLRNSV,length1,21
1,323910,323907,3,M,length1,3
1,323940,323931,9,MRN,length1,9
1,324981,324969,12,MAKS,length1,12
1,325563,325554,9,MER,length1,9
1,327234,325812,1422,MSKEIKTQVVVLGAGPAGYSAAFRCADLGLETVIVERYSTLGGVCLNVGCIPSKALLHVAKVIEEAKHANKNGIYFSEPRIELDEVRAGKEAVVAKLTGGLAGMAKARKVTVVEGLATFTDSHTLVARDRDGNPTTVKFDNAIIAAGSRPVQLPFIPHEDPRIWDSTDALKLKEVPKKLLIMGGGIIGLEMGTVYNALGSEVEVVEMFDQVIPAADKDVVGIYTKQVEKKFKLMLETKVTAVEAKDDGIYVSMEGKACNDTKRYDAVLVAIGRVPNGKLIDAGKAGVEVDDRGFIHVDKQMRTNVPHIYAIGDIVGQPMLAHKGVHEGHVAAEVIAGQKHYFDPKVIPSIAYTEPEVAWVGKTEKECKQEGLNYEVAKFPWAASGRAIASECSEGMTKLIFDKDTHRVLGGAIVGSNGGELLGEIGLAIEMGCDAEDIALTIHAHPTLHESVGLAAEVFEGSITDLPNAKAKKK,length1,1422
1,327354,327345,9,MPI,length1,9
1,327936,327396,540,MTTQLDLIKSSIKSIPNYPKEGIIFRDITTLLEVPAAFKATIDLIVEQYRDKGITKVLGTESRGFIFGAPVALALGLPFELVRKPKKLPRETISQSYQLEYGQDTLEMHVDAISEGDNVLIIDDLLATGGTVEATVKLVQRLGGAVKHAAFVINLPELGGEKRLNNLGVDCYTLVNFEGH,length1,540
1,328032,327999,33,MSLGKNILSRH,length1,33
1,328044,328038,6,MD,length1,6
1,328320,328230,90,MRRLAQKLKTRVNYWITCNINQLWADLRFT,length1,90
1,328377,328326,51,MKSICYLVIHLMRCSKL,length1,51
1,328398,328395,3,M,length1,3
1,328521,328485,36,MKLKSPSILPIF,length1,36
1,328659,328653,6,ML,length1,6
1,328740,328683,57,MITILLIFYTPYTKAMANS,length1,57
1,328884,328767,117,MRQAIGTNYLANVQKNYIKLHSCNFFHKNLQMTMNIFHF,length1,117
1,328929,328908,21,MFSFFIK,length1,21
1,328989,328959,30,MRQIVVLEQK,length1,30
1,329109,329106,3,M,length1,3
1,329136,329112,24,MCQYCRKV,length1,24
1,329223,329208,15,MRWNI,length1,15
1,329337,329313,24,MKKNLIKK,length1,24
1,329496,329409,87,MPHKLHKKIAQKKIQVMIMQKLLKMNKKS,length1,87
1,329661,329646,15,MSGQI,length1,15
1,329793,329733,60,MMKSILDYIQKNLIYAKTEV,length1,60
1,329988,329859,129,MIAMSRRQLNIAVIFIKHCGKKLKMNCKKIANYKCCLMNSMQN,length1,129
1,329994,329991,3,M,length1,3
1,330111,330099,12,MFLI,length1,12
1,330780,330156,624,MKLVEVKHPLVKHKLGVMREAEIDTKKFRELATEIGSLLTYEATSDLETEKVTINSWNGPVEIDRIKGKKVTVVPILRAGLGMMDGVLEHVPSARISVVGIYRNEETLKPVPYFQKLASDLEERLAIVVDPMLATGGSMIATLDLLKAKGCKHIKVLVLVAAPEGIKALEAAHPDIELYCASIDSHLNEQGYIIPGLGDAGDKIFGTK,length1,624
1,332040,331983,57,MYYFCCNDIWYRQYVCRCG,length1,57
1,332118,332067,51,MCDCCYHLKPCFTESKK,length1,51
1,332889,332790,99,MHTLFEALDLLDKASLQAQRNLTIPFVKEILNL,length1,99
1,333255,333243,12,MITQ,length1,12
1,333546,333540,6,MH,length1,6
1,333759,333609,150,MVHLSHKVQEFSSPLPSYANHHLRVNPPSIRLNQQQNELLLLPYLEYRDI,length1,150
1,333924,333915,9,MPQ,length1,9
1,333981,333969,12,MFLI,length1,12
1,334110,334038,72,MNLITTICTTIRRCLLNPFANHFM,length1,72
1,334185,334176,9,MEN,length1,9
1,334368,334362,6,MF,length1,6
1,334977,334854,123,MNTQCTINFASRTKQITKCKLGFKLGVAFDFIFDFLLLQHI,length1,123
1,335469,335385,84,MVIATNTIAIKITMPKIYLIISFPLKYL,length1,84
1,335583,335571,12,MEQT,length1,12
1,336792,336756,36,MIFSNCSPRILT,length1,36
1,338172,338163,9,MTC,length1,9
1,339693,338820,873,MAENRYELNKNLAQMLKGGVIMDVQNPEQARIAEAAGAAAVMALERIPADIRAVGGVSRMSDPKMIKEIQGAVSIPVMAKVRIGHFVEAQILEAIEIDYIDESEVLSPADNRFHVDKKEFQVPFVCGAKDLGEALRRIAEGASMIRTKGEPGTGDIVQAVRHMRMMSQEIRRIQNLREDELYVAAKDLQVPVELVQYVHKHGKLPVVNFAAGGIATPADAALMMQLGAEGVFVGSGIFKSGDPIKRASAIVKAVTNYRNPQILAQISEDLGEAMVGINENEIQILMAERGK,length1,873
1,340272,339696,576,MKIGILALQGAFAEHARMLEKLGIESVELRNLKNFQQHYSDLSGLILPGGESTAIGKLLRELYMLEPIKQAISSGFPVFGTCAGLILLAKEITSQKESHFGTMDIVVERNAYGRQLGSFYTEADCKGVGKIPMTFIRGPIISSVGKKVNILATVNNKIVAAQEKNMLVTSFHPELTNNLSLHKYFIDICKVA,length1,576
1,340509,340380,129,MQGRIRMNKNKISCCIDESKRHFVIGLSPKRTKINNPKDITHH,length1,129
1,341352,341148,204,MQHLKQLFLLLLFRELHDNELQHLQQRNDEALLLGFRLHYIQNSHLLSHLQCRIPNIHGLLECLFHPF,length1,204
1,341805,341592,213,MHHDGYIHLKWVALRSLLTCGDEYRSTQKFDWCRYRKQPSLFQAERCLNEPQRQQVFLHSLRLHSGELGRH,length1,213
1,342081,342048,33,MLHLSCYKSHQ,length1,33
1,342111,342087,24,MRQCKMSQ,length1,24
1,342738,342645,93,MIGSVLYGYFNHSISAMQNPLKPLKIKKNII,length1,93
1,343152,343086,66,MVCLNKDKFFKIYIPTKVGNIR,length1,66
1,343218,343182,36,MAFKVCEGKLFR,length1,36
1,343251,343245,6,MF,length1,6
1,343440,343401,39,MFGFLLHYIIRRD,length1,39
1,343863,343815,48,MPVRLSFSKLLIKPVN,length1,48
1,344604,344460,144,MGIRLTSSISRWSNAHQTGIHFILHVTLQNPVFDEYIALAWHTFIINS,length1,144
1,345117,345081,36,MIFCACCTINQM,length1,36
1,345387,345354,33,MKTAFFYNAVF,length1,33
1,345474,345447,27,MRHNVKNIE,length1,27
1,346194,346164,30,MPASRHWRTK,length1,30
1,346338,346332,6,MP,length1,6
1,346500,346443,57,MGVATMYKIPVKSVIFVCF,length1,57
1,346512,346506,6,MR,length1,6
1,348642,348285,357,MFSLKRQQGASFEHQARLFLESKGLTFIAANQNFKCGELDLIMNDKETIVFVEVRQRSHSAYGSAIESVDWRKQQKWLDAANLWLAKQNMSLEDANCRFDLIAFGKTPQDIQWIPNFLD,length1,357
1,349239,348657,582,MLQKVKDIYSESIQIQIAASSMLSENITNATQMVMQCLLGGNKVIACGVSRSYANAQFLVSNLLNRYDLVRPSFPSVLLSLESAVGSSLVFEQPPEELYCHQFNAIAKSGDLLIAFAPLGTEKIVLNIISHAVSKEVNVIVLTGSNNDAIQGILADKDLEISIPATKESRILENHLFVINALCELVDQTLFPSA,length1,582
1,349464,349440,24,MMKPSNLK,length1,24
1,349476,349470,6,ML,length1,6
1,349512,349485,27,MPKLRLKVV,length1,27
1,349545,349515,30,MQCLTMAEYF,length1,30
1,349572,349569,3,M,length1,3
1,349635,349617,18,MKFIMN,length1,18
1,349749,349719,30,MVELKPQMSK,length1,30
1,349842,349761,81,MEKYFYWVTSHNLKPMRQPTLPAKSAA,length1,81
1,350550,350514,36,MGRNGRLHRSLA,length1,36
1,350823,350820,3,M,length1,3
1,351471,351447,24,MLRNCITN,length1,24
1,352707,352620,87,MLRVTINKNTKLLKSSLKNNFLFSGVQKK,length1,87
1,352779,352710,69,MYRKTVSTTQHCLNTKNTSSSAT,length1,69
1,352971,352962,9,MTS,length1,9
1,353028,353022,6,MI,length1,6
1,353079,353049,30,MAYTAKALIP,length1,30
1,353100,353082,18,MAKNAS,length1,18
1,353217,353151,66,MHLKQFVSTFLSLVHLLLLNVV,length1,66
1,353274,353229,45,MQKLLNLSHVMKHCT,length1,45
1,353436,353367,69,MIYLLQRQNKKKLGLIIYLKTVL,length1,69
1,353679,353652,27,MILTIFLSN,length1,27
1,354114,354108,6,ML,length1,6
1,354294,354276,18,MLPQPL,length1,18
1,354771,354732,39,MVWVHSLLLTSLN,length1,39
1,355398,355374,24,MDKAAQYE,length1,24
1,355779,355569,210,MDDVVKILGKWQSMDGAFYVKTDDATCDTPVQVLMARKLAYFVLRKVANNVQDEQKNVQGLVPHSHEAIT,length1,210
1,356097,356001,96,MVHTPYHHFDYAQQHDDGKKYLVPHLRLINEH,length1,96
1,356577,356526,51,MVHLPRYDHGDDKKSNQ,length1,51
1,356658,356631,27,MPPLQDHHH,length1,27
1,356742,356736,6,MS,length1,6
1,356868,356817,51,MFLEQPPVLPQLNLREQ,length1,51
1,356970,356964,6,MD,length1,6
1,357183,356973,210,MPTLSGLSYHLRQNQKKNLDDISHPPYVRWNVYLQIHRINFQAFYLIHSRAYSNAHGVPFPLPHHLPLDD,length1,210
1,357216,357210,6,ME,length1,6
1,357336,357333,3,M,length1,3
1,357474,357438,36,MFLSTFELIRQV,length1,36
1,357933,357888,45,MLCWLTNHQTPCFAA,length1,45
1,358809,358788,21,MSWCMPW,length1,21
1,358815,358812,3,M,length1,3
1,358995,358986,9,MLF,length1,9
1,359058,359025,33,MAMGNQNHFEI,length1,33
1,359259,359256,3,M,length1,3
1,359421,359388,33,MLSDILGFRVP,length1,33
1,359535,359505,30,MSPLNFVFLQ,length1,30
1,359580,359562,18,MYNMQI,length1,18
1,359712,359676,36,MWQAHLANPRNR,length1,36
1,359739,359715,24,MMFVNPLK,length1,24
1,359826,359781,45,MKTSCKIKFLWVSLF,length1,45
1,359934,359892,42,MSKYLLNILVRELV,length1,42
1,359955,359937,18,MKMAVK,length1,18
1,360357,360327,30,MHLICPFITH,length1,30
1,361113,361071,42,MLRNIIWIGFHFWQ,length1,42
1,361320,361299,21,MKIRNHT,length1,21
1,361431,361416,15,MIFSR,length1,15
1,361530,361491,39,MIIFRLLCLILSR,length1,39
1,361827,361806,21,MIAYFVC,length1,21
1,361947,361923,24,MGKINAVQ,length1,24
1,362310,362289,21,MLSYPHV,length1,21
1,362460,362385,75,MIEIFDLGVHFALSILHSMQQIQDL,length1,75
1,362610,362547,63,MGFYPKQAHYLLYLPHILSNL,length1,63
1,362859,362838,21,MRKHCND,length1,21
1,363033,363000,33,MHHRHFHVNQQ,length1,33
1,364122,364119,3,M,length1,3
1,364203,364137,66,MQELHCSNTPITTHNKSHFLTF,length1,66
1,364797,364644,153,MCIGEEPDAIGFYLRVHHLVMLQLNLEINLFLMVLLRPLKQSKEEIFLLNK,length1,153
1,364878,364857,21,MIIVCQS,length1,21
1,365193,365121,72,MLALTCLLFFNQMNKPNAHVVIIY,length1,72
1,365379,365331,48,MAFGKWQWVVMNTPRL,length1,48
1,365526,365517,9,MFI,length1,9
1,365574,365565,9,MQH,length1,9
1,368940,366297,2643,MTEKNNSSSIEEKYQEITANLRKTKRISPFWLLPFIALCIGAILFFQIVKERGTSITITFANGSGIVADKTQIRYQGLQIGIVKEVHFTDNLQKVEVIANINPEASNILREDTKFWLVQPNVSLAGISGLDSLVSGNYITLQPGDGDREDEFIAEEQGPIAQVSAGDLLIHLISDDLGSISIGASVYFKKLPVGKIYDYRINKNNKVEIDVVIDKAYAKFVKKDSRFWNISGINANISPSGLNLNVESLNAVVQGAVSFDSPADSPKADENSHFTLYTNLKAAKRGIEIKITIPASTALIAGQTEVYSQDNAIGILAKLSAVENNDEILEGSLLIDPNQASLFKANSKIVLRNKKMDLGNLAEPKKFFRDEYFDVIAGDGETKHQFNVIKENELLLNAPNTLVLTLTAPENYGVSEGQNVFYNNMIIGQIVSQTIDVNGVQFKAAIASEYRNLIHEDTQFVAATNFDISIGLDGLRFESATPEKWLQGGVRVLTKQAQGKAKTSYPLYQNISNAEHGITGDILTPTITLHTQTLPSIDKGSLVLYRQFEVGKILSIKPKTNSFDVEIYIYPAYQHLLTNKSRFWVESAAKIDVTPKGISIQATPLARSLKGAISFDNGGSGNNRTLYANESYAKSIGFVITLITDDATNLSKGMNLRYLGLDVGQIDSIQLDAKAKRITAKALINPNYMNIIAKEGSHFTIISPQISAGGIDNLDSLLQSYIDIEIGNGNTKTQFNLAQTAPQRNKFSNGTPFILETRDAMNLSEGSPILYRGVEVGTVKKFELNSLGDRVLVHITIMPKYSHLVRQNTEFWIASGYDFSLGWKGAVFNTGSVQQLLKGGISFSTPAEKEIQPQAQPNKRFLLQINRPEEVQTWGSGALSK,length1,2643
1,368979,368973,6,MN,length1,6
1,369162,369141,21,MCGTYPH,length1,21
1,369294,369201,93,MNYRYTLNIPTRCRLCNNFIQRFFSHCGIMF,length1,93
1,369510,369372,138,MLFRKPLINGILIKRLFLYRNLNIRHLAPCYWWEKGNFIAIFYRTF,length1,138
1,370173,370170,3,M,length1,3
1,370446,370419,27,MPSSPNKQR,length1,27
1,370953,370947,6,MR,length1,6
1,371091,370983,108,MPSMLAMLSAIEIKSLRKVGSPPVKRIFSVPISANA,length1,108
1,371334,371274,60,MDCILHLSKYGEDKPFPAYP,length1,60
1,371547,371526,21,MNLKRAH,length1,21
1,371571,371568,3,M,length1,3
1,371616,371601,15,MRYFY,length1,15
1,371808,371802,6,MI,length1,6
1,371961,371925,36,MIKIGLRHLMQR,length1,36
1,372081,372045,36,MYMVIVMTALSA,length1,36
1,372126,372105,21,MLNLVSI,length1,21
1,372201,372174,27,MQWPQCQFV,length1,27
1,372243,372219,24,MKQDKMWK,length1,24
1,372339,372282,57,MLVSVGKPYIAVSMNLLMI,length1,57
1,373947,372936,1011,MPNFSFVFFYDFAKITPISTALLGRKMNYLKIAQNSLSVESNALLQLSQRLGEDFNQVVDLILACKGRLVIGGIGKSGLIGKKMVATFASTGTPSFFLHPTEAFHGDLGMLKPIDIVMLISYSGETDDVNKLIPSLKNFGNKIIAVTSNKNSTLARHADYVLDITVEREVCPNNLAPTTSALVTLALGDALAVSLITARNFQPADFAKFHPGGSLGRRLLCKVKDQMQTRLPTILPNTNFTDCLTVMNEGRMGVALVMENEQLKGIITDGDIRRALTANGAETLNKTAKDFMTSSPKTIHQNEFLSKAEDFMKAKKIHSLVVVNDENHVVGLVEFSS,length1,1011
1,374499,373959,540,MQQKLENIKFVITDVDGVLTDGQLHYDANGEAIKSFHVRDGLGIKMLMDAGIQVAVLSGRDSPILRRRIADLGIKLFFLGKLEKETACFDLMKQAGVTAEQTAYIGDDSVDLPAFAACGTSFAVADAPIYVKNAVDYVLSTNGGKGAFREMSDMILQAQGKSSVFDTAQGFLKSVKNMGQ,length1,540
1,374805,374754,51,MTSNNYNTFLAVYMQIF,length1,51
1,375114,375090,24,MLWLLCLN,length1,24
1,375456,375339,117,MQLLTGNNSTLTKMKWCSFYKKATTLPYSTVLHLTKSPN,length1,117
1,375516,375504,12,MVSQ,length1,12
1,375564,375543,21,MALLLLR,length1,21
1,375717,375708,9,MRV,length1,9
1,375780,375729,51,MAVAFLYLQGKKSPSAI,length1,51
1,375837,375822,15,MKQSI,length1,15
1,375921,375870,51,MSVLPIFAIKVNFLPIL,length1,51
1,376236,376188,48,MYQVKKKAGALLCGVI,length1,48
1,376338,376260,78,MLKVVISLKRVALWKRQGMTYSLVTM,length1,78
1,376452,376377,75,MYLLMLLLDVIIPVKKKSIHQGWEI,length1,75
1,376599,376590,9,MVV,length1,9
1,376674,376620,54,MELRLMLTLPLIAVLVQT,length1,54
1,376881,376872,9,MYL,length1,9
1,376902,376884,18,MEQTKV,length1,18
1,377049,376992,57,MTNSIKSVTIHFGTSALLI,length1,57
1,377136,377058,78,MQTLPLLNTLRAIAQEPEMIDEALQG,length1,78
1,377205,377190,15,MFDLN,length1,15
1,377331,377214,117,MKGPIKMYYQSDLKPTLQPLTKVLCFLIYTPTFGVKELR,length1,117
1,377424,377385,39,MFAIITLLKSIKT,length1,39
1,377619,377541,78,MLLLVGKIQAAVSREMSLSITGRVLH,length1,78
1,377667,377631,36,MMQVTQVLDLRI,length1,36
1,377787,377754,33,MLNLKGKPKTT,length1,33
1,377883,377862,21,MLPMTAV,length1,21
1,378069,377973,96,MVVIPKSKLAAISRKNKAISQFLPIKSILPNR,length1,96
1,378114,378090,24,MERALFQM,length1,24
1,378258,378246,12,MLKK,length1,12
1,378309,378306,3,M,length1,3
1,378384,378339,45,MAIMTLKAIMAIAPA,length1,45
1,378405,378393,12,MQKM,length1,12
1,378510,378462,48,MLPPKRAQPLMQPQVA,length1,48
1,378696,378681,15,MGLIV,length1,15
1,378825,378822,3,M,length1,3
1,378873,378867,6,MQ,length1,6
1,378882,378876,6,ML,length1,6
1,379044,379026,18,MQKMPN,length1,18
1,379074,379047,27,MVLHQVTTQ,length1,27
1,379110,379080,30,MQLTQVVLVA,length1,30
1,379170,379164,6,MG,length1,6
1,379209,379188,21,MVETLCA,length1,21
1,379431,379377,54,MPLRLIHKTSLQPDHQVK,length1,54
1,379521,379470,51,MAQQYVPMLLTMDSRSQ,length1,51
1,380568,380544,24,MELLSPDI,length1,24
1,381015,381009,6,MA,length1,6
1,381513,381468,45,MPCAMAIQGISIQGI,length1,45
1,382158,382074,84,MGRESTTLCFIVFCVAIFTFYWYRICVS,length1,84
1,382371,382341,30,MARPLPLHLR,length1,30
1,383043,383034,9,MVY,length1,9
1,383202,383199,3,M,length1,3
1,383301,383268,33,MADSRHARNIH,length1,33
1,383343,383304,39,MCLASSRKPSRTP,length1,39
1,383463,383442,21,METKALE,length1,21
1,383976,383970,6,MI,length1,6
1,384030,383991,39,MHRGVAKKFWRYK,length1,39
1,384252,384204,48,MPQCGKFNFLGIKTAQ,length1,48
1,384291,384273,18,MSNAFV,length1,18
1,384774,384762,12,MAWH,length1,12
1,385008,385005,3,M,length1,3
1,385026,385014,12,MSSG,length1,12
1,385677,385491,186,MPKSISLFACKREKQIFNEFTSNNHVSLAKKYALSLQWIYKIVKRVQKEEIAKRPFNIFAQS,length1,186
1,385809,385728,81,MCNSASFILSHFFPTSPKFFSLMLDYA,length1,81
1,385905,385824,81,MALSTNKFLFIVIKILRLLNKKIIRKT,length1,81
1,386886,386829,57,MLNFGVKFCKWWEVEITFQ,length1,57
1,387021,386991,30,MAICSFYFIK,length1,30
1,387120,387060,60,MFFIVPCNMNVINTFNIHLI,length1,60
1,387222,387186,36,MNATISLLCNSI,length1,36
1,387282,387258,24,MQIIRSIF,length1,24
1,387408,387384,24,MPFTFTIT,length1,24
1,387429,387411,18,MFRKER,length1,18
1,388566,388245,321,MLYHATEIKIVKLNALKRVSTPNISKNGKINSDPIATCQLISAGIRLNGKGKRSCISANQFCPFHFSNPASKNSHARKKRKINKLTPLPIPCILQSFIFLPFKFSRF,length1,321
1,389061,389037,24,MPKILQAV,length1,24
1,389157,389133,24,MQFIKPTE,length1,24
1,389226,389220,6,MI,length1,6
1,389328,389253,75,MIQTKCRSNCVKCFTPSKAVIIQLM,length1,75
1,389565,389469,96,MVLGWCGSQQPLAFLWRSELEQMMSQTQWVHP,length1,96
1,389982,389931,51,MQSLQVRKNLFLILNSH,length1,51
1,390021,389988,33,MHKNMALIIWG,length1,33
1,390279,390273,6,MT,length1,6
1,390321,390285,36,MQLALFLQWSLL,length1,36
1,390357,390324,33,MKAVKLFQVEP,length1,33
1,390693,390687,6,MC,length1,6
1,391374,391287,87,MVYLWRFSIGRRLTLRLAYSLCITKTSPS,length1,87
1,392445,392436,9,MFS,length1,9
1,393336,392709,627,MNNMKTFKFLTALFATAILTACTLDMERPTNVQYIDKTDAIWQQHLQKIQKIQSYQAKGQIGYISPTERFSSRFEWQYQNPKSYTLKLYSLISKSTLLIQMHQSGMTISDNNGNQQSAANAKLLLQEIIGMDVPLEHLAYWLKGQPAMNADYQVGTNHLLGAFTYHVDGSQWTADYLTYHSNNSMPENILLKNDSTKQTLKIRVDEWIY,length1,627
1,393438,393402,36,MGSHYASLALPN,length1,36
1,393510,393459,51,MENCRTAIMNYKRFSNF,length1,51
1,393735,393720,15,MQQPH,length1,15
1,393798,393777,21,MNWQNWD,length1,21
1,393909,393813,96,MCQYLYTDRLLLLKALGKKSLIVNLPRNGLLY,length1,96
1,393999,393918,81,MIQYRRLSSFKIQIYHVIHRKNPSNNF,length1,81
1,394101,394086,15,MRRQD,length1,15
1,394236,394140,96,MKQKRKRYLDKNQKHFLVSSLKDSMCLPCTQC,length1,96
1,395238,394293,945,MPDIKLFAGNATPELAKRISERLYISLGDATVARFSDGEIQVQINENVRGADVFIIQSTCAPTNDNLMELVVMVDALRRASAGRITAVIPYFGYARQDRRVRSARVPITAKVVADLLSIVGIDRVLTCDLHAEQIQGFFDVPVDNVFGSPVLIHDILKKSDLENPIVVSPDIGGVVRARAVAKLLNDTDMAIIDKRRPRANVAQVMHIIGDIADRDCILVDDMIDTGGTLCKAAEALKERGAKRVFAYATHAVFSGAAAKNLASDAIDEVVVTDTIPLSEEMKAIGKVRVLTLSSMLAEAIRRISNEESISAMFN,length1,945
1,396114,395997,117,MDGNGLVVAKAFFEVVAFKHTRNRIVACKTNHTFCTKFA,length1,117
1,396318,396294,24,MTELLKLT,length1,24
1,396345,396339,6,MS,length1,6
1,396378,396348,30,MNIWCGWICA,length1,30
1,396663,396630,33,MIIVINNIVNK,length1,33
1,396804,396666,138,MKIILKKILFYIRHRFCQRKCGRNFIRNFKLSRISIGFNALFHCFF,length1,138
1,396867,396864,3,M,length1,3
1,396918,396894,24,MTLFFHCE,length1,24
1,397248,397161,87,MRIDTTKLSICKLCELPRMGIFAGLAIRM,length1,87
1,397335,397308,27,MNCHHITSW,length1,27
1,397584,397443,141,MALSLMACIFFILKESKNAAKVSETTKAIQKPFASICGISQSVRPSV,length1,141
1,397653,397626,27,MYKIILVSL,length1,27
1,397683,397665,18,MPPTTI,length1,18
1,397701,397686,15,MVSEN,length1,15
1,397782,397743,39,MTISSVTKIEAIS,length1,39
1,398148,398055,93,MAMGNPKRSNFLSVFRFGISINWLNTFSERS,length1,93
1,398259,398244,15,MPNFP,length1,15
1,398271,398268,3,M,length1,3
1,398376,398310,66,MTIAGLVLAIPSFKQRKLISIK,length1,66
1,398535,398520,15,MPWRT,length1,15
1,398574,398544,30,MRWRWPEPFK,length1,30
1,398787,398655,132,MAAISVELTRPAIMVSANPIEFCAICANKIGKEILINFLISAWY,length1,132
1,399465,398853,612,MFTGIVQGTAPIHSIKETANFRTQVVKLLPEMRKDLEIGASIANNGVCLTVTEINGDLVSFDLMQETLKITNLGTIKVGDYVNIERAMQMGTEIGGHLLSGHIYCTAKISDIIASENNRQIWFELPNADVMKYILTKGFVAVDGISLTIGEVKGTQFCVNLIPETLQRTLMGQRKVGDIVNIEIDPQTQAIVDTVENYLQSKNF,length1,612
1,400140,400122,18,MSCCVT,length1,18
1,400329,400251,78,MVLKPSANSISFGSVRINVASSISFS,length1,78
1,400581,400575,6,MP,length1,6
1,401163,401121,42,MRFTAREPVSEENS,length1,42
1,401724,401661,63,MRLPLESKNGYLLLSAVILVV,length1,63
1,402117,402087,30,MSVTVKSGCL,length1,30
1,402354,402291,63,MQFLANSYIKYTFKRLIRFFT,length1,63
1,402900,402897,3,M,length1,3
1,402948,402906,42,MLFYATFLIRKLRK,length1,42
1,403851,403845,6,ME,length1,6
1,403938,403923,15,MDYQR,length1,15
1,404244,404214,30,MFCCRRQITN,length1,30
1,404304,404295,9,MCY,length1,9
1,404421,404415,6,MA,length1,6
1,404607,404604,3,M,length1,3
1,404658,404613,45,MTALFDKYLKILKCG,length1,45
1,404889,404856,33,MRKAQPRLCVQ,length1,33
1,405045,404949,96,MVLLIITNKQKRYFSVKILKSSNLIVQEQYKV,length1,96
1,405168,405108,60,MFGSAPQLGQTTMPFSMPSV,length1,60
1,405240,405192,48,MMLNAKPLIGIIYLKI,length1,48
1,405333,405261,72,MWCFYTVVAIIRLVLTLLQNNGKN,length1,72
1,405405,405399,6,MD,length1,6
1,405459,405408,51,MKMLMACVLLRQTTKNC,length1,51
1,405558,405498,60,MNVLVPLLLWQKMQKLHQPH,length1,60
1,405675,405639,36,MTLNFAKSGKMN,length1,36
1,405921,405846,75,MLFVLVVSMWLVLLKIIFAIYVKAL,length1,75
1,406104,406092,12,MMMG,length1,12
1,406284,406266,18,MHHTIF,length1,18
1,406359,406326,33,MIRLLSGHILV,length1,33
1,407100,407079,21,MPPTLKQ,length1,21
1,407412,407403,9,MRD,length1,9
1,407814,407736,78,MHATNSYRHMNGSCHKKCSGKKCGER,length1,78
1,407898,407895,3,M,length1,3
1,407922,407916,6,MH,length1,6
1,408603,408597,6,MP,length1,6
1,410142,410133,9,MKK,length1,9
1,411333,410985,348,MTIQRILPNARLSEVSIHNNLAYFAGQVPELTIEQNTYEQTKEVLGLIDKLLAEIGSNKSNILTAQIFLADMQDYVQLNQAWDEWVDHVSPPSRATVEAKLADPRWKVEIVIIATC,length1,348
1,411780,411366,414,MENWTNEIWVAIGIAFIVGLFIGYIIVRLTKGSVKHQAKTEAELKTVKTQLDTQKAQIEKHFAESAELFKTLINDYQKLYRHYATSSNNLLGEKDHKGLFTQQLITATDKSQNEQPRDYSDGASGLFKENKEENKEEN,length1,414
1,412263,412161,102,MLRFYVLVGNVKFSCHKFDQANTYRNRQQAHQSY,length1,102
1,412467,412464,3,M,length1,3
1,412938,412653,285,MAFKFNAEVRTAQGKGASRRLRNNGQIPAIVYGGSEEPVSIILNHDELNNAQAHESFYSEVITLVIGGKEVAVKVQAMQRHPFKPKLVHIDFKRA,length1,285
1,413166,413088,78,MAGVLGFEPRNAEIKTQCLTAWRYPN,length1,78
1,413295,413241,54,MLRSKPSALPLGDTPTTI,length1,54
1,413445,413313,132,MVRDEGLEPTHLSAPEPKSGASTNFASPANLVATARFELATPTL,length1,132
1,413625,413577,48,MFVWLLMKHITYFLFI,length1,48
1,413730,413637,93,MAFSTAKFFLILFFLLCVHLLLIKIYLTKNA,length1,93
1,415578,414282,1296,MGKSVVILGAQWGDEGKGKIVDLLTDRVKYVVRYQGGHNAGHTLIINGEKTVLRLIPSGMLHPNVTCLIGNGVVVSPEALMKEMGELESRGIKVRERLLISEACPLILPYHVAMDHAREAALGKKAIGTTGRGIGPAYEDKVARRGLRVGDLFNKEAFAEKLKNILEYYNFQLVNYYKVEPVDYQKTLDDVMAIADVITGMVADITTILDTARKNGEHILFEGAQGTMLDIDHGTYPYVTSSNTTAGGVATGSGFGPRNLDYVLGIIKAYCTRVGGGPFTTELFDDVGAEIARKGNEFGAVTGRPRRCGWFDAVAIRRAIQLNSISGFCMTKLDVLDGFDEVKICVAYKMPNGEIVEYAPLAAKDWEGVEPIYETLPGWKENTFRITDVNKLPQNCINYIKRIEEVTGVPIDILSTGPDRVETMILRDPFAA,length1,1296
1,415794,415668,126,MPTFPKVFASTFFTITAQYRLYFPHFDGRLPDTTTEPAGTRP,length1,126
1,416067,415842,225,MNTPIEITQPSSTITPSTTSERAPIKQLSPIMVGLACNGSNTPPMPTPPDKCTFLPICAHEPTVAQVSTMVPSPT,length1,225
1,416085,416076,9,MFT,length1,9
1,416295,416241,54,MIWLSLMRKDSNTAFFNH,length1,54
1,416820,416769,51,MTKFSTNLYNRKNFLGI,length1,51
1,417558,417504,54,MYESFTDSRGITNCPILL,length1,54
1,418512,418488,24,MFKQARTS,length1,24
1,418617,418575,42,MAYQRNSYCSPNAI,length1,42
1,418707,418629,78,MGLCDVRKQFVASCARIFTPTQRNRP,length1,78
1,418905,418902,3,M,length1,3
1,419166,419112,54,MWYAHYCKWFIVGYFAPY,length1,54
1,419292,419277,15,MDGRR,length1,15
1,420042,419973,69,MAYYNGRAFHDFLRYLSWCGAWR,length1,69
1,420780,420756,24,MLSPCSKG,length1,24
1,421062,420969,93,MAVYSVSIPSNSTWRPPSCTIWRIKLTKLGI,length1,93
1,421506,421479,27,MPCDLHWCK,length1,27
1,421653,421581,72,MESQFCANSARTPVVTLICSCDHC,length1,72
1,421983,421971,12,MERS,length1,12
1,422190,422169,21,MHLLCYV,length1,21
1,422286,422280,6,MA,length1,6
1,422352,422337,15,MQEPV,length1,15
1,422394,422355,39,MWSRNKFITNYLI,length1,39
1,422472,422454,18,MVKKFY,length1,18
1,422715,422610,105,MLPIVTHNIKCFTNKQEKCVFLILIALNLTKKSNL,length1,105
1,422832,422796,36,MPLFFHKNMPIN,length1,36
1,422859,422841,18,MTTLLN,length1,18
1,422928,422904,24,MYITNMFA,length1,24
1,423042,423030,12,MNVK,length1,12
1,423432,423387,45,MKNKSIILHLLKWLK,length1,45
1,423537,423531,6,MI,length1,6
1,423597,423576,21,MVLCVQF,length1,21
1,423693,423615,78,MNSLIYLIGVMKNLINLWIAPLPPHI,length1,78
1,423771,423717,54,MKPKNSFYVNYPLFLLPM,length1,54
1,423969,423879,90,MVGSSPYSVGGIIITRIIAIRLCHFITRSS,length1,90
1,424581,424551,30,MENSPSICIP,length1,30
1,424695,424641,54,MYVGRNGFRLAWHWSLVN,length1,54
1,424770,424755,15,MYYFD,length1,15
1,424932,424848,84,MNSAKAPQSFKFGYAFVKIPSHFLAFIY,length1,84
1,425013,424980,33,MLIIDNLLGKN,length1,33
1,425073,425067,6,MI,length1,6
1,425259,425232,27,MLFYRYLFY,length1,27
1,425325,425304,21,MQCSQHS,length1,21
1,425379,425349,30,MQFIKPFNKN,length1,30
1,425397,425391,6,MC,length1,6
1,425685,425679,6,MA,length1,6
1,425778,425769,9,MDV,length1,9
1,425832,425790,42,MASIFPLTKGKSVD,length1,42
1,425976,425883,93,MQSKKIGLLLPIAFVFTMSNYLNSVLINAES,length1,93
1,426285,426267,18,MNQQIH,length1,18
1,426552,426498,54,MQYPILLNLWGLKLNWVR,length1,54
1,426798,426762,36,MNNALITSGRFN,length1,36
1,428604,427590,1014,MNTRPFYFGLIFIAIISVLANYLGSTDFSHHYHISALIIAILLGMAIGNTIYPQFSSQVEKGVLFAKGTLLRAGIVLYGFRLTFGDIADVGLNAVVTDAIMLISTFFLTALLGIRYLKMDKQLVYLTGAGCSICGAAAVMAAEPVTKAESHKVSVAIAVVVIFGTLSIFTYPFFYTWSQHLINAHQFGIYVGSSVHEVAQVYAIGGNIDPIVANTAVITKMLRVMMLAPFLLMLSWLLTRSDGVSENTSHKITIPWFAVLFIGVAIFNSFDLLPKELVKLFVEIDSFLLISAMAALGLTTQASAIKKAGLKPLILGILIYLWLVIGGFLVNYGISKLI,length1,1014
1,428781,428652,129,MKNIFRYDYLKDEIRLYFKVRFNKPSSKNKGPIGRLGISNFCG,length1,129
1,429267,429252,15,MSSGK,length1,15
1,429402,429399,3,M,length1,3
1,429525,429489,36,MPNAIFIFYLLA,length1,36
1,429591,429540,51,MVAQVYLERKFTKSLQN,length1,51
1,429807,429792,15,MLKGN,length1,15
1,429930,429909,21,MYKAKVK,length1,21
1,430071,430053,18,MQNILF,length1,18
1,430107,430086,21,MVLQILM,length1,21
1,430272,430230,42,MVHQQCWFIPLVTV,length1,42
1,430380,430275,105,MVSLMIHQSVHSVFPTKICKCQKRAKFIPSTKDNT,length1,105
1,430593,430548,45,MENSVYYMKAILLHF,length1,45
1,430641,430623,18,MVIVEF,length1,18
1,430965,430950,15,MLIWY,length1,15
1,431073,431052,21,MLNFMRY,length1,21
1,431448,431433,15,MARKY,length1,15
1,431922,431913,9,MGC,length1,9
1,432615,432606,9,MYK,length1,9
1,432936,432774,162,MTALLRSFPIFLFYISTIKNDFQPIKVRLILRMNLSISQKPNFLFLYLLNVFSL,length1,162
1,433044,433017,27,MDNRNISQK,length1,27
1,435789,433059,2730,MKKAIKLNLITLGLINTIGMTITQALAEETLGQIDVVEKVISNDKKPFTEAKAKSTRENVFKETQTIDQVIRSIPGAFTQQDKGSGVVSVNIRGENGLGRVNTMVDGVTQTFYSTALDSGQSGGSSQFGAAIDPNFIAGVDVNKSNFSGASGINALAGSANFRTLSVNDVITDDKPFGIILKGMTGSNATKSNFMTTAAGRKWLDNGGYVGVVYGYSQREVSQDYRIGGGERLASLGQDILAKEKEAYFRNAGYVLNPAGQWTPDLSKNHWSCNHPSPYLADKTYAPNNKCPRIYTNKEKMDILEKLYKEQKNPSEITELQKDITKTDESFERNKDQYSVAPIEPGSLQSRSRSHLLKFEYSDDHHTLGAQIRTLDNKIGSRKIENRNYQVNYNFNNNSYLDLNLMAAHNIGKTIYPKGGFFAGWQVADKLITKNVANIVDINNSHTFLLPKEIDLKTTLGFNYFTNEYSKNRFPEELSLFYDDPSHDRGNYSNLGRLKGARGLLPQRSVILQPSGKQKFKTVYFDTALSKGIYHLNYSVNFTHYAFNGEYVGYNNTTLEEPILHKSGHKKAFNHSATLSAELSDYFMPFFTYSRTHRMPNIQEMFFSQVSDAGVNTALKPEQSDTYQLGFNTYKKGLFTQDDVLGIKLVGYRSFIKNYIHNVYGVWWRDGKVPAWADTNGFRFNIAHQNYQPIVKKSGAELELNYDMGRFFANVSYAYQRTNQPTNYADASPRPNNASKEDILKQGYGLSRVSMLPKDYGRLELGTRWFDKKLTLGMAARYYGKSKRATIEEEYINGSHYEKNTSGQRTYYAVKKTEEIKKQPIILDLHVSYEPIKDLIIKAEVQNLLDKRYVDPLDAGNDAASQRYYSSLNDSICSKSDACEDGVKDKSVLYNFARGRTYILSLNYKF,length1,2730
1,436011,435825,186,MPLILEFIILLRDYYYSLSIIPNTNAEDCFAANGKNSSKDILALPSPPSEIARTTTKGTLNA,length1,186
1,436641,436389,252,MAAATLPMPDCNNATSLPLILPSKMTALATQVSVLSVIKFFKISTSCAIAPTIPIFIVFVPVLFYLPKNLTPPRYNHRYKVYLQ,length1,252
1,436815,436812,3,M,length1,3
1,436917,436887,30,MLAKYKKYVR,length1,30
1,437085,436968,117,MCVFGYKALKYPALKNILDNHNQKRIECGFFYRFETLVQ,length1,117
1,437184,437142,42,MASAENFALKILSD,length1,42
1,437277,437226,51,MPIFPLISFYHSSIGSI,length1,51
1,437901,437886,15,MPNTP,length1,15
1,438510,438474,36,MASAGGKVSGGK,length1,36
1,438603,438534,69,MPFSFKNSTPSKDETPLSTVIKS,length1,69
1,438837,438825,12,MPYN,length1,12
1,439107,439077,30,MLTGIKPTDH,length1,30
1,440193,440175,18,MPKLSV,length1,18
1,440214,440205,9,MPN,length1,9
1,440280,440226,54,MFGMIQIKPKHLVKNGFL,length1,54
1,440343,440328,15,MLMGC,length1,15
1,440391,440382,9,MKR,length1,9
1,440430,440403,27,MNSNNNSKN,length1,27
1,440586,440460,126,MMLAIAMWTYKQVLAVQKLKIGQKCCCVCIFVGLKAKVLKQS,length1,126
1,440610,440607,3,M,length1,3
1,440694,440652,42,MPLVGYEQKRAFIV,length1,42
1,440853,440772,81,MTILILKSILLIYVLMFIVHRGQEVST,length1,81
1,441075,440979,96,MSLSYRRKMQISKQWKIINRTLVGEAKFALTY,length1,96
1,441366,441336,30,MAKCSSVVKN,length1,30
1,441453,441390,63,MPFRINSVVMRSHKICTINTM,length1,63
1,441471,441459,12,MGKS,length1,12
1,441627,441582,45,MLHAIICLKVFMLKM,length1,45
1,441696,441690,6,MN,length1,6
1,441768,441762,6,MV,length1,6
1,441978,441972,6,MH,length1,6
1,442020,441981,39,MWICIYVSHLNFI,length1,39
1,442158,442080,78,MKGFLFVIIQNLLCLNIIKPMQITTI,length1,78
1,442317,442227,90,MANTNLILVNHSNVLRYTMQRLNMVQTKVS,length1,90
1,442368,442332,36,MTLIVQKPRQNA,length1,36
1,442446,442413,33,MQFLKKWLNIT,length1,33
1,442524,442506,18,MMKIQM,length1,18
1,442584,442569,15,MVSQN,length1,15
1,442689,442587,102,MTQKIKMNVLMHKWLQKKLAMMKRCLKMKTLLLH,length1,102
1,442779,442752,27,MQMHHQFVM,length1,27
1,443190,442986,204,MGQLVKFLLHPLCLNERVERRNEHICHRLQHKYIQPLSRHLILSLKNEQNVPQLAPLKALQNRHLLLH,length1,204
1,443289,443229,60,MVRFHLHSILHIELEKVMEE,length1,60
1,443832,443739,93,MLSRCLLATEVLVITLMLDQYHLRHLIQQLS,length1,93
1,443850,443844,6,MC,length1,6
1,444492,444039,453,MTDNLTRAFKELLNQERFGSQNEIVDALKKQGFTGINQSKISRMLSKFGAVRTRNTKMEMVYCLPNELSVPNTSSPLKNLVLDVDHNSMLIVIKTTPGAAQLIARLLDSIGKSEGILGTIAGDDTIFVTPTNDKPIAELLQNIQRLFENAL,length1,453
1,444573,444564,9,MNK,length1,9
1,444759,444675,84,MPSSILLANQFFIKFGRKTRNLFYEKVV,length1,84
1,444960,444945,15,MREFV,length1,15
1,445095,445053,42,MESNISLGLLWKIW,length1,42
1,445359,445293,66,MLCLKNYSTLDSNFSILIAKTI,length1,66
1,445809,445680,129,MCNFLNISTVSDQFITTRHINTIYIRITNFRSCRGKVNFLRTS,length1,129
1,446175,446136,39,MNTCRINRDTINR,length1,39
1,446586,446526,60,MVLRNVIKMISENIKKKFRI,length1,60
1,446715,446664,51,MHQSDTIGRIYIKRLCL,length1,51
1,446757,446751,6,MP,length1,6
1,446814,446787,27,MLLTEHIAD,length1,27
1,446904,446889,15,MLQKS,length1,15
1,447222,447144,78,MHRALNRKQHLIRDQCRLNPSYLLID,length1,78
1,447420,447363,57,MPQPSYQVKVLRVQNHVIS,length1,57
1,447603,447483,120,MKNGRLKRPRYSTKIQPKRKRLRKLNFLPKSTFKFALSFP,length1,120
1,447672,447618,54,MLICRFFLHKRQGFILLF,length1,54
1,449418,448215,1203,MSKLVLILNCGSSSLKFAILDPATGEEKLSGLAEAFFLPEARIKWKLNGEKGNADLGAGAAHTEALNFIASNILTDELKNSIAAIGHRIVHGGEKYTQSVIVTDEVVKGIEDAAQFAPLHNPAHLIGIREAFNAFPHLKDKNVVVFDTAFHQTMSEEAFLYALPYSLYKEHGVRRYGAHGTSHYFISREVAEYVGKPADQVNAIICHLGNGGSVSVVRNGQCIDTSMGLTPLEGLVMGTRCGDIDPAIVFYLYKTLGMSMEQIEETLVKKSGLLGLTEVTSDCRYAEDNYDNASKPEAKRALNVYSYRLAKYIGAYMAVLGDDHLDAIAFTGGIGENSAHVRELALNHLKLFGIKIDNERNLAARFGKDGVITTDDSAFKAIVLPTNEELVIAQDTARLCF,length1,1203
1,450834,450777,57,MCAFSRSCIRSTCCRSTRC,length1,57
1,452058,451839,219,MLAQSTCSFSQASKSAANSCLACSRVKPCKSKNNSGEKSPRRSCFNKWESSPSRKYFTTPSLSLSNGSYSSEK,length1,219
1,452268,452160,108,MPLVSARNKSNSSCIFFSLIFKFCVSYHSSTFSSVV,length1,108
1,452349,452298,51,MLTFLLTFMEKCDGNFT,length1,51
1,452859,452778,81,MHRQRLYCHCLCLCFPECGSRCGRFIG,length1,81
1,453141,453138,3,M,length1,3
1,453210,453198,12,MGRT,length1,12
1,453465,453357,108,MPSNNFFTELLSRKRSAFSTTLRVKCGEKYSIKSYI,length1,108
1,453720,453663,57,MPALLNAESKSETPVKPNV,length1,57
1,453819,453753,66,MVSSFTLASGCSGETITARFHQ,length1,66
1,455061,455040,21,MYVNTIA,length1,21
1,455442,455409,33,MERSLSQASIG,length1,33
1,455775,455709,66,MVLRFDVIKRRGNSFVAVRIKV,length1,66
1,456009,455907,102,MRSIACLSPIIQPKAYPESVGYTITPPFCKISTA,length1,102
1,456147,456063,84,MCFFLKKCALIIAILCSLYNGEHIKIKA,length1,84
1,456480,456315,165,MAPACPIRFPFGAVIPAIYATTGLVTLSLMKIAASSSAEPPISPIITMASVSGSC,length1,165
1,456645,456642,3,M,length1,3
1,456795,456657,138,MPILHSSGVITPGQFGPIITTPVSFNFCFTLSISNVGIPSVIQTIN,length1,138
1,456852,456810,42,MASIMASLQNDAGT,length1,42
1,458280,458256,24,MKTIHSRF,length1,24
1,458319,458289,30,MNRDFFTIVI,length1,30
1,458346,458322,24,MFCLDIKI,length1,24
1,458643,458577,66,MFNAPRIMQTRRHFSVINCINK,length1,66
1,458901,458832,69,MGGMIIHIRISHIAAIRFYKKTM,length1,69
1,459345,459285,60,MTCLIGDLCGDFFLKTWATI,length1,60
1,459441,459402,39,MLEFFGHQGDQDD,length1,39
1,459474,459453,21,MILDQVN,length1,21
1,459534,459495,39,MSHFQFLARLISD,length1,39
1,459591,459582,9,MYG,length1,9
1,459711,459681,30,MCVFLNLQAE,length1,30
1,460320,460227,93,MVANVYTYSISIYKIFVYNGQDLFQISFSNT,length1,93
1,460467,460425,42,MMLCLHIVRETELE,length1,42
1,460677,460671,6,MV,length1,6
1,460890,460806,84,MGRRKTHHRQYFTYSRRFYRTSLRPTML,length1,84
1,461028,461025,3,M,length1,3
1,461904,461856,48,MRTFCTVKIHILICAS,length1,48
1,462261,462237,24,MGSVMLLN,length1,24
1,462351,462345,6,MH,length1,6
1,462546,462357,189,MNRRILSKKRMNCQTLLLMVAMPYFYFMQRFMRKAKAFKILSLAYVKQISAVIQIAEMCLSSQ,length1,189
1,462558,462549,9,MSH,length1,9
1,462645,462639,6,MN,length1,6
1,462747,462660,87,MYKNILTLAMKASKVDAENAQAVFYAIKV,length1,87
1,463203,462780,423,MFKISKEFSFDMAHLLDGHDGKCQNLHGHTYKLQVEISGDLYESGAKKAMVIDFSDLKSIVKKVILDPMDHAFIYDQTNERESQIATLLQKLNSKTFGVPFRTTAEEIARFIFNRLKHDEQLSISSIRLWETPASFCEYQE,length1,423
1,463839,463206,633,MLMEKYHDFEPNFNIVEIFESLQGEGFNTGMPSVFVRFGKCNLDCPWCDTPYNNFKRWSVSQILEKVRSFSSKNIIITGGEPTIVPKIEYLLEQFKSDGYFLAIETNGLKAIPAQIDYIATSPKSLYAHKYEKRCIPFANEVRIVMDSNMPSFCELIEQKIKAKNYYLSPCEIDGKMNLLETITLLGQLNQRSNKPKWQLSLQTHKLIGIE,length1,633
1,463965,463884,81,MTFSTLESDHNETWIAHFSHSFVLTIF,length1,81
1,464094,464073,21,MRKMACK,length1,21
1,464136,464109,27,MFIKSLQES,length1,27
1,464226,464190,36,MGIFGKMRNLAF,length1,36
1,464319,464292,27,MVLMLSLRI,length1,27
1,464412,464403,9,MRL,length1,9
1,466629,464448,2181,MMDISELLDGLNDKQREAVAAPLGNHLVLAGAGSGKTRVLTHRIAWLIAVENISEGSIMAVTFTNKAAAEMRHRIQSTLAKHAQHQLVGMWIGTFHSIAHRLLRAHHLDVGLPQDFQILDSEDQLRLIKRLLKLHNFDEKAFPPKQACWYINNKKDEGLRPNDIEDFNDRQEREWIKIYQIYQDTCDRAGLVDFAELLIRVYELFEKKPLILQRYQQRFQHILVDEFQDTNKIQYKWIKILSGKTGKVMIVGDDDQSIYGWRGAQIENIQKFLKDFKAETIRLEQNYRSTANILNSANELIANNSDRLGKNLWTEGEKGDPVGIYAAFNELDEAKFVASQIQDWVEHGGKLDDCAVLYRSNSQSRVIEEALIRCQIPYRIYGGMRFFERQEIKDALAYLRLINNRQDDAAFERVINTPTRGIGDRTLDILRNLTRERQITLWQAVQVATQENMLAGRASTALLRFQELINSLQLDTAEMPLFAQTDFVIKHSGLYEMYQQEKGEKGEVRIENLEELVTATREFIKPDNAEEMTELTAFLTHASLEAGEEQASPHQSCVEMMTLHSAKGLEFPRVFMVGVEEGLFPSFRSFEEPGRLEEERRLAYVGITRAQKKLTISYAESRRLYAKEERHLPSRFIAELPRECIQEIRLRGTVTRAMNLAKVGSLSNTSAVENEWKMGQKVKHEKFGFGTVINVEGSENNTRLQIAFQAQGIKWLIAHLAKLEKVR,length1,2181
1,466749,466716,33,MECLNLYSNES,length1,33
1,466938,466935,3,M,length1,3
1,467223,467184,39,MFRHNSVCHKVDV,length1,39
1,467313,467229,84,MNFGSIHQQDLCLLTAGFLVCQVPSKMR,length1,84
1,467487,467481,6,MR,length1,6
1,467640,467595,45,MPFKPVIILCCKVLY,length1,45
1,469287,469242,45,MHVPNFDYSRSSTCG,length1,45
1,469608,469572,36,MPYSAERARQSS,length1,36
1,470610,469629,981,MTNEVKENTPLLNAIGLKKYYPVKKGLFAKPQQVKALDGVSFQLERGKTLAVVGESGCGKSTLGRLLTMIEEPTKGELYYKGHNFLENDSETKALRRKKIQIVFQNPYASLNPRKKIGSILEEPLIINTKLSAKERREKVLSMMEKVGLRAEFYDRYPHMFSGGQRQRIAIARGLMLDPDVVVADEPVSALDVSVRAQVLNLMMDLQDELGLSYVFISHDLSVVEHIADEVMVMYLGRCVEKGTTEQIFSNPQHPYTKALLSATPRLSPNLRRERIKLTGELPSPINPPKGCAFNPRCWKATEKCRENQPHLEQYTDGKLIACFHID,length1,981
1,471201,471171,30,MKFPQNDFAH,length1,30
1,471591,471573,18,MNFYLG,length1,18
1,471720,471618,102,MLSRFYSQQGAINVFRSNQSRTCRSTRCVKQIYF,length1,102
1,473094,472365,729,MAIRVKNLNFFYGSSQTLFDINLEAEEGDTVVLLGPSGAGKSTLIRTLNLLEVPKSGELSIANNDFNLSNAMANPKAIRQLRQDVGMVFQQYHLWPHLTVIENLIEAPMKVRGVSESEAKTDAMELLKRLRLEQLADRFPLHLSGGQQQRVAIARALMMKPQVLLFDEPTAALDPEITAQVVDIIKELQETGITQVIVTHEVNVAQKVATKVVYMEQGKIVEMGSADCFENPKTEQFKHYLSH,length1,729
1,473259,473223,36,MKKAKLLVLMWM,length1,36
1,473325,473265,60,MQFVKKFKQPVNSRAKPLIH,length1,60
1,473469,473355,114,MQQFPQLILPMLVQNKCYSLMRITIALQAMLLLKAKQP,length1,114
1,473526,473499,27,MVQHSNNIP,length1,27
1,473583,473559,24,MQVYKMPF,length1,24
1,473715,473709,6,MV,length1,6
1,473823,473790,33,MANTKKSMING,length1,33
1,474207,474138,69,MLHKHYAVQFKPYQKDNGNQVQR,length1,69
1,474738,474630,108,MDKKCGQFIPYFIHWHATVSTVLFNLCRARPISMDY,length1,108
1,474855,474750,105,MVCLIQCVVLCRISFSTKQRSLFHPIISRCSKSHS,length1,105
1,474957,474864,93,MGKLRSVRVKPITDTQNLNSLCLKTCVAFLQ,length1,93
1,475695,475392,303,MEKLKTAANPNQAKIDNATKSYETAKNELVSTWKGTAGSVSVGNKIRGITRQITGIAAGTYRGQSAVAAGVRYTPKPNMVISLSGSADTNNGDCFKRSPLN,length1,303
1,476799,476787,12,MEYR,length1,12
1,477009,476943,66,MIKIILMIIIGFLLLSFSSPAW,length1,66
1,477204,477165,39,MAISRRFTIDWLD,length1,39
1,477732,477675,57,MLSRKYNRIHTNNFIIFIF,length1,57
1,477843,477816,27,MCISNSCRH,length1,27
1,478041,477981,60,MTIKTHFRMFITNITNHFTG,length1,60
1,478230,478200,30,MPFRDRFRCK,length1,30
1,478488,478407,81,MKLDTINWQRFMLHCHHHAFIAKCGNF,length1,81
1,478533,478527,6,MI,length1,6
1,478674,478668,6,MP,length1,6
1,478806,478776,30,MTIFFRCTFL,length1,30
1,479055,478998,57,MANNARHFSFLLILKKKNP,length1,57
1,479403,479307,96,MHLINCGYKINSFAFRLNVLSIFMTTIFLPIP,length1,96
1,479496,479418,78,MPLCPMQKISYSQMKKNNASITRLLI,length1,78
1,479538,479505,33,MIYPWWQNTFK,length1,33
1,479655,479622,33,MKTGKIKLVIF,length1,33
1,479799,479775,24,MAKHYKVR,length1,24
1,479901,479826,75,MKNFIFIVEAGLPFIAMRKMNMKNY,length1,75
1,480465,480357,108,MVHARHAIAFRHTTRKIITRRENSRTHNIPRRYCQF,length1,108
1,481185,481149,36,MNLQTGSIKVFL,length1,36
1,481443,481428,15,MKSLS,length1,15
1,481545,481449,96,MANRLELPILILAISLINMTTFIIARMKLLVV,length1,96
1,481644,481557,87,MCQMWAMPYWSRICLQIFFHVKSISVNLG,length1,87
1,481692,481650,42,MQVRKKILALRVLR,length1,42
1,481713,481707,6,MI,length1,6
1,481782,481722,60,MHVKKPPLFGIMQLNVMQIQ,length1,60
1,481884,481878,6,MH,length1,6
1,481941,481902,39,MIILIRANFTAMW,length1,39
1,481998,481968,30,MSLSSQVILN,length1,30
1,482046,482001,45,MQNLSQNLLLRVCKP,length1,45
1,482133,482091,42,MQCRKMVLRHSFHL,length1,42
1,482472,482454,18,MRMALN,length1,18
1,482547,482529,18,MAQMIY,length1,18
1,482625,482583,42,MKSFIHNMLLLFIL,length1,42
1,482700,482643,57,MQLQKKFQLKIGDTIYKDF,length1,57
1,482817,482814,3,M,length1,3
1,482889,482832,57,MKPTQNLLDLKNEWTLSVY,length1,57
1,482997,482937,60,MAWQAYALVMRYLIQKSQIY,length1,60
1,483105,483063,42,MTMNLLKKSLKIIE,length1,42
1,483177,483120,57,MKTFVKKINWIIFPLKEIL,length1,57
1,483237,483213,24,MMRCYEKA,length1,24
1,483285,483261,24,MACQIIYV,length1,24
1,483639,483594,45,MLQNIYITKRHFTIH,length1,45
1,484575,484509,66,MTTLIAITSTVCNFIKFIIRTY,length1,66
1,484722,484662,60,MFSFRFSCFTNFCTAKIVIA,length1,60
1,488430,485349,3081,MLPSLNRIPQIEQYVLDYLNDLQRQHFEGDIATNYADRLSLATDNSVYQQLPQAILFPKNVADIVRITKLANLPEYQSISFTPRGGGTGTNGQSINNNIIVDLSRHMTAILELNVKERWVRVQAGVVKDQLNQFLKPHGLFFSPELSTSNRATLGGMINTDASGQGSLQYGKTSNHVLALRSVLMNGEILDTSAVNSVDVLENIDALELSENNKKLHQTIAQHCKEKRAAIIKDLPQLNRFLTGYDLKNVFNEDESEFNLTRILTGSEGSLAFICEAKLNLLPIPQCRMLINIKYRSFDAALRNAPFMVKANALSVETVDSKVLNLAKQDIIWHSVNELLTEDEADPILGLNIVEFAGNNKEKIDRQVTDLCRSLDEKIEHNQDHIIGYQVCSDLPSIERIYAMRKKAVGLLGNAKGAAKPIPFVEDTCVPPENLADYISEFRALLDQHNLQYGMFGHVDAGVLHVRPALDLCDKEQVKLFKQISDEVAELTIKYGGLLWGEHGKGVRSHYGEKFFTPELWHELRYIKTLFDPNNRLNPGKICTPLDSKDELYSILSPMRADKDRQIPIQIRDEFKGAMNCNGNGLCFNFDEHSIMCPSMKVSKNRVFSPKGRAAMVREWLRLMANENVSPEQLDFRKTEIKLTALVKRLRNTVQKWRGNYDFSHEVKATMDTCLACKACASQCPIKIDVPSFRAKFFHFYHSRYLRPAKDHIVANLEIAAPYMAKQAKFFNYFTKLKVTQTLVEKTLGMTDLPLLSEPNLQQQLVEIHYQGKSLEELEGLSAVEKNDILFIVQDPYTSYYDAKVVRDFVMLTQELGFTPILLPFKPNGKAMHIKGFLKRFSKTAKTQAEFLNRMAKLGIPLVGVDPAIVLSYRDEYKEALQEKRGDFHVLTAHEWLKQRLQNADLQEKLKNIAKTDRTFDWYLFPHCTESTFMPNSPKEWQEIFGRFGQQLNVEKVGCCGMAGVFGHEVQNQKMSREIYDVSWHKKLHEKDPHFCLATGYSCRSQVKRYEHVVLKHPVQALLEILA,length1,3081
1,489828,488859,969,MTKSAKIGVLLANLGTPDSPTPKSISRYLWQFLTDPRVVDLPRCKWYPLLKAIILPLRSKRIAKNYQAIWTEQGSPLLAISRQQKDALQAYLDTQNINAQVEIAMTYGNPSIQSTVKNLLKNQVERIIVLPLYPQYSSSTTGAVFDAFANALKEERGLVPFDFIHSYHIDENYINALANSIKVRLKSDEFLLFSYHGIPLRYEKMGDYYREHCKQTTIAVVNKLGLTENQWGMTFQSRFGREEWLQPYTDKFLESAATQNIQKIAVICPGFSVDCLETIEEIDKENRENFLTNGGQSYQYIPALNVEHTHIEMMGKLILEKLA,length1,969
1,490764,489909,855,MADFPFIVEINEQNLTEILQQSLEKPLVINFYAPTHKESADFLVLLEQVAEQYQGQFILGKVDCEKEQMIAAQFRIQALPTTYLFKEAQALDAFSGMLDKASLIQRLSIILPKEEDLKFQQALDFLQVENYEAALPLLKDAWELSNKKNSDVALLYAETYIAMKKTEPAQEILNQIPLQDRDSRWHGLQAQIELQIQAADTPEIQQLQADYAKNPTAEIAIKLAVQLHQAGRNEEALTLLFGILKTDLSAQNGEVKQQFLSILSAMGNADPLTNKFRRLLYSLLY,length1,855
1,493626,491868,1758,MNKLRQKYLQKWLRAQQEPIKKLMRANIVLATLSSFILVAQTYFLATLLDKLIMQNVPRDELIPYFLGLIIGFGMRAIILWAREKIGFQSGQLLRNHIRQKILDKIHLVGPATINQKPAGSWASIMLEQVENLHNFYARFLPQQSLSAIVPVVIFIAVFPLNWAAGLILMITAPLVPLFMIIVGIAAADNSQKNMDTLSRLSAQFLDRLRGLETLRLFNRTSEQTEHIENATEDFRETTMDVLKLAFLSSAVLEFFTSISIALMAVYFGFSYLGQIEFGTYNAPLTLFTGFFCLILAPEFYQPLRDLGTYYHDRAAGIGAADAIVDFLESDYLTVHQNEKTISLESAVEISAENLVVLSTQGSALTKPLNFQIPANHNVALVGQSGAGKTSLINAILGFLPYEGSLKINGQELRESNLADWRKHIAWVGQNPLLLQGTIKENLLLGNIQANDEEINQALMRSQAKEFTDKLGLHHEIKDGGLGISVGQAQRLAIARALLRKGDLLLLDEPTASLDAQSENLVLQALNEASQHQTTLMITHRIEDLKQCDQIFVMQRGEIVQQGKFTELQHQGFFAELLAQRQQDIQ,length1,1758
1,493938,493875,63,MMQHSAFCPNYACKYLKKSFL,length1,63
1,494061,493998,63,MWIPLIASIYVYLRHFSLLYL,length1,63
1,494286,494271,15,MRKIN,length1,15
1,494394,494385,9,MVC,length1,9
1,494535,494442,93,MNTARLILHFSLLLHLQPLRSSCHWVQHFCI,length1,93
1,494637,494604,33,MVTRNLKQKCG,length1,33
1,494880,494793,87,MMRIKVSFYWQKNPFPPIQKRHYAAKFVF,length1,87
1,494964,494955,9,MKK,length1,9
1,495081,495042,39,MAVVHFLVGNNAV,length1,39
1,495147,495108,39,MRQFYYWMNQQKA,length1,39
1,495210,495192,18,MPKIKP,length1,18
1,495342,495324,18,MGSLKD,length1,18
1,495546,495498,48,MRLRAIMQKLPPYCKD,length1,48
1,495747,495660,87,MHTFRQWLYARLQRLLQPKKLVIFSGCII,length1,87
1,495900,495891,9,MPR,length1,9
1,496407,496332,75,MWLRHLRLRYRMKKWRPRKLRLECS,length1,75
1,496527,496506,21,MWQQSWR,length1,21
1,496602,496599,3,M,length1,3
1,496950,496929,21,MLRKLRH,length1,21
1,497226,497211,15,MIWFD,length1,15
1,497742,497736,6,MK,length1,6
1,497967,497859,108,MALRVIDTIPHHKFIRNFKTNPFNRHFHFAARRFIK,length1,108
1,498324,498309,15,MNIIL,length1,15
1,498876,498780,96,MLERCSISSATATIFFSISCSCPAMVISATGY,length1,96
1,499092,499044,48,MPPACPVLGIPSFLPL,length1,48
1,499377,499347,30,MTGTSRVLNF,length1,30
1,500169,500145,24,MCTNFYKG,length1,24
1,500709,500175,534,MAKRKKKEVFDWEDEDQEEIIWVSKSEIKRDAEDLKQLGEKIVNLTKANLAKIPLDESLLDAIELAQRLQKEARRRQLQYIGKLFRGIDVEPIREALDKIENKHNQQQAMLHKIEKVCDELVEKGDVALTDLLNDYPDGDRQQLRNLIRSAQKELEQNKPSKAYREIYQMLKVLMLED,length1,534
1,501444,501426,18,MTLISR,length1,18
1,501510,501507,3,M,length1,3
1,501654,501642,12,MALQ,length1,12
1,501702,501657,45,MEKQIKFIMILATNF,length1,45
1,501726,501717,9,MPN,length1,9
1,501774,501750,24,MAVLLPMM,length1,24
1,501819,501798,21,MVMENHG,length1,21
1,501942,501933,9,MSV,length1,9
1,502149,501957,192,MKLSVCSGQTVQVKQPRSIWSLGLFAKIKAKLLLMAKTLVCSQCIIVRNVALVIYRKKPRFFAV,length1,192
1,502167,502158,9,MKI,length1,9
1,502233,502227,6,MN,length1,6
1,502542,502458,84,MSVKPLMFANALILLVQVKLSQQVHRHK,length1,84
1,502611,502551,60,MNRLNEFILANNSNYKNENN,length1,60
1,502749,502740,9,MPF,length1,9
1,502938,502935,3,M,length1,3
1,503967,503112,855,MEIIIISGRSGAGKSVALRALEDTGYYCVDNIPLDLLPQLTDILSQSQSSVAISLDIRNIPSSANSLEQTLSTLQKHHQIKIIFLEADRATLIRRYSDSRRLHPLSLKDLSLEAAIDEEYRYLEPLIQHANLILDTTHLSTHILAERLREFLRDNSEKELKIIVESFGFKYGIPLDADYVFDVRFLPNPHWDPTLRPMTGLEAPVAEFLNSHTEVNEFIYLTRHYIDTWLPMLEKNNRSYLTIAIGCTGGKHRSVYIAQQLGEYFQAKGKTVQIQHKSLERNKKI,length1,855
1,504972,504930,42,MIFWKIEVIYCASS,length1,42
1,505230,505149,81,MSDNSNAIMLPYKKSHEIDRTFSTFDI,length1,81
1,505461,505455,6,ML,length1,6
1,505878,505821,57,MRINFFAAFCSSIPASNNK,length1,57
1,506007,505938,69,MILSIPSPAKAAFKCSTVEMRTP,length1,69
1,506319,506301,18,MLPSDL,length1,18
1,506439,506355,84,MQTLTLQQIHDDEVQEQCLHALRLQYSA,length1,84
1,507318,507300,18,MLEHQY,length1,18
1,507462,507354,108,MLMNFRQQRFRPFLVLPYSLPYGLRHCHRHRLHLRL,length1,108
1,507543,507522,21,MFSVTAR,length1,21
1,507831,507819,12,MENI,length1,12
1,507921,507909,12,MFCF,length1,12
1,508368,508299,69,MCCCKTRENHFIHLQSTTFNGFF,length1,69
1,508419,508389,30,MTSDQMYLCF,length1,30
1,508500,508494,6,MQ,length1,6
1,508638,508539,99,MKCGIDFLLCYFTFCYRHKTTFIEALNMLSSNS,length1,99
1,509850,509592,258,MKIIFRLLFSKTNILWRFSFQNVHYRLNSKIFTTSCSKEIPTVAADFGNKLWLVIPGLVLTSTKRKLPFASHITSIRLQPRHPSAS,length1,258
1,510192,510054,138,MVLSNLSAYSTALFNSSTAFTFVKPTLEPSKEGLTINGKPNFATTA,length1,138
1,511227,511203,24,MHYVFQEH,length1,24
1,511341,511338,3,M,length1,3
1,511506,511419,87,MVNYAGISHKWLSFFQNRLRKYPYGLAPY,length1,87
1,511830,511794,36,MQLIQGYHLLSH,length1,36
1,512118,512103,15,MTKLN,length1,15
1,512226,512187,39,MTEAIYKTPQPLV,length1,39
1,512493,512436,57,MLEWYKNCCDSHCCNFTYG,length1,57
1,512646,512634,12,MTKL,length1,12
1,512724,512685,39,MIKHSRSLTTTNH,length1,39
1,512847,512820,27,MRKSSWKCL,length1,27
1,512913,512910,3,M,length1,3
1,513255,513228,27,MTASATRHH,length1,27
1,513396,513375,21,MIILEPP,length1,21
1,513663,513636,27,MKSVCASGR,length1,27
1,514242,514173,69,MTENKKILACHFSHCEEEICNEI,length1,69
1,514440,514422,18,MRVHSS,length1,18
1,514500,514452,48,MFCKNSILFLLMTKLG,length1,48
1,514584,514515,69,MRKFFAALFKRSKLIETCTSRRQ,length1,69
1,514815,514785,30,MQFTLNIKPS,length1,30
1,514890,514884,6,MH,length1,6
1,514908,514902,6,MI,length1,6
1,514941,514920,21,MTKCGTN,length1,21
1,515016,515004,12,MATD,length1,12
1,515211,515199,12,MINA,length1,12
1,515298,515256,42,MIFSHVQNSRSRSF,length1,42
1,515730,515646,84,MKRDILRKFINTSRLFSGINHTNISLLG,length1,84
1,516063,516021,42,MVVNRCHSKNALFA,length1,42
1,517650,517644,6,MA,length1,6
1,518475,518421,54,MHNFRTNNLIMLVTLSSN,length1,54
1,518853,518736,117,MFTRSNQRFFQRIWCMRIIYNNDWFIWILNHFHSSTYSF,length1,117
1,519051,518961,90,MQNTITPARFKSNICTFKMIMDIYCFHPLV,length1,90
1,519222,519213,9,MII,length1,9
1,519237,519225,12,MITG,length1,12
1,519300,519264,36,MQGFYTMLRQTV,length1,36
1,519459,519450,9,MPQ,length1,9
1,519636,519579,57,MTCKLIIFNYRHIPDKRHS,length1,57
1,519651,519639,12,MLAR,length1,12
1,519777,519687,90,MKSRINKLISIHLMTFYRHKKIASFNLTAI,length1,90
1,519810,519789,21,MEFYIIL,length1,21
1,520215,520122,93,MSIFNLTCRTCFYADTVAFHHCAFIFNCYFL,length1,93
1,521013,520971,42,MFNNISSFIFTNST,length1,42
1,521148,521136,12,MLCF,length1,12
1,522204,522159,45,MVNLWEYPRPYFVFS,length1,45
1,522954,522918,36,MPSHSRLREVKL,length1,36
1,522993,522966,27,MKKRNFRYS,length1,27
1,523137,523029,108,MRNHSTHQQQNLHWSQFLYPLQFEYAILHRSKFQIY,length1,108
1,523197,523188,9,MAH,length1,9
1,523725,523719,6,MV,length1,6
1,524064,524046,18,MNVDQH,length1,18
1,524118,524100,18,MQYRQK,length1,18
1,524301,524205,96,MENLLKLHLVTLVDFHRMQDQPYTILMQLPPQ,length1,96
1,524409,524364,45,MEFALRGNLIMRHKR,length1,45
1,524886,524880,6,MY,length1,6
1,525012,524931,81,MALLRHRDEYLTYHRNNRVLRPQKYNQ,length1,81
1,525057,525045,12,MHQE,length1,12
1,525558,525510,48,MQKIALIAASLSNKKI,length1,48
1,525636,525600,36,MKKSIVKAQNST,length1,36
1,525729,525702,27,MINLLRSYY,length1,27
1,525825,525783,42,MKIHRKKDASLEEW,length1,42
1,525849,525834,15,MQNLI,length1,15
1,526020,525990,30,MVVILECIKS,length1,30
1,526452,526362,90,MVSNFSWSIANLRIPSANFSTAIASLLCCQ,length1,90
1,526644,526566,78,MVKRSQPASSVISPTLRKLAPITTVL,length1,78
1,526941,526845,96,MPSFSRISAARIPCHVEAILIKIRSFEMPAAL,length1,96
1,527790,527679,111,MKNNISSSITGLNRKVLTHTKPKVCQNLTLLINYLKA,length1,111
1,527952,527889,63,MLNGQTEILLLHTISCLRGVV,length1,63
1,527991,527979,12,MRVT,length1,12
1,528054,528012,42,MRKTLLTVRKNRLN,length1,42
1,528126,528072,54,MITPLWFMQPILCLMQSV,length1,54
1,528192,528183,9,MHG,length1,9
1,528351,528348,3,M,length1,3
1,528420,528390,30,MVYRQNNSLN,length1,30
1,528483,528477,6,MN,length1,6
1,528555,528552,3,M,length1,3
1,528699,528597,102,MCLPQLTSKKVISFNNLLIQKNRWHNVMKKPLNS,length1,102
1,528822,528759,63,MKTTKKWLLLQLLCGKLTPKV,length1,63
1,528831,528828,3,M,length1,3
1,529119,528891,228,MWRVLDGMRITTKQQHSATISYLILVTIPRNMRIQNMIKRWQNLTQQLMQKVVQKLMRKPKKFLEKITVSYQSLTM,length1,228
1,529890,529773,117,MAASWRLERRYRHVHDLTCSLLNYRLCCRDCAYHAWFDD,length1,117
1,530445,530328,117,MARCETPFFPQQSGRCQSDYFGVYYYIYHRSALVLPIYL,length1,117
1,531705,531678,27,MPSQTTHCR,length1,27
1,532089,532059,30,MPNCAKTDYI,length1,30
1,533136,532140,996,MTVSNNKELLLEVNHLGVSFKIKNDKSLFFAKPQTLKAVKDVSFKLYAGETLGVVGESGCGKSTLARAIIGLVEASEGEILWLGKHLRKQSAKQWKETRKDIQMIFQDPLASLNPRMNIGEIIAEPLKIYQPHLSAAEVKEKVQAMMLKVGLLPNLINRYPHEFSGGQCQRIGIARALIIEPKMIICDEPVSALDVSIQAQVVNLLKSLQKEMGLSLIFIAHDLAVVKHISDRVLVMYLGNAMELGSDVEVYNDTKHPYTKALMSAVPIPDPKLERNKSIELLEGDLPSPINPPSGCVFRTRCLKADENCAKQKPPFTSQNNSHFVACLKVL,length1,996
1,533628,533622,6,MP,length1,6
1,533676,533661,15,MGCHA,length1,15
1,533802,533790,12,MKTL,length1,12
1,533922,533889,33,MLIDKLFKATN,length1,33
1,534057,533961,96,MFWCIKTPWSIWINILRLRPLVSCFCCHLDCH,length1,96
1,534291,534261,30,MQENRPHLMH,length1,30
1,534426,534399,27,MVMLPCQSK,length1,27
1,534870,534807,63,MNDFITCFFYSAKTIFIFTAL,length1,63
1,535080,535044,36,MHNLNTQPSVSQ,length1,36
1,535182,535170,12,MQAV,length1,12
1,535245,535239,6,MV,length1,6
1,535362,535305,57,MLMKPRSCLIKILILLKRF,length1,57
1,535368,535365,3,M,length1,3
1,535419,535383,36,MVRKNYPSPLKL,length1,36
1,535827,535779,48,MGRFFLMNFQNLSEKC,length1,48
1,535914,535830,84,MHYASLWKVVRLLFLVPMQKFNSQLVFN,length1,84
1,536247,536214,33,MIKMPFSLKKH,length1,33
1,536778,536487,291,MPALAPMRVAPALIIASAVSVSRTPPDALTPILPTVCFINATSSTVAPPLLKPVDVLTKATPISLQISQAFTISSLVSKQVSKITFNGVPLQALNTA,length1,291
1,537150,537135,15,MFYLL,length1,15
1,537612,537603,9,MAN,length1,9
1,537846,537840,6,MI,length1,6
1,537906,537885,21,MARNLQI,length1,21
1,538188,537972,216,MNLAILMRYSTRGHVLRLRNGMVNTLCTTTTNILKSCCIIALTVKFLFSMPQAQQLMETPKYSVKNVNLKAH,length1,216
1,538341,538191,150,MCMAILNSCSINMCVTFCQKQNRQYVVSVISMFTGRVKIIKVQWRVWHST,length1,150
1,538419,538416,3,M,length1,3
1,538437,538425,12,MWLQ,length1,12
1,538527,538458,69,MVFRVFTTLVQEMQKVSVRWLMR,length1,69
1,538719,538716,3,M,length1,3
1,539091,538932,159,MQQLLLPANIPLQNSSHQQSFAAKMSFSRHLQLGEFVRFRGQLDEINLSHSEA,length1,159
1,539220,539211,9,MAK,length1,9
1,539451,539400,51,MAFAYKHTRYQKYRDSS,length1,51
1,540135,540060,75,MQFVMLVVMPQSTNLVVVHVFHWIV,length1,75
1,540480,540426,54,MLTKFTIPTCIACINNFL,length1,54
1,540561,540549,12,MSVK,length1,12
1,540639,540633,6,MF,length1,6
1,540840,540774,66,MLKGMASKRRVVSFNINFNFFF,length1,66
1,540927,540894,33,MFSWFLRFWLN,length1,33
1,541026,540954,72,MLMFYHHLHKTTNLFTFTFQIGIQ,length1,72
1,541284,541254,30,MMKILYIFPH,length1,30
1,541338,541314,24,MKTIIRHA,length1,24
1,541491,541467,24,MPITHRQA,length1,24
1,541515,541494,21,MFSHSFT,length1,21
1,541635,541539,96,MFESKRICGFFSLKGDFFNFIEIGCHNIFLSR,length1,96
1,541854,541851,3,M,length1,3
1,541896,541893,3,M,length1,3
1,541953,541902,51,MILFQCLLRIWIFQPLR,length1,51
1,541968,541962,6,MN,length1,6
1,542031,541995,36,MVILNYQPTITR,length1,36
1,542190,542148,42,MMEYVFYHLHIVQY,length1,42
1,542277,542208,69,MTENYINVLWFMKIESIILIFIY,length1,69
1,542436,542394,42,MYLSFPMMSTQTLH,length1,42
1,542457,542442,15,MTPTI,length1,15
1,542481,542472,9,MNG,length1,9
1,542754,542736,18,MSIFHY,length1,18
1,542793,542772,21,MELIYFG,length1,21
1,542829,542817,12,MKMN,length1,12
1,542913,542898,15,MVSFV,length1,15
1,542943,542916,27,MSLCLEKNY,length1,27
1,542982,542967,15,MGFVY,length1,15
1,544407,543003,1404,MKTTHRTRMPTTLEAFSPIIVMLLLLGLGYALFDLPAEPLMIISTVFAGFLVIKLGHCYLDILDAISEKIAKTMPALLILITVGLLIGTWISGGTIPMMIYYGLKAISPEYLYVTALFLTAIVSICTGTSWGSAGTVGVAFMGVAIGLDANLAATAGAVVAGAYFGDKLSPLSDTTNIASAAAGVDLYEHIVHLLYTTLPSFILSATVYVVYGLNYDFSNVATPEKVNTMIHELEQVYHFNFLLLIPVAIVLWGSITKKPTIPVMLLSAFIAIINAILIQKFSLSDVINSAVNGFDTSMIHHTSVSSDLSRLLNRGGMNSMMGTLLICFCALSFAGVLQLSGALTVIIQKLLTFVHSTLSLIITTILCGLTMIGVTCNGQISILIPGEMLKNAYVEKGLHPKNLSRTAEDSATIIEPILPWTAAGAYMAGTLGVATLSYLPWAILCWSGIIFAIIYGASGIGIAKLKK,length1,1404
1,544425,544410,15,MWYWI,length1,15
1,545682,544521,1161,MTEQYYKIALLFNANKVYDRQVVEGIGQYIQASQCMWDIFVEDEFIYHTDTINQLSIDGIIADFDDPKTVELLQHTLIPTIAVGGSYKQADFYPHFPYVATDNMALVEMALSHLQEKGLSQFAFYGLQVNTHKHWSIERRDAFVELMEKNHYPIYLYEGVQVHAQNWLEEQQKLIVWLKSLPSHTGIIAVTDARARHLLQACEYSKIAVPEELCVVGIDNEELIQYLSRMSLSSVEQGTREIGYQAAKLLHKLLNGQKVSHTPILIPPITVHSRNSTDYRSLTDPLVIQAMHYIRHRACHRIKVEQVLDHLETSRSNLEQRFKNEMNKTIHQVIHEEKISRAKNLLQQTDISIQEIAEICGYPSIQYFYSVFKKEFEMTPKEFRLNC,length1,1161
1,546798,545760,1038,MNILIIGPSWVGDMMMSHSLYQQLKIQYPNCNIDVMAPNWCKPLLARMPEVRKAIEMPLGHGAFELGTRYRLGKALRNQYDMAIVLPNSLKSAFIPAFAKIAVRRGWKGESRYFLLNDLRNNKRDYPMMVQRYVALAFEQNAVPKAADIPVLKPYLTVDPTQQAETLKNFKKQTALLGERPIIGFCPGAEFGPAKRWPHYHYAKLAEMLITQGYAVALFGSAKDEPVGEEIRQALPEALREFCVNLAGKTNLNEAVDLIANCTAVVTNDSGLMHIAAAVNRPLIALYGPTSPQYTPPLSDKATIIRLIEGGLIKVRKGDKEGGYHQSLIDITPEMALEKLNELLAK,length1,1038
1,547590,547581,9,MRT,length1,9
1,547662,547650,12,MREQ,length1,12
1,548229,548181,48,MIKNRWLVYCINKKIQ,length1,48
1,548604,548514,90,MKYLQECLLPPLSDELWQVRYHYQQFLRDQ,length1,90
1,550227,550191,36,MPAHHKIVETRF,length1,36
1,550662,550596,66,MWKMGIHQFLNRPQKNYHQKLN,length1,66
1,550818,550695,123,MTSKFLFLTRNLFMIWGIIVPSQYNQRNLNTICQPQIMSQV,length1,123
1,550890,550851,39,MLVLMALIHHRQN,length1,39
1,551118,550953,165,MNQKQKRQLSQNKQLAIFNFILFQNLAKNLMVLNWCRLLKTWVLSWVKMKCIIVT,length1,165
1,551196,551184,12,MLIT,length1,12
1,551397,551349,48,MQMQSKPILLECKFIP,length1,48
1,551571,551550,21,MNTNTTF,length1,21
1,551781,551748,33,MLFPMQNLMLL,length1,33
1,551862,551850,12,MAWL,length1,12
1,551979,551874,105,MLMVNLHKPPLVVMAPQAKILQPISARFVMFHYNF,length1,105
1,552066,552060,6,MR,length1,6
1,552165,552075,90,MKKPLLILAMQRQALYASLILILPANVRWY,length1,90
1,552237,552168,69,MLMVLELLRGLICRLRIMIVCNG,length1,69
1,552300,552282,18,MVQMKF,length1,18
1,552366,552345,21,MILTERY,length1,21
1,552381,552375,6,MI,length1,6
1,552399,552393,6,MN,length1,6
1,552528,552474,54,MMLNSKWVELAQSHQLPN,length1,54
1,552600,552564,36,MPPYIMAMKLNV,length1,36
1,552648,552645,3,M,length1,3
1,552768,552693,75,MLNQSFSQQIALCAILKLFVLKAKQ,length1,75
1,552861,552855,6,MV,length1,6
1,553044,553005,39,MQKARRLIALFLL,length1,39
1,553155,553107,48,MRLKTQILKNFNKCLM,length1,48
1,553227,553206,21,MLQSWRI,length1,21
1,553377,553338,39,MKQKPYYNSLVQK,length1,39
1,553458,553422,36,MGQALNLQKLKN,length1,36
1,553620,553539,81,MIPDAWCNWKNRQYTSCSRFNFIVTLV,length1,81
1,554166,554136,30,MKWFHLFYKL,length1,30
1,554253,554223,30,MLFYLQNQLH,length1,30
1,554643,554523,120,MELAHHLSALSVASSPKSLPPFYNLLFQNNGMRVNSMLQC,length1,120
1,554850,554793,57,MPNVHHLNSSQFDRASTIF,length1,57
1,555018,554922,96,MDFYLHLSFGQRNRAISHKFALTLIRLAKIPP,length1,96
1,555345,555342,3,M,length1,3
1,555525,555489,36,MAQSIALMYSLL,length1,36
1,555756,555747,9,MRQ,length1,9
1,555852,555786,66,MRSKITMFFSLLLLRKFVINWF,length1,66
1,555954,555900,54,MNHAFSIYNERFWRTIYP,length1,54
1,556251,556107,144,MFGITSRTPSRPYVKQNWLTLLKQFVRVSFIFKQLRQIFFWHRLSNQS,length1,144
1,556500,556491,9,MAV,length1,9
1,556710,556605,105,MACNISVTPKNCPQVFRQVPHRGHELNHQQLRLLS,length1,105
1,556944,556923,21,MRSPKQS,length1,21
1,557067,557013,54,MIHDASHVVAIHKAQVTQ,length1,54
1,557256,557241,15,MQMVS,length1,15
1,557634,557532,102,MQMRELKLRYQNELRRCRADKVKRLKSQVIPSKL,length1,102
1,557700,557676,24,MLCQQATA,length1,24
1,557967,557706,261,MSFLLDPRTTSPPSQAHNKPTKNRVRYLKLKTPKQQASKDVTNAPKLNLIFQSLRMLSQTQMPPKNPHSPYKVMEGGKSSLHLATLG,length1,261
1,558219,558129,90,MTKPPVTKSTVTKSLHGNPIPQINDNKWVK,length1,90
1,558396,558339,57,MPLIVHCPFPPPTKGKSPT,length1,57
1,558549,558525,24,MYFLHFFA,length1,24
1,559398,559362,36,MDGFSNLVILAP,length1,36
1,559515,559461,54,MHKIPAAFAPMLRSEKAE,length1,54
1,559911,559842,69,MPTPSKISVKNANNGLNLPQIRY,length1,69
1,560427,560379,48,MCNDFSQSCHWQRLCG,length1,48
1,561003,560886,117,MRYVFVVLQKVVRQANLHALIIPLSQANPTTYRCFVQLD,length1,117
1,561480,561474,6,MI,length1,6
1,562215,561570,645,MSYTLPELGYAYNALEPHFDAQTMEIHHSKHHQAYVNNANAALEGLPAELVEMYPGHLISNLDKIPAEKRGALRNNAGGHTNHSLFWKSLKKGTTLQGALKDAIERDFGSVDAFKAEFEKAAATRFGSGWAWLVLTAEGKLAVVSTANQDNPLMGKEVAGCEGFPLLGLDVWEHAYYLKFQNRRPDYIKEFWNVVNWDFVAERFEQKTAHCNCAK,length1,645
1,562530,562491,39,MTTLKLSQKNVLL,length1,39
1,563415,562623,792,MNQNLIEVKNLTFKRGDRVIYDNLNLQVKKGKITAIMGPSGIGKTTLLKLIGGQLMPEQGEILFDGQDICRLSNRELYEVRKRMGMLFQSGALFTDISTFDNVAFPIREHTHLPESLIRQIVLMKLEAVGLRGAAALMPSELSGGMARRAALARAIALDPDLIMFDEPFTGQDPISMGVILSLIKRLNEALNLTSIVVSHDVEEVLSIADYAYIIADQKVIAEGTSEQLLQSQDPRVVQFLKGESDGPVRFKYPAQDYMKELFE,length1,792
1,563565,563559,6,MF,length1,6
1,563646,563637,9,MSY,length1,9
1,564012,564003,9,MIF,length1,9
1,564045,564015,30,MALLKRFSLL,length1,30
1,564153,564072,81,MVMIVCQHQKVSAKLQHEQLCTLHLLF,length1,81
1,564273,564228,45,MNFGSGYFYYLVLVP,length1,45
1,564336,564300,36,MYKVLLRRNLIP,length1,36
1,564456,564432,24,MKKAIYQK,length1,24
1,564531,564483,48,MKSQKTVLYQLKHQVY,length1,48
1,564627,564567,60,MMEIQQCLKMVVKFKTLHQL,length1,60
1,564729,564684,45,MKNQNPQNNRLNFIN,length1,45
1,564864,564765,99,MVYYFNFRINRTFGYTNSYCRNKSLCFNAASVR,length1,99
1,565215,565209,6,MA,length1,6
1,565326,565236,90,MESLRYGSSRRKYAGRYDKKLGWYFKQTRY,length1,90
1,565434,565425,9,MIK,length1,9
1,565986,565956,30,METRSCIKPV,length1,30
1,566037,566022,15,MGNLV,length1,15
1,566163,566130,33,MFPNLKILKQL,length1,33
1,566223,566202,21,MKLVQFY,length1,21
1,566307,566226,81,MPLISIISLHLMNWLKLCVLQFGHWHL,length1,81
1,566436,566433,3,M,length1,3
1,566793,566787,6,MP,length1,6
1,566832,566829,3,M,length1,3
1,567234,567204,30,MNISKINYVL,length1,30
1,567279,567267,12,MKRN,length1,12
1,567369,567339,30,MPFFRKAFFY,length1,30
1,567744,567708,36,MHHLLSMIKVEN,length1,36
1,567759,567756,3,M,length1,3
1,567843,567825,18,MQCMRG,length1,18
1,567864,567846,18,MQNVLM,length1,18
1,568071,568041,30,MQKLQARRFL,length1,30
1,568083,568077,6,MV,length1,6
1,568152,568134,18,MINWLY,length1,18
1,568254,568197,57,MIVGIKLRLPLLFYKVKMH,length1,57
1,568305,568296,9,MVH,length1,9
1,569049,568335,714,MILLNNWLASLPFMSAERADYVISSFWPMLEAAILYTLPLAVISFFCGLLIAVIVAVIRTLPSPNLPLKLLQALCRVYISIIRGTPMLVQIFIIFYGLPEVGITLEPFPTAIIAFSINIGAYAAETVRASIIAIPKGQWEASYAIGMNYRQAFIRTIMPQALRISVPSLSNTFISTVKDTSLASLVLVTELFRVAQNITAANYEFILIYSEAALIYWIFCFVLSFLQDRLEIRLSRHL,length1,714
1,569826,569055,771,MSMLKVSNIQKNFNGNHVLKGIDFEINKGEVVAILGPSGSGKTTFLRCLNLLERPEQGILEFTDGSLKIDFSQKISKADELKLRRRSSMVFQQYNLFPHRSALENVMEGMVVVQKQDKAQAREKALSLLEKVGLKNKADLFPSQLSGGQQQRVGIARALAVKPDIILLDEPTSALDPELVGEVLQTLKMLAQEGWTMIIVTHEMQFAKDVADRVILMADGYIVEQNTADKFFTCPQHERTKQFLLQAKIPLELDYYI,length1,771
1,570063,569973,90,MLTLKFKSIGVNNDFGSAFKTRICFWLETF,length1,90
1,570465,570393,72,MDDINCYDYGWHFAFCSSITSCWW,length1,72
1,570636,570555,81,MDWIKYSFYFLMGRDTCNILNVFSLLT,length1,81
1,571281,571230,51,MPPQVVHNLYQIQMNWL,length1,51
1,571497,571317,180,MRSAYLSKYPSKEFCFLVHIVRYEFYPLHHDNQIPLEQECHQRLLILQHLWFQHLGNQYI,length1,180
1,571767,571725,42,MRGFDKLNSHLLMK,length1,42
1,572091,572004,87,MLLRMEVIQYPQQCRPLQQSQRRDLEHQQ,length1,87
1,572358,572343,15,MDLTS,length1,15
1,572448,572400,48,MMLPQCLYLTMKPHRQ,length1,48
1,572631,572583,48,MVVYLICAMNSMLVLA,length1,48
1,572727,572700,27,MPLHTYSSS,length1,27
1,572772,572742,30,MMLVETNIKI,length1,30
1,572832,572784,48,MKLIIFKTKIIAKMSI,length1,48
1,573012,573009,3,M,length1,3
1,573120,573099,21,MLFIQRS,length1,21
1,573276,573243,33,MWRQVKKFIKI,length1,33
1,573627,573567,60,MAGCKHQQVQNLILKLYVWK,length1,60
1,573702,573699,3,M,length1,3
1,573876,573840,36,MNLVMILVKHNQ,length1,36
1,574005,573969,36,MILRLKFLILAV,length1,36
1,574146,574065,81,MKLVYVVVSVLMNYLLNYALRKKQMVK,length1,81
1,574209,574149,60,MKKPKHNSMKLKKILVSVYY,length1,60
1,574287,574227,60,MLLMRQKNKLNKPLVILFQM,length1,60
1,574536,574476,60,MVVSLGLFTRSYLLAYPLLI,length1,60
1,574650,574626,24,MRVWVQVR,length1,24
1,575229,575217,12,MWCY,length1,12
1,575376,575364,12,MVIF,length1,12
1,575949,575853,96,MLYAIWVVGVLFAIWASAKCTINKEKKGKFEE,length1,96
1,575958,575952,6,MI,length1,6
1,576288,576261,27,MALKLVSLF,length1,27
1,576639,576633,6,MA,length1,6
1,576843,576840,3,M,length1,3
1,578151,578136,15,MWSCK,length1,15
1,578763,578724,39,MAGYLSSNSFNRA,length1,39
1,579021,578943,78,MGDGGRVSGNLQTLGAHGGRNRARMD,length1,78
1,580032,580026,6,ML,length1,6
1,580968,580842,126,MIIILKIKAVLYRLNLFKTTIYLFLSILKDKLDQAQTLAFCE,length1,126
1,582618,581004,1614,MKIYLRFVWILIIILNFLLNLFITTNGVIIVNAFKKSLIVAASFASLSLFNSATAELVYKPLEQPVEPAKPDLKIESVNEKFAEKYPNQYNSWRSTANGNGEKIIYADEEDPRLIVLWGGYAFAKEYNAPRGHFYAVTDVRNILRTGAPKTANDGPQAMACWTCKGPDVPRLIAEWGEKDYFNAKWAKGGPEIVNSIGCADCHDTTSKDFAEGKPALRIARPHVLRALDALEKATAAKDKAEGRPHNNLSFNSAARTEKRAEICANCHVEYYFAGDIKQVTFPWDNGQTADDIEKYYDDIGFTDWTHSLSKAPMLKAQHPDFEIWSLGMHGKNGVTCVDCHMPKVQGADGKVYTDHQIQNPFDAFDHTCANCHDQSKEKLRDIVTSRKKEVKDVMGRLEDQVVKAHFEAKAAWDAGATKEEMEAALMDIRHAQWRWDYTAASHGGHMHAPEVVLRVLASGLDKVADARTKLAVILTKHGVKTPVQIPDISTADKAWKVMGIDIEKERKAKEEFLKTVVPQWEQQAREKGLLVDPPTQK,length1,1614
1,582642,582621,21,MKNLPHF,length1,21
1,583344,582696,648,MNLTSLINKSAKALALSVAFVALPFLAYADDAQKPADHFTYEPQLDNQRDPNQYCAKCHKFDKVDKNQTLEQSGGELHFGKFHGAHLDKKNPNNGKAITCVSCHGNISENHRRGAKDVMRFEGDIFGNKKPMYSVQEQNQVCFACHQPDKLREKLWAHDVHAMKLPCASCHTLHPKEDAMKGIQPKQRVKLCVDCHGKQQKRKAEQDKLTKQKDKQ,length1,648
1,583524,583470,54,MMKMRVSVVQPVWTHVVM,length1,54
1,583650,583578,72,MGNFQIKNTSSFVNLANIVQMHLV,length1,72
1,583725,583704,21,MYIKIYA,length1,21
1,583854,583833,21,MVNNLLA,length1,21
1,583926,583896,30,MIQQVQFHVK,length1,30
1,584052,584001,51,MGSLEDDVRLSSSISYA,length1,51
1,585120,585078,42,MKTKQNLRKLSFLP,length1,42
1,585312,585306,6,MP,length1,6
1,585594,585546,48,MTTRFSRNILIASDQL,length1,48
1,587631,586062,1569,MMNTKKTSQILPALFAVICAAFAGYFILIGSGMFTEPSVALILLATITILLLSSSKKSFYFILLPLTLLHAFYTPTGLNFGPPSYQYIASLFATDILETKEFLLQIPVSSYLIAFAIPILIFLQYKSAVKFGIKFYRNKTFIALATLLFAYNMPLAEPIKETVSSTLKIVDEVQKLKQISQSDNWGKSTLENSRYDDYVIVLGESARKDYHHAYGYPIENTPFMSNAKGTLIDGFRSAGTNTVASLRLMLTFPDKEKWEPNYSLSLVDLIKSAGVKTYWLSNQGMIGKFDTPVSSLASKSDETFFLKKGGSFNSTNFSDFDLLPKFAQVLENSVQGKRFIVLHIYGSHPMACDRIEDYPKIFDDKDLNPKYGYLNCYVSSIKKTDEFLKRVYDQLEENAKKNHRTFSMIYFSDHGLCHQQDEKNNILLFNQNCFSREHHNIPLFKISSDDMERKEYKVFKSGLNFLEGIANWIGIQNPQLTQTEDLFSNESDKNDFGLQKRIDEKYRKDDDPAIDIRPKHGAY,length1,1569
1,588153,587751,402,MTLLPHRYPFLLVDRVLDFKEGEWLKAIKNISVNEPCFTGHFPGEPILPGVLILEALAQAMGILAFKTLELKGGELFYFAGIDEARFKRPVLPGDQMELNVQVIKERRGITSFTGVATVNGEIACEAKLMCARR,length1,402
1,589422,589395,27,MGMASKSYP,length1,27
1,589581,589563,18,MPNATD,length1,18
1,590034,590013,21,MHARIAR,length1,21
1,590142,590130,12,MQCR,length1,12
1,590217,590211,6,MN,length1,6
1,590253,590232,21,MKLGEAL,length1,21
1,590532,590508,24,MAIRSQKI,length1,24
1,590826,590784,42,MLIWFNKGCVLILC,length1,42
1,590868,590847,21,MHINKIF,length1,21
1,591150,590982,168,MRIYNDEDRHSNRINPSPTITRKSMGERRKNHFSQKHSVGFGRKNRPDYYRVVIGE,length1,168
1,591876,591873,3,M,length1,3
1,592344,592332,12,MERS,length1,12
1,592929,592890,39,MRTLFLEIQCKRE,length1,39
1,593733,593718,15,MKRTI,length1,15
1,593970,593805,165,MPKLNVKAGSIWFWNCYSIKMAIIAKMCCWNLPPRCLKMLTCNKSTLIKSSQNLA,length1,165
1,594120,594096,24,MALPISSL,length1,24
1,594177,594147,30,MNQKRIIWHF,length1,30
1,594219,594192,27,MCRRLIFRF,length1,27
1,594378,594375,3,M,length1,3
1,594627,594552,75,MKGKTAAVQIKNQAKRLPPPYRKSS,length1,75
1,594780,594699,81,MTCNTNCVFWKNCFITRTMSNLAIFQN,length1,81
1,594837,594801,36,MALFPKTIKTRF,length1,36
1,594894,594870,24,MMKLLKTY,length1,24
1,594954,594927,27,MLKPIMQTA,length1,27
1,595086,595029,57,MKMMKPPDKSAHKIILLKP,length1,57
1,595227,595206,21,MNCKITC,length1,21
1,595323,595284,39,MTTCRLPKNLGNG,length1,39
1,595434,595419,15,MGQKR,length1,15
1,597366,596472,894,MDYLDKLTHLAQVRGEINIRCEFQGEWQISHQEKDAGKGIFHLIEQGECQLTLNEKQFHLKEGDIFFLPQNQPHFMHYSVNKRADIPTKKSHQGLFELHQIGRGTPDLKMFCGNFYYQQDALLTASMPEYLHINLCDTPIHPLVQLFLQEAQKNDAGTKSVVDALSNVLLIYILRHAIQQNLIEQGILFALQDKRLNTALIAILQQPQNDWHIEQLAELATMSRANFIRVFQQQLGMSPGRFLTKVRLQSAAFLLKQSQQSVLAIALEVGYQSEAHFCKVFKNYYQLSPSQYRKSVSL,length1,894
1,597405,597396,9,MHF,length1,9
1,599289,597447,1842,MFNKIFSWFENRLNPYPESNPTTPKKGLFRFIWSSITGMKGWIFLLAILTVGTGVMEAVLFQFMGTLVDWLGTFTPERLWQEKSHLLIGMAALLLISIVWGFLASAVHLQTLQGVFPMRLRWNFHRLMLGQSLSFYQDEFAGRVSAKVMQTALAVRDTVLTLADMFVYVLVYFITSGVVLVALDSWFLLPFITWIILFGLILRTLIPKLSKTAQRQADARSLMTGRITDAYSNIATVKLFSHGSREATYAKRSMQDFMVTVHAQMRLATSLDTLTYATNILLTLSTAILGIILWKNGQVGVGAIATATAMALRVNGLSRWIMWESARLFENIGTVNDGMNTLTKPHTIVDKPQASPLQVKQGEIKFNDITFAYDPTKPLLNHFNLTIKPGEKVGLIGRSGAGKSTIVNLLLRFYEAQQGEITIDGQNVLNVQQESLRRQIGLVTQDTSLLHRSVRDNIIYGRPNATDEEMVLAAERAEAADFIPFLSDSQGRKGYDAHVGERGVKLSGGQRQRIAIARVMLKDAPILLLDEATSALDSEVEVAIQESLDKMMENKTVIAIAHRLSTIAAMDRLIVLDKGQIVEQGTHAELLELNGLYAKLWNHQSGGFLSGSAE,length1,1842
1,599538,599523,15,MLLLK,length1,15
1,600138,600120,18,MDSRSY,length1,18
1,600651,600645,6,MD,length1,6
1,601044,600975,69,MVMEPINWFVLASLLAQLNHRFA,length1,69
1,602451,602442,9,MGG,length1,9
1,602784,602721,63,MDRCNYSRHRNDRTYRWYSWC,length1,63
1,602898,602895,3,M,length1,3
1,603093,603066,27,MQTYLRYVE,length1,27
1,603171,603153,18,MVTPYL,length1,18
1,603897,603846,51,MVFILILNAAQAVKLVN,length1,51
1,604110,603951,159,MNIQVVSGINKQMDAGIKIYLLIICLFLVIIVQILLVQKFAQLVQCTKMQMVS,length1,159
1,604203,604119,84,MKKFVSVVVIAIWHVLMMHRNMMHKKVI,length1,84
1,604233,604215,18,MDVILA,length1,18
1,604449,604263,186,MPAHYAHWISLLLMNFEQNMAHKPPSHHYHRLISLNQIVVKPNKHARLSGDTSGFLGNPREV,length1,186
1,604887,604800,87,MANCDRPYRHTIYVCNESGLPYYKHTNLE,length1,87
1,605328,605139,189,MFTFHCSFPLIPSEKHRTIRYFRSINVSSGRHRSRIILWITYDLRHGDWWLNYVEAYSIRLNF,length1,189
1,605466,605379,87,MTNCFRRYYAKYPSTNFYLWAFTRCSILL,length1,87
1,605547,605532,15,MGNFI,length1,15
1,605703,605688,15,MCYFW,length1,15
1,605985,605964,21,MASRFTY,length1,21
1,606513,606015,498,MKNEAYYQAYLSHHHISRRGLLRHVFPATKSTIEKTQSRPPFSAREDLFSAVCNGCRECASACPNGLIQLKQQQATLEIDYAPCDLCGKCAEVCPTNALHPNFPADTLLRPQFSSACLIQKNQTCPDCQTACPQQAISSTLEIDNERCNGCGECKITCFVAAITLK,length1,498
1,606870,606777,93,MVHLASGRTFKTRPCERDYHLPNITKPTRCD,length1,93
1,607107,607104,3,M,length1,3
1,607269,607218,51,MGRLRATNAKTNGHCGI,length1,51
1,607404,607398,6,ME,length1,6
1,608064,607956,108,MHRHETHRKLRHVAGSFRLRLVLHPPGKQLFHLRSH,length1,108
1,608160,608127,33,MVGCGDEVKFI,length1,33
1,609741,608163,1578,MEIIKMDSSSILELEHHDAKAFFLKHESYCNIDLPRYFSFTNLLQKISEELSDKSLLNFDRNTHNNANQRPDIANNEMVNHLIYANKDGKLSWRPLQIIHPLVYVDLVHKITKKDNWEKLKKRFKEYQNNPQIECLSIPVKSNSQLKDKAKQILKWWESVEQESICLSLEYEYVFDTDVADCYSSIYTHSIAWAIEGKDIAKKNHRLTLLGNSIDKKIQNCQYGQTNGIPQGSILMDFIAEMILGYIDILLSEELKNKGISEYKILRYRDDYKIFVKNHSDGENILKYLSEIMMSFGLKLNSSKTKGSQDIVTQSIKKDKLAWLKIANNTKNLQKKSLIIRQHSIEYPNSGSLNSALNEFDQAIEKENKQKIYLSLEELINSLNTSNNSIEKLSSNTKQVISIIADIAYCNPKVIPVCCSIISKLFTKLEDSEPIKRLVYNKLIRMPNSGFAQIWMQRMLKSDLNNFNFSEKMCNLYKGEISLWNNDWIICSNMLSILKDTPVFQQDEFSQLSNTMSNDEVYIFDY,length1,1578
1,609789,609753,36,MMAQASSLVPIN,length1,36
1,609969,609888,81,MLALSFFISTICWCTLPSVCLISLKNT,length1,81
1,612636,612630,6,MK,length1,6
1,612831,612828,3,M,length1,3
1,613095,613068,27,MRKYRYFSQ,length1,27
1,613227,613149,78,MLKQDCNNPHEQTATKLVRLLQVRKD,length1,78
1,613272,613248,24,MRFGIIPS,length1,24
1,613362,613359,3,M,length1,3
1,613560,613533,27,MRLQRFNIS,length1,27
1,614646,614538,108,MADLIQHFLQVESLLVSHRVTYLSHALVRPEFEFEL,length1,108
1,615003,614997,6,MA,length1,6
1,615132,615117,15,MERNT,length1,15
1,615216,615189,27,MLGINTVFL,length1,27
1,615273,615222,51,MLQCFSFILGINHIAFN,length1,51
1,616152,616050,102,MILATIISLSLAIFGVILFGVKQVFFKSLSLFLS,length1,102
1,616233,616203,30,MRFHQCRRRI,length1,30
1,616386,616371,15,MQFVS,length1,15
1,616554,616536,18,MDTVLC,length1,18
1,616605,616584,21,MIFLSKI,length1,21
1,616692,616653,39,MVMHLVLKPRLAR,length1,39
1,616743,616710,33,MRWVWQLLRKP,length1,33
1,616803,616770,33,MKLSITTLMCS,length1,33
1,616818,616809,9,MAV,length1,9
1,616980,616893,87,MTTIFPLMVMLMAGSVMTPPSVLKLMAGK,length1,87
1,616992,616989,3,M,length1,3
1,617064,616995,69,MVTMQSKFALLPFLLKQKKKNQR,length1,69
1,617139,617118,21,MIATVRH,length1,21
1,617160,617145,15,MKKSL,length1,15
1,617472,617187,285,MRHLKFQLNTMLNGRQKRKVLQQKNLGKKNLPLMQKPILNWQQNLNVVFLANYQQTGRQNLKRSSKNYKQIQRVLQAVKHHKMPLKPMHTYCQNF,length1,285
1,617700,617670,30,MLTTQYVWQH,length1,30
1,617778,617757,21,MDLHTNQ,length1,21
1,617898,617883,15,MAQVR,length1,15
1,617979,617952,27,MRLNVVLMY,length1,27
1,618006,617991,15,MAHLS,length1,15
1,618246,618228,18,MVVLSV,length1,18
1,618990,618951,39,MFWCGIKIMIVII,length1,39
1,619242,619230,12,MITG,length1,12
1,619362,619329,33,MLTMNLRCSVN,length1,33
1,619452,619428,24,MRCNRVNL,length1,24
1,619671,619566,105,MNETNFTPLFAIDLSDHFPPLTLDLSNRLIPMVGG,length1,105
1,619710,619683,27,MLNLSRHKV,length1,27
1,620139,619752,387,MQKKAHLITKLAYLATNNAPMPLVVFAPPKENSVNALNNRPILRSKRPVQFFPAQVRLILKRVLFLRQDFVVQSNGEISYFLEIAWKQDARKAHYAYDFYRLTKFLLEQEIQTQQLNSIRYFSPPHFRQ,length1,387
1,620310,620265,45,MPQSNNKIPAVTAAS,length1,45
1,621786,621756,30,MKLMTTTPPA,length1,30
1,622023,621999,24,MFLCCRRN,length1,24
1,622080,622059,21,MVGNSRR,length1,21
1,622179,622098,81,MPFRKICRRIIIFFLKKLMIKWRCAVT,length1,81
1,622260,622251,9,MLI,length1,9
1,622884,622869,15,MTKRR,length1,15
1,623874,623865,9,MSF,length1,9
1,624009,624000,9,MQQ,length1,9
1,624735,624663,72,MINIPIEIKEIHDETIVSSIYHIR,length1,72
1,624879,624870,9,MIR,length1,9
1,625242,625221,21,MEEIHAL,length1,21
1,625398,625245,153,MFFLNSHPISKTINKIKCRLWRFYFFYLLTITRKHDERNFIILFIKIIWMQ,length1,153
1,625479,625422,57,MSKPMIRKVNHRIGFILRY,length1,57
1,625605,625602,3,M,length1,3
1,625629,625617,12,MNHN,length1,12
1,626682,626655,27,MNYFFPEHH,length1,27
1,626883,626871,12,MTTQ,length1,12
1,627003,626976,27,MHHLIKSFI,length1,27
1,627669,627588,81,MVIAVHIDWLAILPYLQCSCGIFKGFW,length1,81
1,627825,627819,6,MC,length1,6
1,628209,628197,12,MILL,length1,12
1,628887,628809,78,MTALYPSYFPMQKELKILPSKSSDVN,length1,78
1,629688,629673,15,MLAST,length1,15
1,629820,629808,12,MASA,length1,12
1,630435,630429,6,MA,length1,6
1,630627,630576,51,MVHDVIQRLLRTSSIMR,length1,51
1,631017,631008,9,MNL,length1,9
1,631098,631074,24,MQHYFYYL,length1,24
1,631278,631260,18,MHRQYK,length1,18
1,631716,631677,39,MYQFSNGTHRFQE,length1,39
1,631989,631980,9,MAF,length1,9
1,632250,632160,90,MCLCHNFSSICANALLSSFPIPFLATKTKS,length1,90
1,632559,632451,108,MGVNKRNSLEKFSLTTKNCDYADKLLRPLARRRAKT,length1,108
1,632910,632877,33,MITSGFLIIPR,length1,33
1,632952,632934,18,MYISMP,length1,18
1,633117,633060,57,MRPILPPTKSQCLLLISII,length1,57
1,633180,633138,42,MKIHASKPKLGAFR,length1,42
1,633291,633225,66,MFSDFITRFSILKCGRNLPSFT,length1,66
1,633555,633525,30,MICPRPFFFY,length1,30
1,634062,634053,9,MVR,length1,9
1,634140,634089,51,MPIWYFFLSHRGKRGGF,length1,51
1,634359,634278,81,MNLKNYKLTLLQIKNDNANNYQFCIRI,length1,81
1,635673,635631,42,MLQESKLCEIWYVL,length1,42
1,636378,636321,57,MLCKSRNSKYKRYKRSYII,length1,57
1,636879,636864,15,MGNSN,length1,15
1,638175,638169,6,MA,length1,6
1,638547,638505,42,METYSLRLVCNICL,length1,42
1,638832,638793,39,MAYLRCIGLLHGE,length1,39
1,639090,639084,6,MK,length1,6
1,640761,640704,57,MGGAKKYNKSCIKGERNAI,length1,57
1,640818,640803,15,MWRIE,length1,15
1,641751,641748,3,M,length1,3
1,642201,642156,45,MAIKFPILPIFCQCN,length1,45
1,642375,642339,36,MPPLHKISLTLP,length1,36
1,642495,642438,57,MQKLSALKLNKLANFFCLN,length1,57
1,642585,642504,81,MSAFIKGGKKMLIIMKFFNKILNEIVP,length1,81
1,642684,642654,30,MCFLVDNLNF,length1,30
1,642777,642759,18,MILPRN,length1,18
1,642927,642909,18,MASLTP,length1,18
1,643005,643002,3,M,length1,3
1,643326,643251,75,MWIIKYFVILQRIKGSFLLVQQMWK,length1,75
1,643404,643401,3,M,length1,3
1,643542,643476,66,MTFILDIITDTVMFLMMKINIV,length1,66
1,643620,643557,63,MINLKKNGIIKNDLMTIICLV,length1,63
1,643785,643746,39,MKKIHITPRIVRL,length1,39
1,643872,643842,30,MLSVVRLIKK,length1,30
1,643968,643938,30,MLRTFSPKIP,length1,30
1,644238,644073,165,MVKNLGKNGIFIKKILLILFTQEITLKLCLSLLQNIIGQQQVTQAKSKTLKKQFQ,length1,165
1,644310,644307,3,M,length1,3
1,644355,644334,21,MEKAHLF,length1,21
1,644442,644358,84,MIISIKVLAVYSLKETMKLKEQLTILLG,length1,84
1,644601,644586,15,MVLSF,length1,15
1,644694,644679,15,MMITK,length1,15
1,644799,644739,60,MPMAIISLLNISVISMMVQD,length1,60
1,644832,644820,12,MPQI,length1,12
1,644961,644904,57,MKIILIILFDVLKMGGSYI,length1,57
1,644991,644985,6,MR,length1,6
1,645039,645036,3,M,length1,3
1,645123,645045,78,MKLGYIWVKIPMKPKRKQWNTSIIAV,length1,78
1,645183,645126,57,MALTVILARKQLRQIKTAN,length1,57
1,645258,645249,9,MAI,length1,9
1,645378,645261,117,MLKKAHYSFLADQHRTQEILQIFLQQKKINSFLKIMKWW,length1,117
1,645426,645384,42,MTGLTAILKQQILM,length1,42
1,645567,645459,108,MLKALRQISQPLIKHKFISAIKQAIPFVYVLTIQAM,length1,108
1,645639,645579,60,MALYPQKHSIALMPPMYLAM,length1,60
1,645669,645654,15,MQTLS,length1,15
1,645726,645687,39,MAQFRQVETAKCV,length1,39
1,645777,645765,12,MFIS,length1,12
1,645804,645789,15,MDIFI,length1,15
1,645831,645828,3,M,length1,3
1,645930,645873,57,MVLSIIGLILPKIRATKLL,length1,57
1,646044,645996,48,MNSRFLMRQMQLKEMA,length1,48
1,646098,646047,51,MFHWLMAKLIEVLGATL,length1,51
1,646140,646110,30,MDVITCITQK,length1,30
1,646233,646200,33,MHLAYQVTMKK,length1,33
1,646347,646245,102,MNQFHYQHHLHLLQQVQHRKIKMVLIEQEQGIRL,length1,102
1,646404,646392,12,MERL,length1,12
1,646422,646407,15,MKGLH,length1,15
1,646491,646470,21,MDLLLIK,length1,21
1,646536,646500,36,MEQMPILLLIKK,length1,36
1,646833,646596,237,MKRKIQKKLQLLNQKILQMVFHPASILKLLQNLILQQKLILQIQKVFHQIQLKQQRKTSKKSPRQQLKMEKLQKKLNQL,length1,237
1,646908,646854,54,MKSPKMEVKKRKFKMSKK,length1,54
1,646980,646944,36,MLLKKKFRLIRK,length1,36
1,647397,647253,144,MLNRKQSLKVKMFRLIRIQKKFKLNQKQVQQQSLNNLRKRLAQKLNNL,length1,144
1,647748,647691,57,MWLIHNLHYAISQVQTQMR,length1,57
1,647787,647757,30,MQGQKHNLLH,length1,30
1,647793,647790,3,M,length1,3
1,647976,647967,9,MFS,length1,9
1,648042,647994,48,MFAIVTTLIRQAVKIL,length1,48
1,648105,648072,33,MRIIIGIWALI,length1,33
1,648183,648147,36,MRNLLAILHKLV,length1,36
1,648429,648396,33,MMQTKATAKLM,length1,33
1,648492,648438,54,MILLTMWKTNSNITQDLN,length1,54
1,648507,648504,3,M,length1,3
1,648675,648660,15,MKFSD,length1,15
1,648855,648741,114,MLKFCLRAAGLSRYCPIRLTNNDGGIHPVQSDKLYPLQ,length1,114
1,649212,649038,174,MPKGHVHEKNHNQGFYAPTKLLHLDIADNLRQILDLAWCRPHQDNAIRGISVCRNLRG,length1,174
1,649299,649272,27,MVRLSLKVV,length1,27
1,649458,649413,45,MGTSITTLTPFKVTV,length1,45
1,649776,649773,3,M,length1,3
1,650217,650001,216,MWTIFQICKCSFIWCNQACFCTHFNCHITNGHTTLHRKVSDRFATKFHNVSCSACHSGFTDNGKNNIFCRNT,length1,216
1,650709,650655,54,MTVNIQNWRFALCFIHNV,length1,54
1,650958,650838,120,MYPFLPLKLVWNHLLNRRYDVHLPRLFVPHFQWHLLLHLS,length1,120
1,651108,651093,15,MATFP,length1,15
1,651450,651414,36,MLWFVRLRLHDL,length1,36
1,651591,651531,60,MDRIFPSLYKGLQGEDYRII,length1,60
1,651660,651615,45,MHHVLAVDLAVNLSI,length1,45
1,651777,651729,48,MDNRNDQWQHHPQKTH,length1,48
1,651951,651885,66,MIAYYFSYFSHTKVRLIFSHLL,length1,66
1,652257,652152,105,MSVAKPTPWNLRPLCSTTISTCPNASAPSPLAVKL,length1,105
1,652305,652296,9,MAL,length1,9
1,652674,652650,24,MVSGDIIS,length1,24
1,652761,652746,15,MALFG,length1,15
1,652935,652920,15,MVHSI,length1,15
1,653451,653364,87,MSLSTARDNAATRAFLIWRAMVCTDSKSP,length1,87
1,654180,654153,27,MTLPTHYSV,length1,27
1,654378,654243,135,MNYLTMMMLLSDKWDGEPFKFAVGSNLKQNLLSQHLRGHKKKEII,length1,135
1,654561,654519,42,MENIGQNILQQNFH,length1,42
1,654657,654603,54,MVIVIKLSSIFKDKLLRF,length1,54
1,654735,654726,9,MAH,length1,9
1,654951,654873,78,MRWNKTERFLLCQAIFKMNQVKVVIA,length1,78
1,655095,654981,114,MQRTFWKPSTNILSTAKLKLILTRSPCLITRHHPTLAD,length1,114
1,655164,655158,6,MI,length1,6
1,655239,655191,48,MFYLFNCSILSYKILS,length1,48
1,655311,655248,63,MAYINAFNVNFYAKIRPFFFS,length1,63
1,655539,655521,18,MDKNSQ,length1,18
1,656178,656163,15,MCLRS,length1,15
1,656223,656187,36,MANIMYLLAAKI,length1,36
1,656268,656241,27,MRIYLSQIR,length1,27
1,656430,656424,6,MN,length1,6
1,656487,656433,54,MDMSSIRQQRKIHLGKSM,length1,54
1,656754,656733,21,MPIFNYG,length1,21
1,657054,657024,30,MCRNFTFSRH,length1,30
1,657870,657804,66,MCLFFLKKCGQFFSYFLQIIYF,length1,66
1,657930,657909,21,MIFLLSK,length1,21
1,657960,657945,15,MPQAK,length1,15
1,658188,658053,135,MKLKQVLNYKAGKSNLCAQARQILVIVMLFLKMAKPFYSAQAFSH,length1,135
1,658245,658191,54,MLHQRILFVIQLALVSYC,length1,54
1,658416,658389,27,MILKNVNGK,length1,27
1,658464,658440,24,MHIEDLKL,length1,24
1,658542,658518,24,MKNIQSFC,length1,24
1,659007,659001,6,MR,length1,6
1,659190,659172,18,MASAPV,length1,18
1,659376,659277,99,MLSYSAFPSKRQALVRPCTVNACMPHCSAILPI,length1,99
1,659688,659547,141,MSMICAPYSTLIAAACAISSGSLPAICTALRPKSSLYAKRNLHGIET,length1,141
1,659763,659730,33,MPNLRICRHHF,length1,33
1,660201,660147,54,MPDKPRSPLGLTSWLMIG,length1,54
1,660813,660339,474,MACGSISIPTALFAPSFNAAMAKMPEPQPKSMTVLFFKSKLSSHSKHNAVVGCVPVPNAKPGSSITLTAFLSGTSRQLGQIHKRLPNCIGWKLSIHSRSQSLSSICSILYAVLLSKCFASFNKRTISAISVSASNSAITSVLPHKRVSPGKGSKIGVS,length1,474
1,661152,661146,6,MP,length1,6
1,661536,661515,21,MSNKYNK,length1,21
1,661863,661857,6,MF,length1,6
1,662064,662052,12,MEVK,length1,12
1,662547,662538,9,MHT,length1,9
1,662595,662592,3,M,length1,3
1,662700,662637,63,MWKTNHPETNEYPERSHKLKI,length1,63
1,663495,663477,18,MNKIGK,length1,18
1,663666,663654,12,MFLP,length1,12
1,663945,663897,48,MFVPPFWKFSSSRINS,length1,48
1,664353,664224,129,MSSCLKEIGKPAAIRNCSFTKSTPVIISVTGCSTWIRVFISMK,length1,129
1,664746,664734,12,MMIG,length1,12
1,664971,664878,93,MTSAVGPMKVKPERSTCSAKSAFSDKKPYPG,length1,93
1,665028,665007,21,MIAGIFK,length1,21
1,665220,665157,63,MRSAISPRLAITTFSNIKESV,length1,63
1,665433,665400,33,MVRQIQQRHRR,length1,33
1,665754,665550,204,MLLLQDLDCDRTFPPLENVQDDLIIHRMRLVLVSQLLVLELAQRQESVLLLVQQHIERLLEQRLVWHG,length1,204
1,665934,665910,24,MNKLVFVL,length1,24
1,666012,665991,21,MLDFLIF,length1,21
1,666225,666117,108,MVHVYARWINESPQKELKRLKVHRAMPHWYGCRQQD,length1,108
1,666540,666333,207,MFVFSLQWMQEKYCHNVLAREPLTYLSSGHLTAKFCVFATFLILFVWRIILVFRFLVVESDNFSDKFRF,length1,207
1,666756,666720,36,MCLVNELSTTLN,length1,36
1,666963,666933,30,MLRFDFSGKL,length1,30
1,666999,666984,15,MSVCI,length1,15
1,667185,667164,21,MIIAFGL,length1,21
1,667923,667821,102,MLLSNNGLRLGYCVTFHDTNARFLFQDQRKAQPY,length1,102
1,668313,667941,372,MLLVHYIDGIRTKFHALFSAPLNEPYSLRPNRHRMNRLLAQFARKWHFQQQSLSRKAYVIHDRHQLHNQPPLLQLVLDKNEYRVGNLIHLSDVRRCHLCNHRNCHALFGHHQNRMLFRLRQLIQ,length1,372
1,668355,668349,6,MQ,length1,6
1,668673,668670,3,M,length1,3
1,668826,668793,33,MQNNGRLQVSK,length1,33
1,668952,668907,45,MSFSIRWKKLLANNM,length1,45
1,668982,668970,12,MKNQ,length1,12
1,669024,668988,36,MQAISLKNSVPK,length1,36
1,669042,669030,12,MLNL,length1,12
1,669099,669084,15,MIWLS,length1,15
1,669300,669117,183,MVWWKCKKMKMAHQKILMALQPIKINSSLILSNGDRCCYFSLKFDAIKNRTLKCGFIFHSF,length1,183
1,669477,669423,54,MLIQLLIFRLLPLEHILF,length1,54
1,669693,669627,66,MPIFYTFVNGKFVLISVRHNRK,length1,66
1,671412,669882,1530,MTLLSRVLGLVRDVVIAHLIGAGAAADVFLFANRIPNFLRRLFAEGAFSQAFVPVLAEYQQSGDMNKTREFIGKVSGTLGGLVSIVTILAMVGSPVVAALFGMGWFTDWMNDGPDAHKFEQASLLLKITFPYLWFVTFVAFSGSVLNTIGKFGVMSFSPVLLNIAMIATALFLAPQMDNPDLALAIGIFLGGLLQFLFQIPFMKQAGLLVKPKWAWRDEGVTKIRKLMIPALFGVSVSQINLLLDTVIASFLMTGSISWLYYSDRLLEFPLGLFGIAISTVILPTLARHHVNREGDSDKSAVDFRNTMDWGVRMILLLGVPAAIGIAVLAQPMLLTLFMRGNFMLNDVYAASYSLWAFNAGLLSFMLIKILANGYYARQDTKTPVKIGIIAMVSNMGFNLLAIPFSYVGLAIASAMSATLNAYLLYRGLAKADVYHFSRKSAVFFVKVLLAAITMGAAVWYYVPEINQWAKMDFFMRVYWLVWLIVLAAIVYGTTLILLGVRKHHLLTKN,length1,1530
1,671454,671427,27,MPKFSYFHG,length1,27
1,672627,672582,45,MALRMRMVTFILVTL,length1,45
1,672819,672804,15,MPRNK,length1,15
1,673002,672942,60,MVICIKAQNQFTGVWIAVLL,length1,60
1,673185,673023,162,MKTKFLRQFTFVSLRKVRLKLKLNFLHKVEDKVNYQPSFGLPHLGRCRLTVRLR,length1,162
1,673197,673188,9,MQT,length1,9
1,673233,673224,9,MSA,length1,9
1,673371,673353,18,MILLYQ,length1,18
1,673413,673398,15,MAARV,length1,15
1,673566,673467,99,MIYQWRVLYRMMVNLFQRPNSLQAKAYLKQIRL,length1,99
1,674064,673977,87,MQKPIAKCQIPLTYGLTQDQPILLLLQIA,length1,87
1,674097,674073,24,MVKILICI,length1,24
1,674247,674208,39,MVKAVRCQNLSVT,length1,39
1,674352,674343,9,MRS,length1,9
1,674442,674418,24,MVLIQNVI,length1,24
1,674562,674499,63,MHKMKLKMHTITINSTLWYNV,length1,63
1,674820,674733,87,MKFGNTCHKLKVLVRNSYLLKNSIKAYLV,length1,87
1,674838,674829,9,MKN,length1,9
1,674862,674841,21,MMLTGNN,length1,21
1,674982,674955,27,MLMTNIVHC,length1,27
1,675015,674997,18,MNYVSY,length1,18
1,675036,675033,3,M,length1,3
1,675207,675204,3,M,length1,3
1,675243,675216,27,MEKFDTLHN,length1,27
1,676056,675708,348,MKKYFLILASFMLVACSSSEQNLTYSTKPILNITSSLSPLIQVETTQKSAVIKNKSQQLLNISYHLYWYDHLGVTQIWENQQESYSAQFLLKPQEQKSIDLTKPTVESKNYRLYLK,length1,348
1,677115,676062,1053,MSSLLIDLNGKELEQEEVELLSHPLVAGLILFTRNFENREQIQELIRSVRQRVKKPLLITVDQEGGRVQRFRDGFTMLPSMQAFQETLSATEQVSFAKEAGWQMAAEMIALDIDLSFAPVLDLGHECRAIGDRSFSSDIKSAVNLATAFIDGMHQAGMASTGKHFPGHGHVLADSHLETPYDDRTKDEIFSFDLQPFQQLISQNKLDAIMPAHVIYSQCDSQPASGSKYWLKEILRKKLNFQGTIFSDDLGMKGAGVMGNFVERSKKALNAGCDLLLLCNEREGVIQVLDNLKLTENQPHFMARQARLQSLFKRRVINWNDLISDQRWRLNYQKLADIQSRWLDIQAAKND,length1,1053
1,677163,677142,21,MSFLPIA,length1,21
1,677268,677247,21,MGGSFSI,length1,21
1,677814,677805,9,MGG,length1,9
1,677913,677898,15,MGKTH,length1,15
1,678444,678414,30,MHLGVLAFAA,length1,30
1,678684,678639,45,MMKNYLAPYTTIVFP,length1,45
1,678846,678723,123,MRPTVSREQPTICPISWRVILICIPSGCVIASGCLAKFIKV,length1,123
1,678891,678852,39,MRPATSKNAKFVT,length1,39
1,679554,679524,30,MFLLPVLAKE,length1,30
1,680724,680376,348,MVHFHGSTLIPLMALDNRSQLIPQGFLTQCRVYGQDPSEAKSRQLNWDPQYKLIALSELIWFRLVEFQSFHRSTHVNQDLLNLQLRKLAEEIHFQCENLKFLRQFFSFNTPFEIHF,length1,348
1,681006,680829,177,MTIFPKKLQGIFIRVKNLSARYIVGTNHIKIFAFKFIFCIIINILGFGCKSNSKRTMCF,length1,177
1,681021,681009,12,MSYI,length1,12
1,681381,681315,66,MVRNITNGIDCLTRWACCNGDI,length1,66
1,681756,681723,33,MPHCQLCLWIK,length1,33
1,682065,682005,60,MPNAIFTICIADFESLARQT,length1,60
1,682773,682110,663,MENNDELMPREKLLAFGAKALSDYELLAIFLRTGIKDCPVMSLSKNVLTHFGSLHALLSADKKAFCSVKGLGITQFIQLQAITEMTKRYLKQEMLSTPIINDLETVKLFLLTELQHEEREVFMVLFLDNQHRLIKKERLFLGTINVSAVYPREIIKEALYCNAAALILAHNHPSGITEPSYSDQLITKKIQDAAELMEIRVLDHLIVGKSDCYSFAENCLL,length1,663
1,683223,682989,234,MSRVCQVTGKRPAVGNNRSHAMNATRRRFLPNLHTHRFWVESENRFVTLRLTAKGMRIIDKKGIDAVLAEIRARGEKI,length1,234
1,683685,683664,21,MPYVSVL,length1,21
1,685116,683754,1362,MTMITPVQAILASNQHFLDRQDAMESNVRSYPRKLPFAYAKAQGCWVTDVEGNEYLDFLAGAGTLALGHNHPVLMQAIKDVLDSGLPLHTLDLTTPLKDAFSEELLSFFPKDKYILQFTGPSGADANEAAIKLAKTYTGRGNIIAFSGGFHGMTQGALALTGNLGAKNAVENLMPGVQFMPYPHEYRCPFGIGGEAGAKAVEHYFENFIEDVESGVVKPAAVILEAIQGEGGVVPAPISFLQKVREVTQKHGILMIVDEVQAGFCRSGRMFAFEHAGIEPDIIVMSKAVGGSLPLAVLAIRKEFDAWQPAGHTGTFRGNQLAMATGYASLKIMRDENLAQNAQERGEYLTNALRELSKEYPCIGNVRGRGLMMGIDIVDERQAKDAIGAYPRDCELAAAIQKACFKNKLLLERGGRGGNVVRVLCAVNINQSECEEFIKRFKQSVVDALKVVRS,length1,1362
1,685260,685233,27,MLYTIKHKE,length1,27
1,685452,685425,27,MIKQLAMIL,length1,27
1,685515,685455,60,MNEKLHFNQSVRLYSVEIYA,length1,60
1,686025,685980,45,MKQRCIMRCKQSLLG,length1,45
1,686076,686031,45,MKKCTQAVQSNKCEP,length1,45
1,686310,686244,66,MRPTNQWIHGIKAQQVQLWRSI,length1,66
1,686391,686340,51,MAKAHQACSLLVVLNLT,length1,51
1,686505,686475,30,MVFQQKQCKK,length1,30
1,686727,686601,126,MPMHKWILLHLNKHLHSLKLMAKLLPVLSLPQAQQMLAQLMI,length1,126
1,686829,686751,78,MNIKRGYTLMPLGVAHYCFPKIIAIS,length1,78
1,686844,686832,12,MVLN,length1,12
1,687000,686973,27,MMKLTAYQT,length1,27
1,687240,687234,6,MH,length1,6
1,687294,687258,36,MNSLLEAKQILA,length1,36
1,687375,687360,15,MLKRY,length1,15
1,687453,687423,30,MALTHHPLIN,length1,30
1,687669,687624,45,MVKLTALYIIILSTY,length1,45
1,688287,688263,24,MFLFSEHD,length1,24
1,688572,688479,93,MSEKGLEQINFQIEKKVLNIMKTAVKIDRYF,length1,93
1,688836,688791,45,MPSSLLELISLCTPK,length1,45
1,689034,688902,132,MAKFSPSAISLAVLPILSVLIPTNSPAELIKAPPEFPRLIEASV,length1,132
1,689100,689091,9,MIP,length1,9
1,689337,689313,24,MTCLFVRI,length1,24
1,689430,689403,27,MLAEEKERL,length1,27
1,689745,689742,3,M,length1,3
1,690249,689985,264,MRCCESKITRTGWRRSSFLYSVLRFSGNSSQRTFRLGSSAMTVVEVDKSADDFARIFCTSERASGPVIHLLSPLAIAVRPSKLMASLS,length1,264
1,690465,690408,57,MTFTTPASINPNAQGGVLP,length1,57
1,690900,690780,120,MQNEYKPLYRVFLIHSSQVYPLTYLALHVLQLHAVEELCD,length1,120
1,691008,690984,24,MAHVYHQF,length1,24
1,691164,691152,12,MDSA,length1,12
1,691431,691350,81,MDRLLARNHYFQLIPEVFQKRNFHHLQ,length1,81
1,692262,692241,21,MRSLDVQ,length1,21
1,692352,692328,24,MVLSVDYL,length1,24
1,692604,692547,57,MALNALVIRCRSLLSLQGI,length1,57
1,693093,693069,24,MVNQQEKY,length1,24
1,693315,693234,81,MEFVEHFYFFARKRPEYKACIDLYLPP,length1,81
1,693651,693615,36,MDCLLEGFHFDK,length1,36
1,694380,694236,144,MLNNFVKAKNFLSREKSGLSVLNATSLNLYQKGFPMPLRVNFEHKAAK,length1,144
1,694893,694890,3,M,length1,3
1,695475,695358,117,MLICFTLSSLFNDKSRQAVCFFKAVILCNCNVLSTYSFR,length1,117
1,696003,695910,93,MYFSHFSYRFSANLYQYTHFYLNHKRTTRSY,length1,93
1,696342,696099,243,MLEILIGEDLCLLTVIFVVIQLVILNVITFVGFVFVFAHKNAKCLAAIKKTKPVKSSVLIGFALLIMFSSLITSTIKLIGF,length1,243
1,696552,696468,84,MMALNHRFIRKIRIVKMRINLFRAIYRI,length1,84
1,696711,696696,15,MLLFG,length1,15
1,696879,696861,18,MGRKIT,length1,18
1,696978,696942,36,MIFNWLFWQISL,length1,36
1,697278,697269,9,MDY,length1,9
1,697629,697605,24,MLCGVKPY,length1,24
1,697692,697659,33,MGLCCWRFNRA,length1,33
1,697896,697884,12,MKHT,length1,12
1,698280,698256,24,MACCFCFF,length1,24
1,698754,698568,186,MGVGFLVVFNHWHCAWCLVGILRTWLGRLVVLGSRRKCVFNALVAWVSVITQFNGDGKTRRI,length1,186
1,699462,699354,108,MAKLATNSFVSIWYDFSALWRGDCNYWCGNEWLFWQ,length1,108
1,700377,699849,528,MNKKLLFFAPLFVLLGVCVLLIAGLNQDPKKIASALIDKPVPEFYQANLHDPSQIVSPKDFPKQPFLLNVWGSWCGYCKEEHPLLIEIAKTLPIVGVDYRDNPQNGIEILKRMGNPFILTIDDSQGELALKLGVDGAPETYLVDENGVIRYRHSGLLDKETWQTVFLPKIEALKNK,length1,528
1,700521,700503,18,MIVLVP,length1,18
1,700665,700596,69,MTCVLKCTKWWMRAKAISKLSIK,length1,69
1,700842,700833,9,MMK,length1,9
1,701055,701046,9,MLK,length1,9
1,701082,701058,24,MMNTKMKM,length1,24
1,701238,701124,114,MRKLGFNLGKPMCRIMNLIARLWLILMRKNCREVNLIF,length1,114
1,701373,701310,63,MKLWQKIKMKYLVFLCWRQLP,length1,63
1,701469,701433,36,MRQWIVVQLFNE,length1,36
1,701874,701868,6,MR,length1,6
1,701985,701976,9,MAM,length1,9
1,704652,704235,417,MLHLTLEDELFLGTPKQVGTHSTVFEHFAVMFEDDGETGYFYALDMRQNAQPIVDMLHVYNVDSTSNHHEARKLEICWDESGYLALLLINGYPHAVFDFARLVGYNSNKYPQPDLMSMWTREEITNKQAEQWLGVKTIR,length1,417
1,705246,704667,579,MKKKNQILVSLSIVALLGGCSEEQVQRDVYQSLDDCLADWKKIELCEADKNTESTQKTETTPQQGLGLNIRDNGNAESAVKNPAENNVQANQSENNAESTAKAESTDPSLGAAIAGGVIGYMAARAISSFLGPSYHPGNRAVTTPTGQVVQPQTNRSVGKPMLVKGNAGSMNSKPVSRGGFSSPNNTHRSSGG,length1,579
1,706428,705249,1179,MKRVTGFPTRPNMVQQLLNVGFDYYNLPSSDGSHYWSDNVAYEFTLAEIDRIEDTTNELHSICLDFAADEIKKGDYENYHFTELQKQLVETSWRNQDPYLYGRFDFGYDGNNLKMFEYNADTPTSLLEAAIVQWQWLEQIEGLKHRDQFNWIHEELIKHFQFLKQQSGKTDFHLSAMQDAGREDWGNVDYLADVAYNAGWNIHQLAVEDIGYNSETKKFVDLNDQPIEMLFKLYPLEWLSHAEFARHITTAETRFIEPAWKMLLSNKALLAKLWARYPNHPNLLPAYFTPFELPKDLLMWVKKPLLGREGANVFYYEKNNGVEFAAKGSEHSTFYANSGYVYQQKFELPSFDGMYPIIGSWVVGDVACGMGLREDFTAVTGNDSHFIPHYFVP,length1,1179
1,706542,706473,69,MEAIIGYFYIQIFERLQNRSSIM,length1,69
1,706848,706791,57,MTIFDEIRRIAHCCCRVVE,length1,57
1,707127,707076,51,MNRATWTVYWNLTVVHT,length1,51
1,707490,707442,48,MAFTITCDDCSRFCIS,length1,48
1,707646,707514,132,MEVEFYPKTFARFVPETISVRTETVHMTITCWNTTITHYNSDLV,length1,132
1,708921,708837,84,MGLGLGSMAKRYGSDPIYLFPTSGRLRM,length1,84
1,709455,709440,15,MQKHA,length1,15
1,709512,709506,6,MK,length1,6
1,709605,709596,9,MAI,length1,9
1,709647,709632,15,MTMLF,length1,15
1,709662,709650,12,MNPN,length1,12
1,709698,709683,15,MKKKR,length1,15
1,709830,709785,45,MLTVAYQVRGSLILI,length1,45
1,709860,709857,3,M,length1,3
1,709986,709980,6,MW,length1,6
1,710025,709998,27,MPPKTAKYV,length1,27
1,710499,710493,6,MS,length1,6
1,710763,710760,3,M,length1,3
1,711897,711750,147,MQKVSQLKRQKAGRVVVALPLSKQNALQLIKVNGSFIVRKLKVNRPKTC,length1,147
1,711996,711915,81,MHWRNCQFQNQCVGLTKPCSLFVRFTR,length1,81
1,712020,712014,6,MS,length1,6
1,712149,712107,42,MQTNIRNYCVKKVL,length1,42
1,712287,712281,6,MF,length1,6
1,712485,712377,108,MAKTANYYRTLFLYRTSTQKIQPRSSKVMKKWFVHV,length1,108
1,712518,712491,27,MRNSSSKPT,length1,27
1,712695,712650,45,MKRKQNVRVYCQNVI,length1,45
1,712794,712752,42,MLVTTVKMKKWQWR,length1,42
1,712845,712827,18,MNYLSL,length1,18
1,713148,713007,141,MTLLAKHLIYIKNLITKDYVMHLLPKQEVDLVNTQKVMFHSLHVVMI,length1,141
1,713178,713172,6,MR,length1,6
1,713241,713220,21,MKALRWM,length1,21
1,713325,713289,36,MRACVRFHTSVL,length1,36
1,713610,713577,33,MLKIQHYAKTD,length1,33
1,714300,714294,6,MV,length1,6
1,715404,715377,27,MPTASRKNC,length1,27
1,715893,715878,15,MTARS,length1,15
1,716400,716277,123,MPLWTSSRPSGSVALIILPFSSRSRVTWVGLTQIRSLVGLV,length1,123
1,716601,716592,9,MPF,length1,9
1,717078,716931,147,MPLNAPSKSLPSNSAEFTNLPCSTKACLVKSISSSASGAITCLIGKLYF,length1,147
1,717309,717198,111,MANKPVAIPFFSIVARSASATLAFFASWIKAANSGLF,length1,111
1,717354,717345,9,MPK,length1,9
1,717534,717471,63,MVFTISGHCGRVSKPPNNCSA,length1,63
1,717807,717804,3,M,length1,3
1,717930,717813,117,MFSYVHLAGAVLFLIAAPSAGKPKASQPNGCNTFLPSMR,length1,117
1,717960,717942,18,MTSPIV,length1,18
1,718326,718200,126,MAKINRERNKKCGGFLVVFHNKFSIFTEQIRTKESIASQYNL,length1,126
1,719016,718968,48,MANCLCGIIFFRCALA,length1,48
1,719976,719112,864,MLKQRVLSAIVLIAAVLCALFLFTPFYFALALGAVAILGIWEWTQFARLKQPLIRFFVTTFLGVFIFLWLYTEGNYLDAGRVFEQHLQLLLINAVSWWGLALLLVISYPKSAKFWSKNPLLQLLFAFSTLIPFIAGVLRLRLEHYPHDPYHGLFLLLYVFILVWAADSGAYFSGRTFGKRKLAPKVSPGKSWEGVIGGLITALVLAFIFIHFSNNTLVGNRNITGFIILSVATVAISVLGDLTESMFKRESRVKDSSQLIPGHGGVLDRIDSLTAAVPFFSYFYFFVL,length1,864
1,721317,719988,1329,MSFLWSLGSFIIAIAVLVSVHEYGHFWAARKCGIKVHRFSIGFGKVIWKRIDKYGTEFAVSMIPLGGYVKMLDGRNEVVPAEQKSQAFDSKSVLQRSFVIIAGPLANFIFAIFAYWVIYLYGMPTVKPVIESITPNSIAAQAHIEPNTQILTIDGEETQDWETINMLLATKMGEPNVEISLSPFNSNIEQQRTLNLTNWIFDPEKESAFEALGIMPMRPQVEMVLSKVVQNSPAEKAGLQIGDKILKENLTALPWQDFIKQVEQGETFTIKIERNGETFDKILTPVRNQNGKWFVGVSPTLTKLADEYRTELKYGILESLQKGIEKTGQLSLLTLKILGKLLTGDLSLNNLSGPISIAKGAGASANIGLVYFLSFMALISVNLGIMNLFPLPVLDGGHLVFLTMEAVKGKPVSERVQSICYRIGAALLLSLTVFALFNDFLRL,length1,1329
1,721962,721953,9,MGK,length1,9
1,723522,723510,12,MEIR,length1,12
1,723651,723612,39,MAIPYWSIGVFLC,length1,39
1,724422,723831,591,MKNIAKVTALALGIALASGYAAAEEKIAFINAGYIFQHHPDRQAVADKLDAEFKPVAEKLAASKKEVDDKIAAARKKVEAKVAALEKDAPRLRQADIQKRQEEINKLGAAEDAGLQKLMQEQDKKVQEFQAQNEKRQAEERGKLLDSIQTATNNLAKAKGYTYVLDANSVVFAVEGKDITEEVLKSIPASEKAQEKK,length1,591
1,725460,724437,1023,MQKSYSLQELATQIGATVRGNADVVVENIAPLDKAQSNQLTFISNAKFRALLKDSKAGILVVSEEDVEHCSPESNLLIVKDPYVAYAILAQYMDSTPKAAQGIAQSAVIFDGVLLGENVSIGANAVIEEGVVLSDNVIIGANCFVGKNTKIGSGTQLWANVTVYHNVEIGVNCLIQSGTVIGSDGFGYANDRGRWIKIPQVGQVIIGNNVEIGANTCIDRGALDATIIEDNVIIDNLCQIAHNVHIGTGTAVAGGVIMAGSLTVGRYCLIGGASVINGHMEICDKVTITGMGMVMRPITEPGVYSSGIPLQTNKEWRKTAALTLGIDGIHKRLKALEKKIS,length1,1023
1,725532,725514,18,MQILCV,length1,18
1,726555,726504,51,MRFILTALLDKNIGAKF,length1,51
1,727155,727086,69,MLLLELLQTLHVLYQRIILYRCC,length1,69
1,727575,727551,24,MVVGVINL,length1,24
1,727851,727842,9,MCH,length1,9
1,727923,727884,39,MSENFQYNERQKS,length1,39
1,728190,728166,24,MKAWWAFR,length1,24
1,728868,728856,12,MPSP,length1,12
1,729051,729024,27,MLSRSFSSS,length1,27
1,729261,729249,12,MASR,length1,12
1,730128,730086,42,MPKTDGPIKQPATK,length1,42
1,730284,730239,45,MTPIMQKIQIFWRVY,length1,45
1,730359,730350,9,MKL,length1,9
1,730536,730512,24,MIFVGYSN,length1,24
1,730695,730572,123,MPISSSSSRFKACSGVSPASTFPPGNSKDWAKSCPSKRCVK,length1,123
1,730911,730851,60,MLIFFTRPTRTRLVATNATI,length1,60
1,731079,731073,6,MF,length1,6
1,731178,731163,15,MNTLA,length1,15
1,731361,731250,111,MAHSVFANQSLFFFVFLFCNFHNAFAQTFFVKIIIFF,length1,111
1,731598,731538,60,MIALLINRVTLVICHIIIFK,length1,60
1,731715,731619,96,MERLNFCLSRCNHFRQHFRLHCLACYRERFTH,length1,96
1,731955,731868,87,MQPTRFHYNFVVFLPLCFKGFNLFLSWIF,length1,87
1,732660,732609,51,MKQYNSTRRIQRVPLRH,length1,51
1,732738,732714,24,MRLFRFQI,length1,24
1,733179,733152,27,MNAFTFKSD,length1,27
1,733341,733284,57,MAHTKHTLTCFAYRCECFW,length1,57
1,733602,733563,39,MLMKYFISCTIIF,length1,39
1,734001,733971,30,MKIACIVAEI,length1,30
1,734109,734079,30,MCLSNRPLPK,length1,30
1,734202,734133,69,MNLIKNLTAFFHRNFTANFVLAT,length1,69
1,734280,734235,45,MLLFGRGFYLNKLNY,length1,45
1,734847,734739,108,MERFQPSPIIFLASSTKTAPTGISPNASALSASSRA,length1,108
1,735042,735024,18,MGKARV,length1,18
1,735132,735108,24,MPCRLFCP,length1,24
1,735495,735405,90,MLCLAHHIRAPYHQRLYDADLQAKLHLHSH,length1,90
1,736113,736029,84,MDDEAVKEDHSGKSLPKAHSFRVPIVQD,length1,84
1,736221,736209,12,MSKS,length1,12
1,737199,737151,48,MMTLCRSNASNHNGSK,length1,48
1,737700,737625,75,MFFSSLTSCSKNQRCFCPIHIGLLS,length1,75
1,737937,737838,99,MPPCGNCHEFCPQRFAQSTCPLRLQITIPTFGR,length1,99
1,738048,738039,9,MTK,length1,9
1,738381,738324,57,MVRRKAIVCGFLIDQIGVQ,length1,57
1,738714,738684,30,MPINCHCHLL,length1,30
1,739284,739281,3,M,length1,3
1,739524,739512,12,MKLC,length1,12
1,739629,739605,24,MAILFSLN,length1,24
1,739707,739659,48,MNIVRQMHKIAMIADF,length1,48
1,741069,739899,1170,MTKTAIETPSNKSVSNKTNRKKGLSIFILLLLIIGIACALYWFFFLKDFEETEDAYVGGNQVMVSSQVAGNVAKINADNMDKVHAGDILVELDDTNAKLSFEQAKSNLANAVRQVEQLGFTVQQLQSAVHANEISLAQAQGNLARRVQLEKMGAIDKESFQHAKEAVELAKANLNASKNQLAANQALLSNVPLREQPQIQNAMSSLKQAWLNLQRTKIRSPIDGYVARRNVQVGQAVSVGGALMAVVSNEQMWLEANFKETQLTNMRIGQPVKIHFDLYGKNKEFDGVINGIEMGTGNAFSLLPSQNATGNWIKVVQRVPVRIKLDPQQFTETPLRIGLSATAKVRISDSSGAMLREKAEPKTLFSTDTLKYDESAVENLIESIIQQNSH,length1,1170
1,742611,741081,1530,MDNSAKKFPPIQGGALILLTLALSLATFMQVLDSTIANVAIPTIAGDLGASFSQGTWVITSFGVANAISIPITGWLAKRFGEVRLFLVSTFLFVVSSWLCGIADSLEALIIYRVIQGAVAGPVIPLSQSLLLNNYPPEKRGMALAFWSMTIVVAPIFGPILGGWISDNIHWGWIFFINVPIGLLVVLISWKILGNRESEIVHQPIDKVGLVLLVLGVGCLQLMLDQGREQDWFNSNEIIILAVVAVVCLIALVIWELTDDNPVVDISLFHSRNFSVGCLCTSLAFLIYLGSVVLIPLLLQQVFHYTATWAGLAASPVGLFPILLSPIIGRFGYKIDMRILVTISFIVYAITFYWRAVTFEPSMTFVDVALPQLVQGLAVSCFFMPLTTITLSGLPAHKMASASSLFNFLRTLAGSVGTSLTTFMWYNREAVHHTQLTEHINPYNPISQSFYHQMNQFGLSDTQTSAYLAQQITSQGFIIGANEIFWLSAMGFLGLLIVIWFAKPPFGTRH,length1,1530
1,743418,743388,30,MCHNKFLDLK,length1,30
1,743799,743733,66,MDNPATITIPILKRDTAPAPVA,length1,66
1,744117,744018,99,MLKKDKIFKLTNAPLTANGTEIIITIGSRIDSN,length1,99
1,744195,744120,75,MASTKNMMITANAKVTANALPSWTN,length1,75
1,744330,744270,60,MASPLDVPGIGTALISAEFN,length1,60
1,744486,744477,9,MTL,length1,9
1,744576,744570,6,MP,length1,6
1,744993,744780,213,MLNADTDTSGIDFAFSLISFIIADCLRERSFQSFNVMIFNELLEVGAPAMLIPKETSGVSITFFIYGCIAF,length1,213
1,744999,744996,3,M,length1,3
1,745176,745167,9,MYS,length1,9
1,745380,745353,27,MPPIKAIGE,length1,27
1,745722,745530,192,MARIKASKVIKLIEKLKLCSSINTPIREIGIANIGIKMARNEPINIKITTKTIKVASPIVFMTS,length1,192
1,745755,745737,18,MAIVRS,length1,18
1,746037,745863,174,MANTTDSAPFAVARELSLSLFNSTVAISRKRTKSSPFDEIIKLLSCSTDFVVVSTLLR,length1,174
1,746247,746211,36,MVKNCGLTTRLM,length1,36
1,746778,746577,201,MTVVVILGYSRTANFEIACNPKIIINKLIETAKTGRRINISVNFIRISSYIKVVFYVQALLHPQCLF,length1,201
1,747018,746976,42,MVQVNRQFRHTYCS,length1,42
1,747159,747153,6,MN,length1,6
1,747228,747195,33,MFCPSEHLLSL,length1,33
1,747567,747381,186,MAQQFYDVQLLLLKIRYWLVERHKPLLRYPFLDVIQHCCLINPHNAGKFDEVLIIVPEQLVD,length1,186
1,747714,747678,36,MRLDLDAQDLLC,length1,36
1,748380,748218,162,MVGFSCKKYQIFFHICRYCSKKGLDSSKSFSSVAINIENTLCANCSSNSSLFLK,length1,162
1,748620,748560,60,MNGRSFYLFFIFWQVKKQKA,length1,60
1,748683,748659,24,MNDKQRRI,length1,24
1,748818,748782,36,MSCMPLRWYCTF,length1,36
1,748908,748881,27,MANIFFNSW,length1,27
1,749082,749031,51,MRHIRNMQATSSHICCY,length1,51
1,749262,749169,93,MSISRQITPNFFTTMFCIRKHNTALRPFIFH,length1,93
1,749388,749325,63,MTCFLFRFYFNIFRIIHILKC,length1,63
1,749817,749799,18,MVKSSR,length1,18
1,749961,749958,3,M,length1,3
1,750672,750522,150,MNEQVEFVDSHPPPKYDHKVRSIYFLLIKGRQIMCKAQFVQLIFVSFVHE,length1,150
1,751362,751197,165,MPEVTNGFCGSFGTAFLFTVIFALPNAASAALPVNPCLIKLTKNKWFSVPFDTTS,length1,165
1,752088,752064,24,MSAYSQPP,length1,24
1,752205,752184,21,MSSICSS,length1,21
1,752400,752376,24,MKLIHHSV,length1,24
1,752730,752559,171,MKSYMIQNCPTLVSVFLHLDYIELMAQYNYLHQMSLAYKCRLLHIDHDLMYRQLSNL,length1,171
1,752919,752853,66,MPHREYDSLYDVKQQNDNHYLN,length1,66
1,753102,753072,30,MSESLALSLN,length1,30
1,753288,753261,27,MFFSRNQKH,length1,27
1,753654,753645,9,MDI,length1,9
1,753723,753708,15,MQVSN,length1,15
1,753960,753927,33,MKEELQNIILR,length1,33
1,754746,754689,57,MNFGCYYWCRRIRAHTACI,length1,57
1,754851,754776,75,MILASSHRFYVFTIYHDDKTCFFAI,length1,75
1,755109,755076,33,MTSEKIFSECL,length1,33
1,755589,755580,9,MTS,length1,9
1,755766,755652,114,MPSRNGKNASDAITQPATVKPSSCALIPAILAEYTRLI,length1,114
1,755790,755778,12,MPIV,length1,12
1,755883,755811,72,MAFDFTNFATFQQNNKSFNSCSVG,length1,72
1,756183,756150,33,MPPKADVGSVW,length1,33
1,756948,756825,123,MPSMACCCMMASSVPRRPRIPPCTLGCKVFTRPSIISGKPV,length1,123
1,757734,757728,6,MN,length1,6
1,758124,758109,15,MRIFR,length1,15
1,758826,758802,24,MLQGDLKR,length1,24
1,759045,759039,6,ME,length1,6
1,759300,759297,3,M,length1,3
1,759324,759321,3,M,length1,3
1,759414,759405,9,MGL,length1,9
1,759699,759687,12,MLHR,length1,12
1,759903,759780,123,MKSSLEIRLKGFLKRKDMMCLKQKMVLKCIIYWQIIILIWL,length1,123
1,760020,760002,18,MKWIKF,length1,18
1,760176,760164,12,MVGN,length1,12
1,760413,760350,63,MSQFDVSENILKIIQILQISL,length1,63
1,760536,760422,114,MEKAIVFVEILNKVIFLQKNSFLKFISCFVRIRTLFNI,length1,114
1,761205,761190,15,MFTRG,length1,15
1,761388,761283,105,MVSKIICIIWCDGGLFRDRHIPTGQCDYPCNARYF,length1,105
1,762159,762078,81,MDYRRYCKWFDGFPKSYRAYWIAKSDH,length1,81
1,762462,762429,33,MRCEPPSFRQL,length1,33
1,762798,762786,12,MFGL,length1,12
1,762975,762819,156,MPDARIASITSPEQGAQQECKRSLLCPSGNSSFSRIKGALGSLRIFCFRGLA,length1,156
1,763224,763101,123,MPMKSTLVYIHFLAKFRLHPLLFEPLLLHDSLRNLKTYAQS,length1,123
1,763563,763428,135,MQCQDNAHNLVKPFLELLFHRRQLPQPDQPLQTNGQFCYKLHAYN,length1,135
1,763704,763662,42,MILTVQLIEMHAYK,length1,42
1,764586,764277,309,MYAVFQSGGKQHRVSEGQVVRLEKLELATGATVEFDSVLMVVNGEDVKIGAPVVAGAKVVAEVVAQGRGEKVKIVKFRRRKHSRKQQGHRQWFTEVKITGIQA,length1,309
1,764820,764799,21,MVKLNLK,length1,21
1,765135,765048,87,MRKLSYGIVSLLLQFHYWLYLLIKNNYLS,length1,87
1,765177,765153,24,MRGLCLLE,length1,24
1,765399,765372,27,MIVLMHLLD,length1,27
1,765477,765459,18,MEWRKN,length1,18
1,765774,765645,129,MRKHLIVGMYQKSVLLSHLYLFSQFYFPILRIILAQQISRHQN,length1,129
1,765957,765909,48,MNPLFELRLEMVATVA,length1,48
1,766062,765999,63,MVVTVAMVAMSIYRLMKTSIP,length1,63
1,766170,766110,60,MDGVQIVQDVAVKILFYLFP,length1,60
1,766218,766191,27,MIPKKPWEI,length1,27
1,766476,766377,99,MWECSVFLMQVNPLLFVPFQPPNQKLQIIHLLP,length1,99
1,766575,766563,12,MVQG,length1,12
1,766734,766647,87,MDLIQQIMSLLLNLNFSNTVKNYQKSHVG,length1,87
1,766806,766764,42,MKKLKSEFEKSLNN,length1,42
1,766893,766854,39,MFRHFVVILWTLS,length1,39
1,767076,766995,81,MMTKIGMMIGLKKMMKELSSSINLKKV,length1,81
1,767664,767460,204,MILKPFCSKRVKIAPIRLRFTASGLIIEKVLSVIISPYFNDFDNIKFAKVCTPIPVAPTAHKSLLDLR,length1,204
1,768987,768981,6,MI,length1,6
1,769122,769053,69,MIDFTCIKRITKIVTWSILHIAN,length1,69
1,769161,769143,18,MFWFIR,length1,18
1,769302,769287,15,MIFNK,length1,15
1,769443,769425,18,MCNNCR,length1,18
1,769494,769476,18,MIACRL,length1,18
1,769593,769590,3,M,length1,3
1,769644,769632,12,MPVI,length1,12
1,769770,769725,45,MAFSGKMDNSIRLIL,length1,45
1,769854,769833,21,MVFYGFK,length1,21
1,769968,769905,63,MCLFKKIMDKRRTNKPRSTSH,length1,63
1,770595,770580,15,MIPPM,length1,15
1,770973,770868,105,MTNPISSKIKHISERISCALSIGATAQYPPFFNGR,length1,105
1,771513,771306,207,MVFQPSTEEPSNILPSSNISSSTRLTGIETPCSLPLMSVKRSNTNLISFSSINLNTEAMAFDIVDPLSI,length1,207
1,771759,771654,105,MPNQSINQSINQSINQSINQSINQSLSLLQVMEQV,length1,105
1,771855,771795,60,MMFSVAINFILRIIIFLVRK,length1,60
1,771966,771927,39,MNMNMLILFYHLF,length1,39
1,772170,772068,102,MLIYNITNYMRIRGLHQAFICVQWQLLWVIKIFI,length1,102
1,772305,772278,27,MISILWNMI,length1,27
1,772341,772308,33,MHFISYKNIMV,length1,33
1,772569,772563,6,MI,length1,6
1,774882,774852,30,MRLLLAKIYN,length1,30
1,775392,775335,57,MKNANRIKAVKSFVNFHKI,length1,57
1,775986,775968,18,MVGGAN,length1,18
1,778752,776406,2346,MTKKRKNLISQDPHYKRELEKYGNPIPSREFILSVIRDNNAPMNRDEILTALSIRNEEQIEAMRRRLRAMENDGQLVFTKRKRYALPEKLDLFKGTVIGHREGFGFLQVDGKKDDLFIPNHQMQRVMHGDFVLAQLAGLDRRGRREVRIVRVLESRKKQIVGRFFLENGFGYVVPDDSRIGRDILVPNEHRNGARMGQVVVVELQERSASFNQPIGVITEILGDNMAKGMEVEIALRNHDIPHKFPSAVEKYVKKFTEEVPEEAKKGRVDLRNLPLVTIDGEDARDFDDAVYCEKHGKGWKLWVAIADVSYYVRLRSALDVEAHNRGNSVYFPNRVVPMLPEILSNGLCSLNPQVDRLCMVCEMQISAKGKLTDYRFYEAVMNSHARLTYTKVAKMLEGDEELRTRYSTLVPHLEELYKLYQALLGARHQRGAIDFETIETKFIFNAMGRIERIEPVVRNDAHKIIEECMILANIAAANFMEKHKEPALYRIHATPSKEKLTSFRAFLGEFGLTLEGGLKPTTKDYATLLEQVKERSDHELIQTMLLRSLSQAVYHADNIGHFGLALEEYAHFTSPIRRYPDLTLHRGIKYLLAKEQGAKRKTTDTGGYHYSFDEMDLLGNHCSMTERRADDATREVADWLKCEYMQDHVGGEFSGVISSVTGFGLFVRLDDLFIDGLVHISTLENDYYQFDAAKQRLIGENSRMQYRLGNKVRIKVEAVHLENKMVDFSLMGSERKPRRAGKTAKEKAKKVFKELPSKTSQKRKSAVKKKDVLKKASRKRK,length1,2346
1,779520,779511,9,MFI,length1,9
1,779697,779625,72,MVTTLPGNNAPDRICCAKLFSISC,length1,72
1,779790,779754,36,MKSNKASVNTNS,length1,36
1,779961,779901,60,MNSGRKCWLTTDITKAFISL,length1,60
1,780441,780264,177,MRTIASSLSNKNLAKVLQSSVLPTPVGPRNKNEPIGRLGSERPARLRRIAFATASTASS,length1,177
1,780573,780474,99,MRKSFSFSPSIILDTGIPVALESTSAISSSVTR,length1,99
1,780741,780642,99,MRPYCNSDIFAKSPARRACSSSVFAVSNSCLIC,length1,99
1,781005,780957,48,MLDAASSIKSMALSGN,length1,48
1,781197,781119,78,MVSSTLGSSTNTFWKRRSSAASFSIY,length1,78
1,781704,781587,117,MARRISSSRPITGSSLPLSARAVKSIVYFSRACLLSSAF,length1,117
1,781737,781731,6,MC,length1,6
1,782217,782151,66,MFIRFPQFDFGFRHSHKLSKLG,length1,66
1,782364,782322,42,MLSGKIFYLLTLVR,length1,42
1,782613,782610,3,M,length1,3
1,783255,783207,48,MNDLIVGYPFSIPLQF,length1,48
1,783519,783501,18,MADIMP,length1,18
1,783705,783660,45,MVLLIYIVHFMPFLL,length1,45
1,783750,783711,39,MPQVSQQTRCTAC,length1,39
1,783915,783810,105,MQKGKHFAMKCLNSINLIARQCLMIYANKFSLCTI,length1,105
1,783972,783966,6,MM,length1,6
1,784086,784059,27,MTILCSSTP,length1,27
1,784284,784266,18,MPILKK,length1,18
1,784368,784347,21,MPIFLIH,length1,21
1,784401,784386,15,MLNLT,length1,15
1,784494,784488,6,MK,length1,6
1,784515,784500,15,MVLTP,length1,15
1,784650,784623,27,MKPYSLKRI,length1,27
1,784860,784764,96,MAKPLIYHCNWIIWMRQKHSKNRPHLRLSNPF,length1,96
1,784980,784905,75,MKAFLPVMALNYKVLNLIRCCFLIR,length1,75
1,785103,785034,69,MKLSHLKASLEKEKISLRLIKFH,length1,69
1,785142,785133,9,MRM,length1,9
1,785268,785235,33,MCFLAWNVQAF,length1,33
1,785319,785280,39,MPSLCNLTKLPQD,length1,39
1,785481,785460,21,MKKYWKN,length1,21
1,785799,785679,120,MKKVVVFDKHLSHVKVILLSLLTILKLSYALWHIFLAIKA,length1,120
1,785922,785871,51,MKSPASNVAMLKRLISA,length1,51
1,786036,785928,108,MGCPRLDFHANLIFLVLMQKNTWIYISNAIRVYSNL,length1,108
1,786156,786072,84,MWKRYLVAVYIYLISILATQCVVKGQNA,length1,84
1,786210,786165,45,MHRCKAQLRILLNER,length1,45
1,786228,786222,6,MK,length1,6
1,786279,786273,6,MN,length1,6
1,786357,786345,12,MHRN,length1,12
1,786447,786402,45,MKRINWISKNEFRKT,length1,45
1,786795,786741,54,MQHIDRQVIEIIVSKPCP,length1,54
1,787290,787278,12,MALI,length1,12
1,787632,787461,171,MIACLIEPASACCGNSTRNVLPPLYLKSKPAKSTLTNVTSVISFSPPNFLQRAAISS,length1,171
1,788034,787980,54,MDNNLSLFIKFRTFFLIG,length1,54
1,788883,788775,108,MRNILYGLICFIIHKNKRACPHWATIKCFWFTRFQH,length1,108
1,789084,789072,12,MIWI,length1,12
1,789177,789156,21,MEFNTLS,length1,21
1,789195,789180,15,MKSIT,length1,15
1,789540,789507,33,MLGRECPTIYG,length1,33
1,789585,789546,39,MELSPPTRNINKI,length1,39
1,789642,789621,21,MDYNKLI,length1,21
1,790056,789924,132,MIDIQAPYHIRLQIIQVRELCLSNQAIEITEPAIKSADEINVVL,length1,132
1,790302,790278,24,MAFSLFLA,length1,24
1,790350,790344,6,ML,length1,6
1,790659,790557,102,MTNHPPKIGPRIGPIKPAVAIKFQAFTNCCLGTA,length1,102
1,791010,790878,132,MIAICISKAGLCKSEDIAGKAVFRMVASRLCIKSAIAATQAKPR,length1,132
1,791316,791289,27,MKQVLAFPS,length1,27
1,791514,791484,30,MLFYHYRYNR,length1,30
1,791757,791616,141,MFCYIIGKNKSANSKKRNNAKPYSKPHIIFPPLIDEIYAPSQGKHKQ,length1,141
1,791994,791976,18,MRNKTG,length1,18
1,792105,792042,63,MKESAVNPKIKMARRISLSLM,length1,63
1,792369,792357,12,MPFS,length1,12
1,792450,792405,45,MLPYKYQSDDFSFHG,length1,45
1,792897,792885,12,MPNL,length1,12
1,793167,793113,54,MFFLSIQKSAEFLLANEP,length1,54
1,793386,793269,117,MWITGNIQNAIVILYKFHCIRIKPRTRRIDKNGITFIRF,length1,117
1,793935,793875,60,MIKQAHNNLITQGAKVINLE,length1,60
1,794172,794067,105,MVKIILLVPNTKLRTHAIMTCWRVKNLNIWCIKRV,length1,105
1,795141,795135,6,MT,length1,6
1,795183,795153,30,MILFKFHIFW,length1,30
1,795252,795237,15,MRAIE,length1,15
1,795447,795438,9,MRF,length1,9
1,795621,795552,69,MVFGNLIHWQFFAKFPLNSNPSL,length1,69
1,795972,795846,126,MLLIAYNHKFIRFQLTLTEIKQNMQNLAFLFSPMNCPIFKGH,length1,126
1,796101,796089,12,MTAL,length1,12
1,796149,796110,39,MLAMKNVNIPFFV,length1,39
1,796245,796230,15,MAGFQ,length1,15
1,796299,796293,6,MI,length1,6
1,796458,796422,36,MVTSWLKPTIRN,length1,36
1,796596,796593,3,M,length1,3
1,796914,796800,114,MEIPWIPTTRPSIPCSMVLSQSCSVSFSLGLLNWSTCT,length1,114
1,797247,797106,141,MSCLYTSRALCAAIIARSSQIGSISTKVPNAVTPWDIINSIDWQKRA,length1,141
1,797499,797487,12,MYIN,length1,12
1,798051,797916,135,MQRKYPHDYLIHSVYLLVNLSNIQAMALEFHHAQSSFLALFDSFH,length1,135
1,798174,798087,87,MYFQAVYFLTLLLKENQCLAKCGHNLMGF,length1,87
1,798339,798291,48,MKVLFHEIMLGGRCYL,length1,48
1,799014,798849,165,MLWLRIYQCLLAIFGVQDYVIFPNSSEKITFVPVKLLALVQRKFANRVTFHHFLD,length1,165
1,799593,799506,87,MLPNAIKDRSTGALCFSNTAIISFTIALN,length1,87
1,799683,799626,57,MLKIKKIWLMIPDYLVEPK,length1,57
1,800082,800073,9,MSI,length1,9
1,800376,800355,21,MFIASCE,length1,21
1,801243,800676,567,MGSYDRYPNHQRLTTKFKRSITKGFTIRELIWKYTQFWILFDRTFAQIKVKKMQVKTLLGATFLALSLASCSTVEKVVYRIDVPQGNYLEATTVAQVKEGMTSQQVQYLLGTPILIDPYNNYTWYYVFLQQRAYETPVQHTFTVKFDQRGIVTETHLDKPLPQVSQQGENNTIIETGEKPKSSWWKFWK,length1,567
1,801336,801321,15,MMILN,length1,15
1,801402,801396,6,MD,length1,6
1,801453,801423,30,MKAINWFYLM,length1,30
1,801486,801471,15,MVSKH,length1,15
1,801681,801582,99,MIVYPSLLTIVSLLQELRRFCVVVYLLQIIPQM,length1,99
1,801753,801741,12,MKKI,length1,12
1,801816,801768,48,MNLRFFVYCLNLREMW,length1,48
1,802209,802176,33,MNIKLPLWITH,length1,33
1,802299,802218,81,MITIFTALLPLSIVHSKRNDVINFFTI,length1,81
1,802491,802446,45,MTLFLRIGKFVKTIG,length1,45
1,802641,802584,57,MIHGNRSFFSNLRLNDFTK,length1,57
1,802713,802692,21,MFTCCFN,length1,21
1,803067,802845,222,MHMKVRSIPFQHSKFWIMAISSFFIAKHFTDLEYRPTPCCKQAFHMIFRACRKPKCFGLFTERRKKFRAKGGEM,length1,222
1,803223,803202,21,MIKCGHF,length1,21
1,803415,803367,48,MPTQYYPFRGFIFTFY,length1,48
1,805227,803553,1674,MRSHTVAAEGGAAAVIKEEDSYDKHFQDTVAGGDWLCEQDVVEYFVQHSPVEMTQLERWGCPWSRKADGDVNVRRFGGMKIERTWFAADKTGFHLLHTLFQTSIQYPQIQRFDEHFVLDILVDDDHARGMVAMNMMEGSLVQINANAVVIATGGGCRAFKFNTNGGIVTGDGLSMAYRHGVPLRDMEFVQYHPTGLPNTGILMTEGCRGEGGILVNKDGYRYLQDYGLGPETPIGKPQNKYMELGPRDKVSQAFWQEWKKGNTLKTAKGVDVVHLDLRHLGEKYLHERLPFICELASAYEGVNPVNEPIPVRPVVHYTMGGIEVDFNSETRIKGLFAVGECASSGLHGANRLGSNSLAELVVLGRVAGEYAAQRAVEAQSVNQSAVDAQAKDVVARLEALHKQEGNESWSEIRDEMGTVMEEGCGIYRDQASMQKAVDKIAELKERYKRIRVSDNSSVFNTDVLYTVELGYILDVAQSIANSAIERKESRGAHQRLDYTERDDVNYLKHTLAFYNENGAPRIEYSPVKITKSQPAKRVYGAEAEAQEAAAKAKEQANG,length1,1674
1,805752,805716,36,MLCRLPSIWFKS,length1,36
1,806046,806034,12,MFVQ,length1,12
1,806184,806145,39,MVFFVLQAIQCQA,length1,39
1,806346,806322,24,MNAYHTLL,length1,24
1,806367,806352,15,MHFGR,length1,15
1,806574,806562,12,MRII,length1,12
1,806721,806688,33,MCQLVDLSFTV,length1,33
1,807021,806976,45,MIGLGNTAAKSAASF,length1,45
1,807336,807081,255,MPFPNSAIFKYTSKIRFFDQVSSSNIVAGTSKPFRSQFCPCQSIKFLAVCWEIVDAPRIPLLDFSLYRIARWIASKSKPKCSKKR,length1,255
1,807411,807366,45,MFGEIFSRLTQLYWI,length1,45
1,807777,807627,150,MLFHPLHKIRIHRFNHIGTSSDCGGTCIQILLNFTLRHIFINQLRDNLQA,length1,150
1,808179,808074,105,MQQIHLMLIFHSRDLTIFLLDLLLHYKRLQSIFDY,length1,105
1,808242,808236,6,MV,length1,6
1,808431,808422,9,MQH,length1,9
1,808734,808716,18,MLVLIV,length1,18
1,809358,809268,90,MFVVRLTWIVFVIRLEMLVSQKGNFVALTH,length1,90
1,809490,809469,21,MSLLRFL,length1,21
1,809661,809646,15,MLLPY,length1,15
1,810276,810243,33,MEERPTLRHSP,length1,33
1,810720,810705,15,MPSQG,length1,15
1,810789,810780,9,MGF,length1,9
1,811344,811332,12,MYYR,length1,12
1,811566,811560,6,MD,length1,6
1,811884,811830,54,MKMVAQLYRVCRLLHKYP,length1,54
1,812400,812391,9,MLQ,length1,9
1,812481,812463,18,MLRNFH,length1,18
1,812595,812571,24,MELHLSKR,length1,24
1,812886,812868,18,MSDLVQ,length1,18
1,813162,813084,78,MRSVTPSNSGISDEIIIMPLSFLASS,length1,78
1,813402,813264,138,MTFCWLPPEREPIVVLCDGVLTFIESITHWVSLFIFFVLSNFHGVR,length1,138
1,813684,813675,9,MDG,length1,9
1,814050,813906,144,MPQPRCFNLSIILNRCSTSFSESEDVGSSMITILALYENAFAISIICI,length1,144
1,814809,814779,30,MLLVTHPHQR,length1,30
1,814872,814854,18,MPYHRC,length1,18
1,815532,815514,18,MLNLMQ,length1,18
1,815682,815649,33,MSKFAKMKMIT,length1,33
1,815700,815691,9,MNL,length1,9
1,815751,815706,45,MSQISAIPPKNGVPK,length1,45
1,815814,815805,9,MLI,length1,9
1,816201,816111,90,MRQDNHFFFQLHQKWRDLNRYMQYVDAHNE,length1,90
1,816888,816885,3,M,length1,3
1,817047,816984,63,MGFSFATSCQTPVARATGKSQ,length1,63
1,817341,817323,18,MAGTTS,length1,18
1,817377,817362,15,MGANF,length1,15
1,818133,818064,69,MLNKFSIDSIKICQKLPSMPLVE,length1,69
1,818340,818226,114,MIIFGMFMLQILMKLMNFLSMLKFLRVNTNGPITCVGW,length1,114
1,818424,818403,21,MCRFLQD,length1,21
1,818571,818514,57,MGKRLKTNLLEQIVAIWIS,length1,57
1,818664,818655,9,MSP,length1,9
1,818814,818775,39,MFQLSNSKKEKQN,length1,39
1,818859,818853,6,MS,length1,6
1,818889,818883,6,MR,length1,6
1,818913,818907,6,MI,length1,6
1,818997,818961,36,MILKSPYHKLII,length1,36
1,819150,819090,60,MIKSMQFVKLLRIITRKRLV,length1,60
1,819195,819165,30,MCVPHHKVCE,length1,30
1,819264,819234,30,MRLMVHLISL,length1,30
1,819342,819276,66,MKMGCVFNFWIGAQLGFLVKCQ,length1,66
1,819381,819345,36,MTHYARFYWVVR,length1,36
1,819465,819432,33,MQIVLQMHNLN,length1,33
1,819486,819468,18,MANLLN,length1,18
1,819639,819516,123,MVERVLINAVGQSKSAVKILCVFHYIQSMAIRVFLVMWMCL,length1,123
1,819669,819657,12,MIIA,length1,12
1,819711,819681,30,MQGFVIRILH,length1,30
1,819741,819726,15,MLISI,length1,15
1,819789,819747,42,MQRKAVTCVNIHYV,length1,42
1,819813,819792,21,MLIFICL,length1,21
1,819843,819819,24,MRGFLILH,length1,24
1,820116,820086,30,MANYMPIFLA,length1,30
1,820272,820254,18,MSLQDL,length1,18
1,820422,820347,75,MAFLFTKVYTNFTFTQEIYYAHFSF,length1,75
1,822255,820965,1290,MELTYMAKLPKEEFEERRTRVFAQMQPNSALLLFSEIEKRRNNDCTYPFRQDSYFWYLTGFNEPNAALLLLKTEQVEKAIIFLRPRDPLLETWNGRRLGVERAPQQLNVNEAYSIEEFATVLPKILKNLTALYHVPEIHTWGDTLVSESAVNFSEILDWRPMLSEMRLIKSPNEIRLIQQAGQITALGHIKAMQTTRPNRFEYEIESDILHEFNRHCARFPSYNSIVAGGNNACILHYTENDRPLNDGDLVLIDAGCEFAMYAGDITRTFPVNGKFSQPQREIYELVLKAQKRAIELLIPGNSIKQANDEVIRIKTQGLVDLGILKGDVDTLIEQQAYLQFYMHGLGHWLGLDVHDVGSYGQDKQRILEIGMVITVEPGIYISEDADVPEQYKGIGVRIEDNLLMTEYGNKILTAAAPKEIADIENLMNF,length1,1290
1,822375,822306,69,MLALEPVKNRTNQLRSRLCTNTF,length1,69
1,822477,822474,3,M,length1,3
1,822513,822510,3,M,length1,3
1,822675,822645,30,MPSNNMMWIY,length1,30
1,822786,822777,9,MNN,length1,9
1,825594,822972,2622,MKTTAEIRQSFLDFFHSKGHQVVESSSLVPENDPTLLFTNAGMNQFKDVFLGMDKRPYSRATTAQRCVRAGGKHNDLENVGYTARHHTFFEMLGNFSFGDYFKQDAINFAWEYLTSPQWLGLPKEKLWVTVYETDDEAYNIWNKDVGVPAERIIRIGDNKGSPYASDNFWAMGDTGPCGPCTEIFYDHGDHIWGGPPGSPEEDGDRYIEIWNVVFMQFNRLADGTMEKLPRPSVDTGMGLERISAVLQHVNSNYEIDIFKTLIAKTAEIVGATDLTNKSLRVIADHIRSCAYLIADGVIPSNEGRGYVLRRIIRRAVRHGHLLGAKESFFYKLVPTLIEVMAEAGKDVKAKQTNVEKLLRLEEEQFARTLERGLSLLDEALSQVKDGILSGEVAFKLYDTYGFPLDLTADVCRERNITIDEQAFDREMEAQRTRAQAASQFGVDYNSVIRVDGETKFEGYTEVESQAKITALFYDGKSVESIEVGQSAVVILENTPFYAESGGQIGDSGYLSTQGVTFNVKDTQKYGQVFGHIGELTQGSLKVGQSVNAIVDAKRRHNTSLNHSATHLLHAALRQILGLHVVQKGSLVSDKALRFDFAQPEAITKEQLSEIETLVNQKIRANFPVQTDIMDIDSAKAKGAMALFGEKYGDKVRVLTMGDFSIELCGGIHAKRTGDIGLFKIITENAVAAGIRRIEAVTGQNAIDWLHNQQRILTQSADLLKSDVNTLVEKIQQLQDKTKKVEKELQGLKEKAAMQAGSDFVKSAVKINGVSVIAQQLDGIETKSLRVMVDDLKNQLGSGVIAFASILDEKVNLVVGVTNDLTAKIKAGELVNLMAQQVGGKGGGRPDMAMAGGSQPENVAQAIKVAQDWLNKNL,length1,2622
1,825630,825615,15,MPTVP,length1,15
1,825741,825720,21,MIFLSRF,length1,21
1,825852,825840,12,MNPI,length1,12
1,825888,825873,15,MDIII,length1,15
1,826011,826002,9,MNV,length1,9
1,826095,826059,36,MLSKTILIHLLN,length1,36
1,826167,826164,3,M,length1,3
1,826206,826194,12,MRKV,length1,12
1,826281,826245,36,MNLLPLCYQMYY,length1,36
1,826368,826341,27,MKLAQAKLW,length1,27
1,826392,826389,3,M,length1,3
1,826551,826401,150,MVLQIVVALSLMAAKVQKLIVLLKNLLLKTHHQILLWLGVMFFQQQFGIC,length1,150
1,826590,826578,12,MKSN,length1,12
1,826644,826596,48,MLLICSLKKKPLKHFI,length1,48
1,826725,826704,21,MVFVTKN,length1,21
1,828522,828507,15,MGSLK,length1,15
1,828930,828861,69,MLRRLFCTLRTASNSINYSYWRI,length1,69
1,829239,829236,3,M,length1,3
1,829407,829395,12,MRST,length1,12
1,829536,829530,6,MT,length1,6
1,829764,829701,63,MKKQKILFGGHLKQQKTTTSQ,length1,63
1,829896,829839,57,MVSVVRANTTVLQYVLSLK,length1,57
1,830202,830193,9,MAM,length1,9
1,830403,830277,126,MMNTVGMMLVSLTLKVVVMRKPFIFQKKMNQIFTALSVATHY,length1,126
1,830508,830427,81,MVLLISMMVQKQKTLACLTQFITSITL,length1,81
1,830595,830562,33,MHLAYYHQYLN,length1,33
1,830748,830736,12,MQKC,length1,12
1,830862,830805,57,MAQANVSQSKILAESLMQS,length1,57
1,830913,830865,48,MAQLKKLKWANCQSST,length1,48
1,831072,831045,27,MQLTKKAKL,length1,27
1,831804,831249,555,MLNQIKKDAQDRMEKSLEALKGHISKIRTGRAQPSLLDAIQVEYYGAATPLRQLANVVAEDARTLAVTVFDRSLISAVEKAILTSDLGLNPSSAGTTIRVPLPPLTEERRRDLIKIVKGEGEQGKVAIRNVRRDANDKIKALLKDKEISENEQHKAEEEIQKITDIYIKKVDEVLADKEKELMDF,length1,555
1,832089,832056,33,MYQIPTALCGS,length1,33
1,833172,833163,9,MHI,length1,9
1,833808,833781,27,MVSDVAEIT,length1,27
1,834009,833997,12,MRNL,length1,12
1,834312,834075,237,MNSFQLMAKPTGSICNLDCKYCFYLEKPHLNQRAMTNEVLEAYIKSYIEATPQQQVTFLWQGGEPTLAGLDFYKRAVNF,length1,237
1,834534,834327,207,MNGMPMMSAKLVFNLLNNGLWLTLVYNQVYVFFVKPAAINWLLNKMAIFIVAIIMFILNINSEILLKPL,length1,207
1,835488,834894,594,MFTLSYYLPQNLNKCIISESKTLEKNSLIYAQGEKPKEFYFLKQGLVGLYHSLENGKETLTRLYHANEYFGFRTIFSETSYHCSAKVLMEADIVRIFPGNHANFIANNPDFSCYLMKQLSNELYDAEHRISNTAYKRSYERIIDAIENLTESYPDYPWTYREVAEFCGCETETAIRISRELKKQGILDKNTRHLRICS,length1,594
1,835566,835533,33,MIKSDKDFCNI,length1,33
1,835920,835911,9,MTN,length1,9
1,835974,835956,18,MTTITV,length1,18
1,836124,835995,129,MAHDLILLRKILTYDQTSLQQYLLAANFQGAYQVTSHEKQEHP,length1,129
1,836412,836343,69,MHQVAPPRLLLHDELLLLAQVHH,length1,69
1,836610,836562,48,MKQEHILYHAEHVYAY,length1,48
1,836736,836727,9,MSE,length1,9
1,836958,836904,54,MHYLEYDQNHALTVLRSL,length1,54
1,837324,837099,225,MSADKSERSGTRLNTPSIFAESTSNHVGFSLCSANSNDALIRACFFDFSRIATTSFTETWKDGILTTRPFTTIAL,length1,225
1,837375,837369,6,MR,length1,6
1,838404,838242,162,MFSVTSRRKSPSTVNLPTSSRSLSICSSDNSLILTSSAIPAAAQIACERVLPIP,length1,162
1,838437,838407,30,MAVKAITACL,length1,30
1,838506,838446,60,MLMPAIRATMHSYILINLIF,length1,60
1,838746,838629,117,MFRVATQYAYNTLTFNNLTVTTHFLYGSTNFHCLSFYFK,length1,117
1,838893,838872,21,MFHRSKI,length1,21
1,838914,838908,6,MS,length1,6
1,838965,838962,3,M,length1,3
1,839016,838998,18,MFVHRV,length1,18
1,839100,839031,69,MHQIFLDYLLYHEDYIALLYRKN,length1,69
1,839220,839217,3,M,length1,3
1,839409,839286,123,MVNVLNDHLKFDDLADASHIQREFYVVLFQQKQQNKLLQIQ,length1,123
1,839466,839433,33,MDASVLDEPAQ,length1,33
1,839571,839484,87,MVNQLQYRQKQELKYRYQYLFQLFAHPTT,length1,87
1,839832,839814,18,MPIYMA,length1,18
1,839886,839841,45,MLKWMHGLEHHQRTC,length1,45
1,839988,839967,21,MNQFDKR,length1,21
1,840945,840543,402,MYETWLIIPRTAGVSINSTVRCIWRRPRPRKVALCFGKRAIELRTCVTLIVLAIIHYPKISSTVLPRFAATISGDFIFANASIVARTTLIGLVEPYALERTLRTPATSNTARIAPPAMIPVPSLAGCINTREPV,length1,402
1,841287,841200,87,MFDISIYLIRTVDQLHVQRPLKFGHDHDI,length1,87
1,841461,841332,129,MRVLQQLYRLLQQHLYYRCILLAHELLSQQLKQRQALLNRLVQ,length1,129
1,842181,842157,24,MISPPKPA,length1,24
1,842400,842310,90,MLSTTGLPWKYFKVISNSGLAPSKTFTLSI,length1,90
1,842814,842784,30,MIFFNSTRFA,length1,30
1,842907,842898,9,MGN,length1,9
1,843114,843063,51,MISHLSRGSHEYVEQQL,length1,51
1,843324,843297,27,MLHPHPYSG,length1,27
1,843669,843621,48,MLSNDVDTFNKHFTVW,length1,48
1,844260,844251,9,MII,length1,9
1,844383,844359,24,MKNKLQKK,length1,24
1,845007,844989,18,MPISSS,length1,18
1,845205,845178,27,MKLINLCPK,length1,27
1,845814,845757,57,MGLLKLTGGCLHTQLELFT,length1,57
1,846486,846441,45,MSFCSVIIDVRTKSM,length1,45
1,847029,846987,42,MWMYFLTHCYSSTY,length1,42
1,847335,847053,282,MWLVRFKIRSARPLARGITRFMLGPSSTKILATLRSSISAPSLCSAFAIADSKTFFTKAAAFLLVKVKISNACATFLPRIKSATKRAFWAEVRA,length1,282
1,847527,847410,117,MYESVQIHQAYDRSFHQIHKQERADDHYGLRWSIRSLME,length1,117
1,847983,847848,135,MPLQRLAPALPNTRSICSELPTSPIVATHSANTLRISPERKRKVT,length1,135
1,848013,848001,12,MICT,length1,12
1,848151,848136,15,MPAWI,length1,15
1,848310,848223,87,MLAERFGSYSKRSTTAGMSNLLRLKSIKR,length1,87
1,848337,848334,3,M,length1,3
1,849639,849564,75,MSCHFFTFKHTTWCLVLTNRTKYTM,length1,75
1,849990,849852,138,MTCFRFSYTIRFFRTSSNLNCSIAIVFKSFNLSYAVGFNFDNGNWY,length1,138
1,850233,850122,111,MHQQFFLLALRYLLNVCEYEFRIGHVRLCLRVEKSTR,length1,111
1,850533,850521,12,MPVQ,length1,12
1,850581,850536,45,MITLNGSHIESPCIL,length1,45
1,850779,850758,21,MIKLSHR,length1,21
1,850950,850899,51,MMMNHKCLIKNCHFLLM,length1,51
1,850998,850989,9,MLW,length1,9
1,851037,851025,12,MNFN,length1,12
1,851205,851178,27,MRQYRREHG,length1,27
1,851559,851505,54,MPNIHHFHPPKDCHFYKI,length1,54
1,852450,852438,12,MQKN,length1,12
1,852588,852480,108,MMEILLISVLVYQHRLLIIYLIMSILHFNQKMAFLV,length1,108
1,852624,852609,15,MLIQT,length1,15
1,852699,852630,69,MLVVSLVELKKAALLLIVLFLSL,length1,69
1,852732,852714,18,MLMPVC,length1,18
1,853014,852996,18,MLLMWI,length1,18
1,853107,853059,48,MISKKCKSARKDFNYD,length1,48
1,853659,853548,111,MGWRFFRLNATFSRNTRQPSCSFNGERKQPTRYYSCS,length1,111
1,855639,854304,1335,MDEHGSAILGITSTGYRRAWRERYYGLLYDRTYLHRTNFYYWFIFLIEKELKMENVVIVSAVRTPIGSFNGALSSVSAVDLGAIVIQEAIKRANIESALVNEVIMGNVLQAGLGQNPARQAALKAGIEKEIPSLTINKVCGSGLKSVALGAQSIISGDADIVVVGGMENMSQAPYLLDSKVRQGVKMGNLTLRDTMIEDGLTCASNHYHMGITAENIAEQYGISRQAQDELALRSQTLASQAVQLGVFDKEIIPVMVKTRKGDIIVSRDEYPKADTTAEGLAKLKPAFKKEGTVTAGNASGINDGAAALILVSESKAHALGLKAIAKIRSYASGGVDPSVMGLGPVPATQKALKKAGINLDDIDLIEANEAFASQFLGVGKDLNLDMNKTNIHGGAIALGHPIGASGARILVTLLHNLIEKDKKLGLATLCIGGGQSISMIVERL,length1,1335
1,856203,856143,60,MKVRLIFPSNRYLSELLARL,length1,60
1,856341,856290,51,MDYHLKFLILRQSQTSF,length1,51
1,856668,856647,21,MHPLIGS,length1,21
1,857016,856971,45,MPLLEYLHLLDAYLQ,length1,45
1,857133,857028,105,MPHFPLQYDLLINDNLDEPYQFGDAEMEFHILTSE,length1,105
1,857310,857202,108,MYFSLRLNAQLSKSYFPLEDENSSLVRRAVLHHDRL,length1,108
1,857382,857373,9,MPQ,length1,9
1,858552,858516,36,MPKIRLFYFLQP,length1,36
1,858738,858705,33,MARAKTSCIKF,length1,33
1,858855,858816,39,MFRWLCGEWFVRF,length1,39
1,858966,858948,18,MLIRTG,length1,18
1,859830,859779,51,MELVFQTFFFLLVQIRF,length1,51
1,860361,860295,66,MLNPIKQYGLMRNQFPHPTTWL,length1,66
1,860379,860376,3,M,length1,3
1,860688,860673,15,MVSTE,length1,15
1,861096,861069,27,MHKQTMPLP,length1,27
1,861345,861333,12,MQIK,length1,12
1,862542,862533,9,MGG,length1,9
1,863439,862761,678,MILFAGDPHGSYDHIYPFIKEQENVALIILGDLQLTTADELDKLAQHCDIWFIHGNHDSKTISAFNAIWGSKWQSRNLHNRVVDIQGTRIAGLGGVFRGQIWMPPNRPMFFDPIHYCQYSPQEKIWRGGVPLRHRTSIFPSDIEILENQQADVLICHEAPKPHPMGFQVINDLAMKMGVKLVFHGHHHENFTYRTKYPYKITNVGFRSLADAEGNYLLQTIDDREK,length1,678
1,863709,863703,6,MD,length1,6
1,863934,863907,27,MEKTFRLNS,length1,27
1,864156,864150,6,MR,length1,6
1,864306,864261,45,MAKRFEVGFVIPSKY,length1,45
1,864537,864507,30,MPKIKLSSMP,length1,30
1,865059,864984,75,MRSILCENCPVRISNPCVSLAKASS,length1,75
1,865209,865158,51,MVEHNLQYEHLYLQTKN,length1,51
1,865977,865962,15,MSIIA,length1,15
1,866241,866148,93,MAPAVERPTPDNAQTCSKFVGKFPLNSSRTF,length1,93
1,866682,866517,165,MEDFANIKRKVRLKMLMILHENRACLSAFFQYNSQPIWCQLWRIIHSRGVGRKFL,length1,165
1,867030,867015,15,MFYVI,length1,15
1,867135,867114,21,MFCQRTE,length1,21
1,867402,867357,45,MNLFVTVLLRSSFFI,length1,45
1,867744,867699,45,MFSNKKNAHFIAKNP,length1,45
1,867774,867765,9,MIS,length1,9
1,867879,867855,24,MNYVAFRR,length1,24
1,869934,869094,840,MNILIKSAVKNFIVFSTALYASFSFAQSKLAIVIDDVGYHLKEDAAIFAMPREISVAIIPAAPYARARNQEAKSQGRDILIHMPMQPVSAVKIEDGGLHLGMSAAQVNDRVNTAKNIVRDAIGMNNHMGSAATADPQLMTYLMTALQEKHLFFLDSRTIGKSVAGKIAKEQGVRSLDRHIFLDDSNEFADVQRQFKAAIHYARKHGSAIAIGHPRQNTIAVLQAGLRNLPEDIQLVGMGNLWRNEKVIPPKPFILLFSEVPAPTSIEPFEPVGLLRGIPK,length1,840
1,870006,870000,6,ME,length1,6
1,870585,870519,66,MQNKSQIKPRQKTPFKSSLKGV,length1,66
1,870783,870753,30,MMTCYACRRE,length1,30
1,870975,870894,81,MTVLLRTVRNIHYLTDAGKPLCITRRF,length1,81
1,871014,870978,36,MCGLWKTGIKIV,length1,36
1,871260,871209,51,MPANYPPCLPAYNSQIE,length1,51
1,871569,871446,123,MILSQSLHRPNSHQPLDNQTDEYNARNYVGISHQALPLVAH,length1,123
1,871845,871836,9,MYQ,length1,9
1,872073,871986,87,MAFRCSRHSDTQIKLTCSINGFATRAFDF,length1,87
1,872235,872217,18,MQAHSA,length1,18
1,872730,872616,114,MRSSSHILSHAHNDAHCQTQYAQWQSRSASICPLCKIE,length1,114
1,872922,872850,72,MSSWIDCSCSSVRLGALSSYLRIR,length1,72
1,873312,873150,162,MLATRRVWVSAKSAVCFSAEISHVSVSRFNWCAALGCWSIKIGLPALSTMICLP,length1,162
1,873717,873510,207,MRCRFSTVVLYDHTFVNSVSPTKSTLLGKVIGNVTRRCSLDTKPCPLLNFPHCKIIPFGNLHHPVSARF,length1,207
1,873765,873735,30,MDCVTISLTD,length1,30
1,873984,873927,57,MHNLRINDLGRVSSPPVAI,length1,57
1,874275,874251,24,MEPYLPTK,length1,24
1,875130,875064,66,MLSLPFKPTFSSAVVLASTALS,length1,66
1,875778,875742,36,MRYPILSAIRLK,length1,36
1,875838,875784,54,MDKPPIAFNLAITRFTRA,length1,54
1,876030,875865,165,MPHKRSQSDNMVLEVAGSIICNKSTALFCNRSKALPSTSHCAKKRSPFTSYETGG,length1,165
1,876081,876069,12,MPSP,length1,12
1,876447,876444,3,M,length1,3
1,876573,876528,45,MYDSHNDYPQQVVGE,length1,45
1,877125,877071,54,MTAHRAKSLGEYLLNSAQ,length1,54
1,877212,877173,39,MIGFAPVISDGYI,length1,39
1,877320,877230,90,MWLGMIDNNFVRTSIINQGLQGFFGILLCN,length1,90
1,877401,877359,42,MEQRAYTPICPPRA,length1,42
1,877620,877533,87,MQGFSISFKVRLFRFSGFSSAIASMFVVP,length1,87
1,878253,878235,18,MSVSSH,length1,18
1,878454,878430,24,MHTLPWLP,length1,24
1,879180,879099,81,MLCRIHDACHYQLAINTHFHFCSRKIR,length1,81
1,879462,879432,30,MHVQFVAQYR,length1,30
1,879501,879465,36,MAPHAPLKAVYD,length1,36
1,879864,879831,33,MISTPLVLWQI,length1,33
1,880161,880125,36,MRHKHPTNVILY,length1,36
1,880272,880200,72,MPSHHQQRFLIQSVRHLFLPIGNN,length1,72
1,880455,880413,42,MLPPLIFVARLKTS,length1,42
1,880545,880509,36,MDLIPNLPRPRH,length1,36
1,881448,881403,45,MPTHHLLQLLPYLML,length1,45
1,881520,881478,42,MLNWDTLSHIQPVL,length1,42
1,882147,882108,39,MLQSHPCPKAQPI,length1,39
1,882588,882405,183,MRPRLLLSSPLQFLPHFSPHHVILSFLQFAQLRLGRRRQYWIPSPSVGHSPFPFSWVAPLP,length1,183
1,883176,883161,15,MTALR,length1,15
1,884712,884631,81,MFAQGFRIFIICKRGDNHVIMLTSYRC,length1,81
1,885627,885576,51,MLLPIRSNIGSGGDSSP,length1,51
1,885969,885948,21,MTKFAVD,length1,21
1,886344,886329,15,MRHTR,length1,15
1,886611,886569,42,MHHSSLFFADGNKF,length1,42
1,886740,886728,12,MNCT,length1,12
1,886806,886764,42,MNHIITFGRVIRLV,length1,42
1,887310,887187,123,MSKLPECKTCITTRTHAPNIGIFHKYRIGFRRIKFRLNFRG,length1,123
1,887511,887451,60,MIVIKEILPVIAKGAFTLFN,length1,60
1,887724,887718,6,MP,length1,6
1,888510,888351,159,MSASLASAFKTNSVHNAANNFLSIGLSSCNKFTLAATIASSIPSKAGVLVNAA,length1,159
1,889740,889668,72,MNLEDRGRRGEIDSGLCAVGSSPA,length1,72
1,889791,889758,33,MPFSIAYHSLI,length1,33
1,890673,890508,165,MSPKTDHHNDTPYRSMLNGQGEYVHPPRQNIANKGDYPRYHASVDNAQPNKLTAY,length1,165
1,890898,890766,132,MDLSQKSSLYVQIHSPVLFSKRESLCPHALRFLKIGKYPLSYQG,length1,132
1,891033,890931,102,MRYPAFLLLTPCWQAFSFGAKTQWLVWVLHQWQT,length1,102
1,891216,891174,42,MITPTICFIIGSSC,length1,42
1,891549,891477,72,MPVSLGMASAKTDKSSYSFVSNSK,length1,72
1,891615,891606,9,MIC,length1,9
1,891966,891861,105,MPAALCPISANARSNVRFSALVAPAPYLPMRIGMP,length1,105
1,892467,892431,36,MLLSCSSISMKS,length1,36
1,893574,893259,315,MGQAHRNKLNSLAIPSNKSNYWQTSHHHCLTGHFDIPNQRWHAHHERESSSRLKSGEQPNLLPHLYPLPLDFAYRKHQPPLRLRLSRSPPTYPTGSYHQADELRL,length1,315
1,894174,894108,66,MMSVVILVATAQKDSYATANES,length1,66
1,894681,894609,72,MVFIAVAISDTSGNNRLLLATIFE,length1,72
1,894906,894792,114,MPRATSSTLPLAIVFASRTLSQLSPLASASRFQRRAVL,length1,114
1,895188,895170,18,MVRLSA,length1,18
1,895383,895338,45,MLSKCLSFTSASSLL,length1,45
1,895758,895689,69,MTSSRRVLRVFSSFFFLTSKCFT,length1,69
1,897225,897201,24,MSALSFGK,length1,24
1,897609,897561,48,MIEQFSLPHHHRQRIV,length1,48
1,897693,897639,54,MINILEYIVQNLLRRKIS,length1,54
1,897981,897972,9,MDI,length1,9
1,898563,898506,57,MHKIHFKRTFRNTIGIFFR,length1,57
1,898578,898569,9,MFR,length1,9
1,898686,898647,39,MTTGFKTLLHHNI,length1,39
1,898815,898800,15,MDSSD,length1,15
1,899199,899187,12,MPAH,length1,12
1,899532,899499,33,MINFKNTSPAY,length1,33
1,899586,899574,12,MIFK,length1,12
1,899799,899697,102,MGCKWVLIISCLLHINRNFPHSNHVIIFPTNHIC,length1,102
1,899886,899862,24,MEPFFEIC,length1,24
1,901011,900648,363,MFHPKYTQGYVHLALSYFPQSHSQPWQQILYISHINSSILSLPCAKIGLCFNKLHCCLLLVAIFHPTALFLVLSSCSSPFIFRHLLCYIFFYPFQKSFDSHYRVFRAKFHTWAIIFHVGIA,length1,363
1,901332,901281,51,MIDLRSSRGITHIMCTK,length1,51
1,901776,901611,165,MLPTHIVQKDKLQRCQTHSSTPPLHLTQSAHTDRFRPHVHKVEHKPYYSPLARFR,length1,165
1,903591,903468,123,MHCCISLQPLSPYGVLTTHPLFHRATWYQSGIYRLNIGSLL,length1,123
1,903948,903807,141,MLNRNNRVKFRINLIKLFLFQFRAACMTLLACFLNKRHWERITFIAI,length1,141
1,904731,904473,258,MHPLNNPTPLWIARNPCLVINPQTRQHPRNITIKHPVFLTPTVIGVINCGYAVAFHAITQGICHSQNVFRQTSRPTHNKAARGIHN,length1,258
1,904923,904770,153,MGDFQFHRMTITHPHIIYLQHAPVAFHISVKGAEFRTRLTTNFLNVFWQFR,length1,153
1,905346,905268,78,MFDLFTKKLNRLVTRLGLFELCHLGN,length1,78
1,905832,905769,63,MIRSPLSQGRSSAFFNVLPLL,length1,63
1,905952,905892,60,MSSRCQSIAVFLASINVLIR,length1,60
1,906297,906225,72,MLWRKSWDFHYLHCRIGKQIKLNL,length1,72
1,906378,906369,9,MQH,length1,9
1,906483,906381,102,MKIPIELPCAKARIRVALPMTKGLNGLMIVVMLS,length1,102
1,906504,906495,9,MVA,length1,9
1,906672,906657,15,MPVKL,length1,15
1,906696,906678,18,MAKSLF,length1,18
1,906918,906861,57,MLPTSMSVTSTETALQVLS,length1,57
1,907749,907716,33,MKIGVINIISP,length1,33
1,907836,907806,30,MFSKQSYYFF,length1,30
1,907983,907977,6,MC,length1,6
1,908148,908064,84,MVDNYTPTYSFYKYVNSVLKVTHTVKIC,length1,84
1,908514,908511,3,M,length1,3
1,908682,908610,72,MRPVFCTWDNFRQVRDHLTAITYT,length1,72
1,909027,908865,162,MHVNCIKACTIKCCCHFIMAIYTLFTQNCNGWFYTFIDKWCSNIFVHIVSQKCG,length1,162
1,909213,909165,48,MAAAADLKAIISSYRT,length1,48
1,909408,909372,36,MPCKRHFCKSCD,length1,36
1,909585,909573,12,MPFA,length1,12
1,910185,910170,15,MECFF,length1,15
1,910326,910308,18,MTIVQD,length1,18
1,910398,910329,69,MFCLCCFANHCKRGTFTLTKCGK,length1,69
1,910560,910533,27,MYQFRHCIR,length1,27
1,911214,911190,24,MVMRFHFH,length1,24
1,911439,911235,204,MNTILSIRIRKPTADFRTFHYCSIIFISRKHKIRRLLKGIFDHFKQRFILFFAINNPIGIKNFMATML,length1,204
1,911910,911904,6,MQ,length1,6
1,911988,911967,21,MQILCIN,length1,21
1,912558,912447,111,MALQFFAGFISAFVKWGAEHPFPPSSPIDFTDLTGLG,length1,111
1,913287,913263,24,MLIIYFFK,length1,24
1,913389,913374,15,MFTLI,length1,15
1,913533,913461,72,MGRLACHIKWMTNTIPFDHERTAR,length1,72
1,913722,913656,66,MFFVDDLHKTSIDTLRKTFVAF,length1,66
1,913797,913782,15,MRIPH,length1,15
1,914121,914082,39,MKVEFRIVRSFNN,length1,39
1,914160,914148,12,MAIG,length1,12
1,914850,914721,129,MSLQYAALQESVLQQPRALQAVNRQIHHSNYCLKYEYHEMRRE,length1,129
1,915075,915015,60,MVSYTLLFLNTDNWYCIQIV,length1,60
1,917709,915279,2430,MANFINMYRQLLSLPLSALVKNNPIPANPIEELSLNIHQPIVYVLPYTSQTDFVIFRRNCLALGLPDPAEKNEINGVKLPRYVYLDEGRRIFKSKGAKDETTTIFNKYLELHRTSESLDVQLIPVSVLWGRSPGQEDKSDLPNLRLLNGIQKTFAAIWFGRDTFVRFSQAVSLRYMVVEHGSDEKIAQKLARVAKMHFAKQRISATGPRLPNRQAMFNKLLQSEAIRRAIEDEAKSKNISIEKAQKEAYKILDEIAADVSHSSLRAVDRFLRWLWNKLYSGIDVQNSNRVRKLALEGHEIVYVPCHRSHIDYLLLSYVLYHQGLVPPHIAAGINLNFWPIGRMFRSWGAFFIRRTFKGNRLYSAIFREYLSELFHRGYSVEYFIEGGRSRTGRLLAPKTGMMSMTLQALQHSQTRPISIVPVYVGYEHVLEVDTYAKELRGAAKEKENAGLVLRVIKKLRNLGQGFVNFGEPITLSNYLSQHFPDWKEQNHEEKPQWFTPAVNNISKQVMININKAAAVNSMNLVGTALLSSRQRALSREQLLEQLSSYQQLLQNVPYSTDVVLPNVTPQAMLEHVLALDRIGVLIEKDNFGEIVRLERSSAVLMTYYRNNIQHLFVLPSLVASIILHYEAIQKDLLLDAIRKIYPFLQGELFLHFNEDELNVQIHQIINEFARQSVINSNDNFLSINKSKVRILQLWSAGTREILQRYYITVTILQKQPAISRAELEKESQLVAQRLSVLHGINAPEFFDKAVFSSFIANLKEQRYFDESGYTVLDKIEELASTLSHLISTEICLTVKGTIEKSEDLSS,length1,2430
1,917760,917754,6,MI,length1,6
1,918183,918054,129,MQKYFLHKPLPFDVQLALLAEPIYHLIVLMQHNRQSQKYYHQR,length1,129
1,918462,918426,36,MLAINVFLLRLK,length1,36
1,918750,918639,111,MHGFLKILKIIPTVYVENVKPVLNYLKKYNYQPPLLC,length1,111
1,919125,919071,54,MLLIQYRQHPHQRSRRFS,length1,54
1,919182,919173,9,MIT,length1,9
1,919806,919758,48,MEYRTFGNRCAIWFTS,length1,48
1,919911,919851,60,MCHSHWFSIKNRSNRRSCTH,length1,60
1,920229,920151,78,MNTLWLKVSNHSHHCCSDWACYDSKL,length1,78
1,920820,920805,15,MYSIF,length1,15
1,921432,921429,3,M,length1,3
1,921510,921438,72,MCLLKLQIFHIFSNKNGNQNLVLI,length1,72
1,921558,921537,21,MTYMKWY,length1,21
1,921618,921597,21,MSHLFVK,length1,21
1,921678,921657,21,MFKWRIV,length1,21
1,921723,921711,12,MHVN,length1,12
1,921807,921786,21,MHCLLNI,length1,21
1,921870,921828,42,MQKKNLRKNKLNIN,length1,42
1,921894,921873,21,MVKQKAS,length1,21
1,922134,921990,144,MHRLTYPHPIVQLAVLFAISILAKNVTNTFIKFCQYAICIFWIFTARI,length1,144
1,922308,922239,69,MVDKLCHFHASDFCWWIVTKCGH,length1,69
1,923019,922971,48,MHSGINIVNVASGFFS,length1,48
1,923280,923223,57,MACCYHYTCSGIKILDSIG,length1,57
1,923553,923550,3,M,length1,3
1,923697,923649,48,MLCNLKKCCHSVILIR,length1,48
1,924156,924147,9,MWR,length1,9
1,924639,924612,27,MLYLTAIFS,length1,27
1,924969,924963,6,MV,length1,6
1,925632,925614,18,MGIGYN,length1,18
1,926364,926325,39,MFAYGLKSDATRY,length1,39
1,926538,926511,27,MRSCRFEKN,length1,27
1,927333,927312,21,MVDHSNR,length1,21
1,927996,927939,57,MVTANKASRFSPISQRSDT,length1,57
1,928428,928233,195,MRFTATPSANNPTWVKSVGSPLSRAAFKHAESFDSTPMILISGINCLSKIATPAAKPPPPTCTNT,length1,195
1,928773,928545,228,MAFALASSKLAPCNNTSPPKPRTASTLMLGVFCGITINAFKPNCFADNATPCAWLPADAAITPAAFCSSERLEIIA,length1,228
1,928932,928920,12,MALI,length1,12
1,929004,928989,15,MIKCG,length1,15
1,929331,929313,18,MSNRQA,length1,18
1,929496,929472,24,MTFFDFAT,length1,24
1,929772,929769,3,M,length1,3
1,929862,929856,6,MN,length1,6
1,929961,929928,33,MIFIGVWCNFA,length1,33
1,930831,930738,93,MHMPWYELRERVHHRNNRFTKVIFFHSCCTP,length1,93
1,931227,931182,45,MPKDQSGDCLDFQHK,length1,45
1,931479,931350,129,MLQYRRPLFPWSEHSQSQPLQSLVHYDKVSDLSLRHKGHRRLA,length1,129
1,933186,933120,66,MHCINEWCFSIYAFQRRGKSLL,length1,66
1,933312,933285,27,MEKRNQIND,length1,27
1,934164,934161,3,M,length1,3
1,935082,934362,720,MLKLLRIFLVLICCILICVLGTIYSFIRFKNPSNVGIVARWFGRLYPLFGLKVEHRIPQDQKQISRAIYIGNHQNNYDMVTISYMVQPRTVSVGKKSLIWIPFFGILYWVTGNIFLDRENRTKAHNTMSQLARRINEDNLSIWMFPEGTRNRGRGLLPFKTGAFHAAISAGVPIIPVVCSSTHNKINLNRWDNGKVICEIMDPIDVSGYTKDNVRDLAAYCHDLMEKRIAELDEEIAKGN,length1,720
1,935301,935286,15,MGIQR,length1,15
1,938964,936618,2346,MNKKHTLISLAILTALYSQQSLADLHEQCLMGVPKFSGEVVTGDVNSLPVYIEADNAEINQPNDATYQGNVDLKQGNRHLLAQSVQVKQSGNQSTPLRMAYVRNGFDYKDNQINMLGKDAEFNLDSHDGNLTNSEYEFVGRQGRGKADNITLHNNYRVMKNATFTSCLHGDNAWAVDASEIRQYVKEEYAEMWHARFKIHGVPVFYTPYLQLPIGDRRRSGLLIPSAGTSNRDGLWYAQPIYWNIAPNYDLTFTPKYMSRRGWQANGEFRYLTSIGEGKVAGEYLGKDRYSEYASDNRKRHLFYWNHNSSFLQNWRLNINYTRVSDKRYFNDFDSIYGRSTDGYANQYARIAYYQPNYNFSLSAHQFQIFDDIVNIGPYRAVPQLDFNYHKYDLANGWLNFKLHSQAVRFDNDSKLMPTAWRFHAEPSLNSLMSNKYGSLNIETKLYATRYEQKKGSGKNAEDVQKTVNRVIPQFKVDLQSVLSRDITFLKEYTQTFEPHVQYLYRPYRNQSNIGSTLNNDYLGFGYDSALVQQDYYSLFRDRRYSGLDRISSANQVTLGGTTRFYDIAGEERFNLSAGQIYYLSNSRIDENPANKTPTSSSAWALESNWKISNKWYWRGSYQFDTHTNSTSLANTSLEYNPEKNNLIQLNYRYVNQEYIDQNLGKSANAYQQDIQQVGLVVGWEIANNWAVVGRYYQDLALQKPVEQYLGVQYNSCCWAASVGVKRNVTNHQNQTRNEIVYDNSIGITLELRGLGSNDHQSGIQEMLEKGKLPYIRAFSLD,length1,2346
1,939276,939186,90,MRYTDKFHVCKHHAWAFFTIIKNHIYALRL,length1,90
1,939417,939399,18,MMLFNR,length1,18
1,939618,939540,78,MPHFNTTFDLKRAFAIWTRIAFYYVT,length1,78
1,939714,939672,42,MFSINIRTTTKIRH,length1,42
1,939960,939873,87,MVAANNQRNKRLIFVCTFHNQSFYGFLDW,length1,87
1,940935,940893,42,MFLNQCHKRLPKPL,length1,42
1,941154,941136,18,MGNFTD,length1,18
1,941340,941274,66,MNKLTNNRLPMLFAFIFSNAIY,length1,66
1,941469,941349,120,MVLAFNNFLIVHATQHRNHIMCTKTLSHSINSRHYFLRID,length1,120
1,941559,941532,27,MLAKIIEKN,length1,27
1,941664,941610,54,MLLNLTLWRFWFFEENFL,length1,54
1,941940,941778,162,MGNKAHIGFINPHSKSNGCDYYLNIITLKILLHTFTNCRFHSCVVSSSRDTFIA,length1,162
1,942204,942123,81,MPQNIFLSRIICRCRKCHNRRIRETGF,length1,81
1,942354,942240,114,MPPLRNTMCFINRNKADFAIRNKLKETVRHHFFWRHIK,length1,114
1,944424,944382,42,MFCWCLWSKYVIKL,length1,42
1,944718,944697,21,MLFKVDF,length1,21
1,944895,944892,3,M,length1,3
1,944982,944970,12,MREF,length1,12
1,945024,945000,24,MQKMIFIL,length1,24
1,945054,945030,24,MQVQMVIC,length1,24
1,945420,945312,108,MFILVLQQRYYFLNKIVKNNHKKCARRDLAHFSLKL,length1,108
1,945597,945567,30,MCRHITHHFI,length1,30
1,946260,946248,12,MTRS,length1,12
1,946467,946275,192,MLTFFLIFTSFSIQFITSKLFTRACFCYIYFFICFANWHNICNSTCFFLTSHRVPFLKFCGLYH,length1,192
1,946725,946686,39,MVSGGSTALSPPG,length1,39
1,947184,947112,72,MLSALISSAFSYPAMPLARQLEHQ,length1,72
1,947544,947352,192,MSRHRGAKHRRRYELLGGISLLSPEYLLSVERWPFHSEPPDHYDLLSYLLDLSVSQLSLLIPLH,length1,192
1,948927,948900,27,MMAASKPTS,length1,27
1,950139,950094,45,MFSTTLSFHFKVRSI,length1,45
1,951000,950865,135,MNHTVVNALQKVKLSTSGTTHSHGVTGGVYKARERIHRDILIRDY,length1,135
1,951150,951060,90,MRFAPPRSFASLCIRHCSTCVALLVRAMMT,length1,90
1,951501,951396,105,MLHRLCGPPSIHLSFNLAAVLPRRSIYHVSYGRQS,length1,105
1,951723,951708,15,MQFPG,length1,15
1,951879,951870,9,MCY,length1,9
1,952173,952125,48,MRPLSPALSSSDNTRY,length1,48
1,952428,952401,27,MMNFQLSTY,length1,27
1,952641,952632,9,MIF,length1,9
1,953049,952983,66,MPSKSTSCSANDQSIHSVNCKN,length1,66
1,953184,953076,108,MPDWLVTNTNIYPIFFNSRNASIAPSINLKLSISCT,length1,108
1,954450,953415,1035,MIKLNNITKIFELPNKKLTALDNVSLNIEKGQICGVIGASGAGKSTLIRCVNLLEKPTSGSVIVDGVELTKLSDRELVLARRQIGMIFQHFNLLSSRTVFENVALPLELESESKAKIQEKITALLDLVGLSEKRDAYPSNLSGGQKQRVAIARALASDPKVLLCDEATSALDPATTQSILQLLKEINRTLGITILLITHEMEVVKQICDQVAVIDQGRLVEQGTVGEIFANPKTELAQEFIRSTFHISLPDEYLENLTDTPKHSKAYPIIKFEFTGRSVDAPLLSQASKKFGVELSILTSQIDYAGGVKFGYTIAEVEGDEDAITQTKVYLMENNVRVEVLGYVQ,length1,1035
1,954609,954585,24,MDFLNWKK,length1,24
1,954882,954867,15,MANCS,length1,15
1,955989,955170,819,MKLKQLFAITAIASALVLTGCKEDKKPEAAAAPLKIKVGVMSGPEHQVAEIAAKVAKEKYGLDVQFVEFNDYALPNEAVSKGDLDANAMQHKPYLDEDAKAKNLNNLVIVGNTFVYPLAGYSKKIKNVNELQDGAKVVVPNDPTNRGRALILLEKQGLIKLKDANNLLSTVLDIVENPKKLNITEVDTSVAARALDDVDLAVVNNTYAGQVGLNAQDDGVFVEDKDSPYVNIIVSRTDNKDSKAVQDFVKSYQTEEVYQEAQKHFKDGVVKGW,length1,819
1,956121,956109,12,MKFL,length1,12
1,956547,956523,24,MNHLHQSH,length1,24
1,956646,956631,15,MIRPP,length1,15
1,956790,956781,9,MHR,length1,9
1,956967,956835,132,MKRIVYDPRNQNFLQKMAMPHHRDGGELNLTPPKYSNHDESFEG,length1,132
1,957192,957162,30,MCSISHFNTK,length1,30
1,957300,957264,36,MMIQFITYKYIT,length1,36
1,957486,957474,12,MQIR,length1,12
1,957504,957489,15,MYQCM,length1,15
1,957801,957738,63,MGWVIVNSSACKHNLGDIALA,length1,63
1,958743,958683,60,MFQRQPAHPCYFLCYQAADE,length1,60
1,958917,958857,60,MPLRLCQYPPKQQDQYLDES,length1,60
1,959649,959346,303,MPFPLDKFVQKHSIPHCTNVLNDFEVNLSHKAYKFAHHVFVQYDLIGQYIVPINQDLSVNQITLNLLRIGSYALPSQYSSSVKPARRFLNPQNKPRLYPVR,length1,303
1,959976,959964,12,MQLL,length1,12
1,960075,960042,33,MPYLPTKIQRH,length1,33
1,960219,960213,6,ME,length1,6
1,960714,960705,9,MAI,length1,9
1,960810,960753,57,MQNEYCDQFALKRGDLLLG,length1,57
1,961062,961056,6,MR,length1,6
1,961407,961356,51,MGKSTRKSQRNRTCTAL,length1,51
1,962262,962238,24,MKTPFVLQ,length1,24
1,962481,962361,120,MVVEWGFENLLKPKQYVWLNLLLNYYKHIFVIQMVLSLNV,length1,120
1,962706,962589,117,MAQKPLIWILTCLKQFGDLTVRNAQVRFTWLPPLLVILN,length1,117
1,962778,962754,24,MTQTFLKM,length1,24
1,962943,962928,15,MNMWI,length1,15
1,963000,962979,21,MIKKKLI,length1,21
1,963045,963042,3,M,length1,3
1,963105,963069,36,MRKSVQNFGKML,length1,36
1,963183,963168,15,MQKKP,length1,15
1,963336,963192,144,MPLQQVFKGSVIGLIICQTAILWRQCSIQLMTGMACVHLIFLPRKMIV,length1,144
1,963345,963339,6,MQ,length1,6
1,963471,963396,75,MCVLIGVKIRLSVLLDGDLKVDSFI,length1,75
1,963540,963498,42,MERENIKMLKAIQL,length1,42
1,963585,963555,30,MLPKKKQNAA,length1,30
1,963774,963759,15,MYIIN,length1,15
1,963825,963789,36,MKLGQQHGLFHV,length1,36
1,963891,963849,42,MCIQSWQIGEQITV,length1,42
1,963921,963906,15,MWGLI,length1,15
1,964080,963966,114,MYQRKIFSALALGMDLVKTRKGKIIELAKTLVRFINNP,length1,114
1,964314,964206,108,MKKDKFLPLITLLIIQNKESNHLIIIFGILKKSGKN,length1,108
1,964485,964410,75,MAHLLIKMINNFIRLFHGNAHGPYQ,length1,75
1,964659,964602,57,MFSKKWLNSFLFRQCSLNA,length1,57
1,964827,964791,36,MQVKKLENYVHR,length1,36
1,964914,964875,39,MILNLLCLGLVQG,length1,39
1,965076,965022,54,MHNPIALIQRYNGWVLAS,length1,54
1,965139,965106,33,MFMVAITITPQ,length1,33
1,965352,965166,186,MREKERSILKVFLAKKDKVISVDFPCLLLVEKFMSAHYNIWQINSKTVYPCYIKSVSSKLKA,length1,186
1,965412,965379,33,MYCGIKSVQTP,length1,33
1,965487,965427,60,MLWTFLKVLYLVPQCLPLQA,length1,60
1,965505,965502,3,M,length1,3
1,966006,965574,432,MLKGIHPALSPELLKTLAEMGHGDEIVLADAHFPAHSLHKNVIRADGISIDILLEAITPLFEFDAYVDAPLLMMKAVEGDSLDPNVETRYLNAIESAVGFTPNLTSLERFDFYTRAKQAYAVVVSGEIAKYGNIIIKKGVTPIL,length1,432
1,966282,966246,36,MAISLECLSYSP,length1,36
1,966639,966531,108,MARTRSRSISVLVFEITLYRLRNSTAQQRANAGSVR,length1,108
1,968001,966717,1284,MNAKVLEKKFIVPFVLITSLFALWGFANDITNPMVAVFQTVMEIPASEAALVQLAFYGGYGTMAIPAALFASRYSYKAGILLGLALYAIGAFLFWPAAQYEIFNFFLVSLYILTFGLAFLETTANPYILAMGDPQTATRRLNFAQSFNPLGSITGMFVASQLVLTNLESDKRDAAGNLIFHTLSEAEKMSIRTHDLAEIRDPYIALGFVVVAVFIIIGLKKMPAVKVEESGQISFKSAISKLAKKAKYREGVIAQAFYVGVQIMCWTFIVQYAERLGFTKAEGQNFNIIAMAIFISSRFISTALMKYLKAEFMLMLFAIGGFLSILGVIFIDGVWGLYCLILTSGFMSLMFPTIYGIALYGLKEESTLGAAGLVMAIVGGALMPPLQGMIIDQGEVMGLPAVNFSFILPLICFVVIAIYGFRAWKILK,length1,1284
1,968217,968148,69,MARPKGFEPLTHALEGRCSIQLS,length1,69
1,968769,968679,90,MWAINVKVARKSVFSLNLMTSLKQPRKMNY,length1,90
1,968889,968847,42,MRKLLLNVSILKKM,length1,42
1,968967,968892,75,MAFILIMLGGYANVFQLYVLVHLMV,length1,75
1,969234,969216,18,MLELTE,length1,18
1,969246,969237,9,MEN,length1,9
1,969258,969255,3,M,length1,3
1,969387,969357,30,MLMNTINRFV,length1,30
1,969690,969675,15,MHQYQ,length1,15
1,969735,969696,39,MLNQFLAYPMIER,length1,39
1,970002,969915,87,MLIHHRKALIRPNRYLIEFVSNLQRLLNK,length1,87
1,970491,970362,129,MHCKQSLTAQTHRCYDLFRDQAGLKYPWRGVTSLQQLPCYSST,length1,129
1,970680,970602,78,MPSPRKSHQKIKILSDQQNQLKLVWY,length1,78
1,970725,970692,33,MPQPKVELIMQ,length1,33
1,970767,970740,27,MLHLTKAPR,length1,27
1,970794,970779,15,MPNQN,length1,15
1,970902,970887,15,MPSHP,length1,15
1,970959,970953,6,ML,length1,6
1,970989,970986,3,M,length1,3
1,971079,971022,57,MYHIFISKFCSSKRRSFSD,length1,57
1,971268,971100,168,MRIKFKLFYSLKYNHFCTRNSLFSSCLSITNKGRFNRHSHYIKRDTSIINERFWKG,length1,168
1,971508,971481,27,MNNDFSIFI,length1,27
1,971526,971511,15,MIFFN,length1,15
1,971634,971622,12,MNFI,length1,12
1,972114,972102,12,MTIA,length1,12
1,972270,972207,63,MVEHDSVANFRRWVNIYIESY,length1,63
1,972366,972327,39,MGNSIALNCVETF,length1,39
1,972573,972567,6,ML,length1,6
1,972660,972645,15,MLPHI,length1,15
1,972717,972699,18,MLAPKG,length1,18
1,973014,972975,39,MYWYLHRARYLSG,length1,39
1,973407,973239,168,MVDLALILLQKLGQKVQLVDIAFRVVLQLRFVVNALCYAPDLLLPKLIGDGLLSAV,length1,168
1,973830,973800,30,MDMPFFPFCS,length1,30
1,974271,974199,72,MPRSSKNNCQFLPATRKRDVWQGC,length1,72
1,974325,974289,36,MLTHRLTNPITN,length1,36
1,974397,974370,27,MESGRLTPR,length1,27
1,974487,974433,54,MAFCPSKWSVRISFHTLR,length1,54
1,974637,974607,30,MAINKLRISH,length1,30
1,974691,974673,18,MVLGKD,length1,18
1,975054,975024,30,MLISCGTTLE,length1,30
1,975225,975117,108,MLSWFSFTALIFQNGRLLRCFTVSADHPHSCARISI,length1,108
1,975366,975357,9,MAM,length1,9
1,976134,976119,15,MPEGA,length1,15
1,976476,976428,48,MTFLPKSGRIAPNFIA,length1,48
1,977934,977904,30,MCALRQQIVL,length1,30
1,978027,977991,36,MLLNGASLVSFV,length1,36
1,978141,978111,30,MKGITLKQKN,length1,30
1,978180,978153,27,MLNILLNLY,length1,27
1,978543,978459,84,MLRIAVYSMMKNSKIFDLKPKMVYSTRK,length1,84
1,978570,978561,9,MAY,length1,9
1,978678,978654,24,MIMNQLLN,length1,24
1,978906,978813,93,MKNKNAVSIVLWVIYMFVTMNLLKQQMYSKT,length1,93
1,978942,978936,6,MI,length1,6
1,978987,978957,30,MYLNKRAIKH,length1,30
1,979092,979038,54,MSFQKVRKKKQKKIQPHF,length1,54
1,979275,979254,21,MVSTELS,length1,21
1,979317,979284,33,MIKRNIAVIPA,length1,33
1,979635,979554,81,MIRGNFSNSRDSSIFIPYNKIKTRILM,length1,81
1,979923,979917,6,MI,length1,6
1,979983,979935,48,MDGTRTRDPLRDRQVF,length1,48
1,980085,980040,45,MGKPHTTISVTTFHF,length1,45
1,980298,980259,39,MVSGGSTALSPPG,length1,39
1,980757,980685,72,MLSALISSAFSYPAMPLARQLEHQ,length1,72
1,981117,980925,192,MSRHRGAKHRRRYELLGGISLLSPEYLLSVERWPFHSEPPDHYDLLSYLLDLSVSQLSLLIPLH,length1,192
1,982500,982473,27,MMAASKPTS,length1,27
1,983712,983667,45,MFSTTLSFHFKVRSI,length1,45
1,984573,984438,135,MNHTVVNALQKVKLSTSGTTHSHGVTGGVYKARERIHRDILIRDY,length1,135
1,984723,984633,90,MRFAPPRSFASLCIRHCSTCVALLVRAMMT,length1,90
1,985074,984969,105,MLHRLCGPPSIHLSFNLAAVLPRRSIYHVSYGRQS,length1,105
1,985296,985281,15,MQFPG,length1,15
1,985452,985443,9,MCY,length1,9
1,985746,985698,48,MRPLSPALSSSDNTRY,length1,48
1,986001,985974,27,MMNFQLSTY,length1,27
1,986223,986214,9,MEI,length1,9
1,986766,986523,243,MKNAQILSIILGARRFLPIRIGCTKFGWIKLCSSRSICFHNISVRIAFNPPVVEPPQPPITAEITSKSPIKGGRLSISKIV,length1,243
1,987036,987027,9,MEA,length1,9
1,987174,987108,66,MASKRFIPDSQYAMAQRTVNEA,length1,66
1,988236,988104,132,MHSTLAFLPFQQVRHHQKNQVVENLLACLLRQPNNDAEHLDVLV,length1,132
1,988506,988443,63,MIWLCFSKEKRICLKFPSHKP,length1,63
1,988590,988575,15,MEKYF,length1,15
1,988905,988899,6,MP,length1,6
1,989448,989436,12,MPSF,length1,12
1,989499,989469,30,MSQQNQIAKP,length1,30
1,989808,989730,78,MRVYDRTFKQGLPNRKLFSYSNRFNF,length1,78
1,989970,989868,102,MIIFFKETFVFCINRSKIIKIFHENRCFYNIGCG,length1,102
1,990183,990150,33,MNNLSHHFLLS,length1,33
1,990312,990243,69,MSSGSDSLLSTNFPSFTLNCKFW,length1,69
1,990672,990591,81,MRNSLLALAKSIKPPSPNTVLIQKRLK,length1,81
1,990783,990714,69,MKLTGSSRLFAMPARPEEIGLGT,length1,69
1,991077,990936,141,MALKSAVKITFVFIFDPYINMGLFYLICEITTNFAYKNTLLCCFNKH,length1,141
1,991704,991587,117,MYSRKVRATRLSKPENACNTYQRFFDTVVSSVILESQIS,length1,117
1,992853,992799,54,MFTTALRWNGSYCTFNKF,length1,54
1,993330,993204,126,MIINCHRKHFFRIILTNNIIIQMGANFVRRWQFIFIFDRTFL,length1,126
1,993612,993603,9,MEC,length1,9
1,993780,993705,75,MNHHSCIRQCSSFTSSSASKQECAH,length1,75
1,994332,994134,198,MRSLLLKRATALLFNHNNITYYACGFIISSNEETFSVTCAFASTASTACSSNTTLRILFINSSFLL,length1,198
1,995160,995085,75,MSASVISTVGFSTLIFSKPCNLTSG,length1,75
1,995352,995334,18,MIWAGT,length1,18
1,995724,995622,102,MILKYDLQTKVRSKMIFFYAHTKQLGFCTYYTFF,length1,102
1,996066,995850,216,MQAQPMLPNQPTNQPTNQPTNQPTNQPTNQPTNQPTNQPTNQPTNQPTNQPTNQPTNQPTNQPTNQPTNQPK,length1,216
1,997680,997671,9,MVG,length1,9
1,998757,998733,24,MGHGCVYH,length1,24
1,998814,998799,15,MDKYG,length1,15
1,998907,998901,6,MA,length1,6
1,999552,999525,27,MRFVNSSAE,length1,27
1,1000212,1000194,18,MSKYGV,length1,18
1,1000428,1000353,75,MVFLSPLFCLPQKRFDNVLQIVREK,length1,75
1,1000791,1000752,39,MRQRAFFSYFFPF,length1,39
1,1001625,1001565,60,MLNSLGNLTALQYVYDVLAS,length1,60
1,1001724,1001709,15,MANLI,length1,15
1,1001865,1001838,27,MVLQPKFVH,length1,27
1,1002117,1001925,192,MCGLNQHLNLTLNVAPQYLVRLMYFVRESLLHELSVQWKGKVHRLLSLFLKRLCLSRRYPPLLR,length1,192
1,1002642,1002597,45,MLLIILFCRDQRDLK,length1,45
1,1003095,1003086,9,MGL,length1,9
1,1003374,1003362,12,MHFH,length1,12
1,1003449,1003419,30,MGTISGAHFH,length1,30
1,1003674,1003653,21,MTTLTFI,length1,21
1,1003824,1003788,36,MHRFDLYLVLFL,length1,36
1,1003917,1003833,84,MNFYKSAVKIRKIFRKLIVFFYKLTSLG,length1,84
1,1004655,1004619,36,MRLIQNNGWQIM,length1,36
1,1004748,1004724,24,MCHDRFHQ,length1,24
1,1004931,1004928,3,M,length1,3
1,1004985,1004937,48,MRFDAYKYFYHPYLAQ,length1,48
1,1005117,1005108,9,MLA,length1,9
1,1005303,1005198,105,MNLSAVIINQTIHRKAAFLMLTLHLSISVLCLHIL,length1,105
1,1005621,1005591,30,MHVAINPIAH,length1,30
1,1005726,1005657,69,MAMFFVAQSCVMQEFVLRLCVSE,length1,69
1,1006197,1006074,123,MRYVGFLLHIAINNLPHLSREGIFLHQRRVNLLCQIDDLIT,length1,123
1,1006470,1006332,138,MFLYLQVHKAENAQKSYLKWLIQIFLFLDIPQQSDCLGVQATVLHH,length1,138
1,1006767,1006530,237,MDHQSVHKSPQIRLTALILLNNLPPRDKAFLPLEWAVLQIALVSSKKYPTMPPLFSHRHKTTRKNPPCDKTTKYLDSLL,length1,237
1,1006986,1006866,120,MAAILGAERGKSQIKKCGKNLLRFFTALKIDIFPLELKER,length1,120
1,1007037,1007010,27,MENSYKNTK,length1,27
1,1007607,1007586,21,MMIAKRC,length1,21
1,1008423,1008399,24,MKSICVCV,length1,24
1,1009095,1009026,69,MMTGISYLRAISYMPFKFAIETG,length1,69
1,1009134,1009119,15,MVHTM,length1,15
1,1009242,1009164,78,MPFSNFSKSKLPLNGCFAVVSNASLI,length1,78
1,1009770,1009560,210,MKISSLSNKNGFMPDFNIACSRYSRVVLFTGSITRMRKGSGKCLKFSIAKSPKINLLSLNKKLFSKMKTL,length1,210
1,1009809,1009800,9,MGK,length1,9
1,1010241,1010226,15,MRIST,length1,15
1,1010271,1010256,15,MFDDD,length1,15
1,1011111,1010928,183,MLSIYTISNCFGNCFCLYCRCANYRFRRGLKCRLCRFSWHCWLLINRLKIWLWCDHISHCR,length1,183
1,1011441,1011426,15,MHLDL,length1,15
1,1011561,1011453,108,MHIQPKEIQLLKQDLICSFSILVFQYKVSDYSQYNH,length1,108
1,1011948,1011810,138,MRSISPLLHNVFHPARCIKTNSITDNSADYRRNCRIKCKFHRTFWL,length1,138
1,1012050,1012044,6,MF,length1,6
1,1012323,1012269,54,MVSSRGSFCLITSAEDAR,length1,54
1,1012464,1012431,33,MRSHTTRAAVS,length1,33
1,1012671,1012584,87,MPDTTKSTWPDKNPFNAKCTQSAGVPFTQ,length1,87
1,1012803,1012764,39,MTSAIFLNSIAKT,length1,39
1,1012818,1012806,12,MPSA,length1,12
1,1013955,1013925,30,MRLLVIYPLK,length1,30
1,1014117,1014048,69,MMAVIQMRFTLLSITSHTTILIC,length1,69
1,1014228,1014135,93,MRLKRAMKFPKRKNLKMMTVNQFSVLTSSVK,length1,93
1,1014282,1014252,30,MHNKNKSFHC,length1,30
1,1014417,1014303,114,MMVGAPILKTQMPMTMNTVTMGNFLMMKMKKSLVFINP,length1,114
1,1014477,1014450,27,MIRLFNRFL,length1,27
1,1015155,1015116,39,MKKPTKCTENIGS,length1,39
1,1015767,1015749,18,MVANVI,length1,18
1,1018764,1018701,63,MVRFKRASKRSSSDFWSNYDT,length1,63
1,1019223,1019187,36,MFPTSIQCRQAR,length1,36
1,1020864,1020858,6,ML,length1,6
1,1020879,1020867,12,MTLF,length1,12
1,1020948,1020900,48,MYVKLPQLILAQTAFI,length1,48
1,1021071,1021029,42,MKMRCLIKRLSHVA,length1,42
1,1021131,1021128,3,M,length1,3
1,1021299,1021167,132,MTNFYVKQPKFSPIPLILLVGKRKLKPSTLAYAILSQKKAESLL,length1,132
1,1021383,1021338,45,MISRRLWLKADIWDA,length1,45
1,1021839,1021743,96,MRYSDGALREGVIYSLEKTSKLQIFERAPLEG,length1,96
1,1022013,1022001,12,MIII,length1,12
1,1022037,1022016,21,MSHFLIH,length1,21
1,1022133,1022046,87,MSPYSLSLIVKWGNQYAQSFSALGGCALH,length1,87
1,1022553,1022541,12,MTTF,length1,12
1,1022925,1022814,111,MENYLPSQACTASKRALIWPCVSFLKYPSAKPPSQPP,length1,111
1,1022976,1022943,33,MMKVLPNLPWF,length1,33
1,1024074,1024014,60,MERYYCGESRWFISSGCIGS,length1,60
1,1024938,1024866,72,MITVCTARKTKNRTARIWIPIWCT,length1,72
1,1025349,1025220,129,MYAKMSVKSGLLVTSNPCNRNTHTTFTTDIGLAVNFRRITYFR,length1,129
1,1025418,1025406,12,MDVK,length1,12
1,1025646,1025631,15,MAIGF,length1,15
1,1025928,1025850,78,MFYPTSSRVDLGKFTLCNFNHIRIMI,length1,78
1,1026396,1026210,186,MAKPVNGPIAPPITAIKIPINNGASGPRGTPFPSSVNAIINAIRIAVITNSTAKAPPMLKLG,length1,186
1,1026549,1026543,6,MM,length1,6
1,1026837,1026597,240,MVTAGFKCAPDKPAVAYTASATPIPHIMLISHKPKLAPATFSAATQPTPKKINKAVPKNSPIQFAFNDLSIEHSLEVRLK,length1,240
1,1027269,1027185,84,MHFHIILCKFFYQRSVHNIIRFGFFFIN,length1,84
1,1027647,1027584,63,MVEPRCFDFWINPYFFASGFF,length1,63
1,1027698,1027683,15,MNSKM,length1,15
1,1027875,1027833,42,MTMWEFFRNISQAI,length1,42
1,1027992,1027983,9,MLW,length1,9
1,1028085,1028067,18,MAATTC,length1,18
1,1028607,1028559,48,MGFHTKLSSLQALLLV,length1,48
1,1028775,1028721,54,MYLEPLLIHRLCMPMQYL,length1,54
1,1029123,1028988,135,MVNHKIVEYHASRSTQELQRSSQQYQGSIMIVAKHLSPALQYREY,length1,135
1,1029309,1029255,54,MEANPYLGTNHLRRSLPT,length1,54
1,1029405,1029333,72,MGINPLRSYINQRAINQMVRIHEG,length1,72
1,1029663,1029558,105,MQHNRRRSLQTLANVSVYTWNQFFPLEVPQYAERV,length1,105
1,1029678,1029666,12,MVQT,length1,12
1,1030032,1029999,33,MLEIFRHLALM,length1,33
1,1030374,1030260,114,MKRKAYLSLCLKIRSTIKKPSLRAVQNLELMHKLLILI,length1,114
1,1030458,1030434,24,MVLLTHSV,length1,24
1,1030617,1030563,54,MCTITKIAENANFLHRLL,length1,54
1,1030704,1030620,84,MLVVFGDKGLRNMPISKLKCSLQKAHYS,length1,84
1,1030794,1030758,36,MRIFSSLAIQFV,length1,36
1,1030848,1030824,24,MIKLIIWK,length1,24
1,1030950,1030932,18,MLGCDH,length1,18
1,1030986,1030962,24,MMIHQVEM,length1,24
1,1031031,1031025,6,MA,length1,6
1,1031064,1031034,30,MALLLSLAVS,length1,30
1,1031358,1031346,12,MNWM,length1,12
1,1031595,1031583,12,MVVY,length1,12
1,1031610,1031604,6,MM,length1,6
1,1032948,1031622,1326,MNKHNKGRIAMNFDVAIIGGGLAGLTCGIALQQCGKRCVIINNGQAAIDFASGSLDLLSRMPSTTYGENRAVENLKENITALRNELPAHPYSLLGAEKVLAKAQDFERLANELNLDLIGSTEKNHWRVTGLGSLRGAWLSPNSVPTVQGNEPFPHKRIAVLGIEGYHDFQPQLLAANLVLNPQFEHCEVTSGFLNIPQLDELRKNAREFRSVNISQLLEHKLAFNDLVKEIIESAQGAEAVFLPACFGLENQEFMTALRDATKLALFELPTLPPSLLGMRQRIQLRHKFESLGGLMINGDSALNATFEGNKVRCINTRLLENEEITADNFVLASGSFFSKGLISEFDKIYEPVFESDIIGVEGFNQKDRFTWTVHRFAHPQPYQSAGVAINAQCQVQKCGQFLTNLYAVGNVIGGFNALELGCGSGVAVVTALAVADEILAK,length1,1326
1,1033137,1033062,75,MYGLYCCLSGFTQQSALSWSKTIRA,length1,75
1,1033683,1033647,36,MLWLTINGKRFS,length1,36
1,1034061,1034031,30,MLWYCGDLRF,length1,30
1,1034163,1034151,12,MSNL,length1,12
1,1034175,1034166,9,MAN,length1,9
1,1034316,1034295,21,MKKPTLY,length1,21
1,1034661,1034655,6,MK,length1,6
1,1035309,1035228,81,MTACCSSPSFRDRQAFAFRVIFRMNRN,length1,81
1,1036044,1035969,75,MLFFCGLHRISLDERPTFFYSCKRK,length1,75
1,1036758,1036692,66,MARNFCNLLKQNGKTGNNLNNN,length1,66
1,1036809,1036773,36,MNFAVKLNFFVL,length1,36
1,1037016,1036998,18,MILVCP,length1,18
1,1037217,1037172,45,MLLLQDTKELCQWWD,length1,45
1,1037250,1037244,6,MQ,length1,6
1,1038300,1037424,876,MFKGILVSLLASFLFGYMYYFSTLLKPLSGTDIFGYRMIFTFPFVLLSVTLFKQKAALIERLKRIQKRPHLALSYLLCGLLMGFQMWLFLWAPNNGSSLSVSFGYLLLPIVMVAAGRVFFKERISTFKFIAVIIATLGVISNIVLKGGLSWEAIVICLGYTAYFSIRKALKNTDLASFCLEMLSLMPVSIYFALQTDFATVQQTNPFIWGLLVLLGLISGTALIAYVIASNMLPMNLLGLLGYVETIMMLCVSFLIGEQIDSGSYPLFICLVIAMILVMVDGVYKQHAKGSL,length1,876
1,1038618,1038303,315,MSFKEITPQQAWEMMQQGAILVDIRDNMRFAYSHPKGAFHLTNQSFLQFEELADFDSPIIVSCYHGVSSRNVATFLVEQGYKNVFSMIGGFDGWCRAELPIDTTY,length1,315
1,1039005,1038906,99,MNGLCLCWSCRFTRANCPDWFVCDHCTVECFYA,length1,99
1,1039218,1039161,57,MISAAFRVANNDIFCTEIF,length1,57
1,1039401,1039398,3,M,length1,3
1,1040097,1039659,438,MKLFKAEQWNIEVLLPLFEAYRQAYGQAENPERTLAFLTNRMRFNESLFFIAVDENEKAIGFVQLFPRLSSLQLQRYWQITDIFVLEHAQQTEIYAALISKAKDFVHFTQSNRLVAELAQNQYSMLESEGFKLNPKERLFELSLSC,length1,438
1,1040202,1040184,18,MPPSKS,length1,18
1,1040505,1040427,78,MASKFNNCLPTIAKNLLIFVIVLFWN,length1,78
1,1040661,1040634,27,MLRMLFKNG,length1,27
1,1040754,1040691,63,MRHYLLASLEIVFLIEPFKNV,length1,63
1,1041180,1041171,9,MFF,length1,9
1,1041267,1041249,18,MFASNV,length1,18
1,1041858,1041828,30,MDIAARVAAT,length1,30
1,1042023,1042017,6,MT,length1,6
1,1042092,1042086,6,MG,length1,6
1,1042257,1042221,36,MWIAFISLWHHI,length1,36
1,1042269,1042260,9,MGL,length1,9
1,1042392,1042356,36,MLFFCPIYNKVS,length1,36
1,1042452,1042407,45,MRRMRDCTNLIEPFP,length1,45
1,1042617,1042611,6,MW,length1,6
1,1042701,1042641,60,MPADYQNVYFQLPNGKVLLR,length1,60
1,1042866,1042824,42,MQPKCQMAAKDLSW,length1,42
1,1042875,1042869,6,MI,length1,6
1,1042968,1042923,45,MQNLSLYLQNLQVRN,length1,45
1,1042983,1042974,9,MIT,length1,9
1,1044141,1043466,675,MTRSIIAVLPAAGVGSRMQADKPKQYLTLLGKTLLEHTLDVMLSYPAVSKIILAVSKDDPYISTLSLDPKIQLVEGGTTRAESVLNGLNAIAEKNAWVLVHDAARPCLQHADIDKLLAIEDKQGAILAIPVTDTIKRADNQQCIVKTEDRSQLWQAMTPQFFPVDILRDALSTGIQQGANITDEASAIELAGFRPHLVAGRSDNLKVTRPEDLALAEFYLTRNKL,length1,675
1,1044195,1044165,30,MFTLLAKIDH,length1,30
1,1044273,1044249,24,MEMWHYTH,length1,24
1,1044288,1044279,9,MQS,length1,9
1,1044414,1044351,63,MRIVEVYCVKRFAKYKKRDIK,length1,63
1,1044489,1044420,69,MLILPSSLKHLKCAHILMQCVPK,length1,69
1,1044528,1044525,3,M,length1,3
1,1044819,1044807,12,MVHY,length1,12
1,1044894,1044825,69,MEFIRFNENIPLTKPFNKTNVKQ,length1,69
1,1045980,1045929,51,MLLPVTMFVFQLFIFSL,length1,51
1,1046181,1046130,51,MGKFRGILPSKFTFLKH,length1,51
1,1046382,1046361,21,MRQTMQR,length1,21
1,1046499,1046454,45,MKPQCFILAKKSVLA,length1,45
1,1046547,1046535,12,MVHV,length1,12
1,1046610,1046568,42,MLFLSWLQVAKIPF,length1,42
1,1046658,1046655,3,M,length1,3
1,1046781,1046775,6,MP,length1,6
1,1046943,1046829,114,MAMWQVPYCVVYLMLKSIFFMELVVRQKAWQLLQPFEH,length1,114
1,1046985,1046979,6,MK,length1,6
1,1047054,1047024,30,MRFNAVQHWA,length1,30
1,1047072,1047063,9,MKC,length1,9
1,1047171,1047096,75,MTILYLLQQALPMAICLKVSPAKAI,length1,75
1,1047264,1047246,18,MTFIKF,length1,18
1,1047378,1047360,18,MSFLNN,length1,18
1,1047522,1047516,6,MN,length1,6
1,1047663,1047552,111,MSNRKDNSFTQEKLPISKPLEKCSMISVNHLVLSLVC,length1,111
1,1049121,1048092,1029,MNFCRILLKPLKKNEALSGYSAEGLHYLTGNKHFNPELPFSRQEFITVKPQKQQGMSISGFQPKLQLIIEDDHFNSINQQGNYILKPSPEEYPFLAENEHATMRIMKELGFDVPENGLVSFAGEQNHKEFAFVIKRFDRDKQQKPMHQEQLDGAMNIRDKYGKIGADNEQYVSYEQIAKFILQHTENHLAQQREIFRRIIYAYLLGNNDLHLRNFSFIYPKNSHPKLAPIYDFVSVSPYPEIFNSTLLALPLLVREEGNDTLAKGFNTQYGEYIGDDFVEFGENIGLNKNVIIQKLIPEITQEKEKVEQIYSQSFMPQPHIDCVLKTYRKRLALLNVLNEPEL,length1,1029
1,1049376,1049313,63,MISKSLLRLSYPNCWSAHQAR,length1,63
1,1049493,1049397,96,MLGQYRYVVFLRQRDCHPIPSFLFDSLVANSK,length1,96
1,1049646,1049616,30,MPYCHASYEC,length1,30
1,1050423,1050363,60,MPQVQTSLKAGQRPTIKSQR,length1,60
1,1050594,1050498,96,MTLIALLVYLATSQKPNGVKKKTLCHAIMPVI,length1,96
1,1050663,1050636,27,MHHEPPPIR,length1,27
1,1051062,1051038,24,MVFCCLNC,length1,24
1,1051128,1051065,63,MNCKIISSLSTSMLLVASSKI,length1,63
1,1051953,1051902,51,MVILRKCSASLSISFAL,length1,51
1,1052184,1052079,105,MIDIGISGTQINKITAVLKLKKIKKTKRVSGASKL,length1,105
1,1052457,1052421,36,MPKMTALNRLNS,length1,36
1,1052652,1052604,48,MITPKIKRSMHRIMRT,length1,48
1,1052874,1052817,57,MITPKIKRSTHRKNYAYLT,length1,57
1,1052925,1052916,9,MVG,length1,9
1,1056372,1053348,3024,MGLNMTNFRLNVLAYSVMLGLTAGIAYAAQPTNQPTNQPTNQPTNQPTNQPTNQPTNQPTNQPTNQPTNQPTNQDSNLSEQLEQINVSGSTENSDSKTPPKIAETVKTAKTLEREQANNIKDIVKYETGVTVVEAGRFGQSGFAIRGVDENRVAINIDGLRQAETLSSQGFKELFEGYGNFNNTRNGAEIETLKEVNITKGANSIKSGSGSLGGSVIYKTKDARDYLLNKDYYVSYKKGYATENNQSFNTLTLAGRYKKFDALVVTTRRNGHELENYDYKNADSLTQGKKREKADPYKIEQDSTLLKLSFNPTENHRFTLAADLYEHRSRGQDLSYTLKYQKTSPDLPEKESRHTNDKTKRRNISFSYENFSQTPFWDTLKITYSDQRIKTRARTDDYCDAGVRYCEGTANPAGLKLTNGKITRRDGSELQFKKSTSDTKKEHDDFRKLIDTNGQEIGDKLARKRSSETWYDCSIFNCEKDTKIQVFQGNKPYGYDGKLKEVELEKKEINGKTFAKIKEQGSYRNPIYSIFPDSPGYLDRLWQERDLDTNTQQLNLDLTKDFKTWRVEHNLQYGSSYNTTMKRMVNRAGNDATDVQWWATPKLGTETCEYVYNANLCPRVDPEFSFLLPIKTKEKSVYLFDNVVITDYLSFDLGYRYDNIHYQPKYKHGVTPKLPDDIVKGLFIPLKKGHNSNDEVKKNAQQNIDYIAKQNKKYKAHSYSFVSTIDPTSFLRLQLKYSKGFRAPTSDEMYFTFKHPDFTIFPNTNLKPEIAKTKEIAFTLHHDDWGFISTSLFKTNYRDFIDLVYKGEQTFSVGNQGGTQSFRTFQNINRDIAVVKGIEINSKVFLSKMAKFMDGFNLSYKYTYQKGRMNGNIPMNAIQPKTMVYGLGYDHPSQKFGFNFYATHVASKNPEDTYNMFYKEENKKDSTIKWRSKSYTILDLIGYVQPIKNLTIRAGVYNLTNRKYITWDSARSIRSFGTSNVIEQTTGLGINRFYAPGRNYKMSVQFEF,length1,3024
1,1056690,1056606,84,MRLLRLIPSKKSVWWGKMVAVSRLFFPY,length1,84
1,1056801,1056798,3,M,length1,3
1,1056900,1056855,45,MNAMMVTLLHVFTGN,length1,45
1,1056957,1056912,45,MRGQFNRVPLLYCMV,length1,45
1,1057125,1057071,54,MSRPTIWIWMRLFGWNVG,length1,54
1,1057485,1057428,57,MWIILLLLNFVHRNPCRIL,length1,57
1,1057536,1057515,21,MAAAKVR,length1,21
1,1057623,1057602,21,MVRENQL,length1,21
1,1057968,1057926,42,MNRLTIWIWICVKH,length1,42
1,1058265,1058172,93,MKIRFKIVRNKNAVKQSYANKLHHYVKKSRN,length1,93
1,1058361,1058325,36,MLNYIMPKIKKN,length1,36
1,1058391,1058388,3,M,length1,3
1,1058427,1058406,21,MMWKRNG,length1,21
1,1058688,1058652,36,MKFARSAVIYCS,length1,36
1,1059030,1058952,78,MGKNKFSSVQIKLAVIFLSNKSKRMK,length1,78
1,1059378,1059243,135,MNSFLICKVNMNVQRLGLCQLNPPPRIFSQENLIALQYVCAITHL,length1,135
1,1059636,1059462,174,MKCGYNSVQIFLYWMKLWEMHAIHLKFETYAQINFLDRDNLWIFMLYGAIRLRKVNRH,length1,174
1,1059900,1059858,42,MMENFMRITPMGLV,length1,42
1,1060131,1060125,6,MM,length1,6
1,1060158,1060140,18,MQLPLD,length1,18
1,1060194,1060182,12,MLKF,length1,12
1,1060272,1060227,45,MRKAQTRHLSHYAKV,length1,45
1,1060308,1060284,24,MLAMALEC,length1,24
1,1060383,1060374,9,MSN,length1,9
1,1061265,1061244,21,MFYFVKF,length1,21
1,1061319,1061286,33,MPLGWRTTYLY,length1,33
1,1061349,1061337,12,MGKA,length1,12
1,1061856,1061838,18,MLISLP,length1,18
1,1061889,1061883,6,MR,length1,6
1,1062096,1062066,30,MMNTFISEML,length1,30
1,1062159,1062150,9,MYK,length1,9
1,1062306,1062225,81,MANFTPKYFTHSWNFINGIFSIIFNRT,length1,81
1,1062834,1062771,63,MVFMAMCLVHHHKESLSTQPP,length1,63
1,1063158,1063116,42,MHVYLRVLHIVTEK,length1,42
1,1063263,1063233,30,MPLWAIQRKN,length1,30
1,1063407,1063287,120,MISIRMMNYYVKLIHCERFGNKIAQYGLLPARIMEKMKSF,length1,120
1,1063569,1063485,84,MWWLIYLKRKNFNLFVVPQMNYQMKIPK,length1,84
1,1063647,1063608,39,MAFPILLLWVEAL,length1,39
1,1063869,1063851,18,MLAMKC,length1,18
1,1063965,1063932,33,MYDERDLSWYF,length1,33
1,1064331,1064301,30,MGVCFFYHCA,length1,30
1,1064613,1064403,210,MIKTFIFLTALIVLSGCGSVVKLIDPTEKYTAYAGVAYDLEMAQQWGLPILDLPLSFLLDTVLLPYAWAQ,length1,210
1,1064661,1064658,3,M,length1,3
1,1064970,1064946,24,MSTINLRC,length1,24
1,1064994,1064988,6,MC,length1,6
1,1065177,1065093,84,MLNIKLSQNVMSVTPHKFELTTLSILMI,length1,84
1,1065297,1065210,87,MKKCGQNGRQKFVICWWMNIKTPTPVNMN,length1,87
1,1065423,1065345,78,MMTNLFIRGVAHDQKIWCVYAMIFLV,length1,78
1,1065612,1065501,111,MSTCLIRNFFQPLVQGKNCLSSKQKMKNTKQSGLSPS,length1,111
1,1065705,1065654,51,MRFCIEAIINPDYSKKY,length1,51
1,1065837,1065810,27,MMTEHSCVL,length1,27
1,1066002,1065921,81,MLFLSLNLFNALHQKPMIHCKNLAVGL,length1,81
1,1066170,1066011,159,MMKFNVLNQNVRYVLCYLRFIMKNICTNTQQTLKQQKCKVRMSPRYLTGLRIC,length1,159
1,1066197,1066179,18,MKPMSR,length1,18
1,1066290,1066266,24,MTTAIKFN,length1,24
1,1066338,1066329,9,MFI,length1,9
1,1066491,1066383,108,MKTTWKKNAAWLMWVSQEHKKNLLFLYVVSVVNMEN,length1,108
1,1066617,1066533,84,MTMCYGNAINQNSPPSKNKKKHKTNLID,length1,84
1,1066746,1066743,3,M,length1,3
1,1066755,1066752,3,M,length1,3
1,1066905,1066878,27,MATPFFIII,length1,27
1,1067418,1067415,3,M,length1,3
1,1067598,1067523,75,MDFLFISLRLLLLNNCPTNHIHQNL,length1,75
1,1068024,1067991,33,MLNLGKFHAIV,length1,33
1,1068246,1068099,147,MECLNTAIAYRQPLMELNHPHGDRDTHNVSEPKCQVFWATKAYKANAWG,length1,147
1,1069122,1068408,714,MENSSLLLTALFNPDHLIIFSKMLLAMVLGSVIGLERELKRKPVGVKTCAIIAVTTCVLTIVSIQAAEHYAQVSENIRTDPMRLAAQVISGIGFLGAGVILHKKNDAISGLTTAAIIWASAGIGIAAGAGFVFDAVIATVMILVSIRLSPLVQRWVHRKSQRRRTKFNILVNDAESIGKVTQLLVNNQYRIEHIQVKDQSSGEVRLQIRCFSIDSTMLKDAYALLKAEDGVISVEVDN,length1,714
1,1070403,1069290,1113,MKNVGFIGWRGMVGSVLMDRMSQENDFANLNPVFFTTSQAGQKAPVFGGKDAGDLKSAFDIEELKKLDIIVTCQGGDYTNEVYPKLKATGWDGYWVDAASALRMKDDAIIVLDPVNQHVISEGLKKGIKTFVGGNCTVSLMLMAIGGLFEKDLVEWISVATYQAASGAGAKNMRELLSQMGLLEQAVSSELKDPASSILDIERKVTAKMRADNFPTDNFGAALGGSLIPWIDKLLPETGQTKEEWKGYAETNKILGLSDNPIPVDGLCVRIGALRCHSQAFTIKLKKDLPLEEIEQIIASHNEWVKVIPNDKETTLRELTPAKVTGTLSVPVGRLRKLAMGPEYLAAFTVGDQLLWGAAEPVRRILKQLVA,length1,1113
1,1070643,1070622,21,MVVQKIC,length1,21
1,1070754,1070664,90,MIFIIKVMMYCYLIIAVKAIHSVLFLKKGI,length1,90
1,1070805,1070772,33,MLMIWRKSSKK,length1,33
1,1070943,1070889,54,MIITLIKRYFLRLFTVFF,length1,54
1,1070967,1070961,6,MN,length1,6
1,1071060,1071009,51,MFLVKGLINKPTWNTMN,length1,51
1,1071348,1071288,60,MLDVKLYSMLNTKFYLNRTN,length1,60
1,1071468,1071462,6,MV,length1,6
1,1071708,1071519,189,MAEQAEGAPLLREYGVKSSIEGSNPSLTAIVCFIYSAPVAQLDRVLGYEPSGQRFESSRVRHF,length1,189
1,1072242,1071933,309,MKKQSLPTKFSPFAWGLAAFCSPILLCPMALLISTAFSKNPYLSSWQINLFSTLFWVYPFILAVTARMLYRLHQHKPKLANKLLTLSAVIFYVILITICKIGL,length1,309
1,1072695,1072665,30,MGQLRLFLLL,length1,30
1,1072989,1072854,135,MFHVGQNERDRRSLRLQVIIWRLVYFGNNVQVRLIVSDYLRLQLP,length1,135
1,1073319,1073268,51,MQCHFLVSLQLIFLMFL,length1,51
1,1073370,1073328,42,MVHRRKVQQCFRYP,length1,42
1,1073649,1073634,15,MLFLS,length1,15
1,1073721,1073709,12,MVSF,length1,12
1,1075041,1074999,42,MIASLLIPLQPQYK,length1,42
1,1075563,1075527,36,MQCIPINHDQNQ,length1,36
1,1075665,1075659,6,MK,length1,6
1,1075746,1075707,39,MPINAHCSYLLHH,length1,39
1,1075905,1075872,33,MESFYILLQDE,length1,33
1,1075989,1075971,18,MRERDC,length1,18
1,1076208,1076193,15,MAVLR,length1,15
1,1076355,1076301,54,MALLYLDNDHQEGKVRSV,length1,54
1,1076391,1076370,21,MFTPELY,length1,21
1,1076553,1076499,54,MPASKTARILFCTSSCRK,length1,54
1,1076574,1076571,3,M,length1,3
1,1076655,1076613,42,MFAIIDSIVSLSRA,length1,42
1,1076940,1076877,63,MKRLLSAVKNVSESARLSVAS,length1,63
1,1077261,1077243,18,MYFLRS,length1,18
1,1078203,1078191,12,MCRL,length1,12
1,1078689,1078626,63,MADDMIKVYSLVKLLFNIRKH,length1,63
1,1078737,1078704,33,MSGNNCSVRIK,length1,33
1,1078869,1078818,51,MLFHFFNGFYAAINCDS,length1,51
1,1078890,1078872,18,MWKITF,length1,18
1,1079028,1078974,54,MDNKLLATFSLNLLNKIT,length1,54
1,1079370,1079331,39,MDNRRRSDHFGVK,length1,39
1,1079427,1079394,33,MKITTMACCPI,length1,33
1,1079715,1079604,111,MDAIMLEIKSQMRTSCAPVISTPTVRQALNPIIKQYK,length1,111
1,1079913,1079856,57,MLPLDNVENKGCFLESRQE,length1,57
1,1080171,1080117,54,MPMIRQINSKLLWEILYV,length1,54
1,1080357,1080318,39,MTYYLKSINLINI,length1,39
1,1080750,1080681,69,MEYDDHLHLLIIRTLLIRSQCVV,length1,69
1,1080885,1080816,69,MHRCFHLHDLRQVIYGTFQHQLQ,length1,69
1,1081254,1081122,132,MLNHVRLVYRHLGSHIEIEVHELPFLLILITLRHLPCRICLRIR,length1,132
1,1081311,1081260,51,MEHLLGDLIRCVHEFVA,length1,51
1,1081551,1081509,42,MHALHHRSVLLIRL,length1,42
1,1081803,1081653,150,MFPKKCGIKQSYFTPLVYKNYFLRASITAAATLVGASAYFNGSIEYDARP,length1,150
1,1082226,1082178,48,MYSPGITPPLISFTNS,length1,48
1,1082478,1082415,63,MISKCNSPIPEIMVSPDSSSV,length1,63
1,1082757,1082676,81,MSPARTSLISSRLLACICTIRPKRSRF,length1,81
1,1083717,1083627,90,MVIPRSCSCSIQSIVAAPSCTSPILWLTPV,length1,90
1,1083834,1083759,75,MCALIPILRYLSIGVVRAIIITLFI,length1,75
1,1083927,1083918,9,MLC,length1,9
1,1084119,1084074,45,MRYDVQGALQLVLGK,length1,45
1,1084971,1084920,51,MLFNNRMLFKKSTSIQK,length1,51
1,1085196,1085193,3,M,length1,3
1,1085394,1085310,84,MLNIALIFNSNFYLFYGFSIFHCRFVWR,length1,84
1,1085532,1085514,18,MQPNAA,length1,18
1,1085628,1085613,15,MGNWR,length1,15
1,1086096,1086093,3,M,length1,3
1,1086327,1086216,111,MSLFIGVGNITRNLLRVIINRSHKREHGQHLITMLFS,length1,111
1,1086420,1086417,3,M,length1,3
1,1086495,1086480,15,MNFTG,length1,15
1,1086765,1086756,9,MRH,length1,9
1,1086846,1086798,48,MTFTDPTNCRVTRHLP,length1,48
1,1086867,1086861,6,MC,length1,6
1,1087023,1086924,99,MATTDHNHIISFSVKHIYLYLFGSKNWRYSTEI,length1,99
1,1087317,1087206,111,MRSFSLKILCVKWKVINNFIFAQSYQVSKNSFMTDYL,length1,111
1,1087350,1087344,6,ML,length1,6
1,1087437,1087431,6,MN,length1,6
1,1087479,1087467,12,MFLL,length1,12
1,1087617,1087581,36,MIKLKFIVLILG,length1,36
1,1087734,1087710,24,MRKKNVKL,length1,24
1,1087764,1087755,9,MLK,length1,9
1,1087860,1087788,72,MKIILILFMLMDHMKQRMFYLMHY,length1,72
1,1087929,1087902,27,MIIYGLPIR,length1,27
1,1087980,1087971,9,MLM,length1,9
1,1088049,1088037,12,MLKN,length1,12
1,1088316,1088280,36,MFQNGHLIYRYL,length1,36
1,1088538,1088424,114,MRKQYVDRQYLGIYCRKHDSYSLQSKILLLDQLVYLDK,length1,114
1,1088700,1088679,21,MIVVYHL,length1,21
1,1088883,1088781,102,MYLDRDINLPHYGKLIHLCSLRYSLLGHFYDHPL,length1,102
1,1088907,1088886,21,MVHLHLK,length1,21
1,1089045,1089006,39,MQGNYTYCLWLCR,length1,39
1,1089558,1089387,171,MQSFQHLLDKVHQMGQCELMQRQYQPLFSSFQVHIFVLFLQYHGFQLCLEGSLYPKP,length1,171
1,1089819,1089771,48,MYPLHNSSHLNNRPQG,length1,48
1,1090119,1090089,30,MQEYWSHQFE,length1,30
1,1090584,1090542,42,MRHQNLWRYLWLFA,length1,42
1,1090662,1090656,6,ME,length1,6
1,1091298,1091193,105,MRLFFLVYLNQIMPHNQCILPFFLAIFHWLHRLLH,length1,105
1,1091835,1091754,81,MSVTEFYSMWCDGSVKGNCCCIARACN,length1,81
1,1092291,1092249,42,MLFTIIFKNKRKNC,length1,42
1,1092339,1092336,3,M,length1,3
1,1092624,1092618,6,MH,length1,6
1,1092693,1092627,66,MSITLSVFHYISKTHTRTDSHN,length1,66
1,1092891,1092876,15,MFPLS,length1,15
1,1093293,1093269,24,MISIKLCS,length1,24
1,1093380,1093338,42,MTSACSIISRCCLP,length1,42
1,1093752,1093734,18,MTKATF,length1,18
1,1093842,1093833,9,MVK,length1,9
1,1093950,1093947,3,M,length1,3
1,1094016,1093977,39,MITWLLYMNGILK,length1,39
1,1094061,1094049,12,MRFH,length1,12
1,1094085,1094067,18,MLFIDQ,length1,18
1,1094145,1094094,51,MIIMVSDRDKYLDKVLN,length1,51
1,1094538,1094175,363,MRLMEKSYLVYIFTFGNFLKKFFLWNSRELHRMPLLYAYRIISFENSNKDKDILFIIKVTKNLRVNIRNRICHHDPIFNKDLKKILKQVMWVFSKIDYDLYLVINNLYSNKIINLLNKKPI,length1,363
1,1094550,1094547,3,M,length1,3
1,1094667,1094610,57,MSVKLNLNRKCSYFIFTTG,length1,57
1,1095000,1094964,36,MLYVSLASFWET,length1,36
1,1095498,1095318,180,MKYPPEIKPISSSCKVNDNSLVFAISGFNLEPGRTVNSGCLNVKYNSSAVGALKPLLYFA,length1,180
1,1096098,1096086,12,MFLL,length1,12
1,1096425,1096359,66,MLLATNVSFSSFTSDLSLHIPS,length1,66
1,1096572,1096569,3,M,length1,3
1,1096728,1096668,60,MGFCTPGHRSPSQCSSLLAR,length1,60
1,1096833,1096821,12,MLSS,length1,12
1,1097013,1096950,63,MRLFSPRFVPIFNKRLRSFLL,length1,63
1,1097064,1097046,18,MSSADL,length1,18
1,1097415,1097250,165,MTEPPNAPLPDMRESAPLVILASDKVSISIPLRVLLKLPYPSNRSLKPWEDNVSA,length1,165
1,1097790,1097532,258,MSLMLFACSLSSVLAVFTVSAIFGGVFVSVFSVEPDTFICSSCSEALLFWLVGWLVGWLVGWLVGWLVGWLVGWLVGWLCISNTCR,length1,258
1,1098009,1097991,18,MRAVDC,length1,18
1,1098174,1098105,69,MRASFYFRSNHYDDFIKAIQLLI,length1,69
1,1098483,1098348,135,MEYATFGVSPKLILSVPRIALHIVPSCKLKPRYRVEYPLSQQVAP,length1,135
1,1098714,1098702,12,MHLQ,length1,12
1,1098837,1098786,51,MQPFEGTTIRQPLHPKS,length1,51
1,1098897,1098846,51,MRCRKALRLICDELRMG,length1,51
1,1099071,1099011,60,MRLRKLPLKLNLEHGNQYLQ,length1,60
1,1099101,1099095,6,MR,length1,6
1,1099119,1099113,6,MG,length1,6
1,1099143,1099131,12,MQFP,length1,12
1,1099161,1099146,15,MQQGI,length1,15
1,1099299,1099227,72,MPLLLLRYHRLCRLTPLRRIRRIQ,length1,72
1,1099683,1099653,30,MLILNMNRME,length1,30
1,1099749,1099740,9,MGN,length1,9
1,1100340,1100232,108,MVFIIIGWNATAPRTNYDTAFFKQPFDRTNFKNTFW,length1,108
1,1101006,1100994,12,MEGR,length1,12
1,1101252,1101141,111,MDKIYAFHRFVDIFSYSNTSSTFFRKFFAHFHKICFW,length1,111
1,1101441,1101384,57,MFNHGKYVGKHLCWVEFIG,length1,57
1,1101801,1101786,15,MNKTK,length1,15
1,1101849,1101804,45,MSIFHIESHNNLLVF,length1,45
1,1102557,1102548,9,MYE,length1,9
1,1103424,1103052,372,MQALLFISCGAILGASLRWTIGLLFNPVFSSFSFGTLIANLLGCLIIGVLLGLFWQFPQISAEWRLFLITGFLGSLTTFSSFSSEVVELFFNDKWLNGFGVLAIHLFGCLAMTALGIWIYKICS,length1,372
1,1103871,1103868,3,M,length1,3
1,1104243,1104231,12,MPSP,length1,12
1,1105026,1104795,231,MTERVNVVLPDDSGPKISTIRPIGKPPIPSATSNPSDPVEIDSTSNVLVSPNFIIEPLPNCFSICPSAAARAFCFSS,length1,231
1,1105800,1105749,51,MYVKKIESIKGFTQFND,length1,51
1,1105950,1105935,15,MCFAK,length1,15
1,1106196,1106124,72,MHRTQRRTVVKFFKFPSASLFFAL,length1,72
1,1106406,1106376,30,MAQIERWRQA,length1,30
1,1106427,1106412,15,MQVER,length1,15
1,1106550,1106496,54,MEGDNDGKLSLIPRIIGR,length1,54
1,1106766,1106754,12,MPRE,length1,12
1,1107108,1107063,45,MWRNTEGEGSPLGMY,length1,45
1,1107276,1107270,6,MN,length1,6
1,1107573,1107543,30,MTSSHHGPYE,length1,30
1,1107795,1107594,201,MAYTEGSEAARWSESHKVRLSPDWSLQLDSMKSESLVIANQNVAVNTFPGLVHTARHTMGVGCTRSR,length1,201
1,1107861,1107828,33,MIHDWGEVVTR,length1,33
1,1108455,1108401,54,MPWQSEAKKDVLICEKLG,length1,54
1,1108509,1108491,18,MGKPSR,length1,18
1,1109745,1109682,63,MARSDMKGCSSNPNVESGILE,length1,63
1,1110024,1109964,60,MGNRLIFLYLVKLRCGDGVG,length1,60
1,1110054,1110045,9,MCV,length1,9
1,1110921,1110792,129,MTKRGLGQCLVGSLTGAVSSQSVTEEHEGLLITVGHREVSAMV,length1,129
1,1111173,1111134,39,MAVRHLKWYASWV,length1,39
1,1111326,1111314,12,MRKR,length1,12
1,1111377,1111365,12,MSHP,length1,12
1,1111824,1111794,30,MPMVVWGFPM,length1,30
1,1112397,1112394,3,M,length1,3
1,1112445,1112439,6,ML,length1,6
1,1112517,1112457,60,MMEVIFNFLSCMTMMRTAFH,length1,60
1,1112586,1112574,12,MMIN,length1,12
1,1112625,1112610,15,MMVMV,length1,15
1,1112679,1112673,6,MD,length1,6
1,1112763,1112736,27,MLQVILHLS,length1,27
1,1112910,1112904,6,MY,length1,6
1,1112931,1112922,9,MIT,length1,9
1,1113030,1112964,66,MMQFVKLLMICLIRCIKRKVLV,length1,66
1,1113108,1113075,33,MLKAINRISLF,length1,33
1,1113252,1113234,18,MVKNLL,length1,18
1,1113366,1113255,111,MRMVCLRSVFNTRSIILMEFYLLIIFLHLNVSALKKS,length1,111
1,1114455,1113501,954,MKSLNIIFAGTPDFAAQHLQAILNSQHNVIAVYTQSDKPAGRGKKLQASPVKQLAEQNNIPVYQPKSLRKEEAQSELKALNADVMVVVAYGLILPKAVLDAPRLGCLNVHGSILPRWRGAAPIQRSIWAGDVQTGVTIMQMDEGLDTGDMLHKVYCDILPTETSTSLYNKLAELAPSVLIDVLDNLENSKFIAEKQDGSQSNYAEKLSKEEAQLDWSLPAMQLERNIRAFNPWPIAYFSTEDKDGNAQTLKVYQAEVLPHQDKPAGTILSADKNGIQIATVDGVLNLLQLQPAGKKPMSAQDLLNGRAEWFTIGKVLA,length1,954
1,1114584,1114560,24,MRANHCQR,length1,24
1,1114809,1114788,21,MRQLMKL,length1,21
1,1114947,1114857,90,MRFCVDFYVNKMKFWQLSIKIGKRFTLNGS,length1,90
1,1115124,1115112,12,MRYI,length1,12
1,1115286,1115229,57,MRSGSSMLARHPVVRRPIF,length1,57
1,1115310,1115307,3,M,length1,3
1,1115325,1115322,3,M,length1,3
1,1115424,1115400,24,MRVNLTNG,length1,24
1,1115496,1115472,24,MRLVLLQG,length1,24
1,1115676,1115622,54,MRLVLYCQKKIANKSKNF,length1,54
1,1115820,1115679,141,MLTQMRSYCHCPLVMIKVRWVFSSFRNQIVAMGSIMRNCLNEHHKGG,length1,141
1,1116027,1115916,111,MNLLSYKHCKKSMICVWYKALHHLQKCFVTQARQMPI,length1,111
1,1116189,1116051,138,MKSIWSLAKWAIHYLIRQRELHVSVIQNIYVKKTSCSTMKIYLLII,length1,138
1,1116231,1116216,15,MKLRV,length1,15
1,1116432,1116309,123,MEGLWLDMHFPHFANICHILIVVLCLFYVMANRFVHKAQPL,length1,123
1,1116486,1116444,42,MKSRLFVLLNILRR,length1,42
1,1116564,1116549,15,MLLLA,length1,15
1,1116735,1116666,69,MEMPQIKTCFLKNILKVWMYFFH,length1,69
1,1116774,1116747,27,MKRILCQLC,length1,27
1,1116924,1116921,3,M,length1,3
1,1117005,1116930,75,MWQHYDTALPKPLKLLCTAMGILQM,length1,75
1,1117080,1117074,6,MM,length1,6
1,1117230,1117152,78,MCQKLRNYSNQAHSLFSFFTFQSDLL,length1,78
1,1117323,1117317,6,ML,length1,6
1,1117491,1117473,18,MFLQLR,length1,18
1,1117518,1117497,21,MVCLFKM,length1,21
1,1117812,1117779,33,MGLSPRNVRVR,length1,33
1,1118682,1118115,567,MAEQLTDQALVERVQQGDKKAFNLLVSRYQNKVAGLLTRYVSRNDIPDVVQESFIKAYRSIESFRGESAFYTWLYRIAVNTAKNYLTAQGRRPPNEDILAEDAENYDVGTHLRDVDTPENEMLSSELERIVFDTIHNLPEDLKTAITLRELEGLSYEEIAEIMDCPVGTVRSRIFRAREMIENKIQPLM,length1,567
1,1119294,1118709,585,MQKEQLSAYMDGEQVETDLIDALLRDEELQASWHSFHTVRSVMRKESAVFLGADFTAKMADLIELEDVKKVDVIAVSQPEPEDAHNSVFMQKLKAFFAPMTQVAVAAGVCLVAVLGVQSFNNKNDASNLPETPVLQTLPFNNAVQEVSYNAPSKDTLTSDQLEKKSRRIGAMLQNYELQRRMHSDALDVSSSQVR,length1,585
1,1120110,1120056,54,MVTKRFFFEAVYTRSIRK,length1,54
1,1120767,1120713,54,MFDRFYYYPFEVHSSLLK,length1,54
1,1120845,1120818,27,MLNESKLVL,length1,27
1,1120983,1120959,24,MDKETHLL,length1,24
1,1121229,1121184,45,MVGKLYLLHLMKGLH,length1,45
1,1121310,1121271,39,MERIYVIPPIVHD,length1,39
1,1121373,1121364,9,MAK,length1,9
1,1121808,1121772,36,MGQTNLGLAGIV,length1,36
1,1122009,1121838,171,MMRVRFPLPAPDADIAQLVERTLGKGEVGGSNPPISTSLIILHPYINQQINLLVNVV,length1,171
1,1123236,1122054,1182,MSKEKFERTKPHVNVGTIGHVDHGKTTLTAAITTVLAKHYGGAARAFDQIDNAPEEKARGITINTSHVEYDTPTRHYAHVDCPGHADYVKNMITGAAQMDGAILVVAATDGPMPQTREHILLGRQVGVPYIIVFLNKCDMVDDEELLELVEMEVRELLSQYDFPGDDTPIVRGSALQALNGVAEWEEKILELAGHLDTYIPEPERAIDQPFLLPIEDVFSISGRGTVVTGRVERGIIRTGDEVEIVGIKDTAKTTVTGVEMFRKLLDEGRAGENIGALLRGTKREEIERGQVLAKPGSITPHTDFESEVYVLSKDEGGRHTPFFKGYRPQFYFRTTDVTGTIELPEGVEMVMPGDNIKMTVSLIHPIAMDQGLRFAIREGGRTVGAGVVAKIIK,length1,1182
1,1123251,1123242,9,MNS,length1,9
1,1123260,1123254,6,MS,length1,6
1,1123656,1123596,60,MKNSHRVQFWDNLIEKMYKA,length1,60
1,1124007,1123989,18,MWRCAK,length1,18
1,1124280,1124196,84,MENICQCFCKLTSSLAGYTNAFPLLTPS,length1,84
1,1124673,1124646,27,MFHSYAPLA,length1,27
1,1125066,1125060,6,MS,length1,6
1,1125435,1125414,21,MYFNGIR,length1,21
1,1125927,1125900,27,MNGIIQGID,length1,27
1,1125960,1125930,30,MAFYLFSTFF,length1,30
1,1126266,1126239,27,MRPLNYILK,length1,27
1,1126407,1126329,78,MCLPPINTCGTVARPETARTLTIVAS,length1,78
1,1126638,1126416,222,MISSKLKPLSCKSCFAFAQKGQPGFVKIEIDSCTWCCGARYFNIVSASDTLNGSPGSFGSINIFSTTPFFTSIE,length1,222
1,1126848,1126692,156,MPSVNSPLPSGMKVMFSDFSSSFHAFITKVSFTDTTRISSTPYFLNTGANSL,length1,156
1,1128660,1128045,615,MAGVRAVQKEKTRRALVDAAFNQLSAEKSFSNLSLREVAREAGIAPTSFYRHFSDMDELGLEMVDEAGLMLRQLMRQARKRIDAGGSVISVSVDTFFEFITNSTNVFRLLLRESSGTSQAFRTAAAREIKHFVDELAEYISYKHQYSQYVAYVQAEGIVTIVFTAGANALDMSKAEREQLKARVILQLRMLAKGADFAANKERGK,length1,615
1,1128975,1128846,129,MDIQFFAGANSSQPTIRYCLISPSSFSNSTHAPKKTFPSCFGL,length1,129
1,1129056,1129020,36,MRRSISRKRRLP,length1,36
1,1131612,1129296,2316,MTMLNQQISQIIAAELTVQPQQILAAIQLLDDGNTIPFIARYRKEATGGLDDTQLRHFETRLIYLRELEDRRQTILKSIEEQGKLTDELRNKIHATQSKTELEDLYLPYKPKRRTKGQIAIEAGLEPLANLLWNEPKNDPESTALSFVDAEKGVADSKAALDGARYILMERFAEDAGLLAKVRDYLAKNAVIVSKVNEGKETEGAKFQDYFDHQELLKNVPSHRALAMFRGRNEGILQLSLNADPDAEEGSRQSYCEEIIRDYLDVRFTGLPADKWREQVIAWTWKIKVSLHLETELMASLREKAEEEAIDVFARNLTALLMAAPAGAKSTMGLDPGLRTGVKVAVVDNTGKLLDTTTIYPHTGREAEAQVAIFSLIRKHNVELIAIGNGTASRETERFAKDVIKEIKENKPQTVVVSEAGASVYSASEFAANEFPNLDVSLRGAVSIARRLQDPLAELVKIEPKAIGVGQYQHDVNQTQLARKLDAVVEDCVNAVGVDLNTASAPLLARVAGMTKTLAQNIVVYRDENGRFESRSELKKVPRLGPKAFEQCAGFMRIAEGKNPLDASGVHPEAYPVVEKILQATAQSIQDLMGNAGVVRQLDAKQFIDEQFGLPTVQDIFKELEKPGRDPRGEFKTAVFAEGVEEITDLKSGMILEGTVTNVTNFGAFVDIGVHQDGLVHISSLSDKFVEDPLQVVKTGNIVKVKVLEVDVLRKRIALTMRLDESAVKNDSKSDRTLSARPRGNMQREARNSRGNNAMGNAFADALKNWKK,length1,2316
1,1131789,1131756,33,MITMVHRALKY,length1,33
1,1131933,1131801,132,MRCVNVQVCISAIPMTVLVCTIWYLKWWIMPLMKPSLAIVPILS,length1,132
1,1132035,1131945,90,MIILYRCKMMGAGFLWIFILKKAFLQQKLL,length1,90
1,1132146,1132122,24,MRFLISYN,length1,24
1,1132425,1132377,48,MDLKIISIMKAVFKHS,length1,48
1,1132503,1132491,12,MASA,length1,12
1,1132533,1132524,9,MMV,length1,9
1,1132593,1132536,57,MKTCIALPITFLNVMAVLT,length1,57
1,1132806,1132686,120,MMHVKVWWRLFPLKCLIQNSHRKRKTNSSLQKLKVRWNLR,length1,120
1,1132863,1132809,54,MKKCRNIYWKILQMQKSL,length1,54
1,1133235,1133190,45,MNITQINYAIIISLL,length1,45
1,1133280,1133241,39,MLMWMVLTFVRCF,length1,39
1,1133358,1133325,33,MFTLLSRHFTK,length1,33
1,1133418,1133391,27,MRMKWSNMN,length1,27
1,1133472,1133433,39,MAQNYISVQMHQQ,length1,39
1,1133538,1133475,63,MLLYLKNWWQNITAYKNLSVV,length1,63
1,1133736,1133709,27,MRNVKCMKR,length1,27
1,1133850,1133802,48,MNTQKLFLLINNSMVY,length1,48
1,1133925,1133865,60,MSHVVKKYNQCVVLNKPLNG,length1,60
1,1134087,1134054,33,MLLQRINSLRP,length1,33
1,1134129,1134096,33,MKLSHVVSLLS,length1,33
1,1134138,1134132,6,MR,length1,6
1,1134270,1134186,84,MTERAFRCPFFVYLVISYKDYYWFFELK,length1,84
1,1134984,1134282,702,MHSFSQGRTFMKPYLIAPSILSADLARLGDDVQNVLNAGADVIHFDVMDNHYVPNLTFGPAVCQALRDYGITAPIDVHLMVKPIDRIIPDFAKAGANYITFHPESSEHIDRSLQLIRDCGCKSGLVFNPATPLSYLDYVLDKVDVVLLMSVNPGFGGQSFIPATLKKLQQARKIIDESGYDIRLEVDGGVKVDNIAEIAAAGADMFVAGSAIFGKPDYKQVIDQIRTQLASVSA,length1,702
1,1135704,1135032,672,MNTQFKLIGFDLDGTLVNSLPDLALSVNSALAEFNLPKAPEELVLTWIGNGAPVLIARALDWAKKQTGKVLTETEVKQVTERFNFYYGENLCNVSRLYPNVKETLETLKEKGYVLAVVTNKPTRHVQPVLAAFGIDHLFSEMLGGQSLPAIKPHPAPLYYLCGKFGFEPRQVLFVGDSKNDIIAAHAAGCAVVGLTYGYNYNIPITESNPDWVFDDFAQLLTIL,length1,672
1,1136148,1135797,351,MGKHYTIEFKLQALQPILNGKMSIREAARFYNIPSNALVGTWLKRFEKSGIKGLIPRKPSGRPPMKPKYAKMPPPPKTEEDRLRLRILQLEAEVAYLKELRKLRLQDEAEQQKLSKG,length1,351
1,1136250,1136241,9,MSR,length1,9
1,1136328,1136292,36,MATDVFMPICQV,length1,36
1,1136463,1136442,21,MFLWSGI,length1,21
1,1137072,1136883,189,MRFFAPFKTFSSNPSASIFNRSISSNRLTSGCLSKEITCINSLDSTPIKLPSVLNPLSNEKLP,length1,189
1,1137375,1137309,66,MTLLEEFRFSKKNWTSTSDHSP,length1,66
1,1137942,1137756,186,MRHFTLVLRVVEPLSQWLKAFRKNGINGCHPKPKGRPSMKPKYAKMSPPPKTEERLRLRILE,length1,186
1,1138074,1138065,9,MAC,length1,9
1,1138128,1138119,9,MRI,length1,9
1,1138269,1138239,30,MPRWKVSLGD,length1,30
1,1138317,1138287,30,MVGNLTAEKR,length1,30
1,1138371,1138323,48,MPSGIIWITITTDGFN,length1,48
1,1138983,1138614,369,MAISRLINLGANPFLNGLHRLLSQLVSVMHFHLRGYPLRKVQRLCLIGRSIPKCRRLNLCSHFQILLSSHHNLVHDHHEVCHLKVCRQSRLRILHRILYKLRFHALYCLNLDSVLLNLRYAQR,length1,369
1,1139220,1139085,135,MQNYDDLQESLFPSPIDLHKQSAWDQENLHRDAMLSYEQTSLRLL,length1,135
1,1139307,1139238,69,MYGVSISQENAQLQTPHLEYISH,length1,69
1,1139481,1139466,15,MSFSF,length1,15
1,1139871,1139829,42,MLFYRHYSKKRKRL,length1,42
1,1140453,1140438,15,MLRVL,length1,15
1,1140567,1140549,18,MLMNCY,length1,18
1,1140831,1140816,15,MCISV,length1,15
1,1141191,1141170,21,MQMATAV,length1,21
1,1141257,1141245,12,MVYA,length1,12
1,1141353,1141266,87,MVQVLGFKQEKRRSNYQWAFHLPYSVRVI,length1,87
1,1141461,1141452,9,MQV,length1,9
1,1141938,1141914,24,MPRAYLKL,length1,24
1,1141956,1141941,15,MVRNF,length1,15
1,1142031,1142013,18,MIIYKI,length1,18
1,1142220,1142148,72,MVSVVHCHVQIWILHKPYLHHKQR,length1,72
1,1142325,1142316,9,MHF,length1,9
1,1143201,1143129,72,MRNGFLCSICNALVAAKNKRIILC,length1,72
1,1143300,1143291,9,MLN,length1,9
1,1143456,1143384,72,MSLFFRKKIAIFPLKNVKIGKNIG,length1,72
1,1143516,1143471,45,MAHNNLLIVPINFLC,length1,45
1,1143579,1143561,18,MRQFYQ,length1,18
1,1143633,1143588,45,MQCVISERLKNNWIR,length1,45
1,1143822,1143813,9,MFV,length1,9
1,1143912,1143870,42,MKLTVPFLTLILSL,length1,42
1,1144266,1144233,33,MKLSAKKCVRR,length1,33
1,1144299,1144275,24,MKKQHLTL,length1,24
1,1144335,1144302,33,MLSALIFITKQ,length1,33
1,1144380,1144347,33,MLKITANLFHV,length1,33
1,1144458,1144452,6,MA,length1,6
1,1144488,1144482,6,MV,length1,6
1,1144566,1144503,63,MAGNVLSLKNLLVTMKKQRKH,length1,63
1,1144716,1144671,45,MVGLNRFGTVISLIM,length1,45
1,1144890,1144767,123,MMVLAQCEICSKTIYYKSLLWLQWSRQRLLTRIQCVMKWQK,length1,123
1,1145124,1145091,33,MFVRVNAYQLV,length1,33
1,1145196,1145178,18,MHQRIN,length1,18
1,1145244,1145217,27,MKLFQCVLV,length1,27
1,1145307,1145298,9,MQI,length1,9
1,1145358,1145334,24,MNVYCWMR,length1,24
1,1145430,1145367,63,MQPCLLVLMLCMLHGNLCNRF,length1,63
1,1145505,1145445,60,MVVVFTNMKLALGGLLQLIN,length1,60
1,1145712,1145682,30,MQSIKLHKNL,length1,30
1,1145982,1145805,177,MRNKLTGKICIFGGEMIVWFRHLILKVTMAKCKNFYSIIFKFQWKISIEFVAKMNRTLN,length1,177
1,1146207,1146102,105,MMKTELSLLSILKVVKFAFLKQLNSLNKPNALPIW,length1,105
1,1146306,1146300,6,MG,length1,6
1,1146552,1146519,33,MQVFIIEDRFV,length1,33
1,1146663,1146657,6,MI,length1,6
1,1146783,1146726,57,MNLLLCQIIYTVLLKLLNR,length1,57
1,1147038,1146924,114,MFGSEIIMNILFVMKNPICRFMNIFKIILFYGNKINHM,length1,114
1,1147098,1147095,3,M,length1,3
1,1148613,1147161,1452,MSVKGDIGVIGLAVMGQNLILNMNDHGFKVVAYNRTTSKVDEFLQGAAKGTNIIGAYSLEDLTAKLEKPRKVMLMVRAGDVVDQFIDALLPHLEEGDIIIDGGNSNYPDTNRRVKALAEKGIRFIGSGVSGGEEGARHGPSIMPGGNQEAWQYVKPIFQAISAKTEQGEPCCDWVGGEGAGHFVKMVHNGIEYGDMQLICEAYQFLKEGLGLSYEEMQAIFAEWKNTELDSYLIDITTDILGYKDASGEPLVEKILDTAGQKGTGKWTGINALDFGIPLTLITESVFARCVSSFKDQRVAANQLFGKTITPVEGDKKVWIEAVRKALLASKIISYAQGFMLIREASEQFGWDINYGATALLWREGCIIRSRFLGNIRDAYEANPNLVFLGSDSYFKGILENALSDWRKVVAKSIEVGIPMPCMASAITFLDGYTSARLPANLLQAQRDYFGAHTYERTDKPRGEFFHTNWTGRGGNTASTTYDV,length1,1452
1,1148895,1148796,99,MKRDRFDEVQLFQCFFLCTKNPHLNVRSDFFQK,length1,99
1,1149930,1149882,48,MADGVTNELVHQNRAH,length1,48
1,1150548,1150356,192,MQLNVANILLSNLNQKNFHLVSLMRTLINQSINQSINQSINQSINQSINQSINQSINQTPYYII,length1,192
1,1150665,1150626,39,MKIWNISQFLKMM,length1,39
1,1150713,1150680,33,MRKCFWHKMNG,length1,33
1,1150755,1150734,21,MIFLLFV,length1,21
1,1150893,1150890,3,M,length1,3
1,1150962,1150923,39,MKLLQLMNLFLIN,length1,39
1,1151049,1150968,81,MLIIILSINLIQQFVFKNSKRIKVKVY,length1,81
1,1151460,1151442,18,MFYDVD,length1,18
1,1151628,1151574,54,MQKAVLQAQASLGRNIAP,length1,54
1,1151757,1151751,6,MA,length1,6
1,1152018,1151892,126,MDGDVNVLQGLGQALPQSDDRLVHQLALLMRQALGQFPLRID,length1,126
1,1152252,1152219,33,MNNIIFSFVES,length1,33
1,1152519,1152513,6,MI,length1,6
1,1153128,1152753,375,MRHYEIVFMVHPDQSEQVPGMIERYTGSVKEAGGQVHRLEDWGRRQLAYPINKLHKAHYVLMNVEAPQQVIDELETTFRYNDAVLRSLVIHTKHAVTEASPMKAAKEERKPLAEVENNDFEDAEE,length1,375
1,1153449,1153398,51,MPISFTCRANRIYRLGD,length1,51
1,1153788,1153758,30,MLNQVLHVTS,length1,30
1,1154007,1153956,51,MKVVYSAQSLLVMWQRQ,length1,51
1,1154124,1154085,39,MFVSNFTVKYLQH,length1,39
1,1154130,1154127,3,M,length1,3
1,1155015,1154976,39,MVVLSLLITTRFA,length1,39
1,1155375,1155222,153,MINNGLPAFATPSNTGSNSRMLEIFLSTRRRYGLSNSTVAVSGLLMKYGER,length1,153
1,1155492,1155393,99,MPSTTSNSSSRPVPSSTVITPSLPTFSIACEIN,length1,99
1,1155984,1155501,483,MLSEFAEMVPTCSISFAVSQGLDKFLSSETTALTALSIPRFKSIGFIPAATAFKPSFTIACASTVAVVVPSPAASFALDATSFTICAPMFSNLSSNSISRATDTPSLVIVGAPNDLSKITLRPFGPRVTFTASANTFTPLSIFTRASLPNFTSFAAIFFFP,length1,483
1,1156746,1156446,300,MHLTSREQEKLMLFLAGELAAKRKARGVKLNYPETIAYIASHLQEAARDGMSVAEVMQYGATLLTVDDVMEGVAEMVHEVQIEATFPDGTKLVTVHNPIR,length1,300
1,1156797,1156788,9,MVG,length1,9
1,1158858,1157142,1716,MALTISRAQYVATYGPTVGDKVRLGDTNLWATIEQDLLTKGDECKFGGGKSVRDGMAQSGTATRDNPNVLDFVITNVMIIDAKLGIIKADIGIRDGRIVGIGQAGNPDTMDNVTPNMIIGASTEVHNGAHLIATAGGIDTHIHFICPQQAQHAIESGVTTLIGGGTGPADGTHATTCTPGAWYMERMFQAAEALPVNVGFFGKGNCSTLDPLREQIEAGALGLKIHEDWGATPAVIDSALKVADEMDIQVAIHTDTLNESGFLEDTMKAIDGRVIHTFHTEGAGGGHAPDIIKAAMYSNVLPASTNPTRPFTKNTIDEHLDMLMVCHHLDKRVPEDVAFADSRIRPETIAAEDILHDMGVFSIMSSDSQAMGRIGEVVIRTWQTADKMKMQRGELGNEGNDNFRIKRYIAKYTINPAIAHGIAEHIGSLEVGKIADIVLWKPMFFGVKPEVVIKKGFISYAKMGDPNASIPTPQPVFYRPMYGAQGLATAQTAVFFVSQAAEKADIREKFGLHKETIAVKGCRNVGKKDLVHNDVTPNITVDAERYEVRVDGELITCEPVDSVPLGQRYFLF,length1,1716
1,1159482,1159386,96,MAASCGISSAKSRTPFKPSVKSKFCTRAWTFS,length1,96
1,1160235,1159755,480,MCEGNFDRLCELDWQLSATKVARESREGSFKLGVRLLKIFIRYETHTLLTAYQQAIAEKRVQGYFPIVFAMVAQAMGLSKADTLYAFYYNAAVGAITNGVKLIPLSQMDGQDILFDLRGSLVQAVELSFDPDEEWLGAATLANDIRAMQHEVLYTRLYMS,length1,480
1,1160322,1160319,3,M,length1,3
1,1161015,1160340,675,MSNTVATMINKRNIMRNYIKIGVAGPVGAGKTALIEKLTREIASKYSVAVITNDIYTQEDAEFLTKNSLLPPERIMGVETGGCPHTAIREDASMNLEAVDEMVTRFPDVEIVFIESGGDNLSATFSPDLADVTIFVIDVAQGEKIPRKGGPGITRSDLLVINKTDLAPFVGVDLSVMERDARRMRNGQPFIFTNLMKKENLDGVIGWIEKYALLKNVEEPASLVR,length1,675
1,1161222,1161201,21,MMRGRMA,length1,21
1,1161273,1161225,48,MRCRCPPPLGCWRAIC,length1,48
1,1161495,1161351,144,MKATVRCKQPIFCLRKTVVYSICRIRWCYIKIPFLSSKPRLKWANKAS,length1,144
1,1161573,1161534,39,MMNVLPSASFLPI,length1,39
1,1161651,1161597,54,MAKNDRLSVIVSSGCRLK,length1,54
1,1161792,1161729,63,MRKSNNRCKPCSNKVRKKKIY,length1,63
1,1161825,1161813,12,MNMV,length1,12
1,1162038,1162026,12,MTIN,length1,12
1,1162389,1162323,66,MLRSIPIRCISRWCRYVCQYEY,length1,66
1,1162944,1162941,3,M,length1,3
1,1163082,1163076,6,ML,length1,6
1,1163262,1163226,36,MCGWHHCKQRNL,length1,36
1,1163682,1163667,15,MRCFK,length1,15
1,1163823,1163775,48,MFLSIHLKNFSVFQNG,length1,48
1,1164060,1163844,216,MLLLQFDEYVRVLHRIVYPLLQVYGRYSYQCQNAYVILLLHVASSLLALRELQLLNFVLWQNQEEVLRLNLQ,length1,216
1,1164342,1164339,3,M,length1,3
1,1164702,1164669,33,MLLLPIHCYCH,length1,33
1,1165023,1165020,3,M,length1,3
1,1165233,1165212,21,MLQDRLR,length1,21
1,1165530,1165494,36,MFVAICRNILDQ,length1,36
1,1165680,1165677,3,M,length1,3
1,1165899,1165893,6,MR,length1,6
1,1165998,1165965,33,MYCGSIPKFAP,length1,33
1,1166133,1166070,63,MLARRFQTYVLLTQDFAEAMK,length1,63
1,1166793,1166634,159,MSWTYLKKRPHNPRQIVLMPPRPYNLQQQVIVWVHRWFVRLHTNHKAPYLYDK,length1,159
1,1167174,1167102,72,MVIGFDKTWQSLALIHRDFVWFGN,length1,72
1,1167438,1167363,75,MVFFRDGKGSRLDNRGQLFLVLRAC,length1,75
1,1167969,1167930,39,MTNLIKDAILIYF,length1,39
1,1168158,1168119,39,MKRAWRFMMKKKG,length1,39
1,1168224,1168194,30,MQIMVVWFLN,length1,30
1,1168380,1168308,72,MVLLILVALGLSAHCLLVLRLHVL,length1,72
1,1168512,1168386,126,MLGMCQRLVFIIWKGIYLRQCLMKIHRTFLLLLCWYRVATLN,length1,126
1,1168530,1168524,6,MV,length1,6
1,1168545,1168539,6,MK,length1,6
1,1168611,1168563,48,MMLLAKPLIKQQNYLD,length1,48
1,1168866,1168812,54,MLSKMRWWILLPLNVSAH,length1,54
1,1169013,1169004,9,MAQ,length1,9
1,1169094,1169073,21,MLNLVGQ,length1,21
1,1170477,1170441,36,MAVSNSWCIKSK,length1,36
1,1170831,1170816,15,MAYTY,length1,15
1,1171113,1170933,180,MGIFTSGGGVIFDFSLEKTLFFLCLQGSCRRLRGDIESPLPSFGHLPPQVREVIFYNLSE,length1,180
1,1171413,1171281,132,MEMASFGHSGKHISQLVHLLVMNNAIVILNRKLKAANYSRQKLD,length1,132
1,1171827,1171818,9,MWK,length1,9
1,1172010,1171860,150,MATKCKCSRCFRSSSFLQRRFTRLAKRFISTIFGDFSGREIIARRMGKTR,length1,150
1,1172244,1172199,45,MAGNELPKQIRISLI,length1,45
1,1173483,1172325,1158,MSVIKMTDLDLAGKRVFIRADLNVPVKDGKVTSDARIRATIPTLKLALEKGAKVMVTSHLGRPTEGEFTPEDSLQPVVDYLKNAGFNVRLEQDYLNGVDVKDGEIVVLENVRINKGEKKNDPELGKKYAALCDVFVMDAFGTAHRAQASTYGVAEFAPIACAGPLLAAELDALGKALKEPARPMVAIVGGSKVSTKLEVLNSLSKIADQIIVGGGIANTFIAAAGHNVGKSLYEADLMPVAKELAANTDIPVPVDVRVGLEFSETAAATEKAVNEVKDDESIFDIGDKSAEQLAEIIKNAKTVLWNGPVGVFEFPHFRKGTEIISHAIANSDAFSIAGGGDTLAAIDLFGIADKISYISTGGGAFLEFVEGKVLPAVEILEKRAKN,length1,1158
1,1173699,1173645,54,MCKKFLLMLKSITLLFLP,length1,54
1,1173735,1173726,9,MPC,length1,9
1,1173849,1173783,66,MVAQRSMQVKVSNQRVVLVQMF,length1,66
1,1174023,1173969,54,MQAKNILPKRVVHFSLHI,length1,54
1,1174233,1174164,69,MLMNHVYIHNRLMCFMFTINCIQ,length1,69
1,1174299,1174275,24,MVFTNQVM,length1,24
1,1174497,1174488,9,MVF,length1,9
1,1174539,1174515,24,MKLIFKVN,length1,24
1,1174632,1174560,72,MHQTKNTTTHVFGYVKWKNQCLNA,length1,72
1,1174686,1174665,21,MFYNPQK,length1,21
1,1175781,1174743,1038,MEKILVIRNDKLGDFMQAWPAFAMLKASNPELKLTALVPSYTAPLAEICPFIDDVIIDSKKNDKTDFKRLVQEIKAQQFDGMISFFSNTHNGKLAWKSGIKYRLAPATKWVQILYNHRLTQRRSRSEKSEAEYNQDLVRTFLQKHNMPVVEPKPPYLIFEKSAVENQRVFLQESLGLSANKKWIFVHSGSGGSATNLSLAQYADLIKGLLAEFDCNIVLTAGPGEREKAYELANLVNDLRVAIYDKNKGLVDFAHSLACADLFIAGSTGPLHLSSAFNIPTIGFYPNSRSSQPRRWKPINDVDKHLAFCPPAGKETQMNLELISIDNALAEISLFIRNMWQTSNNI,length1,1038
1,1175940,1175913,27,MKTLANTNH,length1,27
1,1176522,1176510,12,MFIF,length1,12
1,1176768,1176738,30,MKNGAFYRIR,length1,30
1,1176861,1176831,30,MCISKRAANF,length1,30
1,1176909,1176888,21,MRHLMDY,length1,21
1,1177014,1176954,60,MLGVLMCCSNRSLLMKKKIT,length1,60
1,1177110,1177071,39,MPILGLMIRKQVA,length1,39
1,1177272,1177167,105,MTNRKQAVILLNLQQKPVCWFLNHLLPTMLTIFPI,length1,105
1,1177395,1177386,9,MKC,length1,9
1,1177461,1177398,63,MNYYRVWRNVLFQPWINATNL,length1,63
1,1177596,1177563,33,MQQTTYCNVKA,length1,33
1,1177659,1177599,60,MKPLVRAFVAMKLPLRLWIN,length1,60
1,1177791,1177674,117,MRTKEFMPNVLAIVIYYTHKWAQVTTKKTSVTHRLTVFV,length1,117
1,1177896,1177893,3,M,length1,3
1,1177944,1177908,36,MQWWILLMAHFP,length1,36
1,1178136,1178073,63,MARVRMNVPMCLIANYAMKKM,length1,63
1,1178925,1178916,9,MWN,length1,9
1,1180299,1179048,1251,MSVLSSILGMVVLIAIAVLLSNNRKAISIRTVVGALAIQVGFAALILYVPAGKQALGAAADMVSNVIAYGNDGINFVFGGLADPSKPSGFIFAVKVLPIIVFFSGLISVLYYLGIMQVVIKVLGGALQKALGTSKAESMSAAANIFVGQTEAPLVVRPYIKNMTQSELFAIMVGGTASIAGSVMAGYAGMGVPLTYLIAASFMAAPAGLLFAKLMFPQTEQFTDKQPEDNDSEKPTNVLEAMAGGASAGMQLALNVGAMLIAFVGLIALINGILSGVGGWFGYGDLTLQSIFGLIFKPLAYLIGVTDGAEAGIAGQMIGMKLAVNEFVGYLEFAKYLQPDSAIVLTEKTKAIITFALCGFANFSSIAILIGGLGGMAPSRRSDVARLGIKAVIAGTLANLMSATIAGLFIGLGAAAL,length1,1251
1,1180434,1180425,9,MLF,length1,9
1,1180491,1180488,3,M,length1,3
1,1180611,1180506,105,MFVICLVLLELIKVVKFLLWGTVWGSHLALFTRKN,length1,105
1,1180629,1180623,6,MA,length1,6
1,1180692,1180689,3,M,length1,3
1,1180875,1180872,3,M,length1,3
1,1180890,1180887,3,M,length1,3
1,1180974,1180941,33,MVWLQNMVQKH,length1,33
1,1181055,1181049,6,MI,length1,6
1,1181109,1181091,18,MHSNFL,length1,18
1,1181793,1181766,27,MKSTKQSQY,length1,27
1,1181841,1181832,9,MLQ,length1,9
1,1181985,1181958,27,MQLKKLVLI,length1,27
1,1182084,1182039,45,MLLSLLLMQCVLLVN,length1,45
1,1182258,1182168,90,MLNLVRSVIVMIKTVSSTPLSVKQTSLKFN,length1,90
1,1182666,1182609,57,MINSPLFVVVLLKLSSYVI,length1,57
1,1184460,1184451,9,MSD,length1,9
1,1185792,1185768,24,MVRTNHCR,length1,24
1,1186614,1186605,9,MGT,length1,9
1,1187112,1187109,3,M,length1,3
1,1187250,1187217,33,MVFSVRVSSGL,length1,33
1,1187622,1187577,45,MNLKRKWVPKRFKIS,length1,45
1,1187850,1187823,27,MAVVLRLQI,length1,27
1,1187976,1187967,9,MPY,length1,9
1,1188027,1187982,45,MVVAVVQLRVLTVVH,length1,45
1,1188210,1188201,9,MRN,length1,9
1,1188324,1188225,99,MLRQSKRLRKWLSVKRRSFGIFLQKLFVNTQFY,length1,99
1,1188471,1188441,30,MVTKWRYMFH,length1,30
1,1188723,1188720,3,M,length1,3
1,1188762,1188729,33,MKRANLMRKPR,length1,33
1,1189038,1188948,90,MRHVLVHQLVLMIWKFQRRNTKLFLQRKKK,length1,90
1,1189134,1189125,9,MSA,length1,9
1,1189356,1189308,48,MARSLKPQLQQTSVKV,length1,48
1,1189476,1189461,15,MWHKT,length1,15
1,1189515,1189491,24,MTVVRTKA,length1,24
1,1189569,1189545,24,MKKCHFVN,length1,24
1,1189686,1189650,36,MKNSVMCWMQTL,length1,36
1,1189779,1189752,27,MVVILRVVI,length1,27
1,1189953,1189941,12,MQNS,length1,12
1,1189974,1189962,12,MKAN,length1,12
1,1190064,1190013,51,MHLVVLKNIIKCLMVRY,length1,51
1,1190187,1190181,6,MV,length1,6
1,1190214,1190208,6,MN,length1,6
1,1190295,1190244,51,MWVNVQLRVKIYVQLLN,length1,51
1,1190376,1190301,75,MQMATIFSYLKLMFLHNTSYLVKQL,length1,75
1,1190400,1190388,12,MAQQ,length1,12
1,1190679,1190676,3,M,length1,3
1,1190739,1190688,51,MVLKHHTTFYVYVACVQ,length1,51
1,1190790,1190769,21,MFTAYKG,length1,21
1,1191093,1191078,15,MNYVA,length1,15
1,1191189,1191180,9,MMS,length1,9
1,1191240,1191210,30,MKLLSLMNLL,length1,30
1,1191267,1191249,18,MMQVRT,length1,18
1,1191306,1191291,15,MMRNN,length1,15
1,1192440,1191456,984,MLHFAHIFQNKDHTMNITKPFPLPTGYFGIPLGLAALSLAWFHLENLFPAARMVSDVLGIVASVVWILFILMYAYKLRYYFEEVRAEYHSPVRFSFIALIPITTMLVGDILYRWNPLIAEVLIWIGTIGQLLFSTLRVSELWQGGVFEQKSTHPPFYLPAVAANFTSASSLALLGYHDLAYLFFGAGMIAWIIFEPVLLQHLRISSLEPQFRATIGIVLAPAFVCVSAYLSINHCEVDTLAKILWGYGFLQLFFLLRLFPWIVEKGLNIGLWTFSFGLASMANSATAFYHGNVLQGVSIFAFVFSNVMIGLLVLMTIYKLTKGQFFLK,length1,984
1,1193292,1193283,9,MKN,length1,9
1,1193406,1193397,9,MGL,length1,9
1,1193556,1193463,93,MIMGIIKKVQILKNVLGHYVAFKKAQFQQKN,length1,93
1,1193670,1193625,45,MKISQIYSLSLGLEF,length1,45
1,1193730,1193715,15,MAIWD,length1,15
1,1193919,1193895,24,MRKLAKIP,length1,24
1,1194330,1194279,51,MQNKWMSWSQFFQALVA,length1,51
1,1194384,1194378,6,MD,length1,6
1,1194462,1194435,27,MAVVRYAVV,length1,27
1,1194549,1194468,81,MQNWLNLPLIMVGKALLYMVQYAKFSN,length1,81
1,1194636,1194573,63,MPLRQFQSVQMKAVLARVIFQ,length1,63
1,1194921,1194876,45,MCFMACAIQNFVRIS,length1,45
1,1195029,1195020,9,MDR,length1,9
1,1195905,1195878,27,MTFDNPMRI,length1,27
1,1196019,1196004,15,MSCIN,length1,15
1,1196472,1196469,3,M,length1,3
1,1197210,1197126,84,MCICTASQHNTVLTRLGDLNKCHSCHFL,length1,84
1,1197285,1197225,60,MGCINSFLLKRIFHCFAYAI,length1,60
1,1197528,1197516,12,MGQI,length1,12
1,1197669,1197660,9,MNQ,length1,9
1,1197846,1197792,54,MHLMPFHHFAQKLLEHHL,length1,54
1,1197921,1197849,72,MPTNFPLHSNLLFDQNLLADWQAH,length1,72
1,1198038,1197978,60,MFLQYLQVESPWHYRLISVR,length1,60
1,1198104,1198077,27,MQYGSLRFL,length1,27
1,1198125,1198122,3,M,length1,3
1,1198356,1198341,15,MGYLM,length1,15
1,1198692,1198596,96,MINAPMRVPITRPFPPIKLVPPITTAAIASNS,length1,96
1,1199019,1198959,60,MLANRSALSEKPVVIGRPSV,length1,60
1,1199076,1199049,27,MVTKVAIKA,length1,27
1,1199415,1199109,306,MPPRSVPINKTTGMTKKIGNSILTIEAAIAPVNANTDPTERSIPAIKITKVIPTAIIALTEVWRKIFKILSTLKKSGLIIDTIAIRIINAIKERCSIKNLPI,length1,306
1,1199835,1199790,45,MLNIRIKSSTVIFSA,length1,45
1,1200285,1200135,150,MPLPLTFFTSNTHSPFSCDKCGYCSSRRRPTIISIKSSSVISATTRSPIN,length1,150
1,1200540,1200357,183,MPRFSALSSRITLNRASVSVSVSASVGSSIMITLDSKLKALAISTICCSPIESSAQSCLLL,length1,183
1,1200684,1200639,45,MFSAIVRLPTKFSSW,length1,45
1,1200777,1200696,81,MPASCEALGPLKLTDRLRYSIVPASLE,length1,81
1,1201116,1201089,27,MAFKFLKLC,length1,27
1,1201353,1201311,42,MTKCSNAMRKLRIQ,length1,42
1,1202013,1201995,18,MPIRLL,length1,18
1,1202844,1202811,33,MLLSSSNLLAS,length1,33
1,1204101,1204035,66,MLMWHSLFSSRIECHIFQYVHQ,length1,66
1,1204164,1204119,45,MTYSKVYVLYLRQLV,length1,45
1,1204353,1204290,63,MLQINQKIQPRSHIHQHIQFE,length1,63
1,1204554,1204485,69,MSNLLEKNAILRARKICVFYDER,length1,69
1,1205625,1204770,855,MYAKLKLTQNTGSGYDLVFPSSYYVNKMIKEKMLQPIDQSKLTNIHQIPKHLLNKEFDPENKYSLPYVYGLTGIEVNADEIDPKTITSWADLWKPEFKGKVLMTSDAREVFHVALLLDGKSPNTTNEEDIKTAYERLEKLLPNVATFNSDSPEVPYVQGEVAIGMIWNGSAYLAQKENPSLQFVYPKEGAIFWMDNYAIPNSAQNVEGAYKFIDFLLRPENAKIVIERMGFSMPNNGAKTLLSTEVANDPKLFPPAEEVEKGIMQGDVGEAVDIYEKYWSKLKTN,length1,855
1,1205976,1205841,135,MQTACTDIFRFFIHSECCLSNFLHCICCECNIHPFCCHQGSVLLG,length1,135
1,1205997,1205985,12,MWLC,length1,12
1,1206627,1206585,42,MAFNFSPLIFCWRK,length1,42
1,1206993,1206984,9,MLI,length1,9
1,1207584,1207407,177,MHLPFHPQNQQALCHYINGVLYEHYLSLRYCLKKLVHHRLRRLAHCDVRLQSLSLFCPL,length1,177
1,1208493,1207788,705,MKNVMKLSVIALLTAAAVPAMAGKTEPYTQSGTNAREMLQEQAIHWISVDQIKQSLEGKAPINVSFDIDDTVLFSSPCFYHGQQKFSPGKHDYLKNQDFWNEVNAGCDKYSIPKQIAIDLINMHQARGDQVYFFTGRTAGKVDGVTPILEKTFNIKNMHPVEFMGSRERTTKYNKTPAIISHKVSIHYGDSDDDVLAAKEAGVRGIRLMRAANSTYQPMPTLGGYGEEVLINSSY,length1,705
1,1208592,1208589,3,M,length1,3
1,1208817,1208814,3,M,length1,3
1,1209039,1208970,69,MIGRLLGLRIKPFIPCFSKACSH,length1,69
1,1209132,1209063,69,MPKCKYADSAENCPFLTACIMLS,length1,69
1,1209936,1209930,6,MA,length1,6
1,1211832,1211457,375,MRLFKQLERWKIRKQINQSIIDVIFRLRNRLAHYWQADVNTPQVDFMLLHIACSLGRIERGGCVSPLYSEMLEEMQSAVIFPQVLAIHQDLLKLMPFSIPEAEQTYFLANIHSLVLEQKQLKPLK,length1,375
1,1211865,1211838,27,MRRCIQFMV,length1,27
1,1212078,1212072,6,ME,length1,6
1,1213083,1212711,372,MSRILSHAKKNYRKAIIIESLLLVVFYLLIYGWQRQSAVDFSYGFLSAFLPFCTFIFIIFYRKQNFSTKLTALYRAEAIKFILTMVFIIIAIKWLFVINFIAFFVGFLLALVLNNIIPLILNKI,length1,372
1,1213908,1213122,786,MSGQTTSEYISHHLSFLKTGDGFWNVHIDTLFFSILAAVIFLFVFSRVGKKATTGVPGKMQCLVEIVVEWVNGIVKENFHGPRNVVAPLALTIFCWVFIMNAIDLIPVDFLPQFAGLFGIHYLRAVPTADISATLGMSICVFFLILFYTIKSKGFKGLVKEYTLHPFNHWAFIPVNFILETVTLLAKPISLAFRLFGNMYAGELIFILIAVMYSANMAIAALGIPLHLAWAIFHILVITLQAFIFMMLTVVYLSIAYNKADH,length1,786
1,1214289,1214280,9,MQH,length1,9
1,1214400,1214361,39,MRLKHVKAKLRTL,length1,39
1,1214529,1214499,30,MLRINVAMKY,length1,30
1,1214595,1214586,9,MLK,length1,9
1,1214724,1214691,33,MKRQTMTLLIN,length1,33
1,1214847,1214784,63,MQKLHSTLPLNKVRSKNGLKC,length1,63
1,1214883,1214874,9,MKR,length1,9
1,1214988,1214967,21,MGKILFG,length1,21
1,1215150,1215105,45,MQHKSKKLQLQWKKD,length1,45
1,1215429,1215405,24,MVLFASTV,length1,24
1,1215438,1215435,3,M,length1,3
1,1215519,1215477,42,MRWHLTLNAILLVL,length1,42
1,1215684,1215645,39,MVKAKLKMMISHQ,length1,39
1,1215933,1215882,51,MLRLVKKPLLLQTSCVN,length1,51
1,1215969,1215942,27,MVRLQILSW,length1,27
1,1216068,1216017,51,MLVVRWGNISVIAAKMR,length1,51
1,1216101,1216077,24,MMIYQNKP,length1,24
1,1216191,1216164,27,MCSIYILVY,length1,27
1,1216224,1216212,12,MKIM,length1,12
1,1216362,1216347,15,MVRFS,length1,15
1,1216578,1216539,39,MMRLVSNFLTVKK,length1,39
1,1216713,1216668,45,MTWNYQKLQVLRPHF,length1,45
1,1216797,1216776,21,MMKSKIR,length1,21
1,1216875,1216812,63,MVLKRIVLGSNGEIRWQVQKR,length1,63
1,1217058,1217019,39,MCLRQVSVINIRS,length1,39
1,1217163,1217130,33,MLIYSKPHLTK,length1,33
1,1217418,1217328,90,MLIVMVKLMQFILHTINLLIRCRKNLLCNS,length1,90
1,1217508,1217454,54,MKDNRLGIIFMSQNQRHF,length1,54
1,1217631,1217619,12,MQVI,length1,12
1,1217691,1217637,54,MICGWCTTKLVKQVSQMN,length1,54
1,1217703,1217694,9,MKS,length1,9
1,1219113,1217742,1371,MSAGKIVQIIGAVIDVEFPQDAVPKVYDALKVESGLTLEVQQQLGGGVVRCIALGTSDGLKRGLKVENTNNPIQVPVGTKTLGRIMNVLGEPIDEQGAIGEEERWAIHRSAPSYEEQSNSTELLETGIKVIDLICPFAKGGKVGLFGGAGVGKTVNMMELIRNIAIEHSGYSVFAGVGERTREGNDFYHEMKDSNVLDKVSLVYGQMNEPPGNRLRVALTGLTMAEKFRDEGRDVLFFVDNIYRYTLAGTEVSALLGRMPSAVGYQPTLAEEMGVLQERITSTKTGSITSVQAVYVPADDLTDPSPATTFAHLDSTVVLSRQIASLGIYPAVDPLDSTSRQLDPLVVGQEHYDVARGVQGILQRYKELKDIIAILGMDELSEEDKLVVARARKIERFLSQPFFVAEVFTGSPGKYVTLKDTIRGFKGILDGEYDHIPEQAFYMVGSIDEVLEKAKNM,length1,1371
1,1219350,1219311,39,MGMKKLSMFLVVF,length1,39
1,1219458,1219413,45,MQIVFTKQNVKQKKI,length1,45
1,1219518,1219476,42,MQITTYLLQNFLKS,length1,42
1,1219557,1219536,21,MNSLKNY,length1,21
1,1219812,1219800,12,MEWM,length1,12
1,1219881,1219872,9,MAN,length1,9
1,1219974,1219938,36,MQTFDLRSLVLK,length1,36
1,1220016,1219995,21,MQKQVVE,length1,21
1,1220124,1220061,63,MNVLVNLQYILTILIPHLRKK,length1,63
1,1220139,1220136,3,M,length1,3
1,1220403,1220337,66,MLLHCHLSIYLNLEWNRGNQTP,length1,66
1,1220595,1220577,18,MNRKSR,length1,18
1,1220700,1220685,15,MRIRK,length1,15
1,1220859,1220829,30,MPKAPITRLK,length1,30
1,1221249,1221246,3,M,length1,3
1,1221276,1221264,12,MAFL,length1,12
1,1221516,1221507,9,MLF,length1,9
1,1221636,1221585,51,MEAAVFTCVASCPNGIN,length1,51
1,1221927,1221909,18,MADCTR,length1,18
1,1222455,1222329,126,MSVGSARAGELIEILSAPNANNFSASSMVLIPPATQNGISIT,length1,126
1,1223034,1223004,30,MLEQIFPHHI,length1,30
1,1223427,1223421,6,MI,length1,6
1,1223646,1223499,147,MKLYTVKILFRYRSRKIHTIIAYCHRMFIRANCITMHKIEVTILHNTIK,length1,147
1,1224477,1224426,51,MACFSACPRARAVSSTV,length1,51
1,1224852,1224810,42,MTKERSISNKFLRI,length1,42
1,1224945,1224918,27,MSTSSKVMP,length1,27
1,1225218,1225212,6,MV,length1,6
1,1225452,1225359,93,MRIQFCKCNVLFWSLKIIPCSHNALNTACPF,length1,93
1,1225758,1225581,177,MFAGLNACSARSALGTGIGYGAITLLKMSISSGFANTKPQRNPAKAKALESVRIIAKCG,length1,177
1,1226157,1226058,99,MASCLGSQKVWIINSMPSSPPRVTSTFSVETPA,length1,99
1,1226391,1226379,12,MCEL,length1,12
1,1226430,1226421,9,MKI,length1,9
1,1226811,1226712,99,MHLRKLSLRYLNMVIIYGRFLFAQLNVQGHIHC,length1,99
1,1227213,1227126,87,MRFQVRKFYLLSPHFPCLEPSQKLLEHHL,length1,87
1,1227654,1227630,24,MPHFHEWH,length1,24
1,1227801,1227780,21,MDDNPPF,length1,21
1,1228425,1228347,78,MRVRSCNTPISKIFHILIMTIAINRK,length1,78
1,1229355,1229268,87,MGNSFRQSTLFRKLFPFTRAISRIRKHVA,length1,87
1,1229409,1229394,15,MFFAY,length1,15
1,1229490,1229484,6,MD,length1,6
1,1229751,1229742,9,MAA,length1,9
1,1230435,1230399,36,MWKNYTALFIGN,length1,36
1,1230831,1230810,21,MVASCDE,length1,21
1,1231101,1231020,81,MVMHHSFLHQRQRNQFSGQFVNIVRQY,length1,81
1,1231374,1231353,21,MARQILH,length1,21
1,1231590,1231569,21,MKPHRKN,length1,21
1,1231689,1231677,12,MIRQ,length1,12
1,1231887,1231878,9,MAH,length1,9
1,1233870,1233867,3,M,length1,3
1,1234494,1234425,69,MNCKILFYVFWNFFKIFNVLFWN,length1,69
1,1234542,1234518,24,MCRKKFFF,length1,24
1,1235256,1235184,72,MAHCDIKFFIFCITRKTNNFHTIQ,length1,72
1,1235874,1235787,87,MPRHLDHPFNITAYYRCFRRHGRHHFKFL,length1,87
1,1236099,1235934,165,MQLFNFINGIFIFATIHFFTNGFNLLVQIIVTLAFLHLFFYTTANPFFHLENISL,length1,165
1,1236210,1236168,42,MANAYREMGSHCVS,length1,42
1,1236837,1236831,6,MK,length1,6
1,1237764,1236891,873,MSTKNHFIFPTYVQMYPYSKDRPFLKQVREKLRYYGYKWLYQKQCHQLVDFLNTETQWQSLFTQDYYRTNTILTTFCDKRFSASERLTAITENLRLAEEKMGRSLCQQLLDQQHIVLTQLTEDLRLSLSINHIDPFEGYFSINIRNQNNERVYDASFTFLSPNKLLIASIQGPSSDNAQELVKQATKALHGMRPMFMLVNAFKMLAEKWQCELVGIPHKAQGKYRLSARSKILFNYDEFWQENQGEYRHNYWQLPLHIERKQLEDIASKKRSMYRKRYEMLDQMALDIQQL,length1,873
1,1237995,1237956,39,MHLQDHILSGEQD,length1,39
1,1239276,1238739,537,MEKIIIDHDRFLRTISRISHEIIEKHQTLDDLVIVGIKRRGAEIAELLQRRVEELSGINLPSMELDITFYRDDLTLVDQEDKMPVYSGSSQYLNIQDKTVILVDDVLFTGRTIRAAMDALTDFGRAAKIELVIFVDRGHRELPIRADYVGKNVPTSRDELVQVRTEKQDGCYEVAILGK,length1,537
1,1240287,1239348,939,MKMKKFILKSFLLATLGCVAFTSMAQAEERVVATVDGIPILESQVRANMGKKGDRQSALDKIIDDLLVQKAIQESGVKIDPREIDRVVEDTAARNGLTYGQFLDALDYQGISLNTFRQQIANQMVMGAVRNKAIQESIDVTREEVVALGQKMLDEAKSQGTAQKVTGKEYEVRHILLKLNPLLNDAQAKKQLAKIRSDIIAGKTTFADAALKYSKDYLSGANGGSLGYAFPETYAPQFAQTVVKSKQGVISAPFKTEFGWHILEVTGVRDGDLTAEAYTQKAYERLVNTQLQDATNDWVKALRKRANIQYFNK,length1,939
1,1241400,1240359,1041,MKKFLIAILLLILILAGAASFAYYKMTEFVKTPVNVQADQLLTIERGTTGSKLATLFEQEKLIADGKLLPYLLKLKPELNKIKAGTYSLENVKTVQDLLDLLNSGKEVQFNVKWIEGKTFKDWRKDLENAPHLVQTLKDKSNEEIFTLLDLPDVGQNLELKNVEGWLSPDTYNYTPKSTDLELLKRSAERMKKALNKAWNERNEDLPLANPYEMLILASIVEKETGIANERAKVASVFINRLKAKMKLQTDPTVIYGMGENYNGNIRKKDLETKTPYNTYVIDGLPLTPIAMPSESSLQAVAKPEKTDFYYFVADGSGGHKFTRNLNEHNKAVQEYLRWYRSQKNAK,length1,1041
1,1241703,1241691,12,MGGR,length1,12
1,1243029,1242048,981,MTALYPWLMPIYHQIAQTFDEGLGHHAVLIKADSGLGVESLFNALAQKIMCVAQVDKPCGQCHSCHLMQAHSHPDYHELSPIDGKDIGVDQVRDINEIVAQHAQQNGNKVVYVQGAERLTEAAANALLKTLEEPRSNTYFLLQTDSSSSLLATIYSRCQVWNLSVPNEQMAVDWLKSESAAENQEILTALAMNLGRPLLALETLQQGLIEQRKNFLRQFWVFYRRRSPLELLPLFDKERYVQQVDWILAFLSDCLKHKLEIDSHRQVADLGRGIEQFSDEQTALGLLQAIKIMQKVRSDLLTINGVNLELMLLDGLTRLVTEVFETQ,length1,981
1,1243065,1243050,15,MVFKP,length1,15
1,1243866,1243086,780,MFIVDSHCHLDALDYENLHKNISDVVEKARARDVKHLLAIGVTLSRFEQAYDSLREFNNVSLACGVHPLDFEEEPYDAERLLRLSQDPKVIAIGEIGLDYYYSADNKAAQQAVFGSQIDIANQLDKPVIIHTRSAGDDTIAMLREHHAEKCGGVIHCFTETMEFAKKALDLGFYISCSGIVTFKNAEAIREVIRYVPMDRLLVETDSPYLAPVPYRGKENQPAYTREVCEYVATLKGVSAEAFAQITTQNFERLFKIRVE,length1,780
1,1243965,1243869,96,MYSSDKGKICESFLNISYLLLFFYSTVLCFLW,length1,96
1,1243992,1243971,21,MCSLIMM,length1,21
1,1244262,1244034,228,MAQSQNRIQLMAQHAMYITSIRKMTMAKLWCIAMKIHVGVSRSISNLDRPIYRLKRRLWVMTTNLCKLNTMVGVLR,length1,228
1,1244523,1244268,255,MNIAMQPQLKKLLLMIHQAIRLFRGFYMYFCWRHYFCLSNLFAAGLTAISNIPNGRKVRSFSFIFLSNDYGIISYYFGNCGFNFK,length1,255
1,1246029,1245840,189,MELRQQIPTGCIKQFGQFGVPYVVGEVAEFLPDGDVLVNITLLQSGEKDIYRLSYLLEDPEAE,length1,189
1,1246134,1246083,51,MIIQRAFKRLIQTLAQF,length1,51
1,1246215,1246185,30,MKIWRISFRQ,length1,30
1,1246224,1246218,6,MH,length1,6
1,1248510,1247013,1497,MLELSESNIHLNANAIDKQQAIEMAASALVQAGNVENGYLQGMLARELQTSTFLGNGIAIPHGTLDTRLMVKKTGVQVFQFPQGIEWGEGNIAYVVIGIAARSDEHLSLLRQLTHVLSDEDTAAKLAKITDVAEFCAILMGETIDPFEIPAANISLDVNTQSLLTLVAINAGQLQVQSAVENRFISEVINNAALPLGKGLWVTDSVVGNVKNALAFSRAKTIFSHNGKAVKGVITVSAVGDQINPTLARLLDDDVQTTLLNGNSTEILTALLGSSSDVETQSVEGAVVGTFTIRNEHGLHARPSANLVNEVKKFTSKITMQNLTRESEVVSAKSLMKIVALGVTQGHRLRFVAEGEDAKQAIESLGKAIANGLGENVSVVPPSEPDTIEIMGDQIHTPAVTEDDNLPANAIEAVFVIKNEQGLHARPSAILVNEVKKYNASVAVQNLDRNSQLVSAKSLMKIVALGVVKGTRLRFVATGEEAQQAIDGISAVIESGLGE,length1,1497
1,1249206,1249200,6,MD,length1,6
1,1249245,1249242,3,M,length1,3
1,1249488,1249485,3,M,length1,3
1,1249560,1249494,66,MRKPIYYMKFFEQLHKKQMSLL,length1,66
1,1249701,1249695,6,MP,length1,6
1,1249740,1249707,33,MGLIMLHRKVR,length1,33
1,1249866,1249842,24,MRKNKVGM,length1,24
1,1249971,1249902,69,MKLLQKKSRRLIWYLLQQILTCL,length1,69
1,1250139,1250076,63,MVEIMRERKKKAVRKKVCTNT,length1,63
1,1250223,1250220,3,M,length1,3
1,1250448,1250442,6,MW,length1,6
1,1250463,1250460,3,M,length1,3
1,1250640,1250628,12,MRLC,length1,12
1,1250940,1250841,99,MRGKHHLFLVYVLFLKVHYHLWQQIQFESLLAL,length1,99
1,1251138,1251117,21,MRNNTAL,length1,21
1,1251144,1251141,3,M,length1,3
1,1251240,1251231,9,MYS,length1,9
1,1251330,1251324,6,MP,length1,6
1,1251618,1251534,84,MLLVLYIFNLVLWARLELARPVVTTPSR,length1,84
1,1251789,1251786,3,M,length1,3
1,1252368,1252272,96,MHKLLIGCLFLTNVCELRFPMSRHIWLGGNIW,length1,96
1,1252659,1252629,30,MQNLTFLYYW,length1,30
1,1252995,1252989,6,MG,length1,6
1,1253043,1253031,12,MFFG,length1,12
1,1253112,1253082,30,MSFIQALACI,length1,30
1,1253445,1253433,12,MLNF,length1,12
1,1253805,1253799,6,MD,length1,6
1,1253889,1253883,6,MF,length1,6
1,1254021,1253946,75,MPYTPSYHIIIATFNKTIPTLMGFG,length1,75
1,1254114,1254084,30,MRRLVDLTTT,length1,30
1,1254300,1254204,96,MLAAHFSNVVCRRIALHCWICCKNHFVERFFY,length1,96
1,1254372,1254363,9,MSH,length1,9
1,1254567,1254528,39,MTNFRHSFCECSS,length1,39
1,1254654,1254603,51,MISHTLRRFRPYAWKTT,length1,51
1,1254870,1254855,15,MAFQR,length1,15
1,1254924,1254876,48,MPFFLFVILLHDAPHR,length1,48
1,1255245,1255230,15,MILGI,length1,15
1,1255386,1255377,9,MFL,length1,9
1,1255437,1255422,15,MSKVD,length1,15
1,1256169,1256148,21,MSDDNSA,length1,21
1,1257174,1257168,6,MV,length1,6
1,1257465,1257450,15,MLPRK,length1,15
1,1257474,1257468,6,MV,length1,6
1,1257636,1257591,45,MLNLLREFVLIAIPH,length1,45
1,1257969,1257792,177,MALNQVACVENRQCDHCPKRLHFFAIMARHCDNRDAYHNQSSYYAQLFGLQLGLLKVQW,length1,177
1,1258131,1258107,24,MQHHILLC,length1,24
1,1258374,1258275,99,MLYRNRFVPLLQHHKNDSLKRFCLNKALRFLVC,length1,99
1,1258542,1258494,48,MHRHYSLRQTMHEQCR,length1,48
1,1258839,1258593,246,MRQLSVVAHRLISLEYGVARPLRQLIYRQPYKSALVFVIQRFLMFLLRAIPILGGNTTFRQPLNLKYIKLIGCLILILRSAS,length1,246
1,1259730,1258935,795,MQFSLKNYRTLQIGIHRKQGYFDFVWFDDLEQPQSYQIFVNDRDFKNRFLQQLKTQYQGKTFPLQFVASIPAHLTWSKVLMLPQVLNAQECHQQCKFVIEKELPISLNELWFDYRSTSLKQGFRLDVTAIRKSTAQTYLQDFQPFKINVLDVASNAILRAFQYLLNEQVRSENTLFLFQEDDYCLAICERSQQSQILQSHENLTALYEQFTERFEGQLEQVFVYQIPSSHTPLPENWQRVETELPFIALGNALWQKDLHQQKVGG,length1,795
1,1260237,1259733,504,MSMNLLPWRTYQHQKRLRRLAFYIALFILLAINLMLAFSNLIEQQKQNLQAQQTSFEQLNQQLHKTTMQIDQLRSAVKVGEVLTSIPNEQVKKSLQQLSELPFQQGELNKFKQDANNLSLEGNAQDQTEFELIHQFLKKHFPNVKLSQVQPEQDTLFFHFDVEQGAEK,length1,504
1,1260309,1260297,12,MCTV,length1,12
1,1260402,1260384,18,MKLKMS,length1,18
1,1260924,1260912,12,MRSG,length1,12
1,1261134,1261131,3,M,length1,3
1,1261245,1261146,99,MEKIKFLKEDYEEIFFKVRLFFSVFLFAINRFC,length1,99
1,1261353,1261266,87,MFFYSFIASTFSSNTGAISFSTRCEFSDG,length1,87
1,1262616,1262592,24,MFRLPKTN,length1,24
1,1263468,1263420,48,MWRILLPPECRGRKRY,length1,48
1,1263972,1263909,63,MTALLKVRLFLWRKNENTSTR,length1,63
1,1264122,1264092,30,MEKSSVVACG,length1,30
1,1264392,1264299,93,MYSLWVSNLSCDLPINYCCGSSWSRNSIGKS,length1,93
1,1264647,1264635,12,MVFL,length1,12
1,1264770,1264737,33,MRLINIPTLTN,length1,33
1,1265370,1264782,588,MRNPIHKRLENLDSWQHLTFMAALCERMAPNFKLFCQMNELSVETKTYQNILNLVWEYLTIKDVKINFENQLEKLESIIPDVNDYDSFGVVPALDACQALAEILHAIIAGETLEKAVEISLISLGTVRALLETETGRDWSESKLKENEDIQTELDVQWQVYRLLKECEKRDIELILALKNEIRTEGISNIGIEFHQ,length1,588
1,1265841,1265802,39,MKPCRLRRVFFIV,length1,39
1,1265934,1265931,3,M,length1,3
1,1265967,1265952,15,MVYIV,length1,15
1,1266003,1265982,21,MIQLVLQ,length1,21
1,1266042,1266018,24,MNYNVFVV,length1,24
1,1266087,1266063,24,MKPYQKNH,length1,24
1,1266183,1266150,33,MRIRIHQVLLL,length1,33
1,1266276,1266246,30,MSFYHKQILK,length1,30
1,1266378,1266366,12,MVWW,length1,12
1,1266726,1266564,162,MILTVIRLNVKFTSLILKMTLQRKVNSVILCRKKFTNSQLHLLIQWKGVLITKM,length1,162
1,1266765,1266747,18,MVQKAF,length1,18
1,1266849,1266813,36,MQVWWRVIGLNL,length1,36
1,1266927,1266867,60,MLKLHQNFVIANLLPVQIAY,length1,60
1,1267068,1267023,45,MLLALRSYANQILHL,length1,45
1,1267311,1267299,12,MRFS,length1,12
1,1267407,1267392,15,MRQEN,length1,15
1,1267449,1267434,15,MLICQ,length1,15
1,1267479,1267470,9,MNY,length1,9
1,1267668,1267605,63,MILLHRFFIPFQCNYFLIMWL,length1,63
1,1267686,1267683,3,M,length1,3
1,1267749,1267746,3,M,length1,3
1,1268127,1268112,15,MKARG,length1,15
1,1268181,1268142,39,MPATNKPIIAKRS,length1,39
1,1268427,1268406,21,MIESTIV,length1,21
1,1268583,1268559,24,MATESNSN,length1,24
1,1269066,1268883,183,MMILKPIKPTAARWNANPRINQIAINACIPNLILSCLDIFSELVRSKSDKTFHTSSGNFSP,length1,183
1,1269531,1269411,120,MITATTVKASRKADKKAALKQKAIESAILERILTSNLVNT,length1,120
1,1269858,1269804,54,MASLYHSGLAPRKFFIKA,length1,54
1,1269906,1269861,45,MFVIVNSIIFITRTL,length1,45
1,1270719,1269996,723,MQNNNDILKAQSPAALAEEYIVKSIWQDVFPSGSNLPSERDLADKIGVTRTTLREVLQRLARDGWLTIQHGKPTKVNNIWDAAGPNIIETLIALDMQSAPLIIDNMLSLRSKMSESYIYEAVKNSPQKSTALFAELEQLQNTAQDYTEFDYQLFRQFTVVANKPFYRLIFNSLKGVYQRIGLLFFKEKKHRELTKQFYLEMQQICLEGNADAVVDCIRKHNLRSSTYWKAILERLPQNLSD,length1,723
1,1270878,1270872,6,MF,length1,6
1,1270929,1270890,39,MLANLVLLFFHLG,length1,39
1,1271340,1271277,63,MLQCAWEIKIWRTNHQFFLYL,length1,63
1,1271784,1271604,180,MSDFLIAVVTIFFKLMKIDIINTCTAIKHRIIKYKAFDMQYTKNFSRINWHAKEHIRIIR,length1,180
1,1272009,1271868,141,MPIYENFYIQVWIFLLHAINFIENFLSRFVFLPIKCGDINTFFCVSD,length1,141
1,1272450,1272390,60,MINLMEIETKNLVFLVINKK,length1,60
1,1272660,1272651,9,MPV,length1,9
1,1272978,1272930,48,MHKISEVYCVLVLILA,length1,48
1,1273035,1272999,36,MWKICIREPLCV,length1,36
1,1273095,1273077,18,MILIRL,length1,18
1,1273314,1273299,15,MRVCC,length1,15
1,1273584,1273521,63,MTFVCFMQKSAVDFVSVLPAS,length1,63
1,1273875,1273800,75,MRFFHTELLMFSCACFAAMGSNSTA,length1,75
1,1274028,1273992,36,MPSVPTFMAQES,length1,36
1,1274268,1274262,6,MY,length1,6
1,1274595,1274496,99,MYSIPIKIWWWLRQVVYCNTLRKKILIAVPLKC,length1,99
1,1274706,1274604,102,MKPIECYKWDLGKMRKKLQLKPVGGNKLCCFLQP,length1,102
1,1274757,1274748,9,MIL,length1,9
1,1274877,1274766,111,MRNQVAVKEKKSTNGIITQTAMNIKSNCSRVLLKLKK,length1,111
1,1274967,1274913,54,MRVKFLKHCVNEAFVPHI,length1,54
1,1275015,1275000,15,MPLIN,length1,15
1,1275084,1275051,33,MWLRVVLILMM,length1,33
1,1275213,1275198,15,MITSC,length1,15
1,1275306,1275297,9,MAK,length1,9
1,1275456,1275447,9,MFN,length1,9
1,1275936,1275924,12,MALR,length1,12
1,1276290,1276218,72,MLPTSSVVPSSILYSQRQALVQVP,length1,72
1,1276518,1276347,171,MHNAPCTKISSSISGTCWRISAISSIESSRDKITRVNPICFQNFTVAQFTALACTER,length1,171
1,1276671,1276602,69,MTGCKSLIKVLSLELWGAMFTTT,length1,69
1,1277202,1277160,42,MIAATLAPNKPAIL,length1,42
1,1277559,1277301,258,MNKNQNRLVVVPFSRNNGKDKPKIATPTVVQMSQIRRPILSIYLPEAAMVIAKETALAINKAVKICGENPNPIAYPASETVGADLA,length1,258
1,1277586,1277583,3,M,length1,3
1,1277643,1277607,36,MQTNIPKKNGLK,length1,36
1,1278030,1277829,201,MPKNTPFANNKPSGAPSCGKVPYQPRLPSGAFSTATNAAPPHSPPKPIPCPIRHKQSKIVAQIPMLS,length1,201
1,1278264,1278261,3,M,length1,3
1,1278840,1278834,6,MF,length1,6
1,1278981,1278942,39,MTAILRACHKVKR,length1,39
1,1279356,1279332,24,MLLRLVEY,length1,24
1,1279413,1279386,27,MLPLRECLV,length1,27
1,1279749,1279716,33,MYQTRRAFGRF,length1,33
1,1279980,1279827,153,MRPLCPMVSGERAASSSNKRIWNCPTCVVKPCAAHSPAMVYATQASNVAEK,length1,153
1,1280313,1280232,81,MAASSPALPRISANFTSASNWRMVSRR,length1,81
1,1280442,1280430,12,MTNT,length1,12
1,1280559,1280544,15,MLVML,length1,15
1,1280595,1280562,33,MSGFCSRILER,length1,33
1,1280688,1280685,3,M,length1,3
1,1280913,1280829,84,MKFTLLFKKKQAVKFFPHFANNEKNLTA,length1,84
1,1281156,1281111,45,MFPDPPSHLRLLAYC,length1,45
1,1281168,1281165,3,M,length1,3
1,1281738,1281687,51,MNLNGLKILVLFSVPIH,length1,51
1,1281816,1281762,54,MQVLHQGIFLQRQFPLLA,length1,54
1,1282101,1281957,144,MALAILALDYGDDADYSLHVNDVEYDADALDVQNVGSDERVFHHYFEP,length1,144
1,1282926,1282899,27,MLLLPANVK,length1,27
1,1283064,1283007,57,MMGLNADVTFLTNQNEKFG,length1,57
1,1283265,1283235,30,MRFLQYRHHE,length1,30
1,1283316,1283298,18,MLQLHQ,length1,18
1,1283394,1283358,36,MRIQFEIQFDSD,length1,36
1,1283607,1283577,30,MELDDFVKLV,length1,30
1,1283802,1283718,84,MNLMLLLVQYVHRPQYGEKFLLPVDYSA,length1,84
1,1284387,1284291,96,MLLGALITLLSINICLIKQRDIPHALQTADLF,length1,96
1,1284474,1284408,66,MSYANCRIEFSPTKLILFYANS,length1,66
1,1284612,1284579,33,MICSDFQKEKK,length1,33
1,1284648,1284624,24,MKKSLIHP,length1,24
1,1284705,1284672,33,MKVGNELIIIY,length1,33
1,1284930,1284816,114,MLYAFHLCVSQKKMMRRFQKISIKLPHLKTKFCLKMIA,length1,114
1,1285305,1285218,87,MNYLAESVLCVSASKENHLKLALALKNAI,length1,87
1,1285320,1285308,12,MLRL,length1,12
1,1285395,1285374,21,MLGILLH,length1,21
1,1285434,1285398,36,MINTAIKILINK,length1,36
1,1285443,1285437,6,MN,length1,6
1,1285530,1285500,30,MAKHYVSMRH,length1,30
1,1285749,1285707,42,MRFVVNAFLYQFTL,length1,42
1,1286469,1286457,12,MAAH,length1,12
1,1286637,1286550,87,MCKSHVHLHNVPFLRLLDGKIHPLKNAII,length1,87
1,1286796,1286652,144,MKVQQYHRVKLYPHLRIQKNQWFRCRQLFDQTFHFRHLHQATQHNLLR,length1,144
1,1287189,1287024,165,MAMIISLQQSVNIILHKVKMRPFLTALYIAKVLTFFQLHEHEQGIVSVQLKSYHC,length1,165
1,1287705,1287573,132,MDNEQNLCLKFPLADYNNDHLPLALHNNFYHQMKYVTLQHYLDL,length1,132
1,1288152,1288086,66,MNHLNQIKLKHLLTYPLRLPYS,length1,66
1,1288428,1288353,75,MYLTRDIPHCQRWKIWDFLQICLLL,length1,75
1,1288548,1288488,60,MCVFFVYLELILRVALASLK,length1,60
1,1288812,1288599,213,MEKALFKCLNIRHWIENLENSIKMRYFPQPLLKTRRFYEYHSHSQRAKPTTAHSIKKYQCGFRTKNRSARY,length1,213
1,1289478,1289391,87,MGKSDRTKCRLLYPSSQSSSHLARRCVRL,length1,87
1,1290300,1289517,783,MFEILFPALLTGIVLSLITAPLGVFVVWRKMAYFGDTLSHSALLGVALGIFLQVNPYIAIVVLTLILAIAMVWLESNTQFSIDTLLGIIAHSCLSLGVVTVGLLRNVRVDLMNYLFGDLLAINYTDLIYIGIGVIIVLSTLIYFWQSLLSTTVSPELAQVEGINIKKMRFILMILTALTIALSMKFVGALIITSLLIIPAATARRFARTPESMVGWAIIMSMLSIIGGLILSAFYDTAAGPSVVICSAFLFVLSLFKKERL,length1,783
1,1292805,1291515,1290,MDLLSDIEKQLQKATAQGFLIALSGGLDSTVLLSLFAKLCQKQPHLPPLSVRAIHIHHGLSPNADSWAKHCQNLCDQFQIPLIIERVQVDKTNGIEAGAREARYQAIKKHLQIQEMLVTAHHLNDQTETFFLALKRGSGLQGLGAMQQQSALFGMPILRPLLGFTRPQLEDYAQKEKLNWITDESNKDNRFDRNFLRNEILPELRERWAYFDLAVQRSAQHCFEQQQLINDLLSEAFAEHCQIKNQFKLCLFRQYSPAKQTALLRMWLAENQLEMPSKRQLTQLINDVVFAKEEANPQFQLVNKVIRRYQDRLYLTKPFSDLTKCTLKLEQNTLSLPDDLGNLTVQENEDNLIFHWQDYSVTLEKTDLPISIRFGYSGKIKHHPKRPREDIKKIWQELSVPPWERNRIPLIFYGNKLKSAVGFFSVLKSS,length1,1290
1,1292985,1292910,75,MPFVTERLFAPFGRSCITSPIRAVI,length1,75
1,1293489,1293342,147,MPTQPLSRFKSIGTGICSSSANSPKVKPAIDCAWASNCSRVCGIIRDIS,length1,147
1,1294089,1294068,21,MLNFLTD,length1,21
1,1294659,1294644,15,MSTLE,length1,15
1,1295580,1295565,15,MDCFV,length1,15
1,1295652,1295595,57,MGNKKNDKMHQNVHIRKRK,length1,57
1,1295703,1295700,3,M,length1,3
1,1295736,1295718,18,MALTVA,length1,18
1,1295793,1295769,24,MPMLRLND,length1,24
1,1295913,1295877,36,MLLSLLVAKQKR,length1,36
1,1296264,1296249,15,MNMPI,length1,15
1,1296360,1296330,30,MLIKPRGISW,length1,30
1,1296375,1296366,9,MMV,length1,9
1,1296447,1296438,9,MLA,length1,9
1,1296513,1296501,12,MFAQ,length1,12
1,1296549,1296519,30,MFCHVHWWLI,length1,30
1,1296810,1296792,18,MGIGNL,length1,18
1,1297122,1297080,42,MNPLHYATWAIPHT,length1,42
1,1297134,1297128,6,MR,length1,6
1,1297293,1297248,45,MRFRMISRTNTNLFD,length1,45
1,1297497,1297401,96,MFKLDSFKREKTFIQSLFAQYFYILLAKMLNF,length1,96
1,1297617,1297611,6,MP,length1,6
1,1297662,1297659,3,M,length1,3
1,1298097,1298061,36,MCKLFIFRLLSA,length1,36
1,1298130,1298112,18,MLIVQS,length1,18
1,1298223,1298205,18,MAKLLQ,length1,18
1,1298574,1298559,15,MQNIL,length1,15
1,1298937,1298895,42,MSRHRLGKIGNFPR,length1,42
1,1299384,1299276,108,MHHLLLKLTALHRDRTFHQKPITHNDENLPHLLRLV,length1,108
1,1300092,1300044,48,MSSLNELSHLHFARAQ,length1,48
1,1300317,1300221,96,MKVRSFLSSFFFVFGCSLLCCTLTANFFRICK,length1,96
1,1300800,1300791,9,MAY,length1,9
1,1302435,1301346,1089,MGFKCGIVGLPNVGKSTLFNALTKAGIEAANYPFCTIEPNTGVVPMPDPRLDALAEIVKPERILPTTMEFVDIAGLVAGASKGEGLGNKFLANIRETDAIGHVVRCFENDDIVHVAGKIDPLDDIETINTELALADLDSCERAIQRLQKRAKGGDKEAKFELSVMEKILPVLENAGMIRSVGLDKEELQAIKSYNFLTLKPTMYIANVNEDGFENNPYLDCVREIAEKEGAVVVPVCAAIESEIAELDDEEKVEFLQDLGIEEPGLNRVIRAGYALLNLQTYFTAGVKEVRAWTVSVGATAPKAAAVIHTDFEKGFIRAEVIAYEDFIQFNGENGAKEAGKWRLEGKDYIVQDGDVMHFRFNV,length1,1089
1,1303398,1303386,12,MFIQ,length1,12
1,1303851,1303848,3,M,length1,3
1,1303923,1303902,21,MAERFSI,length1,21
1,1305000,1304793,207,MYYVDYFLPLSKDYRISQYKKVLNHALLRRFVATEPKFLNETIQMDLISKHLEYLNKLFLNLALVIYVF,length1,207
1,1305237,1305222,15,MCPAQ,length1,15
1,1306074,1305978,96,MRKLYDSSIMTISPVAIQPSFNTSLVASGLCQ,length1,96
1,1306257,1306152,105,MIFISVFGTGTPIVPLCFTTLIGQAAINGEHSVIP,length1,105
1,1306314,1306266,48,MMLQPVNSCQRVATDC,length1,48
1,1307208,1307205,3,M,length1,3
1,1307682,1307676,6,MV,length1,6
1,1307745,1307694,51,MIRVNLTLQFLFDLLKR,length1,51
1,1308117,1308084,33,MLYLSQLDFFQ,length1,33
1,1308180,1308156,24,MRYHFEAG,length1,24
1,1308384,1308345,39,MLPEPLRLNLKLE,length1,39
1,1308948,1308882,66,MDRHLVNDNPQCELSTKAHLVQ,length1,66
1,1309296,1309230,66,MYSLDWYSANIEAHKAKIVQDN,length1,66
1,1309392,1309380,12,MSQM,length1,12
1,1309458,1309452,6,MA,length1,6
1,1309791,1309764,27,MLCQAAAYL,length1,27
1,1309911,1309848,63,MLKIDQNTDWQYLAADELRQK,length1,63
1,1310055,1310013,42,MLFYAHLLHNILNN,length1,42
1,1310532,1310415,117,MQRFFLSPFQLQLQEKIYFELLYLQHVPFQVVQLEDENL,length1,117
1,1310802,1310739,63,MRKVKNDLSLPYLLLVRLKVR,length1,63
1,1310820,1310814,6,MF,length1,6
1,1310985,1310961,24,MKILMQVA,length1,24
1,1311177,1311141,36,MIYLWWKQRFQK,length1,36
1,1312032,1311348,684,MTAELNFLDLFLKASIVVQLVIVILISFSIISWAIIIQRSRILTNALKEARTFEDRFWSGEDLNKLYEGLSNRRDGLTGSEQIFCVGFKEFSRLKQVNPDAPEAIIKGTMRAMNLAMNREIESLENRVPFLATVASVSPYIGLFGTVWGIMHAFMALSGAKQATLQMVAPGIAEALIATAIGLFAAIPAVMAYNRLSLRVNAIEQDYGNFIDEFTTILHRQAFGKAPH,length1,684
1,1312764,1312725,39,MGAYSTTKKRASG,length1,39
1,1315083,1313802,1281,MKLLKRLVSVFAIVLAVGSNAFAGDEVRIVIDEGVDGARPIAVVPFVGSAPEDISKIVADDLRNSGKFNPIAVSQMPQRPTSAAEVNPEAWSNIGIDAIVIGQVVPSGNGYSITYQLIDTVGASGTPGAVLMQNSYTVTNKWLRYGAHTVSDEVFEKLTAIRGAFRTRIAYVVQKNGGSQPYEVRVADYDGYNQFIVNRSAQPIMSPAWSPDGQRLAYVSFENKKSQLVVQDLNSGARKVVASFQGHNGAPAFSPDGSRLAFASSRDGVLNIYVMGANGGTPTQLTSGAGNNTEPAWSPDGNSILFTSDRSGSPQVYRMDASGGSATAVGGRGSAQISADGKTLVMINGNNNVVKQDLTTGVSEVLSTSFLGESPSLSPNGIMIIYSSTQGLGKVLQLVSADGRFKASLPGSDGQVKFPAWSPYLTK,length1,1281
1,1315311,1315185,126,MLQAMVLLKLLAVTLLLIFNNVTIPFISVLINMTLLVNTFKS,length1,126
1,1315332,1315314,18,MRTLHI,length1,18
1,1315359,1315335,24,MQRQLLKY,length1,24
1,1315410,1315377,33,MNVVHQNTTSH,length1,33
1,1315446,1315428,18,MQLKVI,length1,18
1,1315476,1315464,12,MLVN,length1,12
1,1315560,1315521,39,MMKLHILKTVVQC,length1,39
1,1316733,1316010,723,MLENIRIVLIETSHSGNIGSAARAMKTMGLTQLCLVSPKSVDEQSYALSAGAENIVKNARVVDSFDEAVDDCSLVIGTSARLRHLQNTLIEPRECAEKVVAYKGKIAIVFGRERIGLTNEELLKCHYHLNIPANPDYSSLNLAMAVQLVSYELRMAFLVQNNKKNSLSLIEKNYPTTDQLAYFFDYTERIYQSLGFIQNQGVMRKLKRLYYRAKLEKNELNILNGMLSAVEKRIDLTKENN,length1,723
1,1316754,1316751,3,M,length1,3
1,1317072,1317060,12,MSGA,length1,12
1,1317138,1317096,42,MFNSRTLGRFKFTY,length1,42
1,1318476,1318464,12,MGYV,length1,12
1,1318959,1318545,414,MAFTRIEKRKVKMAYSEKVIDHYENPRNVGSLDKKDSNVGTGMVGAPACGDVMQLQIKVDDNGIIEDAKFKTYGCGSAIASSSLITEWVKGKSLEEAGAIKNSQIAEELELPPVKVHCSILAEDAIKAAIADYKAKQG,length1,414
1,1319340,1319019,321,MGITLTEKAAQRVKAFLDNRGKGIGLRLGVKTSGCSGLAYVLEFVDVLNSEDQVFEQHGVNIIVDPKSLVYLNGIELDYVKEGLNEGFKYNNPNVKESCGCGESFHV,length1,321
1,1319877,1319355,522,MFNPFQIFDLPVDFQLDEKVLNARYLKLQKALHPDNFVSSSALEQRVAMQKSTEVNDALKTLKDPILRAEAIIALNTGEQLDLEQKSTQDVAFLMQQLQWREQLEDVESQQDERALNVFAKEIKQETQSLLTALFESLKSQQWARASQYCDKLRFTHKLSEEIERVEERIFELD,length1,522
1,1319895,1319892,3,M,length1,3
1,1320123,1320105,18,MKQVEF,length1,18
1,1320150,1320132,18,MVGYVF,length1,18
1,1320258,1320252,6,MM,length1,6
1,1320294,1320282,12,MVVR,length1,12
1,1320402,1320393,9,MAM,length1,9
1,1320450,1320444,6,MM,length1,6
1,1320495,1320462,33,MVTKFLYLRLI,length1,33
1,1320618,1320522,96,MNVKNRKSILKPITKQTLQKKINLIWRIPSHN,length1,96
1,1320837,1320768,69,MMNKNAVLCRQLFIMALKRRKLV,length1,69
1,1320981,1320918,63,MFSLVILVCLMNLWRVKMDYL,length1,63
1,1321155,1321116,39,MMLNVKALKMLRV,length1,39
1,1321182,1321167,15,MYYVY,length1,15
1,1321257,1321185,72,MNLLQLHLLMDWIVGKKALLRFMI,length1,72
1,1321365,1321350,15,MILII,length1,15
1,1321509,1321470,39,MKKVRLFLGKIFQ,length1,39
1,1321539,1321533,6,MN,length1,6
1,1321626,1321593,33,MPMWNPKKYKP,length1,33
1,1321662,1321659,3,M,length1,3
1,1321818,1321800,18,MLSRFP,length1,18
1,1321929,1321914,15,MGKRQ,length1,15
1,1321962,1321938,24,MCYKANES,length1,24
1,1321983,1321968,15,MIVVL,length1,15
1,1322073,1322058,15,MQMVY,length1,15
1,1322142,1322136,6,MD,length1,6
1,1322157,1322148,9,MKK,length1,9
1,1322259,1322187,72,MHKKIYKHVNWQSSVWKQIVLLKA,length1,72
1,1322331,1322280,51,MGLNCLAQMNFIILKLC,length1,51
1,1322349,1322346,3,M,length1,3
1,1322397,1322370,27,MQLRKELKP,length1,27
1,1322457,1322436,21,MHQLIKL,length1,21
1,1322616,1322559,57,MKIFVLKVWSLMLQQEITY,length1,57
1,1322640,1322631,9,MRE,length1,9
1,1322691,1322661,30,MVLVLVQLAT,length1,30
1,1322751,1322721,30,MKRVIKKKIC,length1,30
1,1322826,1322811,15,MKILW,length1,15
1,1322922,1322859,63,MRRLTNEMDRRPINCRRTLRS,length1,63
1,1322979,1322970,9,MDL,length1,9
1,1323057,1323048,9,MAG,length1,9
1,1324020,1323945,75,MVFKCGNSERTFSANSKATNVAPSP,length1,75
1,1324647,1324590,57,MINSASISGFAIPNTSTPT,length1,57
1,1324911,1324749,162,MAARTQPAVPSGRKVNCSSLSQKVYISFETTSVTSPIARANNGVLSTIGIRTSE,length1,162
1,1325562,1325193,369,MSASPGPFTTQPIIDTSIGVIISSRRCSSAFTVPITSNSWREQVGQAIKLIPLERIRKDFKISKPTLISSMGSAAKEMRSVSPMPSANNIPKPTADFTAPARAPPASVMPKCKGCLIALASKR,length1,369
1,1325865,1325802,63,MLPGLIRKQSTPYSATFNAIR,length1,63
1,1326270,1326252,18,MKIHCH,length1,18
1,1327290,1327263,27,MIIIRRIKG,length1,27
1,1327455,1327356,99,MYIALFMIKFYGYFILTKGIFYLPLLLIIMCKC,length1,99
1,1327500,1327458,42,MYEIVIFIVLKCFV,length1,42
1,1327587,1327581,6,MI,length1,6
1,1327731,1327722,9,MKT,length1,9
1,1327740,1327737,3,M,length1,3
1,1327854,1327758,96,MPRILINFCYPNILSKLAFHCRTFSTIDHISS,length1,96
1,1328124,1328049,75,MSVFNAIIYMIEHHILNRHFAVVCI,length1,75
1,1328226,1328223,3,M,length1,3
1,1328793,1328775,18,MINPFN,length1,18
1,1330044,1329063,981,MENLTALFCDLGRKYFQLQRKKCGKMRAYFLRCPIMFKKALFILSLCPSFSLAQSYVVYDFTHNRVLESHAPDSIQPIASVTKLMTANVFLENNKNPNCRIAITKEDTDRIKGTGTKLPKNIPISCNELLKAMLVHSDNYAAHALSRAAGISRRQFINKMNEKAHQLGMYSTRFHDSSGLSSYNISSPMDLVKLAKYSLNKSDIKRLSNLSATYIQAGKHKLYIKNTNKLVRDEIFDAAVNKTGYIQESGYNLVFINKHRCKNATIGVISLNNTSSAYRSSFTKSKLEKFGCTALNGRTIRDVAGEAQYEDGYDEVGFNTLIQKLSK,length1,981
1,1330275,1330221,54,MFCSFFIHSIHFVRNNYK,length1,54
1,1330353,1330341,12,MNNC,length1,12
1,1330671,1330641,30,MERLKFRTLV,length1,30
1,1331043,1331028,15,MANQC,length1,15
1,1332210,1331292,918,MDSFSTSIWVNDVTVRYNNGHTAIHNMTFSLNSGTICALVGVNGSGKSTLFKSIMGLVKPQQGEIKLCDLPISQALKRNLVAYVPQSEEVDWQFPVSVYDVVMMGRYGYMNFLRIPKAIDKQKVQEAMQRVNIEHLAHRQIGELSGGQKKRVFLARALAQQSPIILLDEPFTGVDVKTENAIVDLLQQLREEGHLILVSTHNLGSVPDFCDQVVMINRTVIAAGKTEDTFNQHNLEIVFGGVLRHIKLLGENLHNDEDKRSVTVLTDDEKAVVFYGETKQDPPAPTTQNCHFEDCPYKSAVKNKRD,length1,918
1,1333062,1332216,846,MLDLLLEPFSYDYMLKAMILSTAVGGICAFLSSYLMLKGWSLIGDALSHSVVPGVAIAYAFALPYALGAFFAGILAALSILWIKSISKLKEDAVIGFIFSTFFALGLLIISLNPTAVNVQNIILGNILGIADEDIYQVAIIIGVCLVLLLLFWKDLLLIFFDETQAITVGLSPLFYKILFFTLLSACVVAALQTVGAILVIAMVVTPGATAYLLTDKFKTLSIIAIILGAVTSFVGVYISYYLDGATGGVIVTLQTLLFLVAFLFSPKYGLLTRNKKAVENV,length1,846
1,1333785,1333722,63,MDCYCQFHYIKSNWRNIELSF,length1,63
1,1334796,1334787,9,MVC,length1,9
1,1334925,1334889,36,MPMFFYLLRCFY,length1,36
1,1335015,1334979,36,MRYLLAFLKQAD,length1,36
1,1335129,1335033,96,MHQSQHPLVLLKGRAKATNLHSLIPHLYCLNQ,length1,96
1,1335396,1335252,144,MDLKSVNPLALKASLLPLVDKAEADNSRLNQLFLPQLISAVMQDQQVR,length1,144
1,1335846,1335744,102,MNRPIHLPPHQSGRPKRQFASPKQKQAKPQVIAL,length1,102
1,1336023,1335981,42,MPFHSQTTTPTTAQ,length1,42
1,1336164,1336092,72,MRATTPKSTQIESLTTALSKFLTT,length1,72
1,1336434,1336389,45,MQLTRGVTFGQNHRR,length1,45
1,1336485,1336446,39,MRFRRTQHKNTLT,length1,39
1,1336635,1336569,66,MATDGIKSGKRLIKQNQIRLLH,length1,66
1,1336773,1336701,72,MCCHSHFFKQHFSFFSGFCRFSPK,length1,72
1,1337004,1336995,9,MLK,length1,9
1,1337157,1337076,81,MRNKKERIRNGMKRKWIFWHISFLRQC,length1,81
1,1337412,1337397,15,MFIIF,length1,15
1,1337622,1337436,186,MNGTICQSINQSINQSINQSINQSINQSINQSINQSINQSINQSINQSINQSLSLLQVMEQV,length1,186
1,1337718,1337658,60,MMFSVAINFILKIIIFLARK,length1,60
1,1337823,1337790,33,MNINMNILILS,length1,33
1,1338039,1337937,102,MLIYNITNYMKIRELHQAFICVQWRLQWVIKIFI,length1,102
1,1338174,1338168,6,MI,length1,6
1,1338210,1338177,33,MHFIFYKNIME,length1,33
1,1338438,1338432,6,MI,length1,6
1,1338549,1338495,54,MDIALNMRGYLTRYNNTF,length1,54
1,1339659,1338645,1014,MAILVTGGAGYIGSHTVVELLNAGKEVVVLDNLCNSSPKSLERVKQITGKEAKFYEGDILDRALLQKIFAENEISSVIHFAGLKAVGESVQKPTEYYMNNVAGTLVLIQEMKKAGVWNFVFSSSATVYGDPKIIPITEDCEVGGTTNPYGTSKYMVEQILRDTAKAEPKFSMTILRYFNPVGAHESGLIGEDPNGIPNNLLPYISQVAIGKLAQLSVFGSDYDTHDGTGVRDYIHVVDLAVGHLKALQRHENDAGLHIYNLGTGHGYSVLDMVKAFEKANNITIAYKLVERRSGDIATCYSDPSLAAKELGWVAERGLEKMMQDTWNWQKNNPKGYRD,length1,1014
1,1341078,1339803,1275,MSNSLSSQIFTRKMLICAFTGFNSGLPLFVLSQMLPVWLTDKHLSIELIGAVTGVMLPYGLKFLWAPLLDRYFPSFLGRRRSWMLLSQVALLILLYIISLFDPLTQLGTVANIALLIAFFSATQDIVLDAYRREILSDHELGLGNTIHINAYRIAGLIPGGLSLYLAAIYPWETVFLWTALCMLAGIFMTLFLAKEPKINVQQSNQPFYQAFWIPLQEFFQRKGVIQAIGFLLFLFLYKFGDSFATTLQTKFIYDMGFSKEDIAIVVKSTALWSSILSGLAGGMIMLKLGINRALWLFGLVQMVTIGGFIWLSAFGHFDVITSAELWKLGVVIAAEYIGVGLGTAAFVAFMARESNPLYTATQLALFTSLSALPSKVLGILSGYVVGAVGYYQYFWFCLFLAIPGMLCLFWVAPWKQKNNKTSSV,length1,1275
1,1341150,1341117,33,MLYQYLNHVLY,length1,33
1,1341807,1341165,642,MKIILLGAPGAGKGTQAQFIMNKFGIPQISTGDMFRAAIKAGTELGKQAKALMDEGKLVPDELTVALVKDRIAQADCTNGFLLDGFPRTIPQADALKDSGVKIDFVLEFDVPDEVIVERMSGRRVHQASGRSYHIVYNPPKVEGKDDVTGEDLIIRADDKPETVLDRLAVYHKQTSPLIDYYQAEAKAGNTQYFRLDGTQKVEEVSQELDKILG,length1,642
1,1342197,1342131,66,MTITTFFRIVSFHTRPFILSHF,length1,66
1,1342221,1342203,18,MRIEFF,length1,18
1,1342368,1342356,12,MHAM,length1,12
1,1342434,1342395,39,MAACTELFSVGFL,length1,39
1,1343712,1343706,6,ME,length1,6
1,1344042,1344012,30,MTSFRFFFPA,length1,30
1,1344060,1344051,9,MFT,length1,9
1,1344177,1344159,18,MYCWNK,length1,18
1,1344237,1344204,33,MLFFQCNRFID,length1,33
1,1344570,1344474,96,MQHVIRTGLNTLSATNTSGRKRFRILQSKWRA,length1,96
1,1344843,1344753,90,MGENKVRLIFTWFLRSLFHFYRTFFEVGFF,length1,90
1,1345008,1345002,6,MT,length1,6
1,1345131,1345068,63,MQFWYTACHCPRMPMFKNTTC,length1,63
1,1345350,1345329,21,MIHIKWS,length1,21
1,1346016,1346007,9,MRE,length1,9
1,1346124,1346109,15,MNIVD,length1,15
1,1346217,1346151,66,MLVKAHCPVGNHFLRWISIKFR,length1,66
1,1346640,1346361,279,MLWTQTIANIRFSAFKFGMFINKIPINRIILNKIIDDVVHNCQISLRCKYQTVIGKFKTTMFVSRKYSDTNIRIRNTAISNTRPQNWVHFRHI,length1,279
1,1347804,1347801,3,M,length1,3
1,1348200,1348179,21,MRTTQNR,length1,21
1,1348317,1348302,15,MLLSI,length1,15
1,1350264,1350234,30,MAARWRDWFR,length1,30
1,1350513,1350441,72,MGSRPLWTKCHCDWHEIGIVHAIF,length1,72
1,1350921,1350891,30,MWLDRTMPSL,length1,30
1,1351116,1351002,114,MWRLRFYPFSYYWSRHRTIRRNLENAISSLFCSANRPR,length1,114
1,1352325,1352292,33,MAFFFGCIMRG,length1,33
1,1352397,1352349,48,MFHRWCFGKHKNHNQH,length1,48
1,1352745,1352682,63,MRDAALGHRLNYRRTNYRDKE,length1,63
1,1352910,1352889,21,MRIARST,length1,21
1,1353270,1353192,78,MLFLQIFASCGFRTETFDDFRLGINI,length1,78
1,1353579,1353459,120,MQTHLTHLFAKTWHFSICYRKGCIRRYIAFCWPSSTSCQH,length1,120
1,1353612,1353582,30,MATLFIHQLF,length1,30
1,1353678,1353663,15,MERIY,length1,15
1,1354062,1353930,132,MQSLDLSHVLKVRGVLYQCDQQLPLPHCLKVLTPSQAKQKKSSI,length1,132
1,1354194,1354176,18,MNISWN,length1,18
1,1354374,1354317,57,MKFNFHINSSKLFFGISTA,length1,57
1,1354503,1354470,33,METTCVIFAPN,length1,33
1,1354542,1354524,18,MSRLQI,length1,18
1,1354743,1354644,99,MMHKIVHTLHNHIAIVLFRFLLRIDRTFVSNMT,length1,99
1,1355199,1355163,36,MTNFTMNGVSKI,length1,36
1,1355487,1355436,51,MHLLGSNLYFNWLATFT,length1,51
1,1355559,1355499,60,MNRLITVRFRVRDIIVKFFG,length1,60
1,1355649,1355577,72,MYNSKCGVTILQFLHDNSDRSYII,length1,72
1,1355748,1355667,81,MLFLHFAPNAVNMFRTTIDFHLLDIFT,length1,81
1,1355814,1355787,27,MFTIKTTFL,length1,27
1,1355874,1355847,27,MEITEAVIL,length1,27
1,1356081,1355976,105,MLCITQESNTFGKFDDHAAEIVHHRQQHTANIIHL,length1,105
1,1356147,1356096,51,MTGIKLANIIHLQHAFK,length1,51
1,1356543,1356450,93,MRTTNSNHNTPLLMKSKQLPVAFILGGYCTE,length1,93
1,1357056,1356960,96,MPQNKSNTQSCWLNSSQSNAVLIIRSFNALFT,length1,96
1,1357104,1357089,15,MPSEN,length1,15
1,1357230,1357137,93,MPLSLCKNSINFSCSANLSNKVRSISARFFV,length1,93
1,1357500,1357413,87,MSICFVFGLNHKLKRTRRRYAQASPQIIG,length1,87
1,1357824,1357818,6,MV,length1,6
1,1358202,1358088,114,MSLRNPLARQTPHNAENPRRNRAFVKVEIQKDATLAQR,length1,114
1,1358415,1358379,36,MCFFPSNATIKV,length1,36
1,1358499,1358442,57,MNALHAPLLQSRLNAHFLQ,length1,57
1,1358838,1358772,66,MQIFFVFFMRGVYNTNNFIILT,length1,66
1,1359405,1359279,126,MFSQKDERLQIYSQVLHQRFELSFLFLLEQVWLQQSVRFLLF,length1,126
1,1359567,1359432,135,MEPVHSPPLSLLFSQYLYAQLVALPLFSSAELAQLLLAVPLELVA,length1,135
1,1359717,1359579,138,MPQPFHLAFDLEIEQHFVALAHFLLMGFEPSYYSPLPLLLVQIQIG,length1,138
1,1359882,1359870,12,MRRK,length1,12
1,1360158,1360143,15,MNRQK,length1,15
1,1360329,1360308,21,MIVDFYP,length1,21
1,1360650,1360566,84,MARPLNFIQQMQVIRQNACLKKFIAQYF,length1,84
1,1360812,1360737,75,MSKNLINFIRVINVCHHNCLQTSFC,length1,75
1,1360917,1360908,9,MFY,length1,9
1,1361007,1360989,18,MCRNVI,length1,18
1,1361172,1361058,114,MSAKAITTIHRTTAFCHKEQAISIFMKNIWHRIGIFFF,length1,114
1,1361883,1361805,78,MVIRPSRLYRDFMEWRTNYCYATKLC,length1,78
1,1362117,1362066,51,MTKVRLISAIYCSNKKH,length1,51
1,1362630,1362579,51,MLSIKIIQLFSCFVIFF,length1,51
1,1362711,1362654,57,MNAMLRFLNGLFRCCLGFS,length1,57
1,1362732,1362714,18,MSIFAN,length1,18
1,1362966,1362933,33,MSLIKLLNFLI,length1,33
1,1363113,1363110,3,M,length1,3
1,1363659,1363524,135,MPHSTKIIKPIKPPMIVELVTNCVAKVATIAIKLATICFGLILAM,length1,135
1,1363833,1363734,99,MAVSKPKIIPITGNNIAKETCATFVCKPKVAPA,length1,99
1,1363899,1363839,60,MFLTKILSIKIFPKPTGNNI,length1,60
1,1364130,1364037,93,MANNANTAKMKYLNQVKLPAVGVLFIFVMIL,length1,93
1,1364193,1364169,24,MANAPSIA,length1,24
1,1364400,1364244,156,MVLVKPKSPINPAVSAAITSAIITLMRSKLSASKTMIEITTGFDNIVFFLVN,length1,156
1,1364421,1364403,18,MINTLL,length1,18
1,1364472,1364457,15,MPPIS,length1,15
1,1364763,1364748,15,MWETT,length1,15
1,1364796,1364775,21,MIDHIAE,length1,21
1,1364913,1364832,81,MGLFTIKRNFCGLTGFNENSLTKHQSC,length1,81
1,1365243,1365192,51,MKMAFLIRMQITVFIHF,length1,51
1,1365813,1365651,162,MLCHVHIYLRPSCMLIQFLPHFRHLRNLKKPAYICILDFHWCVINAYLKHLDKI,length1,162
1,1366053,1366017,36,MRDKRSIDHYFR,length1,36
1,1366866,1366857,9,MSK,length1,9
1,1367073,1367001,72,MTIEAFLISTWRISSQRISTGTSL,length1,72
1,1367274,1367265,9,MLE,length1,9
1,1367394,1367334,60,MKSPNLAMGVENRVSFTIMC,length1,60
1,1367496,1367457,39,MRHGTLFLFNTHG,length1,39
1,1367649,1367640,9,MFW,length1,9
1,1367892,1367811,81,MGNGQQCGIAFTILYCTLCNECFFMTN,length1,81
1,1368090,1368021,69,MAQKSLYFEHLLLFFAFLIDLSA,length1,69
1,1368348,1368303,45,MALCKFVLILNIKMH,length1,45
1,1368402,1368372,30,MNSVFKLKVK,length1,30
1,1368507,1368486,21,MLLMFYH,length1,21
1,1368708,1368636,72,MIMVSLILKLQCLPKQRQKARATI,length1,72
1,1368780,1368741,39,MHCRNHHSFSNSF,length1,39
1,1368894,1368831,63,MKICEQTVSLSLLKSMWKLLS,length1,63
1,1369062,1369059,3,M,length1,3
1,1369200,1369080,120,MLNLKYLMSQQTIQMAVLQSFEYQMVQKLLVNKLMNIHNL,length1,120
1,1369293,1369251,42,MLVLKACKVRLRNS,length1,42
1,1369317,1369296,21,MKRYGKR,length1,21
1,1369410,1369332,78,MHKLAIFYSSVQTNGKRPLMQWVRYV,length1,78
1,1369563,1369494,69,MKKVILQQCTIHSLHQKISAQSN,length1,69
1,1369731,1369593,138,MLTIWSSTATKWVVVLCVFLIRKCNKLCSVFLVLTKNNNARNSVSY,length1,138
1,1369740,1369734,6,MH,length1,6
1,1369770,1369761,9,MLV,length1,9
1,1369830,1369827,3,M,length1,3
1,1369977,1369959,18,MKCGQI,length1,18
1,1370172,1370076,96,MILIFGSLLLAPLKVVRHQKKQQFVSYGKKCG,length1,96
1,1370220,1370211,9,MRA,length1,9
1,1370445,1370397,48,MRKQLENIFLKINRRK,length1,48
1,1370757,1370748,9,MFK,length1,9
1,1370814,1370805,9,MWW,length1,9
1,1371198,1371192,6,MQ,length1,6
1,1371228,1371201,27,MGNLITYFL,length1,27
1,1371390,1371381,9,MLE,length1,9
1,1371471,1371456,15,MRIQH,length1,15
1,1371552,1371519,33,MIYLFLNMPHV,length1,33
1,1371726,1371651,75,MPRMRWLLRLHTLILFNILYILPIL,length1,75
1,1371948,1371813,135,MFVQFYFILCVNFFIIRKNYDRSLTRHSFRKTTSRNFTQCARRRL,length1,135
1,1372575,1372536,39,MKMLSTVLFVLNY,length1,39
1,1372656,1372584,72,MLGSRKYASRWIFSSRQPNYVKMP,length1,72
1,1372734,1372722,12,MKWA,length1,12
1,1372905,1372812,93,MMCYLLMKSIDFPLLLKKSFIQQWKTISWIL,length1,93
1,1373223,1373190,33,MQMYVMAVLFL,length1,33
1,1373253,1373226,27,MWQNKRFQC,length1,27
1,1373259,1373256,3,M,length1,3
1,1373283,1373265,18,MLDLII,length1,18
1,1373340,1373322,18,MVALWG,length1,18
1,1373394,1373388,6,MF,length1,6
1,1373865,1373685,180,MWVPGCFSAWAIKFSVSLNSCSHCLGIELGSAKTEVENKHKSAVKKSVIFFILESKITFR,length1,180
1,1373964,1373940,24,MRVKLINQ,length1,24
1,1374090,1374024,66,MKSFMQSFQSFFCHVSINLCCR,length1,66
1,1374126,1374099,27,MTQQHLHHA,length1,27
1,1374306,1374150,156,MGGKSMAKNVRGKCISINIRKNGIMFYTMPESLTSHLLCALTWKHNIRTLPI,length1,156
1,1374966,1374942,24,MLNNQKGI,length1,24
1,1375188,1375128,60,MALRLRGDIANNRIMANGIG,length1,60
1,1375479,1375440,39,MRALNQPYCNHDS,length1,39
1,1375836,1375827,9,MRN,length1,9
1,1375923,1375899,24,MIGFFNQR,length1,24
1,1376700,1376532,168,MPSPTNAGVFGMTRTIDFTLGINAFKRSVEIPAAMEINNLSEKSTALSGKQTSAII,length1,168
1,1376967,1376934,33,MGYNTAHSTLY,length1,33
1,1377129,1377126,3,M,length1,3
1,1377189,1377171,18,MYPKNL,length1,18
1,1377405,1377375,30,MFQVSKKQSD,length1,30
1,1377558,1377501,57,MESAYTLDDFNQSLAERIK,length1,57
1,1378470,1377654,816,MVLDLDRENSAMDWELLGLPSPNIVVQNRLNGRCHYIYALEVPICNTKNARFKPISYFKKIQRAYIDKLGADQHYVGVFTKNPNSNFWRTFVFNVPKYTLDYLADFVDLSNKPVFYLNDNEDIEGRNCSLFNQIKKIGYREILKFKCSGKQLEQFNQYLLSSLELLNQNHNPPLPYRELKGIARSSSRWIWERFSESSFQQIQSNRSRKRWEKQQIIKKELFNQFGANKPNMSLKQIAEQFSISVSSLNRWAEEFGWVKSKNDLKSKYEKIA,length1,816
1,1378566,1378542,24,MCFKRYKR,length1,24
1,1378674,1378584,90,MFLVAYFFILYKFQGNLESKIQEYELVVQI,length1,90
1,1378860,1378842,18,MNLTLN,length1,18
1,1379070,1379055,15,MYIGI,length1,15
1,1379112,1379094,18,MMSRCI,length1,18
1,1379136,1379124,12,MINL,length1,12
1,1379232,1379151,81,MKKELIFELFMTILVFTTHWYKTISFR,length1,81
1,1379727,1379718,9,MLN,length1,9
1,1379784,1379781,3,M,length1,3
1,1379910,1379883,27,MLRLKELSC,length1,27
1,1380489,1380069,420,MNVHEKIRKLRETKHWSQEEMAEKMSMSLNGYAKIERGETKLHLDKLEQIAQILDIDIVELINSGERNVFVQFNENSHFGSSFQGDNEKSLLIEIEKLKLSLSHCQQLLEEKEGLLNKLVEQKDNEIKLLREMVELLKKG,length1,420
1,1380723,1380645,78,MRKARFKNFQIHFGKCLAKIGACDRT,length1,78
1,1380732,1380729,3,M,length1,3
1,1380792,1380789,3,M,length1,3
1,1381053,1381050,3,M,length1,3
1,1381062,1381056,6,MT,length1,6
1,1381140,1381107,33,MMCCSVYIKSL,length1,33
1,1381275,1381272,3,M,length1,3
1,1381494,1381455,39,MLFYVFLRINLIS,length1,39
1,1381833,1381809,24,MISYHYGY,length1,24
1,1381902,1381860,42,MNYKWCFVISKLLI,length1,42
1,1382247,1381932,315,MSYKVNFWFKNLMTYRLTKPLDWDLTQLQTQLEDCQFHPCGAQDQSKFGWSAPLRGSDLLYFSVGKQILLIAKKEEKILPANVVKRELDERIESLEKKKIANLKR,length1,315
1,1382277,1382268,9,MMS,length1,9
1,1382415,1382361,54,MPHQVNARKMRSHYCVNP,length1,54
1,1382469,1382451,18,MNLARF,length1,18
1,1382625,1382586,39,MKKFSLFCKMAKK,length1,39
1,1382742,1382730,12,MMIF,length1,12
1,1382784,1382769,15,MQILY,length1,15
1,1382868,1382826,42,MNLVAKKQDYKIAL,length1,42
1,1383078,1383051,27,MNINAKTTL,length1,27
1,1383765,1383747,18,MLKSVG,length1,18
1,1383981,1383915,66,MHLSLQVMQFQCVKHVFLIKFQ,length1,66
1,1384068,1384062,6,ME,length1,6
1,1384299,1384122,177,MRHHFLHTNLAISSMDEFLARYYDRTVRKLQSQFFAIVGFFYPFALHQVLRHSVLTIMA,length1,177
1,1384770,1384638,132,MKKCGHFNWCFYWIFILRRINAIILCKSKNNKDKAYKGIFPNTE,length1,132
1,1385754,1385613,141,MINNKAFAKTNLRFFVLNKEETRLKMTALDQTVKNVNPVTPKIGAMP,length1,141
1,1386084,1385985,99,MLTLSQLTPKQKNPIAHKKVDKSAVDFLGFLAT,length1,99
1,1386294,1386261,33,MFIWHCDSKLN,length1,33
1,1386588,1386486,102,MTRKLTNIRDFFFIKFIFNIANNLFQNIFNGNKT,length1,102
1,1386636,1386624,12,MKTL,length1,12
1,1386846,1386822,24,MSGFNNCV,length1,24
1,1387146,1387137,9,MSY,length1,9
1,1387362,1387353,9,MDF,length1,9
1,1387773,1387734,39,MFNFYTGYFTLDK,length1,39
1,1387989,1387959,30,MAKSLHFSRP,length1,30
1,1388193,1388190,3,M,length1,3
1,1388406,1388385,21,MPSPTKA,length1,21
1,1388670,1388595,75,MWNYVYIAQMKQQTVRVEKMVLQQI,length1,75
1,1388691,1388688,3,M,length1,3
1,1388796,1388736,60,MAHWQIWNIFCKLQVMLQQV,length1,60
1,1389003,1388826,177,MPLYFLQIFAEVSHNDELCFTSYSACNCSKWRDLYDLARFMGTQSAATILAFAVFCFAT,length1,177
1,1391478,1390260,1218,MTKKLFYYQGSNALNQKQKGSIIADTKQQAHFQLISRGLTHIKLQQNWQFGAKPKNSEISELLNQLATLLQSVIPLKNSLQILQQNCTQIMLNKWLERLLQSIESGLAFSQAIEQQGKYLTQQEIQLIQVGEMTGKLAVVCKKIATHRSQSLALQRKLQKIMLYPSMVLGISLLLTLALLLFIAPQFAEMYSGNNAELPTITAILLSISNFLKQNIGILLFFVLSFFLFYYFYLKRQTWFHQKKNQLISITPIFGTIQKLSRLVNFSQSLQIMLQAGVPLNQALDSFLPRTQTWQTKKTLVNDMVLDKEVRSILQWVSQGYAFSNSVSSDLFPMEAQQMLQIGEQSGKLALMLEHIADNYQEKLNHQIDLLSQMLEPLMMVIIGSLIGIIMMGMYLPIFNMGSVIQ,length1,1218
1,1391664,1391574,90,MRLTLNYFHKTVLHFNRTLPLFNKKSAVIF,length1,90
1,1392369,1392363,6,ML,length1,6
1,1393125,1393068,57,MALSFQIRFCYGTLQVCHH,length1,57
1,1393584,1393548,36,MARKLPLKPYAV,length1,36
1,1393797,1393767,30,MQNMAKKVSK,length1,30
1,1393869,1393848,21,MNALAAN,length1,21
1,1393962,1393923,39,MHSQDSLYPPMQI,length1,39
1,1394019,1393977,42,MMKSLKMPKCLCVN,length1,42
1,1394202,1394190,12,MLSS,length1,12
1,1394271,1394268,3,M,length1,3
1,1394319,1394307,12,MQPF,length1,12
1,1394478,1394475,3,M,length1,3
1,1394928,1394901,27,MVYNLLMCN,length1,27
1,1394982,1394955,27,MKIESILHS,length1,27
1,1395087,1395000,87,MLDLTPQSKKISIQIGGMTCQSCANRIHQ,length1,87
1,1395315,1395111,204,MKTITLNIKGIHCGCCVKSLTQVLTELDGVQSADVQLEGKANITFDENRVNIAQLIEVIEDAGFDATE,length1,204
1,1395834,1395822,12,MNYQ,length1,12
1,1396155,1396050,105,MSLSAQERSLFIFILLSCCFTTPIMQWGMCILKLL,length1,105
1,1396365,1396275,90,MKNGLKLLLTKSISAKSFVRIKANVLRQTA,length1,90
1,1396404,1396380,24,MDGVMKAI,length1,24
1,1396620,1396536,84,MHYQMHKVQKHPLLDLLTKLLPCLFLSF,length1,84
1,1396683,1396665,18,MIVCLH,length1,18
1,1396863,1396779,84,MLAYGLKMRLQWRKPPTWIPLYLIKLAH,length1,84
1,1397214,1397187,27,MMNPSVHLH,length1,27
1,1397283,1397277,6,MS,length1,6
1,1397439,1397433,6,ME,length1,6
1,1397457,1397442,15,MMRLL,length1,15
1,1397586,1397559,27,MRFLLQEQP,length1,27
1,1397976,1397958,18,MLWSKL,length1,18
1,1398027,1398012,15,MQRGC,length1,15
1,1398426,1398417,9,MKK,length1,9
1,1398552,1398525,27,MNFQQQVVS,length1,27
1,1398999,1398975,24,MRPHFSSY,length1,24
1,1399125,1399101,24,MRFAKSQQ,length1,24
1,1399161,1399152,9,MYL,length1,9
1,1399221,1399200,21,MDYYNRF,length1,21
1,1400613,1399248,1365,MISVFDMFKVGIGPSSSHTVGPMKAGKQFIDDLIKRNQFEQTAEIHVDVYGSLSMTGRGHSTDIAIIMGLAGYLPHNVDIDMISGFIEKVKQTALLPINVGQKIVKFDFENNLIFHRTFLKLHENGMTITALDENRTELYRQTYYSIGGGFIVDEAHFGKEEKNTVQVPYPYKNAEDILKHCSDNGLMLSTVMLENEIALNGKEAVSAHLENVWKTMQACIEHGIHTEGILPGPLRVPRRAASLYRALQANTNLSNDPMRVIDWVNMFALAVNEENAAGGRVVTAPTNGACGIIPAVLAYYEKFISPLTPEIIERYLLAAGMIGSLYKMNASISGAEVGCQGEVGVACSMAAAGLAEILGGNPLQVCIAAEIAMEHNLGLTCDPVGGQVQVPCIERNAIASVKAINASRMALRRTTNPRVSLDKVIETMYETGKDMNAKYRETSQGGLAVKIVCN,length1,1365
1,1401153,1401150,3,M,length1,3
1,1401792,1401789,3,M,length1,3
1,1402152,1402137,15,MASSS,length1,15
1,1402356,1402344,12,MPGI,length1,12
1,1402371,1402362,9,MRS,length1,9
1,1402647,1402644,3,M,length1,3
1,1402875,1402788,87,MITMALVLAFTFALISSIAGNQFTSSSQR,length1,87
1,1403268,1403262,6,MS,length1,6
1,1403559,1403538,21,MNLSVFR,length1,21
1,1403688,1403637,51,MKKKHWLRLAKCSHFHS,length1,51
1,1403826,1403796,30,MRKVYWYHFL,length1,30
1,1403964,1403832,132,MSKVRMILWPTSKLLKISPHFLLCQNKFLCIQSLELTKELGAIG,length1,132
1,1404039,1404021,18,MKLLFI,length1,18
1,1404069,1404054,15,MRTIF,length1,15
1,1404282,1404267,15,MTRKI,length1,15
1,1404351,1404348,3,M,length1,3
1,1404366,1404357,9,MWN,length1,9
1,1404438,1404429,9,MRM,length1,9
1,1404561,1404543,18,MREHWA,length1,18
1,1404711,1404570,141,MHVQNFVWRFVPPLLRVIGFVYLLVRALWQARSHWKSGKKLNVKQQG,length1,141
1,1407297,1407270,27,MLGFIPFFL,length1,27
1,1407426,1407408,18,MRLPLY,length1,18
1,1407594,1407456,138,MIRFLMTYFLFLRLHLHFLHVLLVRHYLVTSAIKSVVKKPWSPPLF,length1,138
1,1407729,1407636,93,MLKLVFGRRFCFAYAVLVKVLDSVVNGAVQR,length1,93
1,1407789,1407744,45,MHQKENELGTVLSLN,length1,45
1,1407834,1407819,15,MERSS,length1,15
1,1407909,1407858,51,MHLLNGRGVFRLSLPFY,length1,51
1,1407936,1407927,9,MFA,length1,9
1,1408002,1407993,9,MHQ,length1,9
1,1408155,1408143,12,MRLA,length1,12
1,1408269,1408239,30,MPIKSVAVNG,length1,30
1,1408359,1408329,30,MAHQLAYLHF,length1,30
1,1408536,1408521,15,MRHLV,length1,15
1,1408572,1408566,6,MY,length1,6
1,1408617,1408614,3,M,length1,3
1,1409013,1409001,12,MHYT,length1,12
1,1409073,1409022,51,MLKIPFRSSLHSNLAIV,length1,51
1,1409298,1409142,156,MYQMKRLYPHKARYLLLSLHYKVRLYIQSLPQRDILKVRNDSLHHLSEQKRL,length1,156
1,1409442,1409403,39,MLKDHQYPWNIQQ,length1,39
1,1409475,1409472,3,M,length1,3
1,1409679,1409649,30,MISPLGKILF,length1,30
1,1409868,1409856,12,MQKF,length1,12
1,1409958,1409910,48,MEASMKAQFVRKQCHR,length1,48
1,1410000,1409991,9,MLV,length1,9
1,1410066,1410060,6,MN,length1,6
1,1410078,1410069,9,MLY,length1,9
1,1410195,1410144,51,MKIMYVLAIVIKSAQPF,length1,51
1,1410342,1410297,45,MFVLLKQEQLSKRMN,length1,45
1,1410426,1410414,12,MKLN,length1,12
1,1410726,1410555,171,MSIWSSLRRLLWQISFETSISRNGRATYAFTLYGLCVKKYSLYCCNNCAKPTNFIRA,length1,171
1,1410822,1410741,81,MGGQHRVARIRNSKNRKPYKNSKCGGI,length1,81
1,1411803,1410996,807,MISLKNFGLLFWKRFSENKLNQVAGALTYSTMLAMVPLVMVIFSIFSAFPVFNEVTGELKEMIFTNFAPSASDMVGEYIDQFVSNSKKMSAVGIVSLIAVALMLINNIDRTLNSIWHNSQSRSPLSSFAIYWMILTLGPLIIGVSIGISSYIKIMFEQSEHLSLGLKLLSFVPFLFTWFIFTLIYTVVPNKKVKIKHSAYGAFLAAIFFTLGKQAFTWYIVTFPSYQLIYGAMATLPIMLLWIQISWLVVLVGAQLASTLDEIGEQIEQ,length1,807
1,1412787,1412763,24,MESGGIDC,length1,24
1,1413141,1413087,54,MLLPNTPKDSASLKPKIA,length1,54
1,1413399,1413357,42,MPPNKKVKSVIAKK,length1,42
1,1414491,1414449,42,MVKSSVGAWPLLPN,length1,42
1,1415220,1415172,48,MVESTLYPRITARICG,length1,48
1,1415256,1415232,24,MALQRSKH,length1,24
1,1416384,1416381,3,M,length1,3
1,1417350,1416711,639,MEQYKRDFIEFALSRNVLKFGEFTLKSGRKSPYFFNAGLFNTGADLARLGEFYAAAIQASAVDFDVVFGPAYKGIPIGTSVSVALFNRYGIDKPVCFNRKEVKDHGEGGNLIGSPLQGKILLVDDVITAGTAIRESMELISANKAELAAVLIALNRKERGKGELSAIQEVERDYQCQVLSIIDLDDLMQFIEQDPRYSSHLPEMRAYRAEFGV,length1,639
1,1418295,1417431,864,MGFIGKIIGVFLGWKVGGFFGAIAGLILGSIADKKLYELGSVSSSFFKKKTTRQDLFMQTTFAVLGHLSKSKGRVTEEDIQLANQLMIQLKLDDAGRKLAQDAFRRGKESDFPIRQVIREFRIGCGQRADLLRMFLQVQVQAAFADSELHENEKEVLYVIAEELGLSRMQFEQMIAMEMAARAFTQGGFYQQYQQGAYQGGYQYQQQNSGGYQHASGPTLNDAYKVLGVTESDEQSTVKRAYRRLMNEHHPDKLVAKGLPPEMMEMAKEKTQQIQAAYDLICKAKGWK,length1,864
1,1418385,1418367,18,MTTIYV,length1,18
1,1418895,1418862,33,MWLCYHLTNEL,length1,33
1,1419333,1419303,30,MTPSVHQLQG,length1,30
1,1419888,1419840,48,MGKFNYVLSCCPTFVN,length1,48
1,1419975,1419909,66,MNRSPSYLKTFKITLINQPACR,length1,66
1,1420050,1420023,27,MFFDFLKMF,length1,27
1,1420200,1420128,72,MTDFIKNLFSRDSFWIEVYKRTIF,length1,72
1,1420341,1420269,72,MFKSTFTITKFTLFCVESKGFVRV,length1,72
1,1420563,1420494,69,MPIFAAIDVKIVKICILFVRNPH,length1,69
1,1420749,1420692,57,MCFNNFTSIRLNVESVKRL,length1,57
1,1420938,1420782,156,MWQGNFDLCAALFSAMNMQLCIKLTATFRHNIQAVMPFRLLKVWNANPIIFN,length1,156
1,1421082,1421001,81,MFDRIGGGFTYNLQNVNQLLRVQTLRW,length1,81
1,1421325,1421298,27,MFEQSKLNL,length1,27
1,1421457,1421424,33,MEIKRTSKHLR,length1,33
1,1421670,1421595,75,MFSPHHFHFNEVQMVANKNVMQNLI,length1,75
1,1421925,1421880,45,MIELTHLHLHTGFCH,length1,45
1,1421991,1421928,63,MQRFHNFSVCVPNHIRHHQQN,length1,63
1,1422186,1422180,6,MF,length1,6
1,1422261,1422237,24,MKAYMITA,length1,24
1,1422582,1422573,9,MLS,length1,9
1,1423011,1422969,42,MRNTFVAPGLCEPF,length1,42
1,1423077,1423035,42,MRQIKIALEIEPKR,length1,42
1,1423551,1423197,354,MDRVFIEELTVFAQIGVYDWEQQIKQKLVFDLEMAWDCKQAAETDDVVYCLNYAEVSQAIIDYVESKSFLLIERVAYEVADLLESRYQLQGLKIKLSKPKAVAQARNVGVLVIRGCLK,length1,354
1,1423875,1423623,252,MLLPCVLNSYCSASNSPTLTLVLLPLSPNCCSSQPLPASQTATETSFSTSKLLTKFVLMIFSLESVTFNCSADKLLARTPLILS,length1,252
1,1424265,1424052,213,MSAFSMVVLVFAESPIVNAILAILASLSAEPNAPLIRTSSAALPPVLIAVIFKSSLLFLPAIFVSPSVLKV,length1,213
1,1424793,1424790,3,M,length1,3
1,1425090,1425021,69,MVIFDLKSSSFCKLVIKNKRPFE,length1,69
1,1425933,1425690,243,MSSALIIPSFLTIPRTALSSNATLIPLSGNKVNVKLSPEDKYTLPFVTLISSLLITSSPLSTTKSFALIFPSLRTLPSFSS,length1,243
1,1426224,1426200,24,MSKLFQFI,length1,24
1,1426413,1426359,54,MIREITFNLYIAYLLRKF,length1,54
1,1426626,1426620,6,MN,length1,6
1,1426974,1426950,24,MKNKLSHL,length1,24
1,1427178,1427172,6,MI,length1,6
1,1427655,1427613,42,MHCDFASVFRPHYL,length1,42
1,1428054,1427997,57,MIQHLALMPSLIYSKQSLN,length1,57
1,1428198,1428102,96,MFYLLLIDKITKIEGKQLGAFSQSKFRSYKLH,length1,96
1,1428324,1428312,12,MVHR,length1,12
1,1428669,1428636,33,MLHLHLVHLDY,length1,33
1,1428927,1428900,27,MGLGRLHYI,length1,27
1,1429539,1429461,78,MLMFLMLMVFSVANCCLSRGILRFVF,length1,78
1,1430430,1430358,72,MAMIIMIITIIINWFIYNHLHLVA,length1,72
1,1430664,1430643,21,MQIIFSK,length1,21
1,1430928,1430898,30,MGRARIWRKY,length1,30
1,1431033,1431000,33,MAKCGNFFDYF,length1,33
1,1431120,1431078,42,MLMGNIGNFCITFN,length1,42
1,1432350,1432338,12,MLVD,length1,12
1,1433100,1432515,585,MKQKIVLATGNKGKVKEMADVLSDFGFEVIAQTDLGIESPEETGLTFVENALLKARYASEKSGLPAIADDSGLVVSALNGAPGLYSARYAGEEGNDAKNREKLLAELAHVAKDQRQAKFVSCIVFLQHPTDPSPIIAEGECCGVIGFEEKGENGFGYDSLFFSPEQGCTFAELETVEKKKISHRAKALSVLKSKL,length1,585
1,1433637,1433229,408,MNIIFSSDNYYAPYLAVSIFSIIKNTPEKINFYILDMKINQENKTIINNLASAYSCKVFFLPVCESDFQNFPKTIDYISLATYARLNLTKYIKDIEKAIYIDVDTLTNSSLQELWNIDITNYYLAACRDTFIDVKN,length1,408
1,1434123,1433754,369,MNKYNNVMKYQDQDILNGICKGKVKFINNRFNFTPTDRDLIKKENLLYVKMPIVISHYCGPNKFWHKKCSHLNCHIGNLLLKEMDKIIDIPSSWYDHFEKIPFLIKIKRLRKRIRDKLIYGIY,length1,369
1,1435149,1435125,24,MRFKRSEV,length1,24
1,1435611,1435593,18,MLVSDF,length1,18
1,1436913,1436889,24,MIFVVKKF,length1,24
1,1437000,1436994,6,MH,length1,6
1,1437252,1437192,60,MKAEILCKYLINLRQKTIIK,length1,60
1,1437873,1437423,450,MLQLFDFLQQYSDYFIIGLLLLMSVIMLAMVIERYLFLRKVNVAHYSTIHALDIDLNRNMTVISTIGANAPYVGLLGTVIGILLTFYQIGHGGGDIDPSEIMLHLSLALKATALGILVAIPSMVFYNGLGRKVEVNRLKWKVLNEQKDKE,length1,450
1,1438320,1437924,396,MLVLLTVVLITASFISQGKIQVNVPKASTAVAFKSDELAKLLTVTADKQLYFNDKPISQEALEAEIAQWNKDQKVTLKIDAEASFQDFVTITDMLSKNEIKNVAIVSMKDKGKSAGKNSQESTPSQSVPTTP,length1,396
1,1439124,1438332,792,MQQTKRSLLGLLISLIAHGIVIGFILWNWNKPSDSANSAQGDISTSISMELLQGMVLEEPAPEPENVQKEPENVQKEPEPEKQEIVEDPTIKPEPKKIKEPEKEKPKPKEKPKEKPKKKPKKEVKPQKKPINKELPKGDENIDSSANVNDKASTTSAANSNAQVAGSGTDTSEIAAYRSAIRREIESHKRYPTRAKIMRKQGKVSVSFNVGADGSLSGAKVTKSSGDESLDKAALDAINVSRSVGTRPAGFPSSLSVQISFTLQ,length1,792
1,1439832,1439775,57,MTYNNDFINSSHKKTSFFI,length1,57
1,1439919,1439913,6,MR,length1,6
1,1441809,1441797,12,MAQT,length1,12
1,1442262,1442259,3,M,length1,3
1,1442970,1442802,168,MTALSEKTHIKCGYFISDIVLILVICINYIQYYHIARLDYPLSIKQKPRNFGLITI,length1,168
1,1443099,1443072,27,MYFLIRKIT,length1,27
1,1443909,1443885,24,MVTKWCIA,length1,24
1,1444380,1444371,9,MES,length1,9
1,1446807,1446765,42,MGRFTIWCKRGCGN,length1,42
1,1447509,1447497,12,MHLK,length1,12
1,1447743,1447659,84,MALLPKILLVINHKMTLQVSFLGIMFGM,length1,84
1,1447845,1447842,3,M,length1,3
1,1448043,1448037,6,MN,length1,6
1,1448142,1448097,45,MVKTEKFFTALFLMY,length1,45
1,1448169,1448154,15,MKAIC,length1,15
1,1448277,1448262,15,MNIVS,length1,15
1,1448370,1448355,15,MVLKQ,length1,15
1,1448547,1448436,111,MCCKSLGICHYRLILTVQMKKPIKNVIKRFIVKYQVR,length1,111
1,1448613,1448577,36,MKIYLKNSKQKA,length1,36
1,1448670,1448637,33,MWAREHFSQFV,length1,33
1,1448691,1448688,3,M,length1,3
1,1448709,1448697,12,MQNM,length1,12
1,1448769,1448733,36,MRLSQQKKPANV,length1,36
1,1449078,1448997,81,MRISMQCKKNIVSLVMAMRCLLIKILM,length1,81
1,1449198,1449141,57,MAVTISCRHQLLIASATFQ,length1,57
1,1449360,1449264,96,MINKLRIYEIARQRQLADYLSRSASAQRALKI,length1,96
1,1449663,1449633,30,MASSRTGSDA,length1,30
1,1449714,1449693,21,MASPDFD,length1,21
1,1449969,1449882,87,MYALSSDFRLCEKIYGNVTSLGKTQPRSL,length1,87
1,1450356,1450353,3,M,length1,3
1,1450416,1450410,6,MR,length1,6
1,1450728,1450689,39,MNLLKCFMLVIVK,length1,39
1,1450821,1450803,18,MMLSKF,length1,18
1,1450887,1450857,30,MMKNQIFSLN,length1,30
1,1450929,1450923,6,MN,length1,6
1,1450983,1450953,30,MKIGMHYLCS,length1,30
1,1451028,1451019,9,MNI,length1,9
1,1451070,1451052,18,MIVILR,length1,18
1,1451247,1451199,48,MPHSSFKCQKSLKKFE,length1,48
1,1451475,1451436,39,MKQFMVFYAKFLT,length1,39
1,1451787,1451496,291,MEAQSPMSTLFIFVIFGLIFYFMIYRPQAKRNKEHKKLMSELAKGTEVLTAGGLIGKITKVTEGSDSIVIALNDTTEITINRNYIVSVLPKGSLKSL,length1,291
1,1453707,1451859,1848,MLNRYPLWKNLMVIFIVAIGILYSLPNIYGEDPAVQISGTRGQEANTSVLGQVQDVLKTNNLPTKSIVLENGSILARFTNTDDQLLAKDKIAERLGNNYTTALNLAPATPAWLSMFGANPMKWGLDLRGGVRFLMEVDMNAALVKRQEQLQDSLRGELRKEKIQYTAIKNTEHFGTLITLANVSQRAKAERIIRQLHPTLDITEPDADSINLGLSTAALNEARDLAIEQNLTILRKRVAELGVAEAVIQRQGAERIVIELPGVQDTARAKEILGATATLEFRIVNQNVTADAISRNMLPADSEVKYDRQGHPVALFKRAVLGGEHIINSSSGLDQHSSTPQVSVTLDSEGGEIMSQTTKKYYKKPMATLYVEYKDNGKKDENGKTILEKHEEVINVATIQGRFGSNFQITGVDSIAEAHNLSTLLKSGALIAPIQIVEERTIGPSLGAQNVEQGINASLWGLVAVIAFMLFYYKMFGVIASFALVINIVLLVGLMSILPGATLSMPGIAGIVLTLGMSVDANVLIFERIKEEIRNGRSIQQAINEGYNGAFTSIFDANLTTILTAIILYAVGTGPIQGFAITLSLGVAISMFTAITGTRALVNALYGGKQLKKLLI,length1,1848
1,1453884,1453818,66,MGLYIIRTFNGNFSIFYYYQRI,length1,66
1,1454313,1454232,81,MAFRLWQYRFSCARRNYYARGILCITN,length1,81
1,1454934,1454931,3,M,length1,3
1,1456284,1455936,348,MSVIIYHNPHCSKSRETLALLENKGIQPIIELYLQKQYSVNELQSIAKKLGIDDVRQMMRTKDELYKSLNLDNLDLSQAELFKAMSEHSALIERPIVINGDKAKIGRPPETVLEIL,length1,348
1,1456914,1456620,294,MSKQPQILLNNTWNVRISDPGEEGAKSHFFETIYLTLTAYFEENNIRYEFVRKVEDQIKIQRSFTELNELFKFLGDYFDPVSIGLVGVKIGNLGIKLE,length1,294
1,1457166,1457082,84,MNVSKIVVVCGVLNVLNVDYVIKNFVVN,length1,84
1,1457322,1457310,12,MLFI,length1,12
1,1457511,1457505,6,ML,length1,6
1,1457565,1457550,15,MLSGS,length1,15
1,1457715,1457673,42,MPRTPVGDVASGFQ,length1,42
1,1458030,1458006,24,MANSGLIC,length1,24
1,1459062,1458996,66,MRVLPNCCNNSFGIPCGNSTVV,length1,66
1,1459659,1459653,6,MS,length1,6
1,1460073,1459836,237,MSNVPVLVRAKIIAASKSSTSKKRRRASFLRTPCTYQQLWSISGAFSLFTLIFTSCGSFIKRFVIRRIGSGIVAENNAV,length1,237
1,1460274,1460118,156,MKPIRSISSASSNTIKRSSERFNVPRRIWSRIRPGVPTTTCAPCFNARSWMS,length1,156
1,1460634,1460568,66,MNSGKPKSLKVILSVIKILEYK,length1,66
1,1461108,1461087,21,MCTPEVL,length1,21
1,1461498,1461495,3,M,length1,3
1,1461663,1461612,51,MIFRHKTAPRLNTACKE,length1,51
1,1461708,1461699,9,MAR,length1,9
1,1461996,1461990,6,MN,length1,6
1,1462494,1462479,15,MVFIT,length1,15
1,1462809,1462803,6,ME,length1,6
1,1463334,1463313,21,MTEYDRR,length1,21
1,1464036,1463898,138,MLTVFKLFNNWIHNVFLKIYIKNNALFSRLRLAKEISRKNDRTFSV,length1,138
1,1464222,1464219,3,M,length1,3
1,1464258,1464237,21,MPIIFLM,length1,21
1,1464393,1464291,102,MKISPFLFYIQEIFLNRGKMIFNLILLNVIQHYN,length1,102
1,1464570,1464540,30,MVILHILLNA,length1,30
1,1464615,1464612,3,M,length1,3
1,1464696,1464657,39,MLVFYILIWISIN,length1,39
1,1464951,1464933,18,MLVLVP,length1,18
1,1464981,1464972,9,MRQ,length1,9
1,1465053,1465047,6,MM,length1,6
1,1465194,1465191,3,M,length1,3
1,1465749,1465707,42,MGFMQCFSNKNACN,length1,42
1,1466505,1466463,42,MAIFISITWCLNFR,length1,42
1,1466910,1466901,9,MLS,length1,9
1,1467090,1467087,3,M,length1,3
1,1467222,1467108,114,MAFYRQFAKNPDKIYRTFSFNFENMLGCFLCEFFAMYF,length1,114
1,1467939,1467879,60,MGFRIKVWCACYFSRRYYWF,length1,60
1,1468284,1468236,48,MWNRFYDVNVLSKPCV,length1,48
1,1468572,1468506,66,MKFTRQYSACECVIAFHIFCME,length1,66
1,1468761,1468668,93,MLIIHFDHDKYANRTPNGFWGNNCNSFCNNA,length1,93
1,1468881,1468872,9,MTI,length1,9
1,1469010,1469004,6,MR,length1,6
1,1469145,1469124,21,MFLRGVC,length1,21
1,1469313,1469274,39,MREVNSGSLCGLR,length1,39
1,1469328,1469316,12,MVKG,length1,12
1,1469526,1469454,72,MNYGTLKVFHGQVCGFVRFIHFII,length1,72
1,1469856,1469841,15,MCLFG,length1,15
1,1470135,1470090,45,MCPMCGHKIDCFYCA,length1,45
1,1470378,1470348,30,MAVDHFSWQA,length1,30
1,1470480,1470474,6,MV,length1,6
1,1471101,1470993,108,MRYFRVELYAVETTIFIRHCSNWAGWRCASYFEVFW,length1,108
1,1471971,1471851,120,MEYALQYLLVRVYLPHYPIGNNGLMNLSPSHLMSPYHGKI,length1,120
1,1472067,1471974,93,MRGLGKVRFHLVLLQYRQTSSQPLHSLRLQR,length1,93
1,1472157,1472136,21,MPPLHLR,length1,21
1,1472301,1472259,42,MQLHLQPLLRYLQR,length1,42
1,1472523,1472409,114,MHQYVLRCQHLHLQPHRHVNDRIHLYMHLVFVLLFGSL,length1,114
1,1473135,1473114,21,MTLQYSR,length1,21
1,1473216,1473210,6,ML,length1,6
1,1473303,1473243,60,MNDEFYVIDIFIGLSAESAV,length1,60
1,1473546,1473495,51,MDTTKYSFIKKRRSLCG,length1,51
1,1473618,1473585,33,MVIAFCWANHV,length1,33
1,1473723,1473714,9,MAK,length1,9
1,1473999,1473987,12,MAII,length1,12
1,1474107,1474098,9,MWQ,length1,9
1,1474734,1474728,6,MP,length1,6
1,1474956,1474884,72,MGGTLTQPCRVNEEGLRVVKFFRY,length1,72
1,1474974,1474968,6,MC,length1,6
1,1475508,1475457,51,MWFNSMQREEPYLLLTS,length1,51
1,1475805,1475712,93,MALTSRATHVLQWRIQREAKLRGGANLIKYV,length1,93
1,1475880,1475871,9,MSR,length1,9
1,1476006,1475988,18,MTGVKS,length1,18
1,1476447,1476180,267,MSPSSRGLGHRPFTAVTGVRIPVGTPIKDNFIRLSYCSLKNWKQAENKRFSRESLSRQDRKVKERTEKETLKTNLFCKKILIEQKQSSV,length1,267
1,1477182,1477176,6,MG,length1,6
1,1477311,1477203,108,MGQRLIFCSEVNRIGEPKGNRVLTGRLVARYRPETR,length1,108
1,1477383,1477371,12,MLKN,length1,12
1,1477407,1477389,18,MTCGWG,length1,18
1,1477557,1477533,24,MQTTNTKE,length1,24
1,1478004,1477995,9,MLT,length1,9
1,1478217,1478160,57,MWGRSRLGYRTVGYVRLSW,length1,57
1,1478391,1478262,129,MMTRLYGAEVTDTTLPGKATKRKALLNRTENRHRWSGREYSGA,length1,129
1,1478598,1478571,27,MPARCWKVN,length1,27
1,1478718,1478712,6,MA,length1,6
1,1478793,1478775,18,MRCTRG,length1,18
1,1478874,1478850,24,MCRIGGSL,length1,24
1,1480143,1480092,51,MKRIKVENRDCISISSF,length1,51
1,1480488,1480458,30,MVGSRLRLFL,length1,30
1,1480614,1480584,30,MASNDFREST,length1,30
1,1482756,1480917,1839,MHRFFYNDNNVLGDLMKNFKYFAQSYVDWVIRLGRLRFSLLGVMILAVLALCTQILFSLFIVHQISWVDIFRSVTFGLLTAPFVIYFFTLLVEKLEHSRLDLSSSVNRLENEVAERIAAQKKLSQALEKLEKNSRDKSTLLATISHEFRTPLNGIVGLSQILLDDELDDLQRNYLKTINISAVSLGYIFSDIIDLEKIDASRIELNRQPTDFPALLNDIYNFASFLAKEKNLIFSLELEPNLPNWLNLDRVRLSQILWNLISNAVKFTDQGNIILKIMRNQDCYHFIVKDTGMGISPEEQKHIFEMYYQVKESRQQSAGSGIGLAISKNLAQLMEGDLTVESERGKGATFHLTLHAQEISEKESVKKNIPSLNILLVEDVDLNIMVAKTILEKLGHHVDVATNGKQAITLFEKNVYDILLLDIKLPDMSGFEIAQYLRENYENGIYDFLPPMIAFTANVMQSEQEYLEMGMDGVLRKPISIKDLHHCLQQFFADESESIIEMNDDNELSEQFDLALIETLGKKQILENLSLFKQTMPNYLAQLSKDNMKETEDTAHKIKGAAASVGLNHLRQLADTLESAAKNSDVFNCGELIDEIGNLWLEDVEDLLKFCKF,length1,1839
1,1482912,1482822,90,MGKSNFILISKTFQISPLFTFILKGIDFAF,length1,90
1,1483599,1482972,627,MSVFNTFVEFVARIVAPMQRQFINFIRIAIFIVMAWIGGLKVCQYEADGIAHFVSNSPFFSYMYEKGPNLVPNDKGELVMEYTLHKNPEGKMVAKNIEWHKENGTYTASYIIGAIIVTVGILTLAGIWNATAGLAGGLLTFGMSIVTLSFLITTPEAWVPNLGGDLPTPAYGFPYLSGVGRLVIKDIIMMAGGLTAAAECANRILARKK,length1,627
1,1483716,1483710,6,MS,length1,6
1,1484769,1484709,60,MVFCSKSRKVTIFPKVLVVS,length1,60
1,1484808,1484772,36,MRLVREKACINP,length1,36
1,1485168,1485000,168,MAFVKNSFAVLFRAVGSKVSSGISPIASCSSLAANEKIVAIFNGCSCSACKFCKVS,length1,168
1,1485777,1485681,96,MVVTIILLSSFSILRLSPAVLSDPFTLSGEKR,length1,96
1,1486233,1486221,12,MTKI,length1,12
1,1486464,1486419,45,MTCRELLARFFLSSK,length1,45
1,1486503,1486476,27,MRPLSNTKS,length1,27
1,1486881,1486845,36,MLLLFQIFLPVF,length1,36
1,1487157,1487151,6,MS,length1,6
1,1487487,1487445,42,MIKSTLRIFQPLFI,length1,42
1,1487643,1487604,39,MFYLILFAILGSY,length1,39
1,1487784,1487703,81,MSGYIWYRGVKKFRKLILSQPSLIFDN,length1,81
1,1488435,1488414,21,MNLLDHQ,length1,21
1,1488618,1488615,3,M,length1,3
1,1489212,1489092,120,MELVKFSNLSKIFTISVWTESGGMGSLNESITFEFKLLIV,length1,120
1,1489266,1489248,18,MLLVNM,length1,18
1,1489329,1489314,15,MKPPK,length1,15
1,1489524,1489464,60,MSSKLRVLLDKVILFALKIL,length1,60
1,1489818,1489779,39,MGILRFSICPAFK,length1,39
1,1489947,1489935,12,MFCP,length1,12
1,1490052,1490028,24,MHLVLDNS,length1,24
1,1492293,1492281,12,MICR,length1,12
1,1493082,1492941,141,MHHHVCVRVHINQDRNCHGVDHFHQLNQRSAHLYAKYPRLCVQLHEY,length1,141
1,1493160,1493139,21,MGEVLHH,length1,21
1,1493415,1493412,3,M,length1,3
1,1493568,1493514,54,MYDFRSKSSQANNLGFLT,length1,54
1,1494183,1494162,21,MAVRLEC,length1,21
1,1494201,1494189,12,MDLT,length1,12
1,1494222,1494210,12,MFLF,length1,12
1,1494528,1494513,15,MKIDH,length1,15
1,1496223,1494681,1542,MNNLFALCQRSAVIFSIIFTVVACDKLDSPKPISPQIETQKNTQLESNRVELKRGVYSDLTLQPWQAQSEEQTQLLRDLFEGLTAYDVQSNLVPAVAENWQTEDNKTWIFTLRENAKWSNGEPITASDFVQSWQTLSQSESPLKNYLAFMNLKNAKAVLEKALPVESLGLFAENDRTLRIELDKASPYLPSMLAHVSLLPHYAKSTEIFISNGAYQLQSQAENQHILTTNPYYWAKEKVIFQQVKYQKIAADADLSDFDVVMNPKKVDQNIQDYPQLCTYFYEFNLSDPVLQKSAVRKAIVSMISTNNLVADIAHLYPNNTFLPKSMLGEQESVWEPVVAEQLFSQNQISETRPLKLRIRYDDSSLNQTIAMRLNHQLSQSDLLRVENQGMSWQELQTARTKGDFQLIRSGWCADFNDPAAFLNLFYSKSPDNKNGYKNAEFDRLFESAMTTTSEKVRLENYAKLKGIVQQEHLVLPIFQYSTPVYLAPSIMGAQVNSVGVIYSKDLWRKVQSQ,length1,1542
1,1496469,1496355,114,MKKAIFFILLTPDKPRSLEYETGFLVFSNMLKNLLIIP,length1,114
1,1496577,1496562,15,MWTGH,length1,15
1,1496745,1496580,165,MLFVIVMHNVMPHFFRFCIKIFCVVAVFAYIKRYSFNHVDTCFFHGFYFFWVVGH,length1,165
1,1496928,1496919,9,MIN,length1,9
1,1497045,1497033,12,MDTC,length1,12
1,1497156,1497093,63,MFFFCIWEFKSHHFENTVFSG,length1,63
1,1497984,1497261,723,MFKRLSLYTLLLCLVPFFIWGISYQWHGNSQLTQADYWLYLLTETGSVPYALITCVLFTLLFAFLFKNPKQWLLGVIVMGISVIATQAAKTGAKALFEEPRPFTVYLAEQTHSTPENFYKNDRTLRAEIAKNFYSMDAITPAWLVHHYENETGYSFPSGHTIFAATWLMLAVGFTQLLGNRSFKAKLLVVGIAVWGLLMLISRVRLGMHYPIDLLVATLLAWLINGIIFAFLKKKAIFVMK,length1,723
1,1498557,1498533,24,MGQNSLFG,length1,24
1,1498782,1498689,93,MYSLTVIKISLLGWFCFFHFYPICYTLKNKA,length1,93
1,1498821,1498800,21,MNYPQYK,length1,21
1,1498998,1498881,117,MSFLDNHSDKTKGLQVKLQTCEYFGLVSKKYIGTVRDKW,length1,117
1,1499604,1499598,6,MH,length1,6
1,1499904,1499799,105,MAQLSSFFCLERLYLSRPLNEIFPPPILKMDGVLT,length1,105
1,1500384,1500273,111,MACPKVCPRLSNARSPFSVSSLATTSALIWQQREIQC,length1,111
1,1500555,1500459,96,MAPYLITSASPAFTSRLGSVLSVSVSIITIDG,length1,96
1,1500885,1500870,15,MTVSR,length1,15
1,1501776,1501770,6,ME,length1,6
1,1501989,1501965,24,MKLSASGK,length1,24
1,1503186,1503150,36,MAIFSPSTVKIS,length1,36
1,1503504,1503399,105,MASPACSTNGFLYFLRNLLSFALTAEKPPISTLVC,length1,105
1,1503591,1503561,30,MCKILNSTAL,length1,30
1,1504440,1504395,45,MRRWTSYYTLLNTNK,length1,45
1,1504515,1504464,51,MKTNFHNKPHLTDILSS,length1,51
1,1504596,1504557,39,MPRIISQNKINCE,length1,39
1,1505019,1504773,246,MVTIRLSRGGAKKRPFYQIVVADSRSPRDGRFIERVGFFNPIAQGNAERLRINLERVNHWVAQGASLSDRVASLVKEAQKAA,length1,246
1,1505301,1505277,24,MTVKLHKF,length1,24
1,1505322,1505307,15,MLKLV,length1,15
1,1505460,1505451,9,MMY,length1,9
1,1505508,1505484,24,MLLENKSG,length1,24
1,1505532,1505523,9,MNK,length1,9
1,1506369,1505631,738,MWIGVISLFPEMFKAITEFGVTGRAVKHNLLKVECWNPRNFTFDKHKTVDDRPYGGGPGMLMMVQPLRDAIHTAKAAAGEGAKVIYLSPQGRKLDQDGVTELAQNQKLILVCGRYEGIDERLIQTEIDEEWSIGDYVLTGGELPAMTLIDAVARFIPGVLGKQASAEEDSFADGLLDCPHYTRPEVLEGLTVPPVLMSGHHEEIRKWRLKQSLQRTWFRRPELLEGLALTDEQRKLLKEAQAEHNS,length1,738
1,1506756,1506408,348,MSNIIKQLEQEQLKQNVPSFRPGDTLEVKVWVVEGSKRRLQAFEGVVIAIRNRGLHSAFTLRKVSNGVGVERVFQTHSPAVDSIAVKRKGAVRKAKLYYLRERSGKSARIKERLGA,length1,348
1,1506834,1506816,18,MWIMVI,length1,18
1,1506858,1506849,9,MID,length1,9
1,1507173,1507062,111,MSITFKITPCSTGYATLSNIIFYSVQGFNFVRKNYRT,length1,111
1,1507212,1507203,9,MAK,length1,9
1,1507401,1507317,84,MFWLKFSFFLRRRQNTNTKRFCHIKLTT,length1,84
1,1507572,1507491,81,MSTRQSNTRLMASKTTTINNFLCNFCR,length1,81
1,1507821,1507818,3,M,length1,3
1,1508004,1507872,132,MAVLRQPNFFFHFLFTLLNIRFREYDFQTLFLIVKILTIFPCTQ,length1,132
1,1508205,1508115,90,MNFHFIFARFSVITRKHWNNNGFRKFCHFI,length1,90
1,1508319,1508313,6,MI,length1,6
1,1508583,1508487,96,MWHHKNNILSFSFCLFDMFKTDKFASFLQMFL,length1,96
1,1508751,1508676,75,MRETILQVSLCTRTLFLCFMPNPNT,length1,75
1,1508931,1508928,3,M,length1,3
1,1509312,1509306,6,MG,length1,6
1,1509501,1509462,39,MYLGLNLRKPKSK,length1,39
1,1509573,1509561,12,MHRP,length1,12
1,1509738,1509678,60,MMRQNQHKTILLKDQCRYPY,length1,60
1,1509759,1509750,9,MLF,length1,9
1,1510002,1509960,42,MKMRVVSIPRTNFV,length1,42
1,1510167,1510113,54,MIAIPYSFIHSLRLSIYN,length1,54
1,1510272,1510254,18,MASMTR,length1,18
1,1510440,1510380,60,MTIITIAIHTNNLVTFTFRR,length1,60
1,1510875,1510869,6,MI,length1,6
1,1511196,1511121,75,MFRTTLFNHCKTITNFDAFYCINSH,length1,75
1,1511442,1511427,15,MTDLT,length1,15
1,1511478,1511469,9,MFA,length1,9
1,1511709,1511595,114,MTRAKTIFNLAIILRTLISIFNDHPNTCACSFSFKHTR,length1,114
1,1511859,1511856,3,M,length1,3
1,1512024,1512012,12,MFCK,length1,12
1,1513023,1513017,6,MC,length1,6
1,1513119,1513101,18,MNKMLN,length1,18
1,1513293,1513215,78,MMFICFRFIRAKYSIKARSNNRRTEN,length1,78
1,1513485,1513452,33,MINKNTIWTEQ,length1,33
1,1513593,1513536,57,MPKFFWIFEEKEADHLANG,length1,57
1,1513704,1513680,24,MYFTINFV,length1,24
1,1514199,1514172,27,MHTQIGNLF,length1,27
1,1514331,1514307,24,MLSLSEAI,length1,24
1,1514988,1514982,6,MA,length1,6
1,1515336,1515279,57,MVKLIYLILLCQPIGKLFT,length1,57
1,1515690,1515543,147,MLNNHLFNFFWLNIFATRNKHIIKSSDNNKFALLPNTFIFCRKPTLVIR,length1,147
1,1515933,1515918,15,MRTTK,length1,15
1,1515954,1515939,15,MTCRK,length1,15
1,1516068,1516065,3,M,length1,3
1,1516233,1516200,33,MRLDIMHNCFW,length1,33
1,1518105,1517244,861,MIFIFISLFAKIFFNYNDFFTNSHVKIMAKSLLNYQFHQVKQTINTPVLIFIHGLFGDMDNLGVIARAFSEHYSILRIDLRNHGHSFHSEKMNYQLMAEDVIAVIRHLNLSKVILIGHSMGGKTAMKITALCPELVEKLIVIDMSPMLYEGFGHKDVFNGLFAVKNAKPENRQQAKPILKQEINDEDVVQFMLKSFDVNSADCFRFNLTALFNNYANIMDWEKVRVFTPTLFIKGGNSSYIKIENSEKILEQFPNATAFTINGSGHWVHAEKPDFVIRAIKRFLNKN,length1,861
1,1518132,1518123,9,MLL,length1,9
1,1518726,1518204,522,MAIVGLFYGSDTGNTENIAKQIQKQLGSDLIDIRDIAKSSKEDIEAYDFLLFGIPTWYYGEAQADWDDFFPTLEEIDFTDKLVGIFGCGDQEDYADYFCDAIGTVRNIIEPHGAIVVGNWPTEGYNFEASKALLEDGTFIGLCIDEDRQPELTAERVEKWCKQIYDEMCLAELA,length1,522
1,1519161,1519155,6,MQ,length1,6
1,1519290,1519218,72,MSPFLYSNFILKNNRTLLQCGYLV,length1,72
1,1519449,1519446,3,M,length1,3
1,1520493,1520361,132,METHSPFKWAYGTIKLYTKCSVYLHLPFIVSPRHTELKCTFRLN,length1,132
1,1520766,1520676,90,MLCVLYFLLYTPREAHRQYAMANLILQPFL,length1,90
1,1520952,1520937,15,MKKQN,length1,15
1,1521720,1521654,66,MINIIGKIHQSNKNQHYTNHTA,length1,66
1,1521945,1521873,72,MCVQFYFLVSFKCGQICRCFFCFR,length1,72
1,1522686,1522677,9,MLS,length1,9
1,1522725,1522722,3,M,length1,3
1,1522971,1522848,123,MLSLFDKMLTYIPVSLNSVLIRQFDTSHFLFDFQIRKGVLQ,length1,123
1,1523268,1523229,39,MVKNTCFRVNSKV,length1,39
1,1524462,1523328,1134,MEIKQINSTIKSRAAVAFAPDQPLQIVEIDVEMPRKGEVLIRNTHSGVCHTDAFTLSGSDPEGVFPVVLGHEGAGVVVAVGEGVLSVKPGDHVIPLYTAECGECEFCLSGKTNLCVSVRDTQGKGLMPDGTTRFSYQGQSIYHYMGCSTFSEYSVVAEVSLAKINPEANHEQVCLLGCGVTTGIGAVHNTAKVQEGDSVAVFGLGAIGLAVVQGARQAKAGRIIAIDTNPAKFDLAKQFGATDCLNPNDYDKPIKDVLLDINKWGIDHTFECIGNVNVMRQALESAHRGWGQSIIIGVAGAGQEISTRPFQLVTGRVWKGSAFGGVKGRSELPQMVEDSMKGDIQLEPFVTHTMPLDQINEAFELMHEGKSIRTVIHY,length1,1134
1,1524555,1524531,24,MPKCCNAK,length1,24
1,1524693,1524675,18,MPQNIK,length1,18
1,1524759,1524744,15,MQLTI,length1,15
1,1524837,1524786,51,MRPSSLGRRIIKCMIMF,length1,51
1,1525191,1525065,126,MMPDRSFNKAIKCKVCVLIRAWKMSFCRHNCVPKILSKPVVR,length1,126
1,1525293,1525206,87,MCVSIKDTITAITSSPVLLASILPITPHF,length1,87
1,1526229,1526169,60,MHFERYDESRKESYQYAYQE,length1,60
1,1526418,1526340,78,MKYRHIPLSNSTHCSSLQQWSSPAQN,length1,78
1,1526436,1526421,15,MRNQM,length1,15
1,1526544,1526445,99,MQAQKPLPYNVILNLVQYNKQGRHGMIHLYLEF,length1,99
1,1526700,1526595,105,MPLPTSKTLRLRPLRRLPLQPHQCYPHQRGSQDLS,length1,105
1,1526802,1526721,81,MNSPPPNDQTTFHEGLQGINGTAQILL,length1,81
1,1527051,1526970,81,MKRRDFLIISLEKRNTNKKKSNKFKIF,length1,81
1,1527225,1527204,21,MRRKRFW,length1,21
1,1527402,1527279,123,MRIKCRNDIANRNRRQLNKKIHKIYRTFIALIEQINNFTSR,length1,123
1,1527543,1527534,9,MII,length1,9
1,1527585,1527552,33,MTKLSRHSHLT,length1,33
1,1527603,1527588,15,MNFTV,length1,15
1,1528314,1528236,78,MIIWGNSRYYANKTSFKLSALLTLNV,length1,78
1,1528386,1528335,51,MGILSLIKQTLQNIKVC,length1,51
1,1529379,1528527,852,MASENQKLSSVALTPVEATDYAENTATYKANKRPFLSFMSGISAGACIALAFVFYTTTQTASAGAPWGLTKLVGGLVFSLGVIMVVILGSELFTSSTLTLVARVGGRITTTQMIRNWIVVYLGNFVGGLFIAAVIWFSGQTMAANGQWGLTILATAQHKIHHTWFEAFNLGILCNIMVCVAVWMSYSGKTVTDKAFIMIMPIGLFVASGFEHCVANMFMIPMGIITAHFSTPEFWQQIGVDPMKYADLDLYHFIVKNLIPVTLGNIVGGAICIGVFQRYLTKTH,length1,852
1,1530270,1530189,81,MDVLCLSCCNKITKWCCNVIRSYRNLY,length1,81
1,1530699,1530672,27,MLCITNDCG,length1,27
1,1531947,1531905,42,MGQVFVLFYLCKAA,length1,42
1,1532217,1532058,159,MLLAVVLRHLVARLCYKQSLYAIGSELVKRKGLILAWIQMVLYVIIIILLMNY,length1,159
1,1532223,1532220,3,M,length1,3
1,1532406,1532259,147,MIKFIKILLGYPINVPLNLQNICKNVINIPGFVMLWFLVILIAITMCIY,length1,147
1,1532544,1532505,39,MSLKMYYRQLKNP,length1,39
1,1532586,1532574,12,MGTL,length1,12
1,1533108,1532628,480,MKKIILTLSLGLLTACSAQIQKAKQNDVKLAPPTDVRSGYIRLVKNVNYYIDSESIWVDNQEPQIVHFDAVVNLDKGLYVYPEPKRYARSVRQYKILNCANYHLTQVRTDFYDEFWGQGLRAAPKKQKKHTLSLTPDTTLYNAAQIICANYGEAFSVDKK,length1,480
1,1533693,1533690,3,M,length1,3
1,1534332,1534299,33,MKHVLKQKIFH,length1,33
1,1534365,1534344,21,MKMMILL,length1,21
1,1534494,1534416,78,MELYSMRYSIIIHRYQKYREQELCID,length1,78
1,1534617,1534593,24,MKQSLQAL,length1,24
1,1534674,1534656,18,MQPNVL,length1,18
1,1534938,1534839,99,MADALVHPKMRVKTLWKYCVISNAKLYMRSCYA,length1,99
1,1535049,1534974,75,MHHYQMTLLNCLMHSKPTISNIKMS,length1,75
1,1535793,1535061,732,MQAINPNWNVPKNIHAFTTTREGGVSLAPYLSFNLGDHVGDDKSAVKTNRTLLVEKFGLPQKPIFLTQTHSTRVLQLPYSGQNLEADAVYTNVPNQVCVVMTADCLPVLFTTTSGNEVAATHAGWRGLCDGVLEETVKYFQAKPEDIIAWFGPAIGPKAFQVGIDVVEKFVAVDEKAKLAFQPDAIEEGKYLSNLYQIATQRLNNLGITQIYGGNHCTFNEKEKFFSYRRDNQTGRMASVIWFE,length1,732
1,1536066,1536024,42,MTLELVRDQPNVIG,length1,42
1,1536249,1536216,33,MCDTLIHHDDQ,length1,33
1,1536609,1536603,6,ML,length1,6
1,1537449,1537440,9,MIK,length1,9
1,1537806,1537689,117,MTASAALSPVVVGFSMAICQGLPSIFFPFARISPPISTM,length1,117
1,1538160,1537953,207,MPTQAWRSANCSGVGCFSGRFSGPNPHKFTTGPTVTSNAPSVTLFKRIASANTLAKSAEISIGVFTWVF,length1,207
1,1538421,1538385,36,MIPLINFFIWIS,length1,36
1,1538541,1538532,9,MMN,length1,9
1,1538841,1538754,87,MHLKVPRAIQSLDFQLVIGQSLLDRIFHV,length1,87
1,1539006,1538991,15,MDQKL,length1,15
1,1539102,1539027,75,MTKYKKTFDPEAHQVGVVVESQYER,length1,75
1,1539156,1539132,24,MKPLSKHG,length1,24
1,1539639,1539636,3,M,length1,3
1,1539828,1539750,78,MRQYRVQELLNRSLITLLIIEYQRKT,length1,78
1,1540095,1540074,21,MRYKEMA,length1,21
1,1540302,1540170,132,MINLHLQLKHFLLVHLHKLIGLLALRSQERKLPQSQDQTQWTPF,length1,132
1,1540524,1540467,57,MHLVQVGINHLLDTSHHFE,length1,57
1,1540590,1540581,9,MLR,length1,9
1,1540698,1540668,30,MLQHAPLRYS,length1,30
1,1540968,1540935,33,MQNKSLRFAMQ,length1,33
1,1541121,1541043,78,MKFFKIWTKAIFAEPIIKGTLNTITC,length1,78
1,1541214,1541151,63,MFILWSLTFHNTNGRLMLLIK,length1,63
1,1541940,1541913,27,MHRTTIYQY,length1,27
1,1541973,1541949,24,MLKQDRSP,length1,24
1,1542036,1541988,48,MQIHLKQSANAKALRT,length1,48
1,1542396,1542255,141,MHLDHLVTTVKVRLHQRNHLRQSKPYRLKFELDRRRIRTHDQQVQGS,length1,141
1,1542576,1542459,117,MRLAIVAMLVERSTQIKWLKRTFLHLLRDHEPQRITIPK,length1,117
1,1542708,1542678,30,MNLQEHNANR,length1,30
1,1543395,1543392,3,M,length1,3
1,1543713,1543617,96,MPYSFLNTDRINKVNMRPYKTSWMNTSKIMNL,length1,96
1,1544361,1544274,87,MDYLCWFSRDWEIQTFLNCNHTICTTFQG,length1,87
1,1544472,1544466,6,MD,length1,6
1,1545039,1545021,18,MGKLWH,length1,18
1,1545249,1545162,87,MLIELPLYLLQQKIAAQYKRLRVIRNTGN,length1,87
1,1545297,1545261,36,MHPQVLHNYFSK,length1,36
1,1545363,1545345,18,MVQMRG,length1,18
1,1545396,1545372,24,MCMNLVRK,length1,24
1,1545573,1545450,123,MYKVRKVRIINHLMSRVHKRAYLMRTMMKFIKCYLKLLMIL,length1,123
1,1545945,1545933,12,MCNH,length1,12
1,1546599,1546596,3,M,length1,3
1,1547271,1547226,45,MKEEKGSKVILPLKK,length1,45
1,1547418,1547337,81,MPRFRPCEQVHLRLNDQPNALDWLGIN,length1,81
1,1547724,1547673,51,MDSQRINHPAHKSFCVA,length1,51
1,1548297,1548156,141,MPLLSVANKNLKSSLSFLVKKRGVIIAIFIKVPTFLVIRNFSLVIIQ,length1,141
1,1548468,1548396,72,MLKDGLIMLVIIRQISLSVWRNQW,length1,72
1,1548492,1548483,9,MHR,length1,9
1,1548525,1548507,18,MLIHKN,length1,18
1,1548702,1548651,51,MTCPKFMSQSSSMSLAK,length1,51
1,1548732,1548726,6,MS,length1,6
1,1549068,1548900,168,MAVQQNKKSRSRRDMRRSHDALTTAAVSVDKASGETHLRHHVTADGYYRGRKVINK,length1,168
1,1550205,1549257,948,MNSRILSTGSYLPSHIRTNADLEKMVDTSDEWIVTRSGIRERRIAAADETVATMGFEAAKNAIEAAQINPQDIELIIVATTSHSHAYPSAACQVQGLLNIDDAISFDLAAACTGFVYALSVADQFIRAGKVKKALVIGSDLNSRKLDETDRSTVVLFGDGAGAVILEASEQEGIISTHLHASADKNNALVLAQPERGIEKSGYIEMQGNETFKLAVRELSNVVEETLLANNLDKKDLDWLVPHQANLRIITATAKKLEMDMSQVVVTLDKYANNSAATVPVALDEAIRDGRIQRGQLLLLEAFGGGWTWGSALVRF,length1,948
1,1550865,1550838,27,MVSCSTRSS,length1,27
1,1550982,1550934,48,MARKISSIKTRSDGRP,length1,48
1,1551258,1551255,3,M,length1,3
1,1551906,1551879,27,MILAILIFS,length1,27
1,1551987,1551954,33,MRNGLILCKLT,length1,33
1,1552218,1552185,33,MWLHQVLLQQI,length1,33
1,1552281,1552236,45,MNKKRGSYLMFQLDV,length1,45
1,1552365,1552329,36,MMQVISRVQRYT,length1,36
1,1552383,1552368,15,MVAYT,length1,15
1,1552452,1552407,45,MGGVLSNKIIAKDFR,length1,45
1,1552587,1552500,87,MQRYVTIFDVCVHIAYFVVRPDHKIVASY,length1,87
1,1552875,1552647,228,MSIEERVKKIIVEQLGVKEEDVKPEASFVEDLGADSLDTVELVMALEEEFDIEIPDEEAEKITTVQSAIDYVQNNQ,length1,228
1,1553091,1553031,60,MPKKKYYLHSFSFLRCLCFT,length1,60
1,1553253,1553226,27,MLCLSFLRW,length1,27
1,1553442,1553433,9,MLH,length1,9
1,1553811,1553757,54,MKPFRKGQKNLFTYFYLL,length1,54
1,1553991,1553964,27,MVWYLSQVW,length1,27
1,1554024,1554009,15,MVLRG,length1,15
1,1554135,1554045,90,MQCQNLKPRLLIWCKLTLGHSHWHYLQFLS,length1,90
1,1554279,1554234,45,MPISSFQIIRQILQQ,length1,45
1,1554534,1554456,78,MVLLFYDNLHRLRQYKSTFFFGILTR,length1,78
1,1555122,1555116,6,ME,length1,6
1,1555473,1555296,177,MKCHRTVQIAILGVNQGKATTNSREIHPIIMDGITIKIVEIKSNLRQILRRFLIICLKN,length1,177
1,1555563,1555506,57,MAVLKAIRHFILAKLFHLL,length1,57
1,1555728,1555716,12,MWSK,length1,12
1,1555779,1555767,12,MKIW,length1,12
1,1555860,1555845,15,MQMIV,length1,15
1,1555911,1555890,21,MLLGICL,length1,21
1,1555923,1555914,9,MIF,length1,9
1,1556016,1555971,45,MKLSNPMIWDLRLLM,length1,45
1,1556205,1556055,150,MRLMMQLKRRKMNNVLFVKRKPMRVRKNRLHAVMHNVFLKKQQLIKIVSC,length1,150
1,1556310,1556208,102,MQKVKWNVCNACCQNLRLHQIYCVSVYIFRRWKK,length1,102
1,1556361,1556340,21,MAIMVII,length1,21
1,1556814,1556802,12,MENQ,length1,12
1,1557852,1557798,54,MDRITSNLWQKIHCYGNE,length1,54
1,1557963,1557906,57,MPALYSAFKVRSKFVLILL,length1,57
1,1558074,1558026,48,MHYSVINYLMVNFLPS,length1,48
1,1558224,1558197,27,MRHLPLFNV,length1,27
1,1558590,1558551,39,MRPSLRHLLVEGS,length1,39
1,1560375,1560366,9,MTE,length1,9
1,1560909,1560900,9,MNK,length1,9
1,1561113,1561098,15,MKNLA,length1,15
1,1561233,1561215,18,MKNKGM,length1,18
1,1561272,1561266,6,MD,length1,6
1,1561359,1561353,6,ML,length1,6
1,1561383,1561362,21,MGQDQDV,length1,21
1,1561413,1561410,3,M,length1,3
1,1561710,1561677,33,MPLVLVMRQHI,length1,33
1,1562223,1562142,81,MKFQHSYRISSHNQRQEQQKIRLKKWL,length1,81
1,1562295,1562274,21,MLERGIY,length1,21
1,1562352,1562307,45,MRINLGKKCMFSPQK,length1,45
1,1562430,1562421,9,MRS,length1,9
1,1562571,1562472,99,MAFLFHIIRLNDENISILQLIKDCFVWIKLILK,length1,99
1,1562796,1562589,207,MRGVICLNYLIKKYFLKFNMVLFLLANLSMMAQWINLKSFLRWLRLQLWAELLAYVLRGLITLKQPVLL,length1,207
1,1562820,1562799,21,MFRLSEL,length1,21
1,1562913,1562889,24,MLARILLQ,length1,24
1,1562958,1562916,42,MALNAHVLWILKVR,length1,42
1,1563933,1563900,33,MGRSVRSKRSV,length1,33
1,1564251,1564245,6,MC,length1,6
1,1564566,1564482,84,MKAYLKQKLCQVMIRSLLHKNCKRRLLM,length1,84
1,1564701,1564686,15,MLKIS,length1,15
1,1564797,1564725,72,MLQVIIILCICRQRYLRLLMWQLV,length1,72
1,1564875,1564854,21,MVQQQWH,length1,21
1,1564926,1564908,18,MLIMFW,length1,18
1,1564995,1564929,66,MVINKASYKAILLAPKLHSFLY,length1,66
1,1565016,1565007,9,MLC,length1,9
1,1565070,1565067,3,M,length1,3
1,1565985,1565106,879,MRDLKGIFSALLVSFNEDSTINEKGLRQIIRHNIDKMKVDGLYVGGSTGENFMLSTEEKKEIFRIAKDEAKDQIALIAQVGSVNLKEAVELGKYATELGYDCLSAVTPFYYKFSFPEIKHYYDTIIAETGNNMIVYSIPFLTGVNMGIEQFGELYKNPKVLGVKFTAGDFYLLERLKKAYPNHLIWAGFDEMMLPAASLGVDGAIGSTFNVNGVRARQIFELTKAGKLAEALEIQHVTNDLIEGILANGLYLTIKELLKLEGVDAGYCREPMTSKATAEQVAKAKDLKAKFLS,length1,879
1,1566417,1566264,153,MRFIPLQTEQQVSKHLPSPVYGGRCPKGGRGQLLLLCRKLLEQKNFFLKTR,length1,153
1,1566462,1566438,24,MILWWAKV,length1,24
1,1566876,1566864,12,MPSL,length1,12
1,1567230,1567182,48,MDSQCITNAPSFRACL,length1,48
1,1567527,1567521,6,MR,length1,6
1,1567662,1567647,15,MAVVA,length1,15
1,1567776,1567767,9,MKI,length1,9
1,1567950,1567941,9,MAM,length1,9
1,1568151,1568046,105,MPLMKWLKPHSTKAQHLQPTYIMQCRQLVLDVKWA,length1,105
1,1568268,1568175,93,MFTLALSWMVCISIMAMFALIKKSKATNFVL,length1,93
1,1568400,1568361,39,MMRMAQLQGHQSQ,length1,39
1,1568424,1568418,6,MR,length1,6
1,1568463,1568430,33,MLKFLLRKPLE,length1,33
1,1568508,1568499,9,MIV,length1,9
1,1568802,1568787,15,MPSNK,length1,15
1,1568925,1568880,45,MHSCSSSSVSTFNVS,length1,45
1,1568961,1568946,15,MIYTE,length1,15
1,1569711,1569687,24,MSCFNVET,length1,24
1,1569960,1569930,30,MIELFSNRIV,length1,30
1,1570080,1570020,60,MSILQNFNFLEISSRSHFFK,length1,60
1,1570281,1570194,87,MSDFLLLFLLIHRKFHFLCVLHDLLPIAN,length1,87
1,1570473,1570455,18,MYLMLQ,length1,18
1,1572711,1572690,21,MGTRIRF,length1,21
1,1573185,1573143,42,MGWFRSRCERSCEI,length1,42
1,1573896,1573809,87,MLRLYNQFHLILNRLSQGFQIMRLRQFLH,length1,87
1,1574244,1574220,24,MVRYRYKQ,length1,24
1,1574328,1574295,33,MGVSQARVNLQ,length1,33
1,1574406,1574391,15,MPVPQ,length1,15
1,1574529,1574508,21,MLEFSCV,length1,21
1,1574634,1574586,48,MQCTFEREVISRNSMQ,length1,48
1,1574928,1574886,42,MIGFLQLLNITTLT,length1,42
1,1575027,1574958,69,MAEFLRKINFVLWRIAVTKKIDW,length1,69
1,1575282,1575261,21,MLRYHIQ,length1,21
1,1575729,1575651,78,MERKMESFCFSINRLIKFNANMVFAI,length1,78
1,1575906,1575843,63,MKCCVSIQKRQKTKFSFNFLS,length1,63
1,1576335,1576326,9,MYH,length1,9
1,1576440,1576437,3,M,length1,3
1,1576845,1576773,72,MTISAYCLDGSINCKNIGRTVARY,length1,72
1,1577055,1576905,150,MKQISSGVSTNTEISANWRTLSSVSNKIPSKITIRFGVKCVVSLVRVCST,length1,150
1,1577259,1577214,45,MIPISWQPSSLQSSL,length1,45
1,1577415,1577307,108,MAMMIQEGFDIIVFRCKENSRNYKEKCGEFHVYFFT,length1,108
1,1577832,1577700,132,MLAVSTINTAQINPLIAPTKSSKSNLLTLLNINKPTYINAGAVA,length1,132
1,1578474,1578288,186,MPPLIFIFSRPIINAKPIKDIMTGNEVKSPNFTGKPAWLLTTKPTPFAAIKSKKSPIPMPAP,length1,186
1,1578594,1578582,12,MATF,length1,12
1,1578780,1578771,9,MTE,length1,9
1,1579011,1579005,6,MK,length1,6
1,1579098,1579038,60,MRLRVSRKTAILVTFFNLIK,length1,60
1,1579218,1579209,9,MEP,length1,9
1,1579851,1579839,12,MILK,length1,12
1,1580520,1580502,18,MLMFDN,length1,18
1,1580853,1580835,18,MWLSCK,length1,18
1,1581171,1580985,186,MHQPYVTFHRYYDLMEDRLLLGDEQRHFCRLRMKRVMQRLLLDVQYRMLEQFRVLRLPLMHI,length1,186
1,1581225,1581213,12,MHCE,length1,12
1,1581327,1581297,30,MRLTQKGKQR,length1,30
1,1581381,1581336,45,MGRKRLLQLFQQCVF,length1,45
1,1581432,1581426,6,MK,length1,6
1,1581672,1581636,36,MQGVKNVFHKDR,length1,36
1,1581786,1581768,18,MAEEGR,length1,18
1,1581915,1581909,6,MC,length1,6
1,1582236,1582197,39,MILIFLFRRVRNI,length1,39
1,1582317,1582278,39,MRELGINLENIPI,length1,39
1,1582389,1582335,54,MQILLIRLLVVSVHWGYD,length1,54
1,1582545,1582491,54,MNSFYVILVEAVVYFLLN,length1,54
1,1582749,1582737,12,MWMN,length1,12
1,1582833,1582806,27,MPVLHRHFL,length1,27
1,1583289,1583274,15,MFTLQ,length1,15
1,1583370,1583334,36,MMLHNYNLRLIW,length1,36
1,1583388,1583382,6,MR,length1,6
1,1583433,1583415,18,MCWKII,length1,18
1,1583538,1583463,75,MIIYCEIVGYWRFQVRMEKQPQQVC,length1,75
1,1583565,1583559,6,MA,length1,6
1,1583724,1583655,69,MNMIQLSLINVRNLSITILVHLS,length1,69
1,1583796,1583745,51,MQIFLMISKRSNANFII,length1,51
1,1583988,1583937,51,MMLHILLSSIMEKKWQK,length1,51
1,1584000,1583997,3,M,length1,3
1,1584030,1584024,6,MR,length1,6
1,1584102,1584075,27,MRAKRWDLL,length1,27
1,1584120,1584105,15,MLNVV,length1,15
1,1584198,1584141,57,MALRFMMILLIIQKLFLLR,length1,57
1,1584411,1584288,123,MTSRLHLVELMPCLCFNLNNFLGKWQILQTNVYNLLIGMQI,length1,123
1,1585149,1584645,504,MADPHIKSPMDFLDYLTVIIYRTGFVIAALAVLTVSWYPDLSLTFILIAATCCASSLHIYLKSFRLLFQFATWIGLLFYINHYPALALGGALLTLGGLCFKEYFCFRVPLLNLQPIFVACLWFSWVLNNLIALRIFSIISGVLLLVLAIQKWRMPLHFDIGDKTKYQI,length1,504
1,1585275,1585248,27,MLHKNFYLK,length1,27
1,1585449,1585443,6,MD,length1,6
1,1586094,1585956,138,MNQCLHQSIQLNLQILLFEYQIISNCNHVERRLQEQGLVYQLRHLQ,length1,138
1,1586106,1586097,9,MKQ,length1,9
1,1586187,1586127,60,MLIHRHSPSLAHLKVRQKRH,length1,60
1,1586451,1586358,93,MVNVHFQEVIKIFSLVIYLLHEKRQKNQRLP,length1,93
1,1586991,1586988,3,M,length1,3
1,1587234,1587204,30,MSCSSTDTTI,length1,30
1,1587285,1587246,39,MTFHCTAYIKCNH,length1,39
1,1588032,1587822,210,MTSIKYRRIIACHQYILIPIKSTHNLRMDIKLSEFINICPRKNPICNLFIIVVKIGGKFTRIIFYIGKLC,length1,210
1,1588839,1588776,63,MTKLYTALYFGHALLHAFYFL,length1,63
1,1588902,1588875,27,MRLFQALIG,length1,27
1,1589046,1588914,132,MKELHSLSILMEPTKKFVILNLVRCALKMELSITLNVKVKLVPM,length1,132
1,1589085,1589076,9,MLI,length1,9
1,1589187,1589157,30,MQVKLLYVKL,length1,30
1,1589394,1589379,15,MKRLN,length1,15
1,1589460,1589433,27,MDLTSITAY,length1,27
1,1589505,1589478,27,MHKMQVFHI,length1,27
1,1589538,1589526,12,MLQR,length1,12
1,1589601,1589556,45,MKSVRLSVIHLMGNA,length1,45
1,1589718,1589676,42,MFLFLVANPHYLIV,length1,42
1,1589763,1589754,9,MAH,length1,9
1,1589832,1589826,6,MN,length1,6
1,1589973,1589946,27,MMPICQNII,length1,27
1,1590063,1589988,75,MQITLLCKNMQHRKILMKIKRVSVC,length1,75
1,1590099,1590066,33,MRLLQLCTLQV,length1,33
1,1590165,1590156,9,MRN,length1,9
1,1590192,1590189,3,M,length1,3
1,1590219,1590195,24,MNMARSFG,length1,24
1,1590432,1590348,84,MRHLVALNRQRPLICPILILIGRSKILF,length1,84
1,1590462,1590435,27,MILKVNNIN,length1,27
1,1590591,1590573,18,MCNEIM,length1,18
1,1590672,1590630,42,MAQLFSRIINVDSK,length1,42
1,1591548,1591518,30,MLGNLAYGGG,length1,30
1,1591647,1591626,21,MSPSGIR,length1,21
1,1591785,1591662,123,MPTKPAISSWSERMTSHTGTETRSRLLREAAVGNIAQWGEP,length1,123
1,1591827,1591806,21,MKKAFGL,length1,21
1,1592187,1592094,93,MRRDVEEYRRRRQPLGNVLTLMCESVGSKQD,length1,93
1,1592487,1592412,75,MSLCLRELRDRCCMAVVSSCCEMLG,length1,75
1,1593504,1593495,9,MSR,length1,9
1,1593588,1593549,39,MKNLLSTSEFIAC,length1,39
1,1593774,1593711,63,MCWEAQSKRVIIPYLKTILWY,length1,63
1,1594002,1593984,18,MKSNRT,length1,18
1,1594062,1594008,54,MVRGAKRVKPPKRSSGIK,length1,54
1,1594230,1594209,21,MGRLKVG,length1,21
1,1594581,1594572,9,MLA,length1,9
1,1594647,1594644,3,M,length1,3
1,1594887,1594839,48,MKVNREVSWTYHKCEC,length1,48
1,1595067,1595007,60,MGNRLIFLYLVKLRCGDGVG,length1,60
1,1595097,1595088,9,MCV,length1,9
1,1595964,1595835,129,MTKRGLGQCLVGSLTGAVSSQSVTEEHEGLLITVGHREVSAMV,length1,129
1,1596216,1596177,39,MAVRHLKWYASWV,length1,39
1,1596369,1596357,12,MRKR,length1,12
1,1596420,1596408,12,MSHP,length1,12
1,1596867,1596837,30,MPMVVWGFPM,length1,30
1,1597470,1597452,18,MRWLCC,length1,18
1,1597764,1597749,15,MINLV,length1,15
1,1597923,1597914,9,MLD,length1,9
1,1598106,1598025,81,MTNILLQGHQIMVIDLVFLQTQHASQL,length1,81
1,1598262,1598175,87,MLRFYPMGFLVRCHVFLLHKNMLSHQINK,length1,87
1,1598985,1598805,180,MLFDLVNKVPVYIDVQKAYNKVENSHNYSPLFSLYFYRTLKYFLCFLTIANQIVVHAEYF,length1,180
1,1599273,1599147,126,MGYFQVDSCILMCNFYLFDLDKPVYVSKQYQHHNALYHPNLV,length1,126
1,1599342,1599339,3,M,length1,3
1,1599858,1599804,54,MFAHQDEIRQPYSHLVRY,length1,54
1,1600341,1600242,99,MVKIIHSSVNIFNLTVEHCDIGLTSLIIVESIG,length1,99
1,1600764,1600743,21,MIYAHRN,length1,21
1,1600833,1600770,63,MLTSELLWLYHVRFCYQIILN,length1,63
1,1600950,1600929,21,MIKIQVI,length1,21
1,1601067,1601016,51,MPHVEQMNTHQLNHIIS,length1,51
1,1601337,1601310,27,MPKNLKQLL,length1,27
1,1602186,1602150,36,MNCANARCILAI,length1,36
1,1602582,1602516,66,MALERALRSACKFSVVTCKFLR,length1,66
1,1603197,1602858,339,MVKIERKATDSAYHEFTKILTSSAQLVAFLNQSDFVKARAKVENETVQQIASHFKFSQENNLNQLILSSFDRKEEDQLFVEYIRYVNNQARQTLNNELITKWKSLFEKRKITD,length1,339
1,1603284,1603257,27,MSAFLLHCF,length1,27
1,1603521,1603476,45,MGIIAATVKALGWAK,length1,45
1,1603794,1603755,39,MSDNILMPPSCNM,length1,39
1,1604166,1604145,21,MGECCTR,length1,21
1,1604358,1604256,102,MMLNGNHNALNISNHLHINAFICIFSCGSNAMII,length1,102
1,1604478,1604472,6,ML,length1,6
1,1604670,1604598,72,MRKKRIALMIQVKSAVQFGGVFYD,length1,72
1,1605210,1604919,291,MLGAVEVVKSPTISSKISSNVTSPLISPYSSTTKPIRSLFVRKFASCVFNGVLSGMKYTSSAARIKVSLVNSFFSSSKRNASRTRKMPSTCSSRLPL,length1,291
1,1605513,1605312,201,MSSTVTVSISKIDSNICGCCSFGVASPASDTILRSSSLLITCFCISSFNPTICIKDLVKIFINQTSG,length1,201
1,1606002,1605921,81,MLSKGKSFCSLINKKCGHFSPHFLPVI,length1,81
1,1607589,1606212,1377,MFENLSDRLSKTLRNITGKGRLTEDNIKETLREVRMALLEADVALPVVREFIAKVKESALGEEVNKSLTPGQEFLKIVQRELEKAMGEANESLNLATQPPAVILMAGLQGAGKTTSVGKLAKFLRERHKKKVLVVSADVYRPAAIKQLETLAQSVGVDFFPSDVKQNPVDIAKEALADAKLKFYDVLIVDTAGRLHVDTEMMDEIKQVHAALNPIETLFTVDAMTGQDAANTAKAFNEALPLTGVILTKVDGDARGGAALSIRQITGKPIKFLGVGEKTEALEPFHPDRVASRILGMGDVLSLIEDLERSVDREKAEKMAQKFKKGDDFTLDDFREQLIEMKKMGGMMSMLEKLPGAKNLPEHVKNQVDDKMFVKMEAIINSMTLKERANPDIIKGSRRRRIALGSGTQVQDVNKLLKQFDEMQRMMKKMRKGGMAKMMRGMQGLMGGGLGGLGGMFKR,length1,1377
1,1607964,1607937,27,MAWKANSRV,length1,27
1,1608075,1608015,60,MRSVILINFTRCSSGVALQS,length1,60
1,1608207,1608201,6,ML,length1,6
1,1608381,1608360,21,MMEAICP,length1,21
1,1608813,1608795,18,MAHNFG,length1,18
1,1609101,1609026,75,MAVSIFCVTTIPLALPLSFLRLKTW,length1,75
1,1609611,1609434,177,MVCKIKSCTSSASRSSVLPMARFILSCAEPDCELCASSIITANCLSPKSAMPSTINGNF,length1,177
1,1609842,1609626,216,MIFLPCSSDWRNSAELNAGATMFLTSEKSLILSRSCLSNKRRSVTTITESKIGRSASLPFAAFSLRGYASIN,length1,216
1,1609893,1609860,33,MELDLPEPAEC,length1,33
1,1610193,1610043,150,MLARLALPNTSCHKYAVRCPLGLGGLPLPQLLPKLNGKKNVAGPANLVVI,length1,150
1,1610301,1610292,9,MAV,length1,9
1,1610718,1610670,48,MANCASKSCENASLKP,length1,48
1,1611066,1610766,300,MFSRQVPVKAFSMAISKSFSLVPETIFHPFVNFLNLFITPKLSRRYSKSIGFFDRTFHTYTRTLPVTTSLINTLLYSFSFSIWAVFNAIARSILEVCLSR,length1,300
1,1611603,1611495,108,MNFERCTSQCSGTCPIHSTPESFNGTSGFKPRVTAF,length1,108
1,1611879,1611876,3,M,length1,3
1,1612173,1612053,120,MAPQLRDRLCLCFFSTNNCFKRFNSQWLGTSPSQSTPESL,length1,120
1,1612563,1612542,21,MAFWVSL,length1,21
1,1612827,1612818,9,MVT,length1,9
1,1613166,1613163,3,M,length1,3
1,1613214,1613178,36,MVEKSKMADFLN,length1,36
1,1613781,1613721,60,MSFSPSPLRSKYWFSGCISK,length1,60
1,1613904,1613796,108,MPLILESGSVIIIPCLFHAKSCLKGKIHYFSMCYIF,length1,108
1,1614069,1614042,27,MVCGGRSIC,length1,27
1,1614123,1614114,9,MLR,length1,9
1,1614546,1614507,39,MPSEKVRRLFPRF,length1,39
1,1615407,1615389,18,MAGWKA,length1,18
1,1616094,1616058,36,MSILRCYKKHDR,length1,36
1,1616292,1616130,162,MPILLFENAFLPIRHLCLAQVKYPNDEAQTSVKSHHDIYRAHTHRADNRLQYSK,length1,162
1,1616427,1616349,78,MKFFGYCCLFLMGIQFFLLLKEANCY,length1,78
1,1616658,1616601,57,MTCREEMQSLLTGRMDCLF,length1,57
1,1616979,1616967,12,MIAI,length1,12
1,1617075,1617066,9,MMN,length1,9
1,1617315,1617288,27,MVQNSQKNG,length1,27
1,1617342,1617336,6,MH,length1,6
1,1618152,1618140,12,MAFA,length1,12
1,1618260,1618245,15,MGKNQ,length1,15
1,1618995,1618974,21,MDVKLFN,length1,21
1,1619628,1619580,48,MAGGSQYRTQTSRLPC,length1,48
1,1620033,1620021,12,MDAF,length1,12
1,1620165,1620132,33,MVVSAVFCGDY,length1,33
1,1620561,1620555,6,MG,length1,6
1,1620795,1620756,39,MEFIRQTLFNKTR,length1,39
1,1620990,1620957,33,MCQYRRSWQVR,length1,33
1,1621287,1621173,114,MALIYSLRAVFVILNAKNLFGTVNLRASEKYTMMQERH,length1,114
1,1621473,1621305,168,MTGKNVRRFYVGLHCRGRAVIIGERKWIFLILIFCHKGNLYNWSLGNMKKAATSLN,length1,168
1,1621776,1621773,3,M,length1,3
1,1622145,1622103,42,MIRRPIKGAWRIDL,length1,42
1,1622292,1622283,9,MLV,length1,9
1,1622424,1622388,36,MWKAIRQFKNTR,length1,36
1,1622598,1622556,42,MTLLRWKIKILAKN,length1,42
1,1622952,1622949,3,M,length1,3
1,1623135,1623006,129,MRRPHLVIWLVASRCEKYRKGFAQDFVRLFQFDRKVALKTLLM,length1,129
1,1623246,1623234,12,MIRQ,length1,12
1,1623357,1623276,81,MASGRSKSLNNYGNEQLPKLMARHTLR,length1,81
1,1623381,1623363,18,MRLSLK,length1,18
1,1623396,1623387,9,MNC,length1,9
1,1623453,1623399,54,MPIKILKNHPHFRVKFPQ,length1,54
1,1623690,1623672,18,MQQCCC,length1,18
1,1623957,1623942,15,MNLMS,length1,15
1,1623996,1623993,3,M,length1,3
1,1624473,1624308,165,MAVCEAKLNPFRNVNLSVHARKRLILLENCKRVREFFQIHARNIWIISIQLLQLI,length1,165
1,1624665,1624551,114,MAKPHQHVTDILHALPLMPLDLFYSLRNQQIFVLQLDF,length1,114
1,1624854,1624839,15,MPHYF,length1,15
1,1625289,1625082,207,MQSSLFSVQVVRLFVRFVEWFVLKLVLKALLQKDRQKSLFVQYRKHRLVFYRLLLLIDLQVAHFSRYLA,length1,207
1,1625517,1625502,15,MPNFI,length1,15
1,1625544,1625520,24,MQIVLNLN,length1,24
1,1625910,1625907,3,M,length1,3
1,1626630,1626600,30,MERHIPRKWL,length1,30
1,1626819,1626816,3,M,length1,3
1,1626999,1626954,45,MPFCADSTRFLSQIM,length1,45
1,1627500,1627182,318,MSELLINDYTRKGFVDGLCVRLLTICIRPGKPNKATSSFVSSIIREPLHGETSICPVAEKMAFSFIKFLGKKKEEWALAITGYVVSIPIVLPILLIFIKAILDLGK,length1,318
1,1628808,1627704,1104,MQLDKYTAKKIVKRAMKIIHHSVNVMDHDGVIIASGNSTRLNQRHTGAVLALRENRVVEIDQALAQKWNFEAQPGINLPIHYLGKNIGVVGISGEPTQVKQYAELVKMTAELIVEQQALLEQESWHRRYKEEFILQLLHCNLNWKKMEQQAKFFSFDLNKSRVVVLIKLLNPALDNLQHLINYLEQSEFAQDVAILSLDQVVVLKTWQNSTVLSAQMKTLLPADYSKQDYKIAVGACLNLPLFEQLPLSFQSAQSTLSYGLKHHPRKGIYVFDEHRLPVLLAGLSHSWQGNELIKPLSPLFSEENATLYKTLQQYFLSNCDLYLTAEKLFVHPNTLRYRLNKIEQITGLFFNKIDDKLTLYLGTLLEH,length1,1104
1,1628865,1628835,30,MIFNRTFCLL,length1,30
1,1631334,1630200,1134,MKFVIAPDSFKESLTALEVATAIETGFKRVFPDADYVKLPMADGGEGTVQSLVDATQGKLIECEVTAPLGDKVKSFFGLSGDGKTAIIEMAAASGLHLVPPEKRNPLLTTSYGTGELIKLALDLGVESFILGIGGSATNDGGVGMLQALGMQCLDSQDKPIGFGGAELANIVKIDVQQLDPRLQQVHIEVACDVNNPLCGECGASAIFGPQKGATPEMVKQLDAALSHFAEIAERDCGKQIRDQAGAGAAGGMGGGLLLLPSVQLKAGIQIVLERLHLIDHVKDADVVITGEGRIDAQSIMGKTPIGVARTAKQFNKPVIAIAGCLREDYDVVFDHGIDAVFPIIHQLGDLSDILKQGEQNLISTAQNVARVLAFKFH,length1,1134
1,1631841,1631808,33,MFCNETGFIRL,length1,33
1,1631958,1631856,102,MPFKVNSLRFKILDLFYPLLHVIFPKSRLSRLIS,length1,102
1,1632117,1632075,42,MLDIHRFSFIKKCG,length1,42
1,1632318,1632234,84,MKNNRTLSVIISTITAIMMTIIMINGAG,length1,84
1,1632672,1632639,33,MAYMPKIINST,length1,33
1,1632726,1632675,51,MAPRHLLMLNLLKSKDY,length1,51
1,1632810,1632759,51,MQLKRPLIAVGKNFLLQ,length1,51
1,1632969,1632936,33,MQQISQKIKWC,length1,33
1,1633053,1632993,60,MKKASWYCSVVMAQTILPPV,length1,60
1,1633128,1633095,33,MWTAFILAIRV,length1,33
1,1633203,1633137,66,MHVYYQRFLIVKRWNSLISVRK,length1,66
1,1633308,1633299,9,MAM,length1,9
1,1633398,1633368,30,MCQAPVCKVW,length1,30
1,1633557,1633551,6,MN,length1,6
1,1633572,1633560,12,MNIN,length1,12
1,1633629,1633623,6,ME,length1,6
1,1633959,1633896,63,MLKFEFVLLRIPTVCCLMKMD,length1,63
1,1634052,1633992,60,MRLSHQILMYCFLSLNYIMW,length1,60
1,1634115,1634103,12,MLVR,length1,12
1,1634169,1634130,39,MWLRQTKKRIHEN,length1,39
1,1634238,1634181,57,MSYAKMPKQASINFYMKPM,length1,57
1,1634379,1634292,87,MSLNILKGFYLARFPLFLVSWKKDFLFQK,length1,87
1,1634448,1634427,21,MIFLDKM,length1,21
1,1634694,1634505,189,MLKLKVYCRKASLKENLQMSLWQCCHSLTRSLKLALPQLKQKAKYCVMLEKLVKENAKYPSLR,length1,189
1,1634841,1634727,114,MVKMPWHFILVIINRFHFYYVVMAQVMQLLRQVSLQIF,length1,114
1,1634967,1634955,12,MVLC,length1,12
1,1634985,1634973,12,MWFK,length1,12
1,1635102,1635081,21,MCYLASN,length1,21
1,1635138,1635120,18,MLNLYV,length1,18
1,1635264,1635231,33,MNLFRKWNCLK,length1,33
1,1635411,1635306,105,MITSHLAILAVCNLWCNRSAIFVKNCHFLIIGIGC,length1,105
1,1635507,1635495,12,MVVI,length1,12
1,1635561,1635522,39,MLAIPIRKILPRL,length1,39
1,1635621,1635570,51,MSLPSLIVNLCYLILLK,length1,51
1,1635825,1635759,66,MKVLCMYVKLITKAQEKLNKLI,length1,66
1,1636029,1635984,45,MNYLNCLLLSVVKKF,length1,45
1,1636068,1636044,24,MASYHKQR,length1,24
1,1636080,1636071,9,MQW,length1,9
1,1636110,1636086,24,MRLLSLHR,length1,24
1,1636164,1636134,30,MHLNYFTVQR,length1,30
1,1636242,1636224,18,MAKLLF,length1,18
1,1636296,1636281,15,MRFMD,length1,15
1,1636311,1636308,3,M,length1,3
1,1636476,1636413,63,MRVRLWLSKPLMMLNCAKLSG,length1,63
1,1636611,1636572,39,MSWFLCQVVILVT,length1,39
1,1636701,1636680,21,MILCHVI,length1,21
1,1636761,1636749,12,MQWM,length1,12
1,1636821,1636809,12,MVGI,length1,12
1,1637127,1637085,42,MKWIMILHNYGLTY,length1,42
1,1637586,1637487,99,MVPEARLELARLERRGILNPLCLPIPPLGHIDN,length1,99
1,1637655,1637601,54,MEACPGVEPSYMDLQSSA,length1,54
1,1638297,1638285,12,MDCF,length1,12
1,1638471,1638468,3,M,length1,3
1,1639284,1639269,15,MHFRE,length1,15
1,1640562,1640241,321,MSEVLHINDADFESVVVNSDIPVLLDFWAPWCGPCKMIAPVLDELAPEFAGKVKIVKMNVDDNQATPAQFGVRSIPTLLLIKNGQVVATQVGALPKTQLANFINQHI,length1,321
1,1641060,1640844,216,MPIQINPLMMYKARAIIRFHLCSSCHGIHVIRGEFHATRQLRSNGISVMRIKQETLLRIPKLFQLSASKVKP,length1,216
1,1641186,1641156,30,MDFKPLKTAI,length1,30
1,1641210,1641207,3,M,length1,3
1,1641609,1641579,30,MSFSTVNIDG,length1,30
1,1641705,1641651,54,MTLLCPKFIGEQIRNCAF,length1,54
1,1641942,1641807,135,MEPKPIAQIIRKKCGHILDCFKISFFHRHNQYFLHIGLLSIINKL,length1,135
1,1642161,1641981,180,MRVSVEEVHKYLYLNSIKNPLIIANQGIHRSMAFKNSSFDDDRSKALRSEVYTVFYLLVK,length1,180
1,1642284,1642260,24,MIQTETTY,length1,24
1,1642392,1642368,24,MIAIFYTI,length1,24
1,1642539,1642491,48,MSINVTGMRKLTIITF,length1,48
1,1642758,1642563,195,MLFYAHLLLNRNQCNHYIFSRNILMKAFVACFHFFDFINNIHPFNHFTKYRIAPFLNDFSTKHFF,length1,195
1,1642827,1642818,9,MWI,length1,9
1,1643010,1642914,96,MHTAFHTATLNHKAINNTMKNCVIIKTFFAVI,length1,96
1,1644573,1643196,1377,MLKIFNTLTREKEIFKPIHENKVGMYVCGVTVYDLCHIGHGRTFVCFDVIARYLRSLGYDLTYVRNITDVDDKIIKRALENKETCDQLVDRMVQEMYKDFDALNVLRPDFEPRATHHIPEIIEIVEKLIKRGHAYVADNGDVMFDVESFKEYGKLSRQDLEQLQAGARIEINEIKKNPMDFVLWKMSKENEPSWASPWGAGRPGWHIECSAMNCKQLGEHFDIHGGGSDLMFPHHENEIAQSCCAHGGQYVNYWIHSGMIMVDKEKMSKSLGNFFTIRDVLNHYNAEAVRYFLLTAHYRSQLNYSEENLNLAQGALERLYTALRGTDQSAVVFGGENFVETFREAMDDDFNTPNALSVLFEMAREINKLKTEDAEKANGLAARLRELGAILGLLQQDPEKFLQAGSDDDEVAKIEALIKQRNEARAAKDWATADAARNELIAMGIVLEDGPNGTTWRKQ,length1,1377
1,1645152,1645092,60,MGYSNIWYVPQMDALPQIFH,length1,60
1,1645374,1645329,45,MQKNYALHARFPHRK,length1,45
1,1645683,1645653,30,MPKLVTKSTH,length1,30
1,1645791,1645689,102,MRAFARELNQRCLTLLFTSSCFPALNGRASGLPR,length1,102
1,1646211,1646136,75,MPSITPNFLVSRRQKRSHKFSLGVE,length1,75
1,1646352,1646283,69,MPFSRNCSSSKICPFLYSALMVS,length1,69
1,1646553,1646460,93,MGATRALVFSRRATRVINAFFAIAKRSSKVR,length1,93
1,1646865,1646829,36,MVKTSFGNTGVL,length1,36
1,1647171,1647156,15,MVVPP,length1,15
1,1647783,1647765,18,MALMIR,length1,18
1,1647843,1647819,24,MTPKLLMI,length1,24
1,1648557,1648119,438,MMTDKLNLNVLDAAFYSLEQTVVQISDRNWFDMLPSIVQDTLIAGAIQKFEFVYELSLKMMKRQLQQDAINTDDIGAYGFKDILREALRFGLIEDMSKWVVYRDMRNITSHTYDQEKAMAVYAQIDDFLIESCFLLEQLRQRNQYD,length1,438
1,1648692,1648641,51,MGFRFSCKGKSKKIFRS,length1,51
1,1649091,1649049,42,MLHRQLRQLLHQND,length1,42
1,1649553,1649547,6,MV,length1,6
1,1650516,1650498,18,MVKIFD,length1,18
1,1650774,1650738,36,MFRTKSRNLNGA,length1,36
1,1650906,1650885,21,MYFTSYN,length1,21
1,1651134,1651110,24,MEKSSKSS,length1,24
1,1652148,1652076,72,MRNSLTTGCLSWPSSVQCRKIYCG,length1,72
1,1652403,1652394,9,MLE,length1,9
1,1652418,1652406,12,MTAL,length1,12
1,1652529,1652508,21,MCRSLFG,length1,21
1,1652802,1652766,36,MQKALVGGYAQI,length1,36
1,1652988,1652814,174,MIRQILDERAQVLVFPMSKRHSIDNGKMQKESSQLSQHRQKGAGAYLPHKVRQRKYLC,length1,174
1,1653342,1653294,48,MRLKYLPLPLLIGLLV,length1,48
1,1653462,1653432,30,MAMDDVVLPY,length1,30
1,1653900,1653804,96,MFVQYPQNLLLKNLAIGYQFVKAHLVHHRLIE,length1,96
1,1654029,1654023,6,MP,length1,6
1,1654611,1654566,45,MGASAYRFDTQNHQR,length1,45
1,1654728,1654704,24,MFPLVMDK,length1,24
1,1655211,1654995,216,MFDRVQFRHVHWLTLYSNVQYRQCNLQNRGIFPTIVSLSAGIFARLFPQSQTLLWHSLIDKQAVLDDLNFVE,length1,216
1,1655733,1655619,114,MKALFDAFMQNMAILRRNCKLHKIIRQGFAFFFSQLCE,length1,114
1,1655931,1655838,93,MQCCPTLLSCFLFKLGTNIFISRRQGRKPFN,length1,93
1,1656336,1656315,21,MPCDSFA,length1,21
1,1656450,1656429,21,MVMNFHL,length1,21
1,1656759,1656591,168,MLEIVPLLNEIRLESTMVVVQSVFVVKPIAIASVVIFPMKAKRNLGSVVIRARDFQ,length1,168
1,1656810,1656783,27,MSTQLFQLR,length1,27
1,1657590,1657587,3,M,length1,3
1,1657602,1657593,9,MPY,length1,9
1,1657749,1657740,9,MLV,length1,9
1,1657923,1657857,66,MPRHENLNLKSLRDRQDRLFYS,length1,66
1,1658118,1658079,39,MQGVLPLLQQQFG,length1,39
1,1658451,1658415,36,MIYFLSRNYQGF,length1,36
1,1658772,1658715,57,MQLSLHKSYKQCGDDKFGN,length1,57
1,1659159,1659138,21,MNPHEWK,length1,21
1,1659441,1659411,30,MSRKKEKIKF,length1,30
1,1659579,1659573,6,MP,length1,6
1,1659627,1659609,18,MLSVLK,length1,18
1,1659687,1659636,51,MPINSSSSGSARRYKSK,length1,51
1,1659825,1659765,60,MPCNIPRVSVVFPAPRSPLR,length1,60
1,1660002,1659957,45,MWADSTALLRFIKVR,length1,45
1,1660071,1660065,6,MI,length1,6
1,1660146,1660119,27,MTNSRLCIS,length1,27
1,1660959,1660920,39,MDTRKMLQIRMQD,length1,39
1,1661250,1661052,198,MRLMQGKVVQINYIGVITDRFLPLVLPAIILNFRQISELVEYFLIKVQVHELAVHLVFQGTYQVLP,length1,198
1,1662048,1661994,54,MTWLFSCKEKGKWIFLHF,length1,54
1,1662108,1662051,57,MQKSAANFNRTFVFFNRMN,length1,57
1,1662225,1662156,69,MQRSAVGRASKRRMPISSPQQSQ,length1,69
1,1663365,1663329,36,MFHHCVQKNCNK,length1,36
1,1663701,1663626,75,MRIWLVLVCQLFVPFQHLFSFYLFK,length1,75
1,1663983,1663842,141,MCLFHFFNGKIALFLQKCGGFLVYFICNLGYCSFLRLCNFFYLMAYR,length1,141
1,1664169,1664154,15,MFHLI,length1,15
1,1664448,1664424,24,MWGRAWQR,length1,24
1,1664568,1664460,108,MAKGFFMIRVLLGEVEVWLSWKFCLIYKEKGLFWKN,length1,108
1,1664643,1664634,9,MWN,length1,9
1,1664787,1664667,120,MGKITALFVLLGVIGIGKGCIFKYFLLTTLRHELIIPILV,length1,120
1,1664823,1664799,24,MMERIAFC,length1,24
1,1664871,1664832,39,MLKQKMSKFLPAL,length1,39
1,1664958,1664883,75,MCCKWGIMGVKHRQVNTCFLRLDQM,length1,75
1,1665147,1665138,9,MRV,length1,9
1,1666971,1665210,1761,MQEQKLQENDFSTLQTFKRLWPMIKPFKAGLIASGIALVFNALADSGLIYLLKPLLDDGFGKANHSFLKIMAFVVVGMIILRGVTNFISNYCLAWVSGKVVMTMRRRLFKHLMFMPVSFFDRNSTGKLLSRITYDSEMIASSSSGSLITIVREGAYIISLLAVMFYTSWELTLVLFVIGPIIAVLITIVSKIFRKLSKNLQDSMGELTATTEQMLKGHKVVISFGGQFVEEERFNKVSNNMRRKGMKMVTADSISDPVVQIIASLALVAVLFLATTPLIAEDNLSAGSFTVVFSSMLAMMRPLKSLTNVNSQFQRGMAACQTLFAILDLEPEKDNGTYKAEPAKGALEFKNVSFAYQGKEELALNNISFSVPAGKTVALVGRSGSGKSTIANLVTRFYDIEQGEILLDGVNIQDYRLSNLRENCAVVSQQVHLFNDTIANNIAYAAQDKYSREEIIAAAKAAYALEFIEKLPQGFDTVIGENGASLSGGQRQRLAIARALLRNSPVLILDEATSALDTESERAIQSALDELKKDRTVIVIAHRLSTIENADEILVIDHGEIRERGNHKALLEQNGAYKQLYSMQFSG,length1,1761
1,1668042,1667046,996,MPFWYSNSKLIWLLSPFSLLFWLISQLRHALFCLGIKSSYRAPKPVIIVGNLSVGGNGKTPVVVWLVEELKKRGLRVGVISRGYGSKSKTYPLFVTENTRPIEGGDEPVLIAKRTNAPVVISPNRQQAIELLLSQAECDIIVSDDGLQHYKLQRDLEIVVMDAERALGNGFVLPAGPLRELPSRLKSVDFVITNGGKNQYSDAVMYLVPHFAINLKTNEKRQLKEFQSGVAIAGIGNPQRFFTMLEKLGIQLERTQAFQDHQHFEASQLEKLAENQPLFMTEKDAVKCQSFANDNWWYVPVDAEIIEAEKQCENLPHFWDKIDKLVAQYRNG,length1,996
1,1668735,1668717,18,MGSDST,length1,18
1,1668903,1668888,15,MLKSS,length1,15
1,1668987,1668909,78,MSLTNLVFIVCMTIKIRLFMLGKQRI,length1,78
1,1669191,1669164,27,MINPIHLFY,length1,27
1,1669452,1669416,36,MFPMKNIINKLN,length1,36
1,1669620,1669611,9,MNV,length1,9
1,1669662,1669623,39,MIWILCPSLTNTV,length1,39
1,1669971,1669956,15,MLKRL,length1,15
1,1670034,1669974,60,MYNLNNLHECQSVIKRCVIC,length1,60
1,1670235,1670184,51,MIMQQWNKRCRNVMSVI,length1,51
1,1670289,1670271,18,MVEKGN,length1,18
1,1670460,1670439,21,MIVWHCI,length1,21
1,1670499,1670478,21,MKVIITQ,length1,21
1,1670643,1670637,6,MK,length1,6
1,1671519,1670808,711,MFEWITDPEAWVSLATLTALEIILGVDNIIFISILVGRLPESQRQSGRIIGLGLAMLTRILLLMSLAWIMKLTAPLFTLFNQAISGRDLILLIGGLFLIIKSFGEIKEAINHQEHHNSESKNKVSYFGVLIQITVLDIVFSLDSVITAVGMASHLPVMILAIIIAVGVMMFAAKPIGAFVDTHPTLKILALAFLVLVGISLIAESLDIHIPKGYIYFAMGFSVVVEMINIRMRRLIK,length1,711
1,1672008,1671972,36,MVEFLQTIAYLQ,length1,36
1,1672389,1672353,36,MLRKRYDQSAML,length1,36
1,1672815,1672746,69,MLVPFLTPMLLQVFRYLQQLDLY,length1,69
1,1673376,1673265,111,MDLHLVNLNVPYVLIRGFLLHKRLTLFLPLLIFLLLT,length1,111
1,1673574,1673511,63,MFYLLYFPYFSLNWYSNFLFL,length1,63
1,1673658,1673622,36,MFHNHIIVKHNK,length1,36
1,1673742,1673739,3,M,length1,3
1,1673799,1673781,18,MMYLFR,length1,18
1,1673892,1673883,9,MKL,length1,9
1,1674027,1673967,60,MFFVVNAILVQLVEPIVVNH,length1,60
1,1674069,1674051,18,MEVCKR,length1,18
1,1674183,1674162,21,MLYIEQL,length1,21
1,1674276,1674258,18,MEQSQF,length1,18
1,1674336,1674306,30,MQNPWELNIL,length1,30
1,1674480,1674354,126,MTLKELRKLQVVVWQKLLWRHLVLIFLSKILCIIPPLQEELL,length1,126
1,1674702,1674549,153,MVLEQARGNLRRHWICLLLIKLMHLISLLSVSNLKKFLVLFLIYLIIQKII,length1,153
1,1674738,1674711,27,MQFSKKHNQ,length1,27
1,1675080,1675065,15,MALFI,length1,15
1,1676271,1675776,495,MGDKEGACFMKIAKYLDKALEYLSILALVIMISLVFFNSVLRYFFDSGIAFSEEFSRICFVYMIFFGIILVAKDKAHLTVDIIISALPEQYRKIVLIVANICILIAMIFIAYGALQLMSLTYTQQMPATGISSSFLYLAAVISAVSYFFIVMFSMIKDYKESSDK,length1,495
1,1677552,1676283,1269,MLLLFLCSLFLLLFLGVPVALSMLLSASIMLYHLDMFDTQLITENFVMGTNNFPLMAIPFFMLTGEIMKHGGISERIINFATSMVGHIKGGLGYVAIISGLIFAGLSGSAVADTAALGAILIPMMISKKYDGARSTGLICAAGIISVVIPPSIPMIIYGITAGASITKLFMGGTVPGLLMVVGLWVTWKILYRNNDTSLERKQTGKERWVAFKKAFWPLLLPIIIIVGLRGGIFTPTEAGVVAAIYAGIVSIAYKGLTFSKLKDVFIGTIKTTSMVMFVAASAMISAFAITVAQIPTELVQTIKGLTDSPTILMFIIMLFLLLVGCVMDLIPAVLIFVPVLLPVLRAYNIDIAYFGIMMVINLSIGLITPPVGTVLYVGSGISKLGIGALSKGIAPFLFVYAIIMMLIVFFPEIVIVPMNWLS,length1,1269
1,1678194,1678185,9,MER,length1,9
1,1679373,1678518,855,MEFTMNIAANHNLENKLIIITGAGGVLCSFLAKQLAYTKANIALLDLNFEAADKAAKEINQSGGKAKAYKTNVLELENIKEVRDQIAIDFGTCDILINGAGGNNPKATTDNEFHQFDLNETTRTFFDLDKSGIEFVFNLNYLGSLLPTQVFSKDMLGKQGANIINISSMNAFTPLTKIPAYSGAKAAISNFTQWLAVYFSKVGIRCNAIAPGFLVSNQNRTLLFDTEGKPTDRANKILTNTPMGRFGESEELLGALLFLIDENYSAFVNGVVLPVDGGFSAYSGV,length1,855
1,1680786,1679385,1401,MKQFMDENFLLSTDTAKILYHDYAKNKPIFDYHCHLNPREVAENRQFNDLAEIWLEGDHYKWRALRTAGVPEELITGKATNYQKYLAWAKTVPLCIGNPIYHWTHLELRRPFGITNMLFNPQNAEKIWHQCNEMLQQPEFSARGIMQKMNVKLVGTTDDPIDSLQYHQAIKNDESFDIDVVPSWRPDKVFKIELPQFNDYLVQLSEIADVDIYTFADLKKALLKRLEYFDAQGCKSADHGMEIVRFSAIPDESVLNSILQKRLQNQPLLEEEVAQFSTAILVWLASEYCKRHWVMQMHIGAIRNNNSRMFALLGADSGFDSIGDRTYAYPLSRLLDAMDKENQLPKTILYCLNPRDNEMIASMIGNFQGDGIAGKIQFGSGWWFNDQKDGMERQLQQLSQLGLLSQFVGMLTDSRSFLSYTRHEYFRRILCEMIGGWVEKGEAPNDISLLGKMIEDICFNNAKNYFK,length1,1401
1,1680891,1680870,21,MQTIFCR,length1,21
1,1680999,1680912,87,MVYLWQRLLFALKQRQMRSVCCVQIDLTF,length1,87
1,1681269,1681254,15,MLNYR,length1,15
1,1681404,1681389,15,MKLDD,length1,15
1,1681557,1681542,15,MIAIY,length1,15
1,1681884,1681866,18,MSFAKA,length1,18
1,1682469,1681917,552,MKKQILALVCGVMFSSSTWAHNLQLEQSLPAVQVTEYGEIVLSGKDTAFQPWGSAELAGKVRVVHHLAGRTAAKEKNQSMIDAIKASHFNPVKYQTTTIINADDAIVGTGMFVKNSAQKGKQENPHSQVVLDDKSAVKNAWGLNSKDSAIIVLDKTGKVKFVKEGKLFDSDIQTVISLVNGLTK,length1,552
1,1682637,1682625,12,MGVV,length1,12
1,1682886,1682709,177,MKLIPLIPLTFLSLALTLQKTFYLFYKELLCNHVLLWMLKKNRYSAHIKCCVTRIFYWD,length1,177
1,1682991,1682976,15,MAYFS,length1,15
1,1683111,1683087,24,MWHVEWKI,length1,24
1,1683171,1683165,6,MY,length1,6
1,1683384,1683330,54,MKPVILFTVEKQITFAQP,length1,54
1,1683417,1683393,24,MFQSTIYS,length1,24
1,1683465,1683453,12,MNND,length1,12
1,1683828,1683774,54,MDLSCFCFSQFDYHFIGD,length1,54
1,1683951,1683882,69,MATTKSADLVRKCGKKWRCFFRS,length1,69
1,1684050,1684032,18,MATPIK,length1,18
1,1685256,1684584,672,MEIEVVYQHSDFIIINKSEGISVHKDQEEQGLTELVAKQLNVPKVWLVHRLDKVTSGLLILALNAESAAEFSRLFSEHKIHKTYLALSNQKPKKKQGLIIGDMKKSREGAWKLCQTKENPAITRFASVSCEPNLRLFILKPQTGKTHQLRVAMKSLGSPILGDGLYGKNTEKIDRTYLHATQLEFDYLNDFISVTCLPSQGQFWIKPTVFEQIQVYLTKPFLSK,length1,672
1,1685391,1685331,60,MGYVLAHINLKPLLKNISQM,length1,60
1,1685454,1685436,18,MKLQKT,length1,18
1,1685499,1685475,24,MVRKVIME,length1,24
1,1685613,1685556,57,MKMHKNALLWLIWKLNLVY,length1,57
1,1685712,1685625,87,MAISHRGKAVRTRLNFQLKRNFMQIFNSI,length1,87
1,1685889,1685799,90,MKIVNVGYAQVNVLSYLKKERGINVCMIMD,length1,90
1,1686000,1685925,75,MINSRGLITVLKVLMIIEVYELIIF,length1,75
1,1686048,1686033,15,MWALH,length1,15
1,1686231,1686159,72,MVCLPCLPQILKMLKNITVKVSIK,length1,72
1,1686303,1686261,42,MMKRVYPQKLNTIS,length1,42
1,1686390,1686351,39,MYFLRGILFVILK,length1,39
1,1686483,1686468,15,MCKRI,length1,15
1,1686567,1686540,27,MQRKNCLIY,length1,27
1,1686669,1686627,42,MKSRKCSLLWMSLV,length1,42
1,1686750,1686723,27,MKMTNLISW,length1,27
1,1687083,1687020,63,MRLRWLANEKRQYGVKIQLRK,length1,63
1,1687218,1687215,3,M,length1,3
1,1687287,1687257,30,MTSLYLLYWE,length1,30
1,1687932,1687893,39,MPSPTRNNTNIIS,length1,39
1,1688583,1688508,75,MKKMKGKVRLFLTALFVHILIKFHH,length1,75
1,1688667,1688619,48,MLRHHHEQHRLMDLLR,length1,48
1,1688868,1688826,42,MVVEWLLGHHVMLK,length1,42
1,1688922,1688871,51,MNVAHLRLNYVRVLPFL,length1,51
1,1689543,1689477,66,MCLRDLDESQQQRVHQVQYLVF,length1,66
1,1689813,1689675,138,MTLSNIQKIALNVSKKALRLQCFLAFFIALAIALCLAELTVVDVRF,length1,138
1,1690179,1689930,249,MPPLVCVELIVQTPNAVVRQEKEYASSLVLFLIVQPNVLIVLYLIFLQLVYVKYCQRYLDKLMLTLNFLVAHTAFVTRKADCA,length1,249
1,1690353,1690329,24,MDFEYLNF,length1,24
1,1690626,1690590,36,MEKPRKFGLRLS,length1,36
1,1690848,1690824,24,MDDRAKMR,length1,24
1,1691211,1691184,27,MLLKQNLRQ,length1,27
1,1691307,1691265,42,MMCTYFCTTQNVQG,length1,42
1,1691643,1691640,3,M,length1,3
1,1691892,1691886,6,MA,length1,6
1,1691937,1691901,36,MRIRCILCKNLV,length1,36
1,1692033,1692018,15,MPLPF,length1,15
1,1692105,1692084,21,MFHWILP,length1,21
1,1692264,1692213,51,MQWLIHSGFAVFCLQCG,length1,51
1,1692360,1692297,63,MKRHVLMRRAVKIKKVYIIFL,length1,63
1,1692390,1692384,6,MV,length1,6
1,1692444,1692420,24,MKKSYVHV,length1,24
1,1692513,1692453,60,MIWKLFQRQVLKFVSTIFCN,length1,60
1,1692549,1692522,27,MIIRLPKCV,length1,27
1,1692621,1692570,51,MHQLLPIVAKFVLSVWW,length1,51
1,1692639,1692627,12,MKKY,length1,12
1,1692687,1692678,9,MGL,length1,9
1,1692789,1692756,33,MCYIWSDAVMY,length1,33
1,1692873,1692816,57,MHNKNCFKCKCYLCLSALV,length1,57
1,1693167,1693113,54,MVRDLNGWDTVFLSPLFH,length1,54
1,1693206,1693197,9,MAN,length1,9
1,1693332,1693275,57,MKLKKITVLQHFLMPLCIR,length1,57
1,1693824,1693518,306,MALVEFLMETLDGLKGTDIVHFDVRGKSSITDNMIICTGTSSRQVSAMADNLITECKKAGFETFGEEGKNTADWIVVDLGQAIVHIMQRDAREMYQLEKLWA,length1,306
1,1694037,1694016,21,MLILNVF,length1,21
1,1694181,1694157,24,MMVAMFVC,length1,24
1,1694457,1694403,54,MSRSAIKKRSVTFLHAER,length1,54
1,1694601,1694556,45,MVTELNYYLYRQRVA,length1,45
1,1694628,1694607,21,MIVTVNY,length1,21
1,1694724,1694700,24,MNYATLWD,length1,24
1,1694859,1694838,21,MATNTRV,length1,21
1,1694928,1694895,33,MAKQWRIFWAM,length1,33
1,1694952,1694940,12,MIKM,length1,12
1,1695072,1694988,84,MRGRTILENWVLNVITRIYCKVPRVLKK,length1,84
1,1695321,1695267,54,MTIIYLLMVFPPKIINVY,length1,54
1,1695405,1695324,81,MILLVRFIVVRHKVRIRPLQQSNLLLQ,length1,81
1,1695426,1695423,3,M,length1,3
1,1695825,1695816,9,MAK,length1,9
1,1695888,1695876,12,MKIR,length1,12
1,1696050,1695954,96,MLLMLQMELGEKPLQMPIIVLQENLVLLKCLV,length1,96
1,1696083,1696059,24,MKNTMRWD,length1,24
1,1696152,1696098,54,MITHGLPHMRLMKTLDWL,length1,54
1,1696203,1696170,33,MQVVVQVMPHR,length1,33
1,1696311,1696263,48,MYLFSKKKICHKRANK,length1,48
1,1697427,1696314,1113,MEDKIPFWLRVWQRLHIDFWLFIGLLAITAYGMLVLYSASGASEMMFNNRIIQVLLGFIVMLLMAQFPPRFYQRIAPYLYLIGFVLLILVDAIGTTSKGAQRWLDLGFIRFQPSEIVKLAVPLMVAVYLGNRPLPPKLSETFIAIAMILLPTLLVAIQPDLGTAILVSASGLFVVFLAGMSWWLILAAVIGLAGFIPIMWLYLMHDYQRTRVLTLLDPEKDPLGAGYHILQSKIAIGSGGLSGKGWMQGTQSQLEFLPEPHTDFIFAVMGEEHGMIGFLILMAIYLFIIVRGLMIAVNAQTSFGRILAGATTLIFFVYVFVNIGMVSGILPVVGVPLPLFSYGGTSYVAIMASFGLLMSIHTHKSQFMKRS,length1,1113
1,1699026,1699020,6,MG,length1,6
1,1699200,1699188,12,MGFC,length1,12
1,1699551,1699500,51,MGLVSIDCERVILIKTS,length1,51
1,1699635,1699617,18,MQNSRN,length1,18
1,1700514,1699878,636,MNNSLIVRQLGLQDYQEIWHKMQDFTDTRNAETQDEIWLVQHYPVFTQGQAGKPEHLLQRSEIPVVQSDRGGQITYHAPGQQVMYVLIDIKRHKNLNVRQLVTALEQTVVKTLAEYGIESYPKPDAPGVYVDGKKICSLGLRIRRGCSFHGLALNINMDLNPFHYINPCGYAGLEMCQLADFVNQDEADCDNVSAKLIKHFADLLGYNITTL,length1,636
1,1700640,1700613,27,MRQKPQLFP,length1,27
1,1700829,1700736,93,MECAVTDYILFVRKRLVQIYTNVLIMAQPLL,length1,93
1,1700943,1700871,72,MWLTVNHYRLILKSHKNWQKRFKI,length1,72
1,1700961,1700955,6,MW,length1,6
1,1701024,1700982,42,MTCLIVVLVIFLNV,length1,42
1,1701150,1701132,18,MSLTII,length1,18
1,1701522,1701399,123,MCRQLNLMNSVIKPMKWALNMRLVGHLFVLLITLIYKPVAD,length1,123
1,1701651,1701642,9,MQC,length1,9
1,1702788,1701783,1005,MQFERISTEQKKLSLIQTFLHQNALKLDEQIEYFVVGYNDNEQIVVCGGLAGNIIKCVAIDESLRGSGVALQLITELVDLAYTLKRPHLFIYTKPEYATLFKSCGFYIISDANPYVVLLENSATRLQKQCSLWEKMRVDGNRIGSIVMNANPFTLGHRYLIEQALQQCDHLHLFIVGEDASQFSYTERFEMIQQGIFDLSNITLHSGSDYIISRATFPNYFLKDQLITDESYFEIDLKLFRLHIAQALGITHRFVGTELNCPITAEYNRQMHYWLMDAEMNAPKINVIEIPRKTASNHIISASTVRKHLAEKNWAQLAEFVPMTTLNYLQKCGRF,length1,1005
1,1703985,1703112,873,MKLRRSMLFVPGSNAAMLSNSFIYKPDSIMFDLEDAVALKEKDSARLLVAHALQHPLYKEIETVVRVNPLDSEFGLLDLNSVVRAGVDVVRMPKTESAQDVLDMDHAITEIEKACGREAGSTKMLAAIESPLGITQANQIAFASKRLIGIALGAEDYVRNLKTERSPEGIELLFARCSILQAARAAGIQAFDTVYSNANNEEGFLKEAALIKQLGFDGKSLINPRQIELLHNLFAPTQKDVEQAKRIIEAAAEAERQGAGVVSLNGKMIDAPIIDRAKLVLERAKSGIREE,length1,873
1,1704159,1704153,6,MV,length1,6
1,1704204,1704177,27,MLFGAEILW,length1,27
1,1704381,1704309,72,MAWSPKSILLVYAVNLQSKSLVVY,length1,72
1,1704393,1704384,9,MNL,length1,9
1,1704426,1704408,18,MVDVFT,length1,18
1,1704534,1704495,39,MPMDLLEKVNAAL,length1,39
1,1704624,1704540,84,MRVSMLNMLTKLCCSQRNLLNTRTTQSA,length1,84
1,1704819,1704780,39,MASHYKLVLGGQH,length1,39
1,1704942,1704915,27,MRLVLLKNY,length1,27
1,1705062,1704945,117,MYKALILLQLNHLPVTQIILKSPLTNMRITVPKAHLLNV,length1,117
1,1705119,1705113,6,MY,length1,6
1,1705302,1705296,6,MV,length1,6
1,1705473,1705464,9,MVR,length1,9
1,1705647,1705560,87,MIIRKGAQRVERDSISSFSFRQHHINGKS,length1,87
1,1705788,1705749,39,MLERNVQFYNNSL,length1,39
1,1705824,1705797,27,MDKPYFASL,length1,27
1,1705884,1705851,33,MLCWIMFLQKL,length1,33
1,1705986,1705962,24,MKPILYYR,length1,24
1,1706001,1705989,12,MLVR,length1,12
1,1706088,1706061,27,MCLMLKAIY,length1,27
1,1706190,1706142,48,MQKSVREPASTRLMRL,length1,48
1,1706262,1706220,42,MISQNILVNKFIWH,length1,42
1,1706334,1706304,30,MPSITVRTKI,length1,30
1,1706502,1706496,6,MA,length1,6
1,1706613,1706604,9,MLN,length1,9
1,1706661,1706655,6,MN,length1,6
1,1706724,1706718,6,MA,length1,6
1,1706805,1706751,54,MVLISFKRCCHNLMSTIS,length1,54
1,1708521,1707084,1437,MALSKNTKLVILMAIPLITFLLPAPDGLSLIAWRLLGVYIATIVGLVLKPYGEPVILLAAIAVSGVIIGNTEGAKELVKVGNMLDGYKSGTTWLIFTAFTLSSAFVITGLGKRIAYHMIGAMGSTTLRLGYVTMFLDLLLSPATPSNTARSGGIIFPIINSVVVALGSDPEKSPKKAGRYLMMNVYMVVKTTSYIFLTAMAPNALALSLMAPILGFETTWIKWFLAASVPGLLCLFLIPLICYWVSPPELKKVDNKAIAKKGLEELGPMSFREKALSVLFVIALFGWIFSNSLHINATIVAIIVMVLCIVLSIVTWDDILKSKGAWNTLVWYGGIIGMSGLLEKSGFFKWLANTLSTILQFEGHGMMALIVILTLSVSVRYLFASGGAYVAAMVPVFATVGHVTGAPTELLALGLVFANSYGGSVTHYGGGPGPIAFGAGYNDIKSWWITGAIIAFGSLIIHLTIGMAWWKLLMSLGWL,length1,1437
1,1708794,1708776,18,MNILFF,length1,18
1,1709022,1708986,36,MNMIHLKWPIFY,length1,36
1,1709283,1709235,48,MWILFLARKLCIACLK,length1,48
1,1709325,1709322,3,M,length1,3
1,1709529,1709478,51,MMCYLKLRNLRNKVCVR,length1,51
1,1709550,1709547,3,M,length1,3
1,1709667,1709553,114,MLIVGQRMMVKFVVLLSCFVSWLLSMVLTVYVSQPAIQ,length1,114
1,1709715,1709679,36,MILLMCIVIRLN,length1,36
1,1710000,1709994,6,MM,length1,6
1,1710105,1710009,96,MKRNSVFMCYKSVLINKRHNLAVVCLAQSSAC,length1,96
1,1710216,1710213,3,M,length1,3
1,1710312,1710228,84,MFILIRYVAKWCVLKMKWDYVLHNRHKK,length1,84
1,1710342,1710336,6,MN,length1,6
1,1710438,1710432,6,MV,length1,6
1,1711809,1711749,60,MKKETPKSFGVLFYLKSLKI,length1,60
1,1711857,1711845,12,MLFR,length1,12
1,1713699,1711905,1794,MKNIRNFSIIAHIDHGKSTLSDRLIQTCGGLSDREMEAQVLDSMDLERERGITIKAQSVTLNYKAKDGETYQLNFIDTPGHVDFSYEVSRSLAACEGALLVVDAGQGVEAQTLANCYTAIEMDLEVVPILNKIDLPAADPERVAEEIEDIVGIDAMEAVRCSAKTGVGIEDVLEEIVAKIPAPEGDPNAPLQALIIDSWFDNYLGVVSLVRIKNGVLRKGDKIKVMSTGQTYNVDRLGIFTPKQEDSTVLECGEVGWVVCAIKDILGAPVGDTLTHQHNSAAEVLPGFKKVKPQVYAGLFPVSSDDYEAFRDALGKLSLNDASLFYEPETSTALGFGFRCGFLGLLHMEIIQERLEREYDLDLITTAPTVIYEVQLTNGEVVYVDSPAKLPPLNNIAEIREPIAECNMLVPQEYLGNVITLCVEKRGVQTNMVYHGNQIALTYEIPMGEVVLDFFDRLKSTSRGYASLDYGFKRFQAADMVRVDIMINSERVDALALIVHKDNSQYRGRELVEKMRELIPRQQFDIAIQAAIGNHIIARSTVKQLRKNVLAKCYGGDVSRKKKLLQKQKEGKKRMKSLGNVEVPQEAFLAILHVGKDK,length1,1794
1,1714113,1714101,12,MLMV,length1,12
1,1714173,1714170,3,M,length1,3
1,1714353,1714335,18,MRNKKR,length1,18
1,1714458,1714365,93,MVKKVNLVKLIAKLRRLNIHKIQQILLFQMN,length1,93
1,1714482,1714479,3,M,length1,3
1,1714686,1714620,66,MTVVFGALCLKKILWGKPLIFG,length1,66
1,1714752,1714707,45,MNGQQVSVLIASLQQ,length1,45
1,1715442,1714761,681,MNHLDRLERKIGYCFNDIALLKQALTHRSAATQHNERLEFLGDSILNFTIAEALYHQFPRCNEGELSRMRATLVREPTLAILARQFELGDYMSLGSGELKNGGFRRESILADCVEAIIGAMSLDQGLAVTTQVIRNWYQQLLAEIKPGDNQKDAKTRLQEYLQGKHLPLPTYEVVNIQGEAHCQIFTVECKVKSAGKIDRTFVAKGSSRRKAEQAAAEQILKELDIK,length1,681
1,1715520,1715499,21,MWVNQRS,length1,21
1,1715718,1715709,9,MLI,length1,9
1,1715772,1715736,36,MVHTGMQMMRWC,length1,36
1,1715808,1715787,21,MQKHQLC,length1,21
1,1715940,1715844,96,MIYCRLLQILAVNLTLLTLCQFLHSVVIMFMN,length1,96
1,1716036,1715997,39,MSQTARNVLWHRK,length1,39
1,1716138,1716117,21,MNVALMK,length1,21
1,1716147,1716141,6,MA,length1,6
1,1716330,1716306,24,MMNVRCVV,length1,24
1,1716357,1716342,15,MNKVR,length1,15
1,1716588,1716567,21,MSSVTAR,length1,21
1,1716675,1716600,75,MPSWNGGFEMIKSNFPSISEKTSLA,length1,75
1,1716945,1716849,96,MVASNSSVPVSNSAALNTPGKLYIVKFSSVEC,length1,96
1,1717680,1717638,42,MKISVARLCWLMCC,length1,42
1,1718238,1718217,21,MARSQRV,length1,21
1,1718598,1718511,87,MRIFFLEHHFQVTFTATTGFGTNKRKFFI,length1,87
1,1718676,1718622,54,MTITIGALCTYQIPFTFT,length1,54
1,1718688,1718685,3,M,length1,3
1,1718766,1718763,3,M,length1,3
1,1718820,1718796,24,MRNLLSCL,length1,24
1,1719180,1719168,12,MILC,length1,12
1,1719576,1719570,6,MH,length1,6
1,1719657,1719654,3,M,length1,3
1,1720104,1720047,57,MADNASIVANFNFTHCFPP,length1,57
1,1720638,1720572,66,MDSLQYNNHNQYIYRIGNLQYR,length1,66
1,1720980,1720965,15,MLRRF,length1,15
1,1721406,1721295,111,MPFSAANFSPISTNCCGCAMIFNADCAVQLWKCSVKR,length1,111
1,1721652,1721613,39,MNGPVSEPGGCVP,length1,39
1,1722081,1722075,6,MP,length1,6
1,1722651,1722645,6,MY,length1,6
1,1723050,1723002,48,MLMTQRGCCNVISRLA,length1,48
1,1723401,1723323,78,MIFAPFFFASIAQRKPTGWASAGLPP,length1,78
1,1723752,1723407,345,MIKLAFLISTQLFVMAPRPNDGARLATVGPCQVFAWLHTGTIPSIRIHFCVNNAASLLIADAVIIPVVAQRLTVFPFASFSTKLASRSSFIKRAIRLMASFQEIRSHLSEPGARY,length1,345
1,1724199,1724181,18,MLISLK,length1,18
1,1724628,1724613,15,MVLML,length1,15
1,1724688,1724640,48,MVLKCKLNFPAVNLWH,length1,48
1,1724913,1724877,36,MLVHFSIYMEVC,length1,36
1,1724949,1724928,21,MWVATLH,length1,21
1,1725066,1725024,42,MKWCKKQWLAGWKC,length1,42
1,1725303,1725300,3,M,length1,3
1,1725576,1725564,12,MKSK,length1,12
1,1725615,1725594,21,MKPKAMN,length1,21
1,1725702,1725681,21,MRWSCHC,length1,21
1,1725861,1725795,66,MVVYIYSVMIILKTMKRKKWKV,length1,66
1,1725906,1725894,12,MILI,length1,12
1,1725978,1725966,12,MAPY,length1,12
1,1726077,1726038,39,MAFLLCQFRRVLL,length1,39
1,1726149,1726116,33,MCLLHLVARLF,length1,33
1,1726284,1726263,21,MIAMLVT,length1,21
1,1726317,1726305,12,MNAA,length1,12
1,1726350,1726344,6,MK,length1,6
1,1726554,1726491,63,MQPKEVRCVFWKIILAYKPMK,length1,63
1,1726659,1726578,81,MIWICYNTQDLGWQWEMRQMKLNKRQM,length1,81
1,1726695,1726677,18,MKMDLH,length1,18
1,1726875,1726863,12,MLNA,length1,12
1,1726995,1726962,33,MSEFFNNSKRS,length1,33
1,1727268,1727085,183,MIAICSINLSLPILLSIYCGAIYLPFEVFINSLIRSVINKFPCSSNSPASPVFKKPSFVKA,length1,183
1,1727445,1727367,78,MSVPIEFGLNWKSCQQETVAVVSVMP,length1,78
1,1727703,1727457,246,MLIPMAWKNNPIAGSNFAPPQGIIFIRPPNNWRSFESTNLSAKANCFFNKNGIALLFARKSKCFCPTEIVQWNIIWRSFGAF,length1,246
1,1728009,1727973,36,MTPLGSPVVPEV,length1,36
1,1728399,1728330,69,MSAIVQRSILWAKMAILSCTSIL,length1,69
1,1728483,1728456,27,MSRHKPCSL,length1,27
1,1728783,1728774,9,MSY,length1,9
1,1729299,1729284,15,MNNTC,length1,15
1,1729470,1729446,24,MFTSSFIS,length1,24
1,1729797,1729704,93,MLCCTEYDTADTTKTIDTNFNCHKIFTFYLS,length1,93
1,1729959,1729926,33,MKKYRKKSPHF,length1,33
1,1730976,1730712,264,MARVTVQDAVEKIGNRFDLILTAARRARQLQLNQSAPLVPEDNDKPTVIALREIEKGLINQDIMDAQEFQKMAKVQETEEAAVALITE,length1,264
1,1733163,1731249,1914,MAALLHDVIEDTPYTENQLKEEFGASVAEIVDGVSKLDKLKFRTRQEAQVENFRKMILAMTRDIRVVLIKLADRTHNMRTLGSLRPDKRRRIAKETLEIYCPLAHRLGIEHIKNELEDLSFQAMHPHRYEVLKKLVDVARSNRQDLIERISQEIKVRLENAGIFARVWGREKHLYKIYQKMRIKDQEFHSIMDIYAFRVIVKNVDDCYRILGQMHNLYKPRPGRVKDYIAVPKANGYQSLQTSMIGPKGVPVEVHIHTEDMEQVAEMGITAHWVYKENGKNDSTTAQIRVQRWLQSLVEIQQSVGNSFEFIENVKSEFFPKEIYVFTPKGRIVELPMGATAVDFAYAVHSDVGNTCVGVTVEHKPYPLSKALESGQTVNIITDPNAHPEVAWLNFVVTARAKTRIRHYLKQRCEEDAVKLGEVELNVALQPHNLGDFSIQQISTVLDALALSSLDELLREIGLGNQSASMIAHQFVGVPLESANTKNLEFESKILTIAPMQVGKTQFAQCCHPILGDPIVGCCTEKNTVVVHHQHCASLKNACRQSLAKWDNVQSAVNFEAELQIEILNEQNALLSLMTAISASESSLQNIWTEELENNLLLVILQVCVKDIKHLANIVHRIKGITGVVNVKRNINEL,length1,1914
1,1733193,1733181,12,MPCL,length1,12
1,1733352,1733292,60,MKIVRELRQSLIFALNNILL,length1,60
1,1733499,1733460,39,MRECVIVFKQVCE,length1,39
1,1733586,1733577,9,MRP,length1,9
1,1733742,1733715,27,MNLIHINIA,length1,27
1,1733988,1733973,15,MRKSE,length1,15
1,1734054,1734051,3,M,length1,3
1,1734126,1734108,18,MANKSP,length1,18
1,1734225,1734159,66,MRIILDGGLSLSVLKLAGWQVK,length1,66
1,1734333,1734297,36,MLYSKKKSSFPT,length1,36
1,1734384,1734351,33,MNNIVLGCIND,length1,33
1,1734534,1734480,54,MQIWIHQLLMNCLQVVRR,length1,54
1,1734636,1734603,33,MKNVKPIGCVR,length1,33
1,1734657,1734642,15,MNQRC,length1,15
1,1734768,1734762,6,MS,length1,6
1,1734852,1734783,69,MQNWIYWWRRQSSKWGLMFRMQV,length1,69
1,1734879,1734867,12,MQNV,length1,12
1,1735041,1735014,27,MGLLFRKKI,length1,27
1,1735197,1735152,45,MRNHLSKNTLMWQKA,length1,45
1,1735890,1735875,15,MLATS,length1,15
1,1736052,1736043,9,MGI,length1,9
1,1736181,1736169,12,MSLF,length1,12
1,1736289,1736250,39,MPLRFLTILLNKR,length1,39
1,1736409,1736364,45,MPMAVLMPSKHLRVM,length1,45
1,1736685,1736544,141,MHVVEKYKQHKRQIIKVCRLPFQQYQFVQLKKSPLRLSVQCGFSFMC,length1,141
1,1736937,1736871,66,MMWVSKANRTPWVMFQLIWVDK,length1,66
1,1736964,1736946,18,MTILAG,length1,18
1,1737132,1737066,66,MRKMRCVSVLMELSFQITVAVS,length1,66
1,1737183,1737135,48,MACFQVQERCHRLPMQ,length1,48
1,1737231,1737225,6,MV,length1,6
1,1737276,1737264,12,MQQC,length1,12
1,1737300,1737294,6,ML,length1,6
1,1737645,1737483,162,MYFTYVFSTNGRAFQKFLQKVLARDLKIPIMHRTQRRTVVKFFKFPSASLFFAL,length1,162
1,1738029,1738023,6,MP,length1,6
1,1738251,1738179,72,MGGTLTQPCRVNEEGLRVVKFFRY,length1,72
1,1738269,1738263,6,MC,length1,6
1,1738803,1738752,51,MWFNSMQREEPYLLLTS,length1,51
1,1739100,1739007,93,MALTSRATHVLQWRIQREAKLRGGANLIKYV,length1,93
1,1739175,1739166,9,MSR,length1,9
1,1739301,1739283,18,MTGVKS,length1,18
1,1739445,1739400,45,MSRRKHYPWVCSSGG,length1,45
1,1739709,1739577,132,MMKWGYSSAGRAPALHAGGQRFDPAYLHHLSSLNKLEKDKLIKY,length1,132
1,1740723,1740717,6,MG,length1,6
1,1740852,1740744,108,MGQRLIFCSEVNRIGEPKGNRVLTGRLVARYRPETR,length1,108
1,1740924,1740912,12,MLKN,length1,12
1,1740948,1740930,18,MTCGWG,length1,18
1,1741098,1741074,24,MQTTNTKE,length1,24
1,1741392,1741371,21,MEWREAT,length1,21
1,1742232,1742139,93,MVSSQEKHLIEAPVNGGRNYNGPKVAKFLVG,length1,93
1,1742292,1742259,33,MMARLSPPETQ,length1,33
1,1742478,1742472,6,MF,length1,6
1,1742712,1742688,24,MEGPSLNG,length1,24
1,1742814,1742784,30,MSAHHILGLK,length1,30
1,1742934,1742913,21,MIDWGCS,length1,21
1,1743270,1743222,48,MKSEANKSRAETEVKD,length1,48
1,1743762,1743726,36,MYYTGSLILNFI,length1,36
1,1744701,1743774,927,MKPTFLEFRHLKTLLALKETGSVSLAAKHVYLTQSALSHQIKLIEEQFGLPLFERKSNPLRFTSAGERLIRLANEVMPKVIDAERDLARVKHGDAGQLRIAVECHTCFDWLMPAMDEFRQHWGLVELDIVSGFHTDPVGLLLSHRADWAIVSEIEHNDDVIFKPLFSYEMVGICSKNHSLAEKDIWEAEDFIDETWVTYPVPDDMLDLWRKVLKSKGINPTRRTTELTIAMIQLVASRRGIATIPYWAALPYLEKGYVVARKVTKEGLYSNLYAAIRKEDESLSYLEDFYQTVKSQSFSTLPGLSVLNL,length1,927
1,1745445,1744713,732,MNLSQQNQHSNPITEAAKAAFPYSVPMIAGFLFLGIAYGIYMKALGFGFLYPTLMALLIYAGSVEFIAAGALIAPFSPISVLLITLMISARQIFYGISMLEKYGIHIGKKRWYLITTLVDESFSLNYMAKIPQHLDKGWYMFFVSLYLHIYWVLGAAMGNLFGTVLPFNLKGVEFSMTALFLVIFAENWLKEKSHESSLLGLGIAFAFLLIIGKEYFLIPTLIGIWLILTMRITKLETKLESLK,length1,732
1,1746051,1746042,9,MPF,length1,9
1,1746654,1746606,48,MPVNFSVSPCVNVSPI,length1,48
1,1747194,1747173,21,MVEPCPD,length1,21
1,1747476,1747365,111,MGVSRKRVTSINLIVRSSTPLAESITIKQLSTAVKVR,length1,111
1,1748733,1747947,786,MGFLTGKRILVTGLASNRSIAYGIAKSMKEQGAELAFTYLNDKLQPRVEEFAKEFGSDIVLPLDVATDESIQNCFAELSKRWDKFDGFIHAIAFAPGDQLDGDYVNAATREGYRIAHDISAYSFVAMAQAARPYLNPNAALLTLSYLGAERAIPNYNVMCLAKASLEAATRVMAADLGKEGIRVNAISAGPIRTLAASGIKNFKKMLSTFEKTAALRRTVTIEDVGNSAAFLCSDLASGITGEIVHVDAGFSITAMGELGEE,length1,786
1,1748844,1748817,27,MFQDNYVSR,length1,27
1,1749672,1749654,18,MFLNRQ,length1,18
1,1749921,1749822,99,MAARNARNSTTNSLATSIYQSPHSMAQNPFLTL,length1,99
1,1750920,1750908,12,MGQD,length1,12
1,1751217,1751154,63,MGVCSSIAIRTRYCRSCLGNE,length1,63
1,1752639,1751712,927,MIDILDVKSRATIQDLGRFGLRRFGISHCGAMDKLALRAGNILLGNAENVPAIEVPLGGITLQFQQDMNFCVTGAFYEMMLDDKPVFAYWRYQVRAGQILKMTRAKIGMYGYLCVQGGFVLPQALNSCSTDLRAEIGGIEGRCLQAGDQLQTANDHILRSEIGIAPIPLRDVIRALPSSEYQAFKRKSQYYWWRNEWTLQSNSDRMGYRFQGQTLELKQPLEMLSHAIQFGSVQVPPSGQPIILMADAQTTGGYPKIANVIDADLGALAQVRLGSTIKFEAVSLQEAAKLRRKNEIYLDQIRRIVDEKN,length1,927
1,1753443,1753434,9,MRF,length1,9
1,1753674,1753635,39,MRFFRKQGIFLLR,length1,39
1,1753734,1753710,24,MLAARGLV,length1,24
1,1753884,1753881,3,M,length1,3
1,1754064,1754028,36,MRAFKAKKQWLK,length1,36
1,1754199,1754196,3,M,length1,3
1,1754430,1754424,6,MA,length1,6
1,1755108,1755102,6,MQ,length1,6
1,1755258,1755246,12,MFAI,length1,12
1,1755495,1755399,96,MGCAEHIGISGIGFFNGHFIVKTIFNKKLRHF,length1,96
1,1755795,1755732,63,MECTTLNCGNAFMSKLRAAIN,length1,63
1,1756797,1756725,72,MGFKRLHTTVRSLIKSASSFGNTS,length1,72
1,1756833,1756830,3,M,length1,3
1,1756971,1756893,78,MGSSKITSKADKRSEATISMRLSSIS,length1,78
1,1757148,1757016,132,MGSCCVIVLHLYESKNWCVLYRTFKSNKANVCYFFKRNKNPLKC,length1,132
1,1757205,1757169,36,MFIIGNLVNPTA,length1,36
1,1757613,1757610,3,M,length1,3
1,1758303,1758279,24,MGIFHFQL,length1,24
1,1758552,1758540,12,MFKH,length1,12
1,1758996,1758969,27,MFIKAAIFR,length1,27
1,1759245,1759155,90,MAKTQAQNSLRLCFIGERKSATKHYNAIIF,length1,90
1,1759449,1759383,66,MPNLTVHFRTNLPIKITAVKNR,length1,66
1,1759659,1759593,66,MNKILRTAKSKAFFVIIMEILF,length1,66
1,1759923,1759893,30,MCKLKIHLRY,length1,30
1,1759974,1759929,45,MNHSHKCWWHLDYLQ,length1,45
1,1760259,1760229,30,MSVALQYHLS,length1,30
1,1760472,1760463,9,MCL,length1,9
1,1760544,1760532,12,MNIW,length1,12
1,1760574,1760547,27,MNKRLFLLV,length1,27
1,1760658,1760583,75,MVSQRRPVFPLTKSSVTVFQVMIKC,length1,75
1,1760676,1760664,12,MAIL,length1,12
1,1760694,1760685,9,MLP,length1,9
1,1760817,1760799,18,MLGYAL,length1,18
1,1760844,1760838,6,MK,length1,6
1,1760976,1760910,66,MVSVRNFTANLKYCIITPMMAV,length1,66
1,1761066,1761054,12,MVGQ,length1,12
1,1761192,1761153,39,MKKLQKVEFHGLW,length1,39
1,1761204,1761195,9,MCN,length1,9
1,1761447,1761435,12,MMPY,length1,12
1,1761549,1761516,33,MDGVRCFLCRI,length1,33
1,1761765,1761759,6,MH,length1,6
1,1761777,1761768,9,MNW,length1,9
1,1761837,1761816,21,MPKCKSK,length1,21
1,1762269,1762242,27,MCFHQIRIL,length1,27
1,1762299,1762287,12,MIFN,length1,12
1,1762560,1762515,45,MQLSVRLCRCTNMAY,length1,45
1,1762653,1762635,18,MSIHCA,length1,18
1,1762851,1762821,30,MWQTLRNYMV,length1,30
1,1762953,1762935,18,MILKSS,length1,18
1,1763115,1763034,81,MVIYGIAGNVRFLPLYMNLLNSNFHKA,length1,81
1,1763514,1763442,72,MRRLLRHKMVMFLIALSSQNLTVN,length1,72
1,1763712,1763652,60,MKTKKNILKWNWLPWINPVY,length1,60
1,1763778,1763760,18,MRKLPP,length1,18
1,1764213,1764141,72,MGSTSITVSLFVQYFCFIGDWDFR,length1,72
1,1765071,1764903,168,MGDVCWLFHFIFPLCLFNYACMANYPLGKKNETSCQTVEESIKIKACVIKSQAFIF,length1,168
1,1765254,1765251,3,M,length1,3
1,1765737,1765569,168,MCSRLNGDNENNRLNLAYISLRSVYLGQCCYRKLAMHLWEPTFLKSLRFVILLLVR,length1,168
1,1765977,1765971,6,MA,length1,6
1,1766322,1766100,222,MRKHYIAIRKKTLNGQMKCLANHKKALWSHVILFTQMSKMNKAKFIVVICVVPCRVWWWEIKLFGVKAMNNYKV,length1,222
1,1766391,1766358,33,MKFPALIIMMV,length1,33
1,1766607,1766598,9,MKF,length1,9
1,1766757,1766754,3,M,length1,3
1,1766955,1766877,78,MQSKSQKAIENFNMFWAPVNSVIVNI,length1,78
1,1767036,1767018,18,MIAIID,length1,18
1,1767735,1767681,54,MIKLMKKLLDFMKGVLRR,length1,54
1,1767837,1767828,9,MKN,length1,9
1,1767906,1767879,27,MQGLQRVKF,length1,27
1,1767951,1767939,12,MMNI,length1,12
1,1768071,1768065,6,MI,length1,6
1,1768251,1768245,6,MR,length1,6
1,1768299,1768293,6,MN,length1,6
1,1768545,1768377,168,MDIRLISSRISGRFVIVTAQNVMERKGLGYTELNFYLWIVNSFPQKKNNLLPINKW,length1,168
1,1768746,1768695,51,MHNYVRYCVLQLLVNWQ,length1,51
1,1768908,1768896,12,MQNF,length1,12
1,1768950,1768944,6,MI,length1,6
1,1769034,1768983,51,MSLFPIFIIQCTLLCLV,length1,51
1,1769097,1769052,45,MPLTQKENGRECVGN,length1,45
1,1769142,1769106,36,MNARLYCYLVWD,length1,36
1,1769157,1769145,12,MNLA,length1,12
1,1769202,1769199,3,M,length1,3
1,1769274,1769214,60,MQKRLLMPHYKNRPLQKLIN,length1,60
1,1770324,1770279,45,MGRASIYSRITEYSC,length1,45
1,1770660,1770600,60,MLILCRQIKRYCTNGFPQFC,length1,60
1,1770699,1770678,21,MRLTILI,length1,21
1,1770741,1770735,6,MR,length1,6
1,1770774,1770765,9,MQV,length1,9
1,1770879,1770834,45,MLAFHTLICVGKILN,length1,45
1,1770900,1770897,3,M,length1,3
1,1771089,1770927,162,MSIFQNCLKLSIAVKWSLKLFQQPLKTHAYLLTPRQQKISICKIFNMNVAKHII,length1,162
1,1771224,1771200,24,MLLMKWTA,length1,24
1,1771356,1771236,120,MQWSQNCLDKVLPKKYSPLNLLLRFICFNTHIQAMVLEIN,length1,120
1,1771494,1771440,54,MAIIVKVVFNKQPLLQLA,length1,54
1,1771638,1771563,75,MTMNFGLLMGQGKSRLKSKNAFGMV,length1,75
1,1771749,1771671,78,MENWITKPLRKQNLMYCALKKQNNYL,length1,78
1,1771863,1771845,18,MGCRLV,length1,18
1,1771923,1771899,24,MEKQEWLL,length1,24
1,1771959,1771938,21,MMRWYWI,length1,21
1,1771983,1771977,6,MD,length1,6
1,1772031,1771986,45,MYCNNGDLIIKMFPY,length1,45
1,1772181,1772058,123,MNELKVYKVVQMIIFASLLLWLKSPHVYKPLFVVVMDIIIL,length1,123
1,1772475,1772349,126,MRKLAVAHWMCIFIIYAKNWGNNLFARYTVLDMLWDKLKNEK,length1,126
1,1772871,1772844,27,MANFLAYGS,length1,27
1,1773009,1772997,12,MVDS,length1,12
1,1773837,1773825,12,MALK,length1,12
1,1773855,1773840,15,MIFVR,length1,15
1,1775127,1775055,72,MDCALLGLVVFLGSVCGFIYCAYF,length1,72
1,1775211,1775193,18,MVYCFW,length1,18
1,1775232,1775223,9,MAK,length1,9
1,1775604,1775583,21,MERLNCG,length1,21
1,1775724,1775661,63,MEITFRANDEPNARERYFTFP,length1,63
1,1776393,1776264,129,MCPAIFFREVRQKCTRCNCATPATTNVGKVGERRFKLLLIFFA,length1,129
1,1777290,1777215,75,MIKLIIGVFNRFNGKADIPIKIAIF,length1,75
1,1777899,1777863,36,MGMCQLIWFSLY,length1,36
1,1778274,1778145,129,MQRLIQPLACCLQVSLFLPTIITLCYLLIRLKIIKSAMFIYFK,length1,129
1,1778358,1778343,15,MVIKS,length1,15
1,1778445,1778427,18,MNITPI,length1,18
1,1778481,1778472,9,MMK,length1,9
1,1779465,1779447,18,MDIASS,length1,18
1,1780002,1779999,3,M,length1,3
1,1780116,1780080,36,MIKKITLNWELL,length1,36
1,1780323,1780275,48,MRISLQWAISRSTIIF,length1,48
1,1780530,1780527,3,M,length1,3
1,1780683,1780671,12,MLKF,length1,12
1,1780692,1780686,6,MH,length1,6
1,1780737,1780725,12,MNLH,length1,12
1,1781016,1781010,6,MY,length1,6
1,1781229,1781202,27,MAERLYKQH,length1,27
1,1781304,1781232,72,MQAKRQQMHVQPQKKFIALKWQNV,length1,72
1,1781379,1781370,9,MRG,length1,9
1,1781520,1781517,3,M,length1,3
1,1781556,1781550,6,MC,length1,6
1,1781667,1781613,54,MVSHSLNLVGYKAMVHVV,length1,54
1,1781694,1781691,3,M,length1,3
1,1781757,1781733,24,MHKASQTV,length1,24
1,1781874,1781865,9,MKC,length1,9
1,1782087,1782018,69,MIRKFTLTCVIPSLTTSYLPLRH,length1,69
1,1782099,1782090,9,MQT,length1,9
1,1782252,1782168,84,MILAQVFTIFTALVYQRRRKWNIYYVKH,length1,84
1,1782258,1782255,3,M,length1,3
1,1782354,1782351,3,M,length1,3
1,1782465,1782441,24,MGFGFSYR,length1,24
1,1782975,1782960,15,MPIKE,length1,15
1,1783119,1783107,12,MTMA,length1,12
1,1783206,1783200,6,MI,length1,6
1,1783941,1783860,81,MPEKGLVLCFYSIFTYCYGSCIYRRIA,length1,81
1,1784388,1784328,60,MGVIFLFANTYSCLNNVDYS,length1,60
1,1784601,1784538,63,MFRFIYNHLCSEPCSFNFYRN,length1,63
1,1785600,1784688,912,MNLILCCTPLQVLIARKIIELHPNEQFFGVMFGGVWDKKRTLYASKLAEVCSDSMNIDTGKDLKGFDFLKLMRQLKNKITHKGFDKVFLANLNSLWLQTYLSHVSFKELYTFDDGSDNIFPHPNLLREPDTFKYKLIKAFIGDKYSVNKLFKKIKKHYTVYPNYKNIVSNIEPVSLWDNKIDGDIDGEVSFFIGQPLLNTKEENLSLIKKLKDQLPFGYYFPHPAEDYRVDGVNYVESELIFEDYVFKHLSNKKVIIYTFFSSVAFNLLSHPNVEIRFIRTSIPRWQFCYDSFSDLGLTIYKEI,length1,912
1,1785957,1785939,18,MGALFF,length1,18
1,1786146,1786137,9,MGK,length1,9
1,1787448,1786647,801,MERDFIRNNFMLKKYLISLDKDIQRRKLFFSQKNTEDFQIFSAINTMQKDWDELASIFNIEQFKAHYFRNVTKGEIGCTLSHLSVYQKIIEDNDIAEDSYALVCEDDALFHSDFQQNLTALLSEKLEAEIILLGQSKINSFNDTDLEINYPTTFSFLCKKTGNVNYAFPYKSYFAGTVGYLIKKSAARRFIQQISQNKPFWLADDFLLFEQDFNIRNKVVRPLMVIENPVLISNLESVRGSLSNNLLKKLMKYPLKKIFAIKKNLAN,length1,801
1,1787589,1787568,21,MITPKRG,length1,21
1,1787760,1787712,48,MMMIVLCQKNLKKYYK,length1,48
1,1787838,1787820,18,MKGLVM,length1,18
1,1787997,1787985,12,MISC,length1,12
1,1788048,1788039,9,MNH,length1,9
1,1788141,1788138,3,M,length1,3
1,1789149,1788348,801,MKFSVLMSLYIKENPQFLRECFESLVAQTRQADEIVLVFDGAVTPELESVVTEFETKLPLKLVKLPQNRGLGKALNEGLLHCTYDWVFRMDTDDICVPDRFEKQVAFIEQHPESIIFGGQIAEFGKNVNDIVAYRNVPTSAQEIIKFTQKRCPFNHMTVAYQKSAVINCGGYEDLQEDYYLWIKLVAQGLYMANLPDILVYARVGNGMVSRRRGVNQAKAEWRLFKLKYRLGIQGLLSGLFTFALRFGSRLLPTSLLKKLYQTFLRK,length1,801
1,1789461,1789449,12,MVVH,length1,12
1,1789851,1789839,12,MGEG,length1,12
1,1790928,1790166,762,MKKLTKISTALLIAGLGFSFAASAKVTVFAAASMTDALQQVAKDYAKQNPKNEVVFSFASSSTLAKQVEEGAPADIFVSASNKWMKYLSEKDLTVKETEKVLVGNDLVLIAPAKSAVNSVDIAKGEWINALKDSYLSVGDPAHVPAGQYAAEALTKLNLWDKVQDRLARAKDVRGALALVERAEAPYGIVYSTDAKVSQQVKTVAVFPADSHKPVVYPVSIVKGHDNADSRDFLKYLESDAAKKVLVGYGFSAK,length1,762
1,1791021,1790949,72,MKGGYFCPFVIIEHLTSHQCGIFP,length1,72
1,1791225,1791213,12,MANL,length1,12
1,1791432,1791306,126,MVSLASIYISGLAYLLVLVGKVRCFPLPWWPFHWLFARFDFL,length1,126
1,1792833,1791780,1053,MLQINVKKQLGKLALQANIQVPDQGVTAIFGLSGSGKTSLINLVSGLIQPDEGFIRLNDRTLVDMESQESLPTHLRKIGYVFQDARLFPHYTVKGNLRYGMKHVSQDDFNYIVDLLGITHLLKRYPLTLSGGEKQRVAIGRALLTDPDILLMDEPLSALDVPRKRELMQYLERLSKEINIPILYVTHSLDELLRLADRVVLMENGIVQAYDSVEKIWNSPIFAPWKGENEQSSVLALPVHLHNPPYKMTALSLGEQALWIHQVPANVGERVLVCIYSSDVSIILQKPEQTSIRNILRGKITQIEIQDSRVDLAVLVEGNKIWASISKWAQNELRFAVGQDVYVQIKAVSVM,length1,1053
1,1792917,1792890,27,MIKGTTNFT,length1,27
1,1793052,1792935,117,MKVEYFVEESSFLASSFNTKPTKIAQPRAVSIKRIFPLA,length1,117
1,1793223,1793070,153,MLLPKMVTFFHRLSPKIAGILPNRKMPLRVKTMALPRRILSFSCNAVMITS,length1,153
1,1793304,1793232,72,MEVVSAAINNKPKKIIAKNLPAHK,length1,72
1,1793724,1793595,129,MPSIAPGNVTLRITIPIKKINSSGIKYFTERSIPPMIPFAKIM,length1,129
1,1793865,1793808,57,MSFVMGAEMSNVPLIRLMI,length1,57
1,1793934,1793907,27,MPNAPSKPI,length1,27
1,1794096,1793961,135,MPFPLSRILSPNASMEFTRKRRPITFSTKIIGIPIIIIAIQKSRT,length1,135
1,1794549,1794396,153,MMNIHFKFIRYDFKQLFFHFYHIFTRCKISAIAYTENMGIHRNSWMTKCCV,length1,153
1,1795167,1795149,18,MVNMVR,length1,18
1,1795311,1795305,6,ME,length1,6
1,1795824,1795812,12,MLSV,length1,12
1,1796361,1796358,3,M,length1,3
1,1796457,1796427,30,MIDKWDANIT,length1,30
1,1796679,1796646,33,MRETSKSGRSG,length1,33
1,1796937,1796925,12,MCKL,length1,12
1,1797549,1797423,126,MGMWGANHFKHYFIPDYFLMLLVFLPVSSFLPEQSLRLRLLF,length1,126
1,1798026,1797930,96,MLLVDELNGVPYVVPLNLCYQVKLLLFLRLVF,length1,96
1,1798815,1798782,33,MNVHRLALLSL,length1,33
1,1799496,1799484,12,MAVN,length1,12
1,1800141,1800099,42,MQSPKSHRKLKRVA,length1,42
1,1800570,1800321,249,MNREKWQVYQRRLNVHEARQKVPILRKSREMHQNHKRQTLLNYEQDLYLIVRHQVLRSLWLSKARKCRVNDIMLDLFCLLPFR,length1,249
1,1800747,1800609,138,MYVKKWHLRELEYNDQLNMHKGKQRLKQTLLLIPFPQPFQFFWIRP,length1,138
1,1800807,1800795,12,MRCR,length1,12
1,1800969,1800912,57,MVSCDFVIEIKNAANHLND,length1,57
1,1801425,1801158,267,MILIALSSACRPNFFIRDFFKRYLTLSTCFSFIFSKIKSSLVEISSTSCNAMACCPNQCSPVAILSISRQGRFCETNCLNNLCVSSNSC,length1,267
1,1801698,1801671,27,MPFCFKRDN,length1,27
1,1802079,1801728,351,MPPGLSKRSNTSSSDLATFKIAEISLRSAVVSEAEISPQKSNTYTQAFFSSSKVSPFFNFSLRFLAFCFSAFFSALVRCFCSSSERLKSRNKRTCSLNSSDKSLISNSPVLDLLCWR,length1,351
1,1802151,1802109,42,MSNKIVKISKIKIP,length1,42
1,1803039,1802376,663,MKLRAVVLGLATLCASTATFAGMVSTSSNLEFLAIDGQKASKSLGKAKTFTVDDTQSHQVVVRLNEIVGSGSNQSLFESNPVIVTFQGNAEDLVISAPVIRNLDSGDKFNQMPNITVKTKSGNAISAKVDVLKQEGLFPSGNVLNDLAEYNASGAAASVSAFAATTSANSMVAAPAGNAKANKGKVVVQGENVAEQQLQYWFQQADKETQTRFLKWAKSHK,length1,663
1,1803195,1803186,9,MVF,length1,9
1,1803507,1803498,9,MVY,length1,9
1,1803543,1803525,18,MWYFAL,length1,18
1,1804038,1803999,39,MCGTCAFRHFAFL,length1,39
1,1804704,1804656,48,MVCRFLFMARLEIFAT,length1,48
1,1805625,1805586,39,MFMYFIPRFAYTN,length1,39
1,1805760,1805739,21,MCSGIVT,length1,21
1,1805874,1805826,48,MKMYFDFSFISDFLQC,length1,48
1,1806321,1806090,231,MRSGRMTQGYSLNRGKPSVAHKNRGNIHANAWHIEHCGLESFALFTDKKQSLHYIIATDFKELVKHFSTYVINALMA,length1,231
1,1806447,1806369,78,MRAINRMSRIKMFKQYHHHRLAVLFT,length1,78
1,1806510,1806489,21,MLADKFV,length1,21
1,1806600,1806573,27,MKDICRQFI,length1,27
1,1806687,1806657,30,MKRRCGTNKT,length1,30
1,1806942,1806825,117,MKATFGIWVDIIFIENMVCVNVGGRGKNQRQPALQANHL,length1,117
1,1807359,1807341,18,MAWSIL,length1,18
1,1807968,1807935,33,MPTLSKLLTQP,length1,33
1,1808067,1808058,9,MMS,length1,9
1,1808211,1808193,18,MAVVVA,length1,18
1,1808496,1808487,9,MSS,length1,9
1,1808823,1808649,174,MYTGNLKRVFFCHIKFTQIEPLATIFIHFSLFQRWQATSDIFFTITLARLIKNLAFCG,length1,174
1,1809387,1809273,114,MKSTLSITDYGCPSSATLVHTAAPLPLEKHALPSEIVT,length1,114
1,1810260,1809432,828,MALFGSTKRTALTPSLASVSLSSSDKSFTFSRTRFASITSSTLATPGWIYFTSISLPLKRTVFLPSFEMIFNPFTVFKSPVIFTLLEVFAVTLPEPLALVAFTTVWLPDAAPSNLASFALIVKMPLAALMLESAAVVKVPFVAVKVAAPSVALIFALPLTVKLSVVAVTLTVLPEIVPPISPDWLEAVTPLVALTVEPAWVVNLPSSAVMVTALPETLLTLSVSPLAVIFTLPEADLTSPLITPVLVVIFASPVVALIVEPFVVVMAPEFAVTVTF,length1,828
1,1810335,1810269,66,MLLTLSVSPLAVISTSPEVDLT,length1,66
1,1810770,1810392,378,MVASALVVSFSDAVIFTVLLEVISLFTVTFFALIVKPALLPSLLSALLSPNVSTLLFSVTLWSPAEMFESLTLLKVTFLALALPLSFPLPIVKLLPFLATISALSKPEIFRSPVNFNSLVLMVRLA,length1,378
1,1811112,1811004,108,MLKLLVLLMSLKRAPPLAMETLESPLLSNKPDTLKE,length1,108
1,1811250,1811172,78,MMEPSVVRLPSLVTFPFISKVFLLSP,length1,78
1,1811325,1811289,36,MVTLPLISVVAF,length1,36
1,1811388,1811361,27,MFLSATTPF,length1,27
1,1811538,1811427,111,MPPPVAFKIKSLFIKKAVSVEPEARRFNLDPPETLMY,length1,111
1,1811859,1811805,54,MESLKLPPFLTFKVVIFQ,length1,54
1,1812072,1811913,159,MFTFPEMFKTPSNLFEILPSALLLSVKNNPLPVPFRETLLSLKPFLSPETMVP,length1,159
1,1812177,1812081,96,MVFSYSLPFMLSKATSPLAVIFKVPSPSVIFL,length1,96
1,1812246,1812204,42,MVKFPPLEVISPSI,length1,42
1,1812459,1812381,78,MVLLVNVVMVSPFFLGLSGVPSPFGS,length1,78
1,1812573,1812564,9,MDK,length1,9
1,1812786,1812747,39,MPFLPSPRSSPPR,length1,39
1,1813089,1812945,144,MLPLLSLLTESAESLPLLRILAARTLILPPLAKISPKLIASFSGAAML,length1,144
1,1813242,1813095,147,MVGFIISLMVIFCPASKEMLPPFTLITPSFFTLPPIRFTLPSLPTVIKP,length1,147
1,1813860,1813305,555,MFSLEMSSVEAVKPLVLIIASLPIVIPFGLIKKTCPLESKIPFNWEIWSDVTRLNTAELLLSCKNCTISFWSMLNCFQLIIALTLLRMVVLLPSTCMVAVPCTTLIPCKPLAKTDCGIDTIPKDSNMAESGFNAKWRTFVRTGFSLTFSVEWSQPRVNSDTATKAFRRLLNLRRYILFIFSPKVS,length1,555
1,1813983,1813968,15,MKDER,length1,15
1,1814004,1813989,15,MKDER,length1,15
1,1814025,1814010,15,MKDER,length1,15
1,1814046,1814031,15,MKDER,length1,15
1,1814067,1814052,15,MKDER,length1,15
1,1814088,1814073,15,MKDER,length1,15
1,1814109,1814094,15,MKDER,length1,15
1,1814130,1814115,15,MKDER,length1,15
1,1814292,1814136,156,MKDERLYHFIWRIYTIFLKYLHIDCKKGVVIVVCHHKNLDLFLLYCIFNQFI,length1,156
1,1815351,1814307,1044,MLQEIELKLAISPQIGIELPQYLAKFTILEHQNLFLGNTYYDYPDYFLAKQKMGLRIRQEEQELTLTLKTNGKVVGGLHSRPEYNLPLTEKETPTNAQLRELYPFEQLPRSTLQPIFSTDFNRTFWLVEFQQSKIEVAFDQGKIIAGESEQPICEIEFELKSGNVQDLFDFVETLPFERDIYFSSASKAKRGYLLGSKQFLTDWLNKWRDFLKEEREESAVDFCVKFNSVLKMEQKLLEETLSFSPALFSQDFMKTVERVGVFFNLYHYYDENGKILEAVATEKQKETLLPALLESNQKIFAEIRDLIRFHSETKDNEKTIEKLTALLKSRVYFKRMIKLMELSYDLG,length1,1044
1,1815423,1815399,24,MFPKGEAL,length1,24
1,1815699,1815510,189,MFPKGASITIINRGYTYPRQIRRMKWLKPRKQLMYVTIVVQSFLVGKGNVRLVKRGIPLRKCG,length1,189
1,1815828,1815723,105,MIVLVAMRGKLRQKFKPFLKLVCKKHHVFPVALMN,length1,105
1,1815960,1815957,3,M,length1,3
1,1816239,1816197,42,MRKPDKSPLLWWGM,length1,42
1,1816305,1816281,24,MLLIVHYY,length1,24
1,1816377,1816371,6,MN,length1,6
1,1816476,1816452,24,MRLHRAVP,length1,24
1,1816656,1816620,36,MVAYKWRIKMFL,length1,36
1,1816674,1816659,15,MWLVV,length1,15
1,1816947,1816932,15,MRSLC,length1,15
1,1817517,1817019,498,MCKEIKKMEKKRNKALDAIDIKILNELQRNGKISNIDLSRKVGLSPTPCLERVKRLEKQGVIMGYRALLNPELLDAPLLVIVEITLVRGKPDVFEEFNAAIQELDEIQECHLVSGDFDYLLKTRVADMAEYRKLLGTTLLRLPGVNDTRTYVVMEEVKQTNFLVLK,length1,498
1,1820922,1820307,615,MKKTTLKFAALTLLGLSNLALADAASELQMRLAKVDVLSAEFVQTVTSGSGKNVQQGSGKLQIKRPNLFRMETKTPQETQIISDGKTLWFYDPFVQQVTAQWVKNAVNNTPFVLLTSNDNSHWHQYTVTQQSDTFVLKPTLSTSNIKQFDIRVDANGILRNFSTTEKDGQTNLYVLRNITNQTLSDSLFQFKPEKGVEVDDQRKK,length1,615
1,1822323,1820985,1338,MSNLNFDFAENDFRPLAAKMRPTNLEQYFGQSHLIGEGKPLRKAIQAGHIHSMILWGPPGTGKTTLAEIIAQRINAEVERISAVTSGIKEIREAIDRAKQNRLADRKTILFVDEVHRFNKSQQDAFLPHIEDGTVIFIGATTENPSFELNNALLSRARVYVLKSLTTAEIEQVLQQAVEDPERGLGKERLILEENLLQVLAEYVNGDARLALNCLELMVDMADEMENGKKIDRTLLKEVLGERQARFDKQGDRFYDLISALHKSVRGSAPDAALYWYARILTAGGDPLYVARRLLAIASEDVGNADPRAMQVALAAWDCFTRVGAYEGERAIAQAIIYLAVAPKSNAIYTAFNTAKQQAKDLPDYDVPPHLRNAPTNLMKELGYSAEYRYAHDEPNAYAAGENYFPPELKDTQYYFPTNRGMEIQIKEKLERLREQDKSAVKKRYK,length1,1338
1,1822560,1822440,120,MYIFAISSNLFTSSLSLKIVFSFTIFVKINFISLWFEGLQ,length1,120
1,1822608,1822605,3,M,length1,3
1,1823127,1823082,45,MLSPFSNNISILYLG,length1,45
1,1823385,1823328,57,MSGKCFPDTKLIVSSKGVF,length1,57
1,1823841,1823769,72,MPLDNSLIYFPPCSMLSLRYSILP,length1,72
1,1824147,1824129,18,MTRSRD,length1,18
1,1824300,1824285,15,MNNLG,length1,15
1,1824387,1824330,57,MYNCPLFSIEGSSIFDIFP,length1,57
1,1824492,1824471,21,MPFGKIL,length1,21
1,1824540,1824525,15,MLSKW,length1,15
1,1824849,1824807,42,MEMRLDIDKSAFIS,length1,42
1,1824873,1824861,12,MLEQ,length1,12
1,1825743,1825674,69,MIFNLNTKISHHCKGNVNIGFRD,length1,69
1,1825986,1825947,39,MENWPLFHTRFTR,length1,39
1,1826205,1826184,21,MSNIIAI,length1,21
1,1826505,1826493,12,MIGP,length1,12
1,1827198,1827177,21,MLCAMFR,length1,21
1,1827810,1827675,135,MWENLFNNRENKIYCKYLLLNKWSKQIYFFVFIFFIFLLKFIKFL,length1,135
1,1829610,1828053,1557,MLSVLSINYRYYLMELIDFSSSVWSIVPALLAIILAIATRRVLVSLSAGIIIGSLMLSDWQIGSAFNYLVKNVVSLVYADGEINSNMNIVLFLLLLGVLTALLTVSGSNRAFAEWAQSRIKDRRGAKLLAASLVFVTFIDDYFHSLAVGAIARPVTDRFKVSRAKLAYILDSTAAPMCVMMPVSSWGAYIITLIGGLLATYSITEYTPIGAFVAMSSMNFYAIFSIIMVFFVAYFSFDIASMVRHEKLALENTEDQLEEETGKKGQVRNLILPILVLIIATVSMMIYTGAEALAADGKVFSVLGAFENTVVGTSLVVGGFCSIIISTLLIILDRQVSVPEYARSWIVGIKSMSGAIAILFFAWTINKIVGDMQTGKYLSSLVSGNIPMQFLPVILFVLGAAMAFSTGTSWGTFGIMLPIAAAMAANAAPELLLPCLSAVMAGAVCGDHCSPVSDTTILSSTGAKCNHIDHVTTQLPYAATVATATSIGYIVVGFTYSGLAGFAATAVSLIVIVFAVKKR,length1,1557
1,1829703,1829670,33,MRHFVAFFYFY,length1,33
1,1829934,1829925,9,MKA,length1,9
1,1829970,1829940,30,MYLVIPEARY,length1,30
1,1830018,1829979,39,MMQFIRWVVLNIF,length1,39
1,1830093,1830054,39,MVTHVQRVKLDVC,length1,39
1,1830138,1830120,18,MLSLVF,length1,18
1,1830255,1830210,45,MLSKNVICWVFLVPL,length1,45
1,1830444,1830399,45,MNILNLSSYVLIIPQ,length1,45
1,1830477,1830447,30,MDTKVKLKKR,length1,30
1,1830669,1830660,9,MVL,length1,9
1,1830750,1830729,21,MIVRQII,length1,21
1,1830777,1830768,9,MQK,length1,9
1,1830825,1830816,9,MCQ,length1,9
1,1830882,1830846,36,MRKMYWKNFWVY,length1,36
1,1830897,1830885,12,MKRD,length1,12
1,1831059,1831044,15,MWLLM,length1,15
1,1831173,1831101,72,MNRVIGLILVVQAQWVLVFLRHLV,length1,72
1,1831233,1831218,15,MVVFK,length1,15
1,1831293,1831266,27,MVFLLSLFV,length1,27
1,1831488,1831440,48,MNLKANCKKHSVLKIN,length1,48
1,1831509,1831506,3,M,length1,3
1,1831557,1831512,45,MNLNTFIQCKFVVEQ,length1,45
1,1831566,1831560,6,MK,length1,6
1,1832523,1832511,12,MFVE,length1,12
1,1833027,1833021,6,MF,length1,6
1,1833108,1833087,21,MLALASI,length1,21
1,1833561,1833522,39,MFFGFAIKGFKIL,length1,39
1,1833759,1833723,36,MTYVHFFCYVWR,length1,36
1,1834251,1834161,90,MIPFFVYFSKGQNDKFTGKFNRTFSRFSNI,length1,90
1,1834533,1834521,12,MGTY,length1,12
1,1834581,1834575,6,MD,length1,6
1,1834632,1834605,27,MGQINSIHH,length1,27
1,1834803,1834773,30,MNKLSLAFVV,length1,30
1,1834986,1834920,66,MIVLVTSRKERRLLLCISMIQL,length1,66
1,1835076,1835019,57,MVILKTFQLFLQETHFNSF,length1,57
1,1835556,1835094,462,MKKTNMALALLVAFSVTGCANTDIFSGDVYSASQAKEARSITYGTIVSVRPVKIQADNQGVVGTLGGGALGGIAGSTIGGGRGQAIAAVVGAIGGAIAGSKIEEKMSQVNGAELVIKKDDGQEIVVVQKADSSFVAGRRVRIVGGGSSLNVSVL,length1,462
1,1835613,1835580,33,MINQCLNLVRH,length1,33
1,1835841,1835823,18,MIFNKM,length1,18
1,1835937,1835925,12,MIYF,length1,12
1,1836051,1836039,12,MIMN,length1,12
1,1836072,1836069,3,M,length1,3
1,1836273,1836186,87,MLSIYVCSHNHSIVMYRIIEKHSFTNLIM,length1,87
1,1836390,1836375,15,MIIFL,length1,15
1,1836588,1836567,21,MRQSQIC,length1,21
1,1836792,1836783,9,MHR,length1,9
1,1837905,1837890,15,MIGPV,length1,15
1,1837977,1837917,60,MTLPSRSTYLPFDSILPCWK,length1,60
1,1838208,1838190,18,MADHKE,length1,18
1,1838382,1838241,141,MLLVSMPNFSTSLALVDNAAKCFATALSSFAAFSNQSRALCAFVMVS,length1,141
1,1838496,1838454,42,MCVPSTFETKCIFR,length1,42
1,1838595,1838580,15,MALPV,length1,15
1,1838898,1838847,51,MLFLEKSTRIWLLNVKE,length1,51
1,1838997,1838940,57,MVVFDNSALCASRDFHAWV,length1,57
1,1839045,1839018,27,MVFPFIKNN,length1,27
1,1839330,1839177,153,MPVNLATVSIGNSLPHKITSSPTKSWLSAPKSTVSISIDTRPTIGTRRPFK,length1,153
1,1839579,1839540,39,MPYIIMPGRIHSK,length1,39
1,1839669,1839600,69,MPPEAAIVRSPCLSFVADKKRLI,length1,69
1,1840074,1839978,96,MPLERNAKASSKRATPKQSTFCSKVDATNTTP,length1,96
1,1841031,1840908,123,MAKVVLPIDGRAATIIKSEGCKPAVFLSRSVKPVVTPVTPE,length1,123
1,1841196,1841067,129,MVLSSTLITFCGPSLEVVRFSAIANTSRSASSRINLMSCPLGE,length1,129
1,1841271,1841211,60,MRFPTEISSRNMAFSRTISA,length1,60
1,1841499,1841484,15,MPSQC,length1,15
1,1841598,1841511,87,MMPPNTACSASIECGGMLTCAVFLSEDLI,length1,87
1,1842138,1842000,138,MRDINNGVRPVLVKVTIAATPFMWFAAYIADIATDSSMVSNSLSIR,length1,138
1,1842219,1842153,66,MLGIFSAPKHTLAIAATVSEGY,length1,66
1,1842558,1842486,72,MASSLATVSARSTLATIFAFKPAC,length1,72
1,1842789,1842630,159,MRAAVIMSALSFSVRASADKPPPNLLIPLLFDNGPPTVTSVKTFAPSVDNTFN,length1,159
1,1843071,1842909,162,MNLSPTFKKILPSLKVETRILGPCKSPKIATVLPNFFAIERTRSARPIWSSGVP,length1,162
1,1843842,1843782,60,MLNLKRKITHCLMVKVFSCS,length1,60
1,1843908,1843851,57,MVRKFGDFNIINQFLKKEL,length1,57
1,1844058,1843947,111,MFERLGIYIVLCWRKISIRKITVYSKNKKPSKNVNLP,length1,111
1,1844118,1844097,21,MKLILVD,length1,21
1,1844373,1844334,39,MQPQILEGYLFDQ,length1,39
1,1844532,1844529,3,M,length1,3
1,1844808,1844778,30,MVYDLFLAQL,length1,30
1,1844946,1844811,135,MRPNLTVRLLRCAWHILNILPFVAHTIKQSICHNGSNICGGGGIL,length1,135
1,1844973,1844961,12,MGKH,length1,12
1,1845174,1844988,186,MNSNLIQFFQCSHLFVHQSKNYSHRLDEALENWGRFLSFYKLLVCSYLIKQKQFSNYVIFLS,length1,186
1,1845414,1845363,51,MPLIYLLCSPMFHRLAV,length1,51
1,1845951,1845864,87,MWTFVVISLLIFCSFSFVTWIFRSQNPLQ,length1,87
1,1846080,1846071,9,MVG,length1,9
1,1846308,1846299,9,MRP,length1,9
1,1846407,1846344,63,MDKFQWSRPDMKIHQECGNKL,length1,63
1,1846968,1846914,54,MYYNSFRATTKRPTTSFY,length1,54
1,1847220,1847202,18,MHITSV,length1,18
1,1847628,1847568,60,MISKHGARKRLNFAKPQRFT,length1,60
1,1847835,1847772,63,MGYCGFHLSSQIVPPTNRSQV,length1,63
1,1847883,1847841,42,MGHFGHFPSVSDAH,length1,42
1,1848279,1848210,69,MEFDRFINMFIQSSKIVYQDFFS,length1,69
1,1849347,1849263,84,MFFNHDPIIIHKVIANFLTITTIDRFSI,length1,84
1,1849416,1849395,21,MCTKYQL,length1,21
1,1849446,1849440,6,ML,length1,6
1,1850337,1850289,48,MQFLYHHYLLMFRRSF,length1,48
1,1850916,1850868,48,MGIQCVRLTVLPCLSR,length1,48
1,1851891,1851777,114,MLCLHRSNVLLSTLEFIIGFSGSKSNQSLGCDIPSLND,length1,114
1,1851948,1851897,51,MVLNWTTWAGRNDSNLH,length1,51
1,1852218,1851966,252,MSCVTPKLSKKIPAIFFNPSGETSSFAFNVTEHCLTAASITSPGITPKIQALNRLEPLFATTSYISLGSVRICFPFFVYLTCGT,length1,252
1,1852620,1852587,33,MFAISTISHLH,length1,33
1,1853268,1853232,36,MGFSSVSFGAPC,length1,36
1,1853652,1853424,228,MRRFNTAMGFCVGCSLGISLRLSFSHSNQFLIILPLLLNFGSLSRYKIKAYSVAPTTFIFALSTCGDDDLINTKGM,length1,228
1,1853895,1853760,135,MSIFEQKCINSAMRKSLSVSKKLLLALSLSPFLLSPFTYHSGFEA,length1,135
1,1853958,1853922,36,MSAMTSCAFGMW,length1,36
1,1854222,1854198,24,MRVNTLWA,length1,24
1,1854258,1854252,6,MS,length1,6
1,1854528,1854468,60,MPSLSFTKAEKVGLISSLSW,length1,60
1,1854858,1854696,162,MLAFINQHFAFLQYRSKPIGFKFSPFSNRPLRPVSHCLFTRKTFNACGLNGLLK,length1,162
1,1854936,1854912,24,MNASSSLL,length1,24
1,1855344,1855335,9,MIV,length1,9
1,1855848,1855836,12,MGRL,length1,12
1,1856205,1856124,81,MNGRKHLSPTFCRRSNKKSHSVSFHLA,length1,81
1,1856325,1856220,105,MYFQIFKGVNNQWYWRLKPLITKFLSRIGWLFLCL,length1,105
1,1856682,1856439,243,MSINCSFWRLAANLIARSAALSFTTIFSNAALMRRCLSNILSNLPALPRCKISPFSVNLREPASRFTMIVAIVGSLFVYHF,length1,243
1,1856796,1856703,93,MRLICQIPQRGRRQIDFGCIKRKVRLKMALS,length1,93
1,1857129,1857045,84,MCYNLFCLYFNFIHNQISEIFISHKQIC,length1,84
1,1857252,1857237,15,MGVLF,length1,15
1,1857567,1857534,33,MLSKIVRNFLL,length1,33
1,1857828,1857798,30,MLVQTPISRL,length1,30
1,1858083,1858035,48,MLSSFNFGMEANHSPH,length1,48
1,1858941,1858824,117,MVEHCLVADVLFAKLGIGNHSVLLLFSQSEHIIFLLLKK,length1,117
1,1859079,1859007,72,MCGVKIRFYHRHTHAHFPPYITLR,length1,72
1,1861335,1861305,30,MEFAIVYRPL,length1,30
1,1861458,1861452,6,MR,length1,6
1,1862595,1862565,30,MNVGMGYRIF,length1,30
1,1862820,1862808,12,MRFQ,length1,12
1,1863450,1863180,270,MRFYNRDVTCAECLYCSLKPFLFLEDFYYSLRYCDFVSERKMSVSVTFPLDALAISGMYLPLIPPPFSHKATAPCVTPQALASFFCVPHS,length1,270
1,1863525,1863453,72,MAKLIVSFCILVKYLNKNTFLILN,length1,72
1,1863987,1863954,33,MGFCLRCKSFS,length1,33
1,1864749,1864716,33,MPHSLLLLVGV,length1,33
1,1864821,1864803,18,MRLGYL,length1,18
1,1865097,1864836,261,MVRQRSPKPLIEVRFLAPLPYHKLTLMRGLFYQPCKWVECKNVKRCRKPKYFLVWLWCVLGNVFISRMAGYYGACYRFNKRSREYVC,length1,261
1,1865118,1865100,18,MPRRES,length1,18
1,1865280,1865259,21,MLSSVAS,length1,21
1,1865364,1865316,48,MPRVADVIRINALRMF,length1,48
1,1865466,1865391,75,MVVRKSIQNTVTQIWKLPNVGRMIL,length1,75
1,1865571,1865493,78,MVMARCYRNRYLILRCQSLLMWVVGQ,length1,78
1,1865667,1865613,54,MKRLVANFLDGCMPVVKN,length1,54
1,1866135,1866132,3,M,length1,3
1,1866357,1866309,48,MVVLSYVLWIKQKYIE,length1,48
1,1866654,1866639,15,MHYLI,length1,15
1,1866750,1866690,60,MLIACHLLRDEHFGKRKTKD,length1,60
1,1866996,1866918,78,MTLNRKCHYIYRLAIINQRSSHVCIS,length1,78
1,1867116,1867110,6,MG,length1,6
1,1867350,1867341,9,MLA,length1,9
1,1867512,1867503,9,MAR,length1,9
1,1867731,1867719,12,MSTL,length1,12
1,1867743,1867737,6,MV,length1,6
1,1867851,1867821,30,MPALSISRRS,length1,30
1,1867911,1867884,27,MAKRRTNDR,length1,27
1,1868013,1867995,18,MGAINL,length1,18
1,1868559,1868520,39,MQTRWHIKTSVSR,length1,39
1,1868772,1868763,9,MVF,length1,9
1,1869318,1869249,69,MLNELLAETRQRVKRHRIKYARF,length1,69
1,1870845,1869324,1521,MGILDKTIAAISPKWGAQRAKSRYVMNAYEAAMPSRTHKAKRESQGANVSTKQSAVSLREQARALDQNHDIVIGILDKMEERVIGSRGIHIEPQPMNLNGDVNETLAEQIRKKWAEWSICPEVTGQFTRPELERMLLRTWLRDGEVFIQLVRGSVAGLNHSTKIAFSLEALEPDFVPMNTLDTANLIQGVELDAWRRPKSYRVYMDNPQENNRTYGRVKSVPAENMLHLAFKKRLHQLRGVSMLHGVIIRLADLKDYEESERVAARIAAAFTMYIKKGDAALYGDNEDYSADSPERDFEIAPGAIIDDLKPGEDIGLINSNRPNVNLETFRNGQLRATAAGTRSSYSSIARDYNGTYSSQRQELVESFEGYSVLQDTFVAHISRPIYREWLKMAIVSGEIDVPVDIDPASLYNAVYSGPVMPWIDPTKEAQAWKERIKGGLATESQAVRASGSNPAEVKRRRRVEVEENRKFGLKFDTDLTNTGTTNDKTKNDSVAGGDGNERNKDE,length1,1521
1,1871343,1871337,6,MC,length1,6
1,1873275,1873173,102,MARKWCNRGHCRCQDQRLVRLMTHSHRRTKSLLT,length1,102
1,1873353,1873290,63,MLSTAKNTKRCLMRHRKKWIR,length1,63
1,1873374,1873356,18,MVFTVR,length1,18
1,1873491,1873431,60,MALIMLLLGLRLTAALSCSS,length1,60
1,1873521,1873500,21,MQVTDGN,length1,21
1,1874457,1874055,402,MKIHSKIRQAVIDALRPHLPKVKEFSNGKPSFTDIESQSPTVAVFISGVSPTGYLDGTMQATLHVACFMKSAAREDDLDKLTQEIYESGIVESSLTTLTENIAFTAFDYEQDDQMATWIAADLQYAITYEVDNG,length1,402
1,1875339,1874958,381,MLKKVKFELRDQVLVVSAISALDYLDYVDYLNSLDKPEPVSENDTEQELNSKLNKITRNNLMAHTRLIAISLSYDSDKSVDDLQKELLTTWTQADIFRVLEAVQDVCEFPQADPSESTQEDGEQKNA,length1,381
1,1875645,1875618,27,MRLLQMMEY,length1,27
1,1878027,1875837,2190,MYSSAMAGIELYAETERYLARTEAQLKATGAAVGFTSDELNDFAGSLAMNTLASVDGVRSAMSVMMTYRSVTGETFKTAIKLAQDLAEVYKTDVSSEARNLGRALESPAEAVSLLKRKGIELTETQKDLIQSFVESGEKAKAQEIILHELQKRVGGAGEAAASDTVAGALDTLGQATDELKEAFATSTGITDLYKASINKLAEAFLWLTKVMRGVDTKTHVDTLEKQIDVLEKSKKSLEEKAKSGIYGDGINDALAHTTKELEKARENLAKSRKELDAQEAESRKRQQEANEAKEKHERSERETAGASTLGKIEYKLKSRSEKLTAQYEKDKKALENLVLSEEEIRRRGFDNIDALRQSSLDKLTQSYNKELAELQKSEDKKSAVKSSSKTNDLARLDMAYADELQKITLAHQERIALIGKMAISERDAKERGFASALELRKHYLELENQAYEDAINKQKDKMRRDEYDKTEKVRSFFNDVRGSGNDPYVQNDITRENQLTKAQELYDQQLLSVQQFEEAKALIEDTYRQRKEDLDRQAVSSQLSMASSLFDGLAGLAEVAGGKQSGAYRTLFAISKSFQIAQSMLNLHAAVMKAMNDPTAVTPAQKFANMAAVAAQGAAVLQQIKSVTISGARANGGPVGGGRAYLVGERGPEIFVPGATGQITSNENLNKALGSGGGVNSVVINQTNNFDGNGADNAELARMVAAATKQQVYEVIRNESRPGGMMGGR,length1,2190
1,1878450,1878408,42,MTYLYLRRSYGYKI,length1,42
1,1879080,1879056,24,MAITCRGD,length1,24
1,1880337,1879689,648,MSIYGQLQQYASHGWIELFELDLTKFGDIVYRFHDGLSPLGQAIVWQGLEYTPYPVKAEGFAVDGLNPVRPRITFSNLGGAITLVLAKLKGIEGARLTRKRTKIIYLDAVNFENGNLTADPNAHLPDDIFYISQKTSEDHLTVSFELLPATDLEGVKLPRRQIVAQYCTHKYKGQFCGYTGDKATCSKTLADCKAHFGERSELPFGGFPSAAYMRI,length1,648
1,1880637,1880610,27,MVHYWTRRR,length1,27
1,1881318,1881228,90,MNFKCGMALKPNFILFLSLGVLSGVDSFSS,length1,90
1,1881537,1881528,9,MVQ,length1,9
1,1881585,1881576,9,MAN,length1,9
1,1881717,1881663,54,MRLEENLNLNEFRGDKCR,length1,54
1,1881852,1881804,48,MQNLLMLFLVEKLKDR,length1,48
1,1881861,1881855,6,MD,length1,6
1,1881954,1881882,72,MYSYKMKKANSILIMLLLSGDLEA,length1,72
1,1881993,1881987,6,MK,length1,6
1,1882017,1882002,15,MSIPK,length1,15
1,1882149,1882119,30,MAILTVQRLS,length1,30
1,1882185,1882170,15,MVVNG,length1,15
1,1882254,1882188,66,MQVISLSRVKPHHHIIANIALD,length1,66
1,1882371,1882299,72,MIQIARFYKTKPFFRKSQRFLRKN,length1,72
1,1882407,1882392,15,MSACK,length1,15
1,1882626,1882521,105,MVHLLSNTQITLFGFILIYSLTRNMGRGNTSKRIC,length1,105
1,1882764,1882680,84,MDLVAVNLALPAMFTSKPNKKPLSCYEI,length1,84
1,1885359,1882863,2496,MLSAVNSAAQARILKTRHNVVLVTWNDPKKYFKQSVEYIEDSEAIVKMGYISQTEVVAFGCTSRGQARRLGKWLLYTEQYESEVITFSCGQDGAIPIPGEVIQVSDVHRSGERRGGRVKDGSTVNRIILDAEVEITKESTISIVNEKGELEQRAITQRGKLTEIEVNPGFTSVTENSTWIIASSDIKPELYRVISIVESDDGSYTITASDYNPSKFEHIENGNELIEYDTTNNTLDTGVKNVVITDEIYRGLGGSIQTKIVVSYEPATSLTSRYQIEYREGNGNWKQMEPTTLTSVDIPNVKDGVLYQIRIKTSNVLGVWSDNPIQNYEPIGRLRPPHNVSNLRHKAIAQEGAFLIWDLSPDIDLEYYEIKKGDTYESSKSVGKIKANEFNLGFIRAGEHKYWLSAVDSSDVRSESPTAVTFNISGGQVENLVAEIVGDEVLMTWGETKNNSFSTELYEVKKDDDVLALVKSTSFKFKADFNGNKKFTVTAIDLGGNRSESAQAQLIVHRPTPVSISQQVIDNYVMLRWQSAKATLPIVYYELRKGETIENSEFITNIDGLAFPQFETVGGLYKYWIIGVDSAGNRSEPQYTLSNVAQPPDYILKYDYNSSYDGIKNGSDKIDGKLYLPVRRDTWAEHFRSNNLATPKSQINRGFPLYLQPIDESGYYEEEMDYGTVLASSKITLTPKVISSGSYDINYHIAVKENAKDNWREHDQQSVYETNFRYVKFRITVSNAQKPVVIESLNLKLDQKQKTDGGTVQANASDIKGTWVNFATEFIDASVPVLTPQSKQPLFATSDFKDEPKPKGFYVFLFDKNGNRVSGKVGWVVKGV,length1,2496
1,1885572,1885548,24,MGAHGYRV,length1,24
1,1885869,1885860,9,MAY,length1,9
1,1886064,1885974,90,MERCRRRWCAYWCRSVISPCGNQSRWFFTC,length1,90
1,1887186,1887177,9,MKE,length1,9
