frame,stop,start,length,protein,,
-3,1834074,1832385,1689,MILAGADQSCDALIRQSGKPQFGDYQANGIMAAAKKLGLNPREFAQKVLDNLQLSDIAEKLEIAGPGFINIFLNPTWLTTEISAALSHKNLGIQATNKQTVVIDYSSPNVAKEMHVGHLRSTIIGDAVARTLEFLGHNVIRANHVGDWGTQFGMLIAYLEKMQNEHASEMELQDLEAFYREAKKHYDEDEVFAEKARNYVVKLQSGDEYCRTMWKRLVDITMQQNQHNYNRLNVTLTEKDVMGESLYNPMLPSIVEDLKKQGLAVENDGALVVYLDEFKNKEGDPMGVIVQKKDGGFLYTTTDIAAAKYRYETLKANRALVFSDTRQSQHMQQAWLITRKAGYVPDSFSLEHKNFGMMLGKDGKPFKTRTGGTIKLADLLDEAIERATVLINEKNTNLSNDEKEAVIEAVGIGAVKYADLSKNRTTDYVFDWDNMLSFEGNTAPYMQYAYTRIRSIFNKTDINSTALLAAPLTIKDDKERTLAIKLLQFEEAVQTVGKEGTPHVLCAYLYELAGIFSSFYEHCPILNAEDESIKLSRLKLALLTEKTLKQGLTLLGIKTVEKM,length1,1689
-3,1826337,1825041,1296,MEKITLAPISAVEGTINLPGSKSLSNRALLLAALAKGTTKVTNLLDSDDIRHMLNALKALGVRYQLSDDKTICEVEGLGGTFNIQDNLSLFLGNAGTAMRPLTAALCLKGKTESEIILTGEPRMKERPILHLVDALRQAGADIRYLENEGYPPLAIRNKGIKGGKVKIDGSISSQFLTALLMSAPLAENDTEIEIIGELVSKPYIDITLAMMRDFGVKVENHHYQKFQVKGNQSYISPNKYLVEGDASSASYFLAAGAIKGKVKVTGIGKNSIQGDRLFADVLEKMGAKITWGEDFIQAEQAELNSIDMDMNHIPDAAMTIATTALFANGETVIRNIYNWRVKETDRLAAMATELRKIGAEVEEGEDFIRIQPLALNQFKHANIETYNDHRMAMCFSLIALSNTPVTILDPKCTAKTFPTFFNEFEKIYLKN,length1,1296
-3,1809147,1807512,1635,MKNIKSRLKLSAISVLLGLASSSLYAEEAFLVKGFQLSGALETLSEDAQLSVAKSLSKYQGSQTLTNLKTAQLELQAVLDKIEPNKFDVILPQQTITDGNIMFELVSKSAAESQVFYKASQGYSEENIARSLPSLKQGKVYEDGRQWFDLREFNMAKENPLKVTRVHYELNPKNKTSNLIIAGFSPFGKTRSFISYDNFGAREFNYQRVSLGFVNANLTGHDDVLNLNALTNVKAPSKSYAVGVGYTYPFYSKHQSLSLYTSMSYADSDDIDGLPSAINRKLSKGQSISANLKWSYYLPTFNLGMEDQFKINLGYNYRHINQTSELNRLGATKKKFAVSGISAGIDGRIQFTPKTIFNIDLTHHYYASKLPGSFGMERIGETFNRSYHISTASLGLSQEFAQGWHFSSQLSGQFTLQDISSIDLFSVTGVYGVRGFKYGGVSGERGLVWRNELSMPKYTRFQISPYAFYDVGQFRYNSENAKTYGEDMHTVSSAGLGIKTSPTQNLNLDAFVARRLANANNDNLNGNKKRTSSPTTFWGRLTFSF,length1,1635
-3,1807386,1805343,2043,MLKNNLYDKLKYTPCHVPWRYRGFRYKGFNNMTKENLQNAPQNTTVSLVESNNNQTSPQMLQQSPKPNLLRLEQYVAEKDYELACRELMAILEKMDANFGGVHDIEFDAPAQLAYLPEKLLIYFATRLANAITTLFSDPELAISEEGALKMISLQRWLTLIFASSPYVNADHILNKYNINPDSEGGFHLATDNSSIAKFCIFYLPESNVNMSLDALWAGNQQLCASLCFALQSSRFIGTASAFHKRAVVLQWFPKKLAEIANLDELPANILHDVYMHCSYDLAKNKHDVKRPLNELVRKHILTQGWQDRYLYTLGKKDGKPVMMVLLEHFNSGHSIYRTHSTSMIAAREKFYLVGLGHEGVDNIGREVFDEFFEISSNNIMERLFFIRKQCETFQPAVFYMPSIGMDITTIFVSNTRLAPIQAVALGHPATTHSEFIDYVIVEDDYVGSEDCFSETLLRLPKDALPYVPSALAPQKVDYVLRENPEVVNIGIAATTMKLNPEFLLTLQEIRDKAKVKIHFHFALGQSTGLTHPYVKWFIESYLGDDATAHPHAPYHDYLAILRDCDMLLNPFPFGNTNGIIDMVTLGLVGVCKTGDEVHEHIDEGLFKRLGLPEWLIADTRETYIECALRLAENHQERLELRRYIIENNGLQKLFTGDPRPLGKILLKKTNEWKRKHLSKK,length1,2043
-3,1777635,1776162,1473,MKYQAKNTALSQATDCIVLGIYENNKFSKSFNEIDQLTQGYLNDLVKSGELTGKLAQTILLRDLQGLSAKRLLIVGCGKKGELTERQYKQIIQAVLKTLKETNTREVISYLTEIELKDRDLYWNIRFAIETIEHTNYQFDHFKSQKAETSVLESFIFNTDCNQAQQAISHANAISSGIKAARDIANMPPNICNPAYLAEQAKNLAENSTALSLKVVDEEEMAKLGMNAYLAVSKGSENRAYMSVLTFNNAPDKNAKPIVLVGKGLTFDAGGISLKPAADMDEMKYDMCGAASVFGTMKAIAQLNLPLNVIGVLAGCENLPDGNAYRPGDILTTMNGLTVEVLNTDAEGRLVLCDALTYVERFEPELVIDVATLTGACVVALGQHNSGLVSTDNNLANALLQAATETTDKAWRLPLSEEYQEQLKSPFADLANIGGRWGGAITAGAFLSNFTKKYRWAHLDIAGTAWLQGANKGATGRPVSLLTQFLINQVK,length1,1473
-3,1759551,1757208,2343,MTSQHSAKKSSKNTPKNNRTFKGFLLKFSFTVLVLTIFYGGYLDWQIRSKMDGQIWHLPAEVYSRLESVKIADNLAFDEVIQILLDNEYRQTTMVAAPGDFKLEDDSIVVLRRAFPFPDKAEPQRVLRLRFSHNKLSRIEDLVTVKTVDEFRLAPKLIAMLQSDNEDRLAIPLQNYPRLLIDTLILTEDRRFYEHNGINPVGILRALIANIRAGQTVQGGSTLTQQLVKNLFLSRERTITRKANEALMSLVLDWRYDKNRILETYLNEIYLGQNGDTQIHGFELASQFYFGRSIREISLDQIALLVGMVKGPSLYNPWRNPQNALERRNIVLRLMLEHKMIGDELYQLLSQRPLGVQKKGQISRKYPAFIQTLQADLRRELGEHKISSLLGARIFSTMDLKQQAQAENAVVNTVSQLQLKMKNPHLEGAMIITDYRTGEIRAVVGGLQTQYAGFNRALMAKRQIGSLVKPSIYLTALSNPEQFRLNTPINNQPITINVKGSPPWQPRNYDKKYSDSVMLMDALARSLNIPTVNIGMKVGLSKVIDTQKAMGWDNVEIPKVPAMLLGSYSISPYDVTKLYQTLANQGGRIALTTVDSIADRQGNLIFQHDKSAKQVVPQEAAFQTLFAMQQTVERGTARSLQKDYADLHLAGKTGTTNESRDTWFVGIDGKNISTVWLGRDDNGETKLTGASGALQIYKDYLNRTNIEKLAITPPTTVKWVGINQYGDWDCESYRTIPVWLNNGQNFCGETSSPSLTPTTETETPPQESLWDVLDNPNPPAQ,length1,2343
-3,1756005,1754673,1332,MSNTILQNLPKGQKVGIAFSGGLDTSAALLWMRQKGAVPYAYTANLGQPDEDDYNAIPKKAMAYGAENARLIDCRSQLAHEGIAAIQCGAFHISTGGIPYFNTTPLGRAVTGTMLVAAMKEDDVNIWGDGSTFKGNDIERFYRYGLLTNPNLKIYKPWLDVQFIEELGGRLEMSQFLIENGFDYKMSVEKAYSTDSNMLGATHEAKDLEQLSTGMKIVKPIMGVAFWDEKVEIKPETVTVTFEDGVPVALNGKHFDNAVDLILEANRIGGRHGLGMSDQIENRIIEAKSRGIYEAPGMALLHIAYERLVTGIHNEDTIEQYRINGIRLGRLLYQGRWFDPQALMLRETAQRWVAKAITGTVTLELRRGNDFTILNTESPNLTYEAERLSMEKVEDAPFDPVDRIGQLTMRNLDVSDTRGKLGIYAQTGLLSAIKDSVLPQLGKK,length1,1332
-3,1561197,1559349,1848,MKYINKLEEWLGGTLFIAIFGILIAQILSRQVFHSPLIWSEELAKLLFVYVGMLGISVAVRKQEHVFIDFLTNLMPEKIRKFTNTFVQLLVFVCIFLFIHFGIRTFNGASFPIDALGGISEKWIFAALPVIAILMMFRFIQAQTLNFKTGKSYLPATFFIISAVILFAILFFAPDWFKVLRISNYIKLGSSSVYVALLVWLIIMFIGVPVGWSLFIATLLYFSMTRWNVVNAATEKLVYSLDSFPLLAVPFYILTGILMNTGGITERIFNFAKALLGHYTGGMGHVNIGASLLFSGMSGSALADAGGLGQLEIKSMRDAGYDDDICGGITAASCIIGPLVPPSIAMIIYGVIANESIAKLFIAGFIPGVLITLALMAMNYRIAKKRGYPRTPKATREQLCSSFKQSFWAILTPLLIIGGIFSGLFSPTESAIVAAAYSVIIGKFVYKELTLKSLFNSCIEAMAITGVVALMIMTVTFFGDMIAREQVAMRVANVFVAVADSPLTVLVMINALLLFLGMFIDALALQFLVLPMLIPIAMQFNIDLIFFGVMTTLNMMIGILTPPMGMALFVVARVGNMSVSTVTKGVLPFLIPVFVTLVLITIFPQIITLVPNLLIP,length1,1848
-3,1544334,1542993,1341,MITIKKGLDLPIAGKPAQVIHSGNAVNQVAILGEEYVGMRPSMKVREGDVVKKGQVLFEDKKNPGVIFTAPASGTITAINRGEKRVLQSVVINVEGDEKITFAKYSTEQLNTLSSEQVKQNLIESGLWTALRTRPFSKVPSIESEASSLFVNAMDTNPLAADSSVVLKEYSQDFTNGLTVLSRLFPSKPLHLCKAGDSNIPTADLENLQIHDFTGVHPAGLVGTHIHFIDPVGIQKTVWHINYQDVIAVGKLFTTGELYSERVISLAGPQVKEPRLVRTIIGANLSQLTQNELSAGKNRVISGSVLCGQIAKDSHDYLGRYALQVSVIAEGNEKEFFGWIMPQANKYSVTRTVLGHFSKKLFNFTTSENGGERAMVPIGSYERVMPLDILPTLLLRDLIVGDTDGAQELGCLELDEEDLALCSFVCPGKYEYGSILRQVLDKIEKEG,length1,1341
-3,1520652,1519305,1347,MSKVASLDAFLTKVAQRDGYQPEFLQAVREVFTSIWPFLEANPKYRSEALLERLVEPERAFQFRVAWTDDKGQVQVNRAFRVQFNSAIGPFKGGMRFHPSVNLSILKFLGFEQIFKNALTTLPMGGAKGGSDFDPKGKSDAEVMRFCQALMAELYRHVGADTDVPAGDIGVGGREVGYLAGYMKKLSNQSACVFTGRGLSFGGSLIRPEATGYGLIYFAQAMLAEKGDSFAGKVVSVSGSGNVAQYAIEKALSLGAKVVTCSDSSGYVYDPNGFTTEKLAALLEIKNVKRGRVKDYAELFGLQYFEGKRPWEVQVDIALPCATQNELELSDAQRLIKNGVKLVAEGANMPTTIEATEALLAADVLFGPGKAANAGGVATSGLEMAQSSQRLYWTAEEVDAQLHRIMLDIHANCKKYGTIEGQENINYVVGANVAGFVKVADAMLAQGVY,length1,1347
-3,1516644,1515288,1356,MYPWQNFAIQPDFSDKIALRTTQSDALTWIELTTKINQTVAFLQKKGVNAESAVAFVGKNSEKILFLYLATIQLGAKVLGINPAFPQEKIAELCEFYQIDFCFYDKDLLNLQEIDAFTQKANFFRPATMTLTSGSTGLPKAVVHNVQAHLDNAKGVCNLMKFDCNQSWLLSLPLYHVSGQGIVWRWLYCGAQLHFPKDDFYASLLETTHVSLVPTQLQRLLDYLQENSIISFSTRHILLGGTHIPAELTKKIVKYGIETYSGYGMTEMASTVFAKKSDEKQGVGQPLLGREYRLVNDEVWLKGAGLAMGYWKDRQIVSLTNNQGWLPTKDKGVWQEGELVIIGRLDNMFISGGENIQPEEIEQVIIQHSSVNQVFVLPQKNKEFGQRPVALVDFNESFSKSAVENLMFFLQDKLARFKQPIAYYPLPLMLGKGIKISRKQLADWLAKQDKIN,length1,1356
-3,1515258,1511922,3336,MIRKLMKTPPFFTVLFASAMFTLSVSQGALGANSTNVLPTEQSLKADLANAQKMSEGEAKNTLLAELQTSIDLLQQIQAQQKINDALQTTLSHSESEIRKNNAEIQALKKQQETATSTDYNAQSQDDLQNSLAKLNDQLQDTQNALGAANAQLAGQNSISERAQAALTENVVRTQQINQQLANNDIGSALRKQYQIELQLIDLKNSYNQNLLKNNDQLSLLYQSRYDLLNLRLQVQQQNIIAIQEVINQKNLQQSQNQLEQAQQQQQKTVQNDYIQKELDRNAQLGQYLLQQTEKANSLTQDELRMRNILDSLTQTQHTIDEQISALQGTLVLSRIIQQQKQKLPTNLNIQGLSKQIADLRVHIFDITQKRNELYDLNNYINKVESEDGKQFTEAERTQVKTLLTERRKMTSDLIKSLNNQLNLAISLELTQQQITQISDQIQSKLEQQSFWVKSNNPINLDWIKMLPRALIEQFNGMLKKLGFPTNYDNLPYLLMYFLGLFIVGGAIFKFKNRIKQQLNKINREIHRLDTDSQWSTPLALLLTAFLTLSSTLWFLAVCQMIGFFFFKNPEEFWHWSFSMAGYWWFFTFWISLFRPNGIFVNHFESSKENAQRFRGVIQRIIIVIVLLLNTSVFSNVTDAGLANDVLGQINTITALIFCAAIIAPRFNRVLRSYEPETNKHHWLIRIVQIGLRLIPVGLIVLIVLGYYYTALNLIEHFIHSYIAWCVWWLVRNTIYRGITVSSRRLAHRRLAEKRRQKALENNYENISSDDVVAVGEPEEGLALNDVRSQLLRFVDLFIWTALLGIFYYVWSDLVTVVSYLREITLWQQTTTTDAGTVIESITLFNLLVALVILGITYVLVRNISGILEVLIFSRVNLSQGTPYTITTLLTYIFIAIGGAWAFATLGMSWSKLQWLFAALSVGLGFGMQEIFANFVSGIILLFERPIRVGDVVTINGVSGTVAKIRIRAITLIDFDRKEIIVPNKSFVTGQVTNWALSSTMTRLVISVGVAYGSDLTLVRQLLLQAADEQPTVLRDPKPSAYFLTFGASTLDHELRVYVEQVGDRTSTTDAINRRINELFAEHNIDIAFNQLDVFIKNNDTGEEIPFVDVKK,length1,3336
-3,1471542,1469973,1569,MTNIHNHKILILDFGSQYTQLIARRVREIGVYCELWAWDVTEQQIREFAPTGIILSGGPESTTEENSPRAPEYVFNAGVPVLGICYGMQTMAMQLGGLTETSDHREFGYASVSLENSTALFANLNDNSTASEPKLDVWMSHGDKVTRLPENFKVTGTTPTCPIAAMSDENRRFYGVQFHPEVTHTKKGLELLTNFVVNICGCETKWTAENIIEDAVARIKEQVGDDEVILGLSGGVDSSVVALLLHRAIGKNLHCVFVDNGLLRLHEGDQVMEMFGDKFGLNITRVDAESRFLGELAGVSDPEAKRKIIGKVFVDVFDDESKKLTNVKWLAQGTIYPDVIESAASKTGKAHVIKSHHNVGGLPDYMKLGLVEPLRELFKDEVRKIGLALGLPAEMINRHPFPGPGLGVRVLGEVKKEYCDLLRRADAIFIEELRNSGWYEKTSQAFSVFLPVKSVGVMGDGRKYDWVISLRAVETIDFMTAHWAHLPYDLLGKVSNRIINEVNGISRVVYDISGKPPATIEWE,length1,1569
-3,1467009,1465701,1308,MFSRKDIIILGMMIFALFLGAGNIIFPPMEGFSSGQHWTSASLGFVLTGVLMPFITLVVVAILGRGEELTKDLPKWAGTGFLVILYLTIGSTFAMPRITNVAYEMAWLPLGLTENNANVRFVFSLIFNLIAMGFMISPNTIISSVGKFMTPALLVLLIAVAITVFISPLSEIQAPSNAYENSHSLLIGLTSGYQTMDVLAAIAFGGIVARALSAKNVTKTKDIVKYTISAGFVSVILLASLYFSLFYLGATSAAVAEGATNGGQIFSRYVNVLFGSAGTWIMAGIIVLASLTTLVGVTSASADYFSKFSVRFSYPFWAALFTAMTITVSQYGLTDLLRITIPALLLIYPVAIVLVLLQFLRKKLPSIKFTYNSTLLVTVCFSLCDSLNNVKMLPESINSLLKHFPLSSEGMAWLVPTLVMLVASIFIGKALHKTHS,length1,1308
-3,1463844,1461807,2037,MASMDDTTVFVTVVAKKDVKEGQDFFPLTVNYQERTYAAGKIPGGFFKREGRPSEGETLIARLIDRPIRPLFPEGFFNEIQVVATVVSVNPQISPDLVAMIGASAALTLSGVPFNGPIGAARVGFIDNQFVLNPTMAEQKQSRLDLVVAGTDKAVLMVESEADVLTEEQMLAAVVFGHQQQQVVIEAIKEFAKEAGKPRWDWVAPQPNTDLINKVKAIAEARLGDAYRITEKQARYEQIDAIKADVIAQITAEDEEISEGKIVDIFTALESQIVRGRIIAGEPRIDGRTVDTVRALDICTGVLPRTHGSAIFTRGETQALAVATLGTERDAQIIDELTGERQDHFLFHYNFPPYSVGETGMIGSPKRREIGHGRLAKRGVAAVMPSLAEFPYVVRVVSEITESNGSSSMASVCGASLALMDAGVPIKAAVAGIAMGLVKEEEKFVVLSDILGDEDHLGDMDFKVAGTREGVTALQMDIKIEGITPEIMQIALNQAKSARMHILGVMEQAIPAPRADISDYAPRIYTMKIDPKKIKDVIGKGGATIRSLTEETGTSIDIDDDGTVKIAAVDGNAAKNVMGRIEEIVAEVEAGAIYKGKVTRLADFGAFVAIVGNKEGLVHISQIAEERVEKVSDYLQVGQEVNVKVVEIDRQGRIRLTMKDLAPKQETEINQEDSVEEQK,length1,2037
-3,1422375,1420770,1605,MSSNKYDAEAINISGSLRMQSYRLLYEMQEQPESVETNLRRYHISLHSSALLEVQNQFFTPNVLKHSYQNILQRWTNMEKYARQQDVKNYSKQLTNYVADVDYFVFELQRFSEQKWILGVSVLGFAMLLILLMVSYVIWYTNREVVKPLHLMTKASMQVQMRQFNHIPLDTRKQNELGTLARVFTQMSTELGQLYSRLEEAVNEKTQKLRQTNRTLSTLYQSAQLLNTNTINDKILNQVLHYIFISDHLNFVKVEVMGAEHWDITLGKQDANNELQIETLSVDNEELGVLSWQAGLPCPDPRIMQNLAQMLARALYFHKNLRQKEQILLMEERSIIARELHDSLAQVLSFLQIQLTLLKHNLKKEDEQSKEKSLAIIANFEQALSGGYAQLRELLATFRLTIQEANLQLALKQVIDSLRSQTTMQMNVNCQLPSQSLNPQQLVHVLQIVREATTNAIKHSQGTVIEISARINAEGEYEILVEDDGVGIPNLEEPEGHYGLNIMAERCRQLNAQLHIHRREQGGTQVKITLPHTLY,length1,1605
-3,1356471,1354242,2229,MVAVRGSHLLNPQNFVIEQWCTGLKLAEQTEKSLIDAWYYARDLMNAYPDEMKNATLMLQSGVEMVEILHELNMDAETLLTAMLFPIVANKLTDWESLKEKFGAKITKLLKGVLEMDNIRQLNASHSANALQVDNVRRMLLAMVDDFRCVIIKLAERITFLRDAEHRCAEEDKVLAVKECSYIYAPLANRLGIGQLKWELEDYCFRYLHPEQYRAIAKLLQERRLDREHYIADFVSELSSYLRENIEQVEVYGRPKHIYSIWRKMQKKHLEFSGLYDVRAVRIIVQKLQDCYTALGIVHTQFKHLPKEFDDYVANPKPNGYQSIHTVVLGKGGKPIEVQIRTQQMHDDAELGMAAHWKYKEGNTGSMSAYEEKIAWLRKLLAWQDDITDSGEVLAELRSQVFDDRVYVFTPKGEVVDLPTGSTPLDFAYAIHSEIGHRCIGAKVAGRIVPFTYQLQMGDQIDIITQKNPNPSRDWLNPNLGFTHTAKSRAKIQAWFKKQDRDKNIPAGKELLDNELALLNLSIKQVEPYALPRYNLKNLDDLYAGIGSGDIRLNNLINFLQSKLIKVTAEEADQEILRHVANKSAVNSQQKSEKNNGYVIVEGVDNLMHHIARCCQPIPGDAIVGYITMGRGISIHRADCEQFLDLQAAHPERVVESIWGENYASGFHINIRIVAGDRNGLLRDITTVLANEKISVLGVSSRADTKKQLATIDMEIELHNVESLSKILARLAKLDDVIEAKRL,length1,2229
-3,1347273,1344792,2481,MNLSRRDFMKANAAMAAATAAGLTIPVKNVVAAESEIKWDKGVCRFCGTGCAVLVGTKDGRVVASQGDPDAEVNRGLNCIKGYFLPKIMYGKDRLTQPLLRMTNGKFDKNGDFAPVSWDFAFKTMAEKFKEAFKKNGQNAVGMFSSGQSTIWEGYAKNKLWKAGFRSNNVDPNARHCMASAAVAFMRTFGMDEPMGCYDDIEQADAFVLWGSNMAEMHPILWSRITDRRISNPDVRVTVLSTYEHRSFELADHGLIFTPQTDLAIMNYIINYLIQNNAINWDFVNKHTKFKRGETNIGYGLRPEHPLEKDTNRKTAGKMHDSSFEELKQLVSEYTVEKVSKMSGLDKVQLETLAKLYADPTKKVVSYWTMGFNQHTRGVWVNQLIYNIHLLTGKISIPGCGPFSLTGQPSACGTAREVGSFPHRLPADLVVTNPKHREIAERIWKLPKGTVSEKVGLHTIAQDRAMNDGEMNVLWQMCNNNMQAGPNINQDRLPGWRKEGNFVIVSDPYPTVSALSADLILPTAMWVEKEGAYGNAERRTQFWRQQVKAPGEAKSDLWQLMEFAKYFTTDEMWTEDLLAQMPEYRGKTLYEVLFRNGQVDKFPLSELAEGQLNDESEYFGYYVHKGLFEEYAEFGRGHGHDLAPFDMYHKARGLRWPVVEGKETLWRYREGYDPYVKEGEGVAFYGYPDKKAIILAVPYEPPAESPDNEYDLWLSTGRVLEHWHTGTMTRRVPELHRAFPNNLVWMHPLDAQARGLRHGDKIKISSRRGEMISYLDTRGRNKPPRGLVFTTFFDAGQLANSLTLDATDPISKETDFKKCAVKVEKAA,length1,2481
-3,1299018,1297701,1317,MSDNIYSVSQLNSAARQMLEGNFSQIWLTGEISNFTQPVSGHWYLTLKDENAQVRCAMFRMKNLRVAFRPQNGMQVLVRANVSLYEPRGDYQLIIDSMLPAGEGLLQQQFEALKMKLAAEGLFAQNLKKNLPHFSKAVGIITSSTGAALQDILHILARRDPSLKVVIYPTAVQGKEATAEIVQMIELANVRQEVDVLIVGRGGGSLEDLWCFNEEEVARAIFRSTLPIISAVGHETDVTIADFVADLRAPTPSAAAELVSRNQDELLQQLRHQQQRLDMAFDRLFTRKSQRLKQLTLRLHNQHPQNQLRAQQAKNEQLTHRLQLAILRQFENTQQKFTALSVRLKQNPLPYRIQRYQQGLEQLKVRLNFCVNRQVTERQNKLATLCGKLDGLSPLKVLARGYSIAENPQGKAIVSVKDVNQGDFITTQVADGKIVSKVL,length1,1317
-3,1272132,1270767,1365,MLINKTKRAEQNLNNLPFLALQAEQIEFLGSSAEFKTQIIELIRNAKKRIYVTALYWQKDEAGQEILDEIYRVKQENPHLDVKILIDWHRAQRNLLGAEKSATNADWYCEQRQTYQLPDDPNMFFGVPINTREVFGVLHVKGFVFDDTVLYSGASINNVYLHQFEKYRYDRYQKITHAELADSMVNFINDYLLDFSAVYPLDVTNRPRTKEIRGNIRAYRKDLAQNGEYSLKSAVKLPNVLSVSPLFGLGASGNELNQVIEDLFLQVQEKLVICTPYFNFPRTLQHKIATLLESGKQVEIIVGDKVANDFYIPPEQPFKMAGALPYLYESNLRRFCEKFETQIENGQLVVRLWRDGDNTYHLKGVWVDDRYILLTGNNLNPRAWRLDAENGLLIYDPQQQLLAQVEKEQNQIRQHTKVLKHYSELEELNQYPEPVQKLLKKFARIKADKLVKMIL,length1,1365
-3,1254075,1252122,1953,MRLFIAEKPSLARAIADVLPKPHQRGDGFIKCGDNDVVTWCVGHLLEQAEPDAYDPKFKQWRLEHLPIIPEKWQLLPRKEVKKQLSVVEKLIHQADTLVNAGDPDREGQLLVDEVFSYANLSAEKRDKILRCLISDLNPSAVEKAVKKLQPNRNFIPLATSALARARADWLYGINMTRAYTIRGRQTGYDGVLSVGRVQTPVLGLIVRRDLEIEHFQPKDFFEVQAWVNPESKEEKTPEKSTALFSALWQPSKACEDYQDDDGRVLSKGLAENVVKRITNQPAEVTEYKDVREKETAPLPYSLSALQIDAAKRFGMSAQAVLDACQRLYETHRLITYPRSDCRYLPEEHFAERHNVLNAISTHCEAYQRLPNVISTEQRNRCWNDKKVEAHHAIIPTAKNRPVNLTQEERNIYSLIARQYLMQFCPDAEYRKSKITLNIAGGTFIAQARNLQTAGWKELLGKEDDTENQEPLLPIVKKGQILHCERGEVMSKKTQPPKPFTDATLLSAMTGIARFVQDKELKKILRETDGLGTEATRAGIIELLFKRSFLTKKGRNIHSTETGRILIQALPDIATQPDMTAHWESQLTDISQKQATYQQFMHNLNQMLPDLVRFVDLNALRQLSRIKMIKSDRVKPKSAVKKSSKSNGETD,length1,1953
-3,1236696,1234287,2409,MAKNTQRTMPVLPLRDVVVFPYMVMPLFVGRVKSINALEEAMNDDKQILLVSQREADLEEPTPEDLFDVGTIANIIQLLKLPDGTVKVLVEGQNRAKINSLEDGEKCFSAQITPIETTYGDEQELVVAKSAVLSEFENYLTLNKKVPTDILNALQRIDDVDRLADTMAAHLPVSIRHKQNALELANVQERLEYLLGMMESEADILQVEKRIRGRVKKQMEKSQRNYYLNEQIKAIRKEMDGGENEDTIDEVEQLHQKVEAAGMPADVRDKVENELQKLKMMSAMSSEATVIRSYIEWMIQVPWHQRSKVKKDIVKAQQVLDTDHYGLDRVKERILEYLAVQARLNKVKGPILCLVGPPGVGKTSLGQSIANATGRKYVRMALGGVRDEAEIRGHRKTYIGALPGKLIQKMAKVGVKNPLFLLDEIDKMASDMRGDPASALLEVLDPEQNTTFNDHYLEVDYDLSDVMFVATSNSMNIPGPLLDRMEVIRLSGYTEDEKLNIAMRHLLAKQIERNGLKKGELTVEESAILDIIRYYTREAGVRGLEREISKICRKAVKNLLVNPKLKSITVNSDNLHDYLGVKRFEFGKADTQNRIGEVTGLAWTEVGGDLLTIETASVVGKGKLSFTGSLGDVMKESIQAAMTVVRARADKLGINAEFHEKRDIHIHVPDGATPKDGPSAGIAMCTALISCLTGNPVRADVAMTGEISLRGKVLPIGGLKEKLLAAHRGGIKTVLIPKENVKDLEEIPENVKQNLAIHAVETIDEVLGFALENPPEGIEFVKVKAKPKAPRRKVTSKSERAVN,length1,2409
-3,1207029,1205697,1332,MSEMTPRKIVSELDQHIIGQADAKRAVAIALRNRWRRMQLQEPLRHEVTPKNILMIGPTGVGKTEIARRLAKLANAPFIKVEATKFTEVGYVGKEVDSIIRDLTDSAMKLVRQQEIAKNRARAEDMAEERILDALLPPAKNQWGEVESHDSHSSTRQAFRKKLREGQLDDKEIEIDVSAGVSMGVEIMAPPGMEEMTNQLQSLFQNLGSDKTKKRKMKIKDALKALIDDEAAKLINPEELKQKAIDAVEQNGIVFIDEIDKICKKGEYSGADVSREGVQRDLLPLVEGSTVSTKHGMVKTDHILFIASGAFQVARPSDLIPELQGRLPIRVELTALSAADFERILTEPHASLTEQYRALMATEGVNIAFTTDAVKKIAEAAFRVNEKTENIGARRLHTVMERLMDKISFSASDMNGQTINIDAAYVADALGEVVENEDLSRFIL,length1,1332
-3,1092870,1091577,1293,MELFKSIVAVIGIIATIYFLIKKAETRTVLIGVGLIMSILTLNPMGALDAFAKSMTSGGLIMAICSSMGFAYVMKYTQCDTHLVHLLTKPLSGLKFFLIPIATVITFFINIAIPSAAGCAAAVGATLIPVLKSAGVRPATAGAAILAGTFGSMMSPGSSHSAMISEMSGLTITQVNLSHAPYNMIAGAIGAVVLTILALVFKDYGEQHRQAYLAEQKESEIKVIEGVNVLYALAPLIPLVILVIGGTSLQQVPGLEWTKMGVPQAMLIGAIYGIIVTRISPVKITEEFFNGMGNSYANVLGIIIAASVFVAGLKSTGAVDAAISFLKESNEFVRWGATIGPFLMGLITGSGDAAAIAFNTAVTPHAVELGYTHVNLGMAAAIAGAIGRTASPIAGVTIVCAGLAMVSPVEMVKRTAPGMILAVLFLALFML,length1,1293
-3,1086969,1085082,1887,MFYTETYDVIVIGGGHAGTEAALAPARMGFKTLLLTHNVDTLGQMSCNPAIGGIGKGHLVKEVDAMGGLMAHAADKAGIQFRTLNSSKGPAVRATRAQADRVLYRQAVRTALENQPNLDIFQQEATDILIEQDRVTGVSTKMGLIFRAKSVVLTAGTFLAGKIHIGLENYEGGRAGDPASVNLSHRLRDLGLRVDRLKTGTPPRIDARTINFDILAKQHGDEVLPMFSFMGSVDDHPQQIPCYITYTNEQTHEVIRNNLDRSPMYTGVIEGIGPRYCPSIEDKVMRFSDRNSHQIYLEPEGLTSNEVYPNGISTSLPFDVQMGIVNSMKGLENARIVKPGYAIEYDYFDPRDLKPTLETKSISGLFFAGQINGTTGYEEAAAQGLLAGINAGLYVQEKDAWYPRRDQSYTGVLVDDLCTLGTKEPYRVFTSRAEYRLLLREDNADIRLTPIAHELGLIDEARWARFNQKMEKIEQERQRLRSIWLHPRSEYLEEANKVLGSPLVREASGEDLLRRPEMTYDILTSLTPYKPAMEDREAVEQVEIAIKYQGYIEHQQEEIKKQKRHENTAIPANFDYSKVSGLSNEVRAKLELHRPVSIGQASRISGITPAAISIILINLKKQGMLKRGE,length1,1887
-3,1042485,1041033,1452,MSEITTLQPSLLWKWFDQICAIPHPSHYEDTLANFIVNWAKEKHFFVERDEVGNILIRKPATKGMENHTPVVLQAHLDMVPQANEGNPHDFTKDPIQPYIDGEWVKARGTTLGADNGIGLASTLAVLESNDLAHPPLEVLLTMTEETGMDGAKGLRHSWLQSEILINTDTEEIGEIYIGCAGGINANFEIPVQYETNTFERSAQITLKGLRGGHSGGDIHTGRANAIKVLARVLAKLSQNQPHFALSDIRGGSIRNAIPREAAAVLAFNGDVKTIESAVENLAVVLKEELAIAEPNFTLFVESAEKAPTVFTAQSTQTVINALNVLPNGVIRNSDVVKNVVESSLSVGVLKTEGNVVKSTILVRSLIESGKYYVTEMLSSLAILANAKVEFSAPYPGWQPVNDSTILDVTRKHYAEVLGEQPVVKVIHAGLECGLLKEHYPNIEMISVGPTIRNAHSPDEKVEIATVQTYWDLLTRVLADIPAK,length1,1452
-3,1035828,1034352,1476,MANYFNTLNLRQKLDQLGRCRFMDREEFADEANFLKGKKIVIVGCGAQGLNQGLNMRDSGLDISYALRPEAIAEKRASFQRATENGFKVGTYEELIPTADLVVNLTPDKQHSKVVADVMPLMKKDSAFGYSHGFNIVEVGEEIRKDITVVMVAPKCPGTEVREEYKRGFGVPTLIAVHPENDPKGEGLAIAKAWAAATGGHKAGVLESSFVAEVKSDLMGEQTILCGMLQAGSIVCYDKLVADGKDPAYAGKLIQYGWETITEALKQGGITLMMDRLSNSAKLRAFELAEQIKESLGFLYYKHMDDIISGHFSATMMADWANGDKDLFAWREATGKTAFENAPKYDGKISEQEYFDNGVLMIAMVKAGVELAFDAMVASGIYEESAYYESLHELPLIANTIARKRLYEMNVVISDTAEYGNYLFSNVATPILAKEIIPNLQKGDLGEPTPAVEIDNITLRDVNDAIRNHPVELIGQELRGYMTDMKRIAVAG,length1,1476
-3,1025991,1024482,1509,MTDKKYIIALDQGTTSSRAVLLDHNANVVEIAQREFTQIYPRAGWVEHNPMEIWATQSSTLNEVVAKAGITSDEIAAIGITNQRETTIVWEKSTGTPVYNAIVWQCRRTADITDKLKADGHEEYIRNTTGLVVDPYFSGTKVKWILDNVEGAREKAERGELLFGTVDTWLVWKLTQGRVHVTDYTNASRTMLFNIHTKQWDDKMLEILNIPRSILPEVRNSSEIYGQTNIGGKGGVRIPVAGIAGDQQAALYGHLCVHAGQAKNTYGTGCFMLLHTGNKAITSKNGLLTTIACNAKGEPEYALEGSVFIAGASIQWLRDELKTVHDSFDSEYFAQKVTDSNGVYVVPAFTGLGAPYWDPYARGAIFGLSRGANCNHIVRATLQSIAYQTRDVLEAMQSDSGERLQYLRVDGGATNNNFLMQFQADILDVNVERPVVKEVTALGAAYLAGLATGFWKDLDELRDKARVERTFSPDSDNEKRERRYKGWKKAVKRSLEWAKEDEE,length1,1509
-3,1004034,1002651,1383,MTALFQQLPSVDKILKTPQGLQLITEFGHTAVVATCRELLTQARQFIKKNNQLPEYFSNFDRTFVEIHSRLQKQNQVQIKAVHNLTGTVLHTNLGRALWSEAAQQAALSVMQKNVSLEYDLDKGKRSHRDNYISELLCKLTGAEAACIVNNNAAAVLLMLATFAQGKEVIISRGELIEIGGAFRIPDIMEQAGCYLVEVGTTNRTHLKDYRNAITENTAFLMKVHSSNYQICGFTSSVSEEELAELGREMNVPVVTDLGSGALIDLSQYGLPKESTVQEKVAQGVGLVSFSGDKLLGGVQAGIIVGKKEWIEQLQAHPLKRALRCDKVILAGLEATLRLYLNPEKLTEKLPTLYLLTQPLKQLKINAMRLKERLESRLNSQFDIQIEASQAQIGSGSQPMERIPSVAVTIAEKTNVKLSALSARFKQLSQPIIGRMENGKIWLDLRSLAAIETLLNTLDEL,length1,1383
-3,942804,940857,1947,MATGFLMTDNVFGIVSLKPVLHMARTCSSKMLDSPLPSKIIEKPTALSVLKSVFGYQSFRKGQEEVINAALNGQDALVVMATGNGKSLCYQIPALCFDGLTLVISPLISLMKDQVDQLQANGIEADFLNSSQTLEQQQQVQNKLISGQLKLLYVSPEKVMTNSFFQLISYSKVCFIAIDEAHCISQWGHDFRPEYTQLGGLKASFPDAPIMALTATADYATQKDILRHLNLKNLHKYIGSFDRPNIRYTLEEKYKPMEQLTRFVLAQKGKSGIIYCNSRNKVERIAESLRNKGVSAAAYHAGMETAIRERVQQDFQRDNVQVVVATIAFGMGINKSNVRFVAHFDLPRSIESYYQETGRAGRDDLPAEAVLFYEPADYAWLQKILFEKPETPQRQIEQHKLEAIGEFAESQTCRRLVLLNYFGEHRQTPCNNCDICLDPPKKYDGLVDAQKVMSTIYRVGQCFGAHYVIAVLRGMHNQKIIERQHHKLSVYGIGKDKSKEHWQSVIRQLIHLGFAQQVISELNPTLQLTESAKVILKGEEPLELAMPRISSISKIAHNPQRQGVANYDKDLFARLRFLRKQIADKENIPPYIVFNDATLQEMAQYMPTSNIEMLQINGVGSIKLERFGQPFMALIQEHKAILANAQNND,length1,1947
-3,940770,939054,1716,MRTSQYLFSTLKETPNDAQVVSHQLMLRAGMIRPMASGLYNWLPTGIRVLKKVEKVVREEMNKGGAIEVLMPVVQPAELWEESGRWDQYGPELLRFEDRGNRNFVLGPTHEEVITDLVRREVSSYKQLPLNLYQIQTKFRDEVRPRFGVMRSREFIMKDAYSFHTTQESLQATYDVMYQVYSNIFRRLGLDFRAVQADTGSIGGSASHEFQVLASSGEDDVVFSTESDFAANIELAEAIAIGERQAPTAEMCLVDTPNAKTIAELVEQFNLPIEKTVKTLIVKGADENQPLVALIIRGDHELNEIKAQKHPLVADPLEFADETEIKAKIGAGVGSLGAVNLNIPAIIDRTVALMSDFSCGANIDGKHYFNVNWVRDVAMPEVFDLRNVVEGDPSPDGKGTLQIKRGIEVGHIFQLGKKYSEAMKATVQGEDGKPLVMTMGCYGIGVTRVVASAIEQHHDDRGIIWPSDEIAPFTVAIVPMNMHKSEAVQKYAEELYRTLQSQGVDVIFDDRKERPGVMFADMELIGIPHMVVIGEKNLDNGEIEYKNRRTGEKEMISKDKLLSVLNEKLGNL,length1,1716
-3,930891,929055,1836,MPKLRSATSTQGRNMAGARALWRATGMKENDFGKPIIAVVNSFTQFVPGHVHLKDMGQLVAAEIEKAGGVAKEFNTIAVDDGIAMGHGGMLYSLPSRDLIADSVEYMVNAHCADAMVCISNCDKITPGMLMAAMRLNIPTIFVSGGPMEAGKTKLSDQLIRLDLVDAMIEAADPNVSDERIDAIERSACPTCGSCSGMFTANSMNCLTEALGLSLPGNGSMLATHADRKELFLKAGRQIVELCKRYYEQDDASVLPRSIGTFDAFENAMSLDIAMGGSSNTVLHLLAAAQEAGVDFKMEDIDRLSRKVPCLSKIAPNTNKYHMEDVHRAGGIMGLLGELDRAGLIHKNTHTVLGMSMGEQLDQYDIIRNQDEELHKFFRAGPAGIRTTQAFSQDCRWDTVDNDRVNGCIRNKENAISQEGGLAVLFGNLAEDGCIVKTAGVDESIWKFTGTAIVFESQEDAVAGILGGKVKEGHVVVIRYEGPKGGPGMQEMLYPTSYLKSMGLGKKCALLTDGRFSGGTSGLSIGHASPEAASGGAIGLVRDGDIINIDIPNRAINLEISNDELAARRAEQDQKGWQPANREREVSFALKVFGHFATSADKGAVRDKTLLK,length1,1836
-3,923676,922035,1641,MTTLFEVAQHWLNQDPDTETRAELTALLDAAKGGDKAAEAELHARFDGRLQFGTAGLRGRLQAGSIGMNRVLVSQAAGGLAEYLKGYDKEPSIVIGYDGRKNSDVFARDTAEIMAGAGVKAYLLPRKLPTPVLAYAIQYFDTTAGVMVTASHNPPEDNGYKVYLGKANGGGQIVSPADKDIAALIDKVAAGNIQDLPRSDNYVVLNDEVVDAYITKTASLAKEPACDINYVYTAMHGVGYEVLSKTLAKAGLPQPHVVADQVWPDGTFPTVNFPNPEEKGALDLAIKVAKEKNAEFIIANDPDADRLAVAVPDAQGNWKSLHGNVVGCFLGWYLAKQYQGKQGTLACSLVSSPALAEIAKKYGFQSEETLTGFKYIGKVSGLLFGFEEALGYLVDPDKVRDKDGISAAIVFLDLVRNLKKQGKTLADYADEFTKEFGAYVSGQISIRVSDLSEIGKLMTALRNNPPAEIAGVKVAQFIDHIKTDRQSDILVFNLENGGRLIARPSGTEPKIKFYLDARGKDPKDADCVLAEFDEGVRHILRQDTYGK,length1,1641
-3,920649,919329,1320,MSAMFLLQFAIVLLCIFVGARVGGIGLGVFGGLGLAILSFGFGLKPAGLPIDVMFMIMAVVAAAAAMQAAGGLDYMIKIATKILRRNPKHITFIAPAVTWLFTLLAGTGHVAYSVLPVIAEVSRQNGIRPERPMSMAVIASQFAIVASPIAAAVVAVVAYLEPQGIHLGDVLMVTIPSTILGLFLACLFVNKMGKELKDDPEYQRRLNDPKYADIFASTTLVKEVEVSKTAKISVSLFLFGALLVVLMGAAPSIRPVFDGKPMGMAHTIEIIMLSIGALIILTCKPDGTAITKGSVFHAGMRAVIAIFGIAWLGDTLMQAHITEVKEMVKGLVETAPWAFAFALFVLSVLVNSQGATVATLFPLGIALGIPAPVLIGVFVAVNGYFFIPNYGPIIASLDFDTTGTTKIGKYILNHSFMLPGLLSMFFCLLIGLGLSHVIL,length1,1320
-3,912153,908193,3960,MQTFALFVIIRLFFYFSFIRNCNMTVKTFRGSPALSEFRLTQLQQKCQQYQLPITSVYAEYLHFVEQKTSLVEDEIVKLQALLHYGSMFSELKPAGYCLIVTPRVGTISSWSSKATDIAHNCGLSKVNRIERGIAYYFNIERDLTEAELATLKDLLHDRMLETVLNHETEAALLFTQQEPKALTTIDILNGGRQALERANIALGLALADDEMDYLVESFTALKRNPQDVELYMFAQANSEHCRHKIFNADWIIDGKKQDKSLFKMIKNTFEQTPDFVLSAYKDNAAVMEGSKVGRWFPDPDGQYRVHQEDAHILMKVETHNHPTAISPFPGAATGSGGEIRDEGATGRGAKPKAGLTGFSVSNLVIPNFEQPWENPLSKPNRIASALDIMIDAPLGSAAFNNEFGRPALLGYFRTYEEKVNSFAGKEVRGYHKPIMLAGGIGNIRGEQVQKGEIPIGAKLIVLGGAAMNIGLGGGAASSMDSGKSKEDLDFASVQRENPEMERRCQEVIDRCWQLGEENPILFIHDVGAGGLSNAMPELVHDGRRGGKFDLRSILCDEKGMSPLEIWCNESQERYVLAVAPENLELFTALCERERAPFAVIGEATQAEHLILHDSHFDNNPIDLPMNVLLGKTPKMTREVLSKTVENQSLKTEGIQLKEAFHRVLRLPVVAEKTFLITIGDRSVTGMVARDQMVGPWQIPVSDVAVTTASLDSYHGEAMAMGERSPVALLNFSASARLAVAEAITNIAGTHIGEMKRIKLSANWMSAAGHTGEDAGLYEAVKAVGEELCPALGLTIPVGKDSMSMKTTWIDNGEQKSVTAPLSLVISAFARVEDVRKTLTPQLRTDKGLSSLLLIDLGEGHNRLGATALAQVYKQLGDKPADVVKVQRLKDFYNAMQTLVAEDKLLAYHDRSDGGLITTLAEMAFAGHCGVEVDISALGDNDLAVLFNEELGAVIQVADSQLESVREVLKAHNLLGITHQLGTVTADDRFEISRGSHKLFSEKRTELRSIWAELTYQMQRLRDNPDCAEQEFEAKKNPDDKGLSAFLTYDVNEDITAPFINKGVKPTIAILREQGVNSHYEMAAAFDRAGFNAIDVHMSDLMTGRRNLAEFNAMVACGGFSYGDVLGAGGGWAKSILFNPKLHEQFSQFFINPNTLTLGVCNGCQMISNLAEIIPGTENWPHFVRNKSERFEARVSLVKINEVASVWFAGMAGSHMPIAVSHGEGQVKFKSAEQLVGLKAQGIIAAQYIDNNGNPTELYPANPNGSVEGITAITNLDGRVAIMMPHPERVFRAVSNSWHPENWTEDGAWMRLFRNARMVF,length1,3960
-3,905667,903687,1980,MRNGNLKKHYSAKELLDLSLSCLPNSVQGIIYQAKKNGWVTQKRVGKGGGKEYALASLPQEIQTEIRTKFAVSIVKAKPKSLPADLRQVELKTLTEKQREVAGARMALVAQVAQLEQAQPRYKAIKFFCEQIKHGGISSDLMRLVETANNKKGKNRTLSDRTLNQWVLDYEKADTPEERLKALAPMQRVAKKAEEIVWLPDFLAIYRQTNGINVAEAYHYFSAEWDARFADEPLRLEMKPSIDQVRAALAKLPKHIKEIGRKTGSELRALNTYVKRDWSVLQVNDVWVGDGHAMKLKVAHPEHGRPFIPEVTLIMDTSCRFIVGWSASLAENVLAVADALRYGVERYGIPAIYYSDNGGGEKNWMLDGDITGMLPRLGINHQTGIPGNPQGRGIIERVHQTILYKIGRQFETYHGTGADKDTVRQVSTAVISLDKAKRKGATQLTPKQQWAVGKLPSWNQFLQACQEGIDEYNNKHEHRELGGMTPAQKRRQLMEKMNPNDLVFVTPVEARDLFRPSTLRVAQRGWLQLFNNYYFSTKLLDVDGQKVQVMFDIHDPSQVIVRKQDGTFVCYAELDGNKRDAFPMPFVEKTRQERHARRAKLKQEQLDEINAELNPIITIEHQQGFELLRTKPKAKQEATPIFLTKADKEAWEQRKKLVNE,length1,1980
-3,885348,883935,1413,MAEMNIDFDNIPTSLRKPGVYTEYNSRNAVSTLPTNEQNVLIVAPMLNATKAFSAPTPIYSDVDAKNTFGAGSWAHLMARIAIQNNALIRLTVIGLKESDSGVAATGTITLTGTASNAGVLKVVIGGLDYAVAIAKSETAANIAARLNAVINAGEYCPVSATVNEGTVTLTAKCKGEIGNEISVNATLSVNDMAVNVSALANGAENADLAAALASVAGQHYHVIISPFADDKNAKALREHLESVASPVEKKPGIGVLGFNGTLASGTTYTEKINANRITVGWYKGAVESNALIAAGYGAVIAGEEDPAKPLNTLEIKGLTPVDATQTPLKTEVNQALFHGLTPITVVNNRVQIMRAITTYTKSPANVDDPAWLDLTTIRTLDYTRKAIEQRIELRFPRAKLSNRTPPKVRSEILDVLYRLEQQEILENVDANKGKLLVVRNGKDPNRLDTAIPADVVNGLHVVANRIDLIL,length1,1413
-3,789498,787851,1647,MLMKLKATLTLAAATLVLAACDQSSSANKSTAQTEAKSSSNNTFVYCTAKAPLGFSPALIIEGTSYNASSQQVYNRLVEFKKGSTDVEPALAESWEISDDGLSYTFHLRKGVKFHTTKEFTPTRDFNADDVVFSFQRQLDPNHPYHNVSKGTYPYFKAMKFPELLKSVEKVDDNTIRITLNKTDATFLASLGMDFISIYSAEYADSMLKAGKPETLDSRPVGTGPFVFVDYKTDQAIQYVAHENYWKGRTPLDRLVISIVPDATTRYAKLQAGTCDLILFPNVADLAKMKTDPKVQLLEQKGLNVAYIAFNTEKAPFDNVKVRQALNYAVDKKAIIEAVYQGAGISAKNPLPPTIWSYNDEIQDYPYDPEKAKQLLAEAGYPNGFETDFWIQPIIRASNPNPKRMAELIMADWAKIGVKTNPVTYEWADYRKRAKEGELTAGIFGWSGDNGDPDNFLSPLLGSSNIGNSNMARFNNSEFDALLNEAIGLTNKEERAKLYKQAQVIVHNQAPWIPVAHSVGFAPLSPRVKGYVQSPFGYDAFYGVSVDGK,length1,1647
-3,759555,757818,1737,MKKLFLFFTLIFTAFAANSGLFDKKQTFLKVDDAFAFSATLSTDKSQLQAHWDITDGYYLYQDKISAELVGKSNPLSLHTQQAAELHQDPYFGEVKVFTHSIDGIFRGTFNNADDKVEITYQGCTEGFCYPPETKVLRIGDLAVSQKQIVEKTVEKNTALLSEQDRLADGLFHSKWTIFGFFVLGLGLAFTPCVLPMLPLLSAIVIGQQQRPNMMRAFSLAFLYVQGMALTYTLLGLAVAAIGLPFQIALQHPYVMIGLSILFVALALSMFGLFTIQLPNSLQNKLNTWSQKQTSGAFGGAFAMGMIAGLVASPCTSAPLSGALLYVAQSGDLFTGAVTLYLLALGMGVPLMLITLFGNKILPKSGEWMNTVKQTFGFVMLALPVFLLSRILPEVWEPRLWAGLATVFFIWFALQMSKNGFGYAIKIISFALAMVTVQPLQNWIWQTQTTTQSAVENMPVSQVKFKQIKNTEELDRTLAENPHSIAMLDLYADWCVACKEFEKLTFSDPQVQQQFQNILLLQVNMTKNSPENKALMERFNVMGLPTILFFDQQNNEIKGSRVTGFMDADAFSNWIEKLL,length1,1737
-3,755418,754131,1287,MNILIIGNGGREHALAWKVAQSPLADKVFVAPGNAGTALEHKVENVNISATDIPALVKFAQDKQIGLTIVGPEAPLVIGVVDAFREAGLKIFGPAKAAAQLEGSKAFTKDFLARHKIPTAEYQNFTEVEPALTYLREKGTPIVVKADGLAAGKGVIVAMTLQEAEDAVRDMLSGNAFGEAGSRVVIEEFLDGEEASFIVMVDGKNVEPMATSQDHKRVGENDTGLNTGGMGAYSPAPVITPEIHSRIMKEVIYPTVNGMAAEGSVYTGFLYAGLMIMPNGQPKVIEFNCRFGDPETQPIMLRLKSDLVELCLKACDGKLDEVISQWDPRASLGIVLAAEGYPKDYRKGDEISGLPKSAVKNEKVFLAGVAEQEGKLVTNGGRVLCVTALGESVFEAQQKALKLAEQIQWSGRFYRRDIGYRAVEREQAK,length1,1287
-3,733524,730821,2703,MSILTRIFGSRNERVLRKLKKQVVKINKMEPAFEALSDDELKAKTQEFRDRLSGGETLQQILPEAFATVREASKRVLGMRHFDVQLIGGMVLTNRCIAEMRTGEGKTLTATLPCYLIALEGKGVHVVTVNDYLARRDAETNRPLFEFLGMSVGVNIPGLSPEEKRAAYAADITYATNSELGFDYLRDNLAHSKEERFQRTLGYALVDEVDSILIDEARTPLIISGQAENSSELYIAVNKLIPSLIKQEKEDTEEYQGEGDFTLDLKSKQAHLTERGQEKVEDWLITQGLMPEGDSLYSPSRIVLLHHVMAALRAHTLFEKDVDYIVKDGEIVIVDEHTGRTMAGRRWSDGLHQAIEAKEGVDVKSENQTVASISYQNYFRLYERLAGMTGTADTEAFEFQQIYGLETVVIPTNRPMIRDDRTDVMFENEQYKFNAIIEDIKDCVERQQPVLVGTISVEKSEELSKALDKAGIKHNVLNAKFHQQEAEIVAEAGFPSAVTIATNMAGRGTDIILGGNWKAQAAKLENPTQEQIEALKAEWEKNHEIVMKAGGLHIIGTERHESRRIDNQLRGRSGRQGDPGSSRFYLSLEDGLMRIYLNEGKLNLMRKAFTVAGEAMESKMLAKVIASAQAKVEAFHFDGRKNLLEYDDVANDQRHAIYEQRNHLLDNDDISETINAIRHDVFNGVIDQYIPPQSLEEQWDIKGLEERLSQEFGMELPISNWLEEDNNLHEESLCERIVEIAEKEYKEKEALVGEDAMRHFEKGVMLQTLDELWKEHLASMDYLRQGIHLRGYAQKDPKQEYKKESFRMFTEMLDSLKHQVITTLTRVRVRTQEEMEEAERARQEMAARINQNNLPVDENSQTTQNSETEDYSDRRIGRNEPCPCGSGKKYKHCHGSRVARQ,length1,2703
-3,708186,706662,1524,MSSQCPFSHLAATNLTMGNGAPVADNQNSLTAGPRGPLLSQDLWLNEKLADFVREVIPERRMHAKGSGAFGTFTVTHDITKYTRAKIFSEVGKKTEMFARFTTVAGERGAADAERDIRGFALKFYTEEGNWDLVGNNTPVFFLRDPRKFPDLNKAVKRDPRTNMRSATNNWDFWTLLPEALHQVTVVMSDRGIPASYRHMHGFGSHTYSFWNEAGERFWVKFHFHTQQGIKNLTDAEAAAVIASDRESHQRDLYEAIERGDFPKWTLFVQIMPEADAEKVPYHPFDLTKVWPKKDYPLIEVGEFELNRNPENFFADVEQSAFAPSNLVPGIGASPDRMLQARLFNYADAQRYRLGVNYRQIPVNRPRCPVHSNQRDGQGRVDGNYGSLPHYEPNSFSQWQQQPDFAEPPLRINGDAAHWDYRNDDNDYFSQPRALFNLMNADQKQSLFNNTAAAMGDAPDFIKYRHIRNCHWCDAAYGEGVAKALGLTVEDALKARDTDPALGQGGLL,length1,1524
-3,663399,661947,1452,MNLGIILPLIIYLTFVFGAAIFAYVKRTKGDFLTEYYVGNRSMTGFVLAMTTASTYASASSFVGGPGAAYKYGLGWVLLAMIQVPAVWLALGALGKKFALLSRETNALTINDLFFYRYKNKYLVWLSSLALLLAFFAAMNVQFIGGARLLETTIGISYTQALLLFALTVGIYTFIGGFRAVVLTDTIQGTVMIFGTIILLVGTIYALGGVESAVNKLTEIDPDLVTPYGPNGMLDFQFMASFWILVCFGVVGLPHTAVRCMAFKDSKALHRGMLIGTIVLSIIMLGMHLAGALGRAVIPNLTVSDQVIPTLMLKVLPPIVAGIFLAAPMSAIMSTIDAQLIQSSSIFVKDLYLSTKPEAAKNEKKVSYFSSIITLILTALLIFAALNPPDMIIWLNLFAFGGLEAAFLWVIVLGIYWDKANAYGALSSMIIGLGSYILLTQLGVKLFNFHQIVPSLAFGLIAFLVGNKLGERRIEKTQLKATAL,length1,1452
-3,650742,649335,1407,MAKTLYEKLFDSHIVYEAEGETPILYINRHLIHEVTSPQAFDGLRVANRQVRQVNKTFGTMDHSISTQVRDVNKLEGQAKIQVLELDKNTKATGIKLFDITTKEQGIVHVMGPEQGLTLPGMTIVCGDSHTATHGAFGALAFGIGTSEVEHVLATQTLKQARAKSMKIEVRGKVASGITAKDIILAIIGKTTMAGGTGHVVEFCGEAIRDLSMEGRMTVCNMAIEMGAKAGLIAPDETTFAYLKDRPHAPKGKDWEDAVAYWKTLKSDDDAQFDTVVTLEAKDIAPQVTWGTNPGQVISVNETIPNPQEMADPVQRASAEKALHYIGLEAGTNLKDIKVDQVFIGSCTNSRIEDLRTAAAVMKGRKKADNVKRILVVPGSGLVKEQAEKEGLDKIFIAAGAEWRNPGCSMCLGMNDDRLGEWERCASTSNRNFEGRQGRNGRTHLVSPAMAAAAGVFGKFVDIRDVTLN,length1,1407
-3,634266,632820,1446,MKNGVKQLSLLSLIGLSLTNVAWAEVARPKNDILTNTVQSAELKTSSFSSMTKKEIPNRHIISLSKSQLAHHPRLVLRGLIPALYQNNTQAVQLLLPLYKQFPQQDNFLLTWAKAIEAREQGDLTQSIAYYRELFARDASLLPLRYQLAQALFFNYENESAKIQFEKLRTEVDDEKFLGVIDQYLLTLNQRNQWIWQVGLNFLNDDNLNNAPKSGTKIGSNWTAWEKESGQGVGYSLSVEKKWPWADHFFSKTMFNGNGKYYWDNKKYNEATFRIGGGLGYQTALVEVSLFPFQEKRWYAGGSSGTNTMKQYADKLGIRLENVDWLSKTWQISTALEYGESRYKIRKHLDGNYYFVSSTLFYLPKSTQFWFAGMDFHRENTQALDNAYQQKTLRLGWGQDWSHGISSRLTFSYANRVYREKDLIGIQQKNREYTTTITLWHRNIHFMGLTPKLSWDYQKSTSNHAFYRYDKNRIYLEIGKIF,length1,1446
-3,628635,626769,1866,MLIEKMHNLTNSKISKFILGLITVSFLVGGMSGYLFSSNDTYAAKVNGEVISQQDFLNRYNQEFEIRAQREGEAFMGQSDSPEFVTALRQNIVNLMIDQELLRQYVKELKLGVSDEMIKRAIVTDPNFQVKGKFDNSVYQRILQQNHLTSDGYASILRASLPLEQIQNGVANSEFIVPAQVKNSAEIFFQKRLARLATLSLADEMAKQSVSDDEIKTYYEANQKSFVQPEQVKVQYIDLSADNISKNLQVTDIEIAQYYQDNKAQFMTQRLAHIQFANEQDAKVVYEELQKGANFADVAKTKSLDKISGENGGDLGWVNANELPKAFEDAAAALQVGQYSQPINVDGNYHIVLVQERKAQSLENVKAQIADLVRKSLMESRYFSLEKQASDKAFEDSKSLNTAAQAAGVKVQESGYFSRQNVPAGLNFPNVIYTIFESDSTNIGMNSEPINVGDYHTIIVRVLDRKAEGVKSLEEAKIDIETFLKRQKAENVLNEKAQQAVKKLSENPESKIDGINFSSEQTFTLSENKDPILTNGIFSIAKPKSNEALYQVVHNSNGDVVVVALNKVEQGSLSEKELSQFGMQLLRSHQSELQVQLIQGLRERAKIEVNDSFINQDDEVQQ,length1,1866
-3,626679,625122,1557,MMFGKKIIHSKTIWFYFLLFLFSIFTNMGLGNVLSENIPVSDYAILFVITAISFYFTPWVGRILITVLFLSALFYCSAGFFYGIPSLGIIASVYETNINETLEYYTTIPFWIFLFQASYFILFVALMKLSFYFKRQAFKWLNTAVISLLLVFSYNQFSDWNYAYKFRFYPVLFYSEFDRMNDLYLEQRDFLNQSANAPSQWDIQSFMPKYKNYILIIGESMRKDYMSLYGFPLKTTPFLERVKGTVFENYYSAAPNTQPSLQLTLYRADKGETVYTDNIISLAKKAGVKTYWISNQGKIGEFDTIASRIGQSADETIFMKPLGYNSKKVYDDEMLPVLDKALKENITNPKLIVIHLMGSHPAFCERLPYEVKNYFINQSMSCYLESIKYTDQFLEKLNSQLVSQNEPYSVIYFSDHGLAHYEDSEGLSLHPNNLYKQDYEIPFVMFSSDSQKVEKIKTPQSAFNFVYGFADWMGIKEKHLQGVDFFHPEKQEIKVFDWNNVVNVKELADDPAKLPETVQ,length1,1557
-3,541650,540297,1353,MRKISSPREENVMTTYFDKIEKISFEGEKSTNPFAFKHYDANQVILGKTMAEHLRLAVCYWHTFCWNGNDMFGLGSLERSWQKNPNVLAGAEQKADIAFEFLNKLGVPYYCFHDVDIAPEGNSVREYVQNFHHIVDILERKQVETGVKLLWGTANCFTNPRYMSGAATNPNPEVFAWAATQVFNAMNATQRLGGENYVLWGGREGYETLLNTDLKREREQIGRFMQMVVEHKHKIGFKGTLLIEPKPQEPTKHQYDYDVATVYGFLKQFGLEKEIKVNIEANHATLAGHTFQHEIATACALDIFGSIDANRGDPQLGWDTDQFPNSVEENTLVMYEILKHGGFTTGGFNFDAKIRRQSIDPYDLFYAHIGAIDVLALSLKRAAKMLQEKTLQKIVNARYAGWNSELGQHILQGKTSLETLAQLVQQKDLAPKPVSGQQEYLENLVNQVIYS,length1,1353
-3,521688,519858,1830,MVKFNSSRKSGKSKKTIRKLTAPETVKQNKPQKVFEKCFMRGRYMLSTVLILLGLCALVARAAYVQSINADTLSNEADKRSLRKDEVLSVRGSILDRNGQLLSVSVPMSAIVADPKTMLKENSLADKERIAALAEELGMTENDLVKKIEKNSKSGYLYLARQVELSKANYIRKLKIKGIILETEHRRFYPRVEEAAHVVGYTDIDGNGIEGIEKSFNSLLVGKDGSRTVRKDKRGNIVEHISDEKKYDAQDVTLSIDEKLQSMVYREIKKAVSENNAESGTAVLVDVRTGEVLAMATAPSYNPNNRVGVKSELMRNRAITDTFEPGSTVKPFVVLTALQRGVVKRDEIIDTTSFKLSGKEIVDVAPRAQQTLDEILMNSSNRGVSRLALRMPPSALMETYQNAGLSKPTDLGLIGEQVGILNANRKRWADIERATVAYGYGITATPLQIARAYATLGSFGVYRPLSITKVDPPVIGKRVFSEKITKDIVGILEKVAIKNKRAMVEGYRVGVKTGTARKIENGHYVNKYVAFTAGIAPISDPRYALVVLINDPKAGEYYGGAVSAPVFSNIMGYALRANAIPQDAEAAENTTTKSAKRIVYIGEHKNQKVN,length1,1830
-3,519846,518382,1464,MKKLTALFNLPELKNDIELHNMVLDSRKVKAGDLFVAIKGHQVDGNQFIDSALHSGASAVVSETELSSEHLTVAFIRNVPVVKYYQLARHLSSLADVFYDSPSKNLTLVGVTGTNGKTTISQLLAQWAELLGHRAAVMGTIGNGLLGQIVEAKNTTGSAVEIQSSLSTFKHAGADFTSIEVSSHGLAQHRVEALHFKAAIFTNLTRDHLDYHQSMENYAAAKKRLFTELDTQIKVINADDEIGYQWLTELPDAIAVSMNADFKVGSHQWMKAINIHYHFKGADITFESSWGNGVLHSPLIGAFNVSNLLLVMTTLLSFGYPLENLLATAKSLKGVCGRMEMIQYPNKPIVIVDYAHTPDALEKALIAAREHCQGELWCIFGCGGDRDRGKRPLMAQVAEQFAEKIIVTKDNPRTEPQSQIEADIVAGFKNMEKVGIIPDRAQAIQFAIESAVENDVILIAGKGHEHYQIIGSEVVHFSDQEIALDFLK,length1,1464
-3,515805,514494,1311,MNAYQNKNITIIGLGKTGLSCVDYLLSQQANIRVIDTRKKPTGIDKLPQNIPLHTGSLNQEWLLESDMIVISPGLAVKTPEIQTALKAGVEVIGDIELFCRAATKPIVGITGSNGKSTVTTLVYEMAKAAGVKVGMGGNIGIPALSLLNEDCELYVLELSSFQLETTYSLKAAAATVLNVTEDHMDRYMDLEDYRQAKLRIYHNAEVGVLNNEDKLTFGEGENQARQTVSFAENSADYWLKTENGKQYLMVKDEVILPCEEVTLVGRHNYMNILAATALAQAVGINLDSIRTALRHFKGLDHRFQLVHQANGIRWINDSKATNVGSTVAALAGLYIEGKLHLLLGGDGKGADFSELAELINQPHIICYCFGRDGVQLAKFSSQSYLFETMEQAIEFLRPTLQSGDMVLLSPACASLDQFASFEKRGEEFTHLAQYSA,length1,1311
-3,508878,507603,1275,MVKGVETKTIVGLEVGTSKVVAVVGEVFPDGVVNVLGVGSCPSKGIDRGSITDLDAVVGSIQRAIEAAESMADCQIMSVTLAITGEHIQSLNESGFVPIAESEVTQEEIDSALHTASSIKLPEGLSLLHVIPQEYAVDRQMNIKNPLGLQGVRLKAQVHLIACHQDWQNNLKKAVERCGLQVDKVVFSGFAATHSVLTEDEKDLGVCLIDFGAGTMNVMVYTNGALRFSKVIPYAGNIVTNDIAHACTISRAEAERIKVNYASAFYPARLHGDKKIEVASIGGRAPRSLTKSDLSLITSARYTELLGVVKDELDKLKAELEAKHIKFELIAGVVITGGGAQIEDLKECASNVFHCQVRIASPLNITGLTDYVNRPQYSTVVGLLQYNHSNSDDDLISGSDDSEGTFFESIWQGVKKIVNKVRSEF,length1,1275
-3,446964,445449,1515,MCGIVGIVSQSPVNESIYAALTLLQHRGQDAAGIVTVDDENRFRLRKANGLVSDVFRQEHMLRLQGNAGLGHIRYPTAGSSSVSEAQPFYVNSPYGVTLVHNGNLTNSVELKEKVFKTARRHVNTNSDSELLLNILANHLDHIPQNHLDPQDIFYAVRKTHNDIRGAYACVAMIIGHGMVAFRDPFGIRPLVLGKREENGKTDYMFASETVALDIVGFEFVRDIAAGEAVYVTFDGELYSQQCTESAVLNPCIFEYVYFARPDSTIDGVSVYAARVHMGEKLGKKIAKEWADEIDNIDVVIPIPETSTDIALQIARVLGKPYRQGFVKNRYVGRTFIMPGQAQRISSVRRKLNTIKAEFKDKNVLLVDDSIVRGTTSEQIVEMARSAGAKKIYFASAAPEIRYPNVYGIDMPSCDELIAYGRNVEEIAHLIGVDKLIFQDLTALTESVQLENPAIQGFDCSVFTGEYITGDISPEYLDKIALQRNDSAKKKREKQASNLEIYNEQ,length1,1515
-3,362055,360588,1467,MVVFKSTLKLSLFALSLSMMMSGCVLVGLSKNDQSKSLYGINLSHLSFAERKELEEAIYADQQRLTEEKQTLLNMTLTHEIGDHKLQFKPLLARLYASRKYAPLWTDNAAARQLLRDYAAMVASGISKSSATSLETLALVEQQGGLVYDVLLSDILLDYLYYTQNVRSQASNWLYSSAQYQAQQPENDHIQRWLSAVENNQLLDFIQSLAGENHLYRQTVQSLPMFIPTSKESNIAQKLAMNAQRLRVIPDFHNGIFVNIPSYKLQYYRDGDLILESRVIVGTDSRRTPVMYSKLSNVVVNPPWNAPIRLINEDLLPKMKADPNYITEHNYSILDNQGNVVDPASIDWESIGNKFPYRVRQAAGDSALGNYKFNMPSSDAIYLHDTPNRGLFNRKNRALSSGCVRVEKSDQLASILLKEAGWTETRKNTVLASKKTTSAPIRSDNPVFLYYVTAWIENGNIVNLPDIYGYDRQINLAEINWDLVKKYLQ,length1,1467
-3,345531,344085,1446,MLNQVSNTLLTPSNLSTQTLLNIFDIMSHRNIDYADLYFQLSQDESWVLEDGIIKEGGFHIDRGVGVRAVSGEKTGFAYADQINLASLQQCAEAVKGIAQVKQGNLISLSAFNVVNPIARYAAINPLESLTKEKKIELLHLVDRTARAEDHRVTKVSASLSSVYEEVLIMATDGTLAADIRPLVRLSISVLVEENGKRERGSCGSGGRFGLDWFFEVVDGDIRAVLFAKEAVRQALVNLSAVAAPAGLMPVVLGAGWPGVLLHEAVGHGLEGDFNRKESSLFTGKIGEQVTSPLCTIVDDGTIENRRGSLTIDDEGVPSQCNVLIKDGILQGYMQDKMNARLMGVAPTGNGRRESYAHLPMPRMTNTYMLAGQSQFDDLIASVKQGIYAPHFGGGQVDITSGKFVFSTSEAYLIEKGKITKPVKGATLIGSGIEVMQKISMVADKSELDLGIGVCGKEGQSVPVGVGQPALKIDEITVGGTN,length1,1446
-3,337575,335928,1647,MSESFAQLFEESLKGLETRQGSIVSGTVVAIQKGFVLVDAGLKSESAIPVAEFLNAQGELEIQVGDTVNVALDAVEDGFGETKLSREKAVRHESWIELEKAYEEKATVIGLINGKVKGGFTVELNGVRAFLPGSLVDTRPAREADHLLGKELEFKVIKLDQKRNNVVVSRRAVIESENSQEREQVLENLVEGSEVKGIVKNLTEYGAFVDLGGVDGLLHITDMAWKRVKHPSEIVNVGDEVTVKVLKFDKDRTRVSLGLKQLGQDPWAAIAENHPVNSKLTGKVTNLTDYGCFVEILDGVEGLVHVSEMDWTNKNIHPSKVVSLGDTVEVMVLEIDEERRRISLGLKQCKANPWTQFADTHNKGDKVTGKIKSITDFGIFIGLEGGIDGLVHLSDISWSISGEEAVRQYKKGDEVSAVVLAVDAVKERISLGIKQLEEDPFNNFVAINKKGAVVSATVVEADAKGAKVELAGGVEGYIRSADLTSEVAIGDVVEAKYTGVDRKSRIVHLSVKAKDQAEEAAAVASVNNKQEDIVIPNAMAEAFKAAKGE,length1,1647
-3,307263,305340,1923,MKKAHSPLFPIFTFVLINLIILSLSRLGLAVWQSERVSAVDGWLQLFLQGVRMDVVALCYLFGVPALLTTLFHSSKVWVKILRLWLTFGSVFIIFMEIATPAFIETYDYRPNRLFIEYLIYPKEVFSMLAEGHLSAVIFSLVFTILAAVIYWKISGWAVKNLRSISWKLRPVIALLVIVVSFLGARSSFQHRGINPAMVAFSSDALVNSLVLNSGYSVIYAAQQFKDEEKSSEMYGKMDADEMFRIVKASRGRPESDYISDKYPTLTKNVATYQGKPKNIVILLQESLGAQFIGTLGGKPLSPNVDQLAKEGWLFENLYATGTRSVRGIEATTAGFTPTPARAVVKLNNAQSGFFTIADLLHKQGYNTSFIYGGEKHFDNMASFFYGNGFKDIWDQQDYQNPKFTGTWGVSDEDLFDKANETFTKLQNEGKPFFSLVFSSSNHDPFEYPDGKIELYEQPKATRNNAAKYADYALGHFFKMAKQSNYWKDTIFLIVADHDSRVGGASLVPIKHFHIPALILGDGITPRRDSRLVSQIDMPTTLLSLAGVSGNYPMIGFDLTQDVNPDRAFMQYDQTQAMMKGNNDVVIQMPNKAAQGYHYDKSTETLTPKEVPDAMKKEALAHALLGSYLYKNRLYSSGENK,length1,1923
-3,300081,298413,1668,MSSQFVYTMHRVGKVVPPKRHILKDISLSFFPGAKIGVLGLNGAGKSTLLRIMAGVDKEFEGEARPQPGIKIGYLPQEPKLEPQQTVREAVEEAVSEVKNALTRLDEVYALYADPDADFDKLAAEQANLEAIIQAHDGHNLDNQLERAADALRLPDWDAKIEHLSGGERRRVALCRLLLEKPDMLLLDEPTNHLDAESVAWLERFLHDYEGTVVAITHDRYFLDNVAGWILELDRGEGIPWEGNYSSWLEQKEKRLEQEQAAENARQKSIAKELEWVRQNPKGRQAKSKARMARFDELNSGEYQKRNETNELFIPPGPRLGDKVIEVQNLTKSYGDRTLIDDLSFSIPKGAIVGIIGANGAGKSTLFRMLSGQEQPDNGSITMGETVVLASVDQFRDAMDDKKTVWEEVSNGQDILTIGNFEIPSRAYVGRFNFKGVDQQKRVGELSGGERGRLHLAKLLQRGGNVLLLDEPTNDLDVETLRALENAILEFPGCAMVISHDRWFLDRIATHILDYGDEGKVTFYEGNFSDYEEWKKKTLGDAATQPHRIKYKRIAK,length1,1668
-3,227193,225810,1383,MQKNEIKQSDMKPLIIDSSWTERFLPDPPREKDNRPPFRRDRGRILHSAAFRCLQAKTQIHAIGENDFYRTRLTHSLEVAQIGSSLVAQLKFLETFESLSQTLNIDKNELQKQLKPLLPSNDLIESLCFAHDIGHPPFGHGGETALNYMMAEQGGFEGNAQTFRILTKLEPYTENAGMNLTRRTLLGVVKYPALLDVASPQYAELNFSRNIDPRFVRIHDWIPGKGIFRDDLKMFNWLLENLSENDRTLFCQFKKVRENPAEFLQTSFKSLDCSIMELADDIAYGVHDLEDAIVTGVVNPHQWQAAHSALKQIPSAWLQENIDSISQRLFSDKHFERKQAIGALVNFFITNVRWKLTANFDEPLLRYNAELSPEVIIALGVFKKFVWDYVIRNVDTQRIEYKGQRMLTEMFQIFESDPERLLPRNTENRWRNAPEERKKRIICDYIAGMSDAHALRVYQQV,length1,1383
-3,225552,223773,1779,MDDGKIQYEKDLVVSRLEQDPPRNAQGNIFDYVAEGVGHLTDLLKEYHHISVQLEENYSDQILSQLEQVQAKLEHADGWRFENKINEVLLKLGLNPNTKLSALSGGWLRKAALARALVCDPDVLLLDEPTNHLDVEAIEWLENFLLDFQGSIVFISHDRSFIRKMATRIVDLDRGQLQSYLGNYDLYLTTKEENLRVEALQNELFDKRLAQEEVWIRQGIKARRTRNEGRVRALKAMREERRQRRDVMGIAKLQLDTSSRSGKIVFEMEDVSYEIAGKTLLKDFSTTILRGDKIALVGVNGCGKTTFIKLLLGEIQPTSGKIRCGTKLEIAYFDQYRADLDPEKTVMDNVADGKQDIEVNGVKRHVLGYLQDFLFPPKRAMTPVKALSGGERNRLLLAKLLLKPNNLLILDEPTNDLDVETLELLEEILTDYQGTLLIVSHDRQFIDNTATECYLFEGEGRLNKYVGGFFDAKQQQANFWASKAVEEQAKAKKSEPLKEESAVKSDRTSKPKSVKLSYKEQRELEQLPQLLEELETKITVLQAEIADPAFFQQAHDITDAKLKELADTEAELETAFLRWEELEEKKNLTDGKA,length1,1779
-3,213369,211896,1473,MDAVELLMNVTPNETRIALVETGMLREVHIERQAKRGIVGNIYKGRVTRVLPGMQSAFVDIGLEKAAFLHAADIVSHTECVDENEQKQFKVKSISELVREGQDIVVQVVKEPLGTKGARLTTDITLPSRHLVFMPENSHVGVSQRIESEEERARLKALVEPFCDELGGFIIRTATEGASEEELRQDAEFLKRLWRKVLERKSKYPTKSKIYGEPALPQRILRDFIGTNLEKIRIDSKLCFGEVKEFTDEFMPELSDKLVLYSGNQPIFDVYGVENAIQTALDKRVNLKSGGYLIIEQTEAMTTIDINTGAFVGHRNLEETIFNTNIEATKAIAQQLQLRNLGGIIIIDFIDMQTDEHRNRVLQSLCDALSKDRMKTNVNGFTQLGLVEMTRKRTRESLEHVLCDECPTCHGRGRVKTVETVCYEIMREIIRVYHLFSSEQFVVYASPAVSEYLINEESHGLLPEVEMFIGKRVKVKTEQFYNQEQFDVVVM,length1,1473
-3,196998,195462,1536,MLIGVPRELLENESRVAATPKTVQQILKLGFDVIVEHDAGFKASFEDQAFLDAGAKIGTSAEIWQSDIIFKVNAPTDEEIAQMKEGATLVSFIWRMQNPELMKKLTAKKINVLAMDAVPRISRAQALDALSSMANISGYRAVIEAAHEFGSFFTGQITAAGKVPPAKVLVIGAGVAGLAAIGAANSLGAIVRAFDSRPEVKEQVQSMGASFLEIDFKEEGGSGDGYAKVMSEEFNRRAMELYAEQAKEVDIIITTAAIPGKPAPRLITKEMVDSMKPGSVIVDLAAATGGNCEYTQAGKVVTTENQVKVIGYTDFPSRLPTQSSQLYGTNLVNLLKLLCKEKDGNINIDFEDVVLRGVTVVRDGEEIPPAQIQVSAQPKQETKAAPVAEKKESKPTDPRVKYGVMAGVGVLFLWLASVAPAAFLSHFTVFVLACVVGYYVVWNVSHALHTPLMAVTNAISGIIIVGALLQIRQPTGNLFIDALAFVAILVASINIFGGFRVTQRMLAMFRKG,length1,1536
-3,192948,190344,2604,MSKSLVIVESPAKAKTINKYLGSQYVVKSSVGHIRDLPTVGSSTGEKAKPISTKGMDAEEKAKIKAEKERNALVKRMGIDPYHDWKANYQILPGKEKVVSELKSLAKKADHIYLATDLDREGEAIAWHLREVIGGNDDRFSRVVFNEITKNAIKQAFEKPEQLNMDRVNAQQTRRFLDRVVGFMVSPLLWKKVARGLSAGRVQSVAVKLLVEREREIKAFQPEEYWEVAVLTNNQNKQAIRLDVTDYKGKKFDPKNQKEAQSAVDFLNVSDYVVTDLETKPTSSRPRAPFITSTLQQTASTRLGFGVKKTMMLAQRLYEAGYITYMRTDSTNLSQDALNMARSYIENHFGAQYLPEKPNFYSSKENAQEAHEAIRPSDIRALPESLEGMEKDAVRLYDLIWRQFLACQMPPAQYDSSTLTVTAGDYTLKAKGRILRFDGWTKVLPQIGKNPEDQELPSVTVSEKLALKEVQPTQHFTKPPARFTEAALVKELEKRGIGRPSTYAAIISTIQERGYVRTENRRFYAEKMGEIVTDRLNESFGELMNYDFTANMEDTLDKIASGSVNWKTELNQFFKDFSSQLSKAELDELEGGMRPNNLVETDIKCPTCDRNMAIRTASTGVFLGCSGYALPPKERCKTTINLIPEAELLNVLDESSETKALMDRKRCTKCGTAMDSYVIDAHRKIHICGNNPNCDGYLIEEGSFKIKGYDGPVVECDKCGADMHLKLGRFGKYMGCTNCDNTRKILKSGEVAPPKEEPVHFPELKCEKSDAYFVLRDGASGVFMSAHNFPKSRETRPVKIAELVQYRERLPEKLAYLADAPQKDPEENEAIVRFSRKEKKQYVTSEKEGKATKWIVDFTNGKWVERKK,length1,2604
-3,176034,171504,4530,MSDVFELENEIELESDEVIMENENVEEIVDAPMPFSMTTNNGVERGKFRSLTLINWNGFFARTFDLDELVTTLSGGNGAGKSTTMAGFVTALIPDLTLLHFRNTTEAGSTGGSRDKGLHGKLRPGVCYAVLDTINSRHQRILVGVRLQQIAGRDKKVDLKTFSIQGVELSQNPTALFTETVGERQARVLNLNELKDKIENIGAQFKQYHSITDYHGMMFDLGIIPKRLRSASDRSKFYKLIEASLYGGISSAITRSLRDYLLPENLGVRKAFQDMESALRENRMTLEAIKVTQSDRNLFKHLITETTNYVASDYMRNANERRGNIEAALESRREWYKAKAEQNLSQHRLVDLSREAAELAENERTLEVDHQSAVDHLNLVLNALRHQEKITRYQEDIAELTERLEEQKIVVEDANDALEESQAQFEQTEIEIDAVRAQLADYQQALDAQQTRALQYQQAITALEKAKTLCGLADLSVKNVEDYHAEFEAHAESLTETVLELEHKMSISEAAKSQFDKAYQLVCKIAGEIPRSSAWESAKELLREYPSQKLQAQQTPQLRTKLHELEQRYAQQQSAVKLLNDFNQRANLSLQTAEELEDYHAEQEALIEDISARLSEQVENRSTLRQKRENLTALYDENARKAPAWLTAQAALERLEQQSGETFEHSQDVMNFMQSQLVKERELTMQRDQLEQKRLQLDEQISRLSQPDGSEDPRLNMLAERFGGVLLSELYDDVTIEDAPYFSALYGPARHAIVVRDLNAVREQLAQLEDCPDDLYLIEGDPTAFDDSVLSAQELELGVVVQVSDRELRYSRFPEIPLFGRAAREKRLEELQIERDEVAEQHAQIAFDVQKCQRLHEHFSQFVGLHLSLAFQPNPEALMSEINRERNEIDRELNQFNNGEQQLRIQLDNAKEKLQLLNKLIPQLNVLTDEDLIDRIEECREQLDIAEQDEYFIRQYGVTLSQLEPIANSLQSDPENYEGLKNELTQAIERQKQVQQRVFALADVVQRKPHFGYEDAGQAETSELNEKLRQRLEQMQAQRDMQREQVRQKQSQFAEYNRILIQLQSSYDSKYQLLNELIGEISDLGVRADDGAEERARIRRDELHQQLSTSRQRRSYVEKQLTLIESEADNLNRLIRKTERDYKTQRELVVATKVSWCVVLRLSRNSDMEKRLNRRELAYLSADELRSMSDKALGALRTAVADNEYLRDSLRVSEDSRKPENKVRFFIAVYQHLRERIRQDIIKTDDPIDAIEQMEIELSRLTAELTGREKKLAISSESVANIMRKTIQREQNRIRMLNQGLQNISFGQVKSVRLVVNIRDTHAMLLDALSGQQDEYQDLFNDNCITFSEAMAKLYQRINPHIDMGQRTAQTIGEELLDYRNYLELEVEVFRGADGWLRAESGALSTGEAIGTGMSILLMVVQSWEEESRRIRGKDIVPCRLLFLDEAARLDGKSISTLFELCERLDMQLLIAAPENISPEKGTTYKLVRKIAGNQEHVHVVGLRGFGATE,length1,4530
-3,169632,168213,1419,MAKDFSFFIYDYESFGVNPATDRPAQFAGIRTDADFNIIGKPIMFYCKQTNDYLPAPEAVMVTGITPQECNEKGLSEPEFAANILAEFSQPNTCVMGYNNIRYDDEMTRYTFYRNFIDPYEYSWKNGNSRWDLLDLVRACYALRPEGINWAYDDDGMPSFRLEKLTKANGIEHENAHDAMADVYATIAMAKLIKEKQPKLFQYFFENRGKKEIEKLVDTGAMTPLVHVSGMLGNYRGNCTWVAPLSWHPTNQNALIVCDLTGDIDNLLAKSADELRTDLYTKKSELEERGVSSVPLKLVHINKCPILAPAKTLLPETANRLGIDRQLCLDNLAKLRASFDIREKVADIFNEERQFASNDNVETELYNGFFSNADKNNMAILRSLPAEKLSEHGLAFEDKRILELLFHYRARHFYKTLTRAEQIKWQKYRQNKLEKSAVEFQSGLQRLAEEHSDNSEKLSLLQQVYEYGIKLLG,length1,1419
-3,146976,145584,1392,MAFRIEKDTMGEVQVPADKYWAAQTERSRNNFKIGPAASMPHEIIEAFGYLKKAAAFANHDLGVLPLEKRDLIALACDEILANKLDDQFPLVIWQTGSGTQSNMNVNEVVANRAHVINGGKLGEKSIIHPNDDVNKSQSSNDTFPTAMHIAAYKKVVEHTIPCVERLQKTFAAKSEAFKNVVKIGRTHLMDATPLTLGQEFSAYAAQLDFGLKALKNTLPHLSQLALGGTAVGTGLNTPKGYDVKVADYIAKFTTLPFVTADNKFEALAAHDAIVETHGALRQLAMSLFKIANDIRLLASGPRSGIGEILIPENEPGSSIMPGKVNPTQCEAMTMVCAQVFGNDTTIAFVGSQGHFQLNVFNPVMIANFLQSAQLLGDACVSFDEHCAVGIEPNYPRIKQQLENSLMLVTALNTNIGYENAAKIAKTAHKNGTTLREEAINLGLVSAEDFDKWVRPEDMVGSLK,length1,1392
-3,81684,80247,1437,MKKLSSISTALGSFLLSVSFSLPTFANINVSDLTQKLPEGSNVGFIAKNINQNQIIADYNGSTFMLSASTQKVFTAVAAKLALGDQFQFETALLSNGKIQSGNLDGHLIVRFTGDPDLTRGQLYSLLAELKKQGIKKINGDLVLDTSVFSSHDRGLGWIWNDLTMCFNSPPAAANIDNNCFYAELDANKNPGEIVKINVPAQFPIQVFGQVYVADSNEAPYCQLDVVVHDNNRYQVKGCLARQYKPFGLSFAVQNTDAYAAAIIQRQLRQLGIEFNGKVLLPQKPQQGQLLAKHLSKPLPDLLKKMMKKSDNQIADSLFRAVAFNYYKRPASFQLGTLAVKSILQKQGIRFGNSILADGSGLSRHNLVAPKTMLSVLEYIAKNEDKLHLMETFPIAGVDGTISGRGGLISPPLVKNVIAKTGSLKGVYNLAGFMTNARGEKVAFVQFINGYSTGDLESKTKRAPLVQFERNLYNELYKY,length1,1437
-3,33237,31227,2010,MTFSVQHAEIHFNQNHIPVSDQFDDVYFSNENGLAETDYVFLQGNQLWERWITHKEANFVIAETGFGTGLNFFAVTKLFREFRQQHENHPLKRLNFISFEKYPLKITALLQAHLAYPQFEDLSAHLQRYWPSLILGCHRIHFEETTLDLWFGDVSENLPQLGDYMNERINAWFLDGFAPSKNPEMWNDDLYNLMFRFTKPNGSFATFTAASAVRKGLESAGFNVTKRKGFGKKRECLSGLKIQSKSTALSTPWYLAQPAKMEKQDVAIIGGGIASLCAAISLVKRGAKVTIYCEDDALALNASGNKQGAFYPQLSDDNALTVDFYLHAFSYGRQLLDWAIAQNIAFEHEFCGVALCAYNEKSAVKLAKISQLGLPNEIFQMLNAEQLSEKVGLPLNCEGGWIEQGAWLAPRQFVQNAFSFLEKQGVIIKTSQKITALSQLEKGWELKNMQGQKYCHEVVILANGYKITDFVQTEKLPLYPIRGQVSQIPTSENLLKLKSVLCYDGYLTPANQLKTSHCIGASHVRDNVDRHFSEQEQQENQQKLQQNIAQPWTQDVNTSDNLARVGIRCSVRDLAPMVGNVPHFEQQQADYYNLFNLRRRKQPIQSAANFQNIFLIAALGSRGLTSAPLLGETLASIIYGEPLPISEGILHNLSANRAWVKKWLKGSKVE,length1,2010
-2,1799581,1797460,2121,MADVLSRFNSGKLWDFKGGIHPPEMKSQSNSQPLRYLPLGTDFYIPLKQHLGTTGNLLIKEGDYVLKGQALTKGDGLRMLPVHAPTSGTIKSIKPYVATHPSGLDEPTIHLQADGLDQWIERNPIDDFSTLSSEQLIHKIYQAGIAGLGGAVFPTAAKIQSAEQKVKLLIINGAECEPYITCDDRLMRERADEIIKGIRILRYILHPEKVVIAIEDNKPEAISAIRNALQGANDISVRVIPTKYPSGATKQLIYLLTGIEVPSGERSSSIGVLMQNVGTMFAIKRAVINDEPLIERVVTLTGNKIAEKGNYWVRLGTPISQILSDAGYQFDKHFPIFAGGPMMGLELPNLNAPVTKLVNCLLAPDYLEYAEPEAEQACIRCSSCSDACPVNLMPQQLYWFARSEDHKKSEEYALKDCIECGICAYVCPSHIPLIQYFRQEKAKIWQIKEKQKKSDEAKIRFEAKQARMEREEQERKARSQRAAQARREELAQTKGEDPVKAALERLKAKKANETESTQIKTLTSEKGEVLPDNTDLMAQRKARRLARQQAASQVENQEQQTQPTDAKKAVVAAAIARAKAKKLAQANSTSEAISNSQTAENEVEKTKSAVEKTEENSTALDAKKAAVAAAIARAKAKKLAQANSTSEAISNAQTAENEVEKTKSAVEKTQENSTALDPKKAAVAAAIARAKTKKLAKTQATLENNQE,length1,2121
-2,1691530,1689754,1776,MDYSQEAITSLIWILQTLAITSVVFSFGIFLLVRFTQWGRQFWMFAGGYLSPKRSIKPILFFLLIVAMTLLSVRISLVHSEWYKNMYTSLQEFNEHVFWQQMGLFCVIAASSVSAALVSYYLEQRFVINWIEWLNEQLVDKWMAHRAYYKTQYLSENLDNPDQRIQQDVQSYVKTTLSLSTGVIDAVTSMISYTILLWGLAGPMMVLGVEIPHMMVFLVFGYVIFTTLIAFWLGRPLISLNFINELLNANYRYSLIRIKEYAESIAFYAGEKVEKNQLYQQFNAVIHNMWIIVFRTLKFSGFNLVVSQISVVFPLLIQVGRYFEKQIKLGDLMQTLQVFGQLHANLSFFRNTYDNFASYKATLDRLTGFCYAIEKANNKSQTQIHNHPTDVIFKNLSIQNPLGHTLIKHLNITLPQGTSLLIQGKSGAGKTTLLRTIAGLWSYAEGEINCPTHNQLFLSQKPYVPQGNLMSALAYPNNADNISHTQAVEILNKVQLGHLAEQLEKEQDWTRILSLGEQQRLAFARLILHKPAVAFLDEATASMDEGLEFSMYQLLQQELPQTTIISVGHRSTLKTLHQQQLILQDKGQWQVL,length1,1776
-2,1661857,1660501,1356,MPKARAKKSEQTRRYDKNVIKAAQFDISPSDFSRNALNVVEKLQRQGFEAYIVGGCIRDLLLGKKPKDFDVATNARPEQIQNIFQRQCRLVGRRFRLAHIMFGRDIIEVATFRANHSDARNENQAKQSNEGMLLRDNVYGTIEQDAARRDFTVNALYYNPQDNTLRDYFEGIKDLKAGKLRLIGDPVTRYQEDPVRMLRSIRFMAKLDMFLEKPSEQPIRELAPLLKNIPPARLFDESLKLLQAGQGVKTYRLLRQYSLFEQLFPALSAYFTEKEDSFAERMIVTALSSTDERVADKLRINPAFLFAAFFWYPLREKVEILKNEGGLNNHDAYALAGNEVLDLFCRALAVPRRHTAVIRDIWFLQLQLLKRTGSAPMRTMEHPKFRAGFDLLAMRAEIEGGETIELAKWWHEYQFSNGEQREQLIHEQQRLHPKPKKKYYRPRRRKITRSAE,length1,1356
-2,1659448,1658152,1296,MKTKILFFLFFSTFSFSIFAAPITIAIDPGHGGKDPGAISRNLGIYEKNVTLSIAKELKALLDKDPHFRGVLTRKSDYYISVPERSEIARKFKANYLISIHADSSESPDRRGASVWVLSNRRANDEMGQWLEDDEKRSELLGGAGKVLSHNNDKYLDQTVLDLQFGHSQRTGYVLGEHILHHFAKITTLSRSTPQHASLGVLRSPDIPSVLVETGFLSNSEEEKKLNSQTYRRRIAYMIYEGLVAFRSGKTNTLVKDNLVQNIKQNDIKKSGKNNRTSEQNINEDNIKDSGIRHIVKKGESLGSLSNKYHVKVSDIIKLNQLKRKTLWLNESIKIPDNFEIKNKSLTIKENDFHKKQNSSVNNTNKDLKKEKNTQTNNQKNIIPLYHKVTKNQTLYAISREYNIPVNILLSLNPHLKNGKVITGQKIKLREK,length1,1296
-2,1658149,1656262,1887,MPIKILSPQLANQIAAGEVVERPASVVKELVENSLDAGANKIQIDIENGGANLIRIRDNGCGIPKEELSLALARHATSKIADLDDLEAILSLGFRGEALASISSVSRLTLTSRTEEQTEAWQIYAQGRDMETTIKPASHPVGTTVEVANLFFNTPARRKFLRTDKTEFAHIDEVIRRIALTKFNTAFTLTHNGKIIRQYRPAEAINQQLKRVAAICGDDFVKNALRIDWKHDDLHLSGWVATPNFSRTQNDLSYCYINGRMVRDKVISHAIRQAYAQYLPTDAYPAFVLFIDLNPHDVDVNVHPTKHEVRFHQQRLIHDFIYEGISYALNNQEQLNWHTDQSAVENHEENTVREPQPNYSIRPNRAAAGQNSFAPKYYEKPQQNQPHFSNTPVLPNHVSTGYRDYRSDAPSKTEQRLYAELLRTLPPTEQKDISDTAQQNISDTAKIISTEIIECSSHLRTLSLIENRALLLQQNQDFFLLSLEKLQRLQWQLALQQIQIEQQPLLIPIVFRLTEAQFQAWQQYSDNFKKIGFEFIENQAQLRLTLNKVPNVLRTQNLQKCLMAMLTRDENSSPFLTALCAQLECKTFDALADALNLLSDTERLLTQTNRTAFTQLLKPVNWQPLLDEI,length1,1887
-2,1655311,1652368,2943,MTALSALIEQKLQSLGTILCQSFPELSPEKIHEAIQQNSNHPELPVYQLGYAIAMSDFVEKVLQKYPHLVKQWWEKSPCFADCTAYIERLNRELANVHDETALYQTLRQFRNIEMAKLSFCQSLNLATVEEIFVQLSQLAESLIIAARDWLYHQACAEIGTPMDEQGNPQQLYILGMGKLGGFELNFSSDIDLIFTYPSQGETSIENTNARRSVDNGKFFTRLGQRLISALDEFTSDGFVYRTDMRLRPFGDSGALVLSFAAMEQYYQDQGRDWERYAMIKGRVLGVQTKDPNVSKLQKMLRPFVYRRYIDFSVIQSLREMKGKIEREVRRRGLKDNIKLGAGGIREVEFIVQVFQLIRGGREINLQQHSLLKILPEITKLGLITEQQFHDLRESYIFLRRVENILQAINDQQTQTLPTDEIDQIRLVKACKTFTCLNENNQTIEKHYPIENWDDFYRTLQQKQEKVRAVFTQLIGDEQDEPSQTDSQWQDFLEADFEDIEQTLLESGVSENNIDEVLEKLAQFKDGLNHRVIGSRGRDVLSHLMPTVLALIFEQENYRTLLPRILNIIEKISSRTTYLELLLENPRALQQVIELCAQSQLISEQLARYPILLDELLNTEALRHPLPFTQYPAELHQYLLRLPPDDEEQIIDALRQFKQATLLKVAAADILGALPVMKVSDHLTYLAESIIEVVVNLAWKQVSSRFGVPEHLQNNEKGFLVIGYGKLGGIELGYKSDLDLVFLYDAVENQTTGGKKVIDSNQFYLRLAQKIVSIFSINTSAGVLYEADMRLRPSGDAGLIGCSLSAFSHYQLNDAWTWEKQALVRARPVFGESSLKAKFEHIRQQVLSASRDIEQLKQDVVEMRKKMFAHLSHSKHSEFNLKTDRGGITDIEFIAQYLMLANAPKKPQLTKWSDNVRIFDDIAEAKIISQTDCDTLKQCYVDLRNAIHHLNLIGKSPVVDETEFVKERSFIQAFWDRLFVS,length1,2943
-2,1624183,1622806,1377,MAELLSNTMLLMVCVTIGAISLGTLCAFLLERYRFFGKAFFEVAMTLPLCIPAFVSCFTWISLTFRVEGFWGTIGIMTLSSFPLAYLPVSAILKRLDRSLEEVSLSLGKSPVYTFWYVIFPQLKPAIGSSILLIALHMLIEFGAVSILNYQTFTTAIFQEYEMSFNNSTAALLSAVLMAICILIVFGEIFFRGKQTLYHSGKGVTRPYLVKTLSFGKQCLTFGFFSSIFILSIGVPVIMLIYWLIVGTSLESAGDFSEFLSAFSNSFIISGLGALLTVMCALPLVWAAVRYRSYLTIWIDRLPYLLHAVPGLVIALSLVYFSIHYANDLYQTFFVIIIAYFMLYLPMAQTTLRASLEQLSDQIEKVGQSLGRSPFYIFRTLTLPAILPGVAAAFALVFLNLMKELTATLLLTSNDIKTLSIAVWEHTSDAQYAAATPYALMLVLFSGIPVFLLKKYAFK,length1,1377
-2,1616326,1613956,2370,MEHSVHNKLVSFIWSIADDCLRDVYVRGKYRDVILPMFVLRRLDTLLEPSKDAVLEEMRFQKEELAFTELDDLPLKKITGHVFYNTSKWTLKSLYQTASNTPQYMLANFEEYLDGFSTNIHEIINCFKLREQIRHMSHKNVLLSVLEKFVSPYINLTPKEQQDPEGNKLPALTNLGMGYVFEELIRKFNEENNEEAGEHFTPREVIELMTHLVFDPLKDQIPAIITIYDPACGSGGMLTESQNFIEQKYPLSESQGERSIFLFGKETNDETYAICKSDMMIKGDNPENIKVGSTLATDSFQGNHFDFMLSNPPYGKSWSKDQAYIKDGNEVIDSRFKVTLPDYWGNVETLDATPRSSDGQLLFLMEMVSKMKSPNDNKIGSRVASVHNGSSLFTGDAGSGESNIRRHIIEKDLLEAIVQLPNNLFYNTGITTYIWLLSNNKPEARKGKVQLIDASLLFRKLRKNLGDKNCEFVPEHIAEITQNYLDFTAKARETDSQNETVGLASQIFDNQDFGYYKVTIERPDRRSAQFTAENISPLRFDKALFEPMQYLYRQYGEQIYNAGFLAQTEQEITAWCEAQGIALNNKNKTKLLDVKTWEKAAALFQTASTLLEHFGEQQFDDFNQFKQAVECRLKAEKIPLSATEKKAVFNAVSWYDENSAKVIAKTLKLKPNELDALCQRYQCQADELADFGYYATGKAGEYILYETSSDLRDSESIPLKQNIHDYFKAEVQAHISEAWLNMESVKIGYEISFNKYFYRHKPLRSLAEVAQDILALEKQADGLISEILEA,length1,2370
-2,1600075,1597840,2235,MNILINKRIFLLVTLVGIQLNVTAKQNSSNSNREELLPIIVNTNDDSNKLPGRSVLKQKNIEQQQADNAANLINILPGVNMAGGFRPGGQTLNINGMGDAEDVRVQLDGATKSFEKYQQGSIFIEPELLRRVTVDKGNYSPQYGNGGFAGTVKFETKAARDFLQENQKIGGFLKYGNNSNNNQKTYSTALVLQNEQKNIDLLLFGSVRNAGDYKRPDNSKILFSKNNQKTGLIKVNWQISPEHLLTLSSVYGIHKGWEPFAAKRDILPKPSSGDIMRYGADIAWKRKLVYRDQKDKNYTLKYNYLPENNPWINLSTQFSYSKTTQNDTRPEKAPPVFLGTLGNQSWITYSDLTFDINNTSTFNIKSTRHELLFGLQWLKNTRNTLMYDKSKVKKEDYNYGYFQPYYMPSGRQYTQALYLQDQITWKNIIFSTGVRYDHINNIGQKNFAPQYNDISVGQNYSQKNYNGWSYYLGLKYDVNHYLSLFTNFSRTWRAPVIDEQYETQYKQSSGPVTATSLNLEKEMINQTRVGGIITLNHLFQENDVFQFRTTYFYNRGKNEIFKTRGVNCVGNAADTNHVCPKIIGNYRNLPGYVIQGAELEAYYQSTYLFGEITYSYVKGKRDTSPRNPWGKTSTWIAEIPPRKATTALGFNIPKYNFTAGWRAEFVRRQDRSPLSGDPEAKYWSLPASRGYSLHNLFLSWSPAKIKGMNIKITVDNLFNRAYNPYLGELASGTGRNIKFSLSQKF,length1,2235
-2,1526929,1525486,1443,MIMEFEFSKMLEEVLTWIVAHLDGPLWDATIIILLGTGLFFTITTGFVQFRLFPASLREMWFGRSVEGSSLTPFQAFTTGLASRVGVGNIGGVATAIALGGEGAVFWMWVTAFIGMSSAFAESTLAQLFKIQDKDGSFRGGPAYYIVQGLKSRCMAVAFALALIFTFGFAFNSVQANSIVEATSNAWNWKGEYVGISLVILTALIIFGGVKRIAIISSNLVPMMALFYLIMAVIILGMHIDMIPSVIHRIVQSAFSFDAAAGGMFGALVSKAMMMGIKRGLFSNEAGMGSAPNSAAAAHVKHPVSQGLVQMLGVFVDTMIVCTCTAVIILLSNNYGSETLKSISLTQNALQYHIGEFGVHFLAFILLLFAYSSIIGNYAYAESNIRFIKNKPWFVLLFRLMVLFFVYFGSVRSGNVVWNFADTVMAVMAIINLIAILMLSPIVWKLMKDYQHQLKEGKTPEFKIDDHPELRKKIFDSRIWK,length1,1443
-2,1494205,1492162,2043,MSMSNPLLNIQALPPFSQIKPEHIQPAVEKLIQDCRNTIEQVLKQPHFTWENFILPLTETNDRLNRAWSPVSHLNSVKNSAELREAYQECLPLLSEYSTWVGQHKGLYNAYLALKNSAEFADYSIAQKKAIENSLRDFELSGIGLSEEKQQRYGEIVARLSELNSQFSNNVLDATMGWEKLIENEAELAGLPESALQAAQQSAESKGLKGYRFTLEIPSYLPVMTYCENRTLREEMYHAYATRASEQGPNAGKWDNSKVMEEILTLRVELAKLLGFNTYTELSLATKMAENPQQVLDFLDHLAERAKPQGEKELQELKNYCEKEFGVTELAPWDIGFYSEKQKQHLYAINDEELRPYFPENRVISGLFELIKRIFNIRAVERKGVDTWHKDVRFFDLIDENDQLRGSFYLDLYAREHKRGGAWMDDYIGRKRKLDGSIQTPVAYLTCNFNAPIGNKPALFTHNEVTTLFHEFGHGIHHMLTQIDVSDVAGINGVPWDAVELPSQFMENWCWEEEALAFISGHYETGEPLPKEKLTQLLKAKNFQAAMFILRQLEFGIFDFRLHHTFDAEKTNQILDTLKSVKSQVAVIKGVDWARAPHSFSHIFAGGYAAGYYSYLWAEVLSADAYSRFEEEGIFNPITGKSFLDEILTRGGSEEPMELFKRFRGREPQLDALLRHKGIMN,length1,2043
-2,1491928,1490386,1542,MAAAIQQRAELQRRIWQIANDVRGSVDGWDFKQYVLGTLFYRFISENFANYIEAGDESVNYAQLPDEIITPDIKTDAIKTKGYFIYPSQLFKNVVATANTNPNLNTELKQIFSDIENSATGYPSEQDIKGLFADFDTTSNRLGNTVTDKNSRLAAVLKGVAELDFGDFEDNHIDLFGDAYEFLISNYAANAGKSGGEFFTPQCVSKLIARLALYGQDKVNKIYDPAAGSGSLLLQAKKQFDEHIIEEGFFGQEINHTTYNLARMNMFLHNINYDKFDIALGNTLMEPQFGDDKPFDAIVSNPPYSVKWAGSDDPTLINDERFAPAGVLAPKSKADFAFILHALSYLSAKGRAAIVSFPGIFYRGGAEQKIRQYLVDNNYVDAVIALAPNLFFGTSIAVNILVLSKHKPNTQTQFIDASGLFKSATNNNILEEEHIEQILKLFADKEDVPHLAKSISFEEIAQNDYNLAVSSYVEQKDTREVINIDELNAQIRKTVANIDRLRAEIDKIVAEIEG,length1,1542
-2,1473118,1471654,1464,MSLRIKQEALTFDDVLLVPAHSTVLPNTANLSTQLTKEIRLNIPMLSAAMDTVTETKLAISLAQEGGIGFIHKNMTIERQADRVRKVKKFESGIVSEPVTVLPNLTLAELAEMVKKNGFAGYPVVDEENNLIGIITGRDTRFVKDLSKTVSQVMTKKEDLVTVKEGASREEILELMHQHRVEKVLVVNDSFKLKGMITVKDFQKAEQKPNACKDEFGRLRVGAAVGAGAGNEERIDALVKAGVDVLLIDSSHGHSEGVLQRVRETRAKYPNLPIVAGNVATAEGAIALADAGASAVKVGIGPGSICTTRIVTGVGVPQITAIADAAAALKDRGIPVIADGGIRFSGDIAKAIAAGASCVMVGSMFAGTEEAPGEIELYQGRAFKSYRGMGSLGAMAKGSSDRYFQSDNAADKLVPEGIEGRIPYKGYLKEIIHQQMGGLRSCMGLTGCATIDELRTKAEFVRISGAGIKESHVHDVAITKEAPNYRMG,length1,1464
-2,1430320,1428178,2142,MRFSKLSLAIATTLVTANVLAQSTELDSINVIATRDPSKFAYTPEKQSKDSLLSKQATSVAAALEDIPNVDIRGGSRSIAQKPNIRGLSDNRVVQVIDGVRQNFDLAHRGSYFLPMSLIQEIEVIKGPSSSLWGSGALGGVVAMRTPNALDLLKNNDKFGVKIRQGYQTANNLSERDASVFAANDKFDVLISAFYNNADNLRIGKGNKLNNTAYKQFGGLAKFGWQINDANRVELSHRETRFKQTAPSNNEVENELTNEQIKKQIGEFHGSNNSLPQRKPSASETSAFYSKVKTRFGSVSYLSDQQIPDQSTVFNYYLTPDNPYLNTHIALYNNKTIEKEQRKVSGVKDQTKLTTRGINLRNSSELSHISFVYGVDYMRDKISTERGTNSSDAQFRAEPYNANSNTTGVYLIAHIPLFGEKLLLSPSVRYDHYDTSSKTVKYKDKHLSPATKLTWKVTNWLDFSAKYNEAFRAPSMQERFVSGSHFGANILGKDEINRFVANPNLRPETAKNKEITANLHFDSLFKQGDKFKIEATYFRNDVKDLINLKIFNNPNAPNANGALLPTNSQYQNIANARLSGIELQAQYQTERLTLFTNYGSTKGRDKDSGEALSNIAASKIGVGADYALVKDKFTVGATVTHYAAQHRVPKDHAVTYPSYILTDLRATYAPLKGEWKNLRLDFALENLFDRKYQPAFSLMEGTGRNAKISAVYSF,length1,2142
-2,1428094,1426402,1692,MKMRPRYFVIASAVSLGFVLSKSVMALVPNAGSLNRELEQRQIQPEAKPSGELFNQAAKSPYTAQYKQELKFPLTQVQILDRNNQEVAADELAHILKNYVGKEVSLSDLSNLANEISEFYRHNNYLVAKAILPPQEIEQGTVKILLLKGNVGEIRLQNHSALSNKFVSRLSNTTVNTSEFILKDELEKFALTINDVPGVNAGLQLSAGKKVGEANLLIKINDAKRFSGYVSVDNQGNKYTGRYRLAAGTKVNNLTGWGDELKLDLLSSNQANLKNARIDYSSLIDGYSTRFGVTANYLHYKLGGNFKSLQSQGHSHNLGAYLLHPTIRTPNFRLSTKVSFNHQNLTDAQQAVTVKQKRKINSLTVGIDGSWNLIKDGTTYFSLSTLFGNLANQTDEKKHNAVENFQPQSHFTVYNYRLSHEQILPKSFAFNIGINGQFADKTLESSQKMLLGGLSGVRGHQAGAASVDEGHLIQTEFKHYLPVFSQSVLVSSLFYDYGLGKYYKNSQFLAKGVKNSVKLQSVGAGLSFSDAGSYAINVSVAKPLDNNINNADKHQFWLSMIKTF,length1,1692
-2,1393483,1392223,1260,MHLTELKNTPVSDLVKLGEEQMGLENLARLRKQDIVFAILKQHAKSGEDIFGGGVLEILPDGFGFLRSADSSYLAGPDDIYVSPSQIRRFNLQTGDKIEGKIRPPKEGERYFALLKVDQVNDDKPEVSRSKILFENLTPLHANSRLRMERGNGSTEDLTARILDLASPIGKGQRGLIVAPPKAGKTMLLQNIAQSITHNYPDVELIVLLIDERPEEVTEMQRSVKGEVIASTFDEPATRHVQVAEMVIEKAKRSVEHKKDVVILLDSITRLARAYNTVTPASGKILSGGVDANALHRPKRFFGAARNVEEGGSLTIIATALVDTGSKMDEVIFEEFKGTGNMELHLSRKIAERRVFPAIDFKRSGTRKEDLLTTSDELQKMWILRKILNPMDEVDAMEFLIDKLMMAKTNEEFFEVMKRS,length1,1260
-2,1360327,1359043,1284,MDKNQQSSQNELDLGLNQEPITPKKTIQPSSSILGKAKGLFAKKNHVQTNFQQRKEPTFGDSSTQENDPLIPSENLKKVQKPVLQTSSTEENISAVDEEISAENNADEPVEKAEKPILAQPEKWKILQVLPAKHRRLFMAIFVLVILLIIFFALKPSSDTVESFTQSNSNEVPVQFQSLDQSQPLETTILDNPPAQNQMAVEQANQSEFAPKAEEAANNTTAQNPLVENAPMQQNVVQSPSQMPNEMAAASVMPMQPAQAEQPKATVPVQPMKKAVEPQVAHKDTVKKEVKVAENAQAPSKATEQNVAKTAGNAPIVEAKPVQVKKEKKVQIVDAKPVSKSAASRLSAKTLTVPKGVSLMQVFRDNQLNISDVNAMSKAAGAGNVLSSFKSGDKVTVSVNNQGRVNEMRLSNGARFVRQSDGSYQYKK,length1,1284
-2,1310593,1308673,1920,MDYENQIANIFSLNGELSQNIKGFRPRAEQLEMAHAVGKAIQNKSSLVVEAGTGTGKTFAYLAPTLVFGKKTIISTGSKNLQDQLFNRDLPAIKKALNFTGKIALLKGRANYLCLERLDQVIAQGVLGDKSVLAELSKVRKWNNSTKTGDFTECIELAEDSPIIPQLTSTAESCLGTDCPNYSECYVASARKKALNADLVVVNHHLFFADMAVKESGFGELIPNAEVIIFDEAHQLPDIASQYFGQSLTSRQLFDLCKDINIVYRTELKDMQQLGTTSDTLLKVVQDFRLLLGNGSNVRGNWRELYRQSAVKKAFELLQEKIDFLSEVIKLALGRSQTLDSIFERVESIKIQLKRLSETNIVGYCYWYEGNGRQFGLHITPLTVADKFGAQLEAKEAAWIFTSATLEVGGTFNHFCQRLGIENATQKILYSPFNYPEQSLLCVPRYLPNTNQVNTLNSLGEMLLPVIEANKGRCFVLCTSYSMMRGLAEYFRETSHLSILLQGETSKGKLLEQFIKETHSVLVATSSFWEGVDVRGDALSLVIIDKLPFTAPDEPLLKARIEDCRLQGGDPFNDIQIPEAVITLKQGVGRLIRDITDRGVVIICDNRLVMRNYGETFLKSLPNSSRTRDLNKVIQFLQNK,length1,1920
-2,1288537,1287112,1425,MPVQHVKLARDRRKKRTYIKVGVFFVAILLILTGILLTIKDKSEENPIFSTSDSGEYHELNTSPNKNSTALQPDEDATSYDDELQAKDDEVDEVKLSSDDLGTLPQHAQDALNGLLDAADQAIRITDQFSYTVTEGDTLKDVLVLSGLDDSSVQPLIKLDPELAHLKAGQQFYWILNKNDNLEYLNWLVSEKEERIYERLEDGKFKRQVIEKKSIWRKEVLKGEIQNSLNSSLREQGLDTRQISQLSNALQWQVSLRKLKKGTQFAILVSREYLGDKLTGQGNVEALRISSGGKNYYAVQAANGRYYNQQGETLGKGFARYPLQRQARVSSPFNPNRRHPVTGRVRPHKGVDFSVSQGTPVIAPADGTVEKVAYQAGGAGRYVMLRHGREYQTVYMHLSKSLVKAGQTVKKGERIALSGNTGISTGPHLHYEFRINGRAVNPLTVKLPGTSSGMTSAERKQFLVRVREAEKMLKP,length1,1425
-2,1284187,1281382,2805,MKRMLINATQKEELRVALVDGQRLFDLDIESPGHEQKKANIYKGTITRVEPSLEAAFVDYGAERHGFLPLKEIAREYFPDDYVFQGRPNIRDILTEGQEVIVQVNKEERGNKGAALTTFVSLAGSYLVLMPNNPRAGGISRRIEGDERTELKEALSSLDVPEGVGLIVRTAGVGKSPEELQWDLKVLLHHWEAIKQASQSRPAPFLIHQESDVIVRAIRDYLRRDIGEILIDSPKIFEKAKEHIKLVRPDFINRVKLYQGEVPLFSHYQIESQIESAFQREVRLPSGGSIVIDVTEALTAIDINSARSTRGGDIEETALNTNLEAADEIARQLRLRDLGGLVVIDFIDMTPIRHQREVENRIRDAVRPDRARIQISRISRFGLLEMSRQRLSPSLGESSHHICPRCQGTGKVRDNESLSLSILRLLEEEALKENTKQVHTIVPVQIASYLLNEKRKAISNIEKRHNVDIIVAPNEAMETPHFSVFRLRDGEEVNELSYNLAKIHCAQDENTEESLLSRNVETTAVIEQPAVESAVVALSISEAAPTPVERKSNEPSLLAKIIAKIKGLFATKSEENKPKNNRTSRNPNRNQRRSQDRRSSRRPRSENNETERTEEQVRNVRERNQRRPRRNLVEESIAESAVNSTPVFEAKEERTEPVTQRRQRRDLRKRVRVEDNETVVENNFSTTEKMPEVDVITVQNNDEKPVHQNQRSERQERQRRTPRHLRAANNQRRRRNQEPKSPMPLFAAVVSPELASGKAWIDYSTVNLPKENHFLSVDELLEQEKTKKGFITPAMGIVVEEKSPDVKPALDFITQPANESVQKKVQESLDRLSSYKPQEVVESIDPAINVDEPETLEKVSKFVRTYEFNGRLGTISSVPHTKAEMTLAKANDEMPEAFPIRAWQDSRYYFYGKGAAGHHCAISHVYSEPTRAKSE,length1,2805
-2,1258834,1256242,2592,MRIAKLILNTLLTLCILGLVAGGMLYFHLKSELPSVETLRTVELQKPMQIYTADGKLIGEVGEQRRIPVKLADVPQRLIDAFLATEDNRFYDHHGLDPIGIARALFVAVSNGGASQGASTITQQLARNFFLTPEKTIIRKAREAVLAVEIENTLNKQEILELYLNKIFLGYRSYGVAAAAQTYFGKALNELTLSEMAIIAGLPKAPSTMNPLYSLKRSEERRNVVLSRMLDEKYISKEEYDAALKEPIVASYHGAKFEFRADYVTEMVRQEMVRRFGEENAYTSGYKVFTTVLSKDQAEAQKAVRNNLIDYDMRHGYRSGAPLWQKNEAAWDNDRIVGFLRKLPDSEPFIPAAVIEIAKGGADILLASGEKMTLSTNAMRWTGRSNPVKVGEQIWIRQRANGEWQLGQIPAANSALVSLNSDNGAIEAVVGGFSYEQSKFNRATQSLVQVGSSIKPFIYAAALEKGLTLSSVLQDSPISIQKPGQKMWQPKNSPDRYDGPMRLRVGLGQSKNMIAIRAIQTAGIDFTAEFLQRFGFKRDQYFASEALALGAASFTPLEMARAYAVFDNGGFLIEPYIIEKIQDNTGKDLFIANPKIACIECNDIPVIYGETKDKINGFANIPLGESALKPTDDSTNGEELDQQPETVPELPELQSNFTALKEDAIDLMAAAKNASSKIEYAPRVISGELAFLIRSALNTAIYGEQGLDWKGTSWRIAQSIKRSDIGGKTGTTNSSKVAWYAGFGANLVTTTYVGFDDNKRVLGRGEAGAKTAMPAWITYMKMALSDKPERKLPLPPKIVEKNIDTLTGLLSPNGGRKEYFIVGTEPTRTYLSEMQERGYYVPTELQQRLNNEGNTPATQPQELF,length1,2592
-2,1227751,1226470,1281,MQTIIWNHLSETEKRKVIMRPVQQNGENIQQAVNAIRENVAYNGDRALFELCEKFDGVKLDKLIVSADEIQAASSRISVKLRNAIEQAKTNIEAFHKAQQNQEIDLEIQEGVRCQVVTRPISCVGLYIPGGSAPLFSTVLMLAIPAKIAGCKKIVLCSPPPISDEILYTAHLCGVETIYAIGGAQAVFAMAQGTESVAKVDKIFGPGNAFVTEAKRQVAQNSTAIDMPAGPSEVLVIADESADPEFVASDLLSQAEHGADSQVILVATCETLAKETALAIERQLALLPRAETARKALNHSRIFIAESLEQAVEISNEYAPEHLIVQTKNARKLLPYLDNAGSIFLGAYSPESMGDYASGTNHVLPTYGYTKTYSSLGLADFSKRMTVQELTPKGFKNLAETVEVMAEAEQLAAHKMAVSVRLAKLNI,length1,1281
-2,1204432,1203139,1293,MLNFAYQEHVRSYYFDSRNQDFQFPPLTQIEYADVCVIGAGFFGLSAALELAEKGKKVIVLEGARVGFGASGRSGGQAINGFEEGIDEYVKQVGEDKAHKLWNMSLETIDIIDERIEKYGIQCDWKKGYATLALNERRMDDLIEMEKESHKNFGYQNMQLWDKTKLKQHLGSDIYVGGLFDSNSGHLHPLNYCLGLAKACVDLGVQIFEQSPVVDMVEKNGCVEVKTAKSAVISQDVILATNAYIDALPKSIHHGINRKILPVESFIIATEPLSQAVADSVINNGMSVCDNNLLLDYYRLSADNRLLFGSDSSSEKDMVAIMRKNMLCVFPQLENVKIDYGWAGPIDMTLNSTPHFGRISPHIYFAHGYSGHGVALTGLAGRIVAEAILGDDERLSIFEGLKVPSVYGGRIIKDLATKIGVQYYKFLDKYR,length1,1293
-2,1167505,1165726,1779,MKGSIPRPFIDDLLTKSDIVDVINTRVKLKKAGRDYQACCPFHHEKTPSFTVSQKKQFYHCFGCGAHGNAISFLMDYDKLEFIEAIEELAAMAGLEIPYEKRANHSGKPQANYQTKRNLYELMQEIATFYQNQLPLNTQAQEYLQQRGLSPEIIERFQIGFVPNAMDTVLRKFGVNREEQQKLIELGMLSRNDRGNIYDKFRNRIMFPIRDKRGRTVAFGGRVLTDEKPKYLNSPETITYHKGKELYGLYEALQTNDEPKQLLVVEGYMDVVALAQFGVDYAVASLGTSTTSEQIQLIFRSTEQVVCCYDGDRAGRDAAWRALENALPYLEDGRQLKFIFLPDGEDPDTYIRQYGKEKFEEYIESAQSLSEFMFAHLSPQVDFSTKEGRGKLVALAAPLIHQIPGEMLRLSLRNMLAQKLGIFDQTQLENLIPKQLEQANTQQKVTHNKIKKTPMRMVISLLLQNPELVKRMSESGVQALRAEAGFEILEKLTALCRQREGITTGQILEYFRNTSYSNPLEILATWDHLLDESDIINAFSQNYRRLNIQAIERDIEMLIAKERTEGLTNEEKTVLVHLLAGKEQQKKQLVNPL,length1,1779
-2,1165666,1163785,1881,MSIKMEKNQQSTAEQYSEQIEQLMELGRTQGYLTFAEINDLLPEDAIDPEYYDKLLQTLQNDAGIPVLDEAPESDDMMLSDTIPDEDAVEEATQILSNVESEIGRTTDPVRMYMREMGTVDLLTREDEISIAKRIEGGIDEVQTSIAAYPEALNGLLKNYDDVEKGNFRLTDLITGFVDPNAEIEEHNGLDEDFSDEDDEEESSNADVEDNESESTSDSSDSDNSIDPEVAREKFQQLREQHSKTLAVIEKHGRSGKRAQDQIALLGEIFKQFRLVPKQFDLLVLSMKEMMKRVRYQERQLQKILVDIAGMPKDDFEKIITTNGSNSEWVAKALKSSKPWAKRLIKYEDRIYEALNNLAITEENTKLTITQMRDICDAVARGEQKARRAKKEMVEANLRLVISIAKKYTNRGLQFLDLIQEGNIGLMKAVDKFEYRRGYKFSTYATWWIRQAITRSIADQARTIRIPVHMIETINKLNRISRQLLQEMGREATPEELAERMGMPEDKIRKVLKIAKEPISMETPIGDDDDSHLGDFIEDSTLELPLDSATAQSLKVATHEVLEGLTPREAKVLRMRFGIDMNTDHTLEEVGKQFDVTRERIRQIEAKALRKLRHPSRSETLRSFLDE,length1,1881
-2,1099777,1098250,1527,MDASKKKKTFNFPSAFTILFAILILAVGLTWVIPSGSYSKLTYNSTDNVFVVKAYGVDDKTYPATTDTLDNLNIKIKLSNFTEGVIKKPIAIPGTYQRVEQHHKGIEDITKSMVEGTIEAVDVMVFIFVLGGMIGVINRTGSFNAGLMALVKKTKGNEFFIVFCVSVLMVLGGTTCGIEEEAVAFYPILVPVFLALGYDAIVCVGAIFLAASMGTAFSTINPFSVVIASNAAGIQFTEGIGFRALGLVLGATCVIAYLYWYCKKIKADPSFSYTYDDREEFRQRYMKNFDPNTTIPFSARRKLILTLFCISFPIMIWGVMVGGWWFPQMAASFLAITIIIMFISGLSEKDVVESFTEGASELVGVSLIIGLARGVNLVLEQGMISDTILDYMSNVVSGMPGSVFILGQLVVFIFLGLIVPSSSGLAVLSMPIMAPLADSVGIPRDIVVSAYNWGQYAMLFLAPTGLVLVTLQMLHIPFDRWVKFVMPMIGCLLLIGSILLVVQVSLYSV,length1,1527
-2,1090138,1088167,1971,MMNRRHFIQIGATSILALSANRFAMAKGKSDVDLRIVATTDVHSFLTDFDYYKDAPTDKFGFTRAASLIRQARAEVKNSVLVDNGDLIQGNPIADYQAAQGYKEGKSNPAVDCLNAMNYEVGTLGNHEFNYGLNYLADAIKQAKFPIVNANVVKAGTEEPYFTPYVIQEKSVVDNQGKTHKLKIGYIGFVPPQIMVWDKANLQGKVETRDIVKTAQKYVPEMKKKGADIVVALAHTGPSDEPYQEGAENSAFYLADVPHIDAVIFGHSHRLFPNKEFAKSPNADIVNGTVKGVPESMAGYWANNISVVDLGLTEHKGKWIVTSGKAVLRPIYDIETKKALAKNDPEITALLKPVHEATRKYVSQPIGKATDNMYSYLALVQDDPTIQIVNQAQKAYVEKVAPSVAAMAGLPILSAGAPFKAGGRKNDPTGYTEVNKGELTFRNAADLYLYPNTLVVVKATGEQLKEWLECSAGMFKQIDPTSDKPQSLIDWEGFRTYNFDVIDGVNYEYDLTKPARYDGECKLINPESHRVVNLTYQGKPVDPKAEFLIATNNYRAYGNKFPGTGDQHIVYASPDESRQILADYIKATSEKEGSVNPNADKNWRFVPITGNDKLDVRFETSPSEQAAKFIAEKAQYPMKQVGTDEIGFAVYQIDLSK,length1,1971
-2,1076365,1074997,1368,MQLSTLTALSPLDGRYQDKVTPLRAIFSEFGLMKFRVVVEVRWLQKLASTADITEVPPFSTQANAFLDGIVANFNEADAARIKEIERTTNHDVKAVEYFLKEKIQNEVELVNVSEFIHFACTSEDINNLSHALMLSTARDEVILPEWQKLIDEITRLAEEYKTIPLLSRTHGQPASPSTVGKEMANVVYRLKRQFKQLQNAEILGKINGAVGNYNAHLSAYPNIDWHKFSEEFVTSLGIQWNPYTTQIEPHDYIAEFFDAVVRFNTIIIDFDRDLWGYIALNHFKQRTIAGEIGSSTMPHKVNPIDFENSEGNLGLANAVMTHLGQKLPISRWQRDLTDSTVLRNLGVGLGYCLIAYASTRKGMSKLEVNQPHLLEELNQNWEVLAEPIQTVMRRYGIEKPYEKLKELTRGKRVTEQAMREFIDKLDIPQEEKLRLQKLTPATYIGAAVELVEKLS,length1,1368
-2,1073647,1072279,1368,MTKKALSAVILAAGKGTRMYSDLPKVLHTIAGKPMVKHVIDIAHQLGSENIHLIYGHGGDLMRTHLANEQVNWVLQTEQLGTAHAVQQAAPFFKDNENIVVLYGDAPLITKETLEKLIEAKPENGIALLTVNLDNPTGYGRIIRENGNVVAIVEQKDANAEQLNIKEVNTGVMVSDGASFKKWLARVGNNNAQGEYYLTDLIALANQDNCQVVAVQATDVMEVEGANNRLQLAALERYFQNKQASKLLLEGVMIYDPARFDLRGTLEHGKDVEIDVNVIIEGNVKLGDCVKIGAGCVLKNVVIGNDVEIKPYSVLEDSIVGEKAAIGPFSRLRPGAELAAETHVGNFVEIKKSTVGKGSKVNHLTYVGDSEIGSNCNIGAGVITCNYDGANKFKTIIGDDVFVGSDTQLVAPVKVANGATIGAGTTITRDVGENELVITRVAQRHIQGWQRPIKKK,length1,1368
-2,1050862,1049206,1656,MRKNGFVVMGHLLKLVTPLAHIMAFTITMGTLGFLAAIFIMVFGAMGLVNLLNFDTHLSFSGILTALIVLAVARGALRYLEQMSGHYIAFKLLALLRDKVFSSLRRLAFVKLQDKQAGQLVSLVTNDIELLEVFYAHTIAPIMIAFFTSAILLLVFAQLSSWFVLVALAAYLTVGVILPIITTKLAREDGRRYRELVGEMNDFFLDSVRGMKEIQLFGYAQQRLAEIQQRSQKIDMAFERIKDQEAKVRVYTEVAVSVFNIIMLFTGLILFSLDKIDFAAFLIGVILLMSSYGPVIALSNLSSNLLQTLASGERVLSLLAEEPELKDVESAVDLKEVSRIDVENLNFAYGEEQILSGVSLSVKKGEILGIHGRSGSGKSTLLKLLMRFYDPKSGSIKINGETLPNINTRSLRDNMAYITQQTYIFNETIEENIRLARRDATLEEIMEAAKKASIHDFILSLPQGYQTKMTELGGNLSDGEKQRIGIARAFLHNAPIILLDEPTSNLDSLNEAMILKSLLNVKAEKLIILVSHRQSTMAICDQVIGIENGRMS,length1,1656
-2,1029676,1028236,1440,MFGPFKPAPHIAELPAEKIDSTYKRLRWQVFAGIFFGYAAYYFVRANFDLAQPGLIQAGLYSKAELGVIGSAAGLAYGLSKFVMAGMSDRSNPRVFLPFGLLLSGLCMTLMGLFPWATSGIAIMWVMIFLNGWFQGMGWPPCGRTMVHWWSKSERGTIVSIWNTAHNIGGMVPGAMVLLASAIFFSTHGIEAQAKDVWQQSLYFPGIAAMIFAIPVYFVMRDTPQSCGLPSIEKWRNDYPDDYNEKTYENDLTAKEIFVTYVLKNKLLWYIAIANVFVYLIRYGVLKWSPVYLSEVKHFNIKGTAWAYTIYELAAVPGTLLCGWVSDKVFKGKRGLTGFIFMILTTAAVVAYWMNPATPEAELANYSAWYENPYQLTDFVLMTLIGFLIYGPVMLIGLHALELAPKKAAGTAAGFTGLFGYLGGTVSASAVIGWAAQHYGWDGGFYVMIGGGVLAVLLLLIVMVEEGKHKAKLGDTYGTK,length1,1440
-2,1006825,1004242,2583,MISEENFQQHTPMMQQYLKLKAENPDILLFYRMGDFYELFYDDAKKAAALLDISLTKRGQSAGQPIPMAGMPYHAVEGYLAKLVQLGESVAICEQIGDPSTSKGPVERQIVRIVTPGTVSDEALLPERQDNLIAAVYQEKEKFGLATLDMTSGRFQLCEPADKETLRAELQRIVPVELLYCEEFNEMAAIEHCKGLRRRPIWEFELSTAITLLNRQFGTKDLRAFGVEKSPLGLSAAGCLLQYAKETQRTALPHIQSISLIQNQDCIQLDAATRRNLELTQNLSGGTENTLASVLDKCVTPMGSRLLKRWIHQPIRDVEKLKQRQQAIAEILNFDLVDELQPYLQLVGDMERILARVALRSARPRDLTRLRTALEQIPALRTIVQQKTSPFLTALFSQIADFSEQWDLLQRALIETPPLLIRDGGVIAEGYHAELDEWRMLSDGATQYLENLEKRERESTGIDTLKIGFNAVHGYYIQISQGQAHKAPIHYVRRQTLKNAERYIIPELKEYEDKVLKSKGAALALEKQLYDELFDLLLPHLGSLQLASLALSELDVLVNLAECADTLNYVMPTFCDEVSVKIENGRHPVVEQVLKDPFIANPVELNHNRHLLIITGPNMGGKSTYMRQTALITLLAYIGSFVPADSARIGPIDRIFTRIGASDDLASGRSTFMVEMTEMANILHQATEQSLVLIDEIGRGTSTYDGLSLAWACAEWLAKKIRSLTLFATHYFELTALPEQLEGIANIHLDALEHNNTIAFMHAVQDGAASKSYGLAVAALAGLPQSVIKLAKQKLTQLEKNSSYSAEQQIQALREANHNQGELLFEQETDALREAIEKLDPDDLSPKQALAYLYQLKKMVG,length1,2583
-2,1002652,1000795,1857,MIIVTSGHVDHGKTVLLKALTGTSTAHLPEEKKRGMTIDLGYAYLPLENKVLGFIDVPGHEKFLSNMLAGLGGVHYAMLIVAADEGVATQTKEHLAILRQLQFHEIIVIITKADRANSAQIESLIQEIKQNYSFLRGANYFVTSAETGQGINELRHYLANLPELSDTQKPFRYAIDRVFNVKGAGTVVTGTAFSGTVKVNDELYLSTGQKVRVKAIHAQNTSSEQGIAGQRLALNLNADLDRTSMKRGDWLLQNEPLPPTDRISVQILAEVPLNESQPVHIYHGASRTTGKLTLLQGKNAAKNDRSLAEIILDSPLFLAFGDKLILRSGDTKTLIAGARVLEINSPKRHKRTEVRLNFLANLALAENASQRIALTLKHNATTARQLMWTEQLTSLQLDKALVERDAVRYQDWCFNTNYIQEKTQQILTALNTYHEQHNDQLGVSKARLYRMTALNQPENLINHFIDEMLEEGRLQQTRGWLHLPEHKIQFSQEEQKYWSSVLDEFEKAQGQAIWVRDMANALAIDESIMRNFMYKAGKLGYLTPIVKDRFFLTETIYAYARLIKQIAEEQGKVSVNEVRDKLNFGRKLTVQLMEYFDRMGFLRRKGNSHILRDKNVFDL,length1,1857
-2,970900,969517,1383,MGEMASLRSHKNGIIFILDIVLFFVLLNVLPFEPKANSGLALLAFIAVLWLSEALHVTITALLVPLLAVALGLVSTKQALVGFADPTIFLFFGGFSLATALHIQKLDKLIANKIMALARGNLFIAVIYLFLITAFLSMWMSNTATAAMMLPLAMGILSQLDREKDHNTYVFVLLGIAYSASIGGMGTLVGSPPNAIVASNLNLTFSDWLWYGLPIMIILLPLMIGILYIIFKPKLHLNFEQTFENIEMNPMRILTFIIFSVIALTWIFSGKINPFISGLLGLQKNIASFDSIVALLAALVICSTGVASWKQIQSNTDWGVLMLFGGGLTLSAVLKDSGASKILADSIVFMIDGQHFYLIGLLVAAFIIFLTEFTSNTASAALLVPIFISIAQSLGMPEIGLALIIGIGASCAFMLPVATPPNAIVFGSGQVKQSEMVKVGFLLNLVCVVVIATMGYMFWLK,length1,1383
-2,961126,958357,2769,MPFAIGQRWLSESENALGLGVITALDQRTVTIYFPAADETRIYAIAQAPLSRIVFSKGETLSHQAGWQGEILDVQNMNGLLFYLVKNPQDEDVIVQERDISPIISFSQAKDRLFSAQIDRSTHFALRYRTLCHQQAQFKSPLRGLRGTRASLIPHQLHIAAEVGNRVNPRVLLADEVGLGKTIEAGMILQNQLFAEKVQRVLIIVPETLQHQWLVEMLRRFNLHFALFDEERCNDFDLDAVNPFTTESLIICSLNWLETHPNRVEQALDAQFDCLIVDEAHHLVWSETSPSAAYLFVEQLARIIPSVLLLTATPEQLGQESHFARLRLLDPERFFDYQTFVKEQEHYQPVVNAVESLLANKALSAVEKNHISDLLLEQDVEPLFKAIASNNDEEQQRARQELIQALIDRHGTGRMLFRNTRQGVKGFPHRVYHQITLSEENDKIDWLIDFLKLHRDEKIFVICQTAATAIQLEQILREREAIRAAVFHEKMSIIERDRAAAYFADLENGAQVLLSSSIGSEGRNFQFAANLVLFDLPTNPDLLEQCIGRLDRIGQKRDVQIYMPCAKDSPQSRLARWYNEGLNAFEQTCPMGMALFSQFADELEKVRSNSTALSENEFSGLLKQTKTAREKLKIELEKGRDRLLELNSHGGEQAQALADQIADEDNSPELVNFALKLFDIIGVEQEDLGANSIVISPTGTMLVPDFPGLKEEGVTVTFDRELALAREEMEFLTWDHPMIRQGIDLVASGDIGKAAMALLVNKQLPAGTLLIELIYVVESQSPKGLQLNRFLPPTPIRLLLDNKGNNMGEQVAFETLHSKLKPLGKNIANQMVKMARSNIESLITRGDQLVKSLAEPIIAEAKNQADQQLSAEINRLQALRAVNKNIRQSEIDILEQQRTQSLDELSKANWRLDCLRVIVTNKE,length1,2769
-2,919123,917791,1332,MKNVVIVGGGAGGIELATFLGNKLGRQKQAKVTLVDRNATHLWKPLLHEIATGVMDDGVDSLSYRAHGKNHFFSFEQGSIIRINREQKYVELAPVYGQEGDMLVIARRIPYDYLVIAIGSKSNDFNTKGVADNCIFLDSSKQALRFQHKLLELFLKFSENRALDDIGEEEFKQKLVDENKVNIAIVGGGATGVELTAELYHAAEDLSSYGYGKIDSSCLQVTLVEAGTRLLPALPENLSAAVLDELKEMGTNVQLNTMITEAQPNTLITKDGGEIKADLIVWAAGVRASTVTQQFDGLEINRINQLVVKDTLQTTVDDSIFAIGDCAALIQSNGKLVPPRAQAAHQMAKACAKNIFALFENKPLKSFKYNDKGTLVSLSNFTALGSLTNKFGKNPLTVQGKFAQFAYVSLYRMHQHALHGCIKIGLIILVDKLNRYLKPRLKLH,length1,1332
-2,893992,892723,1269,MDSIDQAYPMLEAIKVELEFNQRLRIDFPEIAGQGRVWQAATIITKANQKVQVAGSGKKLRGLRHGAYRPDLVVLDDIENDEQVRSPEQRDKLHDWLKKTVLPLGAAGDKLDVVYIGTILHYDSVLNRTLSSKAWKTAKFKALIRQPDDMSLWDKWEDFYLNEGEAVADAFYTQNQAAMDKGAVVSWAARPILTLMKIRARDGHATFDSEYQNDPLSSDDAMFANSLTYWTELPANLIYFGALDPSLGKAGASRDPSAILVGGYHRETGKLYVVEAQVKKRLPDLIIEDVIRMQKQYHCQRWFVETVQFQEFLKDELVKRSAQRGIPVPATATKPNTDKMLRIESLQPHMANSLILLHSSQATLISQLRHFPKADHDDGPDALEMLWRNAVGSSAAIEWIGLDQLDTFDVEDEDDDLYSFWRD,length1,1269
-2,891046,889747,1299,MPSAPKFAIGVEPKQAIEFLRQKKMLASKVLVKEMQDSALARATTIARLTSLDMTKDIYQSLETAMREGKGFHAWKKELVSEFERKGWIFGKDPSIRGIDGHLLADPKTGEYFGTPRRLNTIYRVNMQSAYSAARYQRLRDNVDNRPYWQYSAVGDARTRPAHLALSGKVYRYDDPFWATFYPPNGFNCRCTVIALGDRDLKRRGIDKPDDSSEFLVEVERPADKQGHREKTVGFKLPDGTVRVTDKGFDYNVGRLNYKPNLDLYPEKLAHAFAKVEMKGGEFKHDFEFLAKHVTEMKQTLSPEGKKLTADQMLQVRDSLTKNFKFAAGVLSAESKDLLKSKTGTVWLSDDTLIKQFNSRDGQDFGIDEYEALPDIINAPDKIVVDELGYQFYKDVKGKKLLAVLKVLSKEPEIFVQSFRLVSDKQWRKAFKE,length1,1299
-2,882943,880666,2277,MAELNLALKLKAQDQASRVFRRAQSQITQSTRAMAQARERLGVRSEHKIQQEINHTIAAYNRLKRSGTATSRELARAAEATRSKIAGLNAEMGKTSWGQRLGNVGTAIASVGAGMAAGAMVMAQPMKKEMDYDRRLAMVSNTAFSDRDVAGRIAGKKELHDAVKSAVETGGGTKEEALGALDKLLASGTVKAETAMKLLPTLQKGAVATGASTEDLSAIAISAMQQFGIREDQIGAVLDKAVAAGQAGNFELSDMARWLPQQMAAAKSAGLSGMDGFEALLVANQQARVTAGTSDEAGNNLVNLLAKLTSKETADRFSKLEIKGKDGKTHGIDFIKSMENEKKQGKNSIEAFGSIMDMVVGEDKRYQALKAKLKTAKKEEQQALIEQMTNLVEGTAIGQIISDRQALMALLGIRNNVELGKQVKEEVTNSEGATDKSHKVVMSTNSAKVEQAKNAVEFAQMEGMKSFNNALGDAATKLAEYAKVYPNLTSTLTTAGTVITALSTAAIAASGALALLGVKRGGIGLSDVADVAGNLGKGKNGLKIKGGGKLGSILSAGALFTSGLMIAGEQRTTEEAKAEEKAEAKTAQEKQLENQFYANAYGGNKPTTTHYAPQGFGYNKNSVWGTAGRSGEVAEIARKDEVATLRLERGTLTQAQYDERTRQSAVKIAEIRNQGKGYSGLSVAANDTDSALSRTLGDLSSLANYQADFQHFGQTISDGLKTAIESQNFTIQNEIKVDLDGRIVAEQTSQYQYQDLKRG,length1,2277
-2,880660,879325,1335,MAGWTMPVQRASFRGVRFDVLSVDDDVYRSTIEHAYPFVNGADVEDLGLNPLTVRMQAVFYGPGYYTDFKKFLSVLQKSGAATLVHPIRGRLQNMICTGASFHHEAEMIDYVALDLTFIESTPAKPIFVFNYSLLAKIDALLTELENVVDDVMALYGEFMEIVAFAANTKSHLLGVYGALFGCFEQVRGLFDFDKTKYGVSPVVTQDNFKAKSSRAVRDLVTMIDSGLRQIAARKDLTLRAKFDEVLRTIRQIKHIPADLVSGKNIKSAKEQAALKSLTTSFSKDDTESVHLMMQLASSVALLRIATELVEDDDLLPQDIEYITTQVRSQIMDNLQLLRKQADDEHRGENITVLTTPNTSFYTAAHNTAEQLRNKAHKFTQLALAAINRKPPLMVREVPFSGTVQQIAHAFYQDYKRADELLRLNPQIRYPNFVERGEWLNSYVK,length1,1335
-2,840076,838753,1323,MAKQPGYQARSTNSGKGELKSRLLFVLGALIVYRIGSFIPVPGIDATVLAQLVEQQKGTIIDMFNMFSGGALSRASILALGIMPYISASIVIQLLATVSPALAELKKEGAAGQRKISKYTRYATVVFATIQAVAISTGLPNMLSGLVPNVGFSFYFTSVVSLVTGTMFLMWLGEQITERGIGNGISILVFGGIVAGLPSAILQTIEQARQGQMHPLVLLLIAAIVFAVTYFVVFVERGQRRIRVEYAKRQQGRQILGGHSTHLPLKVNMANVMPAIFASSIILFPATLTQWFGQNDKFEWLNNLSMLLNPGQPLYLLVYAVAIIFFSFFYTAMQYNPRDTADNLKKSGAFIPGIRPGEQTSRYIDKVMTRLTLIGGLYVTFVCLVPYIMTSAWDVKFYFGGTSLLIVVVVIMDFIVQVQSHLMSSQYESALKKANLKGFGQ,length1,1323
-2,809725,807946,1779,MKKVALISLCIFTALSAFADSPNTATASINLEQEKQNWASIQHQDYLKRLKQREVFLQVEGLLKSAVKKQQFSEAIQNITKTLIDSLQGYPLQYDLLARFWETKIAFLQNDDIQGKQQAINEVNALVQQNYPFVTPAFQALLQKLSTLNEQQTSATSDNAKENNRVQKEQNQVENPKQLAEIVRKSDPNTLDKTVLIDAFPRYLKTLPEQMNNLSFESYQKWANTWQLSEDEIKQWKIAFLNRFFDNENTDFQKWRDEQIRQLQTDNLTERRLRMAIWQKTELTSWLNLLSAESKSKQEWRYWEAKQDILKNTKKLTALSKERGFYPMLAATQLKQAYQLNVPIASSFTQAEQLPFKQVFAMITELRELGRNGLAKQRWRILLDNVDFTTQLKLSEYAKNQQWFELAVDASIVAKAWGYLSLRLPNAYSEYFNAALQNLNISKTFAMAIARQESAWNPMAQSSANARGLMQLLPSTAKLTAENNQLPYQGEQDLFKPLNNILLGTAHLNELNGKYPNNRILIAAAYNAGANRVEKWLSRASGKLALDEFVASIPFYETRGYVQNVVAYDFYYQILQNKENPQIFSQEELNRLY,length1,1779
-2,799402,797647,1755,MKWIKKGTFSGKQYRDDVSRKISWGHWFAFFNIIVAILIGARYAFIIDWPDTLAGKLYFFVSLLGHFSFNVFALYLLVVFPLSFIVKNHRTFRGLTVIFSTICTTLLLFDTAVFNRFNLHLSSVVWNLLVNPENGEMSRDWQIFFAPMPIILLAQMLFSRWSWEKLRSLERQKWLKGTGIFLTTTFIATHLIYAWADAYLYRPITMQRSNFPLSYPMTARSFLEKHGFLDGEEYTQKLAQEGRLDALKIDYPKKELTYAPITHKPNILLVTVSGLRHDAISNEKMPKLAKFATSSTEFTNHYSTGNSNNAGLIGLFYGLNANYTDSILSNHTQSVLIEKLRAENYQLGLFSATNFKDSIFRQALFREIKLSSNKTNKPNNESAVKNLNDFIKAQKTDSPWFAYLDLALDAKNPSDYDRTLQDIDSLLTKALESTPLENTLVIITSEHGLTFNEMNQKERENYFGRDEIQVPLLVYWKDLPVGKQNGLSNHADIFSALMQTVFRVENPLMDYSQGRNLFDLKGDDWVLASNFRWNVVIQPDGTQYHIDRKGNYKKFDKDYIEQSSDRPPLGIFLEAFQLQNFFFEK,length1,1755
-2,753991,752404,1587,MRLYQLMRQFVIVVLYSAILLSLEVIYRKLFNISSIERYTESYLSVCLFVCLFVFSKYRITRILVGALFAISIVVNNVHYAVYQSWIGPVNYSLAFKEINEITNAGLTMIDKFIYPLLFGLFEVAVFLSLSFIKRKVYKLSWIFDFIFYAVMMYVFVRAYTTKSHERFISPNTVYSRLKSNYLSLGYFIGRIVPYEIFSLSNIPLYHKSKPMKSGSPKIKNIILIMGESATSSHFSAFGYGRKTSPFLDSLKYKSGALVGKTYSGGKLTAISLPMFFNAIPYPNGIQQIAKGDTNLFNLAKEQGFQTYFYSAQARDDMHMINFLGGAWIDDIRFPDNEGYSLRDSMPDNKLLPAFKNINLDNGYHFVVLHHRGSHIPYGALLDEKEKVFGKNNATDNYDNTILNTDNFISEVYHYLSNKSSKDWIIAYTSDHGQYVKGDTYKQGTFDEDNYIVPLVLYSPNEEIQKLVLDNFESCKISFHNQLSSFIINIMGYNYSVSTCDKGVVNGNILTGDAGYLKIESNGKQEYVH,length1,1587
-2,694459,691219,3240,MAQWLQIELAKETGISANLKFPMPASFIWQLYAQNLPATALENPFDKDSMMWRLIRLIPTFLEKENFLPLRNYLASSPHSEQYKLYQLSSKIADLFDQYLVYRAEWIFAWEKGEDEQITAQIRKQQPNLNDTLFEQIQGNIKWQGELWRALVVDVKSDVDDATHRAALHNQFLALLADKKAPKKLPSRIFIFGIPALPTAYLNILQAISSEVDIHLFFNNPCQEYWGDISDLRLDYLRSRQRYQFNKQNENQPLFSEEQLSQLENAQFDVTYQNENLQVGNPLLAAWGKMGRDFLYTLVRDEEHIPTYPVNAYQEIKSNSLLGQLQSQILHLENKPLNIAKNDRTLTLHSCHSAMREVEVLHDYLLDLFNQDPNLTPKDVVVMVADINQYTPYIQAVFGQKNRNAPQIPFSLSDNKLSESDVLVSSYLTLLRLKESNFSAEDVLALLDIPATRERFNISLADLPLVREWVADSGIRFGLQKNQDGINFNSWQAGLERMILGYAMREEQGIWQDSLGLNSSYGLKGELAGNLSYFFTALSLLHETLQQAHSIEKWQEILTALLSDFFVQNEDTSDTIFYIQEKINELAEHLKMLHFTEKLQADVIADVITMKLEDAPNSLKFLAGKVNFCTLLPMRSVPFKVVCLLGMNDADYPRTQTPNSFDLMQYHYQKGDRVRRDDDRYLFLEALLAARDYCYISYVGRSITDNQPKEPSVLVSQLLDYINQGQKENVLTVIEHPMTAFSPDNFKYNEKFTRSFATKWLPIAQFDTAASNSEFAVTMTENPEKIEEVELDSLVSFVENPVKFFFEKQLGVYFRDKDERIADSENFTLSGLDNYSLNNDLIYLDEQNFADYFRQAEVKGVLPRAEFGKVYAENIRDNVLEFKEKIADLGEPKQASIDFNIAVDWQNENQKIRLFGYMDALFGDDSQVIHWHFAKYKDRYCIRPWIYYLIQCVTQENAIPAKLITQDQVIELPPIEREVALAQLQIYVKDYLQSQIEIQLVPTVRNISDFIVSDENSVSEKLRELTESNGFGPKADPYWSRVLAQTSRFKQPENLAKLLKQTKAWFGLLFAQKKTRKAQS,length1,3240
-2,631912,630289,1623,MDSRRSLLVLALIFISFLVYQQWQLDKNPPVQTEQTTSITATSDVPASSPSNSQAIADSQTRGRIITLENDVFRLKIDTLGGDVISSELLKYDAELNSKTPFELLKDTKEHIYIAQSGLIGKNGIDTRSGRAQYQIEGDNFKLAEGQESLSVPLLFEKDGVTYQKIFVLKRGSYDLGVDYKIDNQSGQAIEVEPYGQLKHSIVESSGNVAMPTYTGGAYSSSDTNYKKYSFADMQDNNLSIDTKAGWVAVLQHYFVSAWIPNQDVNNQLYTITDSKNNVASIGYRGPVVTIPSGSQETITSSLWTGPKLQNQMATVANNLDLTVDYGWAWFIAKPLFWLLTFIQGIVSNWGLAIICVTIVVKAILYPLTKAQYTSMAKMRILQPKMQEMRERFGDDRQRMSQEMMKLYKEEKVNPLGGCLPILLQMPIFIALYWTFLEAVELRHAPFFGWIQDLSAQDPYYILPILMGISMFLLQKMSPTPVTDPTQQKVMNFMPLVFMFFFLWFPAGLVLYWLVSNLITIAQQQLIYRGLEKKGLHSRKK,length1,1623
-2,572470,570835,1635,MATNYIFVTGGVVSSLGKGIAAASLAAILEARGLNVTIMKLDPYINVDPGTMSPTQHGEVFVTQDGAETDLDLGHYERFIRTKMTKRNNFTTGKIYSEVLRKERRGDYLGATIQVIPHITNEIKDRVIAGAQGHDVVIVEVGGTVGDIESLPFLEALRQLAVQVGREHTLFMHLTLVPYIPTAGEVKTKPTQHSVKELLSIGIQPDVLICRSDRMIPPNERAKIALFCNVAERAVISLKDVNSIYQIPALLKSQGLDDFVCERFRLTCPEADLTEWEQVLYKQANPVGEVTIGMVGKYTELPDAYKSVNEALKHAGLTNRLSVSIKYIDSQDVETKGVEVLKGVDGILVPGGFGYRGVEGKIRTAQYARENKIPYLGICLGMQIALIEYARNVAGLTKANSSEFDKDCEQPVVALITEWQDAEGNTEVRTDESDLGGTMRLGAQQCHLVSGSHARELYGKETIEERHRHRYEVNNTLLPQIEKAGLKVTGLSADKKLVEIIEVPNHPWFVACQFHPEFTSTPRDGHPLFAGFVKAAYENHKKSVK,length1,1635
-2,558448,556504,1944,MIAELGNYALALSLAVSLMLAIFPLWGAEKGNAQLMALARPMTYGLFASLSIAFAALFYLFAVNDFSVQYIVNNSNTTLPIYYRLSAVWGSHEGSLLLWIWLLAVWSFAVALLSKHLPQEAVARVLGIMGIISVGFVLFVLFTSNPFTRTFPDFPVDGKELNPMLQDVGLIFHPPLLYMGYVGFSVAFAFAIASLMTGKLDSAWARWSRPWTLAAWVFLTLGIVLGSWWAYYELGWGGWWFWDPVENSSFMPWLAGTALIHSLSVTEKRGSFKAWTVLLAILAFSLCLLGTFLVRSGILVSVHAFASDPTRGLYILAYLVVVIGGSLALYAYKGSQIRSRDNAERYSRESMLLLNNILLMTALCVVFLGTLLPLVHKQLGLGSISIGAPFFDQMFLIIMTPFALLLGIGPLVKWRRDQFSAIRTPVVISVFVMLIAGFALPYFLQDKITVSSVLGSMMTVIIVLLVLYELQQRATHRESFFVGVRKLSRSHWGMMLAHLGVAMTVWGIAFSQNFSVERDVRMKVGENAQIGRYDFKFAGVTDENGPNYIGGKAQIDISKDGQPEASLFAEKRFYTVSRMSMTEAAIAGGLTRDLYVALGEKLEDNSWALRLYYKPFIRWIWIGGLFMALGGLLCMFDRRYRFNVLLKK,length1,1944
-2,540292,538759,1533,MKQKCGCISPHFFILGDIMYIGIDCGTQGTKAIVLDSVQKKVIGVGYAKHELITQSNGRREQQPNWWIEALQQALQIALKQAKNSPHFSPNLVKGIGISGQQHGLVMLDKNDRPLYKAKLWCDTETATENDILIEKLGGQTAVFEKLGIICQTGYTASKLSWFRQNYPDKFANIRKIMLPHDYLNYWLTGKFCTEFGDASGSGYFDVVKREWKREVFKYLAPELNMDEVLPKLLSAEQKIGVIKPEIATLFGFNENVIVSTGGGDNMMGAIGTGNIREGIATMSLGTSGTLYAYTQKPLLNLPPMIANFCSSNNGWLPLVCVMNITSSNKQLMNLLNIDIEELNQLAQQAPIGANGITILPFFNGERVPPLPNAKASILGLDSSNFTRENLCRAMMESATFTLRYGLDLFRQAGLETSQIRLIGGGAKSSFWRQMIADVMNSEVVCLQEEEAAALGGAIQAMWANGEGELEFLCETFIHLDENSKAYPNLSQVKNYQSAYERYLIHLSQLY,length1,1533
-2,525265,523681,1584,MLWFFFCVAVLIIGYFIYGKIIEKIFVINPKRQTPAYQVNDGVDYMPMSKTKIWLIQLLNIAGTGPIFGPILGALYGPVAMLWIVIGCIFAGAVHDYFCGMLSIRHGGATMPYLAGKFLGRPVKVFINTLALVLLLLVGVVFVASPAQLMGTITMDVFGASQSALVLGDAEAVHHSVEAGGIKVWGMDKATVVALWTAIIFAYYILATLLPVDKIIGRIYPLFGALLLFMSVGMVYGLVVSHFSATDPIEFFRTINADGEGLTWAKFTQNFQVKGDVPIWPLLFLTISCGALSGFHATQTPLMARCTENESEGRFIFYGAMITEGVIALVWCMVGLAFYENPQALQDAISAGSPSKVVYDSSLHFLGFIGGIFAILGVIVLPITSGDTAFRAARLQIAEIFNVDQRSLPKRLLIAVPLFVLGYFISTIDFSVLWRYFTWANQMTAMVMLWTAAGYLYRYHKFHWVASLPAWFITTVCATYLFYNKIGFGLDYQLSVYLGLATTIVCIVLFFTMLKPLGTRDEEAYINN,length1,1584
-2,512080,510655,1425,MKHSHEEIRKIIPEMRRVQQIHFIGIGGAGMSGIAEILLNEGYQISGSDIADGVVTQRLAQAGAKIYIGHAEEHIKGASVVVVSSAIKDDNPELVASKQKRIPVIQRAQMLAEIMRFRHGIAVAGTHGKTTTTAMISMIYTQAKLDPTFVNGGLVKSAGKNAHLGASRYLIAEADESDASFLHLQPMVSVVTNMEPDHMDTYEGDFEKMKATYVKFLHNLPFYGLAVMCADDPVLMELVPKVGRQVITYGFSEQADYRIEDYEQTGFQGHYTVICPNNERINVLLNVPGKHNALNATAALAVAKEEGIANEAILEALADFQGAGRRFDQLGEFIRPNGKVRLVDDYGHHPTEVDVTIKAAREGWGDKRIVMIFQPHRYSRTRDLFDDFVQVLSLVDALIMLDVYAAGEAPIVGADSKSLCRSIRNLGKVDPILVSDTSQLGDVLDQIIQDGDLILAQGAGSVSKISRGLAESWKN,length1,1425
-2,507517,506254,1263,MLYPEYPEYDNFNESGALIKVVGVGGGGGNAVNHMVMNMVKQEMGGTFVGESSLTSEEHGRIVFYAVNTDAQALRKSQVQQTVQIGGETTKGLGAGANPNIGRKAAEDDQDEIRKMLEGADMVFIAAGMGGGTGTGAAPVVAKIAKELGILTVAVVTKPFAFEGKKRMQFAELGIKDLSQYVDSMIIIPNQQIQKVLPKNAKLIDAFAAANDVLRNSVMGISDMITSPGLINVDFADVRTVMSVQGQAMIGFGSAVGEPGAGRAEEAARLAVRNDLLEKIDLSNAQGILVNITAGMDLVFDEFNIIGETIGSFASEEATVVVGTSLVPEMSDEIRVTIVATGLGEIAGNEPIQVVRQGLSTQNIEGEGRVNIVPELHRRESVEVSRSASEEYQRPLDKPITDRLEAFKKNNFFNPAQREEN,length1,1263
-2,497494,496174,1320,MLLVNLAIFIAFLLLLAQLYRKTEKLGQTVFIGLLLGLLFGAVLQSAFEKPLLDKTLDWINVVGNGYVRLLQMIVMPLVFVSILSAIARINQTRSLGKVSVGVLSTLLITTAISAAIGIAMVHLFDVSAAGLILGDRELAAQGKVLDKAGQVSNLTVPAMLVSFIPKNPFADLTGANPTSIISVVIFSALLGVAALSLGKEDQALGERIAQGVETLNKLVMRLVRFVIRLTPYGVFALMIKMAATSKWADIVNLGNFIVASYAAIALMFVVHGILLFFVKVNPVDYYKKVLPTLSFAFTSRSSAATIPLNIETQTAKLGNNNVIANFAATFGATIGQNGCGGIYPAMLAVMVAPMVGIDPFSFSYILTLISVVAISSFGIAGVGGGATFAAIVVLSTLGLPLELVGLLISIEPIIDMGRTALNVNGAMVAGTITDRLLNK,length1,1320
-2,364216,362131,2085,MVMKFKMSKNVICYAWLSVCLSSAIPAFAVQPTLKPSDISIPAISEESQLATKRATTRLTQSHYRKIKLDDDFSEKIFDRYIKNLDFSHNTFLQSDIDELRQKYGTKLDEQLSQGDLSAAFDIYDVMMKRRYERYTYALSLLDKEPDLNGQDQIEIDREKAAAPQTEADANKLWDARVKNDIINLKLKDKKWSEIKAKLTKRYNLAIRRLTQTKADDIVQIYLNAFAREIDPHTSYLSPRTAKSFNESINLSLEGIGTTLQSEDDEISIKSLVPGAPAERSKKLHPGDKIIGVGQATGDIEDVVGWRLEDLVEKIKGKKGTKVRLEIEPAKGGKSRIITLVRDKVRIEDQAAKLTFEKVSGKNIAVIKIPSFYIGLTEDVKKLLVKLENQKAEALIVDLRENGGGALTEAVALSGLFIADGPVVQVRDAYQRIRVHEDDDATQQYKGLLFVMINRYSASASEIFAAAMQDYRRGIIIGQNTFGKGTVQQSRSLNFIYDLDQSPLGVLQYTIQKFYRINGGSTQLKGVAADINFPEIIDSKEYGEDKEDNALAWDKIPSASYMEVGNIDYIDNAVNILNEKHLARIAKDPEFVALNEELKVRNERRDRKFLSLNYKMRKAENDKDDARRLKDLNERFKREGKKALKDIDDLPKDYEAPDFFLKEAEKIAADFVIFNSDQKINQANGLSEAKTESKK,length1,2085
-2,357976,355126,2850,MERKYCFKYHNKEVIMQQNKAFDDWLASTALGGANQSYIEELYESYLSDPQSVEESWRKTFDSLPKTTALEHPHTPVRDYFRRLARENHNEAVTVIDPAAGAKLVKVLQFINAYRFRGHLEANLDPLNYYRWKVSSVPELDYRHHGFTEQDLNETFNINHYVYKRDTIKLGELAQMLKETYCGSIGLEFMHVQDMEQKMWLQSKMESLLDKPLFTSEERVNFLRELTAADGLERYLGAKFPGAKRFSLEGSDAFIPLMKEIIRHSSRQGVNDVVMGMAHRGRLNMLVNVLGKKPENLFDEFAGKHSSERTGDVKYHQGFSSDFAVDDKRVHLTLAFNPSHLEIVSPVVIGSVRSRQTRMNDTEHSKVLAITVHGDSAVAGQGVVQETLNMSNARGYSVGGTIRIVINNQIGFTTSNPNDTRSTEYCTDIAKMIQAPIIHVNGDDPEAVAFAARMAVEYRNLFKRDIFIDLISYRRHGHNEADEPLATQPMMYSIIKKHPTPRKVYADRLVSEGVMTEEQVTEMANDYRDALDNGDRVVSEWREMDTAKMDWLQYLNYDWTAPYESKFSQERFLTLAKRVCEYPESLRAHPRVEKIYNDRKAMYQGEKLLDWGMAETMAYATLLDEGVNVRLSGEDAGRGTFFHRHAVVHNQNDGTGYVPLTHLHANQGRFEVWDSVLSEESVLAFEYGYATTDPKTLTIWEAQFGDFANGAQIVIDQFISSGEQKWGRMCGLVMLLPHGYEGQGPEHSSARLERYLQLCAEQNMQVCVPSTPAQVYHMLRRQSLRKMRRPLIAISPKSLLRHPLAVSSLDELINGTFQTVIGEIDELDPKDVKRVVMCSGKVYYDLLEQRRANNQKDVAIIRIEQLYPFPHEDVKKALEPYAHVTDYVWCQEEPLNQGAWYCSKHNFESAIPESVKLKYAGRPASASPAVGYMSLHTKQQKQLVEDALSF,length1,2850
-2,342514,340822,1692,MSVQQLISRLTDIVGSRYIITDPTKTEAYRSGYRFGTGNALAVVRPATLLEFWNIVKVCVEHDVIVINQAANTGLTGGSTPDGNDYDRDIVVINTMRIDGIQLINNASQVICLPGSTLNELENQLKPFGREPHSVIGSSCIGASVIGGICNNSGGALVQRGPAYTEMALYAQLNEKGELELKNHLGIDLGETPEEILTNLQEKRYQVKDIRQDCGHGHDHYYCNYVRQVDEGSPARFNADPARHYEASGCAGKLAVFAVRLDTFPLEKETAVFYIGTNQTSVLSDIRRHMLVNFEVLPISGEYIHRDAFDIAAKYGKDTFWVIKKFGTHWLPKLFSLKSNVDRIGKKFFFLPQHLSDKFMQTVSKFIPEHLPQSLWDYRNKYEHHLIIKMGGKGIQEAREYLESYIADGSKGGYFECNAIETQAAMLHRFAVASAAIRYRAIHEKEVEEIVALDVALRRNDQDWFEVLPPEIDNRIISKLYYGHFMCHVFHQDYIVKKGYDYEELEYEMLKLLDKRGAQYPAEHNVGHLYEAKPTLRKFYKELDPTNSFNPGIGKTTKKKYWAE,length1,1692
-2,318652,316747,1905,MGKIIGIDLGTTNSCVAVMDGDKARVIENAEGARTTPSIIAYTDNETLVGQPAKRQAITNPKNTLFAIKRLIGRRFESEEVQRDIKIMPFEITRADNGDAWVNVKGDKLAPPQISAEVLKKMKKTAEDFLGESVTEAVITVPAYFNDAQRQATIDAGKIAGLDVKRIINEPTAAALAFGLGSSKENQVIAVYDLGGGTFDISIIEIDNFDGEQTFEVLATGGNTHLGGEDFDNRVIDYIIDEFKKEQNIDLRNDAMALQRVKEAAEKAKIELSSAQSTEVNLPYITADATGPKHLALNITRAKLEALVEDLVASSIESLKAVLKDADKGVSEIHDIILVGGQTRMPLVQQKVAEFFGKEARKDVNPDEAVAIGAAVQGGVLKGDVKDVLLLDVTPLSLGIETMGGVMTTLIEKNTTIPTKKSQVFSTAEDNQSAVTIHVLQGERKRAADNKSLGQFNLEGINPAPRGMPQIEVTFDIDANGVINVSAKDKNTGKEQQIRIQASSGLSDEEIQQMVRDAEANADADRKFEEVVQARNQADGIAHATRKQIAEAGDALSVADKEKIEAAVAELETAAKGEDKAEIEAKIEAVIKASEPLMQAVQAKAQQAGGEQPQQSSAKDDGVVDAEFEEVKDNK,length1,1905
-2,298003,296035,1968,MPFRHLQILISKTLPLVPDNVLIIGESGIAFSKATNLLGQEFEHILFDGRNGIHLEALAIAAGTLKMGGTLCLVLSNWENLSQQPDQDSLRWNGNQSAIATPNFIHHFKQCIERYHFPILREESAVEFPAVFYSNEHHKNATLVQQQIIENISQADQDIYFLTAKRGRGKSALLGMLANQIQAPVYLTAPNKSAVHSVIEFSEREIEFIALDELTIRLQHESEFSQSAWLLVDETAMIPLPLLQEYSQYFQHIVFSTTIHSYEGTGRGFELKFKRKIHRTFQHFELKQPLRWQENDLLEHFIDDLLLLNAEDDFQHFDYSDITYNIEENAKNLSFPCLRGKVPVGRKGDLDIASPPQPSVAPLTSKGSQGEYSHQFFFRDFYGLMTIAHYRTSPLDLRRLLDGENQRFYFAEYQQNLLGAIWALEEGNMADDELIIQIQQGKRRPKGNLVPQALCFHENLSQACKLRSLRISRIAVQPNWQQKGIGQNLMKFMENSEVDFLSVSFGYTDELAKFWQKCGFVLVHLGEHQEASSGCYSAIALKGLSKEGLALVDTAHKQFQRNIPLSFHPFAINFEQNQFDWQLDEFDWLSLKNFANFHRTLFSSVPAMRRLLKLAGKENFPLISAYLTKKQLPINKKKGVECLRLEIKQYLARGTL,length1,1968
-2,246472,244951,1521,MLLQNFKRRKREMSKEILLAAEAVSNEKLLPREKIFEALESAIAISTKKKFEYETDIRVSINPKTGEFDTFRRWLVVDEVKVPTKEITLEAAQFDDPNLQLGEYVEDQIESIAFDRIAMQTARQVISTKIREAERAKVVEQFREEEGKIVTGTVKKVSRDSIILDLGNKAEAMIAREDMLPRENFRPGDRVRGVLYKVNPEGKTAQLFVTRSKPEMLIELFRIEVPEIGEEMIEIRGAARDAGSRAKIAVKSNDKRIDPVGACVGMRGARVQAITNELGGERVDIVLWDDNPAQFVINAMAPADVSSIIVDEDNHSMDIAVEADNLAQAIGRNGQNVRLATQLTGWTLNVMTTDELNAKHQAEDNKVLNLFINALELDEEFAQILVEEGFTSLEEIAYVPMNELTAIDGLEDEDLVEELQTRAKNAITAAAVAEEEALKKANVEDRLLNLEGMNRHVAIKLAEKQITTLEELAEQGVDDLTDIEELTAEQAADLIMAARNICWFGEE,length1,1521
-2,211474,209803,1671,MMSHTETSLGAENTRTHNFITQIIDEDLASGKHKSVHTRFPPEPNGYLHIGHAKSICLNFGLAKEYQGLCNLRFDDTNPVKEDVEYVDSIKADVEWLGFKWEGEPRYASDYFDALYGYAAELIKKGLAYVDELSPDEMREYRGTLTEPGKNSPYRDRTIEENLALFEKMKNGEFAEGKASLRAKIDMASPFMVMRDPVIYRIKFASHHQTGDKWCIYPMYDFTHCISDAIERITHSICTLEFQDNRRLYDWVLENISIERPLPHQYEFSRLNLEGTLTSKRKLLKLVNDEIVDGWNDPRMPTISGLRRRGYTPASLREFCRRIGVTKQDNVVEYSALEACIREDLNENAPRAMAVIDPVRVVIENFESEAVLTAPNHPNRPELGERQLPFTKELYIDRADFREEANKQYKRLVLGKEVRLRNAYVIKAERVEKDANGEITTIFCTYDPETLGKNPADGRKVKGVIHWVSAVNNHPAEFRLYDRLFTVPNPGAEDDIESVLNPNSLVIKQGFVEQSLANAEAEKGYQFEREGYFCADSKDSRPEHLVFNLTVSLKEGF,length1,1671
-2,209200,207112,2088,MQISDSLKQKAEKCGIALSHYDIDGHLIFADEKTVLTFVELLQPPPKAKGQFDDVLAAFENEPIDYRLNRLDLPPSAEYRYQLIDESNAILLEKILSNLSALSLPPLPFGYYQLSIFSDTEQYRVRLLISPKTAFQPSVLKNKKVWGVNVQLYSLRSEQNWGIGDFGDLAALIEQSAKQGADYVGINPLHLPYPAVPNWASPYSSSSRRWLNFLYLDIPDLPEFKRCRSVQNWFKREDIKAKIAALRESDCVDYSSILALKLTALESLFYFFQRSQSVEIVTRRKIFADYLKSKGEPLLLQGLFNVLDLQEHADHQAEENTIGWLGWRKEWQHLSAAKRKALLKIHHEQIQFFAWLQWLTEEQLSALQNLCKQSGMKLGIYGDLAVNSSRGSADVWSDPDLYCVNASIGAPPDPLGPVGQNWNLPPYNPTVLKARGFTPFIDMLRANMQYFGVLRIDHVMGLFRLWWIPKGKTAADGAYVHYPFDELMAILAIESVRNECLIIGEDLGTVPDEVRWKLNEFQIFSYFVLYFAQRNGEFPRISDYPRNAYATIGTHDVPSLQSFWHCRDLELFNQLGILNGEVLKQKYDQRVMDKQALLNSLHRDNYLPPHYEGDALSMAMHDYLNRMIHYYLAESNSRLIGVQLENLLSQEISSNLPGTSNEYPNWCKKLAQPLAFIFSNEALKTFFVQINQGRNV,length1,2088
-2,207100,204910,2190,MTTAVTQATIDGFFDASNGDPFATLGMHETEQGIEIRTLLPDANRMVVIERESGKEITELDCVDERGFFVGVIPNCRQFFAYQLQVFWGNEAQIIEDPYRFHPMIDDLEQWLLSEGSMLRPYEVLGAHFMECDGVSGVNFRLWAPNARRVSIVGDFNYWDGRRHPMRFHPKSGVWELFLPKASLGQLYKFELIDCYGNLRLKADPYAFSSQLRPDTASQISALPNVVEMTEQRRQANQANQPISIYEVHLGSWRRNLENNFWLDYDQIADELIPYVKEMGFTHIEFLPLSEFPFDGSWGYQPLGLYSPTSRFGSPEAFRRLVKRAHEAGINVILDWVPGHFPSDTHGLVAFDGTALYEHEDPREGYHQDWNTLIYNYGRNEVKNFLSSNALYWLERFGVDGIRMDAVASMIYRDYSRAEGEWIPNQYGGRENLEAIEFLKHTNWKIHSEMAGAISIAEESTSFAGVTHPSEDGGLGFNFKWNMGWMNDTLAYMKLDPIYRQYHHNKMTFGMVYQYSENFVLPLSHDEVVHGKYSLLGKMPGDTWQKFANLRAYYGYMWGYPGKKLLFMGNEFAQGREWNYEESLDWFLLDENIGGGWHKGVLKLVKDLNQIYQKNRPLFELDNSPEGFDWLVVDDAANSVFAFERRSSNGERIIVVSNFTPVPRHNYRIGVNVAGKYEEILNTDSMYYEGSNVGNFGCVASEKIESHGRENSISVSIPPLATVYLRLKAK,length1,2190
-2,202843,201511,1332,MTNNNKTMEILMKSGDLNKYDLVKNTLVLVLTGGRGSRLHELTDKRAKPALYFGGNRRIIDFALSNCINSGLNRIGVVTQYAAHSLLRHLQTGWSFLPQERGEFVDMLPARQQIDDSTWYRGTADAVYQNMAIIKNHYRPKYILILAGDHIYKQDYSVMLMDHVNSGAKCTIGCIEVPRSEAHEFGVMAVNENLKVKAFVEKPKDPPAMVGKPDVSLTSMGIYVFDADYLYKMLDREVGTPNTSHDFGKDVLPKCLEEGALYAHPFSRSCMGRNTEGEIYWRDVGTLDSFWQSNIDLVSENPQLDIYDQSWPIRGNPVQAYPSKFFYKHSNVHPVDNSLIGGGCVITDASISNSVLFDRIKIDSFSKVDHCVVLPQVKIGKNCVLKNCIIDRECEIPDGMQIGVDMEEDKNRFRISSTGKVILVTPKMLKILEGHEIGEEGHLD,length1,1332
-2,189397,187468,1929,MPIITLPDGSQRQFDRPVSVLEVAQDIGAGLAKATIAGRVNGERRDACDVIEQDATLEIITAKDEDGLEIIRHSCAHLLGHAIKQLFPDVKMAIGPTIENGFYYDVDLDRSLTQEDIDAIEKRMLELAKTNYDVVKKRVTWQEARDTFEKRGEPYKMAILDENIERTATPALYHHLEYIDMCRGPHVPNMRFCQHFKLQKVAGAYWRGDSKNKMLQRIYGTAWADKKQLAEYLTRLEEAAKRDHRKIGKALDLYHMQEEAPGMVFWHNDGWTIFRELETFVRTKLKQYDYQEVKGPFMMDRVLWEKTGHWQNYADLMFTTQSENREYAIKPMNCPGHVQIFNQGLKSYRDLPIRMAEFGSCHRNEPSGSLHGLMRVRGFTQDDAHIFCTEDQIESEVTSCIKMVYDIYSTFGFTNIAVKLSTRPENRIGSDEMWDRAEAGLAAALAHNGLEYEIQEGEGAFYGPKIEFALRDCLGREWQCGTVQLDFALPGRLDATYVAEDNSRKTPVMIHRAILGSIERFIGIITEEYAGFFPAWLAPTQAVVMNITDSQADYVQKVAKQLSDVGLRVKTDLRNEKVGFKIREHTLRRVPYMLVCGDKEIAEGKVAVRTRKGADLGTFTVEEFAEILKNQVRSRELTLLNEE,length1,1929
-2,180136,178804,1332,MIETSQTIPELVSWAKDREFSLNLPTERLVFLLAIAIYNNERLDGEMLEADLVDIFRHTMNAFEQSTDAIATRANNAINELVKQRLLNRFSSEFTEGLAIYRLTPLGVGVSDYYIRQREFSALRLSVQLSIVADEIQRASDSAEEGVENNESEHFWRRNVFAPLKYSVAEIFDSIDLSQRIMDENQQSIKDEIAELLTKDWQAAISSCERLLDETSGNLRELQDTLNAAGDKLQAQLLRIQDCVIGRDDLYFIDQLITDLQSKLDRIISWGQQAIDLWIGYDRHVHKFIRTAIDMDKNRVFSQRLRNSIHHYFDHPWFLWTAQAERLVDLRDEEMVLREDDALGELPEELQYESLSDLHDQIVEHMQGLLIAYRENNRPIDLSLVLKEQLENYPLSRHFDVARIIVDQAVRLGMANDDLSGIYPDWQAINKRCAEVQAHVIDKY,length1,1332
-2,159151,157597,1554,MNIQTQAFIAVTAQSIPYYADTTAIFNTLCQPNSNSLLLDSAEIGSKNSLQSLILVNAAVKITCLGHNVTFKALNKNGKQVLKEIHPKLTALGKISAVNFEDEFSVQFSPLDNQLDEDNKLQSATIFDGLRVVSTLYQHSQTPIFLGGLFAYDLVANFIPMDGITLKNDGINCPDYSFYLAEHLITIDHQNQQATLKSFCFAQEEQVNIAKTSLSIAQKLKNIDHVLSIKSASDEVKTNFDDPEFTGIVKALKHHINIGDVFQIVPSRRFSLACPNTLASYAQLKQNNPSPYMFYMNDEDFILFGASPESALKYAPENRQLEIYPIAGSRPRGFNAHGNIDPELDARLELELRLDHKEQAEHLMLVDLARNDIARVCQSGTRKVAELMQVDRYSHIMHLVSRVVGKLRPELDALHAYQACMNMGTLTGAPKIKAMQLIYQFEQQKRHSYGGAVGYLTSDGHFDTCIVIRSAFVQNGIAHVQAGCGEVLDSDPQMEADETRHKAAAVLKAIRQVNTQAK,length1,1554
-2,106906,105031,1875,MTNNMNNYPLLSLINSPEDLRLLNKDQLPQLCQELRAYLLESVSQTSGHLASGLGTVELTVALHYVYKTPFDQLIWDVGHQAYPHKILTGRREQMSTIRQKDGIHPFPWREESEFDVLSVGHSSTSISAGLGIAVAAERENAGRKTVCVIGDGAITAGMAFEALNHAGALHTDMLVILNDNEMSISENVGALNNHLARIFSGSLYSTLRDGSKKILDKVPPIKNFMKKTEEHMKGVMFSPESTLFEELGFNYIGPVDGHNIDELVAMLTNMRNLKGPQFLHIKTKKGKGYAPAEKDPIGFHGVPKFDPISGELPKNNSKPTYSKIFGDWLCEMAEKDAKIIGITPAMREGSGMVEFSQRFPKQYFDVAIAEQHAVTFATGLAIGGYKPVVAIYSTFLQRAYDQLIHDVAIQNLPVLFAIDRAGIVGADGATHQGAFDISFMRCIPNMIIMTPSDENECRQMLYTGYQCGKPAAVRYPRGNAVGVKLTPLEMLPIGKSRLIRKGQKIAILNFGTLLPSALELSEKLNATVVDMRFVKPIDIEMINVLAQTHDYLVTLEENAIQGGAGSAVAEVLNSSGKSTALLQLGLPDYFIPQATRQEALADLGLDTKGIEEKILNFIAKQGNL,length1,1875
-2,90469,89107,1362,MFKMKNITLALLMSSALVGCANIGDSYQASLEDYKQYEEITKQYNVKENWWSLYDDAQLNRVVEQALINNKDLAKAAVAVNRALYSANLVGANLVPAFNGSTSSAAQRRVDISTNSAISHKGSLNVSYTLDLWQRLANTVDAAEWSHKATAEDMESARLSLINSVVTTYYQIAYLNDAISTTNETIKYYTDIGNIMQTRLAQGVADAASVDQAQQAILTARNNKLNFETQRKTAEQTLRNLLNLKPNEALNITFPHIMNVKTAGVNLNVPVSVIANRPDVKAAQFRLSSAFKNAKATQKSWFPEVNLGASLSSTASTVGTALHNPVAAGTVGISLPFLNWNTVKWNVKISEADYETARLNYEQRITTALNNVDTNYFAFTQAQSTLSNLQQTHSYNQRITQYYRNRYNAGVSELREWLVAANTEKSSQLAILNAKYQVLQSENAVYSSMAGYYL,length1,1362
-1,1843190,1841756,1434,MSRRLRRTKIVCTMGPSTDRDNNLEKIIAAGANVVRMNFSHGTPDDHIGRAERVRSIAKKLGKTVAILGDLQGPKIRVSTFKDGKIFLNVGDKFILDAELPKGEGTQESVGLDYKTLPQDVVPGDILLLDDGRVQLKVLSTDGAKVFTEVTVGGPLSNNKGINKLGGGLSADALTEKDKADIITAARIGVDFLAVSFPRSSADLNYARELAQQAGLNAKIVAKVERAETVANDEAMDDIILASDVIMVARGDLGVEIGDPELVGVQKKLIRRSRQLNRAVITATQMMESMISNPMPTRAEVMDVANAVLDGTDAVMLSAETAAGQYPSETVAAMASVCLGAEKMPSINVSRHRMDKEFETIEESVAMSAMYAANHMKGVAAIVTLTSTGRTPLLMSRISSGLPIFALSRNQETLNLCALYRGVTPIYHGEESRTEAGAKAALQSLKEKGYLSTGDLVLVTQGGQGATQTNVCRTLIVE,length1,1434
-1,1841612,1840208,1404,MASQPQIKSSDKKTAQVSIPPHSIEAEQAVLGGIMLSNQHWDGIAERVIADDFYTFQHRLIFTEMEHLMRNQSPIDLITLDQALRSRGVSDEVGGFAYLAELSNNTPNAINILAYADIVREKAILRELISVGNRIAENSYSPKGQDIKLILDEAEREVFAIAEKRTTSSEGPQNVINVLESTIEKIDILSKLENHSGVTGVTTGFTDLDKKTAGLQPSDLIIVAARPSMGKTTFAMNLCENAAMASEKPVLVFSLEMPAEQIMMRMIASLARVDQTKIRTGQNLDEIEWNKIASVVGMFKQKNNLFIDDSSGLTPTDVRSRARRVYRENGGLSMIMVDYLQLMRAPAFSDNRTLEIAEISRSLKALAKELQVPVVALSQLNRTLEQRADKRPVNSDLRESGSIEQDADLIMFIYRDEVYNDNSEDKGVAEIIIGKQRNGPIGRVRLKFNGQFSRFDNLAEQREYRDDY,length1,1404
-1,1839032,1837370,1662,MKGNTMKNINPTHTQAWKSLEAHKAELSNTTIQDLFKQEKNRFDDYSLTFNNQILVDFSKNNINQTTLSHLRQLAQECALDSAKEAMFTGEKINRTENRAVLHTALRNRTNTPVLVDGKDVMPEVNAVLAKMKDFCQRIISGEWKGYTGKAITDVVNIGIGGSDLGPYMVTEALRPYKNHLNMHFVSNVDGTHIAETLKKVNPETTLFLVASKTFTTQETMTNAQSARDWLLKAAKDESAVAKHFAALSTNAKDVEKFGIDTNNMFEFWDWVGGRYSLWSAIGLSIALSIGFENFEALLNGAHEMDKHFRSAPIEQNIPTTLALVGLWNTNFLGAQTEAILPYDQYLHRFAAYFQQGNMESNGKYVDRDGNVINNYQTGPIIWGEPGTNGQHAFYQLIHQGTTLIPCDFIAPAQTHNPLADHHNKLLSNFFAQTEALAFGKTKEEVEAEFIKAGKSLDDVKNIVPFKVFTGNKPTNSILVQKITPFTLGALIAMYEHKIFVQGVIFNIFSFDQWGVELGKQLANRILPELTDSEKVASHDSSTNGLINQFKAWR,length1,1662
-1,1813838,1809299,4539,MNKIYRLKFSKRLNALVAVSELTRGCDHSTEKVSEKPVRTKVRHLALKPLSAILLSLGIVSIPQSVLASGLQGMSVVHGTATMQVDGNKTTIRNSVNAIINWKQFNIDQNEMVQFLQESNNSAVFNRVTSDQISQLKGILDSNGQVFLINPNGITIGKDAIINTNGFTASTLDISNENIKARNFTLEQTKDKALAEIVNHGLITVGKDGSVNLIGGKVKNEGVISVNGGSISLLAGQKITISDIINPTITYSIAAPENEAINLGDIFAKGGNINVRAANIRNKGKLSADSVSKDKSGNIILSAKEGEAEIGGVISAQNQQAKGGKLMITGDKVTLKTGAVIDLSGKEGGETYLGGDERGEGKNGIQLAKKTSLEKGSTINVSGKEKGGRAIVWGDIALIDGNINAQGKDIAKTGGFVETSGHYLSIDSNAIVKTKEWLLDPENVTIEAELPSRQAESIEHQLPNGDGTPDNPKKNGDTITTLTNKTISKFLENAKSVNITASKKLTVNSSISIGSNSHLILHSEGRDSGGVQIDGDITSRGGNLTIQSGGWVDVHKNITLGDGTLNITAKGDVAFESMKGSEYEKTITAQGTIVSGDRNGFRLNNVSLNGTGKGLFFTDKRSAEGNISNKFDGVLNISGNVNISMRSPQVPSYKRYGGRTYWNITTLNVKKGGSFKLSIDSRGNGGTISPARHFGLNGITFSKDITFNVASGSRVDFEIKAPIIHPKHGVNHASFNKNISVLGGGTVNFNLDASSSNSKTSGVIINSQYINVSGGSKLNLRASGSTDTAFLIKSDLILNATGGGIELKQIEGTDSNVQKGVVAERNITFKGGNITFGSQKATTEIRGNVTIEQDTNVTLRGAYYGDSRKTLDIKGNVTNEGNLTTDGSIINIGGNLTVESSAKLKAITNYSFNVSGLFDNKGDSSVSIARGGARFKDINNTKSLSITTNSSSTYSTVIDGNITNKKGSLNITNNGGNTEIQIGGNISQKQGNLTISSDKINITKQTTIKKGVNGENSDSLAESQANLTIKTKELKLTGDLNISGFDKAEIVAKNGSNLTIGNGNDSGSANAKKVTFNNVKDSNISAGDHNVTLNSKVETFGDSSAESSDGSNAGLTINAKNVTVNKDITSNKTVNITASEKLTTKADATINATNGNVKVTTQTGDIKGQVKSTSGDVEITASGDTLKVSNITGQNVTVTANSGAITTTKGSTINATTGDANITTSTGVINGEVKSASGNVNITASGDTLNVSNVSGNAVTITADEGKLTTQAGSTVSATNGVTASSQSGDIGGTISGKTVSVTATTDSLTVKGSAKINATEGAATLTATKGTLTTAADSSISAASGILTINAKDAKLDGAASGNHTVVNATNASGSGSVTAKTSSSVNITGDLNTVNGLNIISKDGRNTVRLRGKEIEVKYIQPGVASVEEVIEAKRVLEKVKDLSDEERETLAKLGVSAVRFVEPNNAITVNTQNEFTTRPSSQVTISEGKACFSSGNGAAVCTNVADDGQP,length1,4539
-1,1794230,1792859,1371,MTTNNKQRQTWSSRLTYVMTVAGATVGFGATWRFPYLVGENGGGAYVLLFCIAMIIIGIPMILVENVIGRRLRVNSIDAFGDKILDKGKGISKYWKILGYMGLLGAFGIMAYYMVLGGWVISYIISLISGTLDISAPITKDIAKNFYDLHIGNSPYEIIFYTLLFVIVNYIILAKGIIGGIERSVKYLMPLLFIFLIGMVIRNVTLPGAMEGITFYLKPDFSKITPQLFIFVLGQVFFALSLGFGVLITLSSYLNKEENLIHTAVITGFTNTIIAVLAGFMIFPSLFTFGIEPNAGPTLVFQSLPIVFSHLWAGKFFAIIFFGLLLIAALTTSITIYEVIITALQEKLRMRRGKAIVLTLSGIFLLGNIPAILGDNLWKNVTIFGKSIFDFYDYASGNILFMLTALGCAIFVGFVLKDEAKKELSSTKYSTFIKIWFNYVKFVVPLIILVIFISNLF,length1,1371
-1,1747766,1746185,1581,MSYPLEEVNKRRTFAIISHPDAGKTTITEKVLLYGNAIQTAGSVKGKGSAAHAKSDWMEMEKQRGISITTSVMQFPYNNCLVNLLDTPGHEDFSEDTYRTLTAVDSCLMVIDSAKGVEERTIKLMEVTRLRDTPIITFMNKLDRDIRDPMELLDEVENVLKIRCAPITWPIGCGKLFKGVYHLAKDETYLYQSGQGSTIQAVRVVKGLNNPELDVAVGDDLAQQLRDELELVQGASNEFEQDAFIKGELTPVFFGTALGNFGVDHFLDGLTQWAPKPQSRQADTRTVESAEEKFSGFVFKIQANMDPKHRDRVAFMRVVSGKYEKGMKLKHVRIGKDVVISDALTFMAGDRAHAEEAYAGDIIGLHNHGTIQIGDTFTQGETLKFTGIPNFAPELFRRIRLKDPLKQKQLLKGLVQLSEEGAVQVFRPLLNNDLIVGAVGVLQFDVVVSRLKTEYNVEAIYENVNVATARWVECADGKKFEEFKRKNEQNLALDGGDNLTYIAPTMVNLNLAQERYPDVVFYKTREH,length1,1581
-1,1728581,1726760,1821,MKSKNRVNMNLDLHFVHRIQQQAKTRANMTALRYKEHGLWRDISWKNFQEQLNQLSRALLTHNIDVQDKIAIFAHNMERWTIADIATLQIRAITVPIYSTNTAQQAEFILNHADVKILFVGDQEQYDQALEIAHHCPKLQKIVAMKSTIQLQQDPLSCTWESFIETGSNAQQDELTQRLNQKQLSDLFTIIYTSGTTGEPKGVMLDYANLAHQLETHDLSLNVTDQDISLSFLPFSHIFERAWAAYILHRGAILCYLEDTNQVRSALTEIRPTLMCAVPRFYEKIYAAVLDKVQKAPKLRQIMFHWTISVGQKHFDLRANNKAIPFLLKKQFALADKLVLSKLRQLLGGRIKMMPCGGAKLEPAIGLFFHAIGINIKLGYGMTETTATVSCWHDFQFNPNSIGTLMPKAEVKIGENNEILVRGKMVMKGYYKKPEETAQAFTKDGFLKTGDAGEFDEQGNLFITDRIKELMKTSNGKYIAPQYIESKIGKDKFIEQIAIIADAKKYVSALIVPCFDSLEEYAKQINIKYHDRLELLKNSDILKMFEQRINAVQKELAHFEQVKKFTLLSQAFSIKLGEITPTLKLRRKVILERYRKQIEAMYHSQEA,length1,1821
-1,1723448,1721024,2424,MTNNWVDIKNANLIIVQGGNPAEAHPVGFRWAIEAKKNGAKIIVIDPRFNRTASVADLHAPIRSGSDITFLMGVIRYLLETNQIQHEYVKHYTNASFLIDEGFKFEDGLFIGYNEEKRNYDKSKWNYQFDENGHAKRDMTLQHPRCVINILKEHVSRYTPEMVERITGVKQKLFLQICEEIGKTSVPNKTMTHLYALGFTEHSIGTQNIRSMAIIQLLLGNMGMPGGGINALRGHSNVQGTTDMGLLPMSLPGYMRLPNDKDTSYDQYINAITPKDIVPNQVNYYRHTSKFFVSMMKTFYGDNATKENGWGFDFLPKADRLYDPITHVKLMNEGKLHGWILQGFNVLNALPNKNKTLSGMSKLKYLVVMDPLQTESSEFWRNFGESNDVNPAEIQTEVFRLPTTCFAEEDGSIVNSGRWAQWHWKGCDQPGEALPDVDILSMLREEMHELYKKEGGQGIESFEAMTWNYAQPHSPSAVELAKELNGYALEDLYDPNGNLMYKKGQLLNGFAHLRDDGTTTSGNWLYVGQWTEKGNQTANRDNSDPSGLGCTIGWGFAWPANRRVLYSRASLDINGNPWDKNRQLIKWNGKNWNWFDIADYGTQPPGSDTGPFIMSAEGVGRLFAVDKIANGPMPEHYEPVESPIDTNPLHPNVVTDPTLRIYKEDREFIGSNKDYPFVATTYRLTEHFHSWTAQSALNIMAQPQQFVEIGEKLAAEKGIQKGDMVKITSRRGYIKAVAVVTKRLKDLEIDGRVVHHIGLPIHWNMKALNGKGNRGFSTNTLTPSWGEAITQTPEYKTFLVNIEKVGEA,length1,2424
-1,1647836,1645715,2121,MSNFGVIKRDGSRAEFEIQRIINAIKKAASAVNISDEFYCHQIGQEVGNEIFTRHQGEIDINQIQKVVEDKLMASRYPEIARAYIEYRHDRDLAREKRSQLTKEIEGLIEQSNVELLNENANKDAKVIPTQRDLLAGIVAKHYAKHHILPRDVVEAHEKGEIHYHDLDYAPFFPMFNCMLVDLEGMLSRGFKMGNAEIEPPKSIGTATAVTAQIIAQVASHIYGGTTINRIDEVLSPYVQISYEKHLKHAQEWNVPDVEGYAKALIEKECFDAFQSLEYEVNTLHTSNGQTPFVTFGFGLGTSWQSRLIQQAILKNRIRGLGKNHKTPVFPKLVFTIKKGLNQNKGDPNYDIKQLALECASKRMYPDILNYDQVVKVTGSFKAPMGCRSFLGAYEENSHEIHDGRNNLGVVSLNLPRIALESKNEEDFYRTLDERLAIAKKALMTRVARLENTKARVAPILYMEGACGVRLKADENVAQIFKNGRASISLGYIGIHETINALYKKGHIFDDEQLREKGIAIVRHLSEAVKRWQKETGYAFSLYSTPSENLCDRFCRLDTKKFGVIEGITDKGYYTNSYHLDVEKKVNPYDKLDFEMSYPPLASGGFICYGEYPNIQHNLKALEDVWDYSYDRVPYYGTNTPIDECYECGFTGEFECTSKGFVCPKCGNHDSTKVSVTRRVCGYLGSPDARPFNAGKQEEVKRRVKHL,length1,2121
-1,1613825,1612364,1461,MTEPLSKINGIITKNYLEMQPENQYFERKGLGEKDIKPTKIAEELVGMLNADGGVLAFGVADNGEIQDLNSLGDKLDDYRKLVFDFIAPPCRIGLEEILVDGKLVFLFHVEQDLERIYCRKDNENVFLRVADSNRGPLTREQIKNLEYDKNIRLFEDEIVPDFNEEDLDQELLELYKKKVNFTSDNILDLLYKRNLLTKKEGCYQFKKSAILLFSTMPERYIPSASVRYVRYEGTVAKVGTEHNVIKDQRFENNIPKLIEELTYFLRASLRDYYFLDVNQGKFIKVPEYPEEAWLEGVVNALCHRSYNVQGNVIYIKHFDDRLEISNSGPLPAQVTIENIKTERFARNPRIARVLEDLGYVRQLNEGVSRIYESMEKSLLAKPEYREQNNNVYLTLRNRVTAHEKTVSTATMLQIEKEWTNYNDTQKAILLYLFTNGTAILSELVDYTKINQNSIRAYLNAFIQQGIIERQSVKQRDPNAKYAFRKD,length1,1461
-1,1610840,1607816,3024,MVSGTKEKDLEIAIEKALTGTWRENMENKLGEPKAEYLPRHHGFKLAFSQDFDAQFAIDTRLFWQFLQTSQEAELARFQQLNPNDWQRKILERLDRQIKKNGVLHLLKKGLDIDSAHFDLLYPVPLASSGEKVKQRFEQNLFSCMRQVPYSASSNETVDMVLFANGLPIIALELKNHWTGQTAIDAQKQYLNRDLSQTLFHFGRCLAHFALDTEEAYMTTKLAGPATFFLPFNLGNNCGKGNPPNPNGHRTAYLWQEVFGKASLANIIQHFMRLDGSTKDPLDKRTLFFPRYHQLDVVRRLIADVSEHGVGKRYLIQHSAGSGKSNSITWLAYQLIEAYPRNEKAANGREADRPIFDSVIVVTDRRLLDKQLRDNIKDFSEVKNIVAPALSSAELRQSLEQGKKIIITTIQKFPFIVDGIADLGDKQFAVIIDEAHSSQSGSAHDNMNRAIGKTEDLDAEDVQDLILQTMQSRKMHGNASYFAFTATPKNSTLEKFGEKQADGKFKPFHLYSMKQAIEEGFILDVIANYTTYKSFYEITKSIEDNPEFDSKKAQSRLKAYVERSQQTIDTKAEIMLDHFIYQVFNRKKLKGKAKGMVVTQNIETAIRYFQALKHLLAGRGNPFKIAIAFSGSKVVDGVEYTEAEMNGFAESETKEYFDQDEYRLLVVANKYLTGFDQPKLCAMYVDKKLSGVLCVQALSRLNRSANKLSKRTEDLFVLDFFNSVEDIQQAFEPFYTSTSLSQATDVNVLHDLKDRLDETGVYEQAEVNDFTEGYFANKDAQQLSSMIDVAVQRFDDELELDLDRNEKVDFKIKAKQFLKIYGQMASIINFENIAWEKLYWFLKFLVPKLKVQDPMDEFDEILDAVDLSSYGLARTKLNYSIKLDDEETELDPQNPNPRGTHGEDKEKDPIDEIIRVFNERWFQDWSATPDEQRVKFINITERIRSHKDFEQKYQNNPDIHTRELAFQAILRDVMSERHRDELELYKLFAKDAAFRTAWTQSLQRALAG,length1,3024
-1,1602689,1601402,1287,MIDPNLLRNNLAEVAEKLKVKRNFMLDTEKLTALEDQRKNLQVTTENLQAERNARSKAIGAAKVRGEDIAPLLAEMDDMGNQLTEAKAQLDAVLAEINQIALSIPNLPADEVPLGKDDTENKEILRWGTPHTFDFEVKDHITLGEEANGLDFAAGAKLAGARFAVMKGQIAKMHRALAQFMLDLHTEQHGYLETYVPYLVNHATLYGTGQLPKFGEDLFHTLALEGEQPYALIPTAEVPVTNLVRDVIIDEAELPIKMTAHTPCFRSEAGSYGRDTRGLIRMHQFDKVEMVQIVDPDKSMEALEELTGHAEKVLQLLNLPYRKVLLCTGDMGFGSCKTYDLEVWLPAQNTYREISSCSNMWDFQARRMQARCKAKGDKKTRLVHTLNGSGLAVGRTLVAVLENYQNADGSITVPEELRPYMGGLDVIGK,length1,1287
-1,1578875,1577561,1314,MPTLEKTFELKQRGSTVRQEIIAGLTTFLAMVYSVIVVPNMLGAAGFPAESVFIATCLVAGLGSILIGLWANAPMAIGCAISLTAFTAFSLVIGQKVAIPVALGAVFLMGVVFTLISTTGIRAWILRNLPSNIAHGAGIGIGLFLLLIAANGVGLVVSNQAGLPVKLGDFTSFPVMMSLIGLALIIGLEKMKIKGGILWVIIAITIVGLIFDPNVKFGGEIFKMPTFGENSLFLQLDFMGALQPAILPVVFALVMTAVFDATGTIRAVAGQADLLDKDGQIINGGKALTSDSISSLFSGLFGTAPAAVYIESAAGTAAGGKTGITAIVVGVLFLLMLFFQPLAFLVPGYATAPALMYVGLLMLSNVSKLDFDDFVGAMSGLICAVFIVLTANIVTGIMLGFAALVIGRIVSGDIKRLNVGTVIIAIVLVAFYAGGWAI,length1,1314
-1,1503683,1501874,1809,MLLSKKSATFALSAFAMLFTSVALAKEAPQAHKAVELSILHINDHHSYLEPHETRINLNGQQTKVDIGGFSAVNAKLNKLRKKYKNPLVLHAGDAITGTLYFTLFGGSADAAVMNAGNFHYFTLGNHEFDAGNEGLLKLLEPLKIPVLSANVIPDKSSILYNKWKPYDIFTVDGEKIAIIGLDTVNKTVNSSSPGKDVKFYDEIATAQIMANALKQQGINKIILLSHAGSEKNIEIAQKVNDIDVIVTGDSHYLYGNDELRSLKLPVIYEYPLEFKNPNGEPVFVMEGWAYSAVVGDLGVKFSPEGIASITRKIPHVLMSSHKLQVKNSEGKWAELTGDERKKALDTLKSMKSISLDDHDAKTDKLIAKYKSEKDRLAQEIVGVITGSAMPGGSANRIPNKAGSNPEGSIATRFIAETMYNELKTVDLTIQNAGGVRADILPGNVTFNDAYTFLPFGNTLYTYKMEGSLVKQVLEDAMQFALVDGSTGAFPYGAGIRYEANETPNAEGKRLVSVEVLNKQTQQWEPIDDNKRYLVGTNAYVAGGKDGYKTFGKLFNDPKYEGVDTYLPDAESFIKFMKKHPHFEAYTSSNVKFNASTDALPKK,length1,1809
-1,1486829,1483748,3081,MTQYKTIAESNNFIVLDQYNKFVEEPNAGYQTEGSLEREFIRDLQAQGYEYLQGLNNHDELIKNLRVQLQRLNNVIFSDAEWQRFLEEYLDKPSDNLIEKTRKIHDDYIYDFVFDNGRIQNIYLLDKKNLANNSLQVINQFEQTGSYDNRYDVTILVNGLPLVHIELKKRGVAIREAFNQIHRYSKESFNKENSLFKYIQIFVISNGTDTRYFANTTKRNKNSYDFTMNWATAKNTLIKDLKDFTATFLQKNTLLNVLVNYCVFDVSDTLLIMRPYQIAATERILWKIKSSYHAKNWSNKESGGYIWHTTGSGKTLTSFKASRLATELDFIDKVFFVVDRKDLDYQTMKEYQRFSPDSVNGSESTAGLKRNIEKDDNKIIVTTIQKLNNLMKSEENLSIYQKQVVFIFDEAHRSQFGEAQKNLKRKFKKFYQFGFTGTPIFPENALGAETTTSVFGTELHSYVITDAIRDDKVLKFKVDYNDVRPQFKALETEKDPEKLTALEQKQAFLHPERIKEISQYLLNNFKQKTHRLNATGKGFNAMFAVSSVEAAKRYYETLQNLQAEQEHPLKIATIFSFAANEEQDAIGDIPDETFEPTALNSTAKEFLTKAIDDYNHYFGTNYGVDSQSFQNYYRDLAKRVKNQEVDLLIVVGMFLTGFDAPTLNTLFVDKNLRYHGLMQAFSRTNRIYDTTKTFGNIVTFRDLEQNTIDAITLFGDDNTKNMVLEKSYETYFNGDENQRGYLEVVQELQNRFPNPTEIETEQDKKEFVKLFGEYLRVENILQNYDEFAALQALQAVDLNDPIAMEKFKQVHYVNDEQIAEMLKVPTLPVRAEQDYRSTYNDIRDWLRQRKEGNDKDNSPINWDDVVFEVDLLKSQEINLDYILALIFEHHKKNQDKEVLIDEIRRTVRSSLGNRAKESLIVDFINQTNLDDIPDKATLIDSFFLFAQAEQRKEAESLIQEENLNVDAAKRYISTSLKREYASENGTALNEVLPKMSPLTPQYLTKKQTIFQKIAAFVEKFKGVGGKI,length1,3081
-1,1460612,1458773,1839,MTDKITFNDLGLPEFILKAVSDLGFETPSPIQQACIPHLLSGNDVLGMAQTGSGKTAAFALPLLAQIDPSEKHPQMLVMTPTRELAIQVADACEQFVKYAHGTRIVTLYGGQRYDIQLRALKQGAQVVVGTPGRILDHIRRGTLNLSELRFIVLDEADEMLRMGFIDDVETVMAELPENHQTALFSATMPEPIRRITKRFMNDPQEVKIKVNNENAPDIDQSCWYVHGVRKNEALLRFLEVEDFDAAIIFARTKTGTLDITELLEKNGFRSAALNGDMTQQLREQTLDRLRNGSLDIVVATDVAARGIDIERISLVVNYDIPLDAESYVHRIGRTGRAGRSGRALLFVEPRERRLLRNIEHLIKKGINEVELPNHLVLQECRRKKFVAKITKQLEHHDLEQYRSLLEDLFTADQDQEDIAAAMLMLLQGKQKLILPPDPPMEKRRRERNERGDRRENPRSAERRGERKGYGNPQPMDLYRIEVGRADGVEVRHIVGAIANEGDINSRYIGHIKLYDDYTTVELPQGMPKELLQQFGKTRILNKQMQMSFLGAVKSDNSRGSDDFNGKRKGRGSDFRGEHGRERGNDNRGNRKFNEKSNRTFSDKPRRDRRSSF,length1,1839
-1,1458593,1457207,1386,MVFPWQFLRHTEENHYTAIQARGSLYVGTINNQISYFINKDSERGFEYELAKAFADTLGVELEMKIFDNQEQLFDELDKHNIDLAAAHLLYHPKNAERFQIGPAYHSASWQLAYRKNENRPKNLGNVKKDIYISNNLALEETLKELQKQYPQLTWKRNQALTQEELLLQLAEGKIPYVIANSIDIAAIQQIKPELAIAFDITDEANVHWYLPNSPYRDLQTALLNFMNNAEETGLLDNLKEKYLGHISQFDYVDTRSYMNAIENTLPQFSPLFEKYKGELDWRLLAAVAYQESHWNPDATSPTGVRGIMMLTKNTAQHMKISDRTDPEQSIKAGSEYLHWLISQLPESIEKEERIWFALVAYNIGLGHLIDARRLTQNLGGNPDNWLNVKKNLPLLAEKRYYSQLKYGYARGYEAYQYVENIRRYMNSIVNYHRVQENQTTNDNANNESAVKNLEEIKENKD,length1,1386
-1,1426388,1423649,2739,MYKLNVISLIILTTYTGATYASTRDFPQDHTTVSGTVTVTTTVDKMTIKQESDKAQINWKSFDIGQNKEVEFKQPSPNAVAYNRVTGGNASQIQGKLTANGKVYLANPNGVIITKGAEINVAGLLATTKDLEQISENGNGNSYQFTRKTKDGQELKEGKVLNEGKIKAKDFVVLNGDEVINKEEINVTNGKVYLSSGDNFTFTLLPDSGISVALEDNAVRGIVKNEGIIKAEDITLNAKGRKEALDSLVMNNGVLEATKVSNKNGKVVLSADEIKLDDKSNIKGDMVSFVADVTSNKELKDNIKITSQTGSKVTSPKIDFKGKSVNINGNFGRDDSKAHYNDEHKTLKTEVNIDVPDDENIRIANIEDEDKDSTGSFIQTDALSSLLANNGKVTLKGNNVNISGRIHIDSFRGSDSLLKLTNKGHIKINNADIHSKGRLFFITSLQNEEDFKSNITITDSKINLGNGAMGLGRSVNESDYDNKYQKTEGSQRKKFNVKMSNVEFNQVDDVILAGGFEKVNLDKIVATGQTNFYIDGGVSRNRTNGEPWKYEYGVLDLDKRTQLSELDQGRRRWGYYYDLELDMNRAYLYRFDLFAAKNTRRSTIKGTEINISNSNINLKNGFVHLLAEKIKLDNSKIDITFDKDNSQDTLAQTNRLGMNGKVSMINSHIKIVGDEKSGISPTGTYATMFLIGELIGEKSSIFVKSHQGYTFKTDGDTKIAGKNSKEDLKITAINTGGRAAEEVLINGALGSADNDANIANMAFTIGDSANTKTTIENADITALAPNGGTAYLSSKDVEIEVKPNSDFTFFELPREKNLNQTKINGASTKLSERGFARLYDKINGVRASNLSAEQLNVTDSSEKIINTNLVSSLDVEKLVSVAVCDAGKGCEEQQFGDKGNNTKVSVGELEAEQ,length1,2739
-1,1413476,1411823,1653,MIAYIFLALFTIAAVIFIVNSHYRWTYFFAITLFTFLFGGMLMVSSQWQRALNFSSVLFVVLMLFHRLKIHYYKQPLLISDFFLVVDWRNWETLIHYKGALFGVIGLLALLGYAIFGFNDAESLGVLGNSIGVLLFIVSFSLMWHYSKNPSAVQVWLDSLPDDGRDVFLNLPMSCRGIFFKVPNFDGNSQNFIEKMTALSFDTNNLSETKPDIVVTLMESTLNPHQFAFSQQSIPPLSMFEPQHDTVFASPLRVHTFAGATWKSEFAFLAGVPSTDFGALASGVFYSVVPHLQSGLVKNLKAQGYFCVALSPFTKGNYNAKSAYDHFGFDLMLQPQDLGYPAPISKNLWDISSEEMMKYTRMILEKQHPALENVDQPMFVYVLTMREHGPYELGMENTFNLQMPNLGAKSISALNDYTQRIVALNDAIEGMNNYLHERKKPFVLGYFGDHQVAFDNVIPPKKGDYAQPDYVTQFVVRSNCSHQFKQEQKFLDLAFAGGVLMNVAGLSADDEFMKANMAMCKLSNGKLEDSSDIQLLNDYRHYLYQALAIAR,length1,1653
-1,1386236,1384670,1566,MKNLNRILLSIKFMNKYFTYLIAIISGLLGVFAFSPFDYWPLTYVSLLGLLYVAKNPKKSTALLSTFLWAMGFFCFGVSWLNVSIHQFGGASLGVSYFLVGLLAAYLALYPMLFTYLVQRFKVQSAVIFAVIWTLTEFLRGWIFTGFPWLQFGYTQIDSPFYGIAPIFGVTGLTFFTVWSSAVIFNLVSSLFKTKNLKLVLANALLLIIVGGLSIYSSRIHFVKSVEDKAISVTLAQGNIEQNLKWDPNYFYSTLAIYQKLIADNLGKTDLIILPESALPTLENAITPFFEGLERAAKETKTEIMIGTVFQDTKSGKLLNSIMTAGNPDFPYQPDTPNRYNKHHLVPFGEYVPLESILRPLNSVFNLPMSAFQSGEAVQPSLIAKKRAFSPAICYEIIFGEQVRQNLKQDTDYLLTLSNDAWFGDSIGPWQHLQMARMRALELGKPLIRATNTGISVFVDAQGKVLAQAPQFIETTLTYKIAPAKGKTPYSVLGNMPLYALSLLFLLLHSMMAFIRRKMNIQ,length1,1566
-1,1364378,1363028,1350,MLSNPVVISIIVLLALSLLRINVIIALVIAALTAGFIGDLGLTKTIETFTGGLGGGAEVAMNYAILGAFAIAISKSGITDLIAYKIITKMNKTPTAGNLTWFKYFIFAVLALFAISSQNLLPVHIAFIPIVVPPLLSIFNRLKIDRRAVACVLTFGLTATYILLPVGFGKIFIESILVKNINQAGATLGLQTNVAQVSLAMLLPVIGMILGLLTAIFITYRKPREYNINVEEATTKDIEAHIANIKPKQIVASLIAIVATFATQLVTSSTIIGGLIGLIIFVLCGIFKLKESNDIFQQGLRLMAMIGFVMIAASGFANVINATTGVTDLVQSLSSGVVQSKGIAALLMLVVGLLITMGIGSSFSTVPIITSIYVPLCLSFGFSPLATISIVGVAAALGDAGSPASDSTLGPTSGLNMDGKHDHIWDSVVPTFIHYNIPLLVFGWIAAMYL,length1,1350
-1,1357865,1356551,1314,MVLLYTPKQKTNNVQTITADILDLDYQGLGVAKINGKTWFIENALPHEKVECRILEDKRQYGHATAKKWRVKSSERLEPKCAHFMRCGGCQGQHIPIEMQRKAKQSALFKRLSKLQSEPISFQPMICGDAWAYRRRVRLSLWFNPNTKQIDMGFRQKNTNDLIPVQSCEVAEPAINYLLPKLTALLEKFSTPKQLGHIELVAADNGVAMLLRYTKNLAEIDRTLLLKFAEQEKLMLFLQSDKGIEQIYGDAPYYQFSDGIKLHFDIRDFIQVNSALNERMINTALDWLELSQQDCVLDLFCGMGNFTLPLAKRVKSAVGIEGVFEMVQKAAQNAARNQIKNIEFFQADLDQSFVEQPWANQSFNKILLDPPRSGAAFALNALCELKAEKILYVSCNPATLVRDAEILCDFGYKIEKSAVIDMFPHTGHLESITLFTTK,length1,1314
-1,1307330,1305644,1686,MEKIWFQNYPEGSEKFLDTSKYESILDMFDKAAREHPDRPAYINMGQVLTFRKLEERSRAFAAYLQNEFKLQRGDRVALMMPNLLQYPIALFGILRAGLIAVNVNPLYTPRELELQLQDSGAVAIVVVSNFASTLEKVVFNTNVKHVILTRMGDQLSFGKRTLVNFVVKYVKKLVPKYKLPHAVTFREVLSIGKYRQYVRPEISREDLAFLQYTGGTTGVAKGAMLTHGNIITNVFQAKWIAEPFIGDHSRTRSAILALPLYHVFALTVNCLLFLELGVTAILITNPRDIEGFVKELKKYRFEAITGVNTLFNALLNNENFKEVDFSALKLSVGGGMAIQQSVATRWHELTGCNIIEGYGMTECSPLIAACPINVVKHNGTIGVPVPNTDIKIIKDDGSDAKIGEAGELWVKGDQVMRGYWQRPEATSEVLKDGWMATGDIVIMDESYSLRIVDRKKDMILVSGFNVYPNEIEDVVMLNYKVAEAVAIGVPHAVSGETIKIFVVKKDDSLTRDELRNHCRQYLTGYKIPKEIEFRDELPKTNVGKILRRVLRDEEIAKRSKH,length1,1686
-1,1295441,1294088,1353,MKKFNQSLLATAMLLAAGGANAAAFQLAEVSTSGLGRAYAGEAAIADNASVVATNPALMSLFKTAQFSTGGVYIDSRINMNGDVASSAIVSNQMKATHNGSASARNVVPGAFVPNLYFVAPVNDKFALGAGMNVNFGLKSEYDDSYDAGIFGGKTDLTAINLNLSGAYRVTEGLSLGLGVNAVYAKAQVERNAGTIADSIQDQTVKNAFSVLSEELKHLPQYLSSKDKSVVSLQDRAAWGFGWNAGVMYQFNEGNRIGLAYHSKVDIDFTDRTATSLGVGKKGDLTLTLPDYLELSGFHQLTDKLAVHYSYKYTHWSRLTRLYASSENGKKAFDKELQYSNNSRVALGASYNLYEKLTLRAGIAYDQAASRHHRSAAIPDTDRTWYSLGATYKFTPNLSVDLGYAYLKGKKVHFKEVNAIGDERTLTVNTTANYTSQAHANLYGLNLNYSF,length1,1353
-1,1278377,1277036,1341,MCKPQQKHYGRQVMNTQNSLKQVATATMVGTAIEYFDNYIYAMAAVLVFNHQFFHAADPLSGQIAALSTLALTFIARPLGAILFGHFGDRFGRKNTFVMSLLLMGISTVVIGLLPTYDSIGIWATILLCLCRIGQGIGLGGEWGGAALVAVENAPEGKRGWYGTFPQLGAPLGLLLANGVFLGITAIFGQEAMTEWAWRIPFLSSVILVAIGLYVRLKLTEAPIFLAALNKPQPKRLPMLEVVTTYFKPFFLGMLVCIAGYVLFYIMIAFSQIYAKSAPTVSEAGYAMGLGFSPQIFTALLMASAVSLAITIAASGKYIDKIGRRIWLIWTTVGVAIFGLSLPLFLENGTTTSLFWFLFIGMGLIGMGYGPLASFLPELFPTHARYSGASLTYNIAGLFGASVAAIIALPLNAHYGLKGVGIYLTLNAVLSLIGLWFISETKDKLLS,length1,1341
-1,1276865,1275488,1377,MTTQFKPELLSPAGSLKNMRYAFAYGADAVYAGQPRYSLRVRNNEFNHANLKIGIDEAHSLGKKFYVVVNIAPHNSKLKTFIKDLQPVIDMKPDALIMSDPGLIMLVRENFPNIDIHLSVQANAVNWATVKFWKQMGLTRVILSRELSIDEIAEIRQQVPDIELEIFVHGALCMAYSGRCLLSGYINKRDPNQGTCTNACRWEYKMEEGTTDEVGNIVPKIDPAQQIEVKNVAPTLGDGTVTDKVFLYTESQKPDEQMTAFEDEHGTYFMNSKDLRAVQHVEKLTALGVHSLKIEGRTKSFYYCARTAQVYRKAIDDAAAGKPFDESLMDTLESLAHRGYTEGFLRRHTHDEYQNYEYGYSISDRQQFVGEFTGKRNEQGMAEVAVKNKFLLGDNVEMMTPQGNINFKIEKMLNRKNETVDAALGDGHFVFLNVPQDINLNYALLMRNLVNTNTRNPHC,length1,1377
-1,1269881,1268327,1554,MEFTMTNIQAFMKNFLGASPEWYKLAIVVFLIINPIVFFFISPFIAGWLLVAEFIFTLAMALKCYPLQPGGLLAIEAIIIGMTNAKHVKAEIMANFEVILLLIFMVAGIFFMKQLLLYVFTKLLVKIRSKIALSIAFCFSAAFLSAFLDALTVVAVIISVAMGFYGVYHKVASGNNLIDAVDISDDRKIIEQQHEILEKFRAFLRSLMMHAGVGTALGGVMTVVGEPQNLIIAEQAKWNFMEFFLRMAPVTIPVFICGLLTCFLVEKFKLFGYGEKLPDEVWKVLSDLDRTNSEKMSKQDKIKLGMQALIAIWLILGLAFHLAAVGLIGLSIIIFATSFTGVTDEHTIGKAFQESLPFTALLVVFFSVVAVIIDQKLFSPIIHFVLSAEENTQLALFYLFNGLLSSISDNVFVATVYINEAKAALTNGVIAPHQFELLSVAINTGTNLPSVATPNGQAAFLFLLTSSISPLIRLSYGRMVYMALPYTIVLSIIGLLAIEFILPAATIWLASLGLILPI,length1,1554
-1,1202972,1201532,1440,MSENLLLFSLLAVVIILILLLILRQQKYTHLHQELSKTTQDYNQLASKFDELSSIKNQFEQQTIKVQTENQGLQYRLTERDEQIHHLTQERQNLTEKLTALSQELTGLQTTLTEKEKYFSAQQQNFEQSKQQLGVEFQNLANRILDEKSRSFSQSNQTALETLLKPFREQIEGFQKRVNEIHSESVKGNAGLEAEIKKVLEIGLNMSQEASNLTSALKGEKKTLGNWGEVQLERALQLAGLEENVHYRAQAHFKDEQGGRNYPDFVLNLPDEKHLIIDSKMSLVAYESAVNSEDDFERERLLKEHISALKTHINDLHKKDYSNLIGMCSPNFVLMFIAVEPAYIEALKADPALFNYGYERNVIMVSHTTLMPILRTVANLWRIERGNAEAKEIAEKAGEIYNQICLVAERLNKLGNTLSTVSNQYNSTVTALVGQQGLVGKVERFKTLSAKANKTMPDVDLLNNQLDLARLNVLNQENLQ,length1,1440
-1,1200935,1199456,1479,METLLKISGVDKSFPGVKALNNACLSVYAGRVMALMGENGAGKSTLMKVLTGIYSKDAGTIEYLNRSVNFNGPKASQEAGISIIHQELNLVGNLTIAENIFLGREFKTSWGAINWQKMHQEADKLLVRLGVTHSSKQLCAELSIGEQQMVEIAKALSFESKVIIMDEPTDALTDTETEALFNVIRELKAENRGIVYISHRLKEIFQICDDVTVLRDGQFIGERVVAEITEDDLIEMMVGRRLDEQYPHLSQEKGECVLDVKNVSGSGIDDVSFKLHAGEIVGVSGLMGAGRTELGKLLYGALPKTAGKVRLKNQEIENLSPQDGLDNGIVYISEDRKGDGLVLGMSVKENMSLTSLDHFSQKGSIRHQAEKMTVDDFILMFNIKTPNRDQQVGLLSGGNQQKVAIARGLMTRPNVLILDEPTRGVDVGAKKEIYQLINEFKKEGLSILMISSDMPEVLGMSDRVLVMREGKISAEFSRKDATQEKLLAAAIGK,length1,1479
-1,1155968,1154324,1644,MAAKDVKFGNDARVKMLKGVNVLADAVKVTLGPKGRNVILDKSFGAPTITKDGVSVAREIELEDKFENMGAQMVKEVASKANDAAGDGTTTATVLAQAIVNEGLKAVAAGMNPMDLKRGIDKAVSAVVSELKNLSKPCETAKEIEQVGTISANSDSIVGQLISQAMEKVGKEGVITVEDGTGLEDELDVVEGMQFDRGYLSPYFINKPETATVELDNPYLLLVDKKISNIRELLPVLEGVAKAGKPLLIIAEDVEGEALATLVVNTMRGIVKVAAVKAPGFGDRRKAMLQDIAILTAGTVISEEIGMELEKATLEDLGQAKRVVINKDNTTIIDGIGDEAQIKGRVAQIRQQIEESTSDYDKEKLQERVAKLAGGVAVIKVGAATEVEMKEKKDRVDDALHATRAAVEEGIVAGGGVALVRAAAKVAASLKGDNEEQNVGIKLALRAMEAPLRQIVTNSGEEASVVASAVKNGEGNFGYNAGTEQYGDMIEMGILDPTKVTRSALQFAASVAGLMITTECMVTDLPKDDKADLGAAGMGGMGGMGGMM,length1,1644
-1,1097771,1094666,3105,MQSQPTNQPTNQPTNQPTNQPTNQPTNQPTNQNSNASEQLEQINVSGSTENTDTKTPPKIAETVKTAKTLEREQANNIKDIVKYETGVTVVEAGRFGQSGFAIRGVDENRVAITVDGVAQAETLSSQGFKDLFEGYGNFNNTRNGIEIETLSDAKITKGADSLMSGSGALGGSVIYKTKDARDLLLNKNYAFKYKTGFTSENDERLNSITFAGKASIFDVLAVGTWRNGHEIKNYDYKSADDILGKLREKTDPYNKKDRSLLLKIGTNLGENNRIAVAYDRRRVENKGLDKSYSLHGCTKYVCDDNEIDTRHTHDESIRTSKSIAFENTNINPLWDTLKLSYTDQSITQRARSDEHCDGERCPGVQNPIGLHYNNDNKLVDKNNNPVTYKLENRSVTYYSYIDESIFNRYSNFKEEVPVELAKEWKLKEYGGKYYIDSPRCFKNHGDANHEGMCRLRSDVKEEKETLVANNITYDLKKEYFINSRLTNSDNLLSCDGINCDKGTIQGFEADGTPKDLPIKIIPKEGKKFALIEKISDQNGYNIGPEKASRFLVPNSPGYNRNIWKKRDLDTRTQQINLDLTKHFELGKSQHDLSYGLVWSKTTKSMINKEGLKVNSGKWWIDYPKDCESSTSDLCTKNSTASFLIPVETKDGSLYFKDEFRVNDRLGLDIGYRYDKVKYKTNYQPGITPKIPDDMLVNLFIKEPFVKNTRSLNPNDPNEINRRKNAEANINYISQPKKFNASSYALSTKFDPLDWLQVQAKYSKGFRAPTADELYFTFKHPEFTVLPGSKLKPEIAKTKELSLTLHDDEIGFISGGYFITNYNNFIDLSYLGTKSFGSQATKHELYQSVNLDNAKVTGFELKTKFTLGKWISWLKNVDFGYQLTKQKGKASDNRPLNAIQPMTQVMSLAYTHPDNLFGANLYLTHVSQKEASDTYNIYSKDATAGDKEYVQNKHIKWRSKAYTVTDFTFFVKPMKNLTLRAGVYNLFDKKYMTWDSARSIRMFGTSNLINQETGAGINRFYAPGKNYRMSVQFEF,length1,3105
-1,1083812,1081712,2100,MARTTPIERYRNIGISAHIDAGKTTTTERILFYTGVSHKIGEVHDGAATMDWMEQEQERGITITSAATTAFWSGMSQQFPQHRINVIDTPGHVDFTVEVERSMRVLDGAVMVYCAVGGVQPQSETVWRQANKYEVPRIAFVNKMDRTGANFLRVVEQLKTRLGANAIPLQLPVGAEENFTGVVDLIKMKAINWNEADQGMTFTYEEVPANMQADCEEWRQNLVEAAAEASEELMEKYLGGEDLTEEEIKSALRQRVLANEIILVTCGSAFKNKGVQAMLDAVVEYLPAPTDIPAIKGINPDETEGERHASDEEPFSSLAFKIATDPFVGNLTFFRVYSGVINSGDTVLNSVRQKRERFGRIVQMHANKREEIKEVRAGDIAAAIGLKDVTTGDTLCAIDAPIILERMEFPEPVISVAVEPKTKADQEKMGLALGRLAQEDPSFRVHTDEESGETIISGMGELHLDIIVDRMKREFKVEANIGKPQVSYRETIRTRVNDVEGKHAKQSGGRGQYGHVVIDLYPLDPEGPGYEFVNEIKGGVIPGEYIPAVDKGIQEQLKSGPLAGYPVVDLGVRLHFGSYHDVDSSELAFKLAASLAFKAAFSKANPVLLEPIMKVEVETPPEYVGDVIGDLSRRRAMVNGQEANEFVVKIDAEVPLSEMFGYATDLRSQTQGRASYSMEPLKYAEAPTSVAAAVIEARKK,length1,2100
-1,1052600,1050857,1743,MMIDKRLINTVADSKKWIGVTVLWNWVALVGGIISAVVFSYILQAAYFHELSLLSAVILGIVLIAALALRAFAGKKSVQASYFASTKVKHELRSLIYRKLASMPLNQVNQQSTSSIIQVASEGVEQLEIYFGRYLPQLFYSLLAPLTLFVFLIFFSFKTAVILLICVPLIPMSIIAVNKIAKKLLAKYWSIYVGLGSSFLDNLQGLITLKIYQDDAYKAKEMDKEAEHFRKITMKVLTMQLNSVSLMDLLAYGGAAIGILTALLQFQNAQLSVLGVILFILLSSEFFIPLRLLGSFFHVAMNGKAASDKIFTLLDTPVETQQSAVDFEAKNNVQVEIKDLHFSYSEEKPAITGLDLSILPNQLTVFVGKSGCGKSTLVSLLMGFNKAQQGEILFNGQNALNIDRTSFYQKVSLVSHSSYVFKGTLRENMTMAKIDATDEQIYACLEQVNLAHFVRENGGLDMQLLSRGANLSGGQIQRLALARALLHNAELYIFDEATSNIDVESEEIILQFIQQFKQQKTIVMISHRLANAVNADCINVLDQGKLIEQGTHETLMAKQGAYAEMFQQQKDLEQIREVANA,length1,1743
-1,1009700,1008284,1416,MENFKHLPEPFRIRVIEPVKRTTREYREQAMLKSGMNPFLLDSEDIFIDLLTDSGTGAVTQDMQAAMLRGDEAYSGSRSYYALAKAVKDIFGYEYTIPTHQGRGAEQIYIPVLIAKREREKGLDRSKMVVFSNYFFDTTQGHSQINGATVRNVYIKEAFDTTAKHPFKGNFDLEKLEKGIQEAGAHNVPYIVCTITCNSAGGQPVSIANLKGMYEIARKYDIPVIMDSARFAENAYFVQQREEAYKDWTIEQITYESYRYADGLAMSAKKDAMVPMGGILAFKDKSMEEVYHECRTLCVVQEGFPTYGGLEGGAMERLAVGLHDGMRQEWLAYRIAQIEYLVAGLEKIGVPCQQPGGHAAFVDAGKLLPHIPADQFPAQALSCELYKVAGIRAVEIGSFLLGRDPKTGKQLPCPAELLRLTIPRATYTQTHMDFIIEAFQKVKENAENIKGLTFTYEPKVLRHFTARLKEVE,length1,1416
-1,995492,994196,1296,MSLNIETTQGLERRVAITVPTEIVSKAVREEFKRAAKNVRVDGFRKGHVPAHIIEQRFGASIRQDVLNDLLPRHFFDAVIAEKINIAGRPTFAIETFEEGKDLVFTATFEVYPEVKLQGLENIKVEKPTVEITEADIDKMIDVLRKQQATWAESQDVVKADDRVTIDFVGSVDGEEFEGGKATDFVLFMGQGRMIPGFEEGIVGHKAGEQFDIDVTFPAEYHAENLKGKAAKFAITLKKIENMVLPELTDEFVAKFGPNTKSVADLRAEIRKNMERELKNALVSRVKQQVINGLIEQNPIDVPASAVEEEINVLRNQAAQRFGGNAQQTAQLPRELFEAEATRRVQVGLLFSEVIKSNELKADEERAKAMIADIASAYEQPAEVVEYYSKNEELMNNIRNVVLEEQAVDAVLAKAQVTEKVSSFDEIMNPQA,length1,1296
-1,987695,986276,1419,MCFSGTMLVPAFVALIYGDGGGKAFMQAFMLSLTAGTLLWWPCHHHKQELRSRDGFLIVVAFWLVLGSLATLPLLLFDSPHLTIASAVFEAFSGLTTTGATVMTGLDNLPKSILFYRQFLQWLGGMGIIVLAVAIIPLLGIGGTQLYRAESSGPLKDQKSLPKISEVAKALWIIYASLTVLCAIAYWLSGMNLFDAIGHSFSTISNGGFSTHDASIGYFNQASIYWVTTIFMLIGGVNFSLHISAFLALGKRNIWRNYWKDPEFRFFLTMQIIFIGIVSLSLYGYGLVSDINEAVTKGALQLTSMSMTAGYTIFDIDNLPPFIGLLLVISAVIGGCGGSTTGGLKAIRTLILWKQIDRELHSLIHPNLVQPIRIGKNRLAPRMIESIWAFFIIFILVYWGCVFAVILCGMNTFDAMGAVFATLTNAGPGLGFIHESFIGVPESAKLVFSFAMICGRLEMFSLIVLFIPSYWKK,length1,1419
-1,975974,973766,2208,MGSFGSISQTSSSDLDTWICVRDGLSPDEYTLLTQKAKRISEWAMQFNVEINFYLMDQQRFRNEHYADPLTIENSGSAQYMLLLDEFYRSAVRLAGKPLLWLHLWVENEKDYEKQVARLITEGEIDPNDWVDFGGLGQFSANEYFGASLWHLYKGIDSPYKSVLKILLLEAYSKEYPNTCLIARTFKRDLLSGNTNPDHHFDPYIAILAKVTQYLTALSEFKRLDFVHRCFYVKATEDFARYQANNWRIRYMEILAQEWGWSAETVKHLNKRPFWKIKAVKENHDNIMKFLMLSYRNLVEFARKHHIHSSVVPQDINILSRKLYTAFEELPGKVSLLNTQISHNLSEAHLTFVEVRGNKHFKDGWYLINQPIHHIMFSKERVIEYGESLNKLVSWAYFNHLLTEKTELSIFSKNVTLSTLQRFVTNLRQSFPSTIAKQPKNSDLLNQCEIRSLFIAINLTTDPTSKVEEVLTGISSRDLFSFGSLEQSLVGSIDFTYRNVWNEIRTLHFEGQNAILLALKVLSNKIYRGVNRPDSIQVYCYSERYRQDLRQLVMGLVNRCVSIQVGDIQQPCQTSRLRVAGKNWQLFFEDRGISLQEIGNESVCNDAESAVDFDEVLQTPIEDGETNQESRRYPPEMDAFASEGFLQFFFEDNSDHSFNVYILDESNHLEIYRHCDGEKDEKVREINQLYQNAKQEGDKNPYNIVQHNFNYPQFYQLQNGKNGISIVPFKFRQMNK,length1,2208
-1,928973,927434,1539,MKNLLTNPQPSQSDYINAIVKLGSRVYEAAQVTPLQKMGKLSERLHNNIWIKREDRQPVNSFKLRGAYAMISSLSEEQKAAGVIAASAGNHAQGVALSAKQLGLKALIVMPQNTPSIKVDAVRGFGGEVLLHGANFDEAKAKAIELSKEKNMTFIPPFDHPLVIAGQGTLAMEMLQQVADLDYVFVQVGGGGLAAGVAILLKQFMPEIKIIGVESKDSACLKAALDKGEPTDLTHVGLFADGVAVKRIGDETFRLCQQYLDDMVLVDSDEVCAAMKDLFENVRAVAEPSGALGLAGLKKYAKQNHIEGKNMAAILSGANLNFHTLRYVSERCEIGENREALLAVTMPEQPGSFLKFAYVLGNRAVTEFSYRYADDKRACVFVGVRTTNEQEKADIIADLTKNGFDVEDMSDDDIAKTHVRYLMGGRASNDNERLYTFEFPEQKGALLKFLETLQNRWNISLFHYRAHGADYGNILAGFQIEEREQAEFEQALAQLNYVFEDVTESKSYRYFLR,length1,1539
-1,892652,891032,1620,MGFLDKVKNLLKGNETELTQTDEAEVTASGRVLDDHPSAKITPSKLKQILEDAENGDIQAQHQLFMDIEEQDSSIAANMMTRKRSVLTLDWRIVEPRNATPAEEKLQAEIDELFYQYPNLEDLFIDLMDAVGHGFSALEIQWAQVDGKWVPKGFKPCPQSWFKLDKEDSLLLRTPANQMGEPLRPFGWVVHRHKSRSTQLARDGLYRTLAWLYMYKHYSVRDFAEFLELYGMPIRIGKYGAGATNAEKRTLLRALAEIGHNAAGIMPESMQIELHNVANAGAASGNNPFLQMVDWCEKSIARLILGQTLTSGADGKSSTNALGNVHNEVRRDLMISDAKQIAQTITQQIILPYLQINVDPNIAPHRIPYFEFDTKEYEDLSVFAEAIPKLTGIGVQISESWVRDKLGIPEPQEGELILSTPQGEKTDEKTTALSAVFNHGKDCTCGCRAAVLSAQNGKKDEQDELDGLIDDALANADFNQQLDPMMKQIVGVIMASESYDEAQEKLIALYPDLTSESHQAYLASAVFLADLLGAANAERT,length1,1620
-1,875468,873443,2025,MKSLMPQIDSNDGLFHNGNPATGEQGTRVTDTWLNDVQDRVRDLQAEAHYVLQKAEFTPKAETQTQLYQAIVKIIDDNRKTASLTQKGEVQLSSSTNSNSETKAATSKAVKTAYDKAVEAKTTADEKVGLNGNESINGEKTFENRIVAKRNIRISDNPHYASYGDHLNIGANNGDCWFEYKSSNREIGTLRMHANGDFTYKRNKIYHEGAKPQFNTDIEDKPDTLAGYGIGNFKVEQGQGDANGYKTDGNYYLASGQNLPENGEWHIEVVSGGATNAVRQIARKANDNKIKTRFFNGSNWSEWKDAGGDGVPIGAVVSFPRAVTNPVGFLRADGSTFSQQTFPDLYRTLGNHNQLPDLTHSDVGMTAYFAVDNIPAGWIAFDEIATQVTEQRYPELYRHLVGKYGSIERVPKVADRFLRNAGNSLSVGQTQEDELKRHVHRVPIDYDSWFDHSSQRRNNSYFDYTTFAQSSDLWSTLGYDNADGDNGFVSPKDTSQMATGGDETRPKSLILKLCIKALNSFDDVVFWIKSHGEVTNAGALDAGRLAQGLQDKAARNHTHAVSQITDFNQSVREIVTQSITQGFSQNLAETGWCKLPNGMILQWGKFNKGHGFVSNEQRLVTFPITFPNKVLFVGLTEFTNVWSYSTTVENRQRMTNSGFYVISQRNDSMYFALGF,length1,2025
-1,814508,812990,1518,MTAQTQCQDSQVLLTMTNVCKSFPGVKALDNANLTVRSHSVHALMGENGAGKSTLLKCLFGIYAKDEGEILFLGEPVNFKTSKEALENGISMVHQELNLVRQTSVMDNLWLGRYPLKGPFVDHAKMYRDTKAIFDELDIDVDPKEKVAKLSVSQMQMIEIAKAFSYNAKIVIMDEPTSSLSEKEVEHLFKIIDKLKQRGCGIIYISHKMDEIFKICDEITILRDGKWINTVNVKESTMEQIVGMMVGRELTQRFPEKTNVPKEVILQVENLTAKNQPSIQDVSFELRKGEILGIAGLVGAKRTDIVEAIFGVRELIEGTIKLHGKTVKNHTALEAINNGFALVTEERRSTGIYSNLSIEFNSLISNMKSYLTPWKLLSTKKMKSDTQWVIDSMNVKTPSHRTTIGSLSGGNQQKVIIGRWLLTQPEILMLDEPTRGIDIGAKFEIYQLIQELAKKDKGIIMISSEMPELLGVTDRILVMSNGKLAGIVESAKTSQEEILQLAAKYL,length1,1518
-1,791030,789641,1389,MTTESNAYRGLAWVAAMALFMQSLDATILNTALPAISSDLHKPAFEMQMAIIAYSLAVALFIPLTAWAAAKFGTLTVFRGAVFTFILGSVACAAASNLESLILARVIQGIGGAFMMPVARLAIIQAVPKQQLVNAWNLMATAGLIGPILGPILGGWLVIHASWHWIFLINIPIGVLGILASGSVMNNIKGKAEKLDWTGFLLFALGLVGITLGLDLLGESQHNSSVTYSILVVGILLLVTYCGYAKNNENAILPLSLFRTRTFRLGIIANIFIRLSASGVPFLLPLMFQLSFGYSAEMSGWLLAPIALISVMLKILIGRILNRWGYKTTLISSALLMAGSVISMAWLDKQSSLTWIICNLMWYGACMSIIFTSINTLAVGDLSKQQSGTGSTVLSIVQQVGIGFGIAVSSIILNLYRHFFNASDCLQQAFSYTFLTSSLFVIALVWSLMKLHKNDGDHLRKMP,length1,1389
-1,782156,779588,2568,MNIEKFTTKFQEALSEAQSLAIGKDNQFIEPVHLLTALLNQQGGSIAPILTASGVNVALLRNELKTELNKLPQVIGNGGDVQLSRQLINLLNLCDKFAQQNQDKFISSELFLLAALEERGTISDILKKCGAKKEQISQAIQHIRGGQNVNDQNAEESRQALEKYTIDLTARAESGKLDPVIGRDEEIRRAIQVLQRRTKNNPVLIGEPGVGKTAIVEGLAQRIVNGEVPEGLKNKRVLSLDMGALIAGAKYRGEFEERLKAVLNELSKEEGRVILFIDEIHTMVGAGKTDGAMDAGNLLKPSLARGELHCVGATTLDEYRQYIEKDAALERRFQKVFVDEPSVEDTIAILRGLKERYEIHHHVDITDPAIVAAATLSHRYISDRQLPDKAIDLIDEAASSIRMEIDSKPEPLDRLERRIIQLKLEQQALQKEEDEASRKRLEMLEKELAEKEREYAELEEVWKSEKATLSGSQHIKQELDTAKTELEQARRAGDLAKMSELQYGRIPALEKQLEQAETSEGKEMTLLRYRVTDEEIAEVLSKATGIPVSKMMEGEKEKLLRMEDELHKRVIGQEEAVDAVANAIRRSRAGLSDPNRPIGSFLFLGPTGVGKTELCKTLAKFLFDSEDAMVRIDMSEFMEKHSVSRLVGAPPGYVGYEEGGYLTEAVRRRPYSVILLDEVEKAHADVFNILLQVLDDGRLTDGQGRTVDFRNTVVIMTSNLGSDLIQGNKDESYSEMKALVMSVVSQHFRPEFINRIDETVVFHPLGKENIRAIASIQLERLAKRMETRGYELVFTDALLDFIGEVGYDPIYGARPLKRAIQQEIENSLAQQILSGALLPGKVVTIDYANAEVQARQ,length1,2568
-1,771491,770081,1410,MSNAIASVFKLIEENDIRFVLLRFTDIKGKEHGVSIPVSLVDEDMFEDGKMFDGSSVEGWKTINKADMLLMPIAETAVVDPFAQIPTLSIRCSVYEPTTMQSYDRDPRSIAIRAENYMRSTGIADQAFFGPEPEFFLFDDVRFNVSMNKASFSIDDIEAAWNTNKKYEEGNNAYRPLKKGGYCAVAPIDSAHDIRSEMCLILEEMGLVIEAHHHEVATAGQNEIATKFNTLTLKADETQIYKYVVQNVALEHGKTACFMPKPITGDNGSGMHCNMSLSKDGKNIFQGDKYAGLSETALYYIGGIIKHAKALNAFTNPSTNSYKRLVPGYEAPVLLAYSASNRSASIRIPAVTNPKAIRVEARFPDPLANPYLAFAALLMAGLDGVVNKIHPGDAMDKNLYDLPPEELKDIPAVASSLEEALNSLEKDYEFLTQGGVFAKDFIDAFISIKRKEVERLNMAPHPVEFEMYYA,length1,1410
-1,768872,767570,1302,MQITLSNNLANDAWGKNAILSFDSNKATIHLKNNEKTDRTLVQQAARKLRGQGIKNVELLGEEWDLEFCWAFYQGFYTAKQDYGIEFPHLDHDLQDELLARIECGDFVRGIINEPAQSLTPVKLAERAAEFILNQADIYNEKSAVSFKIISGEELEQQGYHGIWTVGKGSANLPAMLQLDFNPTQDPNAPVLACLVGKGITFDSGGYSIKPSDGMSTMRTDMGGAALLTGALGFAIARGLNQRVKLYLCCAENLISNNAFKLGDIITYKNGVTAEVLNTDAEGRLVLADGLIEADNQNPNFIIDCATLTGAAKMAVGNDYHSVLSMDDDLVKNLFQSAQEENEPFWRLPFEDFHRSQINSSFADIANIGSVPVGAGASTATAFLSYFVKNYQQNWLHIDCSATYRKSSSDLWAVGATGIGVQTLANLMLSKSLK,length1,1302
-1,757112,755516,1596,MADRPIRQALLSVSDKTGIVEFAQGLVKRGVKLLSTGGTAKLLAQNALPVMEVSDYTGFPEMMDGRVKTLHPKVHGGILGRRGTDDAIMQQHAIEGIDMVVVNLYPFAATVAKSDCTLTDAVENIDIGGPTMVRSAAKNHKDVAIVVNNNDFNAILAEMDQHQNSLTFETRFDLAIKAFEHTAQYDSMIANYFGQLVKPYHIAEEEEANAKCGQFPRTLNLNFVRKQTMRYGENAHQNAAFYVDLNVKEASVATANQLQGKALSYNNIADTDAALECVKEFDDPACVIVKHANPCGVALGKDILDAYNRAYQTDPTSAFGGIIAFNRELDEKTANEIVERQFVEVIIAPKVSAEAQEVMKRKKNVRLLECGEWTSRSERLDFKRVNGGLLVQDADLGMVGVDDLKVVSKRQPTEQELKDLLFCWKVAKFVKSNAIVYAKDNQTIGIGAGQMSRVYSAKIAGIKAQDEGLTVAGCVMASDAFFPFRDGIDAAAKVGIQCVIHPGGSMRDQEVIDAADEHNMVMVLTGMRHFRH,length1,1596
-1,752279,751016,1263,MFTRNMTIADYDPVLWQAIQDENRRQEEHIELIASENYASPRVMEAQGSQFTNKYAEGYPGKRYYGGCEYADIVEQLAIDRAKELFGADYVNVQPHSGSQANAAVYGALINAGDTILGMDLAHGGHLTHGAKVSFSGKIYNSVLYGITADGLIDYEDVRQKALECKPKLIVAGFSAYSQVVDWAKMREIADEVGAYLFVDMAHVAGLIAAGLYLNPLPHAHVVTTTTHKTLGGPRGGLILSSCGDEEIYKKLQSSVFPANQGGPLVHIIAAKAVCFKEALEPQYKEYQANVIKNAKAMVEVFKQRGYDVVSNGTENHLFLVSFIKQGLTGKAADAALGKANITVNKNAVPNDPQKPFVTSGIRVGTPSVTRRGFNENDVRELAGWMCDVLDALGKENEEQVIAETKEKVLAICKRLPVYPK,length1,1263
-1,746726,743630,3096,MYEEIRMKFTDIFIRRPVLAVSISLLMIILGLQAISKLAVREYPKMTTTVITVSTAYPGADANLIQAFVTSKLEESIAQADNIDYMSSTSAPSSSTITIKMKLNTDPAGALADVLAKVNAVKSALPNGIEDPSVSSSSGGSGIMYISFRSKKLDSSQVTDYINRVVKPQFFTIEGVAEVQVFGAAEYALRIWLDPQKMAAQNLSVTTVMSALSANNVQTAAGNDNGYYVSYRNKVETTTKSVEQLSNLIISSNGDDLVRLRDIATVELNKESDNSRATANGAESVVLAINPTSTANPLTVAEKIRPLYESIKTQLPDSMESDILYDRTIAINSSIHEVIKTIGEATLIVLVVILMFIGSFRAILIPILAIPISLIGVLMLLQSFNFSINLMTLLALILAIGLVVDDAIVVLENIDRHIKAGETPFRAAIIGTREIAVPVISMTIALIAVYSPMALMGGITGTLFKEFALTLAGAVFISGVVALTLSPMMSSKLLKSNAKPTWMEERVEHTLGKVNRVYEYMLDLVMLNRKSMLAFAVVIFSTLPFLFNSLSSELTPNEDKGAFIAIGNAPSSVNVDYIQNAMQPYMKNVMETPEVSFGMSIAGAPTSNSSLNIITLKDWKERSRKQSAIMNEINEKAKSIPEVSVSAFNIPEIDTGEQGAPVSIVLKTAQDYKSLANTAEKFLSAMKASGKFIYTNLDLTYDTAQMTISVDKEKAGTYGITMQQISNTLGSFLSGATVTRVDVDGRAYKVISQVKRDDRLSPESFQNYYLTASNGQSVPLSSVISMKLETQPTSLPRFSQLNSAEISAVPMPGTSSGDAIAWLQQHATDNLPQGYTFDFKSEARQLVQEGNALAVTFALAVIIIFLVLAIQFESIRDPMVIMISVPLAVSGALVSLNILSFFSIAGTTLNIYSQVGLITLVGLITKHGILMCEVAKEEQLNYGKTRIEAITHAAKVRLRPILMTTAAMVAGLIPLLYATGAGAVSRFSIGIVIVAGLSIGTIFTLFVLPVVYSYVATEHKPLPVFDENKTTH,length1,3096
-1,730235,728381,1854,MSQLANPELMKVVILLASSVTIVPLFKRLGLGSVLGYLVAGCLIGPSVFGIVQDPTAVVHLAELGVVMFLFIIGLEMYPERLWAMRKAIFGRGLLQVGLCGCLLTFSGIYLLGLTKEVSFIAGMGFTLSSTAIVMQSLEERGLTSTSKGQRVISTLIFEDIAIVPLLASVAFLAPHSKEATPHTDWVSIGIALSAVVGLIVTGKWLMNPLFRLISKARIREMMTAGALLVVLGAALAMEIGGLSMAMGAFVAGVMMSESAFRHQLEADIEPFRGLLLGLFFMGVGMSLDLHLVFNHWILLLGIVFLYILGKASAVYIIARITRLDHREAIGRMSLMAHGGEFAFVLFSAAATAEVISNEEQATFTAAVIISMLFSPIIAQIARKLIQRTEPKHLDQLDENDLDSIVDLEDNVLVIGFGRFSQIVCQTLLIRGISVSVIDRNIENIRAAAKFGFKVYYGDGIRLDVLRAAGIEKAKCVVLGINDTQRIEHIVSQMKEAYPNLPILTRTYDRKTTVSLIKQDVDFIVRETFESAITLSRATLMKLGIDKIEAEEIIKEVRTLDQERLNEEVLHGFSNEIVKKYWTPRPFIKPHLDTKALNKETEEILSEKIEEEISNDHS,length1,1854
-1,718124,715541,2583,MQEQYRPDMIEPKVQQYWAENKVFKAIKDESKEKYYCLSMFPYPSGRLHMGHVRNYTIGDVISRYQRMLGKNVLQPFGWDAFGLPAEGAAIKNKTAPAKWTYENIAYMKKQLQLLGFGFDWDREIATCKPEYYKWEQWFFTELYKKGLVYKKTSTVNWCPNDETVLANEQVHEGCCWRCDTPVEQKEIPQWFIKITDYAEQLLGGLDTLPQWPDMVKTMQRNWIGRSEGVEITFDVANTNEKVAVYTTRPDTFYGVSYLGIAAAHPLASLAAQNNPELAAFIQEAKNAKVAEADLATMEKKGMATGLFAIHPLTGDKLPIWVANFVLMHYGTGAVMAVPAHDQRDFEFAQKYSLPIKQVIAPLADEEIDLTKQAFVEHGKLVNSAEFDGKDFDGAFNGIADKLEKLGVGKRQVNYRLRDWGVSRQRYWGAPIPMLTLENGDVVPAPLEDLPIILPEDVVMDGVKSPIKADPNWAKTTFNGVPALKETDTFDTFMESSWYYARYTCPQYQNGMLDAEEANYWLPVDQYIGGIEHATMHLLYFRFFHKLLRDAGFVTSEEPADKLLCQGMVLADAFYYTSPTNERIWVSPTQVTLERDEKGRIIKATDPEGRELVHSGMTKMSKSKNNGIDPQEMVEKYGADTVRLFMMFASPAEMTLEWQESGVEGAKRFLGRVWNLVYQYQQNPAKTSLDITALSAAQKSLRREVHKTIAKVSDDIGRRQTFNTAIAAVMELMNKLTKASLESDQDRAVMAEALSAVVRMLYPITPHICFELWQALGNESAIDTAEWVKADEDAMVEDEKLIVVQVNGKVRGKVTVAADADEETVKTIAFADENVKKFVDNQHIVKVIYVAGKLLNVVVKP,length1,2583
-1,665204,663860,1344,MLEKVVIANRGEIALRILRACKELGIKTVAVHSTADRDLKHVLLADETVCIGPAPSAKSYLNIPAIIAAAEVTGADAIHPGYGFLSENADFAEQVERSGFTFIGPTADVIRLMGDKVSAIKAMKKAGVPCVPGSDGPVGNDIAKNKEIAKRIGYPIIIKASGGGGGRGMRVVRSEDALEESIAMTKAEAKAAFNNDMVYMEKYLENPRHVEIQVLSDTHGNAVYLAERDCSMQRRHQKVVEEAPAPGITEEVRRDIGSRCAKACVEIGYRGAGTFEFLYENGEFYFIEMNTRIQVEHPVTEMITGVDLVKEQLRIAAGLPISFKQEDIKVKGHAMECRINAEDPKTFLPSPGKINHLHSPGGLGVRWDSHVYGGYTVPPHYDSMIAKLITYGDTREIAIRRMQNALSETIIDGIKTNIPLHELILEDENFQKGGTNIHYLEKKLGMNE,length1,1344
-1,653603,652058,1545,MTDRVIIFDTTLRDGEQALKASLTVKEKLQIALALERLGVDVMEVGFPVSSQGDFESVQTIARHIKNARVAALSRAVDKDIDAAYEALKVAEVFRIHTFIASSALHVEAKLKRSFDDVVGMAVAAVKRARNYTDDVEFSCEDAGRTGIDNICRIVEAAINAGATTVNIPDTVGFCLPNEYGNIIAQVRNRVPNIDKAVISVHCHNDLGMATANSLTAVQNGARQIECTINGIGERAGNTSLEEVVMAMKVRQDFMGVDTRINTQEIHRVSQMVSQLCNMPIQPNKAIVGSNAFAHSSGIHQDGMLKNKNTYEIMSPETIGLKKEKLNLTARSGRAAVKGHMTDMGYNEQDYDLDKLYDAFLKLADKKGQVFDYDLEALAFIDMQQGDEDRLVLDKLSAHSTKEYPATAFVQLKLDGEKLSTSSIGGNGPVDAVYNAILNLTGLEIKMSHYNLTAKGEGAEALGQVDIVVEHKGRKFHGVGLATDIVESSALALVHAINAIYRAHKVADIKNHKHH,length1,1545
-1,630257,628829,1428,MCLSLFCYRGYTYPRSTPDNNRFYMKETIVAQATAPGRGGIGILRVSGPLATEVAQAILGKCPKPRMADYLPFKDADGTILDQGIALYFKSPNSFTGEDVLELQGHGGQVVLDLLLKRILQIDGIRLARPGEFSEQAFLNDKLDLAQAEAIADLIDATSEQAARSALKSLQGEFSKKVNELVDSVIYLRTYVEASIDFPDEEIDFLADGKIEANLRGIINQLENVRSEAKQGSILREGMKVVIAGRPNAGKSSLLNALAGREAAIVTDIAGTTRDVLREHIHIDGMPLHIIDTAGLRDATDEVERIGISRAWTEIEQADRIILMLDSSDPESADLSKVRSEFLAKLPSTLPVTIVRNKIDLNGEQASESEEGGYQIISLSAQTHDGVQLLREHLKQAMGFQTGIEGGFLARRRHLDALEKAAEHLQIGLVQLTEFHAGELLAEELRLVQSYLSEITGQFTSDDLLGSIFSSFCIGK,length1,1428
-1,621827,620213,1614,MLSLFHHPQLRPRHYAGGVVVISFIILFYGSALSSIFTLGDELQWRAWFTDDYLQHLILFSFGQALLSTVLSIFFGLLLARALFYKPFFGKKWLLKLMSLTFVLPALVAIFGLIGIYGSSGWLAWFANLFGMSWQGHIYGLSGILIAHLFFNIPLAAQLFLQSLQSIPYQQRQLAAQLNLQGWQFVKLVEWPVFRQQCLPTFSLIFMLCFTSFTVVLTLGGGPQYTTLETAIYQAILFEFDLPKAALFAMLQFVFCLLLFSLTSRFSPSNQNGLSNSNIWFVKPKSAVKIFYVFVLIVFVFFLFSPVLNILISALSSSSLLKVWHNSQLWRALGYSLSIAPLSALLALTMAIALLLLSRRLEWLHYQKIAQFIINAGMVILAIPILVLAMGLFLLLQERDFSNIDLFIIVVFCNALSAMPFVLRILSAPFHNNMRYYENLCNSLGIVGWQRFYLIEWKTLRAPLRYAFALGLALSLGDFTAIALFGNQEFTSLPHLLYQQLGNYRNQDAAVTAGILLLLCGILFAFIHTYRDADDLSK,length1,1614
-1,518366,516995,1371,MIKLSTVQLAQILQAKLIGDENVQVEEINTDTRKSVSNSLFFALKGEKFDAHQYLDQAVSQGALALVVQQENSSILVPQLVVKDTRIALGELAKWLREKINPRTVAMTGSSGKTTVKEMTASILQHTAADSEAVLFTNGNFNNDIGVPLTLLRLTEKHRFAVIELGANHQNEINYTTKLVQPNAALINNIAPAHLEGFGSLAGVVQAKGEIYRGLTKNGVAIINAEHNHLDIWQKEISNHAIQYFNGKDYSVKNVQGNEQGSTFTLVSPQGEIDISLPYLGEHNVKNALAATALAMNVGATLADVKAGLEQRSQVKGRLFPIQVTPNLLLLDDTYNANKDSLCAAIDVLKSYDAFLILCVADMKELGENSLAIHREVGQYVNLVNLDLVCSYGNESAVISEAVLGKHFTDKTEMVDFLVPLIENQLQQNKKVVVLGKGSRSMKMEDVIYSLKDKIKC,length1,1371
-1,500084,498731,1353,MKTAENSTALLKAQEQELRQAVSFAVALATKAGASAEVAVTKVSGLSVSARLQEIENVEFTNDGALGISVYMGQQKGNASTSDLSESAIKNAVEAALAIAKYTSPDDCTGLADKDLMAFDAPDLELYHAADVDVDKATELALQAEKAALEADERIINSNGASFNSHTGVKVYGNSHGMLQSYLSSRYSLSCSVIGGVEAALENDYEYTISREFDKLQSPIWVGENCAKKVVSRLNPQKLSTREVPVIFLNDVATGLISHFAAAISGGSLYRKSSFLLDHLGKQVLPDWFNISERPHLLRRLASTPFDSEGVRTQDREIVEGGILQTYLVTSYSGKKLGMPSTGHAGGIHNWLVKPNLTGGLTALLHQMGTGLLVTDVMGQGVNIVTGDYSRGASGFWVENGEIQYPVAEITIAGQLQDMLKNMVAVADDIEHRSNIQTGSILLDKMKISGN,length1,1353
-1,438851,437255,1596,MLNPNQLYGIEQAVNLLVEAYQQQQKIVIVGDFDADGATSTALSVLALRQLGFSDVDYLVPNRFEQGYGLSIPVAEMAIEKGVQLLMTVDNGVSSFDGVEFLKEKGIRVLVTDHHLPPETLPPADAIVNPNLSQCHFPSKSLAGVGVAFYLMLAVRAKFRELGIFTAETQPNFTDLLDLVALGTIADVVPLDQNNRILAYQGLMRIRARHCRLGIIALAEVANRNVEQFTSSDLGFCIGPRLNAAGRLDNMSIGVELLLANEMSKARELALDLDQLNQTRKEIEAGMKLEAIKICQNLTALFKELPYGITLYQPDWHQGVLGIVSSRIKDQYHRPVIAFAQDSEGILKGSARSIEGLHMRDVLERIHSQHPNMILKFGGHAMAAGLSIREEHFDDFQHIFNQTVADWLDEEHLQGVIWTDGELNSNEFNLETAELIKSVGTWGQGFPEPCFDGEFKILDQRAIGQNKNHLKMLLEPKQGGVLLDAIAFNINTRLYPDLSIKQARLAYKLDINEFRGNRSLQLLVDYIEPIDE,length1,1596
-1,422108,420698,1410,MFNRVQKEINQIINRGFDRTLRLAVTGLSRSGKTAFITSLINQLLSINQHSSQHLPLFEAARNGAILAVKRVSQQDLSVPRFDYESNLNDLSQNPPQWFQSTRGVSETRLAIRFQRQSGLLRHLKERGTLYLDIFDYPGEWLLDLPLLNLDFQQWSQEQIKVTTGVRAELAQNWLSMLQNLDLSAVANEDVLAKIAKSYTDYLHQCKSQGMQFIQPGRFVLPSDLEGAPALQFFPLIHLSEEHWQTLKKTAKSNSYFAVLTKRYNYYRNKIVKGFYENYFSTFDRQVILADCLTPLNHSQQAFLDMQMGLNQLFNNFHYGSRNFLHRLFSPQIDRLMFVATKADHITRDQIPNLVSLMRQIVQEGGRHVEFEGIDTEYTAIAAVRTTKQVIVNQQGKEIKAIQGIRSIDKQPITLYPGTVPSKLPRAEFWQKQPHFDFDSFEPQPLEQGESIPHLRMDAVLQFLLSDRFE,length1,1410
-1,402146,399539,2607,MLAKAKYRKDYKQPDFTVTDIYLDFQLDPKHTVVTASTKFQRLNDEATSLRLDGHSFQFSSIKFNGEPFSAYQQDGESLTLDLKGKSAEEFELEIVTFLVPAENTSLQGLYQSGEGICTQCEAEGFRQITYMLDRPDVLACYTTKITADKSKYPFLLSNGNRIASGELEDGRHWVEWNDPFPKPSYLFALVAGDFDLLQDKFITKSGREVALELYVDRGNLNRATWAMESLKKAMKWDEDRFNLEYDLDIYMIVAVDFFNMGAMENKGLNIFNSKFVLANPQTATDEDYLAIESVIAHEYFHNWTGNRVTCRDWFQLSLKEGLTVFRDQEFSSDTGSRAVNRINNVKFLRTVQFAEDASPMSHPIRPEKVIEMNNFYTVTVYEKGAEVIRMLHTLLGEQGFQKGMQLYIAENDGKAATCEDFVSAMERANNLDLNQFRRWYSQSGTPELLISDAYDEKTHTYRLTVSQSTPPTADQMEKVNLHIPLKIALYDANGTKQMLQHNGELLSDVLNVTEKDQVFEFHGIYGRPIPALLCDFSAPVKLDYDYKTEQLLGLLKFADNQFIRWDAAQMLFAQELRRNVVRFQQGEPLEISPEILTALSYVLNHYEKDIELATLILTLPKEMEFAEGFKTIDPDGISAARAFMQTQIAESLKDDFLRVYTHIRLDEYQVTQQDIALRAMRNLCLTYLAYTNLGNNLVQKHYNNANNMTDTLAALSVATKAALPCRDALLTDFEQKWQQDGLVMDKWFALQATRPDENVLEIIQLLMDHPSFNFNNPNRLRSLVGSFANHNLKAFHNVSGSGYRFLTDVLIRLNESNPQVAARLIEPLIRFSRFDAQRQTLMKRALERLSVVENLSKDLFEKIEKALQ,length1,2607
-1,398807,397415,1392,MNFRLLSQYHADIKKLIKISLPILLAQIAQNSMGLADTIMAGRVSSTDMAAISIGASIWMPLMLFGQGLLLALPPTISYLNGSGQRHRIAHQVRQGIWLVLGVSIPLGLLIYFCEIPLQYMQMESKMSDLARDYLHAMLWGLPAYLMLINFRCLNDGIAKTKPAMVITFLGLLINIPLNYIFIYGKFGIPAFGAVGCGIATAIVNWAMCLMMIFYSYTNAQERSLKVFSQLIEMPNLKTLKKLLRLGLPIAIAICCEVALFALTSLMLSPLGATIVASHQITLNTSSFIFMFPMSIGMAATILVGQALGTGSPQNAKKIGYAALLLGLTVTIITALITIFFRYEIASIFVTDEIVIAMAANLLLFAALYQFSDTIQMVVGGILRGYKDTKMILYITLFSYWVIGVPLGYTLGRTDWLIPHIDAKGFWIAFVVSLTFAAFLLSLRMKKMQAMSDNAILQRLEKLK,length1,1392
-1,309758,307490,2268,MTEQLRQAALDFHEFPIPGKIEVTPTKSLATQRDLALAYSPGVAEPCLEIEKDPAASYKYTARGNLVAVISNGTAVLGLGNIGALAGKPVMEGKGVLFKKFAGINVFDIEVNEYDPDKLVDIIASLEPTFGGVNLEDIKAPECFYIEQKLRERMNIPVFHDDQHGTAIISAAAIINSLRIVGKKIEDVRLVASGAGAASIACLNLLLSLGMKRENITVCDSKGVVYKDRDDKMDQTKKDYAIEDNGWRKLGDAIPNADIFLGCSAAGALTQDMVKSMAAHPIILALANPNPEITPPEAKAVRPDAIVCTGRSDYPNQVNNVLCFPFIFRGALDVGATTINEEMKRAAVYAIADLALEEQNEVVTSAYGGEGATFGADYVIPRPFDPRLIVRIAPAVAKAAMESGVATRPIQNWDAYVEKLTQFVYKTSLFMRPIFSQAKSAKQRIILAEGEENKALHATQEVISMGLANPILIGRRSVIEEKIKKLGLRLTAGVDFEIVDNEDNPRYEECWKHYYELTKRKGITPAIAKRVVRSNTTVLASTLLSLGYADALVCGLFGSYGKHLASIRDIIGLKDGVKTAAALNSLVLPTGNVFLTDTHVNSNPTAEELAEITLMAAEEIHRFGIEPAVALLSHSNFGSSDSLGAPKMREVLQIVKERNPHLMIDGEMRGDLAMNEAHRKELMFDSPLKGSANLLVFPDLSASRISYSLLRGTTTAITVGPILMGMNKSAHILNPGASVRRIINMIAYAAVKAQQE,length1,2268
-1,295802,292328,3474,MRQFLYKIDALFMKTAFFQPDIPTSPNDHKILGNVLQGADALAISEIAEQNQNLTVVVTPDTRSAVRLSRILSELSSQNVCVFPDWETLPYDTFSPHQEIISSRLSALFHLQNAKKGIFLLPISTLMQRLCPPQYLQHNVLLIKKGDRLVIDKMRLQLEAAGYRAVEQVLEHGEYAVRGALLDLFPMGSAVPFRLDFFDDEIDSIRTFDVDTQRTLDEINSINLLPAHEFPTDDKGIEFFRAQFRETFGEIRRDPEHIYQQISKGTLISGIEYWQPLFFSEMATLFDYLPEQTLFVDMESNQTQGERFYQDAKQRYEQRKVDPMRPLLSPEKLWLNVDEVNRRLKSYPRITFKAEKVRSSVRQKNLPVAALPEVTIQSQQKEPLGQLCQFIEHFKGNILFSVETEGRRETLLDLLSALKLKPKQIHSLEQAENEKFSLLVSSIEQGFIIEQSFPVAIIGEANLLGERVQQRSRDKRKTINPDTLVRNLAELKIGQPVVHLDHGVGRYGGLVTLDTGGIKAEYLLLNYANESKLYVPVTSLHLISRYVGGSDESAPLHKLGNEAWAKSRQKAAEKIRDVAAELLDVYAQREATKGFAFKYDREEFQQFAATFPFEETYDQEMAINAVISDMCQPKAMDRLVCGDVGFGKTEVAMRAAFLAVMNHKQVAVLVPTTLLAQQHYENFKDRFANLPVNVEVLSRFKTAKEQKQILENLAEGKVDILIGTHKLIQSDVKFSDLGLLIIDEEHRFGVGQKEKIKQLRANIDILTLTATPIPRTLNMAMNGIRDLSIISTPPARRLSIKTFVRQNDDLVVREAILREILRGGQVYYLHNDVASIENTAEKLTALVPEARVIVGHGQMRERELERVMSDFYHQRYNVLVCSTIIETGIDVPTANTIIIERADHFGLAQLHQLRGRVGRSHHQAYAYLLTPPPKMMTKDAERRLDALENLDNLGAGFILATHDLEIRGAGELLGNEQSGQIESIGFSLYMELLDAAVKALKEGREPSLEELTQQQADIELRVPALLPDDYLGDVNMRLSFYKRIAAAENKSELDELKVELIDRFGLLPDATKNLLQIAELRLLVEPLKVVRIDAGTQGGFIEFSAKAQVNPDKFIQLIQKEPSVYRFDGPLKFKFMKDLSDNKVRLEFVVDLLRTIAA,length1,3474
-1,289805,288494,1311,MNNMQLKATSPLAEWLSYLEKSHFKPIDLGLDRIQSVAEKLDLLHPAPYVITVGGTNGKGTTCRLLETILLNHGLRVGVYSSPHLLRYNERVRIQNQDLPDEAHTASFAFIDENKTESLTYFEFSTLSALHLFKQAKLDVVILEVGLGGRLDATNIVDSHLAVITSIDIDHTDFLGDTREAIAFEKAGIFRENCPVVIGEPNVPQTMLDQAEKLHCQVARRDVDWLFEQNAENWQWQNKKVRLENLPFCQIPLANAATALAAVQYLPFDISEQTLRKSLQEVELVGRFQAIKTDKREKLADYLGVPVETLPTIIVDVGHNPHAAKYLSEKLTALKRSIEGKMIAVCGMLKDKDANGVFEHLTPIIDEWHCVTLGGYRGQSGDELAEKLKSHFPNIQATSDNSVMDGVCTALKSAVKNDVVLVFGSFHTVAEFWAVVE,length1,1311
-1,262145,260183,1962,MVTAAARMDIQENELEDFIRLNTQMATAFDAENPDELVELFGKVQKNFKLTTKDAKELADTINYLDDNAISKGTDIINFLNNTSGIGNLVKISEKNLAALGSTLLTAGNEASTSAKAIESTFNRLSKATRMKPVNNGLKALGLDPKAIQKAMVKDAQGTLMMIVEKIKKLPKHLQAGVISDIAGGNYNTQLAGLVANTEEWRRQIELANSEEAKNSMAREFQTRMTTLSAKWQLFKNRLFNVNSSVGASLKDSMTSLMDGVGNLLDKIETWIDEHPKLTSTIAKTAVAIGGSLSLLGALSLALSFILYPAARLFLGLSKLNVIIPKFSGHLSSAGRLILRGLLSPLKLIALAISPLGIALLSVAALIYKFWQPIKAFFGGFWEGLKSGLAPVLEKFQPLGTAFGVVVGWIEKAVKWFTDLLSPVQSTKEDLDAAVSAGERFGNGMAKAIEFILTPLTRLMDGIKWISENMPSWEGIKNSVSSAWERTKNTSSNAWQSTKETAGSAWESFKDFTGFGSNGKKLPSQNWSGGYTGNGGKYEPMGIVHGGEYVMTKEATSRLGVNTLNALNYGKRALIAGGLGISVATAAPVQVDTRAPIFARPMMTQTSQPMSVNITINAAQGMDERAIAQQVAKQIQRIENQRQARARSSMWDRA,length1,1962
-1,255968,253406,2562,MGRNHHGISTIGIFMASQYFAILTDYGTRAIAHALSQGQPLQLTQFAVGDGNGKAVTPTANATALVHQTHIAPVSAVSLDPRNNKQVIVELTIPENIGGFYIREMGVFDAQNKLIAYANCPESFKPTESSGSGKVQVLRMILKVESSSAVTLSIDNSVIFVTRQQMTPKTITATTQNGFNESGHSHQIAKASTTQQGIVQLTNDTGLESESLALTAKAGKKLAQQTTQLQLNVSQNYIQNSKKSSAVNSESEDNVATSKAAKTAYDKAVEAKTTADGKVGLNGNESINGEKSFENRIVAKRNIRISDSQHYASRGDYLNIGANNGDCWFEYKSSNREIGTLRMHANGDLTYKRQKIYHAGAKPQFNTDIEGKPNTLAGYGIGNFKVEQGQGDANGYKTDGNYYLASGQNLPENGEWHIEVVSGGATNAVRQIARKANDNKIKTRFFNGSSWSEWKDAGGDGVPIGAVVSFPRAVTNPVGFLRADGSTFSQQTFPDLYRTLGNSNKLPDLTRSDVGMTAYFAVDNIPAGWIAFDEIATQVTEQRYPELYRHLVGKYGSISNVPLAEDRFIRNTGNGLNIGQTQSDEIKKHVHRVRTHWADSSDSSIFYDKTKTVIDSRLRTATTTDDNLSDNGFMHPLLDTPMATGGDETRPKSLILKLCIKAKNTFDDVQFWVKAFGVVENAGILDAGTLVQNMQALSARVDQEIKENKQSTLQEINNAKVDINQQFLQAQKNLSQIGTLKTVWQGNVSSGSINISEKCFGKTLILYLQSSSGHRLDDNNNIEIVSFEVGAEIEGKRGGGVYFSSIRQVIPHSSGGTSVYHVEVEEFAVTVDRNGTTIHIEELAGRFVKRIDIR,length1,2562
-1,244937,242405,2532,MTEDVKADAPKKLSIQRRTKTTVSSTTTGGKSKEVQVEVRKKRTVKTDIAQQEEAKLKAQQEAEAKKIAEQKAAEEKARLEAEKAATKKEADEKSKAEKAKAETAKPAKSAVDSKAKFVDPEKEKRKAEEAELRRKAEEVARQKAEEQARRAAEEAKRYAEADDSDNESSSEDYSDYNLSSRYALEAEDEEDRRNENRGRGKNKVAKAKKGGRDDENSKNSKNERESNRKNQKDAKFGKGKNGKKGTALQQAFTKPVQVVKADVVIGETITVAELANKMSVKATEIIKVMMKMGEMVTINQVIDQETAQLVAEELGHKVILRNENELEEAVLGDRDVNAEKVTRAPVVTIMGHVDHGKTSLLDYIRKAKVAAGEAGGITQHIGAYHVEMDDGKMITFLDTPGHAAFTSMRARGAKATDIVVLVVAADDGVMPQTIEAIQHAKAAGAPLVVAVNKIDKPEANPDRVEQELLQHDVISEKFGGDVQFVPVSAKKGTGVDDLLDAILLQSEVLELTAVKDGMASGVVIESYLDKGRGPVATILVQSGTLRKGDIVLCGFEYGRARAMRDENGKEVDEAGPSIPVELLGLSGVPAAGDEATVVRDEKKAREVALYRQGKFREVKLARQQKAKLENMFSNMSEGDVAELNVIVKADVQGSVEAIVQALNELSTNEVKVKVVGSGVGGITETDATLATASNAIIVGFNVRADATARRVIEAENIDLRYYSIIYELLNEIKAAMSGMLEPEFKQEIIGLAEVRDVFRHPKFGAIAGCMVTEGVVKRNNPIRVLRDNVVIFEGELESLRRFKDDVSEVRNGMECGIGVKNYNDVKVGDQIEVFEVVEVKRSI,length1,2532
-1,204809,202835,1974,MFKIYNNGNPIPMGYSQAVENNVQITNFALFSAAAIGVELCLFDEQNQETRLPMVRTENVWHLAVTGVKTGTEYGFRIHGEFANPNKLMLDPYAKAVNGKPDLSSEESCSWFLLSDNRDNAHLAPRAVVISEDFNWENDTLPNTPWAETIVYELHVKGFSQLNEKIPAALRGTYTGLAHPVNLAYLKELGVTAVELLPVNFHINEPHLQARGLQNYWGYNPLAMFAVEPKYAATNNPLAEFKAMVKAFHNEGIEVILDVVFNHSAESEQTYPTFCQRGIDDQTYYWRNDQGRYINWTGCGNMLNLSSDVGRKWVVDCLRYWVEQCHIDGFRFDLASVLGRDTPDFNSSAQLFTDIKNEPSLQNIKLIAEPWDIGHYGYQVGNFPSYFAEWNDRFRDDLCRFWLWKSGEIGAFAERFAGSIDLFKKNDRLPHTTLNFITAHDGFTLKDLVSYNQKHNEANGEENHDGRNENYSYNHGVEGSTESLSEPQKSAVENNRTFAQSGLLMSLLLANGAPMLLAGDEFGNTQYGNNNAYCQDNEITWLKWANFNEELFELTKQTIALRKRMGSLNQDQWWSDENVQWLNIAGEPMTVEDWQNQQTKALQVVLDNRWLLLINAKAEGQVFHLPNGKWKPQIGTHNVTLEEQAELSSMGFCMLNDE,length1,1974
-1,201401,199973,1428,MKILHVCSELYPLLKTGGLADVLGALPQAQNQIGLDARVLLPAYPAIIAGIQNTQVVAEFDNFAGHVVLRYGEYNGVGIYLIDAPHLYGREGNPYHDAYYNDYGDNYKRFALLGWVGAELATGLDSWWRAEVVHAHDWHAGLCAAYLFNKGRPAKSVFTIHNLAYQGQFSYHHLYEIGLPTGMFHVEGLELFGQISYLKSGLFYSDASTAVSPTYAEEITTPEFAYGLQGLLSGLKAQGRLVGILNGVDENIWHPNVDQYIPHHYKLKYMAGKKKNKAELQAYFNLPQDESALAFVMVTRLTEQKGVDLLIESADEIVKQGGQLMILGSGAPHFEQGIRELAERYPQNIAVKIGYDEALSHLMVAGGDVILVPSRFEPCGLTQLYGLQYGTLPLVRKTGGLADTVVDSTSESIKARTATGFVFESATPEALRHCLQRAFALWQKPRAWAMVRTDAMEQDFSWRKAAEQYRTLYERL,length1,1428
-1,199724,197261,2463,MIMDNFDSPFQYNRPEMTVEAIKKSIVYKLIFLIGRSPREASQRDWLNATLHAVRDLVTEGWITTARQTRAEDSRRVYYLSMEFLIGRTLSNAMIAEGIYGLAQEALSELNVDLEEVLEKEVDPGLGNGGLGRLAACFMDSIATLGLPGMGYGIRYEYGMFRQKIENGQQVERPDAWLEKGAPWEFIRPSKRFTVEFGGNIHFEGKKCIWQDTEKVTALAYDQMIPGYQNNSAATLRLWSAHAGEVFNLADFNRGEHLAALEEHSANKNLSRVLYPDDSTWNGRELRLRQEYFLVSASLQDILRRHKRTHDSLENLADKVAIHLNDTHPALAIPELMRILVDDEGFEWKKAWEMTRNIFSYTCHTLMSEALETWPVEMMAKILPRHLQMIFEINDHFLEYVRTYVTTDNDFIRRVSLIEEGYQRKVRMGWLSVVGSHKINGVAEIHSDLMVTSTFADFARIFPERFTNVTNGITPRRWLAVANPQLAALFDKYIGSEWRCDLSQIEKLKPFKQEKAFKEAVADIKFANKVKLAEYVKRELGVELDPHALFDVQVKRIHEYKRQMLNVLHIIARYNEMLASPEKDWQPRVFILAGKAASAYYAAKQTIHLINDVANVINNDERLKGRLKVVFIPNYSVSLAQLIIPAADISEQISLAGTEASGTSNMKFALNGALTLGTLDGANVEILENVGEDNIFIFGNTVEQVEQLRREGYRSFEYYQNDAQLRTVVDQIIEGKFSPEDPQRYHQLLQGLQYHDYYQAFADFRSYVETQKAVDEKYKQRDQWIESTIQNIVNMGFFSSDRTIKEYAERIWKVEPVQLDD,length1,2463
-1,195449,194027,1422,MSEGLVQAAYILAALLFIMSLAGLSKHETAKAGCWFGIVGMTIALIATIFGPHSEGTFWIIIAMIIGGVIGVQRALKVEMTEMPELVAILHSFVGLAAVLVGFNSYGLHHEALMPEGLDAAAQAAFVAEQAVLTNIHNVEVFLGIFIGAVTFTGSVVAFGKLSGKINSKALMLPHRHKLNLAALVVSALLMVAFLNNPESIFPVLLMTAIALAFGWHLVASIGGADMPVVVSMLNSYSGWAAAAAGFMLNNDLLIVTGALVGSSGAILSYIMCKAMNRSFVSVIAGGFGNDVQVSSSEEQGEHRETTAEEVAELLKNASSVIITPGYGMAVAQAQYPVADITAKLRERGVNVRFGIHPVAGRLPGHMNVLLAEAKVPYDVVLEMDEINDDFADTDVVLVIGANDTVNPAAMEDPNSPIAGMPVLEVWKAQNVIVFKRSMAVGYAGVQNPLFFKENTQMLFGDAKDRVEDILKAL,length1,1422
-1,155474,154043,1431,MMITQDFTKPIDSATVLQKIVLDKAQWVKAKETEFPLSQFKEKIQQSDRSFYDALAKGTHQKPAYILECKKASPSKGLIRAEFNLEEIANVYKHYASAVSVLTDEKYFQGNFEFLPLVRGIVSQPVLCKDFMISEYQVYLARYYQADAILLMLSVVNDETYRVLAELAHSLGMGVLTETSNEDEFERALALGAKIIGVNNRNLHDLTVDLNRVVELTKKYADCIPANVRIISESGIYNHKQIHQLQKVAHGFLIGSSLMGNQDLNNAVRSVIFGENKVCGLTRAQDVKIVYENGALYGGLIFVEHSKRCVSLRQAQELVTAAPLRFVGVFQNQEIDFIVKIANQLQLYAVQLHGAETEAFITALRQQLPKNTQIWKAISVNIEAQSAVDFTDDLNVDRYIFDSQTSNQQGGTGKTFDWSLIPENLKHKIILAGGISPNNVEQAIQQNCLGLDINSGVESSAGVKDQEKVRLVFNNIY,length1,1431
-1,124082,122813,1269,MKTVKARLTELKNLINTKINEDYEWMGEIKSPEIIKEIEQLYPLIEKIEKSGKSLEISYAKYISLQLIKKIIRILNKKRASNKWDEYDVNSFILSLIKLRMTIKELYLIEVKGELRTEEELNAIAADISKAKLNLEEHISLEEQLVENKKEFENLKNSLITLKKSYNDAQEQITEISQWHEQSEKLSGDISNYEFTAQNNLTKITTLATTAETNKPQIEKYHEDIEGMIKLFNKQKEEIEMIIEDANRASMAGSFKTQSENIDSKMKAVDKILLGSLVATSVISLFNYSTSLSAADSLNILQFLAKSIVTIPLLVIAWLKAKERAYLFRLREDYNYKYSSAMAFEGYKKQVQEQDPKLHQQLLQIAVDNLGINPTKVFDKDLKSTPLETIIDGVGKRLDKAVDGIKGEVNDIPKKTKELIDDE,length1,1269
-1,48293,46892,1401,MSKVASIVDVLQGKVAIGETVTVRGWVRTRRDSKAGLSFLAVYDGSCFDPIQAIINNDIKNYESEILRLTTGCSVIVTGKVVESPSEGQAVELQAEKVEVTGFVEDPDTYPMAAKRHSIEYLREVAHLRPRTNIIGAVARVRHCLSQAIHRFFHEQGFYWVATPLITASDTEGAGEMFRVSTLDLENLPRSENGKVDFSQDFFGKESFLTVSGQLNGETYACALSKIYTFGPTFRAENSNTTRHLAEFWMVEPEVAFATLADNAKLAEDMLKYVFRAVLAERKDDLQFFEKHVDKDVITRLENFVNSDFAQIDYTDAIDVLLKSGKKFEFPVSWGIDLSSEHERFLAEEYFKSPVVVKNYPKDIKAFYMRLNDDGKTVAAMDVLAPGIGEIIGGSQREERLEVLDKRMEEMGLNPDDYWWYRDLRKYGSVPHSGFGLGFERLIVYVTGVQNIRDVIPFPRAPRNANF,length1,1401
-1,41462,39566,1896,MTTNYSAQEITVLKDLEPVQIRPGMYTDTTRPNHLAQEVIDNSVDEALAGFASKIEVILHPDQSIEVTDNGRGMPVDTHPTEGVSGVEVILTKLHAGGKFSNKNYEFAGGLHGVGISVVNALSERVDIQVKRNGEIYKIAFENGSKVEELEIIGTCGRRTTGTTVHFKPNPKYFDSAKFSVSRLRHLLRAKAVLCSGLEIKFIDKVNNTQDIWLYEDGLSDYLIEAVNGFETLPEKPFVGEFKGTNEAVSWALLWLPEGGELIGESYVNLIPTIQGGTHVNGLRQGLLDAIREFCEFRNLLPRGVKLTADDIWDRCSYILSLKMQDAQFAGQTKERLSSRQSAVFVSGVLKDAFSLWLNQNVQDAEKLAEIAISSAQRRLRAAKKVVRKKLVSGPALPGKLADCGSQDLEKTELFLVEGDSAGGSAKQARDREYQAILPLRGKILNTWEVSPDQVLGSTEIHDIAVALGIDPDSNDLSQLRYGKVCILADADSDGLHIATLLCALFLRHFPKLVQDGHVYVAMPPLYRIDLNKEVFYALDENEKEAILDRLKNKKGKPNVQRFKGLGEMNPSQLRETTMDPNTRRLVQLTYDLGEDQGSDTLELMDMLLAKKRSEDRKNWLQAKGDQVDLSV,length1,1896
-1,39497,37256,2241,MTNINYEGIEQMPLRTFTEKAYLNYSMYVIMDRALPFIGDGLKPVQRRIVYAMSELGLNATAKYKKSARTVGDVLGKFHPHGDSACYEAMVLMAQPFSYRYPLVDGQGNWGAPDDPKSFAAMRYTESRLSKISEILLNELGQGTVDYQPNFDGTLAEPQYLPARLPHILLNGTTGIAVGMATDIPPHNINEIADAAVMLLDNPKARLDDILEIVQGPDFPTEAEIISPKSEIRKIYEQGRGSIKMRAIWKKEDGEIIISALPHQSSPSKVIAQIADQMTAKKLPMLEDIRDEADHENPIRIVLVPRSNRVDTDALMAHLFATTDLEKSYRVNMNMIGLDHKPAVKGLLEILNEWLTFRRTTVTRRLQYRLDKVLSRLHILEGLMIAFLNIDEVIEIIRHEDDPKAELMARFNLSDEQADAILNLRLRHLAKLEENQLKAEQDELEKERLNLEAILGSERRLNTLIKKEIQEDAKKYASPRMSQLVEREEAKMISESDMTPAEPVTVILSEMGWVRCAKGHDIDPKSLSYKAGDSYLAHACGKSNQAVVFIDSTGRSYALDPLSLPSARSQGEPLTGKLNLPTGATIEYVVMASEQQELLMASDAGYGFICKFEDLIARNKTGKALISLPENAKVLKPKTLINSTALVVAITSAGRMLIFPAQDLPVLSKGKGNKMITIPAANAKDRSELLTKLLLISDQASLEFHSGKRKIVLKPEDLQKFRAERGRKGSTLPRGLHTNLEIMVVEP,length1,2241
3,15323,14033,1290,MMDEQSLLAFDTQHIWHPYSSVSSDMPLYAVERADGVMITLKDGRRLIDGMSSWWAALHGYNHPRLNAAAQNQLAKMSHIMFGGFTHDPAVELAQLLVQILPNGLDKIFFADSGSVAVEVAMKMAIQYQHAKGEVQRQKFATIRSGYHGDTWNAMSVCDPTTGMHHLFHHSLPVQYFLPQPNIPFNESWNDCAIEPLADLLKKKGSEIAALILEPVVQGAGGMYFYSPTYLVKAQALCKQYGVLLIFDEIATGFGRTGKLFAAEHAGISPDIMCIGKALTGGYLTLSATITTTEIAQIICRGEAKCFMHGPTFMANPLACAIAAESIRLLLESPWQQNIQRIEHSLTQQLSPLAEKDYVKEVRALGAIGVVEMKSAVNMKTLVPRFVEQGVWIRPFGKLVYVMPPFVIKNDELQKLTEGMILALTQEYEH,length1,1290
3,27743,25898,1845,MFRVLKFCWKVLCFIRDLVMNVVFLGFVLLLVAIISFSSGGKKSTALTSEGALLLNLDGYLADNRDETLRWQDALSELNGEHVPRKISTFDVVFAIQQAEDDPKIKGLVLDLNYFEGADLPALDFIGGAISHFKDAGKPVIAYADNYSQGQYYLASFADEIYLNSIGSVDIHGLSQENLYFKEMLDKLAVTPHIFRVGTYKSAVEPFLRNDMSAEAKANMQRWLGEMWNNYVLSVSENRNIKKDRILPNAKQYLAELKALKGNSTAYAQQRGLVTDVVTRLDLDKKFTALFGKGSDGKANLIEFDDYLTQLPDRLEHYNVPNKIAVVNVEGTIIDGESDEENAGGDTIARILRKAHDDNSVKAVILRVNSPGGSAFASEIIRQETENLQKIGKPVIVSMGAMAASGGYWISSTADYIIADANTITGSIGIFTMFPTFENSIKKIGVHADGVSTTELANTSAFSPLAKPVQDIYQTEIEHGYDRFLEIVSKGRQLSKTQVDKLAQGQVWLGSDAFQNGLVDEIGSFNEAVNKAEQLVNQRQDTAVQDFSVEWFTDDNVSLISTLLRDTKKGTQEQLVKWLGLPAPIQKLQKELNVLTKFNDPKGQYLYCLNCGKVQ,length1,1845
3,77261,75665,1596,MMKVGEPVEYAELLQNFISQNHHKVRSIFGVNYVIEQGDSFSFPYIYTDPAKSLDDNFASQGDVLSALYCDQFQLFGSFRLHPSSQDIQLVSGLVHKANGGILILSAATLLSQFDLWGRLKQILQTQTFDWYSAHPFKNLPCDIPSYALNLKVIVLGNRTELATLAELEENLYSFADYAEIESYISVAEVEEQKTWAGYVQQMAQEQNIELDFLALNKLYQLLVRESENRFLINASPLKLKEILQDASTFAEKTALSAVDFEGIFQQKLAQYGFLKEQTYADILNEQVYVETQGEIVGQINGLSVIEYPGTPVCFGEPSRISCIVQFGDGEVIDVERKNELAGNIHGKGMMIAQACLSNILDLPSQLPFSASLVFEQSYGEIDGDSASLAIFCVLASSLADLPLPQHIAITGSIDQFGLVHSVGGVNDKIEGFFTICQRRGLTGKQGVIIPMTTIQQLSLSNEVKSAVKNGEFFIYPVEDIYQACELLFGRDLLDENKDYTEKTEPLSRLIQRRIEGRADSERKSFWHFFRS,length1,1596
3,139877,138536,1341,MSQLNIQFPTKFRPLFESIWPFIIFYGGRGSGKSFSIARALVLRAYQSPVRVLCCREIQKSISDSVIQMLADQIEMLGLQNFFDVQKTQIIGQNGSRFTFAGLKTNITSIKSMTGIDVVWVEEGENVSKESWDILIPTIREDGSQIIVSFNPKNILDDTYQRFVIHPPERCKSVLVNWQDNPYFPKELMEDMEQMRERDYELYRHVYEGEPVADSDLAIIKPVWIECAVDAHLKLGFTAKGMKKVGFDVADEGADSNDNAFVHGSVVLDIEVWKNGDVIDSANRTNQSAVKFKADLIIFDSIGVGAGVKAHFKRLPKSLQVEGFNAGGAVAYPEREYIKGKKNQDMFSNIKAQSWWALRDRFYKTYRAVKHGDVYPDDELISLSSNIKELEYLKAELSRPRVDYDNNGRVKVESKKDMKKRGIPSPNMADALVMCYATTKPKSLLDL,length1,1341
3,184463,181994,2469,MIIILISIFFLGNYTMYQKKPLMLLFCSTFASPFIMGQTAETTNNQQPTTNKNILPEIVVYGDNNKSLSSVKTLSSDEISKTPTSNGNITDYLRSNPHIRYENSDQNGFQRGEIKPENISINGADPNQTAYFVDNVNINNDLAIDSSIFDGAMQVVPGISHTQAYFFDATMLSKVEVQDSNISASLGGFMGGAVIAKTKQYSGTDSIKLKYRTTNSSWAKMEAGDSVQKILKQVRPDDSGAAELQPKYNKQTFNILAEKRLNDNLGMVFGYSRRTSSIEQNRLIGFDKNANNKAQLDKQNHQRLSDNLLLNFNWTPQEKERIELGLRYSNYKELKYFKENIGNNVSDYHQALGSTLAWVHSFDSGVWTNTLAYDRFKDKRKSSSNNVETTSVSNQDGEPLYNFEKGGYGNSRLTQDNLHFSTEYVMDPFYLASTEHSISIGGIYQATKYQFYRPQDVHSKIILSTLKNDGTIDPFSLSESTTSKGRVKTSYQNIGIYAEDLIKWRKFEFRPGIRIERDDYLKNNNIAPRFVARYHPWDDTGFTLGLNRYYGRSFASLKLANRILKINDDSTRQHQNFSSLKSPYADELSLSFDQNMGNLALKLGYIHRDNKNRIILKRGETVRGIKKSSYINGRPFGVDIYTFQLNNIEPWKLGKTYWTTSLGFDWLNTKRADVSNEFNPNEPVYLDGKLMTRSQMLQQVNSNTEDWIARLGIDMTIPDYDITWSNKVYMKAPIRSYEELDSDNNNDDISRFRSYHYGRHTQWDSSIRWQPTIRGKHSVYLQVDILNVLNKTRKNKVTTISTNDEYGVYTPGREFWLEIGYQF,length1,2469
3,236858,235190,1668,MQARRDTKIVDENHTLQQAFLNDLDEKLWSSADKLRQQLDAANYKHIVLGLIFLKYISDNFTHQQEKIQAELSDAENPLYLDRTFFDTEEEYQEALTAELENRDYYTADNVFWVPASARWQALQEVSILNTGAELPWGGKFSGVAKLIDDAFDAIEKDNEKLKGVLQRISGYAVNEDTLRGLIILFSDTNFTRPTYNGEPVHLGAKDILGHVYEYFLGRFAQAEGKRGGQYFTPKSIVSLIVEMLEPYSGRVYDPAMGSGGFFVQTERFITAHQGNINNVSIYGQEFNPTTWKLAAMNMAIRGIDYDFGKHNADSFTQPQHIDKKMDFIMANPPFNISDWWSESLADDPRWAYGTPPKGNANFAWLQHMIYHLSPNGKMALLLANGSMSSQTNNEGEIRKAIINADLVECMVALPGQLFTNTQIPACIWFLNRNKKRKGEVLFIDARQIGYMKDRVLRDFTADDIAKIADTLHTWQKSDGYEDQAAFCKSATLEEIKDNDFVLTPGRYVGTAEQEDDGVPFAEKMQNLTALLKEQFAKSAELEAEIKKNLGGLGYE,length1,1668
3,242324,239141,3183,MMENNKMLNENDIEQLTLQRLQSLGWEYRYGKDLPVHEGEFSRGNLSGVVFIEQLREAVRKLNPQLPESAVDSVVKSATKSDIGDLVVRNQTFYKLLRDGVRVEYQDDGEQKIEMARLVDFEHGENNRFVAVNQLEIRSRKGGKRIPDIIGFVNGLPLVVFELKNPLRESADLLQAFNQFETYKDEIAELFVYNQALIISDGIAARLGSLSADFQRFTPWKVVDEKNKSVRLYFDDELQSLLNGLMQPEDLLDYIRYFVLFERDSVGKTIKKIAAYHQYYGVNEAVESTIFATSEQGDKRIGVMWHTQGSGKSISMLFYAGKLLAQPELKNPTIVVVTDRNDLDGQLFQTFSSGKDLIKQTPQQVEDRDQLRQLLAQNEVGGVFFTTIQKFALNEEESRFPILNERNNIIVISDEAHRSQYGFTQKLHNGKFQTGYARHLRDALPNASFIGFTGTPISLEDKDTQDVFGRYVSIYDLQDAVEDGATVPIVYEARQIKLAENANHDELFAEIDELLEGEENPKLRLREKLLGSEARLHDLAIDFVQHFAKRNEVVDSKAMMVVSSRQICVDLYNQIIALHPEWHSDNINEGAIKIVMTGSASDASEMQKHVYSKQEKQTLERRFKDPNDPLKVVIVRDMWLTGFDAPCCNTMYLDKPMKGHNLMQAIARVNRVFRNKSRENGGLIVDYVGIADELEKATRQYTNSQGKGKLADSVIDVFFKMKEHLEVIRSLFATPVEGKTFDVQAALEKDNPNDLLMAIRFAANHILSLDQLSFDGKAHEQHWFNKKETEPRKKAFLKTAGLVKKGYMLCGTLAEVEPYNQEIAFYDAVRAILTKREQKGTGTNERQILLKKLVNQTVYSEGVIDLFDLLEKPQPQISLLSEEFLQTVKNSPTKNLWVSAMERYLASEIKVKSGTNLTLQKDFERRLKEALNQYHNHNLTVVEILDELFKMSQDFQERLALGKKLGLTKEELAFYEALSQNQSAKDLMGDEVLSKLAKEITETLRKSVTIDWQYKEAVRARIRLLVRRALQKYKYPPDKQEEAVTYVIKQAEEIAEDLTGL,length1,3183
3,286235,283595,2640,MTDSIQSSITPVNIEEELKSSYLDYAMSVIVGRALPDVRDGLKPVHRRVLFSMDREGNTANKKYVKSARVVGDVIGKYHPHGDSAVYDTIVRMAQPFSLRYMLVDGQGNFGSIDGDAPAAMRYTEVRMQKITQALLTDLDKETVNFSPNYDGELMIPDVLPTRIPALLANGSSGIAVGMATNIPPHNLNEVLNGCLAYIDNNEITIDELMQHIPGPDFPTAALINGRKGIEEAYRTGRGKVYVRARATVETNEKGREQIIVSELPYQVNKAKLVEKIAELIREKKIEGISNITDLSNKEGIRIEIDIKRDAVGEVVLNHLYSLTQMQVTFGINMVALDHGQPRLFNLKEIIESFVLHRREVVTRRSIFELRKARERTHILEGLAVARSNIDEMIAIIRNSKNREEAATAISSRSWTLHSDIINLLDVSARPDELEENLGIQGEQYYLSPAQVNAILELRLHRLTGIAFEEVIKEYEELLVKIADLLHILSSAEHLMEVIREELEEVKAQFGDDRLTEITAASGDIDLEDLIAQEDVVVTLSHEGYVKYQPLTDYEAQRRGGKGKSATKMKEEDFIEKLLVANTHDTILCFSSRGRLYWLKVYQLPQASRGARGRPIVNILPLQENERITAILPVSAYEEDKFVVMATAGGIVKKIALTEFSRPRSNGIIALNLRDEDELIGVDITDGSNEIMLFSSQGRVVRFAENAVRAMGRLATGVRGIKLALTNDISDDESAVEIEDISDDNAEASLDLNIDKVVSLVVPKGEGEILTATQNGYGKRTQLSEYPTKSRNTKGVISIKVSERNGKVVAATQVEETDQIMLITDAGTLVRTRVSEVSIVGRNTQGVRLIRTADDEHVVSLERVCDADEEDSLEESSSEE,length1,2640
3,323936,321278,2658,MSEILKNDIDPIETQDWLQSLDSLIREEGVERAQYIVEQVIGQARTSGVSLPTGVTTDYVNTIPVAEQPAYPGDHAIERRIRSAVRWNAIAMVLRSQKKDLDLGGHISTFQSAATMYEVCYNHFFKAATEKNGGDLIFFQGHAAPGMYARAFLEGRLTEEQMDNFRQEAFTDGLSSYPHPKLMPEFWQFSTVSMGLGPVNAIYQARFLKYLDNRGLKDTKDQKVYAFLGDGEMDEIESKGALTFAAREKLDNLIFTISCNLQRLDGPVNGNGKIVQELEGLFTGAGWEVIKVLWGSDWDKLFAKDTSGKLTQLMMEVVDGDYLTFKSKDGAYIREHFFGRYPETAALVADMTDDEIWALRRGAHDSEKLYAAYAKAQNATKPVVILAHQVKGYKIPEAESKNTAHQSKKMSYESLKGFRDFFELPLTDEQVEKLEYIKFAEGTPEYEYLHGHRKALNGYVPARRTKFDVEYKVPALEEFKALLEEQPRGISTTMAFTRALNILLKDKNIGKTIVPMIADEARTFGMEGLFRQVGIYNPHGQNYVPSDRDLVAYYREAKDGQVLQEGINELGATASWLAAANSYSVNNQPMIPFFIYYSMFGFQRVGDMMWAAGDQLARGFMVGGTSGRTTLNGEGLQHEDGHSHIQAGVIPNCVTYDPSFAFEVAVIMQDGINRMYGEKQEDVFYYMTTLNEVMDQPAMPAGAEEGIRKGLYKFETVEGKKGKGHVQLLGSGAIMRHVREAAQILANDYGVTSDVFSAPSFNELAREGHDAARWNLLHPTETQRVPYVAQVLADLPTVASTDYVKGYADQIRAFVPSKHYHVLGTDGFGRSDSRANLREHFEVDARYVVVAALSQLAKEGTVSNQVVADAIAKFGLNVDRINPLYA,length1,2658
3,330014,327950,2064,MSYQVLARKWRPKTFADVVGQEHIITALANGLKDNRLHHAYLFSGTRGVGKTSIARLFAKGLNCVHGVTATPCGECENCKTIEQGNFIDLIEIDAASRTKVEDTRELLDNVQYKPVVGRFKVYLIDEVHMLSRHSFNALLKTLEEPPEYVKFLLATTDPQKLPVTILSRCLQFHLKALDETQISQHLAHILTQENIPFEEPALVKLAKAAQGSIRDSLSLTDQAIAMGDRQVTNNVVSNMLGLLDDNYSVDILYALHQGNGELLMRTLQRVADAAGDWDKLLGECAEKLHQIALMQLLPQKSSDDNEHFSFLAKHISPEDVQFFYQVIVSGRKDLSNAPNRRIGAEMTLLRALAFHPKFLTAVPKTNTTITPPPSTPSAVENTGNYVDVPVLSQSIKSAYSQAKPNKTSIPNLASLSALDALEHLTQLENQERQEHKAESLAVVSETLHHIQELDEEKSHKKMTALPVREMTEPKPKHIEKPTSPPNAAQAPQENSTEENSSDDNAEVAQDEQEILSADTYRWEWSNPELAKADTGVRPSDIKQAILKDITPELRLKIITQTQQQDEWADIVERSGVTGFSKELALNCFLQSKTDDEINLGLHSEKSHLRQDRSIKNLVEALSKLQGKDIRLTINLDDSNVATPIEYRRNIYQALREKAQNELQKDSKLQMLLNEFDAKLDVESIRPV,length1,2064
3,379514,375050,4464,MNKIYRLKFSKRLNALVAVSELTRGCDHSTEKVSEKPVRTKVRHLALKPLSAILLSLGIVSIPQSVLASGLQGMSVVHGTATMQVDGNKTTIRNSVNAIINWKQFNIDQNEMVQFLQESNNSAVFNRVTSDQISQLKGILDSNGQVFLINPNGITIGKDAIINTNGFTASTLDISNENIKARNFTLEQTKDKALAEIVNHGLITVGKDGSVNLIGGKVKNEGVISVNGGSISLLAGQKITISDIINPTITYSIAAPENEAINLGDIFAKGGNINVRAANIRNKGKLSADSVSKDKSGNIILSAKEGEAEIGGVISAQNQQAKGGKLMITGDKVTLKTGAVIDLSGKEGGETYLGGDERGEGKNGIQLAKKTSLEKGSTINVSGKEKGGRAIVWGDIALINGNINAQGSDIAKTGGFVETSGHDLFIGDNVIVDAKEWLLDPDNVSIDAPAGRNNTSEEEEYTSGMGDISSPKKNNQSKSTLTNSTLETILKRGSFVNITATRKIHVNSSINLSNGSLTLHTQSDGIEINADITSNSSTGANLTINSGSWVDIHNNITLGKGFLNITSKGSVAFEKSGKDKNRQATDATITAQGTINITGENTEFRLNNVSLNGTDKGINIISRAGNHTHKLTGEINITGNVTINQTSNDKFYKVSHDSFWNVSALNLAENANFTFIKYAQSNSSGTGNDRRSFAGVIFNGLDNNMSFNIAQGANVRFKLKPNERTDKNVLPIRFKANITATNKGSVLFDIYANLWGKGASLEMDTINISGGSKFAIKSHVRNHNAFEINKDLTINATGSNFTLEQSADQYNNMYPKKAINSTHNLTILGGNVTLGGQNSSSSISGNVTINNGASVTLKAYNDAGNASAGPKNITLGNLSVGGELSLVGASANINGNLSVKENAKFKGETQDNLNITGTFINNGDSKINISQGVVKLGNVTNDGSLNITTHAKGNQKSIIRGDIINKKGSLNITNNGRDTEIQIGGNISQKQGNLTISSDKINITQQITIKKGIDGESSVPDVTANLTIKTKKLELTKDLNISGFNKAEIVAKDNSDLIIGNTGSTDAKKVSFNQVKDSKISAGSHNVTLNSKVETSNGNNDAESNNGDSTSLTINAKNVTVNNNINSHKTVNITASENVTTKAGTTINATTGSVEVTAKTGDIKGGIESTSGSVTLTATGATLAVGNISGNTVTITADSGKLTSTAGSTINGTNSVTTSSQSGDIEGTISGNTVSVKATSDLITQSGSKIEAKTGEANVTSATGTIGGTISGNAVNVIANTGSLTVEGAAKIEATRGAATLTATKGTLTTAADSSISAASGILTINAKDAKLDGAASGNHTVVNATNASGSGSVTAKTSSSVNITGDLNTVNGLNIISKDGRNTVRLRGKEIEVKYIQPGVASVEEVIEAKRVLEKVKDLSDEERETLAKLGVSAVRFVEPNNAITVNTQNEFTTRPSSQVTISEGKACFSSGNGAAVCTNVADDGQP,length1,4464
3,390710,389450,1260,MEIISQYGSWLVWITAAFGFFMAFGIGANDVSNSMGTSVGSGTVTAKQAIIIALIFESAGAYLAGGEVTQTIKSGVIDPIQFVDTPDILALGMLSTLFASGAWLFIVTKMGWPVSGIHTIIGAIIGFACITIGPSSVDWSNIGSIVGSWFITPVISGILAYAIFASTQKLIFDTEQPLKNAQKYGPYYMGITVFVLCIVTMKKGLKHVGLNLSNSETLIISLAISLIGMFFFHFYFKSKIFTQSANKGTFGAVEKVFSILMLLTACAMAFAHGSNDVANAIGPLSAVVSIVNEGGKIVSGGALTWWILPLGALGIAVGLITMGQKVMATVGSGITDLTPSRGFAAQFATAMTVVVASGTGLPISTTQTLVGAILGIGFARGIAALNLTVIRNIISSWIVTLPAGAFFAIIIFYVLRTIFN,length1,1260
3,423872,422180,1692,MLRLNLRFLSFLLCIIQSVELQAAPSVPTFLTENGLTYCTHASGFSFNPQTADAGTSMNVVTEQIYNKLFDIKNHSATLTPMLAQSYSISADGKEILLNLRHGVKFHQTPWFTPTRDFNAEDVVFSINRVLGHNTYLPTLAETNVTYSNPQYKVFHEQARKVRFPYFDSIKLNEKIKSVTALSPYQVKIELFEPDSSILSHLASQYAIIFSQEYAYQLSVDDNLTQLDTHPVGTGPYQVKDYVYNQYVRLVRNENYWKKEAKIQNIIVDLSTDRNGRLVKFFNNECQIASYPEVSQIGLLKSNDKHYYMQSTDGMNLAYLAFNFEKPLMQDRTIRESISQSLNRARIIHNIYHNTATVANNIIPEVSWASSVNTPEFEFDYNPKIAKNKLADKNLLLNLWVINEEQVYNPAPFKMAEMIKWDLAQAGVKVKVRAVTRPFLTAQLRNQSENYDLILSGWLAGNLDPDGFMRPILSCGTKNELTNLSNWCNEEFDQFMDRAITTSHLSSRAKAYNEAQELVLRELPIIPIANVKRILVANSRVKGVKMTPFGSLDFSTLYFIQEKH,length1,1692
3,442808,441302,1506,MSEQEVKELDLNGEMLVRREKLAALRAKGNAFPNKFRRDALAQDLHNQYDVEDGEILKEKGIEVQVAGRIMTRRAMGKATFITIQDMSGKIQLYVARDNLPEGVYAEDVGNWDLGDIIGVKGTLFKTKTNELTIKTTEVQLLTKALRPLPDKFHGLTDQEVRYRQRYLDLISNEESRRTFIIRSKVVAGIREYFISKGFMEVETPMLQVIPGGASARPFVTHHNALDVDMYLRIAPELYLKRLVVGGFERVFELNRNFRNEGVSVRHNPEFTMLEYYQAYADYHDLMDNTEELLRKLAIDILGTTIVKYGEYEFDFGKPFERITLHDATVKYGADKGIVKEDLYDFDRAKATAERLGIEVQKSWGLGSIVNAIFEEVAEHHLIQPTFLMAHPAEISPLARRNDENPDVTDRFELFIGGREIGNGFSELNDAEDQNERFDAQVAAKEAGDDEAMFKDEDFVVALEHGLPPTAGEGLGIDRLAMLYANAPSIRDVILFPAMRQK,length1,1506
3,495356,493628,1728,MRTLLPFIRLFKFAKFPLILGLVLMILGLGSSMGLLTVSGWFLAATAIAGLGTLFNFFYPSASVRGLAIGRTVMRYFEKIVTHDATFRILSKLRVQVFEKIIPLSPAVLNRYRNSDLLNRLVSDVDTLDSLYLRLLAPFFTAVFVIIAITIGLSFINIPLALGLGLFLLILLIIIPTVFYRLGQQFGERLIQARATYRTQFLEFIQAQAELLLFNAEDKLKEKMSVTEKTWQEDQAKEAKLSGFSTALVLFLNGLLISGMLWFASNANFGTDEYRTAYIALFTFAALAAFEIIMPLGAAFLHIGQVIAAAERVTEIIEQKPLVEFNGNEEFETKVRLISAKNLNFSYPEQETLVLKNLTLDLEQGKKIAILGKTGSGKSSLLQLLVRNYDANQGELLLAEKPISTYSEETLRRQICFLTQRVHVFSDTLRQNLQFASADKISDEKMIEVLHQVGLSKLLEQEGKGLNLWLGDGGRPLSGGEQRRLGLARILLNNAPILLLDEPTEGLDRETERQILRLILQHAENKTLIIVTHRLSSIEQFDKICVIDNGRLIEEGDYNSLITKENGFFKRLIERV,length1,1728
3,529214,527591,1623,MQHKLLFSAIALALSYSVQAVIVPEGTQLDEKQHIVINNGAEPQSFDPHKTEGVPESNVAYQLLEGLVTSDSEGKLQPGAAESWENTPDFKTWTFHLRKDAKWSNGDPVTAHDFVFAWRRLVDPATAAPYASYLSYLQVENAQDIIDGKKKPAELGVEAKDDYTFVVHATNPVPYAVSLTTHQSLLPLPQKVVEKLGDAWVKKENYVGNGAYKLANHIINEKIEFERNPLYWNDKETVINSATFLAIENPSTDVARYRAGDLDMTSYGLPPEQFAKLKKELLGEVYVTRTLGTYSYELNNKKAPFDNVNIRKALNLSLDRNVITDKVLGQGQTPTYVFTPTYIEEGHLIQQPAYSKEPMAQRNEEAIKLLEEAGYSKANPLKFSILYNTNENHKKVAIAAASMWKANTKGLIDVKLENQEWKTYIDSRRAGRYDVARAGWHADYNQATTFGNYFLSNSSNNTAKYANPEYDKAMAESYAATDAEGRAKAYAKAEEILGKDYGIVPIFNYVNPRLVKPYVKGYSGKDPQDHIYLRNLYIIKH,length1,1623
3,536408,534881,1527,MSLAIVYSRASMGVQAPLVTIEVHLSNGKPGFTLVGLPEKTVKEAQDRVRSALMNAQFKYPAKRITVNLAPADLPKEGGRFDLPIAIGILAASDQLDASRLKQFEFVAELALTGQLRGVHGVIPAILAAQKSKRELIIAKQNANEASLVSDQNTYFAQTLLDVVQFLNGQEKLPLATEIVKESAVNFSGKNTLDLTDIIGQQHAKRALTIAAAGQHNLLFLGPPGTGKTMLASRLTGLLPEMTDLEAIETASVTSLVQNELNFHNWKQRPFRAPHHSASMPALVGGGTIPKPGEISLATNGALFLDELPEFERKVLDALRQPLESGEIIISRANAKIQFPARFQLVAAMNPSPTGHYTGTHNRTSPQQIMRYLNRLSGPFLDRFDLSIEVPLLPQGSLQNTGDRGETSVQVREKVLKVREIQMERAGKINAYLNSKEIERDCKLNDKDAFFLEKALNKLGLSVRAYHRILKVSRTIADLQGEQQISQPHLAEALGYRAMDRLLQKLSNM,length1,1527
3,553508,551498,2010,MTNIQTQLDNLRKTLRQYEYEYHVLDNPSVPDSEYDRLFHQLKALELEHPEFLTSDSPTQRVGAKPLSGFSQIRHEIPMLSLDNAFSDAEFNAFVKRIEDRLILLPKPLTFCCEPKLDGLAVSILYVNGELTQAATRGDGTTGEDITANIRTIRNVPLQLLTDNPPARLEVRGEVFMPHAGFERLNKYALEHNEKTFANPRNAAAGSLRQLDPNITSKRPLVLNAYGIGIAEGIDLPTTHYDRLQWLKSIGIPVNPEIRLCNGADEVLGFYRDIQNKRSSLGYDIDGTVLKINDIALQNELGFISKAPRWAIAYKFPAQEELTLLNDVEFQVGRTGAITPVAKLEPVFVAGVTVSNATLHNGDEIERLNIAIGDTVVIRRAGDVIPQIIGVLHERRPDNAKPIIFPTNCPVCDSQIIRIEGEAVARCTGGLFCAAQRKEALKHFVSRKAMDIDGVGGKLIEQLVDRELIHTPADLFKLDLTTLTRLERMGAKSAENALNSLENAKSTTLDRFIFALGIREVGEATALNLANHFKTLDALKDANLEELQQVPDVGEVVANRIFIFWREAHNVAVVEDLIAQGVHWETVEVKEASENLFKDKTVVLTGTLTQMGRNEAKALLQQLGAKVSGSVSSKTDFVIAGDGAGSKLAKAQELNITVLTEEEFLAQITR,length1,2010
3,567275,566003,1272,MDKFRVYGQSRLSGSVNISGAKNAALPILFAAILATEPVKLTNVPELKDIETTLNILRQLGVIANRDETGAVLLDASNINHFTAPYELVKTMRASIWALAPLVARFHQAQVSLPGGCSIGARPVDLHISGLEKLGADIVLEEGYVKAQVSDRLVGTRIVIEKVSVGATLSIMMAATLAKGTTVIENAAREPEIVDTADFLNKMGAKITGAGSDHITIEGVERLTGCEHSIVPDRIETGTFLIAAAISGGRVVCQNTKADTLDAVIDKLREAGAQVDVTENSITLDMLGNRPKAVNIRTAPHPGFPTDMQAQFTLLNMVAEGTSIITETIFENRFMHIPELIRMGGKAEIEGNTAVCHGVEQLSGTEVIATDLRASISLVLAGCIATGETIVDRIYHIDRGYEHIEDKLRALGAKIERFSRSDEA,length1,1272
3,574688,573125,1563,MLDVVDLSRLQFALTALYHFIFVPLTLGLSFILVIMETIYVATGKEVYKDMTKFWGKLFGINFALGVTTGIIMEFQFGTNWSYYSHYVGDIFGAPLAIEALLAFFLESTFVGLFFFGWDRLSKGKHLLATYCVAFGSNLSAMWILVANGWMQAPTGSKFNFETVRMEMTNFLDLWLNPVAQSKFLHTLSAGYVTGAFFVLAISSYFLLKGRDFEFAKRSFSVAATFGFIASISVLILGDESGYDIGKAQPVKLAAMEAEFETHPAPAPFLPVAIPNTAEMKNDFAIEIPYLGGVIATRSIDKEIIGLKDLQALNETRVRSGIRAYELFTQLRAEKKANGQVNEETKAQFNEVKKDLGFGLLLKRYTNNVVDATEEQIKQAARDTIPNVGPNFWAFRAMIAAGGLIALLTFGAFVQNLRNKVTQIPLLLKVLLWGLPLPWIAIECGWFLAEYGRQPWAIYEILPVGVSASNLSTGDLWFSIGLICALYLAFIIVEMYLMFKYARLGPSALKTGKYYFEQSAK,length1,1563
3,595304,593141,2163,MANNKTLFDWVEDRKSMLEEMEQTDFFALPEFVSNNLKYPFFEWQKSALENFVIFDRTPKLKDFPDIKNRPTHLLFNMATGAGKTMMMAALILYYFEKGYRHFLFFVNQNNIVDKTENNFTDPTHAKFLFTEKILQGDTVIPIRKVETFSPHSDGIEIKFTSIQKLYNDIRTRRENQTTLADLHKLNLVMLGDEAHHLNAQTKGKKQGELDLEKEMNDRTSNAEIERKGWEHMVLELLLNKNGNHSQNVLLEFTATLPENADVQQKYADKIITKFGLKEFLQKGYTKEINLVSSTLGKKERVLHALLFAWYRHRIALKYGIANFKPVMLFRSKTIDESKADYLAFLNWAENVQAVDFSFLTTFSTSLNDSDSDNANEQGKTRTEQALKFMQEKGVEFAHLADWVKQNYQKHNVIITNSESNKTKTEKTDSETEKLLNNLEAADNPIRAIFTVDRLTEGWDVLNLFDIVRLYEGQNGGGSNKKSGKTAAATVSEKQLIGRGVRYFPFAFEDKQPNKRKFDNDMQHELRILEELFYYTHDEQSRYISELKAELRKDGFIPENDKDKVLTTFKLKSEFADDETFKNLLIWANQKVKNPNAKANNADSLKANPQTLSFQIHGNQLLQETQFTADENDETARQIGTQNNFTQTIKMSEMERHIFNKALHIKGKNSQSLFHFDRLQSKLNIQNRNELQNNLLKDWQIEFLGLGQDKQISPDDNLQAA,length1,2163
3,618341,616301,2040,MRKIIFQNELSQENKMATRRQLANAIRVLAMDSVQKAKSGHPGAPMGMADIAEVLWRDFLKHNPTNPKWADRDRFVLSNGHGSMLIYSLLHLTGYDLSIEDLKQFRQLHSKTPGHPEYGYAPGVETTTGPLGQGITNAVGMAIAEKTLAGQFNREGHEIVDHHTYVFLGDGCLMEGISHEACSLAGTLGLGKLIAFYDDNNISIDGHVDGWFSDDTAERFEAYGWQVIRNVNGHNAEQIRAAAVLAQAEKEKPTLIICKTIIGFGSPNKSGSHDCHGAPLGDEEIALTRKALGWEYAPFEIPAEYYAEWSAKEKGAAAEKSWEEKFAAYAKAYPELAAEFKRRVSGELPTNWAAESKAFIEKLQANPASIASRKASQNAIEAYAHLLPEFLGGSADLASSNLTLWSGSKPIRAHENVSGNYINYGVREFGMSAIMNGIALHGGFIPYGATFLMFYEYAHNAVRMAALMKQRTLFVYTHDSIGLGEDGPTHQPVEQTASLRLIPNLETWRPCDQVESAIAWQQAVERQDGPSALIFTRQNLAQMNRTSAQLDAVKRGAYVLKDCDGTPELIFIATGSEVELAVQAAEALSAEGKKVRVVSMPSTNRFDKQDEAYRESVLPAAVTKRVAIEAGIADFWYKYVGFNGRVVGMNSFGESAPADQLFKLFGFTVENVVAKAKEIL,length1,2040
3,648593,643160,5433,MLNKKFKLNFIALTVAYALTPYTEAALVRNDVDYQIFRDFAENKGKFSVGATNVEVRKKDNQPLGTALPKDIPMIDFSAVDVNKRIGTLVDPQYIVSVKHAHQYMNDFYFGHYNGHRDVSDDENKYSVVTQNNDKPEEKWDYQKRLDDYNMPRLNKFVTEVAPTTPTLAGGGLETYKDKEKYPYFVRVGAGTQFVYEKDTYYTTNSTIIDKKTESGHDIKFLAEAYRYAIGGTPYKEINIDKVETKEGLIGFGDSHQHPNAKDVLSQDPLTNYGVLGDSGSPLFAFDKQQNKWIFIGPYTYWAGYGKKSWQEWNIYKKDFADTIHSRDNAETVPFSTSEYHWTTTGNSSQIKNTQKTISVKLLEPNTTLVNYRKEENKNTGQNVTFDDNTNNGKGTLILDDHINQGAGGLFFKGNYEVKGTTDNITWVGGGISVEEGKTVTWKVRNPEGDHLAKIGKGKLIVEGKGDNKGSLKVGDGTVVLKQQTTKGQHAFASVGIVSGRSTVVLNDDNQVDPNSIYFGFRGGRLDANGNNLTFEHIRNIDDGARLVNHNMTNASNITITGESLITNPNTITPYNIEAPDYENNPYYSFRRIKDGGQLYLNLENYTYYALRKGAKATSDLPYNSNVSNETWLYMGKNPDEAKKKTMEYINNSRMNGFNGYFGEEATKADQNGKLNVTFKGKTEQNRFLLTGGTNLNGDLNVEKGTLFLSGRPTPHARDIANISSTEKDKLFSENNEVVVEDDWINRNFKATNINVTNNATLYSGRNVESITSNITASNKAQVHIGYKAGDTVCVRSDYTGYVTCHNGTLSTKALNSFNATNVSGNVNLSDNANFVLGKANLHGSIQAGGNSQVRLTENSHWHLTGDSNVHQLDLKNGHIHLNSADNSNNVTKYNTLTVNSLSGNGSFYYWVDFTKNQGDKVVVTQSATGNFTLQVANKTGEPNHNELTLFDASNATERNGLNVSLANGKVDRGAWSYTLKENNGRYYLHNPKVEKRNLTVDTPSITTPNIQADAPSVPSNHEEIARVDEPVPLPAPPAPATTSTAPQNQNGFNRTGTGYSIVADTPETVRITHKNPNGEIIDEGFALKSDFHNSVDTNKKSFDGLVADKITPDGTNAYIITYKKVKDLVTPKRPIELKTDQPLTDEEKDPKKVAVVKPEDTPNGVPSREHSETAPKSDTATKADTSNSESVSSDTTETAEKNEQEVAETTAQNGEVAKEAQPTVEASTQTNEVAQNGSEKEEIQDVQKVTSKKPDTTVKANAPKKEVPINTKIEEAQAQPQTQPTTVTAAEETSPNSKPVEETQPSEETNAEPVTPVVVSEHQPEKTVSKPTGTEETATVETEKAQEASQVTSQASPKQEQSEDAKPQAEPESENVSTDKNSEEVQAQPETSATAVTEQPAKETSTKAEQSVTESTTVSTGTPVVENPEKTPATTQPAVNSEAVQSETATTETVSQPKVTSAEETTVTSTQEVSTPKPRSRRTRRSVQTNSYEPIELSTANTENTQSRNNVVNSQSALRDLTSTNTNAVISDARAKAQFVALNVGKAVSQHISQLEMNNEGQYNVWVSNTSMNKNYSSEQYRRFSSKSTQTQLGWDQTISNNVQLGGVFTYVRNSNNFDKASSKNTLAQVNFYSKYYADNHWYLGIDLGYGKFQSNLQTNNNAKFARHTAQIGLTAGKAFNLGNFAVKPTVGVRYSYLSNANFALAQDRIKVNPISVKTAFAQVDLSYTYHLGEFSITPILSARYDANQGNGKINVSVYDFAYNVENQQQYNAGLKLKYHNVKLSLIGGLTKAKQAEKQKTAEVKLSFSF,length1,5433
3,675239,672416,2823,MTVDYKNTLNLPETSFPMRGDLAKREPDMLKNWYEKNLYQKIRKASKGKKSFILHDGPPYANGNIHIGHAVNKILKDIIIKSKTALGFDSPYIPGWDCHGLPIELKVEGLVGKPNEKISAAEFRQKCREYASEQVEGQKKDFIRLGVLGDWDNPYLTMNFDTEANIIRTLGKVIENGHLYKGSKPVHWCLDCGSSLAEAEVEYEDKVSPSIYVRFPAESAVEIEAKFSAQGRGQGKLSAIIWTTTPWTMPSNRAIAVNADLEYNLVQLGDERVILAAELVESVAKAVGVEQVEILGSVKGADLELSRFHHPFYDFTVPVILGDHVTTDGGTGLVHTAPDHGLDDFIVGKQYDLPMAGLVSNDGKFISTTEFFAGKGVFEANPLVIEKLQEVGNLLKVEKIKHSYPHCWRHKTPIIFRATPQWFIGMETQGLRQQALGEIKQVRWIPDWGQARIEKMVENRPDWCISRQRTWGVPMTLFVHKETEELHPRTLELLEEVAKRVERAGIQAWWDLDEKELLGADAETYRKVPDTLDVWFDSGSTYSSVVANRLEFNGQDIDMYLEGSDQHRGWFMSSLMLSTATNSKAPYKQVLTHGFTVDGQGRKMSKSIGNIVTPQEVMDKFGGDILRLWVASTDYTGEMTVSDEILKRAADSYRRIRNTARFLLANLNGFDPKRDLVKPEEMISLDRWAVACALDAQNEIKDAYDNYQFHTVVQRLMRFCSVEMGSFYLDIIKDRQYTTKADSLARRSCQTALWHIAEALVRWMAPILSFTADEIWQHLPQTESARAEFVFTEEFYQGLFGLGEDEKLDDAYWQQLIKVRSEVNRVLEISRNNKEIGGGLEAEVTVYANDEYRALLAQLGNELRFVLITSKVDVKSLSEKPADLADSELEGIAVSVTRSNAEKCPRCWHYSDEIGVSPGHPTLCARCVENVVGNGEVRYFA,length1,2823
3,687449,685916,1533,MSNLKQHKQALFCNDNEAINDYETAMYNAVQAVSAWLKNEKMYTGGSIKQMRALISGFNPTKEGMGVQKSLDHLVKIFLNPSLKVHHPHSLAHLHCPTMVTSQIAEVLINATNQSMDSWDQSPAGSIMEEHLINWLRQKAGYGEGTSGVFTSGGTQSNLMGVLLARDWAIANHWKNEDGSEWSVQRDGIPAEAMQKVKVICSENAHFSVQKNMAMMGMGFQSVVTVPSNANAQMDLIALKQTLAQLKADGKITACIVATAGTTDAGAIDDLKAIRKLADEYQAWLHVDAAWGGALLLSKDYRYFLDGIELTDSITLDFHKHFFQTISCGAFLLKDPANYRFIDYKADYLNSEYDEAHGVPNLVAKSLQTTRRFDALKLWFTLEALGEDLYASMIDHGVKLTKEVEQYINDTPALEMLVPSQFASVLFRVIPKDYPAEFIDALNQNVADELFARGEANIGVTKVGDKQSLKMTTLSPIATLENVKALLTQVLTEANRIKDDIKNGTYTPPID,length1,1533
3,713672,711506,2166,MTTQNFLVEIGTEELPPKALKALATSFADNVEVELNQAGLSFDKIEWFAAPRRLAVKVLSLATQQPSKEMEKRGPAVSAAFDAEGKPTKAAEGWARGCGITVEQAERIATDKGEWLIHRAKIEGQPTKNLLNDIVANALAKLPIPKPMRWADKTVQFIRPVHTVTMLLGDELIEGEILGVASARTIRGHRFLGEKEFEIQHADQYPQLLREKGSVVADFNERKAEILAKSQAKATALGGVADIEESLLEEVTSLVEYPNVLAAKFEERFLAVPAEALVYTMKGDQKYFPIYGKDGKLLPHFIFVSNINPEDPTAIIEGNEKVVRPRLTDAEFFFKTDLKQKLVDRLPRLETVLFQQQLGTLKDKTDRIEQLAGEIAKQIGADEAKAKRAGLLSKCDLMTNMVFEFTDTQGVMGMHYARHDGEDEEVAVALNEQYMPRFAGDELPKSLVASAVALADKFDTLTGIFGIGQAPKGSADPFALRRAALGALRIIVKKNLPLDLNDIISKAFDLYKELDNERLRNAPIAKTRGGFSEYPEGYVSFFTRGDDLVPKQKILDEVVDFMLGRFRAWYQDEGIAVDVIQAVLARRPTRPADFDARVRAVSHFRTLDSAEALAAANKRVSNILAKAGAAIGEINLTACVEPAEKALAEAVLALRTEVQPLIAQGDYTAVLDKLANLRAPVDSFFDNVMVNAEDPALRQNRLAILNTLQGLFLQVADISVLQ,length1,2166
3,786413,783623,2790,MAQIATNPLVLVDGSSYLYRAFHAFPSLTNAAGEPTNAMYGVLNMLKRLISQVQPTHIAVVFDAKGKTFRDEMFEQYKSHRPPMPDDLRKQIQPLHDMIRALGIPLLVVEGIEADDVIGTLALQASSLGKKVLISTGDKDMAQLVDDNIMLINTMNNSLLDREGVIEKYGIPPELIIDYLALMGDSADNIPGVAGVGEKTALGLLQGIGSMAEIYANLEKVAELPIRGAKKLGEKLLAEKPNADLSYTLATIKTDVELNVTTDQLLLGESQKDQLIEYFARYEFKRWLNEVMNGADSITQTTEQPVKMNQYQATSQDQSAVENTPKIQIDRTKYETLLTQADLTRWIEKLNTAKLIAVDTETDSLDYMSANLVGISFALENGEAAYLPLQLDYLDAPKTLEKSTALAAIKPILENPDIHKIGQNIKFDESIFARHGIELQGVEFDTMLLSYTLNSTGRHNMDDLAKRYLGHETIAFESIAGKGKNQLTFNQIPLEQATEYAAEDADVTMKLQQALWLKLQQEPTLVELYKTMELPLLHVLSRMERTGVLIDSNALFMQSNEIATRLTALEEQAYELAGQPFNLASTKQLQEILFDKLGLPILQKTPKGAPSTNEEVLEELAYSHELPKILVEHRGLSKLKSTYTDKLPQMVNSQTGRVHTSYHQAVTATGRLSSSDPNLQNIPIRNEEGRRIRQAFIAREGYSIVAADYSQIELRIMAHLSGDQGLINAFSQGKDIHRSTAAEIFGVSLDEVTSEQRRNAKAINFGLIYGMSAFGLSRQLDISRPDAKKYMDLYFQRYPSVQQFMTDIREKAKAQGYVETLFGRRLYLPDINSSNAMRRKGAERVAINAPMQGTAADIIKRAMIKLDEVIYHDPDIEMIMQVHDELVFEVRSEKVEFFREQIKQQMEDASELVVPLIVEVGVGQNWDEAH,length1,2790
3,831095,829481,1614,MTDLNKVVKELEALGIYDVKEVVYNPSYEQLFEEETKPGLEGFEKGTLTTTGAVAVDTGIFTGRSPKDKYIVLDEKTKDTVWWTSETAKNDNKPMNQATWQSLKDLVTNQLSRKRLFVVDGFCGASEHDRIAVRIVTEVAWQAHFVKNMFIRPTEEQLKNFEPDFVVMNGSKVTNPNWKEQGLNSENFVAFNLTERIQLIGGTWYGGEMKKGMFSMMNYFLPLKGVGAMHCSANVGKDGDVAIFFGLSGTGKTTLSTDPKRELIGDDEHGWDDVGIFNFEGGCYAKTIHLSEENEPDIYRAIRRDALLENVVVRSDGSVDFDDGSKTENTRVSYPIYHIDNIVKPVSRAGHATKVIFLTADAFGVLPPVSKLTPEQTKYYFLSGFTAKLAGTERGITEPTPTFSACFGAAFLTLHPTQYAEVLVKRMQAAGAEAYLVNTGWNGTGKRISIKDTRGIIDAILDGSIEKAEMGELPIFNLAIPKALPGVDSAILDPRDTYADKAQWQSKAEDLAGRFVKNFVKYATNEEGKALIAAGPKA,length1,1614
3,964073,962306,1767,MALATQSNRIKIGIRPTIDGRRMGVRESLETQTIRMAQSVAQLLQTHIRHTDGTFVECVVADSTIGGVTEAAACADKFKRENVGLTITVTPCWCYGSETIDMDPHMPKAIWGFNGTERPGAVYLAAALAGHSQLGLPAFSIYGTEVQEADDTNIPEDVKEKLLRFARAGLAVASIRGKSYLSIGSVSMGIAGSIVNQAFFQEYLGMRNEYVDMMEIKRRLDRKIYDQEEVDLALSWVKQYCKEGVDVNSLENQRNAEERAELWENVVKMTIITRDLMVGNPKLATLNYAEEALGHNAIAAGFQGQRHWTDHLPNGDFMEAMLNSTYDWNGVRPPYILATENDSLNAIGMLFGHQLTGKAQIFADVRTYWSQDSVERVTGWRPESGFIHLINSGSAALDGTGEHQDAQGNPTLKPAWDVTEEEAKRCLENTRWCPAVHEYFRGGGLSSQFLTKGGIPFTMHRINLIKGLGPVLQIAEGWSIDLPQDVHNKLNQRTNETWPTTWFVPRLTGKGAFTDVYSVMANWGANHCVATHGHVGADLITLASMLRIPVCMHNVSEKNIFRPSAWNGFGQDKEGQDYRACQNFGPLYK,length1,1767
3,965558,964148,1410,MAIALIFDCGATNLRTIAINEKGQILASHHLANNTKQGIESSDYHIWDIEEIWQKLISCATQTFNQLIQQGIDLKDIVGISVTTFGVDGAPFDKNDQQLYPIISWKCPRTIPVMENLSNQLDIKSLYQRNGIGQYSFNTLFKLHWLKTHKPDVFQKMAKFVFISSMLTQRLTGQFTTDHTMAGTSMMTNLTSGNWDPSILASLGLSNNHFPPMRYAGEKVGKLRTPLAQKWGLNPVPVISCGHDTQFAVFGSGAGLNQPVLSSGTWEILMARTQHAEPRFEFVSQGLTTEFDAQSNCFNPAVQWVGSGVIEWLGKLLFSDVYGSDHYYTTMIKEGEKAFNAGKRAVNFEGIFSQKGQGNISGLSMFATRGEIYVSALQHMANKLKNGLSVLHQVSQFQAKSLICVGGGSKNVLWNQIRANTLNLPIDVVDISESTVLGAAMFTFAGVGIYENVNAAQQAMQPTRKRIYPN,length1,1410
3,979109,977825,1284,MFRVLFLMLTLLVGLVAGPYISGQQGYVRIETANRIIEMSITTLVIFFIISLAIIYAFEWGITRFFRLSRSSYQWFSNRKRVKAQKQTLEGLVKMNEGDYAKAEKLIGKNAKHSAEPVLNLIKAAEAAQQRGDEFSANRYLIEATELAGSDNLLVEIARTRILLQQNKLPAARSSVDSLLEMARRNKEVLKLAVEIYLRSKAHQALDKILDNVANSGLFNDEEFKDLRSKTENGLLDEKMNEEGIDGLLTWWNQQPRHRRNNIELKISLIQRLIDCNDHESATELTFEILKKLGDNTAISLPLCTQITRLQPEDNSKLLKLIEKRAKRVDEKQKCCINRALGYLYVRNNEFIKAADVFKNVIACPEQLEQNDLMMASYVFEQAGDKALAEQVRQESLKSVMAIQDVIPESAEEKTEENSTALLESKSE,length1,1284
3,1031660,1029971,1689,MGLSPSIYKDVGDLSSLSTDVIIIGGGATGAGIVRDCALRGIDCILLERRDIATGATGRNHGLLHSGARYAVNDQESAEECIKENRILRKIARHCVDETEGLFITLPEDSLDYQKTFLESCAKSGIDAQAIDPDLAKIMEPSVNPDLVGAVVVPDGSIDPFRLTASNMMDATENGAKMFTYCEVKNLIREGGKVIGVNVYDHKNRRERQFFAPLVVNAGGIWGQGIAEYADLKIKMFPAKGALLVMGHRINKLVINRCRKPADADILVPGDTICVIGTTSSRIPYDQIDNMEVTPEEVDILFREGEKLAPSLRHTRVLRAYAGVRPLVASDDDPSGRNVSRGIVLLDHAERDGLDGFITITGGKLMTYRLMAEWATDLVCKKLNKTARCVTAEQPLPGSTESRQETNQKVISLPSTIRYSAVYRHGSRATRLLEKERLDRSMVCECEAVTAGEVRYAIDELDVNNLVDLRRRSRVGMGTCQAELCACRAAGLMNRFEVATPRQSTTQLSAFMEERWRGIEPIAWGEAIREAEFTSWMYGSVLGLNDVKPLDEQAQQGTDSNEF,length1,1689
3,1058465,1056551,1914,MIIFSNLSLKRGQTELLENASATINPKQKVGLVGKNGCGKSSLFSLLKKELTPEGGEVNYPANWRVSWVNQETPALDISAIDYVIQGDREYCRLQQELEQANERNDGNAIARIHGQLEMLDAWTIQSRAASLLHGLGFSQEETIQPVKAFSGGWRMRLNLAQALLCPSDLLLLDEPTNHLDLDAVIWLERWLVQYQGTLVLISHDRDFLDPIVTKILHIENQKLNEYTGDYSSFEVQRATKLAQQTAMYRQQQQKISHLQKYIDRFKAKATKAKQAQSRMKALERMELIAPAYVDNPFTFEFRPPQSLPNPLVMIEQASAGYGSGESAVEILSKIKLNLVPGSRIGLLGKNGAGKSTLIKLLAGELTALSGTVQLAKGVQLGYFAQHQLDTLRADESALWHMQKLAPEQTEQQVRDYLGSFAFHGDKVNQAVKSFSGGEKARLVLALIVWQRPNLLLLDEPTNHLDLDMRQALTEALVDYEGSLVVVSHDRHLLRNTVEEFYLVHDKKVEEFKGDLEDYQKWLSEQNSTSENKVSEKVGDNENSVQNRKEQKRREAELRQQTAPLRKKITQLEEKMNKFSSELANIENQLADAELYNAENKEKLTALLAQQVDVKKALDDVETEWMTAQEELEEMLQA,length1,1914
3,1063937,1062656,1281,MWRFFYTSLLLICQPLILCFIGLLSVKSPRYRQRLAERYGFYGNVPCPPPQGIFIHAASVGEVIAAIPLVRQLQQDYPHLSITFTTFTPTGSERVKATFGDSVFHYYLPLDLPFSIHRFINFVQPKLCIVMETELWPNLIHQLFLRNIPFVIANARLSARSAHRYGKIKAHLQTMWSQISLIAAQDNISGKRYATLGYPKEKLNITGNIKYDLNTNDELLRKIDSLRTLWKQDRPIWIAASTHNGEDEIILKSHRALLAKYPNLLLLLVPRHPERFNVVADLLKKEKFQFIRRSTNELPNENTQVILGDSMGELMLMYGISDIAFVGGSLVKHGGHNPLEPLAFKMPVITGKHTFNFPEIFRMLVEVQGVLEVNSTADSLERAVEALLNSKEARERLGNAGYEVLMENRGALQRLLDLLKPYLERNV,length1,1281
3,1066637,1064537,2100,MGIANLRFASLIFIRHCITALCVGSIILMKLNPQQQQAVEYVTGPCLVLAGAGSGKTRVIINKIAHLIEKCGYSPKQIAAVTFTNKAAREMKERVAHSIGKEQSKGLLVSTFHTLGFDIIKREYKALGFKSNMTLFDEHDQFALLKELTADVLKEDKDLLRELISVISNWKNDLISPKQAFALARDAKYQTFAKCYERYATQIRAYNALDFDDLIMLPTLLFKQNEEVRSKWQAKIRYLLVDEYQDTNTSQYELIKLLVGERACFTVVGDDDQSIYSWRGARPENMVRLRDDFPRLNVIKLEQNYRSTQRILHCANILIDNNEHVFDKKLFSTIGTGEKLLVIEAKNEEHEAERIVAELIAHRFSRKTKYKDYAILYRGNHQSRLLEKVLMQNRIPYKISGGTSFFSRAEIKDMMAYLRLVVNQDDDGAFLRIVNTPKREIGTATLQKLGELAQEKHISLFDAIFEFELIQRITPKAYDSLQKFGRWIVELNDEIQRSEPERAVRSMLSAIHYEEYLYEYATNPKAAEMQSKNVATLFDWVADMLKGDETNEPMNLNQVVTRLTLRDMLERGEGEDDDDSDQVQLMTLHASKGLEFPYVYLIGMEEGILPHQTSIDEDNVEEERRLAYVGITRAQKELTFSLCRERRQYGELVRPEPSRFLAELPNDDVLWERDKPKLTTEQKQEKTQNQLDRLRAILKS,length1,2100
3,1115810,1114457,1353,MKKFSSKTIKAKNSVKMTALSTRAIAANLILQVLDEGKSLSALIPEVQLSVKAQDLPLLQEICFGVCRVLPRLDQIIKRLVDKPLKGKTRIVHCLLLVGLYQLLYMRVPAHAAVDEVVNATKSLKSDSFRGLVNAVLRRFLREQDEILAIIDKNWQTLHPEWFVNKLKKAYPNWREIIEANNQKPPMWLRVNSQKNALETYRTLLEEQGVSSKTSHHPNALYLDIPIAVQKLPHFEEGAVTVQDLSAQWAATLLEPKNEEWILDACAAPGGKTTHILELAPQSNVIALDVETHRLKRVEENLARLNQQAIVVCGDASKPDEWLAEISKSAVKFDRILLDAPCSATGVIRRHPDIKWLRKETDIAQLVELQKKILSALWEKLKPNGVLLYATCSVLPEENCEQIQEFLNAHADAELLSLPFSDDKSAVGFQFIPQPNSGDGFYYAKLLKRAS,length1,1353
3,1117199,1115825,1374,MKIIILGAGQVGTTLAENLVSEDNDITLVDNESPQLQTLQEKHDLRVVQGSPSSPKVLRDAGAADADLMVAVTASDEINMVACQMGYTLFNTPTRIARIRNSEYLREKDKLFNNENIPIDHLISPENLVTDEITRLIAYPGALQVAHFANNRISIVVVKAYYGGPLVGYALSAFREHMPHIDCRIMSILRNGKPIRPQGSTIVEAGDEITFICATEHIKAVMGELQRLEKPYKRVMIVGGGNVAFGVAKRLENSCTVKLIERDSNRAQALAEKLPKTLVFNGDASDQNLLFEEHIESVDVFLSLSSDDEANIMSALLAKRLGAKKAMVLIQRIAYINLIQGGAIDIAVSPQQVTISALLGHVRKGDVKNVATLRHGIAEAIEIVVHGDGNTSNVVGRKIGELCLPMGTIIGALLRGNDVIIARRQVIIEEGDHIVIYLSDKKNVPEIEKLFQPSAFFI,length1,1374
3,1134158,1131740,2418,MSETTNDNYGASSIKVLKGLDAVRKRPGMYIGDTDDGTGLHHMVFEVVDNAIDEALAGHCSDIIVTIHDDNSVSVQDDGRGIPVDIHPEEGVSAAEVIMTVLHAGGKFDDNSYKVSGGLHGVGVSVVNALSDKLQLTIRRQGHVHEQFYHLGEPQSPLTVIGETEATGTTVRFWPSSDIFAITTFDYKILAKRLRELSFLNSGVSIRLIDKRDGSEDHFHYEGGIQAFVEYLNKNKNPIHPKPFYFTAEKDGIGVEVALQWNDGVNENVYCFTNNIPQRDGGTHLAGFRGALTRSLNSYMENEGMLKKEKVATSGDDAREGLVAIISVKVPDPKFSSQTKDKLVSSEVKSAVESAMNEKMQEYLLENPADAKIIVNQIIMAARAREAARKAREMTRRKGALDIAGLPGKLADCQEKDPALSELYLVEGDSAGGSAKVGRDRKTQAILPLKGKILNVEKARFDKMLSSQEVGTLITALGCGIGRDEYNPDKLRYHHIIIMTDADVDGSHIRTLLLTFFYRQMPELIERGYVYIAQPPLYKVKKGKQERYIKDADEMEQYELTLALDGAELHISANAPAMNALVFEKLVAEYNSVQKLIGRLNRHYPVPVLQGLIYQSPISVEMMKNESAVENWGKSFVEQLTAKETEAHQYSVRTQFNAERQVYEAVITVRKHGIDTDYFLNFDFVHGNEYAKIVSLNKQLNGLLEEGAYVTRGEKVQPVRSFEQAVEWLVKESRKGLEVQRYKGLGEMNADQLWETTMDPNSRRMLKVSIKDAVAADQLFTTLMGDEVEPRREFIELNALRANLDV,length1,2418
3,1142717,1140734,1983,MHNENLKELTVRGIILGALITVIFTASNVYLGLKVGVTFASSIPAAVISMAVLKFFKDSSILENNMVQTQASSAGTLSSVIFVLPGLLMMGYWQDFPFWQTMLICAAGGTLGVLFTIPLRRAMVVNSNLPYPEGVAAAEILKAGNHADGDSGVKDIAYGGVLAGLVAFLTNGLRVMADGASAWIQTGKAAFQLPMGFSLALLGAGYLIGIVGGIAMLIGVILTWGVAVPYFTMSEDIAADASLIDSAMTVWKTKVRYIGVGTIGIAAIWTLLILMKPMIEGMVHSFRMLKGGQEASEHRIDIDLYPKTMIYILIATVALIVISLHHFIAAAPISPELSILLVVVCTFLAVFIGFFVAAASGYMAGLVGSSSSPISGIGIISVIVISLVLVSIGNASGLFETVDGQKFLTALTLFTASIVITTACISNDNLQDLKTGLLVEATPWRQQVALIIGCFVGALVIAPVLEILYHAYGFSGALPRPDMDPSQALSAPQATLMTAISQGIFTNKLEWTYILTGVGLGAVLITIDAFLKKVSNKVFSLPVIAVGIGIYLPPSINTPVIVGAFLAWIMARHIAKLGNKEVSAKAERFGTLFSAGLIVGESLMGVILAFIIAASVTTGGSEAPLSLNLENWDTIGEWFGLIVFIVGIVIFASRVLRAKKI,length1,1983
3,1145564,1144082,1482,MQTDNNCIVIFGASGDLTHRKLIPALYNLYKIGRLSENFSVLGVARSDLNDETFRKKMREALIHNEETTPDTLDAFCSHLYYQAVNTSDAQDYGKLVPRLDELHDKYQTCGNTLYYMSTPPSLYGVIPECLAAHGLNTEEYGWKRIIVEKPFGYDEKTAQALDVQIHRFFEEHQIYRIDHYLGKETVQNLLVLRFSNGWFEPLWNRNFIDYVEITGAESIGVEERGGYYDGSGAMRDMFQNHLLQVLAMVAMEPPAIINANSMRDEVAKVMHSLRPLTSEDMENNLVLGQYTAAEINGKMEKGYLEEKGVPADSRTETYISLRCEIENWRWAGVPFYVRTGKRLPARVTEIVIHFKTTPHPVFSQNAPENKLIIRIQPDEAISMRFGLKKPGAGFEAKEVSMDFRYADLAGTQVLTAYERLLLDAMKGDATLFARTDAVHAAWKFVQPILDYKANGGRIHEYEAGTWGPVAADKLIAKQGKVWRKPSGLMKKKV,length1,1482
3,1178150,1176608,1542,MLASLQDILDTVKANNLTYHQKLMTLGNIAERLFDPRDLLGYTDEEWGFLQNQMICDLCEGYAIYRPRYILPDYNVYIQKGCEFLELPPPKDLDEALDGLLILYSRVPSITTYPVYVGRLDVLLEPFITDEEKDYIKIKRFLNHIDKTVPDSFCHANIGPYDTKAGRLILRAVIELEAPTPNMIIRYDKSKTSRDFAELAAKACLLVSKPSFANDAYYISDLGEEYGVASCYNALPECGGAYTLTRLRLGTIARTCKSADEMLNELLPRVAKCALSTMDKRHKFVVEESNFFNSSFLEKEGFIKRTNFTGMFAIVGLADAANHLLQCEGLNETFGKSVRGDEIATAIMDKLKEITDAHEGVYAERTGNRYLLHAQVGASNHEEDKRNAPAHRIRVGEEPTLLAHLKQSAPFHKYFPSGTGDLFAFDQTYVDHCDAVVDIIDGAFSLGYRYITTYLKNTDLIRVTGYLVKKSEVEKYRKGEVALRDTTWYGSGTDECANVFDRQLRNEKDVIAEK,length1,1542
3,1191302,1187141,4161,MIRSWSFGEVKKPETINYRTFKPERDGLFCARIFGPVKDYECLCGKYKRLKHRGVICEKCGVEVTQTKVRRERMGHIELASPVAHIWFLKSLPSRIGLLLDMPLRDIERVLYFEMYIVTEPGMTDLERGQLLTEEQYLDAEDRWQDEFEAKMGAEAIQDLLKGMDLEAECEKLREELQETNSETKRKKITKRLKLLEAFVQSGNKPEWMVMTVLPVLPPDLRPLVPLDGGRFATSDLNDLYRRVINRNNRLKRLLDLIAPDIIVRNEKRMLQESVDALLDNGRRGRAITGSNRRPLKSLADMIKGKQGRFRQNLLGKRVDYSGRSVITVGPYLHLHQCGLPKKMALELFRPFIYAKLESRGYATTIKAAKKMVEREEAIVWDILAEVIREHPILLNRAPTLHRLGIQAFEPILIEGKAIQLHPLVCAAFNADFDGDQMAVHVPLTLEAQLEARALMMSTNNVLSPANGDPIIVPSQDVVLGLYYMTREKVNGKGEGMLLQDPREAEKAYRTGEAELHSRVKVRITEYVKNEAGEFDAKTTLTDTTIGRAILWMIAPKGMPYSLFNQTLGKKAISKLINEAYRRLGLKEAVMFADQIMYTGFAYAARSGSSVGIDDMEIPAKKYEIISAAEEEVAEIQEQFQSGLVTAGERYNKVIDIWAAANERVAKAMMENLSQEEVINREGNPEKQASFNSIFMMADSGARGSAAQIRQLAGMRGLMARPDGSIIETPITANFREGLNVLQYFISTHGARKGLADTALKTANSGYLTRRLVDVAQDLVIVEDDCGTHEGLVMTPLIEGGDEKVPLRELVLGRVAAEDILKPGAEEVLIPRNTLLDEKLCDVLDANSVDSVKVRSVVTCDTDFGVCAKCYGRDLARGHLINQGEAVGVIAAQSIGEPGTQLTMRTFHIGGAASAAAKESSVQVKNTGTVHLMNAKFVTNDESKLVLTSRNTELTITDAFGRTKEHYKVPYGAVLSKGDGQEVTAGETIANWDPHTMPVVSEVSGFVKFVDIIDGLTVMRQTDELTGLSSIVVQDVGERATAGKDLRPTIKLVDANGNDIFLPETDVLAQYFLPGKAIVSLDDGAAVKVGEPLARIPQESVGTKDITGGLPRVADLFEARKPKEPAILAEISGIVSFGKETKGKRRLLITPAEGETYEEMIPKWRQLNVFEGEMVQRGDVISDGAETPHDILRLRGVRAVTEYIVNEVQDVYRLQGVKINDKHIEVIVRQMLRKAVITKAYDSEFLEGEQVEVARVKIVNRQREAEGKPPVEFERELLGITKASLATESFISAASFQETTRVLTEAAVAGKRDELRGLKENVIVGRLIPAGTGFAYHQNRHKHRLVDDVVAKLSEEDEAAIADEFVMTADDASANLAEMLNMADDAE,length1,4161
3,1216838,1215299,1539,MQLNSTEISELIKKRIAQFDVVSEARNTGTIVSVSDGIIRIHGLSDVMQGEMIALPGNRYAMALNLERDSVGAVVMGPYADLAEGMEVQCTGRILEVPVGSGLLGRVVNTLGQPIDGKGEIENDDFSPVEVIAPGVIDRRSVDQPVQTGYKAVDSMVPIGRGQRELIIGDRQTGKTALAIDAIINQRNSGIKCIYVAIGQKASTIANVVRKLEEHGALANTIVVAASASESAALQYLAPYAGCAMGEYFRDRGEDALIVYDDLSKQAVAYRQISLLLRRPPGREAYPGDVFYLHSRLLERASRVNEDYVEKFTKGEVKGKTGSLTALPIIETQAGDVSAFVPTNVISITDGQIFLESNLFNSGIRPAVNPGISVSRVGGSAQTKVIKKLAGGIRTALAQYRELAAFAQFASDLDDATRKQLSHGEKVTELLKQKQFAPLSVAEQAVILFAVEFGYLDDVELSKIASFETALLDYSNRNHAEFMQELNKTGNYNDEIKDTLKSILDGFKANSAW,length1,1539
3,1251125,1249457,1668,MKLFLTQSANVGDAKAYLLHEVFRAAAQKANVSIVETPAEADLVLVFGSVLPNNPALVGKKVFIIGEAIAMISPEVTLANALANGADYVAPKSAVSFTGVSGVKNIVAVTACPTGVAHTFMSAEAIEAYAKKQGWNVKVETRGQVGAGNEITAEEVAAADLVFVAADIDVPLDKFKGKPIYRTSTGLALKKTEQEFDKAFKEAKIFDGGNNAGTKEESREKKGVYKHLMTGVSHMLPLVVAGGLLIAISFMFSFNVIENTGVFQDLPNMLINIGSGVAFKLMIAVFAGYVAFSIADRPGLAVGLIAGMLASEAGAGILGGIIAGFLAGYVVKGLNVIIRLPASLTSLKPILILPLLGSMIVGLTMIYLINPPVAEIMKELSNWLTSMGEVNAIVLGVIIGAMMCIDMGGPVNKAAYTFSVGLIASQVYTPMAAAMAAGMVPPIGMTVATWIARNKFTVSQRDAGKASFVLGLCFISEGALPFVAADPIRVIISSVIGGAVAGAISMGLNITLQAPHGGLFVIPFVSEPLKYLGAIAIGALSTGVVYAIIKSKNNAE,length1,1668
3,1267727,1265897,1830,MCGIVGAVAQRDVAEILINGLHRLEYRGYDSAGVAVINKQNELQRIRCLGKVKALDEAVSEKPLIGGTGIAHTRWATHGEPSETNAHPHSSGTFAVVHNGIIENHEELRELLKSRGYVFLSQTDTEVIAHLVEWEMRSTDSLLEAVQKSVKQLTGAYGMVVMDSRHPEHLVAARSGSPLVIGLGIGENFLASDQLALLSVTRRFIFLEEGDIAEITRRTVDIYDTHGNKAKREIHESNLENDAAEKGKFRHFMQKEIYEQPTALINTMEGRINHENVIVDSIGNGAKGILEKVEHIQIVACGTSYNAGMVARYWFESLAGVSCDVEIASEFRYRKFVTRPNSLLITLSQSGETADTLAALRLAKEKGYMAALTICNVAGSSLVRESDLAFMTRAGVEVGVASTKAFTTQLAALLMLVTALGKVKGHISVEKEREIIKAMQSLPAEIEKALAFDREIEALAEDFAEKHHALFLGRGAFYPIAVEASLKLKEISYIHAEAYAAGELKHGPLALIDADMPVIVVAPNNELLEKVKSNIEEVRARGGQLYVFADKEAGFTPSEGMKIITMPKVNDIVAPIFYTIPMQLLSYYVALIKGTDVDQPRNLAKSVTVE,length1,1830
3,1275452,1274135,1317,MNLSQFEQFDLSPELLKALEKKGYSRPTAIQMEAIPAAMEERDVLGSAPTGTGKTAAFLLPALQHLLDYPRRKPGPPCILILTPTRELAMQVAEQAEELAQFTHLNIATITGGVAYQNHGDVFNTNQDLVVATPGRLLQYIKEENFDCRSVEMLIFDEADRMLQMGFGQDAEKIAAETRWRKQTLLFSATLEGELLVDFAERLLNDPVKVDAEPSRRERKKINQWYYHADSNEHKIKLLARFIETEKVTRGIVFVRRREDAREVSETLRKRGIRSAYLEGEMAQTQRNNAIDKLKSGIVTVLVATDVAARGIDIDDVSHVMNFDLPYSADTYLHRIGRTARAGKKGTAVSFVEAHDYKLLGKIKRYTEEILKARILAGLEPRTKPPKDGEVKSVSKKQKARIKEKREEKKKTEAKKKVKLRHKDTKNIGKRRKPSNSNV,length1,1317
3,1322492,1320635,1857,MALLQIAEPGQAAAPHQHRLAVGIDLGTTNSLVASVRSGQSVILNDEQERSLVPSVVHYGVEEKKVGLEAFEQASLDPKNTVISVKRLIGRSLPDVQSRYSSLPYEFVASENGLPLIITAQGPKSPIEVSSDILSRLNHIAEQRLGGELSGVVITVPAYFDDAQRQSTKDAARLAGLNVLRLLNEPTAAALAYGLDSGQEGIIAVYDLGGGTFDISILRLSKGIFEVLATGGDTALGGDDFDHLIADWVIEQTKLKPQTANQQRELITLANQAKITLTNEKSAVISWQDFSVEISREQFNELIYPLVKRSLLTCRRALKDANVESEEVQAVVMVGGSTRVPYVREQVGEFFGKTPLTSIDPDKVVALGAAIQADILVGNKTDSDMLLLDVVPLSLGIETMGGLVEKIIPRNTTIPVARAQEFTTFKDGQTAMSVHVLQGERELVDDCRSLGRFTLRGIPPMAAGAAHIRVTYQVDADGLLSVTAMEKSTKVQASIQIKPSYGLTDEEVTAMIKSSFDNAQEDLQARELAEQRVEADRVIESVIVALQADGAELLSTDEFHHIETVLKQLMDVKQGSDRDAIAQGIKALDTATQEFAARRMNASINKALTGKNLSDIENP,length1,1857
3,1369940,1368176,1764,MMRTHYCGALNRNNIGQDVTLSGWVHRRRDLGGLIFIDMRDRDGIVQVCFDPKYQDALTAAAGLRNEFCIQIKGEVIARPENQINKNMATGEVEVLAKELRIYNASDVLPLDFNQNNTEEQRLKYRYLDLRRPEMAQRLKTRAKITSFVRRFMDDNGFLDIETPMLTKATPEGARDYLVPSRVHKGKFYALPQSPQLFKQLLMMSGFDRYYQIVKCFRDEDLRADRQPEFTQIDVETSFLTAPEVREIMERMVHDLWLDTIGVDLGKFPVMTWQEAMRRFGSDKPDLRNPLEMVDVADIVKDVEFKVFNEPANNPNGRVAVIRVPNGAEITRKQIDEYTQFVGIYGAKGLAWAKVNDINAGLEGVQSPIAKFLNEEVWKALAERVNAQTGDILFFGADKWQTTTDAMGALRLKLGCDLGLTRLDEWQPLWVIDFPMFERDEEGNLAAMHHPFTSPKDFSPEQLEADPTSAVANAYDMVINGYEVGGGSVRIFDPKMQQTVFRILGIDEEQQREKFGFLLDALKFGTPPHAGLAFGLDRLTMLLTGTENIRDVIAFPKTTAAACLMTEAPSFVNPQALEELAISVVKAE,length1,1764
3,1397750,1395584,2166,MLDLTPQSKKISIQIGGMTCQSCANRIEKVLNKKPFVQQAGVNFAVEEAQVVFDATQASETQIIEIIHKTGFSAHIKQANELPIEENTSIPWRLIILWIINIPFLIGMLGMIGGSHHLMLPPIWQFALASIVQLWLAIPFYCGAIGSIRGGLANMDVLVSTGTLTIYLYSAFMLFYHADHAMGHVYFEASVMVIGFVSLGKFLEDRTKKHSLNSLSMLLQLTPKKVTVLRNEKWTEIALDQVNIGEIIRANQGERIAADGIIESGNGWCDESHLTGESRPEEKQKGGKVLAGAMVTEGSIIYQANQLGSQTLLGDMMNALSDAQGSKAPIARFADKVASVFVPVVLVISLVTFALTYILTNDSVSSLIHAVSVLVIACPCALGLATPAAIMVGLGKAVNAGVWFKDAAAMEETAHVDTVVLDKTGTLTKGELEISALWQPQSAVYSEDDLYRFAAAVERQANHPIAKAIVQAAEQKMLEIPTALFSKMEVGQGIQAELEQVGTIKVGKPDYCGLILPKNLEDIWQIASIVAVSINDEPIGAFALTDTLKNDSLHAIQRLQQQNIDVVIMSGDQQSVVDYIAKQLGIKKAFGGLSPRDKAEQIQKLKAQGHIVAMVGDGINDAPALASANVSFAMKSGSDIAEQTASATLMQHSVNQLVDALFIARATLKNIKQNLFFALIYNILGIPLAAFGFLSPIIAGAAMALSSISVLMNALRLKKVRF,length1,2166
3,1404737,1403468,1269,MSYLAQAIGELKSKIHAYLQQSRNELVRFQVKLDKVDLLAWLKSQSAYPQFYLHFRDEEKALAALGEVQSFSQLNLAQEFIEESGFPLVGGLQFQGTAQFVLPKILVEQDEKGVLVSFFVKDEQSANDTLAHLKTFENITALSALPKQIPLHTEPRANERTWCDWVNQALVEIKSGELTKIVLANETTFHLKQAINAYDFLAESEKQNQGCYHFLWAENPHSVFVGSTPERLFAREYNLLLTEALAGTASVSESEEETQSQANWLLNDEKNLKENWLVVEDISQNLRKQVESFDVSNVELKPLRKVQHLIRKIRANLTAHYADVNILKAIHPTAAVSGLPQQQAKMILSEIETFDRGWYAGTLGVMSDACSEFCVAIRSAFIEGHRIRVFAGAGIVAGSQPLEEWKEIERKAAGLISLFAEEK,length1,1269
3,1408634,1407320,1314,MSTQLRNNPMKVALASMVGTAIEFFDYYIYAAAAVLVFNTQFFQSDDPLSNDLLSLSTLALAFFARPIGSALFGHFGDKIGRKKTLVASLVLMGGSTVVIGLLPNYAQIGIWAPILLCVCRVGQGIGLGGEWGGAALVATENAPEGKRAWYGTFPQLGAPIGLFVANGTFFLVSYLLGHNALVEWAWRIPFVSSILLVAVGLYVRLTLHESHVFVEAEQKGKKLNAPVSVVFTKHLKPMIIGTFIMVATYSLFYIMTAFAQAYSRTAPKLSEAGYALGLGIPANTFTGLLLISAIVFGIFISISGVYADKIGRRKWLIWVTIAIGVLGLAMPLFLENGTPVSVFAFLVIGMAIMGMTFGPMAALLPELFPTEVRYSGASLAYNLASIIGATIAAMISLKINASFGVMGVGIYLAINVLMTLLALLASKETKNVDLTEI,length1,1314
3,1554410,1553081,1329,MLYLEFLFLLLMLYIGSRYGGIGLGVVSGIGLAIEVFVFRMPVGKAPIDVMLIILAVVTCASVLEAAGGLKFMLQIAERILRKNPKRVTLLGPLVVYLLTFMLGTGHSVYTIMPIIGDVALKNKIRPERPMAASSVASQLAITSSPLSAAVVFYLGKITAMPAFEHISLLDIICVTVPATLAGTIALSLYSMRRGKELEQDPEYQRRLQDPVWRERILNTTSTTLNETLPQGAKKSVYLFLLALVVIVAIAMIPEIRTIGSGKAISMSLIIQMMMLCFGGVILLATKTNPQIVQNGVVFKSGMVAAIAIYGIAWMSDTYFKYAMPEFKAAITDMVQTYPWTFALALFAVSVVINSQAATAVMLLPVGIGLGIPAPILVGLMPATYAYFFIPNYPSDIATVNFDVTGTTKIGKYYFNHSFMVPGLIGVVVACLVGVSVAELVIR,length1,1329
3,1584530,1583174,1356,MKHIHILGICGTFMGGVAMIAKQMGYHVTGSDTNVYPPMNTFLEEQGIEIIPNYDVAQLQPAPDMVIVGNAMKRGNPCVEYVLENNLKYTSGPQWLHDHLLRDRWVLAISGTHGKTTTTGMLTWILEQNGLKPGFLIGGIAGNFGISARLGDSPYFVIEADEYDTAFFDKRSKFVHYNPRTLIVNNISFDHADIFDDLKAIQRQFHHMIRTIPASGLVLSSASEQSAKETLALGCWSQQQFLGKDNEWFAERITNDASHFAVFHHGEKVAEVKWNVVGQHNMHNALMAIAAAHHTGVAIEDACKALGSFVNAKRRLEVKGEVNGITVYDDFAHHPEAILATLTALRDKVGGVRILAVLEPRSNTMKMGVHKDDIAPALGRADAVFMLQPEQLSWEVADIANQCVQPAYWNANLDRLVDMIVAEAQPTDHILVMSNGSFGGIHQKILDKLKLK,length1,1356
3,1590791,1588658,2133,MKQLFATTSRGFEELLKVELTELGAQEAKVVQGGVHYQADDETLYRTLLWSRLASRILFPLIETKIYSDLDLYAAVSGFNWLGLFDERVTFFVDFNGTNQEIRHTQFGAMRVKDGIVDYFERQGKARPDVDKIQPDVRIHAYLNRENLVISLDLSGEALHLRGYREDAGQAPLRETLAAAIVLRSGWQVGSRLVDPMCGSGTLLIEAAQMEAKIAPQLYRLHWGFDFWKAHNQSAWEKVKNEAIELAEEKQREIQPHFYGFDLDHRVLKKAQKNAQNAGVSHLIKWQQGDVAALKNPRLNEVGTVICNPPYGERLGTTPALIALYSVFGQRLKKEFCGWNVSVFSSESTLLDCLRMRASRQFKAKNGPLDCVQKNYQVSERKSDEITAENELEFNRTSEVATDFANRLQKNIKKISKWAKQQGLDAYRLYDADLPEYNLAVDRYADYIVVQEYAAPKNIDENKARQRLLDAVTATLHVTGVETNKLILKVRQKQKGTNQYEKLANKGEYFYVNEYGAQLWVNLTDYLDTGLFLDHRLTRKMIGALAKGKDFLNLFAYTGSATVHAALGGAKSTTTVDMSNTYLNWAEQNLILNDIEGKQHKLIQADCLQWLEKCDRQFDLIFVDPPTFSNSKRMEDSWDVQRDHVKLMRNLKRVLSNNGTIVFSNNKRGFKMNLVALEELGLSAVEISHKTLPLDFERNKQIHNCWMIQHI,length1,2133
3,1634858,1632413,2445,MRVLKFGGTSLANPERFSQAAKLIEQAHLEEQAAGVLSAPAKITNHLVALSEKAALNQSTDTHFNEAIEIFYNIINGLHAENNQFDLNGTKALIDAEFAQIKGLLEEIRQAGKVEDAVKATIDCRGEKLSIAMMKAWFEARGYSVHIVDPVKQLLAKGGYLESSVEIEESTKRVDAANIAKDKVVLMAGFTAGNEKGELVLLGRNGSDYSAACLAACLGASVCEIWTDVDGVYTCDPRLVPDARLLPTLSYREAMELSYFGAKVIHPRTIGPLLPQNIPCVIKNTGNPSAPGSIIDGNVKSESLQVKGITNLDNLAMFNVSGPGMQGMVGMASRVFSAMSGAGISVILITQSSSEYSISFCVPVKSAEVAKTVLETEFANELNEHQLESIEVIKDLSIISVVGDGMKQAKGIAARFFSALAQANISIVAIAQGSSERSISAVVPQNKAIEAVKATHQALFNNKKVVDMFLVGVGGVGGELIEQVKRQKEYLAKKNVEIRVCAIANSNRMLLDENGLNLEDWKNDLENATQPSDFDVLLSFIKLHHVVNPVFVDCTSAESVAGLYARALKEGFHVVTPNKKANTRELVYYNELRQNAQASQHKFLYETNVGAGLPVIENLQNLLAAGDELEYFEGILSGSLSFIFGKLEEGLSLSEVTALAREKGFTEPDPRDDLSGQDVARKLLILAREAGIELELSDVEVEGVLPKGFSEGKSADEFMAMLPQLDKEFKTRVATAKAEGKVLRYVGKISEGKCKVSIVAVDLNNPLYKVKDGENALAFYTRYYQPIPLLLRGYGAGNAVTAAGIFADILRTLQH,length1,2445
3,1637135,1635860,1275,MNLYNIKHPEEQVTFSQAVRQGLGWDQGLFFPEVIPKLNNINELLELPLVERSQKILGALIDGELPQATLDAMVKNAFTFTAPLEKVEDNIYALELFHGPTLAFKDFGGRFMAQALAAVRGDGKITILTATSGDTGAAVAHAFYGLENINVVILYPKGKISPLQEKLFCTLGGNIRTVAINADFDACQALVKQAFDDVELRQAIGLNSANSINISRLLAQVCYYFEAVAQLPKEKRDNVVVSVPSGNFGNLTAGLIAKTLGLPIKRFVASTNANDTVPRYLKSGNWDPKTTVATLSNAMDVSRPNNWPRVEELFKRNGWDLTDLGSGMLSDSETEDTLKAMQSKGYLCEPHGAIAYQVLKEQLKASETGIFLCTAHPAKFKESVERILGIQLPLPETLDKHNQLPLLSDEMDNDFAQLRAYLLKS,length1,1275
3,1665167,1662803,2364,MKLNLITLAVLLIVADLTLLFLPQPLLLPWQVALVIALVLIFLFIFLRRNFLVSLAFFVASLGYFHYSALSLSQQAQNITAQNQVVTFKIQEILHQQDYQTLIATATLENNLQEQRIFLNWKAKEVPQLSEIWQAEISLRPLSARLNFGGFDRQQWYFSKGITAVGTVKSAVKIADVSSLRAEKLQQVKKQTEGLSLQGLLIALAFGERAWLDKTTWSIYQQTNTAHLIAISGLHIGLAMGIGFCLARVVQVFCPTRFIHPYFPLVFGVLFALIYAYLAGFSVPTFRAISALVFVLFIQIMRRHYSPIQLFTLVVGFLLFCDPLMPLSVSFWLSCGAVGCLLLWYRYVPFSLFQWKNRPFSPKVRWIFSLFHLQFGLLLFFTPLQLFLFNGLSLSGFLANLMAVPIYSFLLVPLILFAVFTNGTMFSWQLANKLAEGITGLISVFQGNWFNVSFNLALVLTALCAGIFMLIIWSIYREPEVSSSTWKIKRPRFFTLNLSKPLLKTDRINVLRCSFGIILMCFMILLFKQLSKPTWQVDTLDVGQGLATLIVKNGKGILYDTGSSWRGGSMAELEILPYLQREGIVLEKLILSHDDNDHAGGASTILKAYPNVELITPSRKNYGENYRTFCTAGRDWHWQGLHFQILSPHNVATRADNPHSCVILVDDGKNSVLLTGDAEAKNEQIFARTLGKIDVLQVGHHGSKTSTSEYLLSQVRPDVAIISSGRWNPWKFPHYSVMERLHRYKSAVENTAVSGQVRVNFFQDRLEIQQARTKFSPWYARVIGLSKE,length1,2364
3,1670708,1668881,1827,MFDAKKFLADVSHEPGVYRMYDDKDQVIYVGKAKDLKKRLSSYFRKNLSSKKTEALVASIHHIDTMLTSSETEALLLEHNFIKLYQPRYNVLLRDDKSYPFILLTKERHPRITSYRGSKKFAGEYFGPYPHAGAVRETLSLLQKLFPVRQCENSVYSNRSRPCLQYQIGRCSAPCVQGYVSDEEYNQQVELARLFLQGKDQQVLDYLIGKMEQASRNLDFEQAARYRDQIQAVRSVIEKQFVSNERLDDMDIMSIAYQHGLACVQVMFIRQGKVLGNRSYFPKVPANTDLSELTETFVGQFYLQGHQGRSIPNSIIVDRQLAEKSELEQLLTEQAGRKVTIQESVKGDKSKYLQLAQVNAKAALNVQLKQSSRMSERYQALCDLLNLPEIKRMECFDISHTMGNQTVASCVVFNQEGPLKSDYRRFNIEGITGGDDYAAMEQALQKRYERDLEEDKIPDIIFIDGGKGQLNRALNVFQHLQVKWDKNRPHLIGVAKGVDRRAGQEVLIISKQDREIHLPDDSLALHLIQHIRDESHNHAISGHRKKRQKAFTQSGLETIEGVGAKRRQALLKYLGGLQGVKKATLDEIASVPGISLKLAETIFETLKND,length1,1827
3,1693391,1691738,1653,MSDIAITISLLALVAVIGLWIGHWKIRGVGLGIGGVLFGGIIVAHFTNQYGLKLDAHTLHFVQEFGLILFVYTIGIQVGPGFFSSLRKSGLKLNAFAILIIVLGSIAVVLVHKIADVPLDIALGIYSGAVTNTPALGAGQQILAELGVPQTTVTMGVSYAMAYPFGICGILLAMWLIRLFFKVKVDDEAARFNAESSQDKESLHNISLKVTNQNLDGLTLIQIPGFSDEEVVCSRLKRDDMEIVPKASTEIRINDILQLVGDDNSLAKMRLIIGYEVDAPTVAYSGEIRSERVVVTNEKVLGKKIRALGIHQKYGVVISRLNRAGIELVPTGNTTLQFGDVLHMVGRSDVLNQAISVIGNAQQKLLQVQMLPVFIGIGLGVLVGSIPFYIPGFPVALKLGLAGGPLVVALILARIGTIGKLYWFMPPSANLALREIGIVLFLAVVGLKSGGSFFDTLVNGSGLEWMGYGIFITFIPLMITGILARLYGKLNYLTICGLLAGSMTDPPALAFANEIKEDNGAAALSYATVYPLVMFLRIMSPQLLAVLLWAA,length1,1653
3,1696322,1694369,1953,MNLKKFFNTPTHEPFRDKKAERNLFARRTLVAFLGILLLTGVLFTNIYQLQIVNFDTYRTRSNGNRIKLLPLPPTRGLIYDRYGKLLAENLTFFGLYIVPEKTENLDRTLDELRYIVGLTDNDIEHFKKERLRGTRYTPILLKPNLTEEQISRFAVNGYQYPSLEVRPYFKRHYLYGETMAHILGYVGKMNDKDVERLKREDKFANYAGTNDIGKLGIERYYEDILQGTTGFEEVEINNRGKVIRTLRSRPAVAGKSIHLTIDLALQRYITELLSGLKGAVVVLDPKDSSVLAMVSTPSYDNNLFVDGISSEDYKRLLNDPARPLYSRATQGAYPPASTVKPFIAVAAQTENVITPNTTIFDPGYWVLPNSTKRFRDWKKTGHGDTDLNKAITESSDTYFYQVAYNMGIDRLSNWMKDFGFGMPTGIEIQEETAANMPTREWKQKRYKRPWVQGDTISVGIGQGYWTATPLQVAKATTILVNNGKVNTPHLMKAIEGAVLEPYEDPLIYPDISTPKVTAWEAAKRGMYNVVNAANGTGRKAFADANYRVAGKSGTAQVFSLKENEKYNAVGLKKELHDHAWFTAYAPYENPRLVVTVILENAGGGSSNAAPLARKVMDYYLNQRLPQVEKYNVPIQQKKDLSQESEQINGR,length1,1953
3,1705502,1704002,1500,MTTREQRIEKYHADRSVYQAVPKSESLSRTAKDRKLCTSLEEAIKRSGLKDGMTVSFHHAFRGGDFVVNMVMNKIAEMGFKNLTLASSSLIDSHFPIVEYIKNGVVTKIYSSGLRGELAEQISRGLLNEPVNIHSHGGRVHLVKSGELKIDVAFLGVPCCDTFGNANGFTGKSKCGSLGYARVDAEYADKVVLLTEEFVEYPHYPISIAQDQVDLIVQVEAVGDPKKIGGGATRMTTNPRELLIARKCAEVIFASGYFKDGFSLQTGSGGAALAVTRFLEEKMRRENITADFALGGITASMVALHETGLIKKLLDVQSFDSVAAESLARNPNHIEVSANQYANYSSKGASVERLDMVILSALEIDTKFNVNVLTGSDGVIRGASGGHCDTAASAQVAIIVAPLVRGRIPTVVENVITCVTPGENVDILVTDHGVAVNPKRPDLIEALSKTDIPLFTIEQLCERAYSITGKPKEIEFTNKPVAVVRYRDGSVIDTVYQVKD,length1,1500
3,1710365,1708943,1422,MTQKLHIKTWGCQMNEYDSSKMADLLLSTHGLELTEAPEEADVLLLNTCSIREKAQEKVFHQLGRWKELKKNNPNLVIGVGGCVASQEGEHIRHRAPYVDIIFGPQTLHRLPEMINQIRGGKSSVVDVSFPEIEKFDRLPEPRAEGPTAFVSIMEGCNKYCTFCVVPYTRGEEVSRPVDDVLFEIAQLAEQGVREVNLLGQNVNAYRGPTHDGQICSFAELLRLVASIDGIDRLRFTTSHPIEFTDDIIDVYRDTPELVSFLHLPVQAGSDRVLTMMKRAHTALEYKSIIRKLRAVRPDIQISSDFIVGFPGETSEDFEQTMNLIAQVNFDMSFSFVYSARPGTPAADMLDDVTEDEKKQRLYVLQERINQQAAQFSRRMLGTEQRVLVEGPSKKDIMELTGRTETNRIVNFQGSPEMIGKFVDVKITDVYTNSLRGEVVRTEDEMGLRIAQSPQEVMNRTRKEDELGVGRYHG,length1,1422
3,1735241,1733162,2079,MSLELLDAVPLTSLSGVGAAISNKLAKIGIQNLQDLLFHLPIRYEDRTRITPIANLRPEQYFTIEGIVQTCEVAFGRRPILSVSLSDGTSKIMLRFFNFNAGMRNSFQAGVRVKAFGEVKRGRHMPEIHHPEYQIVRDNAPIVLEETLTPIYSTTEGLKQNSLRKLTDQALTLLDKVQIAEILPNEFNPHQYSLKEALRLLHRPPPDISLEMLEQGKHPAQQRLIFEELLAHNLAMQKVRLGTQQFSALPLHYQTDLKQRFLATLPFQPTNAQKRVVSDIEQDLIKDYPMMRLVQGDVGSGKTLVAALAALTAIDNGKQVALMAPTEILAEQHANNFRRWFEPFGIEVGWLAGKVKGKSRQAELEKIKTGAVQMVVGTHALFQEEVEFSDLALVIIDEQHRFGVHQRLMLREKGEKAGFHPHQLIMTATPIPRTLAMTVYADLDTSIIDELPPGRTPITTVVVSEERRAEIVMRVKNACVNEKRQAYWVCTLIDESEVLEAQAAEAIWEDLTKALPMLNIGLVHGRMKPQEKQDVMMRFKNAELDLLVATTVIEVGVDVPNASLMIIENAERLGLSQLHQLRGRVGRGSTASFCVLMYKPPLGKVSQKRLQVLRDSQDGFVISEKDLEIRGPGEVLGTKQTGIAELRIANLMRDRKMIPTVQHYAKSLIQKYPDVAESLICRWLNNKEIYSNA,length1,2079
3,1763885,1761296,2589,MLFSPRLSSPLTPSAVKIERENLKQFELENFSCYSIFELIENRSDFYDALLIQLWQEIELSEQQGISLIAVGGYGRREMFPLSDLDFLILVEQTPSPEIEEKITQFIQFLWDCGFEVGNSVRTLAQCESEGKQDITIATNLLEARFLTGNRPHFDALNELVKRADFWSKEDFFNAKVQEQIERYQRYHNTAYNLEPDIKYSPGGLRDLHLLYWVALRHSGALTLEAILQSGFIYPQEYQQLQESRAFLFKVRFALHLILKRYDNRLLFDRQIKVSELLGFRGEGNPAVEKMMKCFFQALHRISLISNLLIQHYRENVLPSNQDTVIDQLDDDFQLINQCLCLRNSFVFQEKPARILDLFFYLTQYEQADIHSETLRQLQISLEQLPQKLCEIPAAREKFLRLFNQPNAIKRAFMPMHQYGVLTAYLPQWQAIEGLMQFDLFHIYTVDEHTLRVMLKLESFLSQESAQEHPIAHRIFSQLSDRTLLYIAALFHDIAKGRGGDHAELGVEDVADFAQLHGLDRREIDTLAWLVQSHLLMSITAQRRDIHDPEVVMNFAEAVQNQVRLDYLTCLTVADICATNGNLWNSWKRSLFASLYEFTEQQFSQGMKELLDYSEKSAENRKLAQQILTQDYSDIAPISIEQLWTRCPEDYFVRNTPKQIAWHTSLLVDFVEALLVKISNRFSLGGTEVFIYCQDQPHLFNKVVSTIGAKKFSIHDAQIITTQDGYVFDSFIITELNGELVEFDRRRELEQALTVALQSEKLPALSITPNRQLQHFIVQTDVRFLHENKKEHTEMELVALDKPGLLAQVSQIFTELNLNLLNAKITTVGEKAEDFFILTNQFGQALDSQQREILRNVLYRNIG,length1,2589
3,1769309,1767584,1725,MISGILASPGIAFGKALVLKEEKIVLDTQKITDDQIDEEVARFYEGRAAAVEQLNSIRERALISLGEEKAAIFEGHLMILEDEELEEEILDYLRSNKVNAGVAASKILDQQVTMLSEIDDEYLKERAGDIRDIANRLVKNILGMHIVDLGDIQEESILVAYDLTPSETAQLNLEKVLGVVTDIGGRTSHTSIMARSLELPAIVGTNKVTKLVNTGDYLILDAINNQVYINPTASQIDELKALEAKISEEKAELAKLKDLPAITLDGHKVDIVANIGTIRDCDGAERNGAEGIGLYRTEFLFMDREQLPTEEEQFIAYKQVVEAMNGRLTVLRTMDIGGDKELSYLDLPKEMNPFLGWRAIRIALDRREILNAQLRAVLRASAFGKLAVMFPMIISVEEIRELKAVIETLKAELREEGRVFDNNIQVGVMVETPSAAVNAKFLAKEVDFFSIGTNDLTQYTLAVDRGNEFISHLYNPMHPSVLGLIKQVIDASHTEGKWTGMCGELAGDERATLLLLGMGLDEFSMSAISVPRIKKLIRNVNFQDAKALADAALQKPTAAEIDQLIEEFLLENSLN,length1,1725
3,1782383,1780115,2268,MTTSHILGFPRVGAKRELKFAQERYWRKELAEQDLLDLAKALREKNWKHQAAANADFVAVGDFTFYDHILDLQVATGAIPARFGFDSQNLTLDQYFQLARGNKDQFAIEMTKWFDTNYHYLVPEFQKSTAFKANPAHYVNQIREAKALGLNFKPVIVGPLTFLWLGKEKGEAFNRFDLLNQLVPVYVEILNALVAEGAEWIQIDEPALALDLPAEWVEAYKSVYAELSKVNAKLLLATYFGSVAEHAELLKALPVAGLHLDLVRAPEQLAAFEDYSKVLSAGVIEGRNIWRANLNKVLDVLEPLKAKLGERLWIAPSCSLLHTPFDLEVEVQLKEKNTALYSWLSFTLQKVEELNVLKQALNNGRASVQAALDASQAAADARATSKEIHRPEVAERLANLPKGADQRKSPFAERIVKQNAWLNLPLLPTTNIGSFPQTTEIRHARASFKKGELSLADYEAAMKKEIEYVVRRQEELDLDVLVHGEAERNDMVEYFGELLDGFAFTKFGWVQSYGSRCVKPPVIYGDVTRPEPMTVRWSQYAQSLTNRVMKGMLTGPVTILQWSFVRNDIPRSTVCKQIGVALSDEVLDLEAAGIKVIQIDEPAIREGLPLKRADWDAYLQWAGEAFRLSSMGVQDDTQIHTHMCYSEFNDILPAIAALDADVITIETSRSDMELLTAFADFKYPNDIGPGVYDIHSPRVPTAAEVEHLLRKALNVIPKERLWVNPDCGLKTRGWTETIDQLKVMVDVTKKLRAELA,length1,2268
3,1816958,1815584,1374,MAKAPKTAYVCNDCGAEFSRWQGQCSACKAWNTITEVRLISTAKSKNDRFSGYAGETQAKIQTLSEISLQETPRFSSGFNELDRVLGGGIVSGSAILIGGHPGAGKSTLLLQVMCGLAKNMTALYVTGEESLQQVAMRASRLGLPNDQLKMLSETSVEQICNLADQLKPQIIVVDSIQVMHLADIQSSPGSVAQVRECASFLTRYAKTRQVAIIMVGHVTKDGTLAGPKVLEHAIDCSLLLEGEADSRYRTLRSHKNRFGAVNELGVFGMTEQGLREVKNPSAIFLSRGDEITSGSSVMVLWEGTRPLLVEIQALVDHSMLANPRRVAVGLEQNRLALLLAVLHRHGGLQMADQDVFVNVVGGVKVSETSADLALLLALISSFRNRPLPQDLVIFGEVGLAGEIRPVPSGQERISEAAKHGFKRAIVPFGNKPKSAVENMQVFTVKKLTDALAVLDNF,length1,1374
3,1831598,1829879,1719,MKKLSGAEMVVQSLRDEGVEYVFGYPGGAVLDIYDAIHTLGGIEHILVRHEQAAVHMADGYARSTGKVGCVLVTSGPGATNAITGILTAYTDSVPMVIISGQVMSNLIGSDAFQECDMLGISRPVVKHSFIVKKAEDIPSTLKKAFYIASTGRPGPVVVDIPKDTVNPNFKYPYEYPESVELRSYNPTVNGHKGQIKKALKALLVAKKPILFVGGGAITAECSKQLIQFAQRLNLPVTSSLMGLGAYPSTDKQFLGMLGMHGTLEANTAMHESDLILGIGVRFDDRTTNNLEKYCPNAKVIHIDIDPTSISKNVPVAIPIVGNAKNVLEEFLGLLNEEGLKSQTDLESWWQEINQWKAKKCLEFDRTSGVIKPQQVVEAVYRLTKGQAYVASDVGQHQMFAALHYPFDEPRHWINSGGAGTMGFGFPAALGVKLAHPEGTVVCVTGDGSIQMNIQELSTATQYGIPVVIICLNNHFLGMVKQWQDLIYSGRHSQTYMNSLPDFAKLAESYGHVGIKIATPDELESKLQEAFSIKNKLVFVDINVDESEHVYPMQIRGGAMNEMILSKPQEETN,length1,1719
2,72922,69289,3633,MAETIPLNPITLPLNQISLIEASAGTGKTYTIGSLYLRLLLKAGENNFSRPLNVEEILVVTFTEMATEELKKKIRERITDAINKLTAFAKTQDKSAFKNDEFLTALCDNLDIFEAIHRLKLAEQNMDLAAIYTIHGFCRRMLMQYAFHSGIHFNLELIKDQSDLLVRFANEFWREHFYPLDFESANFIATELVSPAKVLSLLKADLGKDLQVEIENKQALSVPIQIFLPQYLGGYQKALNELKAFWLESADEILAIITNELEKDYPKDQLKSLNRKKYQVKRLGDWINKINQWSNNPRDYQINTTLKDYFLQSSIEKNCEESTDKNKDKKPATPFYSPIFAELEKRVNALMTPDLLSKLTLYHYRQGLQQKLLDYKLNHQEKSFDDLLRLLCEALQDAQGDELAEMIRFQYPFAMIDEFQDTDSQQYAIFSKIYRDNPEKNTGFIMIGDPKQAIYRFRGADIFTYLKASDEAQSRFELTKNYRSEKHLVDGVNALFDFPQSPFIYQNIKFTAVDSRDDHLRFYLNGKAEPAYRFYLTESDKVNKTEMAKICAISIQHWLKSAAENQAVFQNEDTRKTLQAANIAVLVRDKNEAALVKNELQKLGIASVYLSDQNSVFDSNVAKELAWVLKACLNVAERPILNAIATALFGLNAADIHQIQQNEADWQRWADSFAQYQQTWQRQGILAMLHQILLEQGISERLLSQATGERDLTDFLHLAEILQQAATLHESESALLSWFEKQIQGEGRQEAQIRLESERQLVKIVTIHKSKGLEYDLVWLPFLAVPSKDPSKKDINIYYSKERDETLWDIENRNLNALCEETFAEELRLLYVALTRAKYQMAFALPAQFDKKWNALHYVLSQGEIGKEINLSNSKDTETLLQAFKEKMRDNVEICTKPNLEAFPALSINTKNDELKAAEFTGNIEQDWRITSFTSIEQGHRRQNYFAESAEKKHAVFDDAKDYDSQNAIEISTALLNENESNILDLPRGKQVGTALHRHFENCYFSDLANIEEIDKLRQSLQLDETFTEPLQNWLQQISHTPLSHEIGIALADLANKDCIKEMPFYLAIWEHFDVEEFNRTLKAHHHLPSEPLQFEQIQGMVRGSIDLVFRHNGKYYLIDYKSNFLGSTLADYNQEALKKEMLHSHYDWQYLIYTLALHRYLQSVVPHYDYARDFGGVFYLFLRGMNGEPQSGVFYDRPSVELITELDGVF,length1,3633
2,87730,86395,1335,MANRKYFGTDGVRGKVGSYPITPDFALKLGWAAGKVLASQGSKMVLIGKDTRISGYMLESALEAGLAAAGLSAAFTGPMPTPAIAYLTRTFRAEAGIVISASHNPYYDNGIKFFSAKGTKLLDEIEEAIEAMLEQSMDCVESAELGKASRINDAAGRYIEFCKGTFPAHLGLEGYKIVVDCANGATYHIAPNVLRELGAEVIEIGTDPNGLNINEKCGATDVTALQAKVVETKADVGLAYDGDGDRIMMVDHLGNKVDGDQILFIIAREALRSGQLKGGVVGTLMSNMSLEIALKMLGVPFLRANVGDRYVLEKMVENDWTLGGENSGHIIIADKNTTGDGIVASLAVLAAMAQHKLSLNELASAVKLFPQVLINVRFAGGDNPLESDAVKSVAAEVEKRLESKGRILLRKSGTEPLIRVMVECQDASLAQQCAEEIAEAVKKIN,length1,1335
2,109708,108253,1455,MKFIVKLFPEIMIKSETVRKRFAKILTSNIRNILQKYDEETAVVRHWDYIEVRSKNEENREELIALLQRIPGIHHFLEVEEKPFTDLHHIFELTLADVAQQLQGKTFCVRVKRKGKHKFSSIEAERYIGGGLNQHIESAKVRLKNPDVTVRIDIEDDKMMLVKTRHAGIGGYPIGTQEDVLSLISGGFDSGVSSYMLIRRGSRVHYCFFNLGGAAHEIGVKQMAYHIWQRYSASHKVRFITINFEGVVGEILEKVDNGQMGVVLKRMMVRAASKVAQRFNIEAIVTGEALGQVSSQTLTNLRLIDEAADALVLRPLITHDKEQIIAMAKEIGTDDIAKSMPEFCGVISKNPTIKAVREKILEEEGHFNFEILESSVQNAKYLDIRQIAEETEKEVVEVEAISVLGENEVILDIRSPEETDEKPFESGTHDVIQMPFYKLSSQFGSLDQSKNYVLYCERGVMSKLQALYLKENGFSNVRVFAKNIH,length1,1455
2,153673,150811,2862,MTQKFEMADRFNPSAVEQALYQHWEESGYFKPSENENAPSYCIAIPPPNVTGSLHMGHAFQQTLMDTLIRFNRMEGHNTLWQAGTDHAGIATQMVVERKIAAEEGKTRHDYGREAFINKIWDWKAYSGGTISQQMRRLGNSIDWERERFTMDDGLSNAVKEVFVRLHEEGLIYRGKRLVNWDPKLHTAISDLEVENKESKGSLWHFRYPLANGAKTADGKDYLVVATTRPETMLGDTAVAVHPEDERYQSLIGKTVVLPLANREIPIIADEYVDREFGTGVVKITPAHDFNDYEVGKRHNLPMVNVLTLNANIRDEAEIIGTDGKPLAGYEATIPADYRGLERFAARKKIVADFEALGLLDEIKPHDLKVPYGDRGGVPIEPMLTDQWYVSVKPLADVAIKAVEDGEIQFVPKQYENLYFSWMRDIQDWCISRQLWWGHRIPAWYDAEGNVYVARNEEEVRSKYNLDSAVELKQDEDVLDTWFSSGLWTFSTLGWPEQTKELKMFHPTDVLITGFDIIFFWVARMIMFTMHFVKDENGKPQVPFKTVYVTGLIRDEQGQKMSKSKGNVLDPIDMIDGISLEDLLEKRTGNMMQPQLAEKIAKATRKEFAEGIAAHGTDALRFTLAALASNGRDINWDMKRLEGYRNFCNKLWNASRFVLTNDKLDLSQGEIEFSLADRWIQSEFNRTVETFRSSLSQYRFDLCANAIYEFTWNQFCDWYLELTKPVFANGNAAQIRAASQTLVHVLEKLLRLAHPLIPFITEEIWQKVKGFVGITADSIMLQPFPQVEENGFDLEAEAEIEWLKEVIVAVRNIRAESNIAPSKGLDLLFRNLNAENAKILEKQTALLKAMAKLDNVQMLAANETAPLAVAKLVGNAELLVPMAGFINKEAELARLTKEIEKYQNEVKRIENKLSNEAFVAKAPEAVIAKEREKQAEYQSGLEKIQEQYKAIEAL,length1,2862
2,214999,213487,1512,MFGFDPSLITFTIYIFGMLLIGVLAYYYTNNLSDYILGGRRLGSFVTAMSAGASDMSGWLLMGLPGAVYLSGLVEGWIAIGLTIGAYFNWLLVAGRLRVYTELNNNALTLPEYFHNRFGSSHKLLKLVSATIILVFFTIYCASGVVAGAKLFQNIFSVEYSTALWYGAAATIAYTFIGGFLAVSWTDTIQATLMIFALILTPVFVLLSFADTAQFSAVLEQAEAAVNKDFTDLFTSTTPLGLLSLAAWGLGYFGQPHILARFMAADSVKSLIKARRISMGWMVLCLAGAIGIGLFAIPYFFANPAIAGTVNNEPEQVFIELAKLLFNPWIAGILLSAILAAVMSTLSAQLLISSSSITEDFYKGFIRPKASEKELVWLGRIMVLVIAALAIWIAQDENSKVLKLVEFAWAGFGSAFGPVVLFSLFWKRMTSSGAMAGMLVGAVTVFAWKEVVPADTDWFKVYEMIPGFAFASLAIIVISLLSNKPEQDILNTFDKAEKAYKEAK,length1,1512
2,292273,290884,1389,MKKTRFVLNSIALGLSVLSTSFVAQATLPSFVSEQNSLAPMLEKVQPAVVTLSVEGKAKGASRSPFLDDIPEEFKFFFGDRFAEQFGGRRESKRNFRGLGSGVIINASKGYVLTNNHVIDGADKITVQLQDGREFKAKLVGKDEQSDIALVQLEKPSNLTEIKFADSDKLRVGDFTVAIGNPFGLGQTVTSGIVSALGRSTGSDSGTYENYIQTDAAVNRGNSGGALVNLNGELIGINTAIISPSGGNAGIAFAIPSNQASNLVQQILEFGQVRRGLLGIKGGELNADLAKAFNVSAQQGAFVSEVLPKSAAEKAGLKAGDIITAMNGQKISSFAEMRAKIATTGAGKEISLTYLRDGKSHGVKVKLQADDGSQLSSKTELPALDGATLKDYDAKGVQGIEITKIQPNSLAAQRGLKAGDIIIGINRQMIENIRELNKVLENEPSAVALNILRGNSNFYLLVQ,length1,1389
2,325696,324001,1695,MSKQIQIPDIGSDEVTVTEVMVNVGDTISVDQSIINVEGDKASMEVPAPEAGVVKEILVKVGDKVSTGTPMLVLEAAGAAPAADEPTAPVADAPTAPVVATAPTASAIVEVNVPDIGGDEVNVTEIMVAVGDTITEEQSLITVEGDKASMEVPAPFGGVVKEILVKSGDKVSTGSLIMRFEVLGAAPAASASASTSAPQTAAPATTAQAPQAAAPATTAQAPQAAAPDTTAQAAQSNNNVSGLSQEQVEASTGYAHATPVIRRLAREFGVNLDKVKGTGRKGRIVKEDIEAYVKTAVKAYESGATAQATGNGVANGAGLGLLPWPKVDFSKFGEIEEVELSRINKISGANLHRNWVIIPHVTHFDKADITDLEAFRKEQNALAEKQKLGVKITPVVFIMKAVAKALEAYPRFNSSITEDAQRLILKKYINIGVAVDTPNGLVVPVFKNVNKKGIIELSRELMEVSKKAREGKLTASDMQGGCFTISSLGGIGTTHFAPIVNAPEVAILGVSKSSMEPVWNGKEFAPRLILPMSLSFDHRVIDGADGARFISYLGSVLADLRRLVM,length1,1695
2,348283,346558,1725,MSILLQGERFKKRLMPILLSMALAGCSNLLGSNFTQTLQKDANASSEFYINKLGQTQELEDQQTYKLLAARVLIRENKVEQSAALLRELGELNDAQKLDRALIEARISAAKNANEVAQNQLRALDLNKLSPSQKSRYYETLAIVAENRKDMIEAVKARIEMDKNLTDVQRRQDNIDKTWALLRSANTGVINNASDEGNAALGGWLTLIKAYNDYIRQPVQLSQALQSWKNAYPNHAAATLFPKELLTLLNFQQTNVSQIGLLLPLSGDGQILGTTIQSGFNDAKGNSTIPVQVFDTSMNSVQDIIAQAKQAGIKTLVGPLLKQNLDVILADPAQIQGMDVLALNATPHSRAIPQLCYYGLSPEDEAESAANKMWNDGVRNPLVAMPQNDLGQRVGNAFNVRWQQLAGTDANIRYYNLPADVTYFVQENNSNTTALYAVASPTELAEMKGYLTNIVPNLAIYASSRASASATNTNTDFIAQMNGVQFSDIPFFKDTNSPQYQKLAKSTGGEYQLMRLYAMGADAWLLINQFNELRQVPGYRLSGLTGILSADTNCNVERDMTWYQYQDGAIVPVAN,length1,1725
2,352402,350134,2268,MNKSLMVTKRDGTQEQINLDKIHRVITWAAEGLDNVSVSQVELRSHIQFYEGIRTSDIHETIIKAAADLISKDSPDYQYLAARLAIFHLRKKAYGHFDPPRLYDHVKKLVRMEKYDQALLDDYTREEWDAMDGFIDHWRDMTFSYAAVKQLEGKYLVQNRVTGEIYESAQFLYLLVSASLFSKYPKETRLDYVKRFYDATSTFKISLPTPIMAGVRTPTRQFSSCVLIECDDSLDSINATASAIVKYVSQRAGIGINAGAIRALGSEIRGGEAFHTGCIPFYKYFQTAVKSCSQGGVRGGAATLYYPIWHLEAENLLVLKNNRGVEDNRVRHMDYGVQLNKLMYQRLIKGGEITLFSPSDVPGLYEAFFADQDKFEELYVKYEQDPTIRKRTVKAVEIFSLLMQERASTGRIYIQNVDHCNTHSPFDPQVAPVRQSNLCLEIALPTKPLQHINDENGEIALCTLSAFNLGKIENLDELEELADLAVRSLDALLDYQDYPVVAAKRSSLARRSLGIGVINYAYYLAKNGVRYSDGSANDLTHRTFEAIQYYLLKASMNLAKEQGACEYFNETTYAKGILPIDTYKKDLDALTQEPLHYDWESLRKDIQEFGLRNSTLTALMPSETSSQISNATNGIEPPRGHVSIKASKDGILKQVVPEYENLMDNYELLWDIPSNDGYLHLVGIMQKFVDQAISANTNYDPKRFEDGKVPMKVLLKDLLTAYKYGLKTLYYQNTRDGAEDVQEDLDDGCAGGACKI,length1,2268
2,381301,379666,1635,MKNIKSRLKLSAISVLLGLASSSLYAEEAFLVKGFQLSGALETLSEDAQLSVAKSLSKYQGSQTLTNLKTAQLELQAVLDKIEPNKFDVILPQQTITDGNIMFELVSKSAAESQVFYKASQGYSEENIARSLPSLKQGKVYEDGRQWFDLREFNMAKENPLKVTRVHYELNPKNKTSNLIIAGFSPFGKTRSFISYDNFGAREFNYQRVSLGFVNANLTGHDDVLNLNALTNVKAPSKSYAVGVGYTYPFYSKHQSLSLYTSMSYADSDDIDGLPSAINRKLSKGQSISANLKWSYYLPTFNLGMEDQFKINLGYNYRHINQTSELNRLGATKKKFAVSGISAGIDGRIQFTPKTIFNIDLTHHYYASKLPGSFGMERIGETFNRSYHISTASLGLSQEFAQGWHFSSQLSGQFTLQDISSIDLFSVTGVYGVRGFKYGGVSGERGLVWRNELSMPKYTRFQISPYAFYDVGQFRYNSENAKTYGEDMHTVSSAGLGIKTSPTQNLNLDAFVARRLANANNDNLNGNKKRTSSPTTFWGRLTFSF,length1,1635
2,383470,381427,2043,MLKNNLYDKLKYTPCHVPWRYRGFRYKGFNNMTKENLQNAPQNTTVSLVESNNNQTSPQMLQQSPKPNLLRLEQYVAEKDYELACRELMAILEKMDANFGGVHDIEFDAPAQLAYLPEKLLIYFATRLANAITTLFSDPELAISEEGALKMISLQRWLTLIFASSPYVNADHILNKYNINPDSEGGFHLATDNSSIAKFCIFYLPESNVNMSLDALWAGNQQLCASLCFALQSSRFIGTASAFHKRAVVLQWFPKKLAEIANLDELPANILHDVYMHCSYDLAKNKHDVKRPLNELVRKHILTQGWQDRYLYTLGKKDGKPVMMVLLEHFNSGHSIYRTHSTSMIAAREKFYLVGLGHEGVDNIGREVFDEFFEISSNNIMERLFFIRKQCETFQPAVFYMPSIGMDITTIFVSNTRLAPIQAVALGHPATTHSEFIDYVIVEDDYVGSEDCFSETLLRLPKDALPYVPSALAPQKVDYVLRENPEVVNIGIAATTMKLNPEFLLTLQEIRDKAKVKIHFHFALGQSTGLTHPYVKWFIESYLGDDATAHPHAPYHDYLAILRDCDMLLNPFPFGNTNGIIDMVTLGLIGVCKTGDEVHEHIDEGLFKRLGLPEWLIADTRETYIECALRLAENHQERLELRRYIIENNGLQKLFTGDPRPLGKILLKKTNEWKRKHLSKK,length1,2043
2,420658,418021,2637,MTQEYSTLRNNISMLGRFLGETINDAQGEDILELIENIRKLSRNSRAGDDKARQALLDTLGSISNENIIPVARAFSQFLNLTNIAEQYQTISREHSLAQSSSQSLSELFKRLKEQNASVEEVHKTVEKLLIELVLTAHPTETTRRSLIHKHIEINKCLSKLEHHDLTEKERNIIERLLLRLIAEAWHTNEIRTVRPTPFDEAKWGFAMLENSLWQAVPEFLRQLNETAREFLGYDLPVGLKPVRISSWMGGDRDGNPFVTAQITKKVLYFARWKAADLFLQDISKLADELSMMKCSDEFRDKYGEHLEPYRFVVKNLRNQLTATLAYFDDHLSNRTPRVSESEIILEDNQLWEPLYDCYQSLIQCGMRIIANGSLLDILHRISCFGVTLSQMDIRQESTRHTDAIAEITRYIGLGDYSQWMEDDKQAFLIRELSSRRPLIPQNWTPSPETKEILDTCKVIAQQKQGVIACYVISMARSASDVLAVHLLLKEAGVPYHIPVVPLFETLEDLDAAEKVMTQLFNVGWYRGVINNRQMVMIGYSDSAKDAGMMAASWAQYRAQEALVNLTEKLGIELTLFHGRGGTIGRGGAPAHAALLSQPPRSLKNGLRVTEQGEMIRFKLGLPAVAVETFDLYASAILEANLLPPPEPKPEWRTIMDELSTISCDIYRGVVRGDKDFVPYFRSATPEQELSKLPLGSRPAKRNPNGGVESLRAIPWIFAWMQNRLMLPAWLGAGAAIRQVIEQGKGDIIHKMCENWPFFSTRIGMLEMVFSKSDTWLSQQYDQRLVKKELWYLGENLRKQLEDDIQTVLSLSHQSELMSDLPWIADSIALRNIYTDPLNLLQVELLHRFRENPEQVNPDVEQALMITITGIAAGMRNTG,length1,2637
2,432757,431161,1596,MLSFILSIFPIVLLIYLMVKRNALPSYVALPWIATLVMGVHLLHFNTDIVTISANVVSAIIAVQTPITVIFGAILFNRFSEISGATNIMRKWLGNINPNPVAQLMIIGWAFAFMIEGASGFGTPAAIAAPILVGLGFHPLKVAMLALIMNSVPVSFGAVGTPTWFGFGALKLSENMILEIGSITAFIHSIAALLIPLLALRILVSWDDIRKNIVFIYISVLGCVVPYFLIAQVNYEFPSLVGGAIGLFISVWAANRNIGLAKVTNTLDNNAVSAGEVVKALFPTGLLIAFLIVTRIHQLPFKAMMNDATIWFSTTLGSLGLFEISKGLIFSLKNIFGSNVSSSYKLLYVPALIPFVITVLIAIPVFKISSSNVKQIFVSSLQQSKNPFIALVGALVMVNLMLVGGEHSMVKIIGRTFAEISGSNWTIFSSFLGAIGSFFSGSNTVSNLTFGSVQLSTAETTGISVALVLALQSVGGAMGNMVCINNIVAVSSVLNISNQEGTIIKKTIIPMIIYGIIAALGALFLVPLFYNL,length1,1596
2,451621,449488,2133,MSRTIILIPVSTGVGLTSISLGLIHSLEQKGTKVAFMKPVSQPSTGEDKLDRTTSIIRTSTSLETAEPFMLSVAESLIGQNQSDVLLEKIVANHQQLTKNNDIVVVEGLIPTRKHGYANNINYEIAQALDAEIVLVAAPATETPTELKDRVEAAASLFGGKNNPNLLGVVVNKFNAPVDESGRTRPDLAEIFDSFQHNHISETEVNKLFAGSAIKLLACVPWNANLIATRAIDLVKHLGASIINEGEINRRIRGITFCARSLPNMVEHFRAGSLLVASADRPDVLVAAALAASNGIEIGGILLTGGYKIDAQINKLCQPTFEKAKLPIFRIEGNTWQTALSLQSFNLEVPVDDKERIENIKQYISQHFNADFINNLVADSSRLPRLSPPAFRFQLTELARAAKKRIVLPEGDEPRTIKAAVLCAERGIAECVLLADPASVQRVAEAQGVKLGKGITIINPADVRENYVDRLVELRKAKGMTETAAREQLEDTVVLGTMMLEANEVDGLVSGAVHTTANTIRPPMQIIKTAPGSSIVSSIFFMLLPDQVLVYGDCAVNPDPTAEQLAEIAIQSADSAKAFGIDPKVAMISYSTGTSGSGADVEKVKEATRIAKEKRPDLLIDGPLQYDAAVMEDVARSKAPNSPVAGKATVFVFPDLNTGNTTYKAVQRSADLVSIGPMLQGMRKPVNDLSRGALVDDIVYTIALTAIQATQ,length1,2133
2,580840,576931,3909,MKNSSVKHTLTPLQQSLFSQLNDIMRVDQRRLSARIHGIGKIKSQEAQQAVAAEIQQQIEQARLRVEQRKSAVQNPIVFPESLPVSQRKVEIQKLISEHQVIVVAGETGSGKTTQLPKMCLELGFGNLGMIGHTQPRRIAARSVAARIAEELETELGGLVGYKVRFNDQISDNTQIKLMTDGILLAEIQNDRFLNQYSCLIIDEAHERSLNNDFILGYLKQLLPRRRDLKLIITSATIDVERFSKHFNNAPIIEVSGRTYPVEVRYRPVVEEDDQDQLQGILNAVDELQAESRGDILIFMNGEREIRDTAEALQKQNLKHTEILPLFARLSAQEQNKIFHPSGLNRIVLATNVAETSLTVPGIKYVIDPGTARISRYSYLTKVQRLPIEPISQASANQRKGRCGRVSEGICIRLYSEEDFNSRPEFTDPEILRTNLASVILQMTALGLDDIEAFPFVDAPDKRHIQDGIKLLEELGAFEMVRTKAGEKRLLTRVGRQLAQLPVDPRLAKMILSAVNFGCVYEMMIIVSALSIQDPRERPQEKQQASDEKHRRFADKKSDFLAFLNLWYYLQEQQKALSKNQFRRQCQKDFLNYLRIREWQDIYHQIRLTVREMGLPINSEKAEYQQIHTALLSGLLSHIGLKEAEKQQYLGARNAHFAIFPNSVLFKKQPKWVMAAELVETSKLWGRMVAEIEPEWIEPLAEHLIKKSYSEPRWSKSRGAVIADEKVTLYGVPIVAARPVNYGAIDPTVSREIFIQSALVEGGWNTKHKFFKENQRLVQEVEELEHKSRRRDILVDDRTLFEFYDQRIGTEVVSQKHFDTWWKKAQQKDPELLNFERSFLINDDAEQVSKLDFPNFWHQGNLKLKLTYQFEPGTDADGVTVHIPLPLLNQVEMTGFDWQIPGLREELVIALIKSLPKSYRRNFVPAPNYAQAFLSRAVPLEKPLLDTLIYELRRMTGVTVEAEHWNWEQIPSHLKMTFRVVDENGKKIAESMNLDELKFNLKDRVQESISAVADDGIEQSRLHIWSFADLPQCYEQKQRGFSVKAFPAIVDEKDAVGIKLFETEFEQSVAMQQGLRRLLLLNVPSPIKYLHEKLPNKAKLGLYFTPFGRVLDLIDDCIACAVDKLIADFGGFVWDEAGFEKLRDFVRENLNEVTVDIAQKVEQILTLTYQLNQRLKGKMDFTMAFALSDIKSQLASLVYQGFVQKSGYDRLPDLQRYLQAIDKRIDKLAQDVNRDRAAMLRVEQVQQAYQQLLAKLPKSKPISDEVAEIRYMIEELRVSLFAQQLGTKYQISDKRIANIISQY,length1,3909
2,593149,590998,2151,MKTDIQTELTQALLSHEKVWANEEKTILAKNILLDLVEKTDPTIIGLLLGNDELKRHFFVEVNGVLVFKLQDFRFFLDKHRINNSYTKYANRIGLTDGNRFLKDSSDIVLDFPFKDCVLNGGQSTEEGEEIYFKRNNSQPASQPASQPASQPASQPASQLYTKLTRKRQEIFFNQTLAFDEIDRLFDAKAFSKFSRYTADGKQPVGEIKRHFDGTPAENLIIKGNNLIALHSLAKQFKGKIKLIYIDPPYNTGNDGFKYNDKFNHSTWLTFMKNRLEIAKTLLADDGVIFVQCDDNEQAYLKILMDEVFGRENFVTTIHCQMSTTQGMKVKAAQDGNIVKNAEYIIVFSKNGHKNIAINPLYDLRSEYDEHYSLYLKNDGAIGQLKELYDYRFPKDLKNTTALSLKEAFKKSNEFAEIVKTHLSKIVRSDKVTGFDLSVELENSKWKEVERNGRKYILTLDKNGKVCQLLRLQDSWGKTDNYNNDEGLHKIRGNWWEGFYLDMGNVGKEGSVDFKNGKKGERLISQIIKTATNENDIVLDYHLGSGTTAAVAHKMNRQYIGIEQMDYIETLAVERLKKVIEGEQGGISKAVNWQGGGEFVYAELAPFNETAKQQILACENSNDIKTLFNELCERYFLKYNVSVNEFSQIIEEPEFQTLPLDEQKQMMLEMLDLNQMYVSLSEMDDEQFAGCLNDDDKALSRAFYQSVKNQAEKKDGE,length1,2151
2,603823,601402,2421,MSNFNQISRRDFVKASSAGAALAVSNLTLPFNVMAKETQHLNENSQERIVWSACTVNCGSRCPLRMHVKDNRITYVETDNTGTETYNLDHQVRACLRGRSMRRRVYNPDRLKYPMKRIGKRGEGKFKRISWDEALTEIADALKRNIKKYGNESIYLNYGTGTLGGTMAKSWPPASTMIARFMNCIGGYLNHYGDYSTAQIAVGLDYTYGGGWALGNGMADIENTKLIVLFGNNPAETRMSGGGLTYCIEQAKARSNAKMIIIDPRYNDTGAGREDEWIPIRPGTDAALVAALAYVMIKENLVDQPFLDKYCVGYDEKTLPADAPKNGHYKAYILGYGDDDGIAKTPEWAAKITGIPAERIIKLAREIGSTKPAFISQGWGPQRRSNGELISRAIAMLPILTGNVGIHGGNTGARESAYSIPFVRMPTLKNPVKASIPMFLWTDAIIRGTEMTALTDGIRGVDKLSSPIKVIWNYASNCLINQHAQINRTHDILQDDTQCEMIITIDNHMTSTAKYSDILLPDCTTSEQMDFALDAFVSNMAYVIFADQVIKPSFECRPIYDMLSDLAEKMGVKEKFTEGRTQEEWLRHIYEQSREKLPELPTFEEFRQQGIFKKVDPNGFKVAYKDFRDNPEAHPLKTPSGKIEIYSSRLAEIAKTWKLAEDEVIHPLPIHAQSFEHYGDPLMEKYPLQLSGFHYKARTHSTYGNVDVLKAANPQEVWMNPIDAEPRNIKNGDMIRIFNDRGEVRINVKITPRIIPGVVALSEGAWYAPDKDRIDHSGCINVLTTQRPSPLAKGNPQHSNLVQVERL,length1,2421
2,608149,606883,1266,MAGMDVVGDLFGDGKMFLPQVVKSARVMKQSVAYLEPFINATKQKGSSNAKVVIATVKGDVHDIGKNIVSVVMQCNNFEVIDLGVMVPADKIIQTAIDEKADIIALSGFSGEWADYVPPTPKQTGIVEFKNVPIAELRKFIDWSPFFRIWGLMGGYPDAFDYPEGGKEARKVWNDAQVVLDELEQNHKLNPSGILGIFPAERVDDDVVLFSDEERTKTIGTAYGLRQQTERGKNSKSPFNFCLSDFIADRESGKKDWFGMFAVCAGVEEMDLVEGYKAAGDDYNAILLQAVGDRLAEAMAEYLHFELRTRIWGYTQEEFDNQGLINENYVGIRPAPGYPSCPEHTEKALIWDLLEVEQCIGMKLTESYAMWPAASVCGWYFTHPVSNYFTLGRIDEDQAQGYAKRKGWDEREMMKWLGVAMK,length1,1266
2,636238,634366,1872,MKSVPLITGGLSFLLSACSGGGSFDVDNVSNPSSSKPRYQDDTSSSRTKSKLEKLSIPSLGGGMKLVAQNFTGAKEPSFLNEDGYIPYFSSLSTIKEDVEKVKKEKSIHTNPIGRIDEPNEKSKDSNSQKYVYSGLYYIENWRELPKPQEKEKKAYSGYYGYAFYYGNKTATNLPVSGVATYKGTWDFITATKNGQRYSLLSNDLQAYSRRSAIPKDIDLENDSTNGDIGLISEFSADFGTKKLKGELFYTKRKTNNQDYKKEKLYDIEAHIYSNRFRGKVIPKDKDPTSTDHPFTSEGTLEGGFYGPDGEELGGKFLAQDNRVFGVFSAKGTEETPEKKLSRETLIDGKLTTFKTTNTTTDATTNATANTENFTTKDIPSFGEADYLLIDNQPIPLLPENAGDFISSKHHEVGDKTYKVEACCKNLSYVKFGMYYEDKEKKNKNETGQYHQFLLGLRTASSQIPATGNVKYLGSWFGYISDGKTSYSPTGNKQQDKNAVAEFTVDFGNKTLKGQLKHADTQNPVFNIEADFKNSGNAFKGTATATNFVIDGNNSQNGNTQINIKTEVNGAFYGPDASELGGYFTYNGNPTPKNPSAVPSSPNSENARAAVVFGAKKQVETTNK,length1,1872
2,639007,636268,2739,MTKKPYFRLSIISCLLISCYVKAETQSIKDTKEAISSEVDTQSTEDSELETISVTAEKVRDRKDNEVTGLGKIIKTSESISREQVLNIRDLTRYDPGISVVEQGRGASSGYSIRGMDRNRVALLVDGLPQTQSYVVQSPLVARSGYSGTGAINEIEYENVKAVEISKGGSSSEYGNGALAGSVTFQSKSAADILEGDKSWGIQTKNAYSSKNKGFTHSLAVAGKQGGFEGVAIYTQRNSEETQVHKDALKGVQSYDRLIAKTDDKTKAHFVIQDECPNGYDSCKNSPKPPAILSTQKETVSVSDYTGANRIKPNPMKYESQSWFLRGGYHFSEQHYIGGIFEFTQQKFDIRDMTFPAYLRSTEKRDFSSGSFYPMKDYGAYQRIEDGRGVKYASGLYFDEHHRKQRVGIEYIYENKNKAGIIDKAVLSANQQNIILDSYMQHTHCSLYPNPSKNCRPTRDKPYSYYHSDRNVYKEKHNMLQLNLEKKIQQNWLTHQIAFNLGFDDFTSALQHKDYLTRRVIATAKSISDPTGKPRNGYPDKPYLYPTPKAELVGEDLCNYKGSSSNYRDCKVRLIKGKNYYFAARNNMALGKYVDLGLGIRYDVSRTKANESTISVGKFKNFSWNTGIVIKPTEWLDLSYRLSTGFRNPSFAEMYGWRYGGNNSDVYVGKFKPETSRNQEFGLALKGDFGNIEISHFSNAYRNLIAFAEELSKNGTTGKGNYGYHNAQNAKLVGINITAQLDFNGLWKRIPYGWYATFAYNRVKVKDQKINAGLASVSSYLFDAIQPSRYIIGLGYDHPSNTWGINTMFTQSKAKSQNELLGQRSLGNTSRGVKSTRKLTRAWHILDVSGYYMVNRSILFRLGVYNLLNYRYVTWEAVRQTAQGAVNQHQNVGNYTRYAASGRNYTLTLEMKF,length1,2739
2,699847,697942,1905,MLPELGFFLLLLATASAFFLALVPQFGLFKKNSTLINAAWPLSYIFTLATTFSIGLLTYSFAVDDFTLEYVAAHSNSQLPTFFKVAATWGGHEGSMLFWLFSLSLWLAAFAFFNRKNDRTFSAQSLSLLGLICFGFAVFILFYSNPFGRIFPAPAEGRDLNPMLQDVGLIFHPPLLYVGYVGFAVNFAMSLSALIYNQSARQIARSMRGWVLVSWLFLTIGIVLGAWWAYYELGWGGWWFWDPVENASLMPWLLGLALLHSLMATEKQGVFSYWTTLFSLLAFAFSVLGTFIVRSGALTSVHAFALDNTRGYVLLLIFFVLTALAFGLFALRAGSSSESAVKFQFISKSGGILLLNILLTIATVSTFLGTFYPMLFQAMNWGSISVGSPYFNSIFFPIITAILILMVIVLSIRKGQFDRTLLIRCGWLLIPSLILAGLMIWQQLRHNSALNFHAFAFVLLTLAIWLLLVTLWQNWRQIRLSQFGMILAHCGVAIVTIGAVMSGYFGSEIGVRLAPQQSQTLGQYEFHYRQFSNEIGPNFTAEVAFFDVTENGKPYAEIIPERRYYDVRTMTMSEVGLNGGFWGDLYIVMGDSLGKGEFTFRLHYKPLIRWLWAGGILMAFGALFSVFGLRRKQEK,length1,1905
2,704149,702841,1308,MAKIVKVIGREIIDSRGNPTVEAEVHLEGGFVGLAAAPSGASTGSREALELRDGDKSRFLGKGVLKAVAAVNNEIAQAIVGKDATNQAEIDQIMIDLDGTENKSNFGANAILAVSLANAKAAAASKGLPLYAYIAELNGTAGVYSMPLPMMNIINGGEHADNNVDIQEFMIQPVGAKTLREALRIGAEVFHNLAKVLKSKGMSTAVGDEGGFAPNLASNADALACIKEAVEKAGYVLGKDVTLAMDCASSEFYNKENGMYEMKGEGKSFTSQEFTHYLEELTKQYPIVSIEDGQDESDWEGFAYQTKVLGDRVQLVGDDLFVTNTKILKEGIEKGIANSILIKFNQIGSLTETLAAIKMAKDAGYTAVISHRSGETEDATIADLAVGTAAGQIKTGSMSRSDRIAKYNQLIRIEEALERAGTPAAFPGLKAVKGQA,length1,1308
2,723718,721300,2418,MIFYVYNLYRIQSMKKLLIASLLFGTTTTVFAAPFVAKDIRVDGVQGDLEQQIRASLPVRAGQRVTDNDVANIVRSLFVSGRFDDVKAHQEGDVLVVSVVAKSIISDVKIKGNSIIPTEALKQNLDANGFKVGDVLIREKLNEFAKSVKEHYASVGRYNATVEPIVNTLPNNRAEILIQINEDDKAKLASLTFKGNESVSSSTLQEQMELQPDSWWKLWGNKFEGAQFEKDLQSIRDYYLNNGYAKAQITKTDVQLNDEKTKVNVTIDVNEGLQYDLRSARIIGNLGGMSAELEPLLSALHLNDTFRRSDIADVENAIKAKLGERGYGSATVNSVPDFDDANKTLAITLVVDAGRRLTVRQLRFEGNTVSADSTLRQEMRQQEGTWYNSQLVELGKIRLDRTGFFETVENRIDPINGNNDEVDVVYKVKERNTGSINFGIGYGTESGISYQASVKQDNFLGTGAAVSIAGTKNDYGTSVNLGYTEPYFTKDGVSLGGNVFFENYDNSKSDTSSNYKRTTYGSNVTLGFPVNENNSYYVGLGHTYNKISNFALEYNRNLYIQSMKFKGNGIKTNDFDFSFGWNYNSLNRGYFPTKGVKANLGGRVTIPGSDNKYYKLSADVQGFYPLDRDHLWVVSAKASAGYANGFGNKRLPFYQTYTAGGIGSLRGFAYGSIGPNAIYQDPSNKKFTRVSSDVVGGNAIATATAELIVPTPFVSDKSQNTVRTSLFIDAASVWNTKWKSDKNGLESNVLKDLPDYGKSSRIRASTGVGFQWQSPIGPLVFSYAKPIKKYENDDVEQFQFSIGGSF,length1,2418
2,762226,760858,1368,MTIESILSAIDSFIWGAPLLILLSGTGLYLTLRLGFIQIRYLPRALGYLFKKDKGGKGDVSSFAALCTALAATIGTGNIVGVATAVQAGGPGAIFWMWLVALLGMATKYAECLLAVKYRVRDKNGFMAGGPMYYIERGLGIKWLAKLFALFGVMVAFFGIGTFPQVNAITHAMQDTFNIPVLVTAIIVTLLVGLIILGGVKRIATASSVIVPFMAILYVTTSLVIILLNIEKVPDAILLIIDSAFDPQAALGGAVGFTVMKAIQSGVARGIFSNESGLGSAPIAAAAAQTREPVRQGLISMTGTFLDTIIVCTMTGIVLVLTGAWNNPELAGATVTNYAFAQGLGTSIGATIVTVGLLFFAFTTILGWCYYGERCFVYLVGIRGVKLYRLAYIMLVGLGAFLHLNLIWIIADIVNGLMAFPNLIALIGLRKVIIEETKDYFQRLKINHYDQDEVIK,length1,1368
2,774592,772744,1848,MKNEIDIKKLRNIAIIAHVDHGKTTLVDKLLQQSGTFESARGDVDERVMDSNDLEKERGITILAKNTAINWNDYRINIVDTPGHADFGGEVERVLSMVDSVLLVVDAFDGPMPQTRFVTQKAFAHGLKPIVVINKVDRPGARPDWVVDQVFDLFVNLGASDEQLDFPIIYASALNGVAGLEHEDLAEDMTPLFEAIVKYVESPKVELDAPFQMQISQLDYNNYVGVIGIGRIKRGSIKPNQPVTIINSEGKTRQGRIGQVLGHLGLQRYEEDVAYAGDIVAITGLGELNISDTICDINTVEALPSLTVDEPTVTMFFCVNTSPFAGQEGKYVTSRQILERLNKELVHNVALRVEETPNPDEFRVSGRGELHLSVLIENMRREGYELAVSRPKVIYRDIDGKKQEPYEQVTIDVEEQHQGSVMEALGIRKGEVRDMLPDGKGRVRLEYIIPSRGLIGFRGDFMTMTSGTGLLYSSFSHYDEIKGGEIGQRKNGVLISNATGKALGYALFGLQERGKLMIDANVEVYEGQIIGIHSRSNDLTVNCLQGKKLTNMRASGKDDAIVLTTPVKFSLEQAIEFIDDDELVEVTPESIRIRKKLLTENDRKRANRTTTSTSTH,length1,1848
2,828280,826909,1371,MALWGGRFTQAADKRFKDFNDSLRFDYRLAEQDIQGSIGWSKALVKVNVLTVEEQHQLEQALNELLVEVRSNPQAILQDDAEDIHSWVESKLIDKVGNLGKKLHTGRSRNDQVAVDIKLWCKQRVVELQESVRNLQRHLVQTAENTQQAVMPGYTHLQRAQPITFAHWCMAYVEMFDRDYSRLTDAYNRMNTCPLGSGALAGTAYAVDRDSLAHDLSFAFATRNSLDSVSDRDHIVELLSIASLSMAHLSRFAEDMIIFNSGEANFVELSDRVTSGSSLMPQKKNPDACELIRGKTGRVIGSLTSMLITLKGLPLAYNKDMQEDKEGIFDALDTWQNCVDMATFVLDELKVNVERTREAALKGYSNATELADYLVSKGVPFRDSHHIVGETVVYAIEKGKGLEDLTIPEFRQFSEVVGDDVYEILSLQSCLDKRCAKGGVSPLRVAEAIAEAKTRFA,length1,1371
2,854443,853102,1341,MISRVSRFMTTFVSKYLPDPLIFAVLRTFVTFICAWGLTDSTPVDLVNMWGNGFWNLLGFGMQMALIVVTGNALATSPQIRKFLSTIASIAKTPAQGVVLVTFMGSIACIINWGFGLVVGAMFAKEVARRIKGSDYALLIACAYIAFMTWGGGFSGSMPLLAATPGNPVAHLMVSESNPQGIIPAVSTLFSGYNIFITLSLVICLPFITYMMMPKNGEAKSIDPKLIAPDPTFDKKLDKDATLAEKMEESRFLAYTIGALGYSYLGMYFYKNGFNLTINNVNLIFLITGIVLHGSPMAYMRAIINATRSTAGILVQFPFYAGVQLMMEHSGLGGLITEFFINVANKDSFPLLTFFSSAFINFAVPSGGGHWVIQGPFVIPAAQALGTDLGKSTMAIAYGEQWMNMAQPFWALPALGIAGLGVRDIMGFCMTALIFTAPIFIIGLYFL,length1,1341
2,927394,923917,3477,MSFQPRFVHLRTHTDFSMIDSIVKVKPLVKACAANEMVAMGLTDFTNFCGVVSFYSEMLSSGMKPIIGADVKVKSPLCGDEYFDLTLLAKNNEGYRNITLLLSKAYQRGYNDLPYIDQDWLIEHRDGVIILSGGTQGDVGKKLLKENVAEIESAVAFYQEFFADHFYLALSRTGRPNEERYIQAALKLAERCDLPLVATNDVMFLNAEDFEAHEIRVAIHDGYTLDDPKRPKCYTSQQYFRSEEDMCKLFADIPSALENTLLIAQRCSVTLRLGQYFLPQFPTGDLSTEDFLVQKSKEGLEERLVFLFPDEKVRLEKRPKYDERLQVELDVINQMGFPGYFLIVMEFIQWSKDNDIPVGPGRGSGAGSLVAYALKITDLDPLEFDLLFERFLNPERVSMPDFDVDFCMDGRDRVIEHVAETYGRGAVSQIITFGTMAAKAVIRDVGRVLGHPYGFVDRISKLIPPDPGMTLAKAFETEPQLQTAYDSDEEVRALINMARKLEGVTRNAGKHAGGVVISPTLITDFAPLYCDNEGLHPVTHFDKNDVEYAGLVKFDFLGLRTLTIIKWALDIINVRMVREGKPRVDIAAIPLDDPESFELLKRSETTAVFQLESRGMKDLIKRLQPDCFEDIIALVALFRPGPLQSGMVDNFIDRKHGREEVSYPDAEYQHASLKPILEPTYGIILYQEQVMQIAQVLAGYTLGGADLLRRAMGKKKPEEMAKQRLVFKEGAEKNGVDGELSMKIFDLVEKFAGYGFNKSHSAAYALVSYQTLWLKTHFPAEFMAAVMTSEMDNTDKIVGLYDECLRMGLKVTPPDINIGKHHFSVNEQGEIVYGIGAIKGVGEGPIEALVAARNEGGIFKDLFDLCARVDLKKINRRTFESLIMSGAFDKLGPHRAALSKNLEDALRASDQHAKDEAMGQTDMFGVLTETHEDVENAYANTPPYTEKQILDGERETLGLYLSSHPVSRYLKELSHYTSTRLKDLAPNRRGQISTVAGLVVASRIAMTKKGNRLGIATLDDRSGRLDLTLFGESLEQFGEKLQKDTVIVASGQVSFDDFSGGLKMTVRELMTLDEARSRYVKSLAISLSEHQITPSFIKQFKALLEPVSGGTLPINVYYQSPKGRALLRLGVQWSIIPTDEILTELVNLLGESAVELEFE,length1,3477
2,933331,931807,1524,MVHSAPKAQKRETFSGRRAFILAAIGSAVGLGNIWRFPYTTYENGGGAFIIPYLIALLTAGIPLLFLDYAIGHRHRGGAPLSYRRVSPHFEVFGWWQMMVNVIIGLYYAVVLGWAASYTYFSFTGAWGDKPIDFFIGEFLKMGDIKNGISFEFVGMVTAPLIAMWIVALGVLSMGVQKGIAKVSSVLMPVLVVMFMVLVIYSLFLPGAAKGLDALFTPDWTKLSNPSVWIAAYGQIFFSLSIGFGIMVTYASYLKKESDLTGSGLVVGFANSSFEVLAGIGVFAALGFIATAQGQEVSEVAKGGIGLAFFAFPTIINKAPFGEVLGMLFFGALTFAALTSFISVIEVIISAIQDKIRISRGKVTFIVGVPMMLVSVILFGTTTGLPMLDVFDKFVNYFGIVAVAFASLIAIVANEKLGLLGNHLNETSSFKVGFFWRLCIVLTSGVLAFMLFSEGAKVFSEGYEGYPNWFVNTFGWGMSISLLVVAFFLSRLKWKSETKLTIDETKGE,length1,1524
2,936493,935086,1407,MPRLSRRQLLKTAAISTALSTVPAPLLAASREKLVVPPLIEVRRGRPIVLTMQETNYPLDGSHNVTVWGFNGNYLGPTIKIKSGSFAKLNYHNNLPQSVALSIQGLQASGELFGGAARVLKKGESWAPIVPIEQPAASCWYRSATLANSAYQTYRGLAGMWLIEDEQSLKANLPNKYGVDDIPLILQDMEFNNDGLQLFKQNQPHFVGNRLLVNGIEAPYLDVARGWIRLRLLNASLARAYDLRLDNDQEMLLIAQDLSFLPKAKSVKSLVLSPGERAEILVNMNEIDNVSLISGSKRSLYEKIKNMLFSGDELANNTVLELRAQGQLSAFNKQPNLTFETDAPAILQQAVAQTREFNIDVTNGLINQRRFDPRKVDVMARKGTIERWILNASLPVGFTIQGAKFVVESQGEHQLQAEELAWKDTVWVKNKTQILVKFDQESSGNFPFLFGVSNLMLEDMGCLGVLMVQ,length1,1407
2,999139,996304,2835,MVDGLRQAETLSSQGFKELFEGYGNFNNTRNSIEIENVKTATITKGADSLKSGSGALGGSVIFETKDARDYLIDKDYYLSYKRGYQTMNNQNLKTLTLAGRSKKFDILVVDTKRDGHEIENYDYKIYPNKQADLSAVGPTREKADPYQITRQSTLIKLGFQPNENHRLSVALDDSTLETKGIDLSYALRPYSQSTSEKSEKYGERIINDQSKRKNIQFSYENFTQTPFWDHIKLSYSSQKITNKARSDEYCHQSTCNGVRNPQGLHLVEEGGIYKIKDKDNQDFQYVEDKSSYYPSYELHNSKGKKISNDVDTEGGSLDSVLIDCEKLNCENKKFRIYQETDENYEKKYTYQDRKIDVKTLPNGKKYGKIPLKSTQGKYGLTQDESAKFLFPKSFGYSTDFVNDRDLNTNTQQIKLDLDKEFSLWHTQHSLKYGGFYEKTLKSMVNHQYNTAANVQWWADYFFCARGENGNLGVEKIPQPNISVAGCANGTLLHSDKGKETYLIPVTTKNNVLYFGDNVQLTSWLGLDLNYRYDHVKYLPSYDEKIPVPNGLITGLFKKFGLKEYVYGNKNSVPKNQGYKDCTYTTECYKKNFQDNLALLLRKTDYKHHSYNLALNLDPTDWLRVQLKYANGFRAPTSDEIYMTFKHPQFSIQPNTDLKAETSKTKEVAFTFYKNSSYITLNAFQNDYRNFIDLVEVGPRPIEEGSTIAYPFHQNQNRDRARVRGIEIASRLEMGDLFEKLQGFHLGYKFTYQKGRIKDNGLNPKYKEFLDLNKAEHPEYEAIARKPQPMNALQPTTSVYNIGYDAPSQKWGMDVYITNVAAKKAKDTFNSQWTSMVKRKEKIYGSETDVPASKANGKEVKDSRGLWRNNRYTVIDTIAYWKPIKNLTFTAGVYNLTNKKYLTWDSARSIRHIGTINRVKTETGKGLNRFYAPGRNYRMSVQFEF,length1,2835
2,1016947,1015213,1734,MKKKSLKLTALFLALSCFPAFAEQTVDIEVQGIRGFRAVRNTDLNVNLINKEEMDGSERYQHLVTKAVDRGLRVFGYYESSVRFERKQRQGKRDLLIAHVTPGEPTKIAGTDVQIEGEAAQDENFNALRKNLPKDGVLVEHQTYDDYKTAISRLALNRGYFDGNFKISRLEISPETHQAWWRMLFDSGVRYHYGNITFSHSQIRDDYLNNILNIKSGDPYLMNNLSDLTSDFSSSNWFSSVLVQPNVNHKSKTVDVEIILYPRKKNAMELGVGFATDGGVHGQIGWTKPWINSRGHSLRSNLYLSAPKQTLEATYRMPLLKNPLNYYYDFAVGWEGEKENDTNTRVLTLSALRYWNNARGWQYFGGLRTRYDSFTQADITDKTLLLYPTVGFTRTRLRGGSFATWGDVQKITFDLSKRIWLSESSFIKVQASSAWVRTYAENHRIVARAEIGYLHTKDIEKIPPTLRFFAGGDRSVRGYGYKKIAPKNKNGKLVGGSRLLTTSLEYQYQVYPNWWAATFADSGLAADNYTAKELYYGAGVGVRWASPVGAIKFDIATPIRDKDNSKNIQFYIGLGTEI,length1,1734
2,1020853,1016959,3894,MTEQLQPSETSPKSPEKPNKKHWVRKAICIGSAVIFIPVLGVAGALSFDAGQKSLIQLADKMLDSFSVEQIEGGLQNGLVLKNVRYQTAGIETHIAQARLQLDFGCLLSREVCLRDFTLNKPTIAINTALLPPSAPDNSKSGSMKRISLPISINAENLVVQDLSVNIDQTNITLGNFKSAVSLNNEKGLTLAPTEINDISVIAKKLPEGKPELKAEQPNKPVDWAAIEQSLTPAFLGNVSEIILPFDLHIPEISGKNWQYQAVNEKGETLQSVEMSSLIAQADTVDNQLQLQKLAVESSLGNLSSQGKLQLDGDMPLDLTLKSHLEPLKSDGKEILPASDVDLTLSGSLKKSTALSLKTKGVLDAELNGNVQLAQDKMPLNLTLNVAKGQYTFVNTMTPLKINDVTLKLTGDLLNYHAELKGNVAGMNYIPASQVELNADGKLYEVTVNKLGIASLDGKSEFVGNVNWKNGANWDIQADLEKMNIGFFVPVMPAILSGKLHSRGFADSQGWQVEVPTADLNGILSAKPISLKGSATLNQNVLLTVPDLQIRYGENYLKASGVLDDHSDFALDINAPNLRGLWSDLKGQVKGRVAISGQITTPNLDLDLTSSNLHLQGFQLAKASIKGHINNASLSSGKLNIKAEQLHYGENIKLHLLDLDLSGDEQNHKLILKSQGEPVAANLQINGHFDRTLEQWKGTISQVKFETPIGDVKSNQAIAVSYDNKQTQANIAAHCWQNTDIELCFPQAFNAGKQGNIPFQFKRVNLDLMNKLIEQDSLKGNLQAQGNVAWFTDKPFQFSTKVDGNHLAFSQKLDYRTFKLDIPKLTLNADIQNNNLVLKTDINLHNQGRIVGDIRLNDFVKTRQLGGTLAIERLNLSIANQLLTSGESVNGKVVSKLSFGGNLEKPLLNGDFNIRNIRTKLKSMPVNITDGDIALRFNGNRSTLQGKIETVDSHLNLTGRANWANIEHWTTELNAQANNFNVDIPSMAKLRFSPDITIKANPKELNLSGTVDIPWARIKIDSLPDTAEPVSEDEVILNGPHKSKEELIKREFAAKTKSGMDIRSDLRINIGKDVSLDAYGLKTNLDGLLSVKQDKGNLGLFGQINLTKGRYASFGQDLLIRKGLISFSGQAAQPTLNIEAIRNPETMEDSKITAGVRVIGIADSPEVTIFSEPSKPQDQALSYLLTGRSLESSGEVGSTGSVGAALIGLGISKSGKLVGSIGEVFGIQDLNLGTSGVGDKSKVTVSGNITNRLQIKYGVGLFDGLAEVTLRYRLMPQLYFQSVSSTNQVFDLLYKFEF,length1,3894
2,1034239,1032961,1278,MDNNIQRLIDSAKQSLNSPESHKYIDESFESCIKCTACTAVCPVSRNNPLYPGPKQSGPDGERLRLKSAELYDEALKYCTNCKRCEVACPSDVKIGDLIVRARNNHLAQSKKPLMNKLRDAILSNTDVMGKINTPLAPIVNTITSLKATKFMLEKTLKISKERTLPKYAFGTFRSWYMKNALQDQQKFERKVAYFHGCYVNYNNPQLGKEFLKVFNAMNIGVMLLEKEKCCGLPLMVNGFPNRARNIAQFNTDYIGKMVDENGIDVISEASSCSLNLRDEYHHILGIDNAKVRPHIHMVTPFLYQLFKEGKTLPLKPLKLRVAYHTACHVDKAGWAPYTLEVLKKIPGLEIIMLPSQCCGIAGTYGFKSENYEISQSIGKNLFDNINEGGFDYVISECQTCKWQIDMSSNVTCIHPLTLLCMSMDA,length1,1278
2,1163479,1162063,1416,MTQFRKEVDLLGERDVPAEAYWGIHTLRAVENFNISNVTISDVPEFVRGMVMVKKATALANGELGAIPSDIAKAIVAACDEILTTGKCLDQFPSDVYQGGAGTSVNMNTNEVVANLALEKIGHKKGEYNVINPMDHVNASQSTNDAYPTGFRIAVYNSILKLIDKIQYLHDGFDNKAKEFANILKMGRTQLQDAVPMTVGQEFKAFSVLLEEEVRNLKRTAGLLLEVNLGATAIGTGLNTPQGYTELVVKHLAEVTGLACVPAENLIEATSDCGAYVMVHGALKRTAVKLSKVCNDLRLLSSGPRAGLKEINLPELQAGSSIMPAKVNPVVPEVVNQVCFKVIGNDTTVTFASEAGQLQLNVMEPVIGQAMFESIDILTNACVNLRDKCVDGITVNKEICENYVFNSIGIVTYLNPFIGHHNGDLVGKICAQTGKGVREVVLEKGLLTEEQLDDILSVENLMNPTYKAKLNK,length1,1416
2,1186807,1182778,4029,MGYSYSEKKRIRKDFGKRPQVLNVPYLLTIQLDSFDKFIQKDPEGQQGLEAAFRSVFPIVSNNGYTELQYVDYRLEEPEFDVRECQIRGSTYAAGLRVKLRLVSYDKESSSRAVKDIKENEVYMGEIPLMTDNGTFVINGTERVIVSQLHRSPGVFFDSDKGKTHSSGKVLYNARIIPYRGSWLDFEFDPKDNLFARIDRRRKLPATIILRALGYTTEEILNLFFDKITFEIAGDKLLMTLVPERLRGETASFDIEANGKVYVERGRRITARHIKALEKDNISQVVVPSEYILGKVASKDYVDLESGEIICPANGEISLETLAKLAQAGYTTIETLFTNDLDYGPYISETLRVDPTYDKTSALYEIYRMMRPGEPPTPESSEALFNNLFFSAERYDLSAVGRMKFNRSLAFPEGEGAGILSNEDIIAVMRKLIDIRNGRGEVDDIDHLGNRRIRSVGEMAENQFRIGLVRVERAVKERLSLGDLDAITPQDLINPKPISAAVKEFFGSSQLSQFMDQNNPLSEVTHKRRISALGPGGLTRERAGFEVRDVHNTHYGRLCPIETPEGPNIGLINSLSAFARTNDYGFLETPYRKVVDGQVTEEIEYLSVIDEANYIIAQANSNLDENNRFTDAFVTARGERGESGLYKPEDIHYMDVSTQQVVSVAAALIPFLEHDDANRALMGANMQRQAVPTLRADKPLVGTGMEKPIALDSGVAVVAKRGGTVQYVDASRIVIKVNEDETIAGEAGIDIYNLIKYTRSNQNTCINQIPCVNLGDPINRGEVLADGPSTDLGELALGQNIRVAFMPWNGYNFEDSMLVSERVVQQDRFTTIHIQELSCVARDTKLGAEEITADIPNVGESALSKLDESGIVYVGAEVKGGDILVGKVTPKGETQLTPEEKLLRAIFGEKASDVKDSSLRVPNGTSGTVIDVQVFTRDGVEKDKRALEIEEMQLREAKKDLTEELEILEAGLFARVRNLLISSGADAAQLDKLDRTKWLEQTIADEEKQNQLEQLAEQYEELRKEFEHKLEVKRKKIIKGDDLAPGVLKVVKVYLAVKRQIQPGDKMAGRHGNKGVISKINPVEDMPYDENGQPVEIVLNPLGVPSRMNIGQILETHLGLAAKGIGDQINAMFKQKQEVEKLRSYIQKAYDLLGNGSQKVDLSTFTDEEVLRLAGNLRKGLPVATPVFDGADEAEIKELLKLGGLPTSGQITLYDGRTGEKFERPVTVGYMYMLKLNHLVDDKMHARSTGSYSLVTQQPLGGKAQFGGQRFGEMEVWALEAYGAAYTLQEMLTVKSDDVNGRTKMYKNIVSGNQHMEPGTPESFNVIMKEIRSLGLNIELDEE,length1,4029
2,1245766,1244470,1296,MIMELFHTILAIVALILSSAVVSSAEISLASSRKLKLQSLANKGDVRALQVLKLQEHPGRFITVVQILLNMVAILGGGIGESALSPYIADILNRSFEGSWIEPTASTIAFILVTCLFILFADLIPKRIAITYPEMVALSVVGIMNFSMYVFKPLVWFFDTIANVFFRLFRISTVREDGMTSEDIFAVVEAGAEAGVLKTQEHYLIENIFDMQARTVTSTMTTRENIVYLDRTFSRQEVMDTLSRDSHSKIVICDNGLDKILGYIESHTLLTMYLQNENVVLTDPKLLRKALFVPDTLSLYEVLELFKSTGEDFAIIVNEYALVVGIVTLNDVMSIVMGELVSNEEEYIVSRDENSWLIDGATPLKEVTRVLDIAYFPDEENYETISGFMMYMLRKIPKKTDSVVYGKYKFEVIDTENFKIDQILVSLVKEQE,length1,1296
2,1262512,1261177,1335,MKKYFLKCGYFLVCFCLPLIVFANPKTDNECFFIRLSQAPLAQTLEQLAFQQDVNLVMGERLEGNISLKLNNIDMPRLLKIIAKSKHLTLNKDDGVYYLNGSQSGKGQVAGNLTTNEPHLVSHTVKLHFAKASELMKSLTTGSGSLLSSAGSITFDDRSNLLVIQDEPRFVQNIKKLIAEMDKPIEQIAIEARIVTITDESLKELGVRWGIFNPTENARRVAGSLTGNSFENIADNLNVNFATTTTPAGSIALQVAKINGRLLDLELSALERENNVEIIASPRLLTTNKKSASIKQGTEIPYIVSNTRNDTQSVEFREAVLGLEVTPHISKDNNILLDLLVSQNSPGSRVAYGQNEVVSIDKQEINTQVFAKDGETIVLGGVFHDTITKSEDKVPLLGDIPVIKRLFSKESERHQKRELVIFVTPHILKAGETLEALKQKSAGKK,length1,1335
2,1304401,1302511,1890,MSSIKYRPEIDGLRAIAVISVIIYHLNENWLSGGFLGVDIFFVISGFLITGIIITEIQQNSFSLKQFYTRRIKRIYPAFITVMALVSFIASVIFIYNDFNKLRKTIELAIAFLSNFYLGLTQGYFDLSANENPVLHIWSLAVEEQYYLIFPLILILAYKKFREIKVLFIITLILFFILLATSFIPANFYKEVLHQPNIYYLSNLRFPELLVGSLLAIYHNLSASKQASKQASKQASKQASNVIAILSTLLLFSCLFLMNNDIAYIPGITLILPCIFTALIIHTTSQNNIIKLCLSNKVIVFIGKISYSLYLYHWIFIAFAYYITGEKQINNQSIAIVIILTIIFSVLSYYLIEQPIRKSKLNFKQSFLYIYFIPSLLLLGFNLYKRQTIRAEKEHIEQSIPVSNENHYPAKVIILGDSHSSHLEAFLNYVGNKEGWKADIFKDKFECSFIVNEQYQLDPNCQSVWQKDSQYKAIFISAFYDLRMGGQPVPRFRPETFIEPDFKARFKNTVKQLAMQKPVYVFANNSSVSRSPLRGYLLENYGLEKYLTPIHRMGDIDASNKIIHDLVKDIPNVYWVDAQQYLPKDSVMAEGKYLYGDQDHLTNFGAYYMAKEFSKYQRVMTPEQVKKLYE,length1,1890
2,1351765,1349575,2190,MKIVRVALAVPLPRLFDYFVPDDVSLQIGMRVLVPFGTQKRVAIVADFPTKSDVPEDKLKAILQPLDLAPVFTPIYWDWLHWAANYYQAGLGDVLFQALPVKLRNGESAVKNDRTFWRITDAGKNVLKQGELKRSKKQAEALQYLSETDLEKGNNNFSSAIWSALKAKGFIEEITIHTNPLSWQQRLGNNPIVNAENRLTLNKQQALAFSQLLFHSGFNVWLLDGVTGSGKTEIYLQYIEEILKSGKQVLVLVPEIGLTPQTVQRFKARFNVEIDVLHSNLTDTQRLYVWDRARSGQSAIVIGTRSALFTQFSNLGAIILDEEQDASYKQQDSWRYHARDLAIVLAQKLNIAVLMGSATPSLESINNVQNGKYQHLVLSKRAGNSTALRHFVIDLKNQNIQNGLSKPLLERMKAHLEKGNQVLLFLNRRGFASVLLCHECGWIAQCPHCEKPYTYHQHQNVLRCHHCGAQKTIPRQCGDCGSTHLVTTGLGTEQLEETLKTLFPHYSVARIDRDSTARKGKLEGYLEDIQQGKSQILIGTQMLAKGHHFPNVTLVALVNVDSALFSLDFRAEERLAQLYIQVAGRAGRADKQGEVVLQTHYPDHPLLTTLLANGYQAFAKETLQLRHSMGLPPFTFQALFKAQARHSDLAENCLSQIADFFQSKQITGLQMLGPMPAPFSKKAGQYRWQLLLQHPSRMTLQKALREYQQAELEKNSLVRLILDVDPQDLS,length1,2190
2,1390261,1388869,1392,MTSYALLHTQRVIAQNGEIFTISPDLWERNRQQQSLLLRYFALPLKEENNRLWLGVDSLSNLSACETIAFITGKPVEPILLESSQLKELLQQLTPCQMQVEEQVKFYQHQETHFEQEDDEPVIRLLNQIFESALQKNASDIHLETLADQFQVRFRIDGVLQPQPLISKIFANRIISRLKLLAKLDISENRLPQDGRFQFKTTFSDILDFRLSTLPTHWGEKIVLRAQQNKPVELSFSELGMTENQQQAFQRSLSQPQGLILVTGPTGSGKSISLYTALQWLNTPDKHIMTAEDPIEIELDGIIQSQINPQIGLDFSRLLRAFLRQDPDIIMLGEIRDEESARIALRAAQTGHLVLSTLHTNDAISAISRLQQLGIQQHEIENSLLLVIAQRLVRKICPKCGGNLINSCDCHQGYRGRIGVYQFLHWQQNGYQTDFENLRESGLEKVSQGITDEKEIERVLGKNS,length1,1392
2,1406458,1404736,1722,MITEKKMSVSVFNRCWSKVILETLVRQGVSHVCIAPGSRSTPLTLEAVRLQNAGSVTCYTHFDERGLGFFALGIAKATQLPVAIIVTSGTATANLYPAIIEARQTGVNLFVLTADRPPELWECGANQAILQQNMFGQYPVANVNLPKPKADYSAQWLISLLEQAAFQQKQQGGVVHINVPFAEPLYDATDEAVDSHPWLQPLQRWLIQNKSWINVEAQQNEVLMHENWDHWRTKRGVVVVGQLPAEQAMGINSWASAMGWVLLTDIQSGVVPTTPYEDIWLANQTVREKLLQADIVIQFGARFISKRINQFLQAFKGEFWLVEQSGKALDPYHHSLTRFNAKAHHWLRAHPPLRQKPWLLEPLALSKFCATFIEQQVGGNLTEASFALRLPTLLPYNGVLFLGNSLLVRLVDALTQLPESYPVYTNRGASGIDGLLATAAGIGIGSNKPVVAVIGDTSTLYDLNSFALFKNVTQPTVIFVINNNGGAIFDMLPVDEQVKDQFYRLPHNGDFSQIAAMFDLKYAHPYTWADLNSVVKQAYSRRKATLIEIKTNPSDGSSLYKRLIEQISHAVIGA,length1,1722
2,1415668,1414228,1440,MKLDAPFNLDPNVKVRTRFAPSPTGYLHVGGARTALYSWLYAKHNNGEFVLRIEDTDLERSTPEATAAIIEGMEWLNLPWEHGPYYQTKRFDRYNQVIDEMIEQGLAYRCYCTKEHLEELRHTQEQNKEKPRYDRHCLHDHNHSPDEPHVVRFKNPTEGSVVFDDAVRGRIEISNSELDDLIIRRTDGSPTYNFCVVVDDWDMGITHVVRGEDHINNTPRQINILKAIGAPIPTYAHVSMINGDDGQKLSKRHGAVSVMQYRDDGYLPEALINYLVRLGWGHGDQEIFSREEMINYFELDHVSKSASAFNTEKLQWLNQHYIRELPPEYVAKHLEWHYKDQSIDTSNGPALTDIVSMLAERCKTLKEMASSSRYFFEEFETFDEAAAKKHFKGNAAEALAKVKEKLTALSSWNLHSIHEAIEQTAAELEVGMGKVGMPLRVAVTGSGQSPSMDVTLVGIGRDRVLVRIQRAIDFIHAQNA,length1,1440
2,1442794,1439965,2829,MENIDIRGARTHNLKNINLTIPRNKLVVITGLSGSGKSSLAFDTLYAEGQRRYVESLSAYARQFLSLMEKPDVDSIEGLSPAISIEQKSTSHNPRSTVGTITEIYDYLRLLFARVGEPRCPDHDVPLTAQTISQMVDKVLSLPEDSKMMLLAPVVKNRKGEHLKILENIAAQGYIRARIDGEICDLSDPPKLALQKKHTIEVVVDRFKVRSDLATRLAESFETALELSGGTAIVADMDNPKAEELVFSANFACPHCGYSVPELEPRLFSFNNPAGACPTCDGLGVQQYFDEDRVVQNPTISLAGGAVKGWDRRNFYYYQMLTSLAKHYHFDVEAPYESLPKKIQHIIMQGSGKEEIEFQYMNDRGDVVIRKHPFEGILNNMARRYKETESMSVREELAKNISNRPCIDCGGSRLRPEARNVYIGKTNLPIIAEKSIGETLEFFTALSLTGQKAQIAEKILKEIRERLQFLVNVGLNYLSLSRSAETLSGGEAQRIRLASQIGAGLVGVMYVLDEPSIGLHQRDNERLLNTLIHLRNLGNTVIVVEHDEDAIRAADHIIDIGPGAGVHGGQVIAQGNADEIMLNPNSITGKFLSGADKIEIPKKRTALDKKKWLKLKGASGNNLKNVNLDIPVGLFTCVTGVSGSGKSTLINDTLFPLAQNALNRAEKTDYAPYQSIEGLEHFDKVIDINQSPIGRTPRSNPATYTGLFTPIRELFAGVPEARARGYNPGRFSFNVRGGRCEACQGDGVLKVEMHFLPDVYVPCDQCKGKRYNRETLEIRYKGKTIHQVLDMTVEEAREFFDAIPMIARKLQTLMDVGLSYIRLGQSSTTLSGGEAQRVKLATELSKRDTGKTLYILDEPTTGLHFADIKQLLEVLHRLRDQGNTIVVIEHNLDVIKTADWIVDLGPEGGSGGGQIIATGTPEQVAKVKSSHTARFLKPILEKP,length1,2829
2,1447288,1443115,4173,MKKTVFRLNFLTACISLGIVSQAWAGHTYFGIDYQYYRDFAENKGKFSVGAQNIDVYNKEGKMIGTMMKDVPMPDLSSLAKGGYATLVGDQHLVSVAHNVGYQDVDFGAVGKNPDRHNYGYKVVKRYNYQKDERHHFATDYQHPRLAKFVTEVAPIDMVTDTRGHLYANLEQYPMRVRAGSGHQYWKDKNNNINGDLAYGGAWLTGGNTFMDGGSSNGVLYLNGRVQQPNKYGPLPIAGARGDSGSPFFVYDQIKKKWLLNGVLREGHPYAGTGNAYQVARQEYLEEVQTKDITVSYLSHNANYALKTISDGNGKITQNDRISMDIGLYSNALPYDSRGGNKGDISPDYKGPNPWSPALHNGKTMYLGDTGKGTLTIENNVNQGAGGIYFEGDFVVKPRENNVTWQGAGVSIGEYATVEWKVKNPKGDRLSKIGVGTLLVNGIGENLGSISVGNGTVILDQKADDDGNKQAFKEVGIVSGRGIVKLNSADQVDPNNIYFGFRGGRLDLNGSDLTFTRIQNVDEGAMLVNHNTNKESNITITGSNTINDKESDLTNKRDIAFNGWFGDKDDSRNIGRLNIHYSPSNSDNHLLFSGGANLKGNITQNGGNLILSGRPTPHAYNHLREDLSKREGIPQGEIVWDHDWINRTFKAENFQIKGGSAVVSRNVSSIEGNWTISNNANATFGVVPNQQNTICTRSDWTGLTTCKTENLTDTKVINSIPTTQINGSIDLTDSATANVKGLAKLNGNVTLIDHSQFTLSNNATQTGNIKLSNHANATVDNANLNGNVNLTDSAQFSLKNSHFSHQIQGGEGTTVTLENSTWTMPSDTTLQNLTLNNSTVTLNSAYSASSNNAPLRRRRSLETETTPTSAEHRFNTLTVNGKLSGQGTFQFTSSLFGYKSDKLKLSNDAEGDYTLSVRNTGKEPVTLEQLTLVESKDNKPLSDKLKFTLENDHVDAGALRYKLVKNNGEFRLHNPIKEQELRNDLVRSEQAERTLEAKQAELTAETQQSEAKVRSKRAVFFDTLPDQSQLNVLQAKQVEPTAKTQTGEPKVRSRRATRAAFPDTPLDLSQLKVLQVKLEAINVQQQTEKERQAQEEEAKRQRKQKELISRYSNSALSELSATVNSMLSVQDELDRLFVDQAQSAVWTNIAQDKRRYDSDAFRAYQQKTNLRQIGVQKALANGRIGAVFSHSRSDNTFDEQVKNHATLTMMSGFAQYQWGDLQFGVNVGAGISASKMAEEQSRKIHRKAINYGVNASYSFHLGQLGIQPYLGVNRYFIERENYQSEEVKVQTPSLVFNRYNAGIRVDYTFTPTDNISIKPYFFVNYVDVSNANVQTTVNRTMLQQSFGRYWQKEVGLKAEILHFQLSAFISKSQGSQLSKQQNVGVKLGYRW,length1,4173
2,1531729,1529413,2316,MTMSELNEMQKLAWAGFAGGDWQENVNVRDFIQKNYTPYEGDDSFLAGPTEATTKLWESVMEGIKIENRTHAPLDFDEHTPSTIISHAPGYINKDLEKIVGLQTDEPLKRAIMPFGGIKMVEGSCKVYGRELDPKVKKIFTEYRKTHNQGVFDVYTPDILRCRKSGVLTGLPDAYGRGRIIGDYRRVALYGVDFLMKDKYAQFSSLQKDLEDGVNLEATIRLREEIAEQHRALGQLKQMAASYGYDISNPATNAQEAIQWMYFAYLAAIKSQNGAAMSFGRTATFIDVYIERDLKAGKITETEAQELVDHLVMKLRMVRFLRTPEYDQLFSGDPMWATETIAGMGLDGRTLVTKNTFRILHTLYNMGTSPEPNLTILWSEQLPENFKRFCAKVSIDTSSVQYENDDLMRPDFNNDDYAIACCVSPMIVGKQMQFFGARANLAKTLLYAINGGIDEKLGMQVGPKTAPITDEVLDFDTVMTRMDSFMDWLAKRYVTALNVIHYMHDKYSYEAALMALHDRDVYRTMACGIAGLSVAADSLSAIKYAKVKPVRGDIKDKDGNVVATNVAIDFEIEGEYPQYGNNDNRVDDIACDLVERFMKKIQKLKTYRNAVPTQSVLTITSNVVYGKKTGNTPDGRRAGAPFGPGANPMHGRDQKGAVASLTSVAKLPFAYAKDGISYTFSIVPNALGKDAEAQRRNLAGLMDGYFHHEATVEGGQHLNVNVLNREMLLDAMENPDKYPQLTIRVSGYAVRFNSLTKEQQQDVITRTFTESM,length1,2316
2,1547215,1545847,1368,MTKHYDYIAIGGGSGGIASLNRAASYGKKCAIIEAKHLGGTCVNVGCVPKKVMFYGAHIAEAINNYAPDYGFDVEVKKFDFSKLIESRQAYISRIHTSYNNVLAKNNIDVINGFGKFVDAHTIEVTLADGTKEQVTADHILIATGGRPYRPNIKGQEYGIDSDGFFALTELPKRAVVIGAGYIAVELSGVLNSLGVETHLLVRRHAPMRNQDPLIVETLVEVLAQDGIQLHTNSTPSEIVKNADGSLTVKCDGQSDVTVDCVIWAAGRVPATDKIGLENAGVETNEHGYVKVDKYQNTNVKGIYAVGDIIENGIELTPVAVAAGRRLSERLFNNKPTEYLDYSLVPTVVFSHPPIGTVGLTEPQAIEQYGAENVKVYKSFFTAMYTAVTQHRQPCKMKLVCVGKDEKVVGLHGIGFGVDEMIQGFAVAIKMGATKADFDNTVAIHPTGSEEFVTMR,length1,1368
2,1573651,1572139,1512,MATPVVALVGRPNVGKSTLFNRLTRTRDALVADFPGLTRDRKYGHAHIAGYDFIVIDTGGIDGTEEGVEEKMAEQSLLAIDEADIVLFLVDARAGLTAADIGIANYLRQRQNKITVVVANKTDGIDADSHCAEFYQLGLGEIEQIAASQGRGVTQLMEQVLAPFAEKMENADENDRTSEEEQDEWEQEFDFDSEEDTALIDDALDEELEEEQDKNIKIAIVGRPNVGKSTLTNRILGEDRVVVFDMPGTTRDSIYIPMERDGQQYTLIDTAGVRKRGKVHLAVEKFSVIKTLQAIQDANVVLLTIDARENISDQDLSLLGFILNAGRSLVIVVNKWDGLDQDVKDRVKSELDRRLDFIDFARVHFISALHGSGLGNLFDSIKEAYACATQKMTTSLLTRILQMATDEHQPPMIGGRRIKLKYAHPGGYNPPIIVVHGNQMDKLPDSYKRYLSNYYRKSLKIIGSPIRLLFQEGSNPFAGRKNKLTPNQLRKRKRLMKFIKKAKR,length1,1512
2,1619446,1617553,1893,MKEKIMSQNQETRGFQSEVKQLLQLMIHSLYSNKEIFLRELISNASDAADKLRFKALSNPALYEGDGDLRVRVSFDADKGTITISDNGIGMTREQVIDHLGTIAKSGTKEFLTALGQDQAKNSQLIGQFGVGFYSAFIVADKVTVKTRAAGEEADKAVLWESAGEGEYSVADIEKKSRGTDVILHLREDEKEFLNEWRLREIIGKYSDHIGLPVEMLTKEYDDEGKECGEKWEKINKSDALWTRSKNDVSDEEYKAFYKHLSHDFVDPVTWAHNKVEGNQAYTSLLYVPAKAPWDLFNREHKHGLKLYVQRVFIMDDAEQFMPNYLRFMRGLIDSNDLPLNVSREILQDNKITAALRKALTKRSLQMLEKLAKDDAEKYLKFWKEFGLVLKEGPAEDFANKETIAKLLRFASTHNDGSEQTVSLEDYILRMKEGQKAIYYITADSYVAAKNSPHLELFNKKGIEVLLLSDRIDEWMLSYLTEFDGKQLQSITKADLDLGDLADKESETQKQQDKAFGSFIERVKNLLGERVKTVRLTHNLTDTPAVVSTDNDQMTTQMAKLFAAAGQPVPEVKYTFELNPEHYLVKKVADIADETEFADWVELLLEQAMLAERGSLENPAAFIKRINKLLG,length1,1893
2,1652281,1650607,1674,MLTQLTINNFAIVRQLDIELAKGMSVITGETGAGKSIAIDALGLCFGQRVETSMVREGQERAEICATFQLESQNPAYHWLSEQELQDPDNPTECILRRIINADGRSKAFINSTPVSASQLKEIAQYLVHINGQHASQLLLKNDYQLQLVDNFAAHPELLVKMREDYQTWKNLQNQVKTFQQKVAENEARKQLLQYQVDELDEFNLRPNEYLELEDEQRRLSSSEQLTQLSQSALQILSENDTVNIDSLLYRATQYIDELAELDPQYAEVQNMLNDALIQVQEATSEVQNLSSNIEQDPQLLQEIEQRISQALQLARKHQVKPEDLVEQHKKLKAELTALLDFSESEEMLIEQEKRAFEQMQATATALTASRQQSATRLAQNVTQSIKQLAMENAEFYVELNTDLDKVSANGADNVIFTLRSNLGQQPQPLAKIASGGELSRISLAIQVLTSDQSAIPTLIFDEVDVGISGKTASVVGKLLRQLSERCQVLCVTHLPQVACHGHHQFNVEKFTVDNKTETQMTALSQAERVPALARLLGGSEITELALANAQEMLDLVH,length1,1674
2,1750810,1748833,1977,MFQDNPLLAQLKQQIHDSKEQVEGVVKSTDKAYGFLECDKKTYFIAPPSMKKVMHGDKIKATIEKQGDKEQAEPEALIEPMLTRFIAKVRFNKDKKLQVLVDHPSINQPIGAQQAKSVKEELQEGDWVVANLKTHPLRDDRFFYATINQFICRADDELAPWWVTLARHEQSRYPVQGAEHYEMLDQKTRENLTALHFVTIDSESTMDMDDALYIEPIAQNSTQTGWKLVVAIADPTAYIALDSQIEQEAKQRCFTNYLPGFNIPMLPRELSDELCSLIANETRPALVCYIETDLAGNITAKPHFVSAYVQSKAKLAYNKVSDYLEQADNAWQPETPETAQQIHWLHQFTKARIQWHKTHSLLFKEKPDYAFVLAENGKVQEIKAEYRRIANQIVEEAMIIANICAAQFLHEQAKTGIFNTHSGFDKKFLENAHHFLMANLANEQNQTELAERYSVENLATLNGYCQMRHDIEPIESDYLELRLRRYLTFAEFKSELAPHFGLGLEGYATWTSPIRKYSDMVNHRLIKAVLAKQPYEKTQNDVLARLQEARRQNRLVERDIADWLYCRYLAPKVAENVEFNAEVQDVMRGGLRVQLLENGASMFIPASTLHNNKEEMQVNSDEIALYIKGERTYKIGDIVKVKLTEVKEATRSIVGEILQ,length1,1977
2,1773820,1772467,1353,MKNRSLTLRLISVLCLTALFVWLGSTLVAWWQVRHDVNKVFDAQQVLFAERLANSDLSTILLESSTTLNKNSQSVLKKSYDDDALAFAIFSKTGKLLFSDGRNGKDFIFNYKTGFYNANIYDDDDKWRIFWRMAANGELVIAVGQELDYREDLIEEMILGQMWIWFASLPILIIVLGWLIHKELRPIKRLSQEVQTRKSGDVSLLNTEGLPVEILPLVKNLNQFFDRTSAMLQRERRFTSDAAHELRSPLAALRIQTEVAQLAGDDVALREQALLHLTQGIDRASQLIEQLLTLSRLDNLQALETLQLLDWEAIVQSLISERYFVAEKRKITLVFEKESEPKQKQGQSILVSLMLRNLLDNAIKYCPEDTIVSVKISSSQIIIEDNGGGVEPEDLKKLGQRFYRPAGQNEKGSGLGLSIVMRIAELHGFKVRLENVVKEGRRIGLKAIISL,length1,1353
2,1776124,1774117,2007,MTKRTSFNPLVIGVTLFFILLLMAMIFIAPEQTQALLNQAKSGIFANFSWFYVLTFSVFLGFLLILSVSSLGNIKLGQDEEEPEFSFLSWLAMLFAAGMGVGLMFFGVAEPLTHYLSDITVGSAEHKQQEALLHTLFHWGIHAWAVYGTIALALAYFGFRYKLPLALRSCFYPLLKDRINGKIGDAIDVMALLATLFGIITTLGFGSSQLGAGLEQIGWISQNSFALQVGVIVVVMCLAVFSAISGIGKGVKILSEINLTLAFCLLLFVLISGPTLYLLSAFSDNIGNYFSNLVQLSFKTYAYEQEHTSWFSGWTVLYWAWWCSWAPFVGLFIARISKGRTIREFIFGVLVIPSLFGILWFTVFGNTAVWLNDGIAAGGLGEFISSPEILLFKFLNYLPLPTITGFVSLLVISLFFITSADSGIYVLNNIASRDKSLASPAWQAIMWGTLMSVVAIVLMQSGGLANLQTMTLIVALPFALLMLVMCFSLWKGLIADKKYFSTKVNPTSIFWSGDKWKSHLEQMMNQTQEKDILRFLKNTALPAMRELRQELTGKYNLSVEINTLFEQEEPALELVIHKESMRDFMYGIKSVGREVSEQLINDENLPHIQHSVTYEPYTYFFDGRVGYDVQYMDQDELIADMLKQYERYLSLLDDVGQELMAHEQTELAE,length1,2007
2,1805263,1803109,2154,MNIRLNAKVISTIPVFIAVNIAAVGIWFFDISSQSMPLILGIIAGGLVDLDNRLTGRLKNVFFTLIAFSISSFIVQLHIGKPIQYIVLMTVLTFIFTMIGAVGQRYSTIAFGSLVVALYTTLTYIPEVNVWFINPVMILCGTLLYSVVAIIVYLFFPNRPVQESVAKAFCALGEYLDTKSCFFDPDEVAEIEKKHLKFAMKNANVVTAFNIVRTALFYRIRGQHRHPSTQRMLRYYFAAQDIHERANSTHFDYQQITEKLKNTDLIFRIQRLLELQAQSCKEITASLRENKPYHFNECVERALLGTLHSFELYQTQHTNVQDELIDIQTLLDNLQSINWQLRQLAQETTDTEQLAQIHTEQITGLKNISAVIFSHFTFESPLFRHSVRLSIVVFLCCAIVEFFQFNLGYWILLTTVFVCQPNYSATKVRLRQRIIGTILGVVVGSLLPYLNPTLELKLGLVVLTSTLFFFFRSNNYSFSTFFITLQVLLSFDVMGFDTAAALMPRLLDTLLGAAISWFAVSYLWPDWKYLQLDKVSHQALRSDAVYLLHIISQLQFGKSDDLKYRIARRNAHQYAAALSTTLSNMNNEPVKYKAYLQKGFDLLKLNYSLLSYISALGAYRDRMKNLQQTAQFLSGFYPVAKKIIYTLEHIEEIPEAIFNQQQESIETHLKELEKQDMTAEERAVFSLPYQQLNLITQLLPQFYGYFKKEINCERAGAL,length1,2154
2,1820287,1817521,2766,MIKQITERFTPRQYLAEFLLGLTALFGLYLIVAWSSYTPLDNSWATASAYGNTINKVGTFGAWIIDLFFVFFGYVAHIIPFTAFLVPIYLLKTKAVKHLSCTRIILRSFGFIMLIIGLCVVSMLLLSSNTFYLSGGVLGGSLVVNWFYPVLGKFGSILIGFAFALIGFIFCSGASLIRLIVAFYYWLTMKNEQSENAEQEKSTEELEQIVIVKSDRSETENLDQNHLNVEQNSEIETVKLSLEAENISIDASSSHLISISGLNPEVSIKSEYELANEENEKPQFSFGFDSESLPSVNLSSDSDEQRVSKNDFVAVWNKPVKTVVQEDLAINQSADDFTQVSLLTKDEMPTVLLRPSHESLNTEMVDNHFATQVNEKVGLEKDGVKFNLSLQDDMEAVQLDKNQEPNYKGYSASLIHPAFQQQTTKREKPSTPLPSLDLLLKYPPNEQRITPDEIMETSQRIEQQLRNFNVKASVKDVLVGPVVTRYELELQPGVKASKVTSIDTDLARALMFRSIRVAEVIPGKPYIGIETPNLHRQMVPLRDVLDSNEFRDSKATLPIALGKDISGKPVIVDLAKMPHLLVAGSTGSGKSVGVNTMILSLLYRVQPEDVKFIMIDPKVVELSVYNDIPHLLTPVVTDMKKAANALRWCVDEMERRYQLLSALRVRNIEGFNEKIDEYEAMGMPVPNPIWRPSDTMDAMPPALKKLSYIVVIVDEFADLMMVAGKQIEELIARLAQKARAIGIHLILATQRPSVDVITGLIKANIPSRIAFTVASKIDSRTILDQGGAEALLGRGDMLYSGQGSSDLIRVHGAYMSDDEVINIADDWRARGKPDYIDGILESADDEESTEKGISSGGELDPLFDEVMDFVINTGTTSVSSIQRKFSVGFNRAARIMDQMEEQGIVSPMQNGKREILSHRPEY,length1,2766
2,1869103,1866982,2121,MFASAKDIRRDIANLLKPPRRMKVSEAVAEYMRVPVGGGNSVKWDKDTAAYMLDPMDCLNSREYDAVIFVGPARTGKTIGLIDGWITYAIICDPSDFLLVQLTQEKASEHSRKRLDRTFRCSPEIAKRLSPRKNDNNVHDKYFRAGNLLKIGWPSINVLSSSDYKYVALTDYDRWPDDVDGEGDGFSLASKRTTTFMSAGMTLVESSPGKDIVDIKHHPKTTHEAPPTTGILSLYNRGDRRRFYWQCPHCKEWFEPSMANMVGYRDDTDYVKASENARLQCPHCQSLVDPDKKRALNIGGKWLKEGQTIDKDGVIHGEGRNSRIASFWLEGPAAAYQTWAQLTYKLLTAEHEFEMTGSEETLKAVTNTDWGLPYLPRSALEQRRSDELMERREDTEKRTVPYGCRFLLAAVDVQGGRNRRFVVQIVGYGENSERWLIDRYNIKSSMRSNSDGESLPIDPSAYPEDWDLLISDVLNKQYRIEGLDGGVMPILAMAVDSGGEDGVTDNAYKFWRRCKRDGISKRVYLVKGDSTKRQKLISRTYPDNTSRSDRHAKARGDVPLYLLQTDQLKDRISNALSRETIGANYIHFPSWLGEWFFDELTYEERGQDGKWRKPGKGNNEAFDLFCYAHAIAILRGYERIKWGDEDNVPYWAKLPSVNPNVIRKESSAPEEETESAVEIEQVKPQPKPKPKSNWLNGGASKKKGGWL,length1,2121
2,1872823,1870783,2040,MTKQKMILSPVAMATSATKTNNQSWYSIKAKANDTAEISIYDEIGFWGVSAASFAQDLKDCGNNIKQINLHIHSPGGDVFDGIAIYNLLKNHPAKVTVYIDGLAASMASVIAMAGNEVIMPENAMMMIHKPWGIQGGDAEDMRKYADLLDKVENTLIPAYASKTGKTPEELAEMLSAETWLNGKECVEQGFADKLAEPLVAMASIKSRKLEDFENMPKAMKDMLFKPQGNAGASAPQATPTPAQPAPTEPVNQAPTAPVDNTAQVQAELNKRNADIKAVFAPFGTTHNDLLVECLGDLSITADQAKDKLLAKLGAGTTPSAAVTPYADNGNIVGDSVKQSLLARAGIDKDKVNAKDNAYNAMTLRELARASLVDRGISVSSQNAMSMVGLAFTHSSSDFGQILIDVAHKSLLKGWETAAENFDQFTSRGTLTDFRAAKRVGLGDFGYLPQVGEGEEYTYGTIGDEGASVALATYGQLFSITRQAIINDDMHLLTKIPEKMGQAARATIAKLVFALLTGNAIAQDGKALFDASHKNTLTGAALDVTNIDKAIQMMNGFVNTRGEPLAIEPDFMLLPTSLYTRAKQVLGSASVEGADINSGIINPIRDIVPTVKSARLQVADPKSWYLINKEAIEVSYLDGIDTPYMEQQQGFTVDGVSTKVRIDAGVNVIDYRGIVKVTNK,length1,2040
2,1887178,1885372,1806,MADFNKPTVDSEYTQFPTEIRAAISAILSFLDGEHTNVPLKAKRWNPSTKIFEEYNGAQWVPMATEYKLPVDYNSLKNKPLPNSAVNDESDTKFASSAAVKTAYDKAAEAKEAASAKQSPATTLAGYGIGNFKVEQGQGDANGYKTDGNYYLASGQNLPENGEWHIEVVSGGATNAVRQIARKANDNKIKTRFFNGSNWSEWKDAGGDGVPIGAVVSFPRAVTNPVGFLRADGSTFSQQTFPDLYRTLGNSNQLPDLTRSDVGMTAYFAVDNIPSGWIAFDSIRSTVTQQNYPELYQYLVDKYSSISNVPLAEDRFIRNTGNGLNIGQTQSDEIKKHVHKVRTHWADSSDSSIFYDKTKTVIDSRLRTATVTDDNLGDNGFMHPLLDSPMATGGAETRPRAIALKLCIKAKNTFDDVQFWVKAFGVVENAGALDAGTLAQNMQALSESVKQKIEENKQSTLREITNAKADINQQFLQAKENLSQIGTLKTVWQGNVGSGRIDISEKCFGKTLILYLQSSERHRLDDNNDIELVSFEVGAEIEGKTGGGVHWLDVRQVRGFPRNGSFLNYVEVKTFAVTVDRNGTAIQIQDLAGRFVKRIDIR,length1,1806
1,43998,42570,1428,MAQYSAEFKQAKVLVLGDVMLDRYWFGATNRISPEAPVPVVRVQENEERAGGAANVAMNIASLNVSVQLMGLIGQDETGSALSLLLEKQKIDCNFVALETHPTITKLRILSRHQQLLRLDFEENFNNVDCKDLLAKLESAVKNYGALILSDYGKGTLKDVQKMIQIARKANVPVLIDPKGTDFERYRGATLLTPNMSEFEAVVGKCNTEEEIIKKGLKLISDIELTALLVTRSEKGMTLLRPNQEPYHLPTVAKEVFDVTGAGDTVISVLATALADGRSFEESCYLANVAAGIVVGKLGTSTVSTVELENAIHARPETGFGIMSEAELKDAVAQAKARGEKIVMTNGCFDILHPGHISYLENARKLGDRLIVAVNSDDSVKRLKGESRPINNLENRMAVLAGLASVDWLVPFTEDTPQRLIGEILPDLLVKGGDYKPEEIAGSKEVWANGGDVKVLNFENGCSTTNVIEKIKLLKD,length1,1428
1,57018,54633,2385,MKFSEQWVREWVNPAVSTEQLCEQITMLGLEVDGVESVAGTFNGVVVGEVVECAQHPDADKLRVTKVNVGGDRLLDIVCGAPNCRQGLKMACATEGAVLPGDFKIKKTKLRGQPSEGMLCSFSELGIDVEADGIIELPLDAPIGTDLREYLALDDNAIEISLTPNRADCLSIAGIAREIGVVNKQLVNQPHFEAVPATISDKVQIDLQAPEACPRYLLRVIKNVNVKAPSPMWMQEKLRRCGIRSIDPIVDITNYILLELGQPMHAFDAAKVTQPVQVRLAKEGEELVLLDGSTAKLQSNTLLIADQNGPLAMAGIFGGAESGVNSETKDVILESAFFAPLAIAGRARQYGLHTDVSHRFERGVDFELARKAMERATALLLEICGGEAGEICEASSETHLPKVNTVQLRRSKLDALLGHHIETVSVTEIFHRLGFDVTYANDIWTVTSASWRFDIEIEEDLIEEVARIYGYNSIPNNAPLANLRMREHKESDLDLARIKTALVDADYQEAITYSFVDPKIQSLLHPQQEALILPNPISVEMSAMRVSLISGLLGAVLYNQNRQQSRVRLFETGLRFVPDANAEFGVRQEFVLSAVITGTAKSEHWAGKAESVDFFDLKGDLESVLSLTEGGNRVRFVAKQFDALHPGQSAAIELDGQEIGFIGAIHPSISQKLGLNGKTFVFEILWNAIAARNVVQAKEISKFPANRRDLALVVADSVPAGELIAACKQAGGEKLVQVNLFDVYQGVGVAEGYKSLAISLTVQDNEKTLEDEEINAVISAVLAEVKQRFNAELRD,length1,2385
1,66321,64272,2049,MSEYKLNPPTVSSYTENMMLKVLFEHKGFSEVFRETSWRSDEIASAFGLPEELENDKNLRTVARRLLKERYKKLQKSTALLPELWKQAYENLATLAEFLQLNPVEQELLRFAMHLRSEGAMRDLFGYLPKSDLQRTAAIMADLLKQPKNQILSALKKGSKLDAYGLIDRDYRPDSVHDYLDWGETLDFDEFVTQPLNENVLLKSCTEVAQVPSLQLDDFDHIAGMKEMMLTYLQQALKHHRKGVNLLIYGVPGTGKTEFAGLLAQALGISAYNITYMDSDGDVVEAEQRLNYSRLAQTLLNGKQALLIFDEIEDVFNGSFMERSVAQKNKAWTNQLLENNNVPMIWLSNSVSGIDPAFLRRFDFILEMPDLPLKNKSALITQLTEGKLSPAYVQHFAKVRSLTPAILSRTIRVAKELNTSNFAETLLMMFNQTLKSQNKPKIEPLVLGKADYNLDYVACNDNIHRISEGLKRSKKGRICCYGPPGTGKTAWAAWLAEQLDMPLLLRQGSDLLNPYVGGTEQNIAQAFEQAKADNAILVLDEVDTFLFSREGANRSWERSQVNEMLTQIERFEGLMVVSTNLIEVLDHAALRRFDLKLKFDYLTLKQRLDFAKQQAEILGLPLLSEEDLSQIESLNLLTPGDFAAVARRHQFSPFHKVQDWLMALQGECEVKPAFSATTRRIGF,length1,2049
1,74844,72924,1920,MLSVLHKLKEQRILSQGDYYFAKLIADKQCHTDYAEPIKNLAILLAALCSWRYTQGNTCSQLDRYLEHNLFGLAYRTTEEDYLAEIREKIGYLAVEDWQNALCGHMAFTQDPVNQIAPMVFQFGALYFYRTWQDEYRIAQYIKNTLKKHRTLAFSYDEIHQKLEKYFPEKQEKTDWQKVAVATAIKSPFSIITGGPGTGKTTTVTRLLLVLQELFDCKLHIKLVAPTGKAASRLEESIKNALGFMQEKMNVSHSLFNAIPQKASTLHSLLGVNAFNDYTRYNSHNPLQLDVLVVDETSMIDLPMMVKLINALKPETRLILLGDQAQLASVEAGAVLGELAQFVTQPYSHEQVAYLLATTGYKVEGSDCSNPIRDCLCHLTESRRFDKDSGIGKLAEFIQKGKADDSLELFDHYPQELHFNALNDESDAVNQVVKSAVENYRTFLKMLDDLRKQKIDPNAKNEQGISYAEAIQAQFNSVRFLTALRNNNLGVENLNKEIALALREQKLLWFRNEQDWYIGKPIMITENDHNVRLYNGDIGLCLANGKVWFGNREVLTNRIPAHEPAFMMTIHKSQGSEFEHTVMVLPTEVNPVLSRELVFTGVTRAKKELTVFADEKIWKTAIRQTVKRQSGLGKLLEDLN,length1,1920
1,85416,83511,1905,MVKNLVLWVVVAVIMMTAYQSFNSSSVENSTDYTTFVYDVSNGQVTAARFDANEITVTKTDGSKYSTVMPPLEDKKLLDDLLSKKVKVEGTPFERRGFLSQILISWFPMLFLVGVWVFFMRQMQGGGGKAMSFGKSRAKMLNQDQIKVTFADVAGCDEAKEEVGEIVDFLRDPNKFQNLGGKIPKGILMVGPPGTGKTLLARAIAGEAKVPFFTISGSDFVEMFVGVGASRVRDMFEQAKKNAPCLIFIDEIDAVGRQRGAGLGGGHDEREQTLNQMLVEMDGFSGNDGVIVIAATNRPDVLDPALTRPGRFDRQVVVGLPDVKGREQILKVHMRKVSVAQDVDAMTLARGTPGYSGADLANLVNEAALFAARVNKRTVTMLEFEKAKDKINMGPERRTMIMTDKQKESTAYHEAGHAIVGYLVPEHDPVHKVTIIPRGRALGVTFFLPEGDQISISQKQLESKLSTLYAGRLAEDLIYGEENISTGASNDIKVATNIARNMVTQWGFSDKLGPILYTEDEGEVFLGRSMAKAKHMSDETAHSIDEEVRAIVSRNYERARQILTDNMDILHAMKDALVKYETIEEEQIKQLMNREPVTPPSGWGEPKTQQAAYANSTTNDAKPESAVENTDDFNV,length1,1905
1,141213,139881,1332,MNILDGIKSLALKLGSKQDQTYYARGLSLTDDLMQIEALWRDNWIANKVCIKRSEDMVRNWRDIFSNDLKSEQLDEFTKLERRLKLRETLTKALQWSSLYGAVGLLLVTDTINITSPLQPTERLKRLIILPKWKISPTGQRDDDVFSPNFGRYSEYTIIGGTQSVLVHHSRLLIINANDAPLSDNDVWGVSDFEKIIDVLKRFDSASANVGDLIFESKIDIFKIAGLSDKISAGLENDVAHVISAVQSIKSATNSLLLDAENEYDRKELSFGGLKDLLTEFRNAVAGAADMPVTILFGQSVSGLASGDEDIQNYHESIHRLQETRLRPVLEVLDTLLCNELFGGQPDDWWFEFLPLTVVKQEQQVNMLNTFATAANTLIQNGVVNEYQVANELRESGLFANISAEDIEEMKNVNEFAGNFEEPENTEDAQVQASEDEQENGALV,length1,1332
1,167517,166242,1275,MKKILNFIVEINLAIIISLFTSDFILWFAIILLLILAWHHINEYRLLKYLNLKQDNKFSLLQLGTFSQTEAYHRHQIYKEKCASLRLLSQINKNIKYLPDAIIICQHNGNISWCNSIAQQMFDFCWNKKVQKNIFDVIFYEQFKHYFFSQKKRRPLVLLTYNQRYIEVQSHAYNSHMILVIARDITDMIHLLNSRQKFLSNINHELRTPLTVLQGYLEILADNNIQNPLQKKAIFAMQEQSQRMEHLLQQFNFLAKIETTSDKDFRKFDMSAMINSLRKDTDILNTYNHHIEFIIQPNIIIFGNESQLRSAVSNLIYNAIKHSGKQCHIQIQWETCEQGIKFNVIDNGVGISPQHIPHLTERFYRVDESRSHLTGGSGLGLAIVKHTLLQYHSHLNIESTETKGSSFSFIIPKRFVISKNNKEIQ,length1,1275
1,187347,184569,2778,MKKTTAFFLLIFSLIACQSLELSPNSDLPFDPNIQHGKLSNGLQYFVLKNTEPKERVYIRLVINAGSMHEDDDQKGIAHLVEHMAFNGSKKYPENQIINALEKLGMKFARDINAFTDFENTVYTLNLDSNNQQKLELAFDVINEWMNNITFLPKDVDGERGVVQEEWRRRLSPMLRIGNKKSAIEMAGSRYVLRDPIGDMDIIKTISAKRVADFYHKWYRPDNMSVIIVGDIDTKQVVKLLKQNLSQENPITKTTLEKIDFNIPLINKWRLDSISEQGTTIPSIELSFFENTIETNTLASYKQELIQQITTRLLNLRLQKWEKETENGVDSANFYRTHLGKETLQSIFSLQLIDTQYSKTIDKLFAFIASIKQQGFTQNELNGEIKRLTQLNEKQLNIRSGSLKIADDLITSVANKQVVLSVNDRYELNKRFLSQITLADLQRTLNQTLVLKAKLLLITQPLPQKALPFDVVEIETRWNNAMKMQQHQWDEKKQLEKLPHLTFNTGSLSQEKYWDRGDIYEFRLSNGSKLIYHYSDKTPNQVHFRAVTKGGLRSIPDKDYHLLRAAVSVVDETGVGELSLSAVNQIFSRDPLVIATVIDDDKQGFTGVSKPKDLENLLTLFRLKLRSSPISDLALEKYRRETRDYFKQIDLETQFMQAVSKLRFPNIETVYSQKQAQQLAFDKNQLSNAYQRYILNKTDFTYFIIGDIELNQVKKLAERYLASVESKTQIRHFVPTIIHTPTQSFIMNGLKEPRADVEIYLTADNTWRAEQKYLFNILADIVQEKLRLILREKVSGIYSVNSWFMQDVHTPQIEGKIEFSCDPKRVEELTHLTNQVLDDIVKNGIDENLLRKKLAEQHTQIRREFDSLVSVASIIEESYWQQDNPDAIYTYQHLDQLATKATIDALAQKALKKSGRFVSILKAASY,length1,2778
1,230220,228909,1311,MIRFIFKRKKMHKPKELVFGQTIIRLNQVNGADKRKINMAFDYQMFRQAFPYFQREDAVVYLDNAATALKPQVLIDRTAEFYASAGSVHRSQYDAAQTVQYEQARTQVKEWVNAEDKRTVIWTSGTTHAINLVANGLMPQLNAEDEILISQADHHANFVTWHETAKKCGAKIRVLPILDNWLIDENALILALSEKTKLVALNFVSNVTGTEQPIKRLIQLIRKHSHALVLVDAAQAISHIKIDLQDLDADFLAFSAHKIYGPNGLGVLTGKLTALSQLQPLFFGGKMVDRVSNDRITFAELPYRLEAGTPNIAGVIGFNAILNWLQKWDFTAAEQHAISLAESVKVRLKSYENCRLFDSPQASTVVCFIFDGIDCSDLSTLLSEQNIALRVGEHCAQPYLARLGERTTLRLSFAPYNTQKDVETFFTALDKALDLLQ,length1,1311
1,238116,236853,1263,MSKIPLNEFITLQRGFDLPSNKRISGSVPVVASTGIAGYHNEIKVKAPGVVIGRSGSIGGGQYIEKDFFPLNTTLYVKDFKGHYPRFIYYLLKSIDFTSFNVGTGVPTLNRNHLSSILISDLGIEKEKEIANILGSLDQKIQLNTQINQTLEQIAQALFKSWFVDFDPVRAKVQALSDGLSLEQAELAAIQAISGKTPEELTALSQTQPERYAELAETAKAFPCEMVEVDGVEVPKGWEVKALDEIANYQNGLALQKFRPEDDEPFLPVVKIAQLRQGYADGDEKAKANIKPECIIDNGDVIFSWSGSLLVDIWCGGKAALNQHLFKVSSKEYPKWFYYFYTKHHLTEFQRIAYDKAVTMGHIKREHLSAAKCIVPNDELLANKTLENILEKIIFNRLENFNLQNTRDLLLPRLLNGELNG,length1,1263
1,271275,269496,1779,MDEQVINQPSPEVTVEIKRKAQQMYFSGYKIAEISRQLNTPASTIASWKDREKWDDIAPVGRVELALETRLNLLIAKEEKSGSDYKEIDLLGRQMERMARVKKYSFGDGNEVDLNPKLANRNKGERKKAEPNAIDQEQEELLINGFLDGMFNYQRIWHKAKEHRIRNILKSRQIGATYYFAHEAFIDALTTGHNQIFLSASKKQALQFRSYIVNYAKQTADVDLKGETIKLPNGAELIFLGTNSATAQSYHGNLYFDEVFWVPKFDVMRKVASGMAAQKMYRQTYFSTPTTIAHPAYAFFSGKAFNRNRAKSEKIEIDISHENLKSGKLCADRQWKQIVSIYDAMEGGCNLFNIDDLIAENSKEEFEQLFLCQFADDNSSAFKFSDLQLCQVDSLEEWHDYKPFYQRPFGNREVWLGYDPAFTGDRAALVIVAPPKVEGGDYRVLHKQTFHGMDYETQASRIKQFCDDYNVTRIVIDKTGMGSGVYQEVRKFYPMAQGLEYNADLKNEMVLKTQNLIQKRRLKFDSGDNDIVSSFMTVKKRITGTGKITYVSDRSEDASHGDLSWAIMNCILNVPYGLGGDVSSNKSTIFTFE,length1,1779
1,277812,275766,2046,MTTQPRKILVTCALPYANGAIHLGHMLEHIQADIWVRFQRMRGNKIHFVCADDAHGTPIMLNADKLGITPEELIAKAKADHIRDFAGFNISFDNYHSTHSEENKQLTAEIYNKLKANGFIKSKVISQLFDPEKNMFLPDRFVKGTCPKCKAEDQYGDNCEVCASTYSPMDLINPRSAVSGTTPIVKESEHFFFDLPAFEGMLKEWTRSGSLQPEIANKMQEWFESGLQQWDISRDAPYFGFEIPGAKDKFFYVWLDAPIGYMASFKNLCEREGIDFNEFWAEGSDAELYHFIGKDIVYFHSLFWPAMLEGSGYRKPTNVFAHGYVTVDGAKMSKSRGTFIQASTYLNHIDPECLRYYYAAKLNDRIEDLDFNLEDFVQRVNTDIVNKLVNLASRNAGFIAKRFEGKLADKLEDESLFAEFTAQAEQIAAYYESREYNKAIREIMALTDKANKYIDEKAPWVIAKEEGKEAELQAVCSMGIELFRVLMSYLKPVLPKLAERAEAFLQAELRWDNIHQPLLGHTLAPFKALFSRLEKKQIDAVVEETKALFAAANKAAEKTEAKPTALSAVEPIAETITIDDFAKLDMRVAKVLKCEAVPESNKLLRFELDLGDHTRQVFSGIKAAYNKPEELEGRFVIMVANLAPRKMKFGVSEGMILSAGTGGSDLFLLSADNGVTAGMQVK,length1,2046
1,283014,281253,1761,MTEQTFILGKDAALEDSIAKFQQKLTALGFNIEEASWLNPVPNVWSVHIRDKDCPQCFSNGKGASKKAALASALGEYFERLSTNYFFADFYLGQEIANGDFVHYPNEKWFPIEDDALLPNGILDDYLLDYFDPNAELTPELLIDLQSGNYDRGIVAMPYVRQSDEQTVYIPQSIIANLYVSNGMSAGNTKFEARVQGLSEVFERYVKNKIIAEAISLPEIPKSVMDRYPSIQASIAKLEEEGFPIYAFDASLGGKYPVICVVLLNPNNGTCFASFGAHPNFQVALERTVTELLQGRSLKDLDVFSPPSFNNDDVAEHANLETHFIDSSGLISWDLFKETPDYEFADWDFSGTTQEEYNNLMAIFRADEKEVYVMDYNHLDVYACRIIVPGMSDIYPADDLIYANNNMGMDWREILLDLPNWHHDAETYQKLLEELDGQDIDDATRVREFIGIVAPKNSSWTTLRVGELKSMLHLALGELEQALDWANWTLNMNSSVFTTEPVNYYRALISIIELHLDQNREPAQYRSVFEKMYGKDAVKQAWAAVSEGGNPFYNLPASDENLKNFKEHQALLGAYGKLQKAKRAHQK,length1,1761
1,305307,303270,2037,MSEKINTKPFILHSDFRPSGDQPQAIEKLAENLTDGLAHQTLLGVTGSGKTFTIANVIAQLNRPAMLLAPNKTLAAQLYAEMKAFFPENAVEYFVSYYDYYQPEAYVPSSDTFIEKDASINDQIEQMRLSATKSFLERRDTIVVASVSAIYGLGDPDSYLQMMLHLQQGAIIDQRQILAKLAELQYTRNDQAFQRGTFRVRGEIIDIFPAESDDRAVRIELFDDEIERLSLFDPLTGSSFGAVPRFTIYPKTHYVTPRERILDAIENIKKELVSRREYFIKEHKLLEEQRISQRTQFDIEMMNELGYCSGIENYSRYLSGRNEGEPPPTLFDYMPSDAILIIDESHVTVPQIGGMYRGDRSRKETLVEYGFRLPSALDNRPLRFEEFERLAPQTIYVSATPGPYELEKSGSEIIDQVVRPTGLLDPLIEIRPVSIQVDDLLSEARQRADKNERVLVTTLTKKMAEDLTDYLDEHGIRVRYLHSDIDTVERVEIIRDLRLGEFDVLVGINLLREGLDIPEVSLVAILDADKEGFLRSERSLIQTIGRAARNLNGKAILYADNITKSMEKAITETNRRREKQTKYNEEHGIVPQALNKKVGELLDIGQGANQKAKANKQRGKMSAEPTALYNAPKNAKEYQQQIKKLEQQMYKFAQDLEFEKAAAIRDQLHQLREQFVFDN,length1,2037
1,320361,318921,1440,MKKSKIAAGVVISLAAVWCAGAWFTGKKAEEEYLHQLKQLNQLFTKTEALEESKIFYKNIKFERGLFASHIQDQIEIHKANETIIIPLSSTLYHGPLPLDRVAKLNFVPAIFSSQTLLGKNATTQAFFDITESEKPLQLNFAMNYSLSGNAELKLASGQYHNEQSKTDFDWSNVVLNIDLNQNTPNNYVLSVDTFNSNAPNHAVSTASSIKIKDLVVQGSLQSTKWPFIYSGNINSKIGYFEQNTESPETGEKFSLIQKNSQANLTTQVEGDTVNIINKTNLDELHINGNNLGKVTNNVEFNHIDGNALQELLNILVAIGKADSDMPLSKTLVQKLQQAGMIIANNQPQIKFTPLSISDEKGKVALDLNIALVPNPKFDLMRSGLYKQFKDFSINFDVNKETAISLLSKFVPENQKQDFVHRLNELVTEGEVNDIIVNTDKTVTLTLALENNDLKLNGKPIPEEQLKVVLFILVMGGFGR,length1,1440
1,327234,325812,1422,MSKEIKTQVVVLGAGPAGYSAAFRCADLGLETVIVERYSTLGGVCLNVGCIPSKALLHVAKVIEEAKHANKNGIYFSEPRIELDEVRAGKEAVVAKLTGGLAGMAKARKVTVVEGLATFTDSHTLVARDRDGNPTTVKFDNAIIAAGSRPVQLPFIPHEDPRIWDSTDALKLKEVPKKLLIMGGGIIGLEMGTVYNALGSEVEVVEMFDQVIPAADKDVVGIYTKQVEKKFKLMLETKVTAVEAKDDGIYVSMEGKACNDTKRYDAVLVAIGRVPNGKLIDAGKAGVEVDDRGFIHVDKQMRTNVPHIYAIGDIVGQPMLAHKGVHEGHVAAEVIAGQKHYFDPKVIPSIAYTEPEVAWVGKTEKECKQEGLNYEVAKFPWAASGRAIASECSEGMTKLIFDKDTHRVLGGAIVGSNGGELLGEIGLAIEMGCDAEDIALTIHAHPTLHESVGLAAEVFEGSITDLPNAKAKKK,length1,1422
1,368940,366297,2643,MTEKNNSSSIEEKYQEITANLRKTKRISPFWLLPFIALCIGAILFFQIVKERGTSITITFANGSGIVADKTQIRYQGLQIGIVKEVHFTDNLQKVEVIANINPEASNILREDTKFWLVQPNVSLAGISGLDSLVSGNYITLQPGDGDREDEFIAEEQGPIAQVSAGDLLIHLISDDLGSISIGASVYFKKLPVGKIYDYRINKNNKVEIDVVIDKAYAKFVKKDSRFWNISGINANISPSGLNLNVESLNAVVQGAVSFDSPADSPKADENSHFTLYTNLKAAKRGIEIKITIPASTALIAGQTEVYSQDNAIGILAKLSAVENNDEILEGSLLIDPNQASLFKANSKIVLRNKKMDLGNLAEPKKFFRDEYFDVIAGDGETKHQFNVIKENELLLNAPNTLVLTLTAPENYGVSEGQNVFYNNMIIGQIVSQTIDVNGVQFKAAIASEYRNLIHEDTQFVAATNFDISIGLDGLRFESATPEKWLQGGVRVLTKQAQGKAKTSYPLYQNISNAEHGITGDILTPTITLHTQTLPSIDKGSLVLYRQFEVGKILSIKPKTNSFDVEIYIYPAYQHLLTNKSRFWVESAAKIDVTPKGISIQATPLARSLKGAISFDNGGSGNNRTLYANESYAKSIGFVITLITDDATNLSKGMNLRYLGLDVGQIDSIQLDAKAKRITAKALINPNYMNIIAKEGSHFTIISPQISAGGIDNLDSLLQSYIDIEIGNGNTKTQFNLAQTAPQRNKFSNGTPFILETRDAMNLSEGSPILYRGVEVGTVKKFELNSLGDRVLVHITIMPKYSHLVRQNTEFWIASGYDFSLGWKGAVFNTGSVQQLLKGGISFSTPAEKEIQPQAQPNKRFLLQINRPEEVQTWGSGALSK,length1,2643
1,415578,414282,1296,MGKSVVILGAQWGDEGKGKIVDLLTDRVKYVVRYQGGHNAGHTLIINGEKTVLRLIPSGMLHPNVTCLIGNGVVVSPEALMKEMGELESRGIKVRERLLISEACPLILPYHVAMDHAREAALGKKAIGTTGRGIGPAYEDKVARRGLRVGDLFNKEAFAEKLKNILEYYNFQLVNYYKVEPVDYQKTLDDVMAIADVITGMVADITTILDTARKNGEHILFEGAQGTMLDIDHGTYPYVTSSNTTAGGVATGSGFGPRNLDYVLGIIKAYCTRVGGGPFTTELFDDVGAEIARKGNEFGAVTGRPRRCGWFDAVAIRRAIQLNSISGFCMTKLDVLDGFDEVKICVAYKMPNGEIVEYAPLAAKDWEGVEPIYETLPGWKENTFRITDVNKLPQNCINYIKRIEEVTGVPIDILSTGPDRVETMILRDPFAA,length1,1296
1,435789,433059,2730,MKKAIKLNLITLGLINTIGMTITQALAEETLGQIDVVEKVISNDKKPFTEAKAKSTRENVFKETQTIDQVIRSIPGAFTQQDKGSGVVSVNIRGENGLGRVNTMVDGVTQTFYSTALDSGQSGGSSQFGAAIDPNFIAGVDVNKSNFSGASGINALAGSANFRTLSVNDVITDDKPFGIILKGMTGSNATKSNFMTTAAGRKWLDNGGYVGVVYGYSQREVSQDYRIGGGERLASLGQDILAKEKEAYFRNAGYVLNPAGQWTPDLSKNHWSCNHPSPYLADKTYAPNNKCPRIYTNKEKMDILEKLYKEQKNPSEITELQKDITKTDESFERNKDQYSVAPIEPGSLQSRSRSHLLKFEYSDDHHTLGAQIRTLDNKIGSRKIENRNYQVNYNFNNNSYLDLNLMAAHNIGKTIYPKGGFFAGWQVADKLITKNVANIVDINNSHTFLLPKEIDLKTTLGFNYFTNEYSKNRFPEELSLFYDDPSHDRGNYSNLGRLKGARGLLPQRSVILQPSGKQKFKTVYFDTALSKGIYHLNYSVNFTHYAFNGEYVGYNNTTLEEPILHKSGHKKAFNHSATLSAELSDYFMPFFTYSRTHRMPNIQEMFFSQVSDAGVNTALKPEQSDTYQLGFNTYKKGLFTQDDVLGIKLVGYRSFIKNYIHNVYGVWWRDGKVPAWADTNGFRFNIAHQNYQPIVKKSGAELELNYDMGRFFANVSYAYQRTNQPTNYADASPRPNNASKEDILKQGYGLSRVSMLPKDYGRLELGTRWFDKKLTLGMAARYYGKSKRATIEEEYINGSHYEKNTSGQRTYYAVKKTEEIKKQPIILDLHVSYEPIKDLIIKAEVQNLLDKRYVDPLDAGNDAASQRYYSSLNDSICSKSDACEDGVKDKSVLYNFARGRTYILSLNYKF,length1,2730
1,466629,464448,2181,MMDISELLDGLNDKQREAVAAPLGNHLVLAGAGSGKTRVLTHRIAWLIAVENISEGSIMAVTFTNKAAAEMRHRIQSTLAKHAQHQLVGMWIGTFHSIAHRLLRAHHLDVGLPQDFQILDSEDQLRLIKRLLKLHNFDEKAFPPKQACWYINNKKDEGLRPNDIEDFNDRQEREWIKIYQIYQDTCDRAGLVDFAELLIRVYELFEKKPLILQRYQQRFQHILVDEFQDTNKIQYKWIKILSGKTGKVMIVGDDDQSIYGWRGAQIENIQKFLKDFKAETIRLEQNYRSTANILNSANELIANNSDRLGKNLWTEGEKGDPVGIYAAFNELDEAKFVASQIQDWVEHGGKLDDCAVLYRSNSQSRVIEEALIRCQIPYRIYGGMRFFERQEIKDALAYLRLINNRQDDAAFERVINTPTRGIGDRTLDILRNLTRERQITLWQAVQVATQENMLAGRASTALLRFQELINSLQLDTAEMPLFAQTDFVIKHSGLYEMYQQEKGEKGEVRIENLEELVTATREFIKPDNAEEMTELTAFLTHASLEAGEEQASPHQSCVEMMTLHSAKGLEFPRVFMVGVEEGLFPSFRSFEEPGRLEEERRLAYVGITRAQKKLTISYAESRRLYAKEERHLPSRFIAELPRECIQEIRLRGTVTRAMNLAKVGSLSNTSAVENEWKMGQKVKHEKFGFGTVINVEGSENNTRLQIAFQAQGIKWLIAHLAKLEKVR,length1,2181
1,488430,485349,3081,MLPSLNRIPQIEQYVLDYLNDLQRQHFEGDIATNYADRLSLATDNSVYQQLPQAILFPKNVADIVRITKLANLPEYQSISFTPRGGGTGTNGQSINNNIIVDLSRHMTAILELNVKERWVRVQAGVVKDQLNQFLKPHGLFFSPELSTSNRATLGGMINTDASGQGSLQYGKTSNHVLALRSVLMNGEILDTSAVNSVDVLENIDALELSENNKKLHQTIAQHCKEKRAAIIKDLPQLNRFLTGYDLKNVFNEDESEFNLTRILTGSEGSLAFICEAKLNLLPIPQCRMLINIKYRSFDAALRNAPFMVKANALSVETVDSKVLNLAKQDIIWHSVNELLTEDEADPILGLNIVEFAGNNKEKIDRQVTDLCRSLDEKIEHNQDHIIGYQVCSDLPSIERIYAMRKKAVGLLGNAKGAAKPIPFVEDTCVPPENLADYISEFRALLDQHNLQYGMFGHVDAGVLHVRPALDLCDKEQVKLFKQISDEVAELTIKYGGLLWGEHGKGVRSHYGEKFFTPELWHELRYIKTLFDPNNRLNPGKICTPLDSKDELYSILSPMRADKDRQIPIQIRDEFKGAMNCNGNGLCFNFDEHSIMCPSMKVSKNRVFSPKGRAAMVREWLRLMANENVSPEQLDFRKTEIKLTALVKRLRNTVQKWRGNYDFSHEVKATMDTCLACKACASQCPIKIDVPSFRAKFFHFYHSRYLRPAKDHIVANLEIAAPYMAKQAKFFNYFTKLKVTQTLVEKTLGMTDLPLLSEPNLQQQLVEIHYQGKSLEELEGLSAVEKNDILFIVQDPYTSYYDAKVVRDFVMLTQELGFTPILLPFKPNGKAMHIKGFLKRFSKTAKTQAEFLNRMAKLGIPLVGVDPAIVLSYRDEYKEALQEKRGDFHVLTAHEWLKQRLQNADLQEKLKNIAKTDRTFDWYLFPHCTESTFMPNSPKEWQEIFGRFGQQLNVEKVGCCGMAGVFGHEVQNQKMSREIYDVSWHKKLHEKDPHFCLATGYSCRSQVKRYEHVVLKHPVQALLEILA,length1,3081
1,493626,491868,1758,MNKLRQKYLQKWLRAQQEPIKKLMRANIVLATLSSFILVAQTYFLATLLDKLIMQNVPRDELIPYFLGLIIGFGMRAIILWAREKIGFQSGQLLRNHIRQKILDKIHLVGPATINQKPAGSWASIMLEQVENLHNFYARFLPQQSLSAIVPVVIFIAVFPLNWAAGLILMITAPLVPLFMIIVGIAAADNSQKNMDTLSRLSAQFLDRLRGLETLRLFNRTSEQTEHIENATEDFRETTMDVLKLAFLSSAVLEFFTSISIALMAVYFGFSYLGQIEFGTYNAPLTLFTGFFCLILAPEFYQPLRDLGTYYHDRAAGIGAADAIVDFLESDYLTVHQNEKTISLESAVEISAENLVVLSTQGSALTKPLNFQIPANHNVALVGQSGAGKTSLINAILGFLPYEGSLKINGQELRESNLADWRKHIAWVGQNPLLLQGTIKENLLLGNIQANDEEINQALMRSQAKEFTDKLGLHHEIKDGGLGISVGQAQRLAIARALLRKGDLLLLDEPTASLDAQSENLVLQALNEASQHQTTLMITHRIEDLKQCDQIFVMQRGEIVQQGKFTELQHQGFFAELLAQRQQDIQ,length1,1758
1,544407,543003,1404,MKTTHRTRMPTTLEAFSPIIVMLLLLGLGYALFDLPAEPLMIISTVFAGFLVIKLGHCYLDILDAISEKIAKTMPALLILITVGLLIGTWISGGTIPMMIYYGLKAISPEYLYVTALFLTAIVSICTGTSWGSAGTVGVAFMGVAIGLDANLAATAGAVVAGAYFGDKLSPLSDTTNIASAAAGVDLYEHIVHLLYTTLPSFILSATVYVVYGLNYDFSNVATPEKVNTMIHELEQVYHFNFLLLIPVAIVLWGSITKKPTIPVMLLSAFIAIINAILIQKFSLSDVINSAVNGFDTSMIHHTSVSSDLSRLLNRGGMNSMMGTLLICFCALSFAGVLQLSGALTVIIQKLLTFVHSTLSLIITTILCGLTMIGVTCNGQISILIPGEMLKNAYVEKGLHPKNLSRTAEDSATIIEPILPWTAAGAYMAGTLGVATLSYLPWAILCWSGIIFAIIYGASGIGIAKLKK,length1,1404
1,582618,581004,1614,MKIYLRFVWILIIILNFLLNLFITTNGVIIVNAFKKSLIVAASFASLSLFNSATAELVYKPLEQPVEPAKPDLKIESVNEKFAEKYPNQYNSWRSTANGNGEKIIYADEEDPRLIVLWGGYAFAKEYNAPRGHFYAVTDVRNILRTGAPKTANDGPQAMACWTCKGPDVPRLIAEWGEKDYFNAKWAKGGPEIVNSIGCADCHDTTSKDFAEGKPALRIARPHVLRALDALEKATAAKDKAEGRPHNNLSFNSAARTEKRAEICANCHVEYYFAGDIKQVTFPWDNGQTADDIEKYYDDIGFTDWTHSLSKAPMLKAQHPDFEIWSLGMHGKNGVTCVDCHMPKVQGADGKVYTDHQIQNPFDAFDHTCANCHDQSKEKLRDIVTSRKKEVKDVMGRLEDQVVKAHFEAKAAWDAGATKEEMEAALMDIRHAQWRWDYTAASHGGHMHAPEVVLRVLASGLDKVADARTKLAVILTKHGVKTPVQIPDISTADKAWKVMGIDIEKERKAKEEFLKTVVPQWEQQAREKGLLVDPPTQK,length1,1614
1,587631,586062,1569,MMNTKKTSQILPALFAVICAAFAGYFILIGSGMFTEPSVALILLATITILLLSSSKKSFYFILLPLTLLHAFYTPTGLNFGPPSYQYIASLFATDILETKEFLLQIPVSSYLIAFAIPILIFLQYKSAVKFGIKFYRNKTFIALATLLFAYNMPLAEPIKETVSSTLKIVDEVQKLKQISQSDNWGKSTLENSRYDDYVIVLGESARKDYHHAYGYPIENTPFMSNAKGTLIDGFRSAGTNTVASLRLMLTFPDKEKWEPNYSLSLVDLIKSAGVKTYWLSNQGMIGKFDTPVSSLASKSDETFFLKKGGSFNSTNFSDFDLLPKFAQVLENSVQGKRFIVLHIYGSHPMACDRIEDYPKIFDDKDLNPKYGYLNCYVSSIKKTDEFLKRVYDQLEENAKKNHRTFSMIYFSDHGLCHQQDEKNNILLFNQNCFSREHHNIPLFKISSDDMERKEYKVFKSGLNFLEGIANWIGIQNPQLTQTEDLFSNESDKNDFGLQKRIDEKYRKDDDPAIDIRPKHGAY,length1,1569
1,599289,597447,1842,MFNKIFSWFENRLNPYPESNPTTPKKGLFRFIWSSITGMKGWIFLLAILTVGTGVMEAVLFQFMGTLVDWLGTFTPERLWQEKSHLLIGMAALLLISIVWGFLASAVHLQTLQGVFPMRLRWNFHRLMLGQSLSFYQDEFAGRVSAKVMQTALAVRDTVLTLADMFVYVLVYFITSGVVLVALDSWFLLPFITWIILFGLILRTLIPKLSKTAQRQADARSLMTGRITDAYSNIATVKLFSHGSREATYAKRSMQDFMVTVHAQMRLATSLDTLTYATNILLTLSTAILGIILWKNGQVGVGAIATATAMALRVNGLSRWIMWESARLFENIGTVNDGMNTLTKPHTIVDKPQASPLQVKQGEIKFNDITFAYDPTKPLLNHFNLTIKPGEKVGLIGRSGAGKSTIVNLLLRFYEAQQGEITIDGQNVLNVQQESLRRQIGLVTQDTSLLHRSVRDNIIYGRPNATDEEMVLAAERAEAADFIPFLSDSQGRKGYDAHVGERGVKLSGGQRQRIAIARVMLKDAPILLLDEATSALDSEVEVAIQESLDKMMENKTVIAIAHRLSTIAAMDRLIVLDKGQIVEQGTHAELLELNGLYAKLWNHQSGGFLSGSAE,length1,1842
1,609741,608163,1578,MEIIKMDSSSILELEHHDAKAFFLKHESYCNIDLPRYFSFTNLLQKISEELSDKSLLNFDRNTHNNANQRPDIANNEMVNHLIYANKDGKLSWRPLQIIHPLVYVDLVHKITKKDNWEKLKKRFKEYQNNPQIECLSIPVKSNSQLKDKAKQILKWWESVEQESICLSLEYEYVFDTDVADCYSSIYTHSIAWAIEGKDIAKKNHRLTLLGNSIDKKIQNCQYGQTNGIPQGSILMDFIAEMILGYIDILLSEELKNKGISEYKILRYRDDYKIFVKNHSDGENILKYLSEIMMSFGLKLNSSKTKGSQDIVTQSIKKDKLAWLKIANNTKNLQKKSLIIRQHSIEYPNSGSLNSALNEFDQAIEKENKQKIYLSLEELINSLNTSNNSIEKLSSNTKQVISIIADIAYCNPKVIPVCCSIISKLFTKLEDSEPIKRLVYNKLIRMPNSGFAQIWMQRMLKSDLNNFNFSEKMCNLYKGEISLWNNDWIICSNMLSILKDTPVFQQDEFSQLSNTMSNDEVYIFDY,length1,1578
1,671412,669882,1530,MTLLSRVLGLVRDVVIAHLIGAGAAADVFLFANRIPNFLRRLFAEGAFSQAFVPVLAEYQQSGDMNKTREFIGKVSGTLGGLVSIVTILAMVGSPVVAALFGMGWFTDWMNDGPDAHKFEQASLLLKITFPYLWFVTFVAFSGSVLNTIGKFGVMSFSPVLLNIAMIATALFLAPQMDNPDLALAIGIFLGGLLQFLFQIPFMKQAGLLVKPKWAWRDEGVTKIRKLMIPALFGVSVSQINLLLDTVIASFLMTGSISWLYYSDRLLEFPLGLFGIAISTVILPTLARHHVNREGDSDKSAVDFRNTMDWGVRMILLLGVPAAIGIAVLAQPMLLTLFMRGNFMLNDVYAASYSLWAFNAGLLSFMLIKILANGYYARQDTKTPVKIGIIAMVSNMGFNLLAIPFSYVGLAIASAMSATLNAYLLYRGLAKADVYHFSRKSAVFFVKVLLAAITMGAAVWYYVPEINQWAKMDFFMRVYWLVWLIVLAAIVYGTTLILLGVRKHHLLTKN,length1,1530
1,685116,683754,1362,MTMITPVQAILASNQHFLDRQDAMESNVRSYPRKLPFAYAKAQGCWVTDVEGNEYLDFLAGAGTLALGHNHPVLMQAIKDVLDSGLPLHTLDLTTPLKDAFSEELLSFFPKDKYILQFTGPSGADANEAAIKLAKTYTGRGNIIAFSGGFHGMTQGALALTGNLGAKNAVENLMPGVQFMPYPHEYRCPFGIGGEAGAKAVEHYFENFIEDVESGVVKPAAVILEAIQGEGGVVPAPISFLQKVREVTQKHGILMIVDEVQAGFCRSGRMFAFEHAGIEPDIIVMSKAVGGSLPLAVLAIRKEFDAWQPAGHTGTFRGNQLAMATGYASLKIMRDENLAQNAQERGEYLTNALRELSKEYPCIGNVRGRGLMMGIDIVDERQAKDAIGAYPRDCELAAAIQKACFKNKLLLERGGRGGNVVRVLCAVNINQSECEEFIKRFKQSVVDALKVVRS,length1,1362
1,721317,719988,1329,MSFLWSLGSFIIAIAVLVSVHEYGHFWAARKCGIKVHRFSIGFGKVIWKRIDKYGTEFAVSMIPLGGYVKMLDGRNEVVPAEQKSQAFDSKSVLQRSFVIIAGPLANFIFAIFAYWVIYLYGMPTVKPVIESITPNSIAAQAHIEPNTQILTIDGEETQDWETINMLLATKMGEPNVEISLSPFNSNIEQQRTLNLTNWIFDPEKESAFEALGIMPMRPQVEMVLSKVVQNSPAEKAGLQIGDKILKENLTALPWQDFIKQVEQGETFTIKIERNGETFDKILTPVRNQNGKWFVGVSPTLTKLADEYRTELKYGILESLQKGIEKTGQLSLLTLKILGKLLTGDLSLNNLSGPISIAKGAGASANIGLVYFLSFMALISVNLGIMNLFPLPVLDGGHLVFLTMEAVKGKPVSERVQSICYRIGAALLLSLTVFALFNDFLRL,length1,1329
1,742611,741081,1530,MDNSAKKFPPIQGGALILLTLALSLATFMQVLDSTIANVAIPTIAGDLGASFSQGTWVITSFGVANAISIPITGWLAKRFGEVRLFLVSTFLFVVSSWLCGIADSLEALIIYRVIQGAVAGPVIPLSQSLLLNNYPPEKRGMALAFWSMTIVVAPIFGPILGGWISDNIHWGWIFFINVPIGLLVVLISWKILGNRESEIVHQPIDKVGLVLLVLGVGCLQLMLDQGREQDWFNSNEIIILAVVAVVCLIALVIWELTDDNPVVDISLFHSRNFSVGCLCTSLAFLIYLGSVVLIPLLLQQVFHYTATWAGLAASPVGLFPILLSPIIGRFGYKIDMRILVTISFIVYAITFYWRAVTFEPSMTFVDVALPQLVQGLAVSCFFMPLTTITLSGLPAHKMASASSLFNFLRTLAGSVGTSLTTFMWYNREAVHHTQLTEHINPYNPISQSFYHQMNQFGLSDTQTSAYLAQQITSQGFIIGANEIFWLSAMGFLGLLIVIWFAKPPFGTRH,length1,1530
1,778752,776406,2346,MTKKRKNLISQDPHYKRELEKYGNPIPSREFILSVIRDNNAPMNRDEILTALSIRNEEQIEAMRRRLRAMENDGQLVFTKRKRYALPEKLDLFKGTVIGHREGFGFLQVDGKKDDLFIPNHQMQRVMHGDFVLAQLAGLDRRGRREVRIVRVLESRKKQIVGRFFLENGFGYVVPDDSRIGRDILVPNEHRNGARMGQVVVVELQERSASFNQPIGVITEILGDNMAKGMEVEIALRNHDIPHKFPSAVEKYVKKFTEEVPEEAKKGRVDLRNLPLVTIDGEDARDFDDAVYCEKHGKGWKLWVAIADVSYYVRLRSALDVEAHNRGNSVYFPNRVVPMLPEILSNGLCSLNPQVDRLCMVCEMQISAKGKLTDYRFYEAVMNSHARLTYTKVAKMLEGDEELRTRYSTLVPHLEELYKLYQALLGARHQRGAIDFETIETKFIFNAMGRIERIEPVVRNDAHKIIEECMILANIAAANFMEKHKEPALYRIHATPSKEKLTSFRAFLGEFGLTLEGGLKPTTKDYATLLEQVKERSDHELIQTMLLRSLSQAVYHADNIGHFGLALEEYAHFTSPIRRYPDLTLHRGIKYLLAKEQGAKRKTTDTGGYHYSFDEMDLLGNHCSMTERRADDATREVADWLKCEYMQDHVGGEFSGVISSVTGFGLFVRLDDLFIDGLVHISTLENDYYQFDAAKQRLIGENSRMQYRLGNKVRIKVEAVHLENKMVDFSLMGSERKPRRAGKTAKEKAKKVFKELPSKTSQKRKSAVKKKDVLKKASRKRK,length1,2346
1,805227,803553,1674,MRSHTVAAEGGAAAVIKEEDSYDKHFQDTVAGGDWLCEQDVVEYFVQHSPVEMTQLERWGCPWSRKADGDVNVRRFGGMKIERTWFAADKTGFHLLHTLFQTSIQYPQIQRFDEHFVLDILVDDDHARGMVAMNMMEGSLVQINANAVVIATGGGCRAFKFNTNGGIVTGDGLSMAYRHGVPLRDMEFVQYHPTGLPNTGILMTEGCRGEGGILVNKDGYRYLQDYGLGPETPIGKPQNKYMELGPRDKVSQAFWQEWKKGNTLKTAKGVDVVHLDLRHLGEKYLHERLPFICELASAYEGVNPVNEPIPVRPVVHYTMGGIEVDFNSETRIKGLFAVGECASSGLHGANRLGSNSLAELVVLGRVAGEYAAQRAVEAQSVNQSAVDAQAKDVVARLEALHKQEGNESWSEIRDEMGTVMEEGCGIYRDQASMQKAVDKIAELKERYKRIRVSDNSSVFNTDVLYTVELGYILDVAQSIANSAIERKESRGAHQRLDYTERDDVNYLKHTLAFYNENGAPRIEYSPVKITKSQPAKRVYGAEAEAQEAAAKAKEQANG,length1,1674
1,822255,820965,1290,MELTYMAKLPKEEFEERRTRVFAQMQPNSALLLFSEIEKRRNNDCTYPFRQDSYFWYLTGFNEPNAALLLLKTEQVEKAIIFLRPRDPLLETWNGRRLGVERAPQQLNVNEAYSIEEFATVLPKILKNLTALYHVPEIHTWGDTLVSESAVNFSEILDWRPMLSEMRLIKSPNEIRLIQQAGQITALGHIKAMQTTRPNRFEYEIESDILHEFNRHCARFPSYNSIVAGGNNACILHYTENDRPLNDGDLVLIDAGCEFAMYAGDITRTFPVNGKFSQPQREIYELVLKAQKRAIELLIPGNSIKQANDEVIRIKTQGLVDLGILKGDVDTLIEQQAYLQFYMHGLGHWLGLDVHDVGSYGQDKQRILEIGMVITVEPGIYISEDADVPEQYKGIGVRIEDNLLMTEYGNKILTAAAPKEIADIENLMNF,length1,1290
1,825594,822972,2622,MKTTAEIRQSFLDFFHSKGHQVVESSSLVPENDPTLLFTNAGMNQFKDVFLGMDKRPYSRATTAQRCVRAGGKHNDLENVGYTARHHTFFEMLGNFSFGDYFKQDAINFAWEYLTSPQWLGLPKEKLWVTVYETDDEAYNIWNKDVGVPAERIIRIGDNKGSPYASDNFWAMGDTGPCGPCTEIFYDHGDHIWGGPPGSPEEDGDRYIEIWNVVFMQFNRLADGTMEKLPRPSVDTGMGLERISAVLQHVNSNYEIDIFKTLIAKTAEIVGATDLTNKSLRVIADHIRSCAYLIADGVIPSNEGRGYVLRRIIRRAVRHGHLLGAKESFFYKLVPTLIEVMAEAGKDVKAKQTNVEKLLRLEEEQFARTLERGLSLLDEALSQVKDGILSGEVAFKLYDTYGFPLDLTADVCRERNITIDEQAFDREMEAQRTRAQAASQFGVDYNSVIRVDGETKFEGYTEVESQAKITALFYDGKSVESIEVGQSAVVILENTPFYAESGGQIGDSGYLSTQGVTFNVKDTQKYGQVFGHIGELTQGSLKVGQSVNAIVDAKRRHNTSLNHSATHLLHAALRQILGLHVVQKGSLVSDKALRFDFAQPEAITKEQLSEIETLVNQKIRANFPVQTDIMDIDSAKAKGAMALFGEKYGDKVRVLTMGDFSIELCGGIHAKRTGDIGLFKIITENAVAAGIRRIEAVTGQNAIDWLHNQQRILTQSADLLKSDVNTLVEKIQQLQDKTKKVEKELQGLKEKAAMQAGSDFVKSAVKINGVSVIAQQLDGIETKSLRVMVDDLKNQLGSGVIAFASILDEKVNLVVGVTNDLTAKIKAGELVNLMAQQVGGKGGGRPDMAMAGGSQPENVAQAIKVAQDWLNKNL,length1,2622
1,855639,854304,1335,MDEHGSAILGITSTGYRRAWRERYYGLLYDRTYLHRTNFYYWFIFLIEKELKMENVVIVSAVRTPIGSFNGALSSVSAVDLGAIVIQEAIKRANIESALVNEVIMGNVLQAGLGQNPARQAALKAGIEKEIPSLTINKVCGSGLKSVALGAQSIISGDADIVVVGGMENMSQAPYLLDSKVRQGVKMGNLTLRDTMIEDGLTCASNHYHMGITAENIAEQYGISRQAQDELALRSQTLASQAVQLGVFDKEIIPVMVKTRKGDIIVSRDEYPKADTTAEGLAKLKPAFKKEGTVTAGNASGINDGAAALILVSESKAHALGLKAIAKIRSYASGGVDPSVMGLGPVPATQKALKKAGINLDDIDLIEANEAFASQFLGVGKDLNLDMNKTNIHGGAIALGHPIGASGARILVTLLHNLIEKDKKLGLATLCIGGGQSISMIVERL,length1,1335
1,917709,915279,2430,MANFINMYRQLLSLPLSALVKNNPIPANPIEELSLNIHQPIVYVLPYTSQTDFVIFRRNCLALGLPDPAEKNEINGVKLPRYVYLDEGRRIFKSKGAKDETTTIFNKYLELHRTSESLDVQLIPVSVLWGRSPGQEDKSDLPNLRLLNGIQKTFAAIWFGRDTFVRFSQAVSLRYMVVEHGSDEKIAQKLARVAKMHFAKQRISATGPRLPNRQAMFNKLLQSEAIRRAIEDEAKSKNISIEKAQKEAYKILDEIAADVSHSSLRAVDRFLRWLWNKLYSGIDVQNSNRVRKLALEGHEIVYVPCHRSHIDYLLLSYVLYHQGLVPPHIAAGINLNFWPIGRMFRSWGAFFIRRTFKGNRLYSAIFREYLSELFHRGYSVEYFIEGGRSRTGRLLAPKTGMMSMTLQALQHSQTRPISIVPVYVGYEHVLEVDTYAKELRGAAKEKENAGLVLRVIKKLRNLGQGFVNFGEPITLSNYLSQHFPDWKEQNHEEKPQWFTPAVNNISKQVMININKAAAVNSMNLVGTALLSSRQRALSREQLLEQLSSYQQLLQNVPYSTDVVLPNVTPQAMLEHVLALDRIGVLIEKDNFGEIVRLERSSAVLMTYYRNNIQHLFVLPSLVASIILHYEAIQKDLLLDAIRKIYPFLQGELFLHFNEDELNVQIHQIINEFARQSVINSNDNFLSINKSKVRILQLWSAGTREILQRYYITVTILQKQPAISRAELEKESQLVAQRLSVLHGINAPEFFDKAVFSSFIANLKEQRYFDESGYTVLDKIEELASTLSHLISTEICLTVKGTIEKSEDLSS,length1,2430
1,938964,936618,2346,MNKKHTLISLAILTALYSQQSLADLHEQCLMGVPKFSGEVVTGDVNSLPVYIEADNAEINQPNDATYQGNVDLKQGNRHLLAQSVQVKQSGNQSTPLRMAYVRNGFDYKDNQINMLGKDAEFNLDSHDGNLTNSEYEFVGRQGRGKADNITLHNNYRVMKNATFTSCLHGDNAWAVDASEIRQYVKEEYAEMWHARFKIHGVPVFYTPYLQLPIGDRRRSGLLIPSAGTSNRDGLWYAQPIYWNIAPNYDLTFTPKYMSRRGWQANGEFRYLTSIGEGKVAGEYLGKDRYSEYASDNRKRHLFYWNHNSSFLQNWRLNINYTRVSDKRYFNDFDSIYGRSTDGYANQYARIAYYQPNYNFSLSAHQFQIFDDIVNIGPYRAVPQLDFNYHKYDLANGWLNFKLHSQAVRFDNDSKLMPTAWRFHAEPSLNSLMSNKYGSLNIETKLYATRYEQKKGSGKNAEDVQKTVNRVIPQFKVDLQSVLSRDITFLKEYTQTFEPHVQYLYRPYRNQSNIGSTLNNDYLGFGYDSALVQQDYYSLFRDRRYSGLDRISSANQVTLGGTTRFYDIAGEERFNLSAGQIYYLSNSRIDENPANKTPTSSSAWALESNWKISNKWYWRGSYQFDTHTNSTSLANTSLEYNPEKNNLIQLNYRYVNQEYIDQNLGKSANAYQQDIQQVGLVVGWEIANNWAVVGRYYQDLALQKPVEQYLGVQYNSCCWAASVGVKRNVTNHQNQTRNEIVYDNSIGITLELRGLGSNDHQSGIQEMLEKGKLPYIRAFSLD,length1,2346
1,968001,966717,1284,MNAKVLEKKFIVPFVLITSLFALWGFANDITNPMVAVFQTVMEIPASEAALVQLAFYGGYGTMAIPAALFASRYSYKAGILLGLALYAIGAFLFWPAAQYEIFNFFLVSLYILTFGLAFLETTANPYILAMGDPQTATRRLNFAQSFNPLGSITGMFVASQLVLTNLESDKRDAAGNLIFHTLSEAEKMSIRTHDLAEIRDPYIALGFVVVAVFIIIGLKKMPAVKVEESGQISFKSAISKLAKKAKYREGVIAQAFYVGVQIMCWTFIVQYAERLGFTKAEGQNFNIIAMAIFISSRFISTALMKYLKAEFMLMLFAIGGFLSILGVIFIDGVWGLYCLILTSGFMSLMFPTIYGIALYGLKEESTLGAAGLVMAIVGGALMPPLQGMIIDQGEVMGLPAVNFSFILPLICFVVIAIYGFRAWKILK,length1,1284
1,1032948,1031622,1326,MNKHNKGRIAMNFDVAIIGGGLAGLTCGIALQQCGKRCVIINNGQAAIDFASGSLDLLSRMPSTTYGENRAVENLKENITALRNELPAHPYSLLGAEKVLAKAQDFERLANELNLDLIGSTEKNHWRVTGLGSLRGAWLSPNSVPTVQGNEPFPHKRIAVLGIEGYHDFQPQLLAANLVLNPQFEHCEVTSGFLNIPQLDELRKNAREFRSVNISQLLEHKLAFNDLVKEIIESAQGAEAVFLPACFGLENQEFMTALRDATKLALFELPTLPPSLLGMRQRIQLRHKFESLGGLMINGDSALNATFEGNKVRCINTRLLENEEITADNFVLASGSFFSKGLISEFDKIYEPVFESDIIGVEGFNQKDRFTWTVHRFAHPQPYQSAGVAINAQCQVQKCGQFLTNLYAVGNVIGGFNALELGCGSGVAVVTALAVADEILAK,length1,1326
1,1056372,1053348,3024,MGLNMTNFRLNVLAYSVMLGLTAGIAYAAQPTNQPTNQPTNQPTNQPTNQPTNQPTNQPTNQPTNQPTNQPTNQDSNLSEQLEQINVSGSTENSDSKTPPKIAETVKTAKTLEREQANNIKDIVKYETGVTVVEAGRFGQSGFAIRGVDENRVAINIDGLRQAETLSSQGFKELFEGYGNFNNTRNGAEIETLKEVNITKGANSIKSGSGSLGGSVIYKTKDARDYLLNKDYYVSYKKGYATENNQSFNTLTLAGRYKKFDALVVTTRRNGHELENYDYKNADSLTQGKKREKADPYKIEQDSTLLKLSFNPTENHRFTLAADLYEHRSRGQDLSYTLKYQKTSPDLPEKESRHTNDKTKRRNISFSYENFSQTPFWDTLKITYSDQRIKTRARTDDYCDAGVRYCEGTANPAGLKLTNGKITRRDGSELQFKKSTSDTKKEHDDFRKLIDTNGQEIGDKLARKRSSETWYDCSIFNCEKDTKIQVFQGNKPYGYDGKLKEVELEKKEINGKTFAKIKEQGSYRNPIYSIFPDSPGYLDRLWQERDLDTNTQQLNLDLTKDFKTWRVEHNLQYGSSYNTTMKRMVNRAGNDATDVQWWATPKLGTETCEYVYNANLCPRVDPEFSFLLPIKTKEKSVYLFDNVVITDYLSFDLGYRYDNIHYQPKYKHGVTPKLPDDIVKGLFIPLKKGHNSNDEVKKNAQQNIDYIAKQNKKYKAHSYSFVSTIDPTSFLRLQLKYSKGFRAPTSDEMYFTFKHPDFTIFPNTNLKPEIAKTKEIAFTLHHDDWGFISTSLFKTNYRDFIDLVYKGEQTFSVGNQGGTQSFRTFQNINRDIAVVKGIEINSKVFLSKMAKFMDGFNLSYKYTYQKGRMNGNIPMNAIQPKTMVYGLGYDHPSQKFGFNFYATHVASKNPEDTYNMFYKEENKKDSTIKWRSKSYTILDLIGYVQPIKNLTIRAGVYNLTNRKYITWDSARSIRSFGTSNVIEQTTGLGINRFYAPGRNYKMSVQFEF,length1,3024
1,1131612,1129296,2316,MTMLNQQISQIIAAELTVQPQQILAAIQLLDDGNTIPFIARYRKEATGGLDDTQLRHFETRLIYLRELEDRRQTILKSIEEQGKLTDELRNKIHATQSKTELEDLYLPYKPKRRTKGQIAIEAGLEPLANLLWNEPKNDPESTALSFVDAEKGVADSKAALDGARYILMERFAEDAGLLAKVRDYLAKNAVIVSKVNEGKETEGAKFQDYFDHQELLKNVPSHRALAMFRGRNEGILQLSLNADPDAEEGSRQSYCEEIIRDYLDVRFTGLPADKWREQVIAWTWKIKVSLHLETELMASLREKAEEEAIDVFARNLTALLMAAPAGAKSTMGLDPGLRTGVKVAVVDNTGKLLDTTTIYPHTGREAEAQVAIFSLIRKHNVELIAIGNGTASRETERFAKDVIKEIKENKPQTVVVSEAGASVYSASEFAANEFPNLDVSLRGAVSIARRLQDPLAELVKIEPKAIGVGQYQHDVNQTQLARKLDAVVEDCVNAVGVDLNTASAPLLARVAGMTKTLAQNIVVYRDENGRFESRSELKKVPRLGPKAFEQCAGFMRIAEGKNPLDASGVHPEAYPVVEKILQATAQSIQDLMGNAGVVRQLDAKQFIDEQFGLPTVQDIFKELEKPGRDPRGEFKTAVFAEGVEEITDLKSGMILEGTVTNVTNFGAFVDIGVHQDGLVHISSLSDKFVEDPLQVVKTGNIVKVKVLEVDVLRKRIALTMRLDESAVKNDSKSDRTLSARPRGNMQREARNSRGNNAMGNAFADALKNWKK,length1,2316
1,1148613,1147161,1452,MSVKGDIGVIGLAVMGQNLILNMNDHGFKVVAYNRTTSKVDEFLQGAAKGTNIIGAYSLEDLTAKLEKPRKVMLMVRAGDVVDQFIDALLPHLEEGDIIIDGGNSNYPDTNRRVKALAEKGIRFIGSGVSGGEEGARHGPSIMPGGNQEAWQYVKPIFQAISAKTEQGEPCCDWVGGEGAGHFVKMVHNGIEYGDMQLICEAYQFLKEGLGLSYEEMQAIFAEWKNTELDSYLIDITTDILGYKDASGEPLVEKILDTAGQKGTGKWTGINALDFGIPLTLITESVFARCVSSFKDQRVAANQLFGKTITPVEGDKKVWIEAVRKALLASKIISYAQGFMLIREASEQFGWDINYGATALLWREGCIIRSRFLGNIRDAYEANPNLVFLGSDSYFKGILENALSDWRKVVAKSIEVGIPMPCMASAITFLDGYTSARLPANLLQAQRDYFGAHTYERTDKPRGEFFHTNWTGRGGNTASTTYDV,length1,1452
1,1158858,1157142,1716,MALTISRAQYVATYGPTVGDKVRLGDTNLWATIEQDLLTKGDECKFGGGKSVRDGMAQSGTATRDNPNVLDFVITNVMIIDAKLGIIKADIGIRDGRIVGIGQAGNPDTMDNVTPNMIIGASTEVHNGAHLIATAGGIDTHIHFICPQQAQHAIESGVTTLIGGGTGPADGTHATTCTPGAWYMERMFQAAEALPVNVGFFGKGNCSTLDPLREQIEAGALGLKIHEDWGATPAVIDSALKVADEMDIQVAIHTDTLNESGFLEDTMKAIDGRVIHTFHTEGAGGGHAPDIIKAAMYSNVLPASTNPTRPFTKNTIDEHLDMLMVCHHLDKRVPEDVAFADSRIRPETIAAEDILHDMGVFSIMSSDSQAMGRIGEVVIRTWQTADKMKMQRGELGNEGNDNFRIKRYIAKYTINPAIAHGIAEHIGSLEVGKIADIVLWKPMFFGVKPEVVIKKGFISYAKMGDPNASIPTPQPVFYRPMYGAQGLATAQTAVFFVSQAAEKADIREKFGLHKETIAVKGCRNVGKKDLVHNDVTPNITVDAERYEVRVDGELITCEPVDSVPLGQRYFLF,length1,1716
1,1219113,1217742,1371,MSAGKIVQIIGAVIDVEFPQDAVPKVYDALKVESGLTLEVQQQLGGGVVRCIALGTSDGLKRGLKVENTNNPIQVPVGTKTLGRIMNVLGEPIDEQGAIGEEERWAIHRSAPSYEEQSNSTELLETGIKVIDLICPFAKGGKVGLFGGAGVGKTVNMMELIRNIAIEHSGYSVFAGVGERTREGNDFYHEMKDSNVLDKVSLVYGQMNEPPGNRLRVALTGLTMAEKFRDEGRDVLFFVDNIYRYTLAGTEVSALLGRMPSAVGYQPTLAEEMGVLQERITSTKTGSITSVQAVYVPADDLTDPSPATTFAHLDSTVVLSRQIASLGIYPAVDPLDSTSRQLDPLVVGQEHYDVARGVQGILQRYKELKDIIAILGMDELSEEDKLVVARARKIERFLSQPFFVAEVFTGSPGKYVTLKDTIRGFKGILDGEYDHIPEQAFYMVGSIDEVLEKAKNM,length1,1371
1,1248510,1247013,1497,MLELSESNIHLNANAIDKQQAIEMAASALVQAGNVENGYLQGMLARELQTSTFLGNGIAIPHGTLDTRLMVKKTGVQVFQFPQGIEWGEGNIAYVVIGIAARSDEHLSLLRQLTHVLSDEDTAAKLAKITDVAEFCAILMGETIDPFEIPAANISLDVNTQSLLTLVAINAGQLQVQSAVENRFISEVINNAALPLGKGLWVTDSVVGNVKNALAFSRAKTIFSHNGKAVKGVITVSAVGDQINPTLARLLDDDVQTTLLNGNSTEILTALLGSSSDVETQSVEGAVVGTFTIRNEHGLHARPSANLVNEVKKFTSKITMQNLTRESEVVSAKSLMKIVALGVTQGHRLRFVAEGEDAKQAIESLGKAIANGLGENVSVVPPSEPDTIEIMGDQIHTPAVTEDDNLPANAIEAVFVIKNEQGLHARPSAILVNEVKKYNASVAVQNLDRNSQLVSAKSLMKIVALGVVKGTRLRFVATGEEAQQAIDGISAVIESGLGE,length1,1497
1,1292805,1291515,1290,MDLLSDIEKQLQKATAQGFLIALSGGLDSTVLLSLFAKLCQKQPHLPPLSVRAIHIHHGLSPNADSWAKHCQNLCDQFQIPLIIERVQVDKTNGIEAGAREARYQAIKKHLQIQEMLVTAHHLNDQTETFFLALKRGSGLQGLGAMQQQSALFGMPILRPLLGFTRPQLEDYAQKEKLNWITDESNKDNRFDRNFLRNEILPELRERWAYFDLAVQRSAQHCFEQQQLINDLLSEAFAEHCQIKNQFKLCLFRQYSPAKQTALLRMWLAENQLEMPSKRQLTQLINDVVFAKEEANPQFQLVNKVIRRYQDRLYLTKPFSDLTKCTLKLEQNTLSLPDDLGNLTVQENEDNLIFHWQDYSVTLEKTDLPISIRFGYSGKIKHHPKRPREDIKKIWQELSVPPWERNRIPLIFYGNKLKSAVGFFSVLKSS,length1,1290
1,1315083,1313802,1281,MKLLKRLVSVFAIVLAVGSNAFAGDEVRIVIDEGVDGARPIAVVPFVGSAPEDISKIVADDLRNSGKFNPIAVSQMPQRPTSAAEVNPEAWSNIGIDAIVIGQVVPSGNGYSITYQLIDTVGASGTPGAVLMQNSYTVTNKWLRYGAHTVSDEVFEKLTAIRGAFRTRIAYVVQKNGGSQPYEVRVADYDGYNQFIVNRSAQPIMSPAWSPDGQRLAYVSFENKKSQLVVQDLNSGARKVVASFQGHNGAPAFSPDGSRLAFASSRDGVLNIYVMGANGGTPTQLTSGAGNNTEPAWSPDGNSILFTSDRSGSPQVYRMDASGGSATAVGGRGSAQISADGKTLVMINGNNNVVKQDLTTGVSEVLSTSFLGESPSLSPNGIMIIYSSTQGLGKVLQLVSADGRFKASLPGSDGQVKFPAWSPYLTK,length1,1281
1,1341078,1339803,1275,MSNSLSSQIFTRKMLICAFTGFNSGLPLFVLSQMLPVWLTDKHLSIELIGAVTGVMLPYGLKFLWAPLLDRYFPSFLGRRRSWMLLSQVALLILLYIISLFDPLTQLGTVANIALLIAFFSATQDIVLDAYRREILSDHELGLGNTIHINAYRIAGLIPGGLSLYLAAIYPWETVFLWTALCMLAGIFMTLFLAKEPKINVQQSNQPFYQAFWIPLQEFFQRKGVIQAIGFLLFLFLYKFGDSFATTLQTKFIYDMGFSKEDIAIVVKSTALWSSILSGLAGGMIMLKLGINRALWLFGLVQMVTIGGFIWLSAFGHFDVITSAELWKLGVVIAAEYIGVGLGTAAFVAFMARESNPLYTATQLALFTSLSALPSKVLGILSGYVVGAVGYYQYFWFCLFLAIPGMLCLFWVAPWKQKNNKTSSV,length1,1275
1,1400613,1399248,1365,MISVFDMFKVGIGPSSSHTVGPMKAGKQFIDDLIKRNQFEQTAEIHVDVYGSLSMTGRGHSTDIAIIMGLAGYLPHNVDIDMISGFIEKVKQTALLPINVGQKIVKFDFENNLIFHRTFLKLHENGMTITALDENRTELYRQTYYSIGGGFIVDEAHFGKEEKNTVQVPYPYKNAEDILKHCSDNGLMLSTVMLENEIALNGKEAVSAHLENVWKTMQACIEHGIHTEGILPGPLRVPRRAASLYRALQANTNLSNDPMRVIDWVNMFALAVNEENAAGGRVVTAPTNGACGIIPAVLAYYEKFISPLTPEIIERYLLAAGMIGSLYKMNASISGAEVGCQGEVGVACSMAAAGLAEILGGNPLQVCIAAEIAMEHNLGLTCDPVGGQVQVPCIERNAIASVKAINASRMALRRTTNPRVSLDKVIETMYETGKDMNAKYRETSQGGLAVKIVCN,length1,1365
1,1453707,1451859,1848,MLNRYPLWKNLMVIFIVAIGILYSLPNIYGEDPAVQISGTRGQEANTSVLGQVQDVLKTNNLPTKSIVLENGSILARFTNTDDQLLAKDKIAERLGNNYTTALNLAPATPAWLSMFGANPMKWGLDLRGGVRFLMEVDMNAALVKRQEQLQDSLRGELRKEKIQYTAIKNTEHFGTLITLANVSQRAKAERIIRQLHPTLDITEPDADSINLGLSTAALNEARDLAIEQNLTILRKRVAELGVAEAVIQRQGAERIVIELPGVQDTARAKEILGATATLEFRIVNQNVTADAISRNMLPADSEVKYDRQGHPVALFKRAVLGGEHIINSSSGLDQHSSTPQVSVTLDSEGGEIMSQTTKKYYKKPMATLYVEYKDNGKKDENGKTILEKHEEVINVATIQGRFGSNFQITGVDSIAEAHNLSTLLKSGALIAPIQIVEERTIGPSLGAQNVEQGINASLWGLVAVIAFMLFYYKMFGVIASFALVINIVLLVGLMSILPGATLSMPGIAGIVLTLGMSVDANVLIFERIKEEIRNGRSIQQAINEGYNGAFTSIFDANLTTILTAIILYAVGTGPIQGFAITLSLGVAISMFTAITGTRALVNALYGGKQLKKLLI,length1,1848
1,1482756,1480917,1839,MHRFFYNDNNVLGDLMKNFKYFAQSYVDWVIRLGRLRFSLLGVMILAVLALCTQILFSLFIVHQISWVDIFRSVTFGLLTAPFVIYFFTLLVEKLEHSRLDLSSSVNRLENEVAERIAAQKKLSQALEKLEKNSRDKSTLLATISHEFRTPLNGIVGLSQILLDDELDDLQRNYLKTINISAVSLGYIFSDIIDLEKIDASRIELNRQPTDFPALLNDIYNFASFLAKEKNLIFSLELEPNLPNWLNLDRVRLSQILWNLISNAVKFTDQGNIILKIMRNQDCYHFIVKDTGMGISPEEQKHIFEMYYQVKESRQQSAGSGIGLAISKNLAQLMEGDLTVESERGKGATFHLTLHAQEISEKESVKKNIPSLNILLVEDVDLNIMVAKTILEKLGHHVDVATNGKQAITLFEKNVYDILLLDIKLPDMSGFEIAQYLRENYENGIYDFLPPMIAFTANVMQSEQEYLEMGMDGVLRKPISIKDLHHCLQQFFADESESIIEMNDDNELSEQFDLALIETLGKKQILENLSLFKQTMPNYLAQLSKDNMKETEDTAHKIKGAAASVGLNHLRQLADTLESAAKNSDVFNCGELIDEIGNLWLEDVEDLLKFCKF,length1,1839
1,1496223,1494681,1542,MNNLFALCQRSAVIFSIIFTVVACDKLDSPKPISPQIETQKNTQLESNRVELKRGVYSDLTLQPWQAQSEEQTQLLRDLFEGLTAYDVQSNLVPAVAENWQTEDNKTWIFTLRENAKWSNGEPITASDFVQSWQTLSQSESPLKNYLAFMNLKNAKAVLEKALPVESLGLFAENDRTLRIELDKASPYLPSMLAHVSLLPHYAKSTEIFISNGAYQLQSQAENQHILTTNPYYWAKEKVIFQQVKYQKIAADADLSDFDVVMNPKKVDQNIQDYPQLCTYFYEFNLSDPVLQKSAVRKAIVSMISTNNLVADIAHLYPNNTFLPKSMLGEQESVWEPVVAEQLFSQNQISETRPLKLRIRYDDSSLNQTIAMRLNHQLSQSDLLRVENQGMSWQELQTARTKGDFQLIRSGWCADFNDPAAFLNLFYSKSPDNKNGYKNAEFDRLFESAMTTTSEKVRLENYAKLKGIVQQEHLVLPIFQYSTPVYLAPSIMGAQVNSVGVIYSKDLWRKVQSQ,length1,1542
1,1607589,1606212,1377,MFENLSDRLSKTLRNITGKGRLTEDNIKETLREVRMALLEADVALPVVREFIAKVKESALGEEVNKSLTPGQEFLKIVQRELEKAMGEANESLNLATQPPAVILMAGLQGAGKTTSVGKLAKFLRERHKKKVLVVSADVYRPAAIKQLETLAQSVGVDFFPSDVKQNPVDIAKEALADAKLKFYDVLIVDTAGRLHVDTEMMDEIKQVHAALNPIETLFTVDAMTGQDAANTAKAFNEALPLTGVILTKVDGDARGGAALSIRQITGKPIKFLGVGEKTEALEPFHPDRVASRILGMGDVLSLIEDLERSVDREKAEKMAQKFKKGDDFTLDDFREQLIEMKKMGGMMSMLEKLPGAKNLPEHVKNQVDDKMFVKMEAIINSMTLKERANPDIIKGSRRRRIALGSGTQVQDVNKLLKQFDEMQRMMKKMRKGGMAKMMRGMQGLMGGGLGGLGGMFKR,length1,1377
1,1644573,1643196,1377,MLKIFNTLTREKEIFKPIHENKVGMYVCGVTVYDLCHIGHGRTFVCFDVIARYLRSLGYDLTYVRNITDVDDKIIKRALENKETCDQLVDRMVQEMYKDFDALNVLRPDFEPRATHHIPEIIEIVEKLIKRGHAYVADNGDVMFDVESFKEYGKLSRQDLEQLQAGARIEINEIKKNPMDFVLWKMSKENEPSWASPWGAGRPGWHIECSAMNCKQLGEHFDIHGGGSDLMFPHHENEIAQSCCAHGGQYVNYWIHSGMIMVDKEKMSKSLGNFFTIRDVLNHYNAEAVRYFLLTAHYRSQLNYSEENLNLAQGALERLYTALRGTDQSAVVFGGENFVETFREAMDDDFNTPNALSVLFEMAREINKLKTEDAEKANGLAARLRELGAILGLLQQDPEKFLQAGSDDDEVAKIEALIKQRNEARAAKDWATADAARNELIAMGIVLEDGPNGTTWRKQ,length1,1377
1,1666971,1665210,1761,MQEQKLQENDFSTLQTFKRLWPMIKPFKAGLIASGIALVFNALADSGLIYLLKPLLDDGFGKANHSFLKIMAFVVVGMIILRGVTNFISNYCLAWVSGKVVMTMRRRLFKHLMFMPVSFFDRNSTGKLLSRITYDSEMIASSSSGSLITIVREGAYIISLLAVMFYTSWELTLVLFVIGPIIAVLITIVSKIFRKLSKNLQDSMGELTATTEQMLKGHKVVISFGGQFVEEERFNKVSNNMRRKGMKMVTADSISDPVVQIIASLALVAVLFLATTPLIAEDNLSAGSFTVVFSSMLAMMRPLKSLTNVNSQFQRGMAACQTLFAILDLEPEKDNGTYKAEPAKGALEFKNVSFAYQGKEELALNNISFSVPAGKTVALVGRSGSGKSTIANLVTRFYDIEQGEILLDGVNIQDYRLSNLRENCAVVSQQVHLFNDTIANNIAYAAQDKYSREEIIAAAKAAYALEFIEKLPQGFDTVIGENGASLSGGQRQRLAIARALLRNSPVLILDEATSALDTESERAIQSALDELKKDRTVIVIAHRLSTIENADEILVIDHGEIRERGNHKALLEQNGAYKQLYSMQFSG,length1,1761
1,1677552,1676283,1269,MLLLFLCSLFLLLFLGVPVALSMLLSASIMLYHLDMFDTQLITENFVMGTNNFPLMAIPFFMLTGEIMKHGGISERIINFATSMVGHIKGGLGYVAIISGLIFAGLSGSAVADTAALGAILIPMMISKKYDGARSTGLICAAGIISVVIPPSIPMIIYGITAGASITKLFMGGTVPGLLMVVGLWVTWKILYRNNDTSLERKQTGKERWVAFKKAFWPLLLPIIIIVGLRGGIFTPTEAGVVAAIYAGIVSIAYKGLTFSKLKDVFIGTIKTTSMVMFVAASAMISAFAITVAQIPTELVQTIKGLTDSPTILMFIIMLFLLLVGCVMDLIPAVLIFVPVLLPVLRAYNIDIAYFGIMMVINLSIGLITPPVGTVLYVGSGISKLGIGALSKGIAPFLFVYAIIMMLIVFFPEIVIVPMNWLS,length1,1269
1,1680786,1679385,1401,MKQFMDENFLLSTDTAKILYHDYAKNKPIFDYHCHLNPREVAENRQFNDLAEIWLEGDHYKWRALRTAGVPEELITGKATNYQKYLAWAKTVPLCIGNPIYHWTHLELRRPFGITNMLFNPQNAEKIWHQCNEMLQQPEFSARGIMQKMNVKLVGTTDDPIDSLQYHQAIKNDESFDIDVVPSWRPDKVFKIELPQFNDYLVQLSEIADVDIYTFADLKKALLKRLEYFDAQGCKSADHGMEIVRFSAIPDESVLNSILQKRLQNQPLLEEEVAQFSTAILVWLASEYCKRHWVMQMHIGAIRNNNSRMFALLGADSGFDSIGDRTYAYPLSRLLDAMDKENQLPKTILYCLNPRDNEMIASMIGNFQGDGIAGKIQFGSGWWFNDQKDGMERQLQQLSQLGLLSQFVGMLTDSRSFLSYTRHEYFRRILCEMIGGWVEKGEAPNDISLLGKMIEDICFNNAKNYFK,length1,1401
1,1708521,1707084,1437,MALSKNTKLVILMAIPLITFLLPAPDGLSLIAWRLLGVYIATIVGLVLKPYGEPVILLAAIAVSGVIIGNTEGAKELVKVGNMLDGYKSGTTWLIFTAFTLSSAFVITGLGKRIAYHMIGAMGSTTLRLGYVTMFLDLLLSPATPSNTARSGGIIFPIINSVVVALGSDPEKSPKKAGRYLMMNVYMVVKTTSYIFLTAMAPNALALSLMAPILGFETTWIKWFLAASVPGLLCLFLIPLICYWVSPPELKKVDNKAIAKKGLEELGPMSFREKALSVLFVIALFGWIFSNSLHINATIVAIIVMVLCIVLSIVTWDDILKSKGAWNTLVWYGGIIGMSGLLEKSGFFKWLANTLSTILQFEGHGMMALIVILTLSVSVRYLFASGGAYVAAMVPVFATVGHVTGAPTELLALGLVFANSYGGSVTHYGGGPGPIAFGAGYNDIKSWWITGAIIAFGSLIIHLTIGMAWWKLLMSLGWL,length1,1437
1,1713699,1711905,1794,MKNIRNFSIIAHIDHGKSTLSDRLIQTCGGLSDREMEAQVLDSMDLERERGITIKAQSVTLNYKAKDGETYQLNFIDTPGHVDFSYEVSRSLAACEGALLVVDAGQGVEAQTLANCYTAIEMDLEVVPILNKIDLPAADPERVAEEIEDIVGIDAMEAVRCSAKTGVGIEDVLEEIVAKIPAPEGDPNAPLQALIIDSWFDNYLGVVSLVRIKNGVLRKGDKIKVMSTGQTYNVDRLGIFTPKQEDSTVLECGEVGWVVCAIKDILGAPVGDTLTHQHNSAAEVLPGFKKVKPQVYAGLFPVSSDDYEAFRDALGKLSLNDASLFYEPETSTALGFGFRCGFLGLLHMEIIQERLEREYDLDLITTAPTVIYEVQLTNGEVVYVDSPAKLPPLNNIAEIREPIAECNMLVPQEYLGNVITLCVEKRGVQTNMVYHGNQIALTYEIPMGEVVLDFFDRLKSTSRGYASLDYGFKRFQAADMVRVDIMINSERVDALALIVHKDNSQYRGRELVEKMRELIPRQQFDIAIQAAIGNHIIARSTVKQLRKNVLAKCYGGDVSRKKKLLQKQKEGKKRMKSLGNVEVPQEAFLAILHVGKDK,length1,1794
1,1733163,1731249,1914,MAALLHDVIEDTPYTENQLKEEFGASVAEIVDGVSKLDKLKFRTRQEAQVENFRKMILAMTRDIRVVLIKLADRTHNMRTLGSLRPDKRRRIAKETLEIYCPLAHRLGIEHIKNELEDLSFQAMHPHRYEVLKKLVDVARSNRQDLIERISQEIKVRLENAGIFARVWGREKHLYKIYQKMRIKDQEFHSIMDIYAFRVIVKNVDDCYRILGQMHNLYKPRPGRVKDYIAVPKANGYQSLQTSMIGPKGVPVEVHIHTEDMEQVAEMGITAHWVYKENGKNDSTTAQIRVQRWLQSLVEIQQSVGNSFEFIENVKSEFFPKEIYVFTPKGRIVELPMGATAVDFAYAVHSDVGNTCVGVTVEHKPYPLSKALESGQTVNIITDPNAHPEVAWLNFVVTARAKTRIRHYLKQRCEEDAVKLGEVELNVALQPHNLGDFSIQQISTVLDALALSSLDELLREIGLGNQSASMIAHQFVGVPLESANTKNLEFESKILTIAPMQVGKTQFAQCCHPILGDPIVGCCTEKNTVVVHHQHCASLKNACRQSLAKWDNVQSAVNFEAELQIEILNEQNALLSLMTAISASESSLQNIWTEELENNLLLVILQVCVKDIKHLANIVHRIKGITGVVNVKRNINEL,length1,1914
1,1822323,1820985,1338,MSNLNFDFAENDFRPLAAKMRPTNLEQYFGQSHLIGEGKPLRKAIQAGHIHSMILWGPPGTGKTTLAEIIAQRINAEVERISAVTSGIKEIREAIDRAKQNRLADRKTILFVDEVHRFNKSQQDAFLPHIEDGTVIFIGATTENPSFELNNALLSRARVYVLKSLTTAEIEQVLQQAVEDPERGLGKERLILEENLLQVLAEYVNGDARLALNCLELMVDMADEMENGKKIDRTLLKEVLGERQARFDKQGDRFYDLISALHKSVRGSAPDAALYWYARILTAGGDPLYVARRLLAIASEDVGNADPRAMQVALAAWDCFTRVGAYEGERAIAQAIIYLAVAPKSNAIYTAFNTAKQQAKDLPDYDVPPHLRNAPTNLMKELGYSAEYRYAHDEPNAYAAGENYFPPELKDTQYYFPTNRGMEIQIKEKLERLREQDKSAVKKRYK,length1,1338
1,1829610,1828053,1557,MLSVLSINYRYYLMELIDFSSSVWSIVPALLAIILAIATRRVLVSLSAGIIIGSLMLSDWQIGSAFNYLVKNVVSLVYADGEINSNMNIVLFLLLLGVLTALLTVSGSNRAFAEWAQSRIKDRRGAKLLAASLVFVTFIDDYFHSLAVGAIARPVTDRFKVSRAKLAYILDSTAAPMCVMMPVSSWGAYIITLIGGLLATYSITEYTPIGAFVAMSSMNFYAIFSIIMVFFVAYFSFDIASMVRHEKLALENTEDQLEEETGKKGQVRNLILPILVLIIATVSMMIYTGAEALAADGKVFSVLGAFENTVVGTSLVVGGFCSIIISTLLIILDRQVSVPEYARSWIVGIKSMSGAIAILFFAWTINKIVGDMQTGKYLSSLVSGNIPMQFLPVILFVLGAAMAFSTGTSWGTFGIMLPIAAAMAANAAPELLLPCLSAVMAGAVCGDHCSPVSDTTILSSTGAKCNHIDHVTTQLPYAATVATATSIGYIVVGFTYSGLAGFAATAVSLIVIVFAVKKR,length1,1557
1,1870845,1869324,1521,MGILDKTIAAISPKWGAQRAKSRYVMNAYEAAMPSRTHKAKRESQGANVSTKQSAVSLREQARALDQNHDIVIGILDKMEERVIGSRGIHIEPQPMNLNGDVNETLAEQIRKKWAEWSICPEVTGQFTRPELERMLLRTWLRDGEVFIQLVRGSVAGLNHSTKIAFSLEALEPDFVPMNTLDTANLIQGVELDAWRRPKSYRVYMDNPQENNRTYGRVKSVPAENMLHLAFKKRLHQLRGVSMLHGVIIRLADLKDYEESERVAARIAAAFTMYIKKGDAALYGDNEDYSADSPERDFEIAPGAIIDDLKPGEDIGLINSNRPNVNLETFRNGQLRATAAGTRSSYSSIARDYNGTYSSQRQELVESFEGYSVLQDTFVAHISRPIYREWLKMAIVSGEIDVPVDIDPASLYNAVYSGPVMPWIDPTKEAQAWKERIKGGLATESQAVRASGSNPAEVKRRRRVEVEENRKFGLKFDTDLTNTGTTNDKTKNDSVAGGDGNERNKDE,length1,1521
1,1878027,1875837,2190,MYSSAMAGIELYAETERYLARTEAQLKATGAAVGFTSDELNDFAGSLAMNTLASVDGVRSAMSVMMTYRSVTGETFKTAIKLAQDLAEVYKTDVSSEARNLGRALESPAEAVSLLKRKGIELTETQKDLIQSFVESGEKAKAQEIILHELQKRVGGAGEAAASDTVAGALDTLGQATDELKEAFATSTGITDLYKASINKLAEAFLWLTKVMRGVDTKTHVDTLEKQIDVLEKSKKSLEEKAKSGIYGDGINDALAHTTKELEKARENLAKSRKELDAQEAESRKRQQEANEAKEKHERSERETAGASTLGKIEYKLKSRSEKLTAQYEKDKKALENLVLSEEEIRRRGFDNIDALRQSSLDKLTQSYNKELAELQKSEDKKSAVKSSSKTNDLARLDMAYADELQKITLAHQERIALIGKMAISERDAKERGFASALELRKHYLELENQAYEDAINKQKDKMRRDEYDKTEKVRSFFNDVRGSGNDPYVQNDITRENQLTKAQELYDQQLLSVQQFEEAKALIEDTYRQRKEDLDRQAVSSQLSMASSLFDGLAGLAEVAGGKQSGAYRTLFAISKSFQIAQSMLNLHAAVMKAMNDPTAVTPAQKFANMAAVAAQGAAVLQQIKSVTISGARANGGPVGGGRAYLVGERGPEIFVPGATGQITSNENLNKALGSGGGVNSVVINQTNNFDGNGADNAELARMVAAATKQQVYEVIRNESRPGGMMGGR,length1,2190
1,1885359,1882863,2496,MLSAVNSAAQARILKTRHNVVLVTWNDPKKYFKQSVEYIEDSEAIVKMGYISQTEVVAFGCTSRGQARRLGKWLLYTEQYESEVITFSCGQDGAIPIPGEVIQVSDVHRSGERRGGRVKDGSTVNRIILDAEVEITKESTISIVNEKGELEQRAITQRGKLTEIEVNPGFTSVTENSTWIIASSDIKPELYRVISIVESDDGSYTITASDYNPSKFEHIENGNELIEYDTTNNTLDTGVKNVVITDEIYRGLGGSIQTKIVVSYEPATSLTSRYQIEYREGNGNWKQMEPTTLTSVDIPNVKDGVLYQIRIKTSNVLGVWSDNPIQNYEPIGRLRPPHNVSNLRHKAIAQEGAFLIWDLSPDIDLEYYEIKKGDTYESSKSVGKIKANEFNLGFIRAGEHKYWLSAVDSSDVRSESPTAVTFNISGGQVENLVAEIVGDEVLMTWGETKNNSFSTELYEVKKDDDVLALVKSTSFKFKADFNGNKKFTVTAIDLGGNRSESAQAQLIVHRPTPVSISQQVIDNYVMLRWQSAKATLPIVYYELRKGETIENSEFITNIDGLAFPQFETVGGLYKYWIIGVDSAGNRSEPQYTLSNVAQPPDYILKYDYNSSYDGIKNGSDKIDGKLYLPVRRDTWAEHFRSNNLATPKSQINRGFPLYLQPIDESGYYEEEMDYGTVLASSKITLTPKVISSGSYDINYHIAVKENAKDNWREHDQQSVYETNFRYVKFRITVSNAQKPVVIESLNLKLDQKQKTDGGTVQANASDIKGTWVNFATEFIDASVPVLTPQSKQPLFATSDFKDEPKPKGFYVFLFDKNGNRVSGKVGWVVKGV,length1,2496
